0 0
10 0
20 0
30 0
40 0
50 0
60 0
70 0
80 0
90 0
100 0
110 0
120 0
130 0
140 0
150 0
160 0
170 0
180 0
190 0
200 0.0016
210 0.0101
220 0.0187
230 0.0273
240 0.0359
250 0.0445
260 0.0531
270 0.0617
280 0.0703
290 0.0789
300 0.0874
310 0.096
320 0.1046
330 0.1132
340 0.1218
350 0.1304
360 0.139
370 0.1476
380 0.1561
390 0.1647
400 0.1733
410 0.1819
420 0.1905
430 0.1991
440 0.2077
450 0.2163
460 0.2248
470 0.2334
480 0.242
490 0.2506
500 0.2592
510 0.2678
520 0.2764
530 0.285
540 0.2936
550 0.3021
560 0.3107
570 0.3193
580 0.3279
590 0.3365
600 0.3451
610 0.3537
620 0.3623
630 0.3708
640 0.3794
650 0.388
660 0.3966
670 0.4052
680 0.4138
690 0.4224
700 0.431
710 0.4395
720 0.4481
730 0.4567
740 0.4653
750 0.4739
760 0.4825
770 0.4911
780 0.4997
790 0.5083
800 0.5168
810 0.5254
820 0.534
830 0.5426
840 0.5512
850 0.5598
860 0.5684
870 0.577
880 0.5855
890 0.5941
900 0.6027
910 0.6113
920 0.6199
930 0.6285
940 0.6371
950 0.6457
960 0.6542
970 0.6628
980 0.6714
990 0.68
1000 0.6886
1010 0.6972
1020 0.7058
1030 0.7144
1040 0.723
1050 0.7315
1060 0.7401
1070 0.7487
1080 0.7573
1090 0.7659
1100 0.7745
1110 0.7831
1120 0.7917
1130 0.8002
1140 0.8088
1150 0.8174
1160 0.826
1170 0.8346
1180 0.8432
1190 0.8518
