0 0.489471435546875
1 0.489227294921875
2 0.4919281005859375
3 0.4898681640625
4 0.4879608154296875
5 0.490478515625
6 0.4933624267578125
7 0.488922119140625
8 0.4905853271484375
9 0.487335205078125
10 0.4912261962890625
11 0.490509033203125
12 0.48980712890625
13 0.4897918701171875
14 0.4913330078125
15 0.4892578125
16 0.491119384765625
17 0.4891510009765625
18 0.49176025390625
19 0.4887237548828125
20 0.4906005859375
21 0.490478515625
22 0.4941253662109375
23 0.489105224609375
24 0.486724853515625
25 0.4919281005859375
26 0.490753173828125
27 0.492156982421875
28 0.4886627197265625
29 0.4902191162109375
30 0.4910430908203125
31 0.4906463623046875
32 0.4891357421875
33 0.492279052734375
34 0.4883880615234375
35 0.4906768798828125
36 0.4883575439453125
37 0.488189697265625
38 0.4891815185546875
39 0.48760986328125
40 0.4917144775390625
41 0.4888916015625
42 0.486328125
43 0.4912872314453125
44 0.4888153076171875
45 0.4896392822265625
46 0.49169921875
47 0.490631103515625
48 0.48895263671875
49 0.4906158447265625
50 0.4910430908203125
51 0.4886627197265625
52 0.4915618896484375
53 0.488800048828125
54 0.48907470703125
55 0.4877166748046875
56 0.48577880859375
57 0.4917144775390625
58 0.488250732421875
59 0.4933013916015625
60 0.492431640625
61 0.490234375
62 0.49090576171875
63 0.492645263671875
