0 0 0
1 2.202449765448219 0.0
2 2.3932677408215652 0.0
3 2.711154164276471 -0.6667733477828307
4 3.0388335879318604 -0.8528981674182692
5 3.3462161053835695 -1.025786608009354
6 3.636642128066386 -1.1511628267468341
7 3.9148112073596217 -1.295546170636723
8 4.179909104509085 -1.4095430904280188
9 4.434621301945281 -1.5345010117690858
10 4.681288699456857 -1.635315765709883
11 4.9180085858420775 -1.7437913027341165
12 5.148856049703877 -1.8357272310257782
13 5.370317141679221 -1.9348380988668274
14 5.588085045375766 -2.0204815100814666
15 5.7987618239884 -2.113349690910066
16 6.000482948043977 -2.1929824031488074
17 6.202243939798603 -2.279657431721499
18 6.395916195774599 -2.355397977197191
19 6.583956532990288 -2.437898421571859
20 6.773022827538591 -2.50925112488937
21 6.957262462935842 -2.5884316096148474
22 7.126847152534163 -2.658525630997856
23 7.300204318725704 -2.7346414077707126
24 7.4622420657067385 -2.800944094484479
25 7.629842222995859 -2.8741816021443753
26 7.787850259205566 -2.94102949611402
27 7.951008248212457 -3.0092719762211555
28 8.104308565744518 -3.073425198432664
29 8.254124116689427 -3.140390279557463
30 8.412548065292652 -3.2041886590136204
31 8.546228584795754 -3.2715447357179674
32 8.690810705057393 -3.331189580987649
33 8.836565179821116 -3.3964887382151576
34 8.972375177953396 -3.4561722301807998
35 9.0976958126217 -3.5155425969805005
36 9.226651312864616 -3.576125787240177
37 9.354241871697468 -3.633404462821913
38 9.484603792289674 -3.6912220632269013
39 9.614390919770317 -3.7564725789177533
40 9.733491588350356 -3.808662672569836
41 9.855676830964445 -3.866956587191769
42 9.967950047686058 -3.923741542625169
43 10.089268496527557 -3.9772666158889955
44 10.19013703726629 -4.031965559722203
45 10.298157124244563 -4.093506061400917
46 10.407539976199544 -4.146979844993889
47 10.525570524770808 -4.199773055431973
48 10.615972983176142 -4.261686459529865
49 10.725737646771941 -4.308643738904118
50 10.815696642357418 -4.357078676886403
51 10.916305144877368 -4.411647445006512
52 11.011391355128623 -4.460726704814518
53 11.11872681204037 -4.519176067839983
54 11.213919086317516 -4.5655225419634435
55 11.297396541303955 -4.621772353882817
56 11.386805346941271 -4.667560269372116
57 11.47392804468086 -4.718487774228439
58 11.552293159320088 -4.7754546485233424
59 11.64835129236539 -4.820313310232962
60 11.732892297619516 -4.87780933842388
61 11.811198724837888 -4.9193952654304205
62 11.896554089329578 -4.9702727386493
63 11.97023456824365 -5.021249514977667
64 12.028754737308853 -5.069407043207839
65 12.117412643323956 -5.112450516189469
66 12.194148730589529 -5.166154040735258
67 12.256743164547991 -5.211528949195055
68 12.330982815020613 -5.248634017291142
69 12.407557330228292 -5.302079016139297
70 12.45212103818347 -5.354192763968083
71 12.521450397980859 -5.398919858208898
72 12.602877442424706 -5.442888557411237
73 12.679406993589355 -5.490680912889513
74 12.733141799636954 -5.541483804913815
75 12.798349583911637 -5.586728431656243
76 12.886362782926978 -5.633737111464557
77 12.913269639636491 -5.683510095085533
78 12.987130102687757 -5.725687906462303
79 13.02373756669337 -5.765045776757055
80 13.108618786890615 -5.794431174016899
81 13.152451302278196 -5.858401631021406
82 13.210913256984956 -5.899711557501761
83 13.26626833947983 -5.952695323595211
84 13.307304388633941 -5.994186999084104
85 13.364903049637423 -6.0377288075468165
86 13.414120079237833 -6.065583265091927
87 13.45982512940685 -6.124103734347697
88 13.528446481255589 -6.162121881612976
89 13.584329899703425 -6.208843546561948
90 13.617731207998547 -6.249331679817018
91 13.646139737430152 -6.289993019791913
92 13.702304022766047 -6.328712356094553
93 13.747624380332605 -6.37704671950594
94 13.782799061767005 -6.411082255752662
95 13.837974241961751 -6.459544641334998
96 13.901623045350194 -6.5011670743050605
97 13.887484495895103 -6.548079919622655
98 13.935841297910263 -6.589493043325987
99 13.978426595490497 -6.639821483675538
100 14.015416145464528 -6.675493869681957
101 14.041710966058547 -6.717904334576624
102 14.09346431776726 -6.758332906909652
103 14.133671148810313 -6.787659154352665
104 14.153298051060256 -6.837124184436139
105 14.20567470966364 -6.875309278063915
106 14.223867901679505 -6.902371889691819
107 14.275857946420961 -6.961530016817164
108 14.357091504525213 -7.011714990331367
109 14.36300672682727 -7.012055141523563
110 14.380020960081252 -7.075080039729957
111 14.44959053268876 -7.1177675179433075
112 14.432311568474569 -7.166578371206616
113 14.493912159660047 -7.20705057447399
114 14.510039629236084 -7.230699489545658
115 14.540782766998541 -7.28569169865328
116 14.56432166929387 -7.3172386315135185
117 14.565652030094238 -7.3669954413874095
118 14.578606095903709 -7.389081639104918
119 14.640094295502111 -7.447080368721741
120 14.638692060830646 -7.477514809421709
121 14.634695024998942 -7.526252379271754
122 14.642683658863184 -7.549287201842418
123 14.670938123062566 -7.586379114925051
124 14.772562768063214 -7.628322558607341
125 14.767949419024168 -7.668187591924054
126 14.85013754296156 -7.701701212102164
127 14.82584958571912 -7.758794886593561
128 14.828213495367766 -7.7797586982244535
129 14.850666235884502 -7.846738877082333
130 14.86617004563147 -7.864477606946513
131 14.85140323579836 -7.887054796458174
132 14.915807185766887 -7.947090518171849
133 14.936213085286534 -7.971407062527984
134 14.948026361769767 -8.035875936643246
135 14.973994944423284 -8.061168968379745
136 14.964625339520477 -8.079323082684034
137 15.000411244660773 -8.132578832952836
138 15.034142180248072 -8.162143610652892
139 14.997307910790585 -8.213484472783092
140 15.042247732872045 -8.2205296694544
141 15.089527831208784 -8.278349523023108
142 15.093048455152058 -8.304991328524094
143 15.106428587164856 -8.37033459659862
144 15.082886023316874 -8.368715976974041
145 15.154796680535744 -8.432212060063542
146 15.16226754301627 -8.458571004412407
147 15.196142692099121 -8.500777054186214
148 15.1542860027112 -8.519679048275888
149 15.161614362033157 -8.542342552538935
150 15.152552957386279 -8.596133358580497
151 15.24793484232225 -8.65968641389514
152 15.170149660003698 -8.671618249075216
153 15.174986137830317 -8.70416026201312
154 15.204692894568488 -8.75864495068901
155 15.225949667425382 -8.773239305449202
156 15.141978043617389 -8.809217563066706
157 15.255679319539308 -8.837954195052468
158 15.332484717849495 -8.891782457476078
159 15.270493732206814 -8.941744751943052
160 15.312034614316412 -8.92582293013833
161 15.26494363943488 -9.019719815237359
162 15.196959994200308 -9.03871380358289
163 15.286719367104885 -9.07754376319622
164 15.326710045925477 -9.112563891198509
165 15.29816194388359 -9.148703288467699
166 15.322409922984635 -9.149471891512949
167 15.387135361533243 -9.210722030918928
168 15.39158311029441 -9.19435066439316
169 15.428024164841647 -9.251759943002796
170 15.266445570925336 -9.340067603517888
171 15.451680731069034 -9.319238138499385
172 15.290127757594716 -9.36334648950347
173 15.305779192297793 -9.371086400727517
174 15.359549815988023 -9.417444745010533
175 15.39766813731167 -9.452031754005231
176 15.473727687663452 -9.472032712856205
177 15.401755427408412 -9.529731842974593
178 15.441677676071844 -9.601476156384008
179 15.387113730487416 -9.625729076842005
180 15.494418205238299 -9.625659898554385
181 15.399136183050064 -9.649132235616793
182 15.541732606529512 -9.75403705459008
183 15.45776684307419 -9.716680575640396
184 15.412468568082394 -9.807192666377192
185 15.404906738657878 -9.864202011907206
186 15.421328001852363 -9.84970311706265
187 15.54160140512254 -9.91955699429642
188 15.417667757099267 -9.923453734498672
189 15.408227018115738 -9.959007186213633
190 15.533708426749682 -10.00998528763471
191 15.400067826171213 -10.035491363564454
192 15.523258330791709 -10.04915218328329
193 15.452914351713563 -10.05039019200869
194 15.442706051374016 -10.144709053468507
195 15.42792272722587 -10.212205587175363
196 15.474862850203108 -10.18461087390027
197 15.487942332197678 -10.22897360611102
198 15.341234727380376 -10.216727121650342
199 15.516435554532046 -10.306030969845152
200 15.449902510290581 -10.348007526002007
201 15.438697861144503 -10.328996562997737
202 15.328037992579214 -10.410836125802414
203 15.42563841371316 -10.478092135776768
204 15.427834167853913 -10.443863308690451
205 15.508096494034003 -10.483705556825775
206 15.538641843841418 -10.512284473996846
207 15.419063045103414 -10.544719284418132
208 15.577910628858879 -10.564918192474314
209 15.387558118626217 -10.597154796288331
210 15.395221753766709 -10.739460194706727
211 15.380378840133709 -10.6315355502802
212 15.596946328596038 -10.69483228322536
213 15.5245852331376 -10.763047242768566
214 15.460323526550578 -10.792529598047434
215 15.540768694599143 -10.79084495003652
216 15.552737183201357 -10.84702559224817
217 15.57568924874449 -10.908342821792079
218 15.434875964759529 -10.855195210954427
219 15.592342053920499 -10.912937999473083
220 15.389630323169843 -11.06704920456479
221 15.36409521435693 -10.968345054233998
222 15.44698323714441 -11.100233743606552
223 15.426504824751538 -11.099393889753461
224 15.421127893466798 -11.14036152604853
225 15.325202914323217 -11.168954799965098
226 15.316499507364272 -11.18944448174621
227 15.341143208568939 -11.147385083374378
228 15.447921439130022 -11.233590393024105
229 15.418807017543859 -11.316410090535559
230 15.379045730263805 -11.280394276051657
231 15.484539348625017 -11.325067846510633
232 15.439015616208389 -11.39149944370719
233 15.270547206779852 -11.401745316801135
234 15.394709226894605 -11.429314726485527
235 15.399824261560596 -11.437380923249025
236 15.383003172295936 -11.537231692369089
237 15.220333736106811 -11.514414625782814
238 15.38600907923605 -11.609990422053498
239 15.387549011599411 -11.601170577889167
240 15.241992399565689 -11.646797767437647
241 15.290136111933043 -11.611519832538809
242 15.439054417434313 -11.578063417089318
243 15.307675436191563 -11.731390058707184
244 15.403093104445087 -11.776195454927834
245 15.505701536936044 -11.814699511072998
246 15.22348105419502 -11.773276265687732
247 15.234817861065029 -11.832316100542338
248 15.220984226383884 -11.909927110115486
249 15.197547946194383 -11.921559593523941
250 15.547628605140556 -11.951963773821278
251 15.279786890539231 -11.99964975438472
252 15.286878862483043 -11.957083246965095
253 15.398294264848579 -12.036321614375174
254 15.493671213729195 -12.065370326456407
255 15.451454650673401 -12.145014564616936
256 15.420589770704218 -12.210688872501605
257 15.099488414898225 -12.181952476436798
258 15.364275959111037 -12.220361438097715
259 15.247322951323847 -12.232859675848463
260 15.255457928321801 -12.245214471073119
261 15.290823902544512 -12.182478786320392
262 15.315163108554072 -12.301450762553468
263 15.399833699590188 -12.222108321426864
264 15.230258782272205 -12.308748920552677
265 15.304206527211974 -12.459126594969511
266 15.232450290039395 -12.560581672864517
267 15.18430979324834 -12.399012195328226
268 15.138950480413895 -12.449372590736992
269 15.399011634566609 -12.563153941553564
270 15.371031613976706 -12.555112019179667
271 15.148884749005589 -12.64478027892735
272 15.259516159194845 -12.759753144854454
273 15.142440998447556 -12.565764844962194
274 15.277589149059692 -12.630016156499716
275 15.298044843049327 -12.564390073844008
276 15.118900091659029 -12.763846395607638
277 15.130749581932116 -12.780999084608343
278 15.207660463208144 -12.749741379310345
279 15.15893610120013 -12.865004345570549
280 15.352812313841541 -12.734541417076748
281 15.126855360808463 -12.881085810712277
282 15.36809620515271 -12.970125619437434
283 15.11966314935065 -12.988043813085183
284 15.277191832722357 -12.923489864815915
285 14.939084397383992 -12.956562426314548
286 15.07717354533153 -12.995684367988034
287 15.118938700823422 -13.141581022263747
288 15.297074334230508 -13.107723577235772
289 15.26610612938572 -13.017659115173903
290 15.330754742365128 -13.117476282641114
291 15.084654030600595 -13.007002032848247
292 15.11855729539008 -13.244923463970071
293 15.187630953221744 -13.262299022045417
294 15.275266814698087 -13.346279378858998
295 14.857630648520367 -13.262004335728795
296 15.279827586206897 -13.323810756027084
297 15.233644393432806 -13.281803809906455
298 15.215190193992807 -13.463227379077816
299 15.208124050176442 -13.445455855077162
300 15.110402781802376 -13.504940901154553
301 15.474300498786375 -13.357263616069343
302 15.053245845210563 -13.446225867531899
303 14.977766825475056 -13.478024781691971
304 14.942718365296038 -13.735652632916588
305 15.47256106189681 -13.480228114294766
306 15.028358983226699 -13.567639123781913
307 15.21579209808465 -13.801673178015504
308 14.858232789212208 -13.58607560793427
309 15.078307966958153 -13.630347873409242
310 14.814511913912375 -13.752204407754421
311 14.84390803884459 -13.79720491519557
312 14.814377246444757 -13.814226088099646
313 14.888349976224442 -13.825600266785237
314 15.05593998577249 -13.937991883226081
315 14.979898009541042 -13.90272656925668
316 15.079357157117188 -13.964667747163695
317 14.903896984073196 -13.91711703207231
318 14.84039538259487 -13.8827004118092
319 15.226413776240875 -14.146125236266082
320 14.963070392642377 -14.071175879147479
321 15.065236947213126 -13.957314384346928
322 14.810958606453482 -14.073834477313536
323 15.084731825826948 -14.16059943317847
324 15.187843866171004 -14.09958967121426
325 15.118772618772619 -14.325614322954573
326 14.552163638476737 -14.088850127102601
327 15.069275328052962 -14.163811738951978
328 14.72843219829142 -14.295080150186347
329 15.113949552743977 -14.820847642062718
330 15.139023682136784 -14.290443223181786
331 15.1133439171123 -14.35563324328619
332 14.89280748325117 -14.436988228326053
333 14.672274767903064 -14.72423820015888
334 14.800601857909198 -14.54758347309041
335 15.136196868008948 -14.26930451185948
336 14.615815381836246 -14.472745261240322
337 14.914593356242841 -14.59323654560232
338 15.00092464170134 -14.94391227221416
339 14.766481031938692 -14.588426698060761
340 14.902018543558045 -14.648134589143675
341 15.09809185923866 -14.60408805563546
342 14.829930291194938 -14.56939635964762
343 15.030421137882163 -14.752559756328406
344 14.734869447099664 -14.604670138888888
345 14.927151297200103 -14.706230040404396
346 14.88702731092437 -14.917375873682685
347 14.798255294550422 -14.825230611234389
348 14.735370611183354 -14.835912218709318
349 14.934115325586495 -14.781235853327297
350 14.873438107402677 -15.127104167066546
351 14.897081930415263 -14.889074780172749
352 14.901503845712318 -15.021942220128748
353 14.827973160573809 -14.956433900746104
354 14.815049970605527 -14.81563904880083
355 14.604476716274604 -15.175270033947125
356 14.686505526539536 -14.830223412266756
357 14.868451831332719 -15.109197958362454
358 14.640246176799701 -14.872097777203967
359 14.518612952575216 -15.053646196789952
360 14.56449834619625 -15.144175726647438
361 14.691828896834856 -15.001958400864398
362 14.781989570798235 -15.006738787469011
363 14.586272640610105 -15.253373624599202
364 14.701195219123505 -15.244319512766456
365 15.143760862009037 -15.210737389892817
366 14.93348038877783 -15.477664148468433
367 15.011536520297065 -15.541964065961112
368 15.051532033426184 -15.370779496663584
369 14.99561989606533 -15.194762850883896
370 14.562066134209152 -15.492367199587417
371 14.418984141576649 -15.336948204438112
372 14.241360607469394 -15.554908663604316
373 14.75080600770622 -15.821989528795811
374 14.857960335502078 -15.391191780448587
375 15.110088728228721 -15.776123135054037
376 14.75683816346467 -15.667635194222687
377 14.689802054622902 -15.713213515456506
378 14.981526035401272 -15.618244416155537
379 14.428424657534247 -15.508131740017488
380 14.393320643709984 -15.667316727240493
381 14.909082668600435 -15.239234016887817
382 14.741452612931798 -15.561620866325105
383 14.624153193026826 -15.943531763383097
384 14.446535658271058 -15.592438838889594
385 14.542545180722891 -15.591034615631623
386 14.56067750938312 -15.813027511113974
387 14.405352223534042 -15.961160612291524
388 14.075369458128078 -16.099929721227536
389 14.902994011976048 -15.700934260774686
390 14.156558111741859 -15.926534289773711
391 14.809426647622933 -16.171247502927603
392 15.007354486236604 -16.19094661821261
393 14.68757186160761 -15.637551109020515
394 14.838608957795005 -16.081836839404822
395 14.527649261951971 -15.396114770570504
396 14.651873008898166 -16.561844546246167
397 14.259007250418293 -16.28168798345715
398 14.136162487234767 -16.20670693928129
399 14.384016054775115 -16.200368367426915
400 14.684089073497173 -16.432201358369955
401 14.7809902421395 -16.483496480867245
402 14.107991626646964 -16.565046098858698
403 14.40970778823817 -15.909159065350494
404 14.405589217262273 -16.266778947368422
405 14.825525874306361 -16.596829185134673
406 14.957561037964975 -16.684817902588854
407 14.699029126213592 -16.344342780629322
408 14.869002181025081 -16.027545454545454
409 14.543663112430828 -16.468047256306164
410 14.505467468562056 -16.8711524024024
411 14.539298004129387 -16.833962798602588
412 14.52180619828916 -16.547850673311927
413 14.907821627012394 -16.67916158908116
414 14.796966161026837 -16.467223714314134
415 15.14306784660767 -16.608772882024965
416 14.583664459161147 -17.068298120281703
417 14.347409404013177 -16.82977644852233
418 14.151981707317074 -16.899407974013727
419 14.320577164366373 -16.862593003007756
420 15.02457348567851 -17.34526509016305
421 14.199196787148594 -16.80575500435161
422 14.749008408694273 -16.812513769552766
423 14.478268054866964 -17.205030743432086
424 14.87546468401487 -17.05798749289369
425 14.658319039451115 -16.92786437592445
426 14.775352354761086 -16.884998827117055
427 14.63782837127846 -16.773011564786405
428 14.70118605062843 -16.96993106726884
429 14.407549935862196 -16.920864175242222
430 14.389948642699927 -16.828916262286924
431 14.412674174460776 -17.055707995660775
432 14.269105535338058 -17.287108998651167
433 14.009683794466403 -17.2217428253906
434 14.848786082966928 -17.38436802730017
435 14.535363457760313 -17.224374334398295
436 14.080712166172107 -16.852438377948584
437 14.10663698907325 -17.02531386462882
438 14.296554552912223 -17.443090556632512
439 14.101570680628273 -17.242462665539588
440 14.521646859083193 -18.060471037555697
441 13.845953569103926 -17.031775567165248
442 14.410095320623917 -17.36041651389602
443 14.126256006989951 -17.721529447115383
444 14.10999553770638 -16.60657974530018
445 15.132616487455197 -17.005226084980688
446 13.807324469325868 -17.432290459636924
447 14.01831750339213 -17.116894132161306
448 14.62218574108818 -16.89911897769664
449 14.834053794428435 -17.663947007028032
450 14.899534427836315 -17.19462480479987
451 15.137051993942453 -17.708168587532597
452 14.623553095118268 -17.186024949426837
453 14.965955284552846 -17.61553614251456
454 14.025947067981319 -17.6828839905155
455 14.81084656084656 -17.719411303666288
456 14.713870541611625 -17.907204559622407
457 14.417007358953393 -17.90510158013544
458 14.378488214575995 -17.530734632683657
459 14.211244085722237 -18.20793561669474
460 14.313916786226686 -17.38097028958255
461 13.656574394463668 -17.306132350087328
462 14.894536955886648 -17.25128453708192
463 13.806223043746149 -17.31114211680287
464 13.833994507171193 -18.29180096696213
465 14.577922077922079 -18.270126344366712
466 14.461273126371903 -18.653817798841494
467 15.314347290640393 -17.50587363742195
468 14.0765595463138 -18.123943058974632
469 14.696335078534032 -18.544066547330736
470 14.308803301237964 -17.875873937829407
471 14.67496765847348 -18.27233139794551
472 13.896008403361344 -17.964360343626655
473 13.970159611380986 -18.999763593380614
474 14.598589065255732 -18.561630809461548
475 13.409137753349365 -18.07307601788656
476 14.267724867724867 -18.287821122740247
477 14.450055289347585 -17.87270516717325
478 12.911437791323054 -17.859695407123155
479 15.002605135839225 -18.161167200196996
480 14.30105900151286 -18.421112659992396
481 14.511476664116296 -18.068066801619434
482 14.043989381873342 -17.33342005984129
483 13.726816074188562 -17.79108414666315
484 13.0708 -17.95807015186131
485 13.206674708484117 -17.22524889380531
486 13.89812108559499 -18.989351403678604
487 14.48590660496424 -18.816080683569126
488 14.468230277185501 -18.52757120808194
489 13.805779855503612 -18.48230277185501
490 13.602793539938892 -19.08162374508948
491 14.744154057771665 -19.156610664718773
492 13.84820607175713 -18.63015731671119
493 14.156395891690009 -18.256968773800455
494 13.577537593984962 -19.416369555107735
495 14.693295292439373 -17.831433998100664
496 13.99429386590585 -19.4951316839585
497 14.165225744476466 -17.624143556280586
498 14.400992555831266 -19.379107981220656
499 13.891129032258064 -18.772932330827068
500 14.249346576058548 -18.832271396590322
501 13.670546558704453 -19.732288946910355
502 13.970588235294118 -18.745253710735245
503 14.344200962052378 -19.301981919332405
504 14.197505197505198 -18.77013305322129
505 14.20414847161572 -19.256844380403457
506 14.101300108342361 -19.34263679764965
507 14.03502824858757 -18.816186295094482
508 14.916522740356937 -19.25993883792049
509 14.160068846815834 -19.113703195451873
510 14.934283942963422 -19.879515680825726
511 14.200807847663013 -18.719589743589744
512 12.970012239902081 -18.961499287023834
513 14.352692075015124 -20.510945890128045
514 14.484217171717171 -18.849119865884326
515 13.013741411617739 -18.34443266171792
516 15.294155427103403 -19.606340819022456
517 13.654785478547854 -18.13676502261469
518 14.618649517684888 -19.741065696554674
519 12.857142857142858 -18.892171995589855
520 15.390842733908427 -19.681370353784146
521 13.936726272352132 -18.825908156271417
522 14.372549019607844 -19.929213483146068
523 14.16969696969697 -19.962566844919785
524 14.002243829468961 -18.915927136851938
525 14.146955913226032 -17.904841802492808
526 13.363176895306859 -18.39423076923077
527 13.951149425287356 -19.32352213702696
528 13.159845559845559 -17.913948820873056
529 14.649027237354085 -18.920962199312715
530 14.79126213592233 -19.883986928104576
531 13.032773109243697 -19.839945280437757
532 13.910771704180064 -19.355231143552313
533 13.9531635168447 -19.00406063887385
534 13.801694915254238 -19.246222719641857
535 15.708298407376363 -19.601997146932952
536 12.92630676949443 -20.916425679583575
537 14.301310043668122 -19.213845702552067
538 15.462214411247803 -19.8904510837727
539 13.601959038290294 -20.186360964138743
540 14.97176684881603 -16.62198706643151
541 14.39622641509434 -19.8884437596302
542 13.466601178781925 -20.646787580694742
543 13.832850241545893 -19.253070458952813
544 12.751243781094526 -21.718910256410258
545 12.798816568047338 -21.475271002710027
546 12.89553752535497 -20.85912162162162
547 13.603305785123966 -20.329841162554917
548 14.982721382289418 -20.620518281860136
549 14.753410283315844 -19.902534808996787
550 13.22055427251732 -22.475574712643677
551 12.425287356321839 -20.379373177842567
552 12.548199767711964 -21.10079479768786
553 13.43231441048035 -20.05009208103131
554 13.335233751425314 -21.87248322147651
555 12.93911007025761 -19.139041633935584
556 14.264105642256903 -20.62422118380062
557 14.206161137440759 -21.840944881889765
558 13.409952606635072 -21.907171314741035
559 12.928657799274486 -19.33979797979798
560 12.596649484536082 -19.628243300723096
561 13.381286549707601 -20.206382978723404
562 13.8748370273794 -20.113791716928027
563 15.230077120822623 -19.98377703826955
564 13.470262793914246 -18.62070465419748
565 12.381727158948685 -20.772666961521452
566 15.476793248945148 -19.052028218694886
567 12.850393700787402 -20.709057639524246
568 13.700564971751412 -19.676172953081878
569 13.403903903903904 -21.843646669815776
570 13.671469740634006 -20.098353156450138
571 12.498611111111112 -20.517436380772857
572 13.7629179331307 -20.676528599605522
573 14.64756446991404 -22.332050048123197
574 14.098966026587888 -21.434108527131784
575 14.319467554076539 -20.59600614439324
576 13.822652757078986 -18.679045092838198
577 13.698461538461538 -20.63655136809499
578 14.461661341853036 -20.523510971786834
579 12.072413793103449 -20.683116883116885
580 12.220890410958905 -18.958695652173912
581 13.668376068376068 -21.132508833922262
582 12.85 -20.947546531302876
583 16.05605786618445 -22.738365493757094
584 14.376865671641792 -19.289285714285715
585 14.735725938009788 -19.415254237288135
586 14.470703125 -22.817531305903398
587 13.116504854368932 -18.68980084490042
588 13.954639175257732 -22.227050183598532
589 13.103189493433396 -22.550776583034647
590 11.49685534591195 -23.143870967741936
591 14.82318271119843 -19.393690851735016
592 15.871508379888269 -19.268979057591622
593 13.922916666666667 -20.479360852197072
594 11.952282157676349 -20.371140939597314
595 12.312 -21.57922419460881
596 12.869834710743802 -22.281767955801104
597 13.125786163522013 -21.133333333333333
598 12.215859030837004 -21.587591240875913
599 14.036016949152541 -20.48435277382646
600 13.588366890380312 -21.17012151536812
601 12.727472527472527 -23.415384615384614
602 13.432038834951456 -20.22611232676878
603 12.08130081300813 -22.350863422291994
604 14.0975 -20.92269736842105
605 14.802919708029197 -20.17963111467522
606 12.377952755905511 -21.299915754001685
607 12.627118644067796 -22.264309764309765
608 12.23 -21.273029045643153
609 14.10236220472441 -20.180017226528854
610 13.742465753424657 -24.31597222222222
611 13.849246231155778 -24.40035746201966
612 13.958115183246074 -21.948535936113576
613 13.580568720379146 -21.82871972318339
614 12.35656836461126 -23.456652360515022
615 13.938992042440319 -21.184560780834072
616 12.991935483870968 -19.30703422053232
617 15.263456090651559 -21.473837209302324
618 13.354570637119114 -22.9122468659595
619 14.163380281690142 -22.92735849056604
620 14.641242937853107 -22.970615243342515
621 14.831715210355988 -24.11824953445065
622 16.84887459807074 -21.12812812812813
623 14.279141104294478 -24.7311271975181
624 14.153374233128835 -22.283298097251585
625 15.31629392971246 -20.7468085106383
626 13.603833865814696 -22.68834080717489
627 14.83774834437086 -23.10948905109489
628 12.595541401273886 -22.697167755991284
629 13.147368421052631 -22.597345132743364
630 12.67109634551495 -20.847345132743364
631 16.92222222222222 -18.8165548098434
632 16.349090909090908 -22.501101321585903
633 14.015503875968992 -24.47320410490308
634 12.047619047619047 -23.480629539951575
635 14.737254901960783 -22.0746835443038
636 12.03448275862069 -21.34004739336493
637 12.060931899641577 -25.155067155067155
638 13.076305220883533 -21.822849807445444
639 12.33469387755102 -21.685305591677505
640 13.933823529411764 -20.14896373056995
641 13.244239631336406 -25.01688311688312
642 13.176229508196721 -26.608695652173914
643 15.806584362139917 -22.484536082474225
644 15.522267206477732 -21.38526912181303
645 11.835616438356164 -27.041208791208792
646 13.580786026200874 -26.923520923520922
647 12.02 -22.2013986013986
648 15.10204081632653 -24.31958762886598
649 15.122171945701357 -26.65402124430956
650 10.36150234741784 -18.61658841940532
651 11.027027027027026 -23.98216939078752
652 15.424242424242424 -22.839486356340288
653 13.706521739130435 -24.900161030595815
654 12.613861386138614 -22.016778523489933
655 14.971291866028707 -20.45273631840796
656 17.55851063829787 -19.88783570300158
657 13.038095238095238 -18.839080459770116
658 11.942708333333334 -21.178861788617887
659 16.968911917098445 -22.416949152542372
660 10.305732484076433 -19.19188191881919
661 14.8860103626943 -21.75874769797422
662 11.631284916201118 -25.90494296577947
663 13.75 -25.005338078291814
664 12.26086956521739 -22.84587155963303
665 15.8 -22.87575150300601
666 15.264150943396226 -20.99173553719008
667 17.07792207792208 -21.469811320754715
668 13.8375 -28.492125984251967
669 12.68235294117647 -21.92430278884462
670 15.419161676646707 -22.208333333333332
671 12.083333333333334 -19.39248434237996
672 11.10625 -20.594594594594593
673 11.816993464052288 -22.662817551963048
674 11.820359281437126 -22.982532751091703
675 14.81875 -23.25764192139738
676 11.952380952380953 -20.15456674473068
677 14.826666666666666 -21.40546218487395
678 14.233766233766234 -23.233333333333334
679 14.5 -20.632653061224488
680 12.695652173913043 -25.137554585152838
681 17.086614173228348 -23.893023255813954
682 14.835526315789474 -18.988425925925927
683 11.93288590604027 -26.239506172839505
684 11.813793103448276 -25.088669950738915
685 14.755244755244755 -23.702842377260982
686 16.659574468085108 -22.73365617433414
687 11.236641221374045 -21.14503816793893
688 13.766666666666667 -26.30749354005168
689 14.946564885496183 -18.657289002557544
690 12.125 -22.005698005698004
691 9.73728813559322 -24.224932249322492
692 13.508333333333333 -22.972677595628415
693 10.555555555555555 -28.403458213256485
694 12.14018691588785 -25.51156069364162
695 14.927272727272728 -26.194915254237287
696 12.872881355932204 -29.876923076923077
697 14.571428571428571 -22.801223241590215
698 12.876288659793815 -21.307277628032345
699 15.6 -23.75581395348837
700 17.22826086956522 -30.61904761904762
701 14.851063829787234 -25.723529411764705
702 11.157894736842104 -23.7864768683274
703 11.931034482758621 -21.016901408450703
704 14.797619047619047 -29.66887417218543
705 15.443181818181818 -19.64748201438849
706 12.34 -26.589830508474577
707 15.345794392523365 -19.068627450980394
708 9.337349397590362 -21.92929292929293
709 19.380434782608695 -23.06574394463668
710 25.408163265306122 -21.017241379310345
711 8.468354430379748 -24.59036144578313
712 14.071428571428571 -20.249084249084248
713 9.354430379746836 -18.78544061302682
714 13.886363636363637 -18.45019920318725
715 15.825 -27.374074074074073
716 15.102941176470589 -25.625954198473284
717 14.0 -25.46090534979424
718 17.96825396825397 -26.240174672489083
719 11.15625 -22.941964285714285
720 13.720588235294118 -22.642857142857142
721 7.9 -24.715555555555557
722 8.555555555555555 -21.763713080168777
723 14.026666666666667 -21.004587155963304
724 12.370967741935484 -23.349514563106798
725 9.214285714285714 -23.833333333333332
726 14.359375 -24.989690721649485
727 16.714285714285715 -24.85333333333333
728 14.676923076923076 -21.77948717948718
729 14.931506849315069 -23.014634146341464
730 15.397058823529411 -21.015544041450777
731 14.985915492957746 -27.986425339366516
732 10.017241379310345 -27.365384615384617
733 19.82456140350877 -25.195555555555554
734 14.589285714285714 -20.267015706806284
735 14.461538461538462 -27.105263157894736
736 9.0 -29.756756756756758
737 16.34 -21.883333333333333
738 9.791044776119403 -22.50526315789474
739 15.6 -20.2964824120603
740 9.8125 -24.51552795031056
741 18.7027027027027 -24.23391812865497
742 10.947368421052632 -31.61783439490446
743 9.866666666666667 -28.86549707602339
744 9.551020408163266 -19.102409638554217
745 12.58695652173913 -19.56
746 10.351851851851851 -25.968553459119498
747 7.7 -19.269461077844312
748 12.901639344262295 -30.280701754385966
749 11.295081967213115 -26.941520467836256
750 13.627450980392156 -20.651612903225807
751 14.340909090909092 -22.151724137931033
752 14.676470588235293 -23.887417218543046
753 16.67241379310345 -32.152866242038215
754 14.488888888888889 -24.804054054054053
755 12.48076923076923 -28.14814814814815
756 12.76923076923077 -19.88095238095238
757 18.056603773584907 -21.517006802721088
758 8.116279069767442 -26.4375
759 12.25 -23.893333333333334
760 12.605263157894736 -22.548387096774192
761 15.787234042553191 -20.926470588235293
762 12.14 -33.39310344827586
763 8.46 -20.637037037037036
764 6.305084745762712 -27.45398773006135
765 13.555555555555555 -29.266233766233768
766 22.05 -20.94078947368421
767 13.487179487179487 -17.773333333333333
768 24.82857142857143 -16.488
769 10.81578947368421 -12.719298245614034
770 13.135135135135135 -13.2
771 11.23404255319149 -24.71527777777778
772 16.178571428571427 -24.041322314049587
773 7.225806451612903 -26.821428571428573
774 9.5 -21.49019607843137
775 10.902439024390244 -24.336734693877553
776 16.766666666666666 -13.448598130841122
777 9.06060606060606 -22.15748031496063
778 13.72 -18.322916666666668
779 14.552631578947368 -19.196581196581196
780 12.793103448275861 -33.18
781 11.428571428571429 -23.58252427184466
782 15.096774193548388 -25.833333333333332
783 17.903225806451612 -28.795454545454547
784 8.266666666666667 -37.23863636363637
785 7.647058823529412 -38.97826086956522
786 12.642857142857142 -19.247191011235955
787 6.586206896551724 -33.495327102803735
788 7.82051282051282 -28.484536082474225
789 10.333333333333334 -18.541284403669724
790 13.657142857142857 -13.049504950495049
791 20.434782608695652 -31.5
792 12.26923076923077 -15.585106382978724
793 12.26923076923077 -18.876404494382022
794 14.0 -25.872340425531913
795 13.451612903225806 -20.82758620689655
796 9.0 -22.876712328767123
797 14.73913043478261 -26.454545454545453
798 12.666666666666666 -21.8
799 16.416666666666668 -19.855263157894736
800 13.862068965517242 -28.37142857142857
801 15.521739130434783 -34.075
802 6.409090909090909 -22.6
803 11.35 -25.962962962962962
804 8.214285714285714 -32.84615384615385
805 12.72 -15.425
806 41.94444444444444 -31.73076923076923
807 7.48 -34.231884057971016
808 7.863636363636363 -20.645569620253166
809 13.35 -18.75294117647059
810 8.5 -18.796875
811 16.32 -28.676470588235293
812 14.074074074074074 -42.107142857142854
813 15.6 -16.28813559322034
814 8.642857142857142 -45.720588235294116
815 17.941176470588236 -23.545454545454547
816 17.61111111111111 -17.857142857142858
817 10.928571428571429 -29.235294117647058
818 18.476190476190474 -31.82857142857143
819 7.538461538461538 -27.493333333333332
820 6.25 -20.982758620689655
821 7.222222222222222 -13.052631578947368
822 9.35 -16.56
823 15.0 -23.596491228070175
824 12.714285714285714 -25.271186440677965
825 12.538461538461538 -8.592592592592593
826 19.714285714285715 -16.377777777777776
827 12.578947368421053 -36.66
828 18.25 -28.07547169811321
829 23.764705882352942 -10.94
830 19.88888888888889 -42.51428571428571
831 5.0 -10.595238095238095
832 13.0 -16.069767441860463
833 19.0 -17.441860465116278
834 8.826086956521738 -49.39655172413793
835 8.647058823529411 -40.90769230769231
836 6.785714285714286 -33.11666666666667
837 12.222222222222221 -40.59090909090909
838 19.304347826086957 -21.354166666666668
839 13.153846153846153 -21.640625
840 26.307692307692307 -7.7727272727272725
841 8.555555555555555 -5.075
842 7.352941176470588 -13.755555555555556
843 7.181818181818182 -50.89795918367347
844 8.333333333333334 -41.02325581395349
845 11.421052631578947 -22.365853658536587
846 12.0 -27.470588235294116
847 11.2 -47.86206896551724
848 21.692307692307693 -5.931818181818182
849 10.0625 -22.435897435897434
850 16.846153846153847 -29.933333333333334
851 21.8 -31.79310344827586
852 6.384615384615385 -21.625
853 28.25 -35.766666666666666
854 7.230769230769231 -32.18181818181818
855 20.0 -30.958333333333332
856 12.266666666666667 -12.73076923076923
857 9.153846153846153 -14.25
858 16.625 -13.8
859 16.083333333333332 -14.515151515151516
860 7.25 -38.0
861 6.875 -30.61111111111111
862 10.1 -43.63636363636363
863 8.375 -42.78378378378378
864 33.22222222222222 -23.263157894736842
865 16.4 -28.28125
866 5.4 -31.964285714285715
867 2.4 -21.8
868 20.77777777777778 -12.3
869 7.375 -32.833333333333336
870 8.25 -18.323529411764707
871 15.0 -59.68181818181818
872 21.90909090909091 -30.36842105263158
873 12.3 -44.392857142857146
874 7.428571428571429 -16.517241379310345
875 14.333333333333334 -32.78125
876 16.6 -41.34615384615385
877 9.4 -53.06896551724138
878 8.285714285714286 -37.074074074074076
879 4.2 -28.586206896551722
880 15.0 -42.470588235294116
881 8.125 -27.037037037037038
882 6.2 -22.818181818181817
883 32.75 -54.18181818181818
884 13.25 -5.631578947368421
885 13.444444444444445 -35.0
886 13.818181818181818 -17.761904761904763
887 10.166666666666666 -12.619047619047619
888 3.7142857142857144 -42.72727272727273
889 9.5 -9.0
890 5.666666666666667 -5.37037037037037
891 3.5 -51.92857142857143
892 10.875 -9.133333333333333
893 20.666666666666668 -37.19047619047619
894 24.0 -28.866666666666667
895 6.6 -10.0
896 10.0 -5.071428571428571
897 12.0 -60.46666666666667
898 6.333333333333333 -45.55
899 30.5 -13.4
900 5.714285714285714 -85.33333333333333
901 13.333333333333334 -21.647058823529413
902 4.25 -2.75
903 22.25 -13.5625
904 6.8 -42.57142857142857
905 34.2 -33.705882352941174
906 3.3333333333333335 -66.5
907 12.333333333333334 -20.095238095238095
908 21.2 -15.0
909 5.666666666666667 -35.13636363636363
910 2.6666666666666665 -4.0
911 13.25 -7.928571428571429
912 3.0 -31.11111111111111
913 12.5 -16.352941176470587
914 4.5 -56.0
915 6.0 -2.25
916 5.0 -72.4
917 30.0 -54.5
918 35.166666666666664 -14.875
919 9.4 -43.25
920 11.428571428571429 -1.7692307692307692
921 3.0 -32.5
922 25.6 -116.0909090909091
923 38.0 -21.15
924 10.0 -21.88235294117647
925 4.5 -7.266666666666667
926 3.0 -43.21052631578947
927 3.0 -5.846153846153846
928 23.666666666666668 -13.777777777777779
929 41.0 -3.3
930 7.333333333333333 -77.75
931 7.0 -36.125
932 11.5 -94.25
933 7.0 -68.25
934 5.6 -11.466666666666667
935 14.0 -16.6
936 2.0 -6.666666666666667
937 2.3333333333333335 -63.4
938 29.0 -9.277777777777779
939 12.166666666666666 -1.1111111111111112
940 5.666666666666667 -61.7
941 2.75 -22.428571428571427
942 0 -5.0
943 12.75 -87.5
944 30.75 -30.0
945 54.0 -19.77777777777778
946 34.666666666666664 -7.333333333333333
947 9.0 -9.5
948 4.0 -97.6
949 22.5 -18.142857142857142
950 3.0 -11.0
951 6.5 -12.777777777777779
952 2.0 0.0
953 6.333333333333333 -1.75
954 9.25 -93.6
955 9.0 -1.5
956 2.0 -114.16666666666667
957 17.5 -35.333333333333336
958 6.833333333333333 -38.3
959 68.0 -47.0
960 0 -36.333333333333336
961 16.0 -2.3333333333333335
962 2.5 -4.0
963 4.0 -54.75
964 2.0 -2.8
965 40.0 -2.0
966 2.0 -36.333333333333336
967 34.0 -58.666666666666664
968 14.0 -44.57142857142857
969 3.5 -59.8
970 4.75 -29.11111111111111
971 4.333333333333333 0.0
972 6.0 -43.2
973 3.0 -1.0
974 2.0 -11.333333333333334
975 22.5 -73.375
976 5.333333333333333 -3.8
977 0 -0.75
978 4.0 -1.8
979 8.0 -78.4
980 57.333333333333336 -11.0
981 4.5 -11.6
982 8.0 -14.857142857142858
983 10.285714285714286 -17.25
984 2.0 -14.444444444444445
985 3.0 -10.0
986 10.0 -14.285714285714286
987 3.0 -204.5
988 13.6 -28.0
989 2.0 -40.125
990 0 -1.3333333333333333
991 39.5 -2.6666666666666665
992 37.0 -4.75
993 62.4 -85.0
994 13.333333333333334 0.0
995 2.5 -20.5
996 2.0 -4.5
997 3.0 -0.4
998 2.0 -1.4
999 9.0 -21.75
1000 0 -53.22222222222222
1001 4.0 -26.444444444444443
1002 2.5 -1.6
1003 0 -32.333333333333336
1004 4.0 -103.625
1005 0 -2.5
1006 0 -139.0
1007 15.0 -3.6
1008 7.0 -1.1666666666666667
1009 0 -14.0
1010 0 -13.0
1011 0 -1.0
1012 2.0 -3.25
1013 0 -8.285714285714286
1014 0 -36.5
1015 0 -12.833333333333334
1016 0 -1.6666666666666667
1017 2.0 -1.0
1018 0 0.0
1019 0 0.0
1020 0 -62.5
1021 0 0.0
1022 0 -42.5
1023 3.0 0.0
1024 3.0 -3.6666666666666665
1025 0 -40.0
1026 0 0.0
1027 2.0 -3.0
1028 0 -115.5
1029 2.0 0.0
1030 0 -38.0
1031 16.5 0.0
1032 0 -112.5
1033 3.0 0.0
1034 0 0
1035 0 -20.0
1036 6.0 -1.6666666666666667
1037 2.0 0
1038 11.25 0.0
1039 0 -69.5
1040 2.0 -77.0
1041 11.0 0.0
1042 0 -46.666666666666664
1043 0 -7.0
1044 10.5 -60.666666666666664
1045 0 -1.25
1046 0 -4.0
1047 3.0 0.0
1048 87.0 -12.0
1049 0 0.0
1050 2.0 -166.5
1051 0 -5.0
1052 0 -110.0
1053 0 0
1054 2.0 -3.0
1055 15.0 -4.0
1056 3.0 -3.6666666666666665
1057 0 0.0
1058 22.0 -40.5
1059 6.0 -3.5
1060 0 -3.0
1061 0 -154.0
1062 0 -1.0
1063 0 -81.0
1064 0 -118.0
1065 0 0.0
1066 0 0.0
1067 8.0 0.0
1069 15.0 0
1070 0 -89.0
1071 2.0 0
1072 2.0 0
1073 0 -1.0
1074 101.0 -5.0
1075 8.0 0.0
1076 2.0 0.0
1077 0 0.0
1078 0 0.0
1079 0 0
1080 0 -69.5
1081 0 0.0
1082 0 0.0
1083 0 0.0
1084 2.0 -11.0
1086 0 0
1087 0 0
1088 38.0 0
1092 0 -177.0
1093 0 -37.0
1098 0 -173.0
1107 0 -185.0
1108 0 0.0
1109 0 0.0
1110 0 0.0
1112 17.0 0
1113 0 -1.5
1114 0 0.0
1115 0 -2.0
1119 8.0 0
1120 0 0.0
1121 0 0
1122 0 0
1123 0 0
1124 0 0
1125 0 0
1126 0 -77.0
1127 3.0 0
1129 0 0
1130 0 -9.0
1131 4.0 0
1132 4.5 0
1133 0 -47.5
1134 0 -2.0
1135 0 -11.5
1138 0 0
1139 0 0.0
1140 8.0 0
1142 3.0 0
1144 0 0
1145 4.0 0.0
1148 0 -249.0
1149 0 0
1150 0 -565.0
1175 0 0
1176 0 0
1177 0 -273.0
1242 0 -458.0
1243 0 0.0
1249 0 0
1250 0 0.0
1251 0 -4.5
1270 65.0 0
1274 0 -4.0
1333 0 -587.0
1335 0 0
1336 0 -3.0
