1 138874
2 35291
3 22206
4 15148
5 10986
6 8258
7 6631
8 5187
9 4367
10 3941
11 3277
12 2885
13 2629
14 2273
15 2051
16 1737
17 1662
18 1452
19 1341
20 1194
21 1152
22 1044
23 969
24 968
25 847
26 761
27 759
28 647
29 632
30 617
31 572
32 510
33 518
34 487
35 470
36 436
37 433
38 372
39 380
40 329
41 362
42 315
43 291
44 265
45 281
46 285
47 253
48 242
49 211
50 204
51 212
52 216
53 215
54 180
55 183
56 159
57 171
58 166
59 159
60 167
61 148
62 145
63 133
64 126
65 144
66 132
67 128
68 111
69 130
70 115
71 98
72 114
73 102
74 105
75 94
76 89
77 73
78 81
79 76
80 85
81 88
82 71
83 74
84 73
85 73
86 78
87 64
88 59
89 57
90 50
91 53
92 55
93 55
94 60
95 57
96 51
97 50
98 49
99 56
100 41
101 30
102 50
103 39
104 41
105 39
106 44
107 38
108 47
109 36
110 30
111 41
112 30
113 34
114 42
115 43
116 25
117 37
118 36
119 27
120 35
121 29
122 30
123 24
124 21
125 24
126 25
127 20
128 19
129 15
130 17
131 19
132 27
133 31
134 31
135 19
136 24
137 11
138 12
139 12
140 15
141 11
142 19
143 18
144 13
145 13
146 14
147 11
148 17
149 11
150 24
151 12
152 15
153 10
154 4
155 8
156 10
157 12
158 8
159 12
160 6
161 19
162 12
163 11
164 6
165 13
166 10
167 6
168 6
169 11
170 12
171 8
172 11
173 5
174 7
175 9
176 5
177 10
178 11
179 12
180 7
181 5
182 5
183 6
184 2
185 7
186 10
187 12
188 7
189 4
190 6
191 3
192 8
193 4
194 6
195 6
196 6
197 3
198 6
199 5
200 3
201 6
202 3
203 6
204 4
205 7
206 3
207 6
208 1
209 3
210 2
211 3
212 2
213 5
214 3
215 5
216 4
217 2
218 1
219 3
220 5
221 3
222 1
223 7
224 5
225 5
226 3
227 3
228 6
229 2
230 1
231 4
232 4
233 1
234 2
235 4
236 5
237 2
238 3
239 2
240 1
241 1
242 3
243 4
244 4
245 3
246 0
247 0
248 5
249 2
250 4
251 0
252 3
253 0
254 2
255 3
256 2
257 1
258 4
259 0
260 1
261 2
262 2
263 1
264 1
265 4
266 2
267 1
268 1
269 3
270 1
271 1
272 1
273 2
274 0
275 1
276 0
277 1
278 2
279 1
280 0
281 0
282 0
283 1
284 2
285 0
286 3
287 1
288 0
289 0
290 1
291 0
292 0
293 1
294 1
295 1
296 4
297 0
298 2
299 1
300 2
301 0
302 0
303 1
304 0
305 2
306 0
307 0
308 0
309 2
310 0
311 0
312 1
313 1
314 2
315 1
316 0
317 0
318 0
319 2
320 0
321 0
322 0
323 0
324 1
325 1
326 0
327 0
328 0
329 0
330 0
331 0
332 0
333 1
334 1
335 1
336 0
337 1
338 1
339 0
340 1
341 0
342 0
343 0
344 0
345 0
346 0
347 0
348 0
349 0
350 0
351 0
352 1
353 0
354 1
355 1
356 0
357 1
358 0
359 1
360 1
361 1
362 0
363 0
364 1
365 0
366 0
367 0
368 0
369 1
370 0
371 0
372 1
373 0
374 0
375 0
376 0
377 0
378 0
379 0
380 0
381 1
382 0
383 0
384 0
385 0
386 0
387 0
388 1
389 0
390 0
391 0
392 0
393 0
394 0
395 0
396 0
397 0
398 0
399 0
400 1
401 1
402 0
403 0
404 0
405 0
406 1
407 0
408 0
409 0
410 0
411 0
412 0
413 0
414 0
415 0
416 0
417 0
418 0
419 0
420 0
421 0
422 0
423 0
424 1
425 0
426 0
427 0
428 0
429 0
430 0
431 0
432 0
433 0
434 0
435 0
436 0
437 0
438 0
439 0
440 0
441 0
442 0
443 0
444 0
445 0
446 0
447 0
448 0
449 0
450 0
451 0
452 0
453 0
454 0
455 0
456 0
457 0
458 0
459 0
460 0
461 0
462 0
463 0
464 0
465 0
466 0
467 0
468 0
469 0
470 0
471 0
472 0
473 0
474 0
475 0
476 0
477 0
478 0
479 0
480 0
481 0
482 0
483 0
484 1
485 0
486 0
487 0
488 0
489 0
490 0
491 0
492 0
493 0
494 0
495 0
496 0
497 0
498 0
499 0
500 0
501 0
502 0
503 0
504 1
