-587 1
-586 0
-585 0
-584 0
-583 0
-582 0
-581 0
-580 0
-579 0
-578 0
-577 0
-576 0
-575 0
-574 0
-573 0
-572 0
-571 0
-570 0
-569 0
-568 0
-567 0
-566 0
-565 1
-564 0
-563 0
-562 0
-561 0
-560 0
-559 0
-558 0
-557 0
-556 0
-555 0
-554 0
-553 0
-552 0
-551 0
-550 0
-549 0
-548 0
-547 0
-546 0
-545 0
-544 0
-543 0
-542 0
-541 0
-540 0
-539 0
-538 0
-537 0
-536 0
-535 0
-534 0
-533 0
-532 0
-531 0
-530 0
-529 0
-528 0
-527 0
-526 0
-525 0
-524 0
-523 0
-522 0
-521 0
-520 0
-519 0
-518 0
-517 0
-516 0
-515 0
-514 0
-513 0
-512 0
-511 0
-510 0
-509 0
-508 0
-507 0
-506 0
-505 0
-504 0
-503 0
-502 0
-501 0
-500 0
-499 0
-498 0
-497 0
-496 0
-495 0
-494 0
-493 0
-492 0
-491 0
-490 0
-489 0
-488 0
-487 0
-486 0
-485 0
-484 0
-483 0
-482 0
-481 1
-480 0
-479 0
-478 0
-477 0
-476 0
-475 0
-474 0
-473 0
-472 0
-471 0
-470 0
-469 0
-468 0
-467 0
-466 0
-465 0
-464 0
-463 1
-462 1
-461 0
-460 0
-459 0
-458 1
-457 0
-456 0
-455 0
-454 0
-453 1
-452 0
-451 0
-450 0
-449 0
-448 0
-447 0
-446 0
-445 0
-444 0
-443 0
-442 0
-441 0
-440 1
-439 0
-438 2
-437 1
-436 0
-435 0
-434 0
-433 0
-432 0
-431 0
-430 0
-429 0
-428 0
-427 0
-426 1
-425 1
-424 0
-423 1
-422 0
-421 0
-420 2
-419 0
-418 0
-417 3
-416 3
-415 2
-414 0
-413 1
-412 2
-411 1
-410 0
-409 2
-408 1
-407 0
-406 1
-405 1
-404 1
-403 1
-402 0
-401 3
-400 0
-399 3
-398 1
-397 0
-396 3
-395 1
-394 2
-393 2
-392 4
-391 2
-390 0
-389 1
-388 1
-387 2
-386 2
-385 2
-384 0
-383 3
-382 1
-381 4
-380 1
-379 2
-378 1
-377 2
-376 4
-375 1
-374 0
-373 3
-372 2
-371 2
-370 4
-369 4
-368 4
-367 5
-366 1
-365 7
-364 4
-363 4
-362 1
-361 5
-360 2
-359 9
-358 6
-357 5
-356 2
-355 1
-354 7
-353 3
-352 4
-351 4
-350 9
-349 2
-348 14
-347 6
-346 7
-345 5
-344 13
-343 2
-342 5
-341 5
-340 3
-339 8
-338 7
-337 5
-336 5
-335 6
-334 12
-333 10
-332 5
-331 9
-330 6
-329 5
-328 11
-327 9
-326 14
-325 10
-324 9
-323 14
-322 13
-321 12
-320 16
-319 14
-318 17
-317 15
-316 13
-315 12
-314 11
-313 15
-312 15
-311 19
-310 18
-309 17
-308 25
-307 21
-306 28
-305 20
-304 29
-303 25
-302 35
-301 38
-300 19
-299 31
-298 30
-297 34
-296 33
-295 30
-294 38
-293 36
-292 38
-291 39
-290 50
-289 41
-288 46
-287 43
-286 49
-285 55
-284 39
-283 51
-282 63
-281 62
-280 53
-279 55
-278 52
-277 63
-276 61
-275 75
-274 59
-273 73
-272 74
-271 73
-270 89
-269 79
-268 87
-267 100
-266 64
-265 106
-264 105
-263 101
-262 125
-261 102
-260 103
-259 116
-258 111
-257 126
-256 131
-255 132
-254 121
-253 119
-252 156
-251 133
-250 155
-249 144
-248 163
-247 161
-246 170
-245 184
-244 198
-243 212
-242 218
-241 216
-240 227
-239 202
-238 229
-237 230
-236 273
-235 269
-234 240
-233 261
-232 287
-231 287
-230 294
-229 322
-228 303
-227 370
-226 334
-225 320
-224 352
-223 383
-222 400
-221 414
-220 395
-219 455
-218 436
-217 455
-216 478
-215 482
-214 480
-213 557
-212 538
-211 604
-210 573
-209 599
-208 613
-207 676
-206 690
-205 701
-204 739
-203 760
-202 860
-201 852
-200 883
-199 878
-198 902
-197 905
-196 978
-195 991
-194 1024
-193 1088
-192 1123
-191 1146
-190 1200
-189 1208
-188 1297
-187 1378
-186 1265
-185 1476
-184 1528
-183 1504
-182 1553
-181 1720
-180 1727
-179 1732
-178 1814
-177 1899
-176 1927
-175 2033
-174 2131
-173 2166
-172 2337
-171 2334
-170 2398
-169 2569
-168 2615
-167 2586
-166 2806
-165 2957
-164 3055
-163 3128
-162 3286
-161 3391
-160 3513
-159 3665
-158 3755
-157 3970
-156 4151
-155 4278
-154 4253
-153 4651
-152 4690
-151 4937
-150 5074
-149 5341
-148 5459
-147 5622
-146 5937
-145 6222
-144 6414
-143 6621
-142 6806
-141 7220
-140 7443
-139 7682
-138 7975
-137 8246
-136 8635
-135 9010
-134 9186
-133 9501
-132 9977
-131 10334
-130 10826
-129 11107
-128 11632
-127 12019
-126 12658
-125 12950
-124 13494
-123 14315
-122 14615
-121 15387
-120 16140
-119 16638
-118 17384
-117 17838
-116 18469
-115 19619
-114 20205
-113 21110
-112 21866
-111 22913
-110 24029
-109 24644
-108 26018
-107 27153
-106 28126
-105 29268
-104 30259
-103 32114
-102 33256
-101 34398
-100 35981
-99 37393
-98 38784
-97 40999
-96 42328
-95 44273
-94 46011
-93 48228
-92 50724
-91 52376
-90 55196
-89 57101
-88 59830
-87 62591
-86 65434
-85 68250
-84 71486
-83 74746
-82 77858
-81 81179
-80 85029
-79 88639
-78 92867
-77 97187
-76 102027
-75 106103
-74 111914
-73 117289
-72 123094
-71 128785
-70 134873
-69 142095
-68 148333
-67 155739
-66 163391
-65 171091
-64 180263
-63 189232
-62 198461
-61 209936
-60 219521
-59 231240
-58 243289
-57 256509
-56 270687
-55 283986
-54 301250
-53 316124
-52 334285
-51 352672
-50 372185
-49 393247
-48 415679
-47 440916
-46 466461
-45 494445
-44 523903
-43 556456
-42 589321
-41 627910
-40 668542
-39 710541
-38 755440
-37 806130
-36 860904
-35 918927
-34 984030
-33 1053020
-32 1128596
-31 1213619
-30 1304937
-29 1403399
-28 1515785
-27 1636681
-26 1773415
-25 1924958
-24 2089405
-23 2275850
-22 2491139
-21 2728144
-20 2998716
-19 3305363
-18 3663521
-17 4072098
-16 4553970
-15 5116997
-14 5783981
-13 6591305
-12 7558704
-11 8775658
-10 10288159
-9 12255094
-8 14839202
-7 18396676
-6 23519714
-5 31280756
-4 44478625
-3 71957137
-2 137888097
-1 590151868
0 0
1 590142541
2 137885690
3 71955798
4 44489517
5 31276908
6 23522107
7 18399717
8 14837891
9 12253616
10 10297422
11 8772097
12 7560779
13 6587605
14 5784125
15 5115531
16 4555148
17 4076016
18 3664054
19 3306371
20 2998952
21 2729087
22 2489425
23 2276846
24 2088519
25 1921827
26 1772373
27 1637661
28 1516327
29 1402836
30 1305333
31 1210724
32 1129994
33 1052488
34 984448
35 919347
36 860948
37 807011
38 754380
39 709374
40 666994
41 627367
42 591978
43 556410
44 524232
45 494592
46 466001
47 440079
48 416954
49 393210
50 372628
51 353736
52 333905
53 316163
54 299290
55 284069
56 269245
57 257202
58 243577
59 232581
60 220263
61 208517
62 198734
63 188761
64 180360
65 172175
66 163873
67 155453
68 148669
69 141564
70 134832
71 128957
72 122727
73 117220
74 111787
75 106849
76 102008
77 97182
78 92973
79 89237
80 85015
81 80900
82 77889
83 74267
84 70627
85 67898
86 65285
87 62300
88 59896
89 57527
90 54498
91 52410
92 50305
93 47919
94 45966
95 44239
96 42810
97 40606
98 39339
99 37113
100 35788
101 34447
102 33121
103 31946
104 30623
105 29236
106 28085
107 26813
108 25945
109 24931
110 23945
111 22737
112 22141
113 21062
114 20169
115 19756
116 18781
117 17837
118 17246
119 16702
120 16063
121 15445
122 14732
123 14217
124 13940
125 13054
126 12526
127 12276
128 11696
129 11129
130 10874
131 10406
132 10081
133 9676
134 9294
135 8785
136 8608
137 8325
138 8044
139 7805
140 7489
141 6998
142 6902
143 6576
144 6372
145 6044
146 5936
147 5622
148 5478
149 5250
150 5038
151 4836
152 4697
153 4543
154 4410
155 4237
156 3994
157 4033
158 3779
159 3712
160 3433
161 3396
162 3197
163 3234
164 2965
165 2926
166 2845
167 2646
168 2581
169 2577
170 2529
171 2357
172 2238
173 2121
174 2098
175 2018
176 1999
177 1954
178 1833
179 1715
180 1756
181 1691
182 1607
183 1533
184 1415
185 1434
186 1404
187 1313
188 1335
189 1272
190 1211
191 1171
192 1145
193 1038
194 1134
195 1057
196 1042
197 936
198 878
199 833
200 830
201 789
202 754
203 758
204 779
205 701
206 681
207 630
208 633
209 628
210 597
211 589
212 567
213 560
214 523
215 515
216 498
217 445
218 451
219 447
220 352
221 422
222 341
223 366
224 377
225 322
226 326
227 335
228 276
229 315
230 283
231 283
232 284
233 263
234 279
235 253
236 224
237 224
238 225
239 233
240 223
241 209
242 204
243 208
244 180
245 169
246 182
247 170
248 173
249 163
250 148
251 127
252 124
253 140
254 130
255 123
256 103
257 129
258 117
259 101
260 113
261 92
262 109
263 99
264 88
265 94
266 85
267 99
268 76
269 74
270 83
271 61
272 57
273 75
274 58
275 68
276 58
277 63
278 71
279 58
280 49
281 58
282 57
283 54
284 59
285 53
286 45
287 43
288 48
289 45
290 43
291 40
292 32
293 45
294 24
295 25
296 32
297 25
298 34
299 32
300 24
301 27
302 20
303 31
304 24
305 14
306 36
307 23
308 13
309 28
310 28
311 17
312 25
313 16
314 22
315 21
316 18
317 16
318 14
319 18
320 13
321 7
322 13
323 13
324 11
325 20
326 12
327 14
328 9
329 9
330 12
331 14
332 9
333 10
334 10
335 9
336 6
337 6
338 14
339 7
340 4
341 7
342 3
343 11
344 4
345 6
346 4
347 7
348 6
349 6
350 3
351 0
352 3
353 9
354 4
355 5
356 2
357 4
358 4
359 9
360 3
361 4
362 6
363 3
364 2
365 7
366 3
367 4
368 2
369 3
370 4
371 7
372 3
373 3
374 2
375 1
376 1
377 3
378 1
379 2
380 3
381 0
382 3
383 4
384 0
385 3
386 1
387 2
388 2
389 2
390 0
391 0
392 1
393 5
394 0
395 3
396 2
397 3
398 0
399 0
400 1
401 0
402 1
403 3
404 0
405 1
406 1
407 1
408 1
409 1
410 4
411 1
412 2
413 1
414 1
415 1
416 1
417 1
418 1
419 0
420 0
421 1
422 1
423 1
424 0
425 2
426 1
427 0
428 0
429 0
430 0
431 2
432 0
433 1
434 1
435 0
436 0
437 2
438 0
439 0
440 0
441 0
442 0
443 0
444 0
445 1
446 0
447 0
448 0
449 0
450 1
451 0
452 0
453 0
454 1
455 2
456 0
457 0
458 0
459 0
460 0
461 0
462 0
463 0
464 2
465 0
466 0
467 0
468 0
469 2
470 0
471 0
472 0
473 0
474 0
475 1
476 0
477 0
478 0
479 0
480 0
481 0
482 0
483 0
484 0
485 0
486 0
487 0
488 0
489 0
490 0
491 0
492 0
493 0
494 0
495 0
496 0
497 0
498 0
499 0
500 0
501 0
502 0
503 0
504 0
505 0
506 0
507 0
508 0
509 0
510 0
511 0
512 0
513 0
514 0
515 0
516 0
517 0
518 0
519 0
520 0
521 0
522 0
523 0
524 0
525 0
526 0
527 0
528 0
529 0
530 0
531 0
532 0
533 0
534 0
535 0
536 0
537 0
538 0
539 0
540 0
541 0
542 0
543 1
544 0
545 0
546 0
547 0
548 0
549 0
550 0
551 0
552 0
553 0
554 0
555 0
556 0
557 0
558 0
559 0
560 0
561 0
562 0
563 0
564 0
565 0
566 1
