0 1.0 0.0
1 0.4316 0.5684
2 0.4745 0.5255
3 0.4578 0.5422
4 0.4499 0.5501
5 0.4449 0.5551
6 0.442 0.558
7 0.4402 0.5598
8 0.4388 0.5612
9 0.4382 0.5618
10 0.4377 0.5623
11 0.4374 0.5626
12 0.4375 0.5625
13 0.4378 0.5622
14 0.4379 0.5621
15 0.4385 0.5615
16 0.4388 0.5612
17 0.4392 0.5608
18 0.44 0.56
19 0.4404 0.5596
20 0.4409 0.5591
21 0.4416 0.5584
22 0.4422 0.5578
23 0.4431 0.5569
24 0.4437 0.5563
25 0.444 0.556
26 0.4451 0.5549
27 0.4455 0.5545
28 0.4463 0.5537
29 0.4468 0.5532
30 0.4476 0.5524
31 0.4478 0.5522
32 0.449 0.551
33 0.449 0.551
34 0.4504 0.5496
35 0.4506 0.5494
36 0.4512 0.5488
37 0.4519 0.5481
38 0.4525 0.5475
39 0.4529 0.5471
40 0.4537 0.5463
41 0.4544 0.5456
42 0.4539 0.5461
43 0.455 0.545
44 0.4558 0.5442
45 0.4555 0.5445
46 0.4561 0.5439
47 0.4568 0.5432
48 0.4563 0.5437
49 0.4573 0.5427
50 0.4582 0.5418
51 0.4582 0.5418
52 0.459 0.541
53 0.4598 0.5402
54 0.4594 0.5406
55 0.4602 0.5398
56 0.4606 0.5394
57 0.4605 0.5395
58 0.4619 0.5381
59 0.4608 0.5392
60 0.4612 0.5388
61 0.4628 0.5372
62 0.4627 0.5373
63 0.4628 0.5372
64 0.463 0.537
65 0.4633 0.5367
66 0.4643 0.5357
67 0.4636 0.5364
68 0.4642 0.5358
69 0.4644 0.5356
70 0.4655 0.5345
71 0.4653 0.5347
72 0.465 0.535
73 0.4662 0.5338
74 0.4653 0.5347
75 0.4677 0.5323
76 0.4665 0.5335
77 0.4673 0.5327
78 0.4671 0.5329
79 0.4681 0.5319
80 0.4676 0.5324
81 0.4683 0.5317
82 0.4685 0.5315
83 0.4689 0.5311
84 0.4687 0.5313
85 0.4687 0.5313
86 0.4686 0.5314
87 0.4687 0.5313
88 0.4698 0.5302
89 0.4695 0.5305
90 0.4685 0.5315
91 0.4706 0.5294
92 0.4697 0.5303
93 0.469 0.531
94 0.4719 0.5281
95 0.4695 0.5305
96 0.4709 0.5291
97 0.4701 0.5299
98 0.4709 0.5291
99 0.4725 0.5275
100 0.4727 0.5273
101 0.4716 0.5284
102 0.4722 0.5278
103 0.471 0.529
104 0.4714 0.5286
105 0.4724 0.5276
106 0.4731 0.5269
107 0.473 0.527
108 0.4734 0.5266
109 0.4732 0.5268
110 0.4717 0.5283
111 0.4725 0.5275
112 0.4725 0.5275
113 0.473 0.527
114 0.4733 0.5267
115 0.475 0.525
116 0.475 0.525
117 0.4741 0.5259
118 0.4744 0.5256
119 0.475 0.525
120 0.4745 0.5255
121 0.4751 0.5249
122 0.4746 0.5254
123 0.4739 0.5261
124 0.4752 0.5248
125 0.475 0.525
126 0.4751 0.5249
127 0.4765 0.5235
128 0.4767 0.5233
129 0.4755 0.5245
130 0.4754 0.5246
131 0.4754 0.5246
132 0.4774 0.5226
133 0.4737 0.5263
134 0.4773 0.5227
135 0.4765 0.5235
136 0.4764 0.5236
137 0.4774 0.5226
138 0.4768 0.5232
139 0.4771 0.5229
140 0.4771 0.5229
141 0.4763 0.5237
142 0.4748 0.5252
143 0.4766 0.5234
144 0.4765 0.5235
145 0.4781 0.5219
146 0.4767 0.5233
147 0.4775 0.5225
148 0.477 0.523
149 0.4767 0.5233
150 0.4794 0.5206
151 0.4785 0.5215
152 0.4765 0.5235
153 0.4764 0.5236
154 0.4788 0.5212
155 0.4781 0.5219
156 0.4785 0.5215
157 0.4781 0.5219
158 0.4807 0.5193
159 0.4788 0.5212
160 0.4807 0.5193
161 0.4798 0.5202
162 0.4768 0.5232
163 0.4771 0.5229
164 0.4772 0.5228
165 0.4781 0.5219
166 0.481 0.519
167 0.4815 0.5185
168 0.4812 0.5188
169 0.4789 0.5211
170 0.4783 0.5217
171 0.4812 0.5188
172 0.4799 0.5201
173 0.4815 0.5185
174 0.4793 0.5207
175 0.4806 0.5194
176 0.4778 0.5222
177 0.48 0.52
178 0.4801 0.5199
179 0.4815 0.5185
180 0.4808 0.5192
181 0.4806 0.5194
182 0.4828 0.5172
183 0.4795 0.5205
184 0.4804 0.5196
185 0.4806 0.5194
186 0.4803 0.5197
187 0.4798 0.5202
188 0.4775 0.5225
189 0.4811 0.5189
190 0.4792 0.5208
191 0.4831 0.5169
192 0.4806 0.5194
193 0.481 0.519
194 0.4801 0.5199
195 0.4797 0.5203
196 0.4797 0.5203
197 0.4807 0.5193
198 0.4817 0.5183
199 0.4815 0.5185
200 0.4791 0.5209
201 0.4827 0.5173
202 0.4845 0.5155
203 0.4813 0.5187
204 0.4826 0.5174
205 0.4811 0.5189
206 0.4846 0.5154
207 0.4812 0.5188
208 0.4795 0.5205
209 0.4814 0.5186
210 0.483 0.517
211 0.481 0.519
212 0.4804 0.5196
213 0.4806 0.5194
214 0.4824 0.5176
215 0.48 0.52
216 0.4833 0.5167
217 0.481 0.519
218 0.483 0.517
219 0.4809 0.5191
220 0.4832 0.5168
221 0.4848 0.5152
222 0.4845 0.5155
223 0.4835 0.5165
224 0.4816 0.5184
225 0.4825 0.5175
226 0.4837 0.5163
227 0.4806 0.5194
228 0.4834 0.5166
229 0.4853 0.5147
230 0.4817 0.5183
231 0.4839 0.5161
232 0.4815 0.5185
233 0.4815 0.5185
234 0.4811 0.5189
235 0.4842 0.5158
236 0.482 0.518
237 0.4865 0.5135
238 0.4839 0.5161
239 0.4828 0.5172
240 0.4859 0.5141
241 0.4828 0.5172
242 0.4827 0.5173
243 0.4827 0.5173
244 0.4825 0.5175
245 0.4866 0.5134
246 0.4841 0.5159
247 0.4838 0.5162
248 0.4877 0.5123
249 0.4844 0.5156
250 0.4843 0.5157
251 0.4819 0.5181
252 0.4837 0.5163
253 0.4841 0.5159
254 0.481 0.519
255 0.4816 0.5184
256 0.4834 0.5166
257 0.4854 0.5146
258 0.4832 0.5168
259 0.4807 0.5193
260 0.4854 0.5146
261 0.4838 0.5162
262 0.4816 0.5184
263 0.4843 0.5157
264 0.4846 0.5154
265 0.4843 0.5157
266 0.4835 0.5165
267 0.4856 0.5144
268 0.4846 0.5154
269 0.4881 0.5119
270 0.4867 0.5133
271 0.4872 0.5128
272 0.4836 0.5164
273 0.4887 0.5113
274 0.4854 0.5146
275 0.4863 0.5137
276 0.4841 0.5159
277 0.4845 0.5155
278 0.4859 0.5141
279 0.4827 0.5173
280 0.4886 0.5114
281 0.4823 0.5177
282 0.4842 0.5158
283 0.4861 0.5139
284 0.4819 0.5181
285 0.4844 0.5156
286 0.4852 0.5148
287 0.483 0.517
288 0.485 0.515
289 0.4866 0.5134
290 0.4841 0.5159
291 0.4839 0.5161
292 0.4864 0.5136
293 0.4849 0.5151
294 0.4855 0.5145
295 0.4883 0.5117
296 0.4826 0.5174
297 0.4857 0.5143
298 0.4865 0.5135
299 0.4848 0.5152
300 0.4861 0.5139
301 0.4845 0.5155
302 0.4821 0.5179
303 0.4873 0.5127
304 0.4853 0.5147
305 0.4872 0.5128
306 0.4877 0.5123
307 0.4872 0.5128
308 0.485 0.515
309 0.4893 0.5107
310 0.4814 0.5186
311 0.4836 0.5164
312 0.4857 0.5143
313 0.4856 0.5144
314 0.489 0.511
315 0.4874 0.5126
316 0.4852 0.5148
317 0.4886 0.5114
318 0.4873 0.5127
319 0.4879 0.5121
320 0.4864 0.5136
321 0.486 0.514
322 0.4884 0.5116
323 0.4918 0.5082
324 0.4864 0.5136
325 0.4898 0.5102
326 0.487 0.513
327 0.4884 0.5116
328 0.489 0.511
329 0.4842 0.5158
330 0.4866 0.5134
331 0.4878 0.5122
332 0.4904 0.5096
333 0.4865 0.5135
334 0.4872 0.5128
335 0.4838 0.5162
336 0.485 0.515
337 0.4917 0.5083
338 0.485 0.515
339 0.4868 0.5132
340 0.4858 0.5142
341 0.4851 0.5149
342 0.4882 0.5118
343 0.4848 0.5152
344 0.4891 0.5109
345 0.4911 0.5089
346 0.4902 0.5098
347 0.4874 0.5126
348 0.4844 0.5156
349 0.4835 0.5165
350 0.4852 0.5148
351 0.4878 0.5122
352 0.4871 0.5129
353 0.4874 0.5126
354 0.485 0.515
355 0.4868 0.5132
356 0.4857 0.5143
357 0.4879 0.5121
358 0.4904 0.5096
359 0.4871 0.5129
360 0.4822 0.5178
361 0.4845 0.5155
362 0.4856 0.5144
363 0.4815 0.5185
364 0.4875 0.5125
365 0.4888 0.5112
366 0.4879 0.5121
367 0.4787 0.5213
368 0.4861 0.5139
369 0.4885 0.5115
370 0.4861 0.5139
371 0.4897 0.5103
372 0.491 0.509
373 0.489 0.511
374 0.4904 0.5096
375 0.4918 0.5082
376 0.4897 0.5103
377 0.4924 0.5076
378 0.4864 0.5136
379 0.4879 0.5121
380 0.491 0.509
381 0.4874 0.5126
382 0.4881 0.5119
383 0.4856 0.5144
384 0.4908 0.5092
385 0.4878 0.5122
386 0.4864 0.5136
387 0.49 0.51
388 0.4849 0.5151
389 0.4873 0.5127
390 0.4866 0.5134
391 0.4823 0.5177
392 0.4908 0.5092
393 0.4882 0.5118
394 0.4901 0.5099
395 0.4918 0.5082
396 0.4834 0.5166
397 0.4853 0.5147
398 0.4847 0.5153
399 0.4914 0.5086
400 0.4862 0.5138
401 0.4852 0.5148
402 0.491 0.509
403 0.4853 0.5147
404 0.4838 0.5162
405 0.4919 0.5081
406 0.4936 0.5064
407 0.4905 0.5095
408 0.491 0.509
409 0.4873 0.5127
410 0.4876 0.5124
411 0.4835 0.5165
412 0.4868 0.5132
413 0.4877 0.5123
414 0.4904 0.5096
415 0.4916 0.5084
416 0.486 0.514
417 0.4915 0.5085
418 0.4826 0.5174
419 0.4864 0.5136
420 0.4873 0.5127
421 0.4886 0.5114
422 0.4916 0.5084
423 0.4854 0.5146
424 0.492 0.508
425 0.4919 0.5081
426 0.4835 0.5165
427 0.4883 0.5117
428 0.4872 0.5128
429 0.4877 0.5123
430 0.4847 0.5153
431 0.4934 0.5066
432 0.4903 0.5097
433 0.493 0.507
434 0.4852 0.5148
435 0.4841 0.5159
436 0.4853 0.5147
437 0.4837 0.5163
438 0.4904 0.5096
439 0.4908 0.5092
440 0.4885 0.5115
441 0.4864 0.5136
442 0.482 0.518
443 0.4922 0.5078
444 0.4849 0.5151
445 0.4947 0.5053
446 0.4838 0.5162
447 0.496 0.504
448 0.4927 0.5073
449 0.4828 0.5172
450 0.4931 0.5069
451 0.4889 0.5111
452 0.4905 0.5095
453 0.4919 0.5081
454 0.4851 0.5149
455 0.4871 0.5129
456 0.4852 0.5148
457 0.4916 0.5084
458 0.487 0.513
459 0.4937 0.5063
460 0.483 0.517
461 0.4871 0.5129
462 0.4864 0.5136
463 0.4814 0.5186
464 0.488 0.512
465 0.487 0.513
466 0.4863 0.5137
467 0.4838 0.5162
468 0.4931 0.5069
469 0.4905 0.5095
470 0.4947 0.5053
471 0.4913 0.5087
472 0.4812 0.5188
473 0.4877 0.5123
474 0.493 0.507
475 0.4893 0.5107
476 0.4918 0.5082
477 0.4932 0.5068
478 0.4884 0.5116
479 0.4939 0.5061
480 0.4869 0.5131
481 0.4858 0.5142
482 0.4952 0.5048
483 0.4864 0.5136
484 0.4931 0.5069
485 0.4919 0.5081
486 0.4874 0.5126
487 0.4952 0.5048
488 0.4933 0.5067
489 0.4858 0.5142
490 0.4873 0.5127
491 0.4909 0.5091
492 0.4884 0.5116
493 0.4838 0.5162
494 0.489 0.511
495 0.4848 0.5152
496 0.4916 0.5084
497 0.4881 0.5119
498 0.4866 0.5134
499 0.4861 0.5139
500 0.4944 0.5056
501 0.4884 0.5116
502 0.483 0.517
503 0.4867 0.5133
504 0.4871 0.5129
505 0.4936 0.5064
506 0.4881 0.5119
507 0.4876 0.5124
508 0.4865 0.5135
509 0.4901 0.5099
510 0.4928 0.5072
511 0.4848 0.5152
512 0.491 0.509
513 0.4934 0.5066
514 0.4934 0.5066
515 0.4863 0.5137
516 0.4931 0.5069
517 0.4878 0.5122
518 0.4975 0.5025
519 0.4943 0.5057
520 0.4814 0.5186
521 0.48 0.52
522 0.4929 0.5071
523 0.4946 0.5054
524 0.4974 0.5026
525 0.494 0.506
526 0.4857 0.5143
527 0.4925 0.5075
528 0.4927 0.5073
529 0.4963 0.5037
530 0.4896 0.5104
531 0.4902 0.5098
532 0.4868 0.5132
533 0.4857 0.5143
534 0.4838 0.5162
535 0.4769 0.5231
536 0.4905 0.5095
537 0.4856 0.5144
538 0.4913 0.5087
539 0.491 0.509
540 0.4866 0.5134
541 0.4882 0.5118
542 0.491 0.509
543 0.4846 0.5154
544 0.4846 0.5154
545 0.4846 0.5154
546 0.4963 0.5037
547 0.4884 0.5116
548 0.4852 0.5148
549 0.4939 0.5061
550 0.4809 0.5191
551 0.4871 0.5129
552 0.4886 0.5114
553 0.4892 0.5108
554 0.4883 0.5117
555 0.4872 0.5128
556 0.4923 0.5077
557 0.4917 0.5083
558 0.4839 0.5161
559 0.4938 0.5062
560 0.4911 0.5089
561 0.4928 0.5072
562 0.4904 0.5096
563 0.4911 0.5089
564 0.4987 0.5013
565 0.4905 0.5095
566 0.4919 0.5081
567 0.491 0.509
568 0.4954 0.5046
569 0.4813 0.5187
570 0.4912 0.5088
571 0.4901 0.5099
572 0.4924 0.5076
573 0.4883 0.5117
574 0.4875 0.5125
575 0.485 0.515
576 0.4921 0.5079
577 0.493 0.507
578 0.4902 0.5098
579 0.48 0.52
580 0.4974 0.5026
581 0.487 0.513
582 0.4868 0.5132
583 0.4883 0.5117
584 0.4879 0.5121
585 0.5006 0.4994
586 0.4932 0.5068
587 0.4923 0.5077
588 0.4903 0.5097
589 0.498 0.502
590 0.4841 0.5159
591 0.4869 0.5131
592 0.4905 0.5095
593 0.4905 0.5095
594 0.4972 0.5028
595 0.4855 0.5145
596 0.4991 0.5009
597 0.4836 0.5164
598 0.4861 0.5139
599 0.4943 0.5057
600 0.4911 0.5089
601 0.4926 0.5074
602 0.4877 0.5123
603 0.4852 0.5148
604 0.487 0.513
605 0.4972 0.5028
606 0.4893 0.5107
607 0.486 0.514
608 0.4821 0.5179
609 0.491 0.509
610 0.4837 0.5163
611 0.5001 0.4999
612 0.4887 0.5113
613 0.4903 0.5097
614 0.4882 0.5118
615 0.4957 0.5043
616 0.4757 0.5243
617 0.4899 0.5101
618 0.4989 0.5011
619 0.4942 0.5058
620 0.4828 0.5172
621 0.4865 0.5135
622 0.4849 0.5151
623 0.4865 0.5135
624 0.4939 0.5061
625 0.4922 0.5078
626 0.4837 0.5163
627 0.4897 0.5103
628 0.498 0.502
629 0.4868 0.5132
630 0.4887 0.5113
631 0.494 0.506
632 0.4822 0.5178
633 0.4936 0.5064
634 0.4895 0.5105
635 0.4877 0.5123
636 0.4934 0.5066
637 0.5016 0.4984
638 0.4909 0.5091
639 0.4961 0.5039
640 0.4953 0.5047
641 0.4864 0.5136
642 0.493 0.507
643 0.4982 0.5018
644 0.4953 0.5047
645 0.4861 0.5139
646 0.4943 0.5057
647 0.4958 0.5042
648 0.4993 0.5007
649 0.4937 0.5063
650 0.4816 0.5184
651 0.4874 0.5126
652 0.5008 0.4992
653 0.4889 0.5111
654 0.4946 0.5054
655 0.4812 0.5188
656 0.4978 0.5022
657 0.4921 0.5079
658 0.4941 0.5059
659 0.5072 0.4928
660 0.4921 0.5079
661 0.4964 0.5036
662 0.4889 0.5111
663 0.4908 0.5092
664 0.5009 0.4991
665 0.4895 0.5105
666 0.4766 0.5234
667 0.4858 0.5142
668 0.4864 0.5136
669 0.499 0.501
670 0.4909 0.5091
671 0.4916 0.5084
672 0.4886 0.5114
673 0.4966 0.5034
674 0.4791 0.5209
675 0.4911 0.5089
676 0.4942 0.5058
677 0.4937 0.5063
678 0.4998 0.5002
679 0.4923 0.5077
680 0.4944 0.5056
681 0.4831 0.5169
682 0.5044 0.4956
683 0.4833 0.5167
684 0.4963 0.5037
685 0.4823 0.5177
686 0.4865 0.5135
687 0.4994 0.5006
688 0.4915 0.5085
689 0.4872 0.5128
690 0.491 0.509
691 0.492 0.508
692 0.4802 0.5198
693 0.4924 0.5076
694 0.4982 0.5018
695 0.4902 0.5098
696 0.4968 0.5032
697 0.49 0.51
698 0.482 0.518
699 0.4852 0.5148
700 0.4784 0.5216
701 0.495 0.505
702 0.4895 0.5105
703 0.5012 0.4988
704 0.4916 0.5084
705 0.4841 0.5159
706 0.4955 0.5045
707 0.4933 0.5067
708 0.489 0.511
709 0.4931 0.5069
710 0.4832 0.5168
711 0.4962 0.5038
712 0.4969 0.5031
713 0.4937 0.5063
714 0.4903 0.5097
715 0.4889 0.5111
716 0.4785 0.5215
717 0.5014 0.4986
718 0.4992 0.5008
719 0.4891 0.5109
720 0.505 0.495
721 0.4931 0.5069
722 0.4942 0.5058
723 0.5119 0.4881
724 0.4923 0.5077
725 0.4922 0.5078
726 0.4978 0.5022
727 0.4899 0.5101
728 0.4926 0.5074
729 0.4852 0.5148
730 0.4911 0.5089
731 0.4966 0.5034
732 0.4988 0.5012
733 0.4899 0.5101
734 0.4836 0.5164
735 0.484 0.516
736 0.4904 0.5096
737 0.474 0.526
738 0.4852 0.5148
739 0.4814 0.5186
740 0.4834 0.5166
741 0.4917 0.5083
742 0.4938 0.5062
743 0.4946 0.5054
744 0.4816 0.5184
745 0.4875 0.5125
746 0.4948 0.5052
747 0.5128 0.4872
748 0.4837 0.5163
749 0.4922 0.5078
750 0.4856 0.5144
751 0.5017 0.4983
752 0.5115 0.4885
753 0.4907 0.5093
754 0.4808 0.5192
755 0.4895 0.5105
756 0.5034 0.4966
757 0.4839 0.5161
758 0.4869 0.5131
759 0.5043 0.4957
760 0.4955 0.5045
761 0.4882 0.5118
762 0.4882 0.5118
763 0.4921 0.5079
764 0.4865 0.5135
765 0.4962 0.5038
766 0.4833 0.5167
767 0.4867 0.5133
768 0.4766 0.5234
769 0.4761 0.5239
770 0.505 0.495
771 0.4884 0.5116
772 0.4955 0.5045
773 0.4928 0.5072
774 0.4896 0.5104
775 0.4958 0.5042
776 0.487 0.513
777 0.4845 0.5155
778 0.4853 0.5147
779 0.487 0.513
780 0.4852 0.5148
781 0.4949 0.5051
782 0.4895 0.5105
783 0.4925 0.5075
784 0.4947 0.5053
785 0.4912 0.5088
786 0.4813 0.5187
787 0.4913 0.5087
788 0.4938 0.5062
789 0.4876 0.5124
790 0.5117 0.4883
791 0.4852 0.5148
792 0.4799 0.5201
793 0.4943 0.5057
794 0.5052 0.4948
795 0.4801 0.5199
796 0.4891 0.5109
797 0.4911 0.5089
798 0.4914 0.5086
799 0.4842 0.5158
800 0.4886 0.5114
801 0.5043 0.4957
802 0.4769 0.5231
803 0.4943 0.5057
804 0.4816 0.5184
805 0.4924 0.5076
806 0.4959 0.5041
807 0.4807 0.5193
808 0.4876 0.5124
809 0.5045 0.4955
810 0.4884 0.5116
811 0.483 0.517
812 0.4847 0.5153
813 0.4877 0.5123
814 0.5096 0.4904
815 0.4997 0.5003
816 0.5075 0.4925
817 0.488 0.512
818 0.4919 0.5081
819 0.4886 0.5114
820 0.4875 0.5125
821 0.4861 0.5139
822 0.4902 0.5098
823 0.4888 0.5112
824 0.494 0.506
825 0.4906 0.5094
826 0.4874 0.5126
827 0.49 0.51
828 0.4807 0.5193
829 0.4878 0.5122
830 0.5013 0.4987
831 0.4902 0.5098
832 0.4904 0.5096
833 0.4918 0.5082
834 0.491 0.509
835 0.4847 0.5153
836 0.4892 0.5108
837 0.511 0.489
838 0.4828 0.5172
839 0.4827 0.5173
840 0.4866 0.5134
841 0.4909 0.5091
842 0.4827 0.5173
843 0.4926 0.5074
844 0.5046 0.4954
845 0.5052 0.4948
846 0.4847 0.5153
847 0.4889 0.5111
848 0.5012 0.4988
849 0.4935 0.5065
850 0.5003 0.4997
851 0.4903 0.5097
852 0.4933 0.5067
853 0.5081 0.4919
854 0.4943 0.5057
855 0.4905 0.5095
856 0.4878 0.5122
857 0.4919 0.5081
858 0.498 0.502
859 0.488 0.512
860 0.484 0.516
861 0.4881 0.5119
862 0.4786 0.5214
863 0.484 0.516
864 0.4932 0.5068
865 0.4814 0.5186
866 0.4803 0.5197
867 0.5102 0.4898
868 0.4974 0.5026
869 0.489 0.511
870 0.4978 0.5022
871 0.4994 0.5006
872 0.4913 0.5087
873 0.4723 0.5277
874 0.4871 0.5129
875 0.4868 0.5132
876 0.4892 0.5108
877 0.4831 0.5169
878 0.4912 0.5088
879 0.4814 0.5186
880 0.4874 0.5126
881 0.4827 0.5173
882 0.4817 0.5183
883 0.4895 0.5105
884 0.479 0.521
885 0.4919 0.5081
886 0.4962 0.5038
887 0.4928 0.5072
888 0.4946 0.5054
889 0.4827 0.5173
890 0.4861 0.5139
891 0.4724 0.5276
892 0.4953 0.5047
893 0.4866 0.5134
894 0.4982 0.5018
895 0.4814 0.5186
896 0.4955 0.5045
897 0.4905 0.5095
898 0.5006 0.4994
899 0.4975 0.5025
900 0.4982 0.5018
901 0.4905 0.5095
902 0.4883 0.5117
903 0.497 0.503
904 0.4729 0.5271
905 0.5031 0.4969
906 0.4832 0.5168
907 0.4821 0.5179
908 0.4867 0.5133
909 0.4937 0.5063
910 0.4962 0.5038
911 0.4915 0.5085
912 0.4944 0.5056
913 0.4923 0.5077
914 0.488 0.512
915 0.4946 0.5054
916 0.4865 0.5135
917 0.4949 0.5051
918 0.5049 0.4951
919 0.4775 0.5225
920 0.4899 0.5101
921 0.4751 0.5249
922 0.4943 0.5057
923 0.4989 0.5011
924 0.4832 0.5168
925 0.4957 0.5043
926 0.4756 0.5244
927 0.4908 0.5092
928 0.508 0.492
929 0.4872 0.5128
930 0.4777 0.5223
931 0.4811 0.5189
932 0.4703 0.5297
933 0.5056 0.4944
934 0.4897 0.5103
935 0.494 0.506
936 0.4826 0.5174
937 0.4922 0.5078
938 0.4896 0.5104
939 0.4898 0.5102
940 0.4949 0.5051
941 0.4925 0.5075
942 0.4834 0.5166
943 0.4985 0.5015
944 0.5021 0.4979
945 0.508 0.492
946 0.5071 0.4929
947 0.5093 0.4907
948 0.501 0.499
949 0.4951 0.5049
950 0.4908 0.5092
951 0.497 0.503
952 0.4933 0.5067
953 0.4871 0.5129
954 0.4744 0.5256
955 0.4947 0.5053
956 0.5 0.5
957 0.4953 0.5047
958 0.4866 0.5134
959 0.5174 0.4826
960 0.4961 0.5039
961 0.4865 0.5135
962 0.4841 0.5159
963 0.4903 0.5097
964 0.497 0.503
965 0.5063 0.4937
966 0.4974 0.5026
967 0.4926 0.5074
968 0.4982 0.5018
969 0.4877 0.5123
970 0.4915 0.5085
971 0.5014 0.4986
972 0.5178 0.4822
973 0.4875 0.5125
974 0.4798 0.5202
975 0.4916 0.5084
976 0.5072 0.4928
977 0.4934 0.5066
978 0.5092 0.4908
979 0.4991 0.5009
980 0.5025 0.4975
981 0.5002 0.4998
982 0.4982 0.5018
983 0.5009 0.4991
984 0.4864 0.5136
985 0.4972 0.5028
986 0.4862 0.5138
987 0.5134 0.4866
988 0.485 0.515
989 0.4899 0.5101
990 0.4835 0.5165
991 0.4872 0.5128
992 0.5105 0.4895
993 0.4845 0.5155
994 0.4854 0.5146
995 0.4823 0.5177
996 0.5056 0.4944
997 0.4925 0.5075
998 0.4967 0.5033
999 0.5104 0.4896
1000 0.4913 0.5087
1001 0.493 0.507
1002 0.4955 0.5045
1003 0.4919 0.5081
1004 0.4779 0.5221
1005 0.4963 0.5037
1006 0.4839 0.5161
1007 0.4624 0.5376
1008 0.4743 0.5257
1009 0.5018 0.4982
1010 0.482 0.518
1011 0.4887 0.5113
1012 0.4904 0.5096
1013 0.4808 0.5192
1014 0.5008 0.4992
1015 0.4949 0.5051
1016 0.4987 0.5013
1017 0.5045 0.4955
1018 0.5056 0.4944
1019 0.4976 0.5024
1020 0.4834 0.5166
1021 0.4956 0.5044
1022 0.4932 0.5068
1023 0.5132 0.4868
1024 0.4893 0.5107
1025 0.487 0.513
1026 0.4737 0.5263
1027 0.485 0.515
1028 0.4823 0.5177
1029 0.514 0.486
1030 0.4942 0.5058
1031 0.4899 0.5101
1032 0.5011 0.4989
1033 0.5006 0.4994
1034 0.5091 0.4909
1035 0.4941 0.5059
1036 0.4737 0.5263
1037 0.4872 0.5128
1038 0.478 0.522
1039 0.5 0.5
1040 0.5087 0.4913
1041 0.4848 0.5152
1042 0.5084 0.4916
1043 0.479 0.521
1044 0.4887 0.5113
1045 0.4632 0.5368
1046 0.4953 0.5047
1047 0.5023 0.4977
1048 0.4985 0.5015
1049 0.4948 0.5052
1050 0.498 0.502
1051 0.4756 0.5244
1052 0.4937 0.5063
1053 0.4831 0.5169
1054 0.5021 0.4979
1055 0.4976 0.5024
1056 0.4863 0.5137
1057 0.4922 0.5078
1058 0.5057 0.4943
1059 0.485 0.515
1060 0.4941 0.5059
1061 0.4901 0.5099
1062 0.5103 0.4897
1063 0.4811 0.5189
1064 0.5247 0.4753
1065 0.5207 0.4793
1066 0.4686 0.5314
1067 0.4953 0.5047
1068 0.4828 0.5172
1069 0.4926 0.5074
1070 0.5071 0.4929
1071 0.4953 0.5047
1072 0.5047 0.4953
1073 0.4824 0.5176
1074 0.5102 0.4898
1075 0.4907 0.5093
1076 0.4753 0.5247
1077 0.4997 0.5003
1078 0.499 0.501
1079 0.4936 0.5064
1080 0.5096 0.4904
1081 0.4849 0.5151
1082 0.4841 0.5159
1083 0.4834 0.5166
1084 0.493 0.507
1085 0.5034 0.4966
1086 0.4838 0.5162
1087 0.4905 0.5095
1088 0.4773 0.5227
1089 0.496 0.504
1090 0.4926 0.5074
1091 0.4886 0.5114
1092 0.489 0.511
1093 0.514 0.486
1094 0.5004 0.4996
1095 0.4954 0.5046
1096 0.4834 0.5166
1097 0.4966 0.5034
1098 0.5191 0.4809
1099 0.495 0.505
1100 0.4792 0.5208
1101 0.4871 0.5129
1102 0.5066 0.4934
1103 0.5125 0.4875
1104 0.4943 0.5057
1105 0.5075 0.4925
1106 0.4785 0.5215
1107 0.5032 0.4968
1108 0.4989 0.5011
1109 0.473 0.527
1110 0.5268 0.4732
1111 0.4861 0.5139
1112 0.5034 0.4966
1113 0.4949 0.5051
1114 0.4883 0.5117
1115 0.5176 0.4824
1116 0.4878 0.5122
1117 0.5183 0.4817
1118 0.4741 0.5259
1119 0.4774 0.5226
1120 0.5131 0.4869
1121 0.4784 0.5216
1122 0.4959 0.5041
1123 0.4834 0.5166
1124 0.4925 0.5075
1125 0.481 0.519
1126 0.5082 0.4918
1127 0.5056 0.4944
1128 0.4798 0.5202
1129 0.4673 0.5327
1130 0.4698 0.5302
1131 0.5004 0.4996
1132 0.5028 0.4972
1133 0.509 0.491
1134 0.478 0.522
1135 0.5227 0.4773
1136 0.4963 0.5037
1137 0.4794 0.5206
1138 0.5 0.5
1139 0.4925 0.5075
1140 0.4778 0.5222
1141 0.4911 0.5089
1142 0.5073 0.4927
1143 0.5004 0.4996
1144 0.4857 0.5143
1145 0.4774 0.5226
1146 0.4834 0.5166
1147 0.5072 0.4928
1148 0.4724 0.5276
1149 0.4901 0.5099
1150 0.493 0.507
1151 0.4789 0.5211
1152 0.4624 0.5376
1153 0.4988 0.5012
1154 0.4954 0.5046
1155 0.4966 0.5034
1156 0.5048 0.4952
1157 0.4956 0.5044
1158 0.4882 0.5118
1159 0.4976 0.5024
1160 0.5075 0.4925
1161 0.4584 0.5416
1162 0.4854 0.5146
1163 0.5058 0.4942
1164 0.5061 0.4939
1165 0.4765 0.5235
1166 0.4816 0.5184
1167 0.4929 0.5071
1168 0.5115 0.4885
1169 0.5152 0.4848
1170 0.4974 0.5026
1171 0.4815 0.5185
1172 0.461 0.539
1173 0.4809 0.5191
1174 0.5034 0.4966
1175 0.4826 0.5174
1176 0.4923 0.5077
1177 0.4915 0.5085
1178 0.4945 0.5055
1179 0.4951 0.5049
1180 0.4602 0.5398
1181 0.4713 0.5287
1182 0.4831 0.5169
1183 0.5153 0.4847
1184 0.5209 0.4791
1185 0.4817 0.5183
1186 0.4801 0.5199
1187 0.4705 0.5295
1188 0.5027 0.4973
1189 0.4889 0.5111
1190 0.4905 0.5095
1191 0.4811 0.5189
1192 0.4947 0.5053
1193 0.5023 0.4977
1194 0.4675 0.5325
1195 0.5029 0.4971
1196 0.5102 0.4898
1197 0.4738 0.5262
1198 0.4794 0.5206
1199 0.5183 0.4817
1200 0.5019 0.4981
1201 0.5237 0.4763
1202 0.47 0.53
1203 0.4844 0.5156
1204 0.4985 0.5015
1205 0.5124 0.4876
1206 0.464 0.536
1207 0.4923 0.5077
1208 0.4565 0.5435
1209 0.4798 0.5202
1210 0.4872 0.5128
1211 0.4944 0.5056
1212 0.4574 0.5426
1213 0.5172 0.4828
1214 0.4856 0.5144
1215 0.5132 0.4868
1216 0.5054 0.4946
1217 0.5371 0.4629
1218 0.5218 0.4782
1219 0.5084 0.4916
1220 0.4854 0.5146
1221 0.5104 0.4896
1222 0.4856 0.5144
1223 0.4833 0.5167
1224 0.5161 0.4839
1225 0.4863 0.5137
1226 0.5135 0.4865
1227 0.4837 0.5163
1228 0.4968 0.5032
1229 0.5095 0.4905
1230 0.5017 0.4983
1231 0.5219 0.4781
1232 0.513 0.487
1233 0.5124 0.4876
1234 0.4863 0.5137
1235 0.4876 0.5124
1236 0.5049 0.4951
1237 0.4972 0.5028
1238 0.4968 0.5032
1239 0.4862 0.5138
1240 0.5036 0.4964
1241 0.4714 0.5286
1242 0.4769 0.5231
1243 0.4973 0.5027
1244 0.4618 0.5382
1245 0.5017 0.4983
1246 0.5281 0.4719
1247 0.508 0.492
1248 0.5168 0.4832
1249 0.5 0.5
1250 0.4944 0.5056
1251 0.489 0.511
1252 0.4795 0.5205
1253 0.4917 0.5083
1254 0.5021 0.4979
1255 0.4954 0.5046
1256 0.4937 0.5063
1257 0.4671 0.5329
1258 0.4777 0.5223
1259 0.503 0.497
1260 0.4847 0.5153
1261 0.4858 0.5142
1262 0.4821 0.5179
1263 0.4895 0.5105
1264 0.5033 0.4967
1265 0.4817 0.5183
1266 0.4857 0.5143
1267 0.5018 0.4982
1268 0.5006 0.4994
1269 0.4887 0.5113
1270 0.5135 0.4865
1271 0.4873 0.5127
1272 0.47 0.53
1273 0.4886 0.5114
1274 0.518 0.482
1275 0.4979 0.5021
1276 0.4763 0.5237
1277 0.5028 0.4972
1278 0.5155 0.4845
1279 0.4577 0.5423
1280 0.4862 0.5138
1281 0.4444 0.5556
1282 0.5067 0.4933
1283 0.4634 0.5366
1284 0.4939 0.5061
1285 0.4658 0.5342
1286 0.4831 0.5169
1287 0.4969 0.5031
1288 0.48 0.52
1289 0.4683 0.5317
1290 0.4963 0.5037
1291 0.4738 0.5262
1292 0.4896 0.5104
1293 0.4961 0.5039
1294 0.5123 0.4877
1295 0.4766 0.5234
1296 0.5032 0.4968
1297 0.5185 0.4815
1298 0.4708 0.5292
1299 0.4858 0.5142
1300 0.4891 0.5109
1301 0.513 0.487
1302 0.4933 0.5067
1303 0.5076 0.4924
1304 0.4853 0.5147
1305 0.4599 0.5401
1306 0.5084 0.4916
1307 0.4915 0.5085
1308 0.516 0.484
1309 0.4873 0.5127
1310 0.5143 0.4857
1311 0.4845 0.5155
1312 0.4824 0.5176
1313 0.5161 0.4839
1314 0.534 0.466
1315 0.484 0.516
1316 0.4829 0.5171
1317 0.4779 0.5221
1318 0.4813 0.5187
1319 0.5289 0.4711
1320 0.4893 0.5107
1321 0.4723 0.5277
1322 0.4943 0.5057
1323 0.5006 0.4994
1324 0.5148 0.4852
1325 0.4797 0.5203
1326 0.5045 0.4955
1327 0.5188 0.4812
1328 0.48 0.52
1329 0.4826 0.5174
1330 0.5166 0.4834
1331 0.4739 0.5261
1332 0.4733 0.5267
1333 0.4886 0.5114
1334 0.5093 0.4907
1335 0.4652 0.5348
1336 0.5137 0.4863
1337 0.4828 0.5172
1338 0.5081 0.4919
1339 0.4913 0.5087
1340 0.5168 0.4832
1341 0.4993 0.5007
1342 0.5 0.5
1343 0.5049 0.4951
1344 0.4934 0.5066
1345 0.5043 0.4957
1346 0.4993 0.5007
1347 0.4913 0.5087
1348 0.5036 0.4964
1349 0.4993 0.5007
1350 0.4754 0.5246
1351 0.4575 0.5425
1352 0.5145 0.4855
1353 0.5124 0.4876
1354 0.5045 0.4955
1355 0.4985 0.5015
1356 0.4904 0.5096
1357 0.4802 0.5198
1358 0.5244 0.4756
1359 0.5066 0.4934
1360 0.5058 0.4942
1361 0.4831 0.5169
1362 0.4759 0.5241
1363 0.5219 0.4781
1364 0.4713 0.5287
1365 0.4801 0.5199
1366 0.481 0.519
1367 0.5125 0.4875
1368 0.4917 0.5083
1369 0.492 0.508
1370 0.4753 0.5247
1371 0.5 0.5
1372 0.5052 0.4948
1373 0.4944 0.5056
1374 0.4829 0.5171
1375 0.4903 0.5097
1376 0.5008 0.4992
1377 0.5016 0.4984
1378 0.4709 0.5291
1379 0.4751 0.5249
1380 0.4804 0.5196
1381 0.4856 0.5144
1382 0.5254 0.4746
1383 0.4975 0.5025
1384 0.4907 0.5093
1385 0.5163 0.4837
1386 0.4723 0.5277
1387 0.4941 0.5059
1388 0.4932 0.5068
1389 0.4661 0.5339
1390 0.495 0.505
1391 0.5062 0.4938
1392 0.462 0.538
1393 0.4708 0.5292
1394 0.5017 0.4983
1395 0.477 0.523
1396 0.5036 0.4964
1397 0.4704 0.5296
1398 0.4842 0.5158
1399 0.4668 0.5332
1400 0.4818 0.5182
1401 0.4991 0.5009
1402 0.4836 0.5164
1403 0.4713 0.5287
1404 0.4842 0.5158
1405 0.4665 0.5335
1406 0.482 0.518
1407 0.5146 0.4854
1408 0.473 0.527
1409 0.4419 0.5581
1410 0.5184 0.4816
1411 0.5049 0.4951
1412 0.4954 0.5046
1413 0.5188 0.4812
1414 0.4789 0.5211
1415 0.5082 0.4918
1416 0.5119 0.4881
1417 0.5163 0.4837
1418 0.4777 0.5223
1419 0.506 0.494
1420 0.5112 0.4888
1421 0.4921 0.5079
1422 0.4836 0.5164
1423 0.4774 0.5226
1424 0.4768 0.5232
1425 0.5046 0.4954
1426 0.5102 0.4898
1427 0.4793 0.5207
1428 0.5059 0.4941
1429 0.493 0.507
1430 0.5093 0.4907
1431 0.5009 0.4991
1432 0.4651 0.5349
1433 0.5166 0.4834
1434 0.5145 0.4855
1435 0.5129 0.4871
1436 0.4905 0.5095
1437 0.534 0.466
1438 0.4754 0.5246
1439 0.5019 0.4981
1440 0.5172 0.4828
1441 0.4629 0.5371
1442 0.4949 0.5051
1443 0.4916 0.5084
1444 0.5198 0.4802
1445 0.4756 0.5244
1446 0.4888 0.5112
1447 0.503 0.497
1448 0.4991 0.5009
1449 0.4778 0.5222
1450 0.4841 0.5159
1451 0.4697 0.5303
1452 0.5224 0.4776
1453 0.5 0.5
1454 0.4886 0.5114
1455 0.4431 0.5569
1456 0.4851 0.5149
1457 0.5012 0.4988
1458 0.5211 0.4789
1459 0.5205 0.4795
1460 0.4955 0.5045
1461 0.434 0.566
1462 0.5037 0.4963
1463 0.5344 0.4656
1464 0.4978 0.5022
1465 0.5158 0.4842
1466 0.4978 0.5022
1467 0.5011 0.4989
1468 0.5263 0.4737
1469 0.4727 0.5273
1470 0.514 0.486
1471 0.4569 0.5431
1472 0.5209 0.4791
1473 0.5061 0.4939
1474 0.5013 0.4987
1475 0.5159 0.4841
1476 0.5173 0.4827
1477 0.4947 0.5053
1478 0.4779 0.5221
1479 0.4719 0.5281
1480 0.5311 0.4689
1481 0.4674 0.5326
1482 0.48 0.52
1483 0.4921 0.5079
1484 0.471 0.529
1485 0.4732 0.5268
1486 0.4505 0.5495
1487 0.4774 0.5226
1488 0.4532 0.5468
1489 0.4836 0.5164
1490 0.4779 0.5221
1491 0.4651 0.5349
1492 0.46 0.54
1493 0.4958 0.5042
1494 0.483 0.517
1495 0.4916 0.5084
1496 0.4917 0.5083
1497 0.5 0.5
1498 0.4632 0.5368
1499 0.4836 0.5164
1500 0.5079 0.4921
1501 0.5239 0.4761
1502 0.5099 0.4901
1503 0.4361 0.5639
1504 0.5239 0.4761
1505 0.4937 0.5063
1506 0.5163 0.4837
1507 0.4987 0.5013
1508 0.5026 0.4974
1509 0.5039 0.4961
1510 0.4925 0.5075
1511 0.4848 0.5152
1512 0.4893 0.5107
1513 0.523 0.477
1514 0.5033 0.4967
1515 0.4788 0.5212
1516 0.5064 0.4936
1517 0.496 0.504
1518 0.5324 0.4676
1519 0.4796 0.5204
1520 0.496 0.504
1521 0.4672 0.5328
1522 0.4879 0.5121
1523 0.478 0.522
1524 0.4792 0.5208
1525 0.4675 0.5325
1526 0.5122 0.4878
1527 0.4942 0.5058
1528 0.4944 0.5056
1529 0.503 0.497
1530 0.4802 0.5198
1531 0.5316 0.4684
1532 0.5115 0.4885
1533 0.4492 0.5508
1534 0.4675 0.5325
1535 0.5045 0.4955
1536 0.5601 0.4399
1537 0.4688 0.5312
1538 0.5013 0.4987
1539 0.4387 0.5613
1540 0.4899 0.5101
1541 0.528 0.472
1542 0.4522 0.5478
1543 0.4926 0.5074
1544 0.4601 0.5399
1545 0.5199 0.4801
1546 0.4838 0.5162
1547 0.4794 0.5206
1548 0.4505 0.5495
1549 0.4932 0.5068
1550 0.4859 0.5141
1551 0.5127 0.4873
1552 0.462 0.538
1553 0.5017 0.4983
1554 0.528 0.472
1555 0.4971 0.5029
1556 0.4899 0.5101
1557 0.481 0.519
1558 0.5147 0.4853
1559 0.462 0.538
1560 0.5252 0.4748
1561 0.4901 0.5099
1562 0.4701 0.5299
1563 0.4943 0.5057
1564 0.5125 0.4875
1565 0.4628 0.5372
1566 0.4737 0.5263
1567 0.5057 0.4943
1568 0.4963 0.5037
1569 0.4355 0.5645
1570 0.5261 0.4739
1571 0.4828 0.5172
1572 0.5132 0.4868
1573 0.5123 0.4877
1574 0.4272 0.5728
1575 0.5161 0.4839
1576 0.517 0.483
1577 0.4889 0.5111
1578 0.4759 0.5241
1579 0.4799 0.5201
1580 0.4931 0.5069
1581 0.4512 0.5488
1582 0.5263 0.4737
1583 0.4839 0.5161
1584 0.5271 0.4729
1585 0.4797 0.5203
1586 0.4871 0.5129
1587 0.4806 0.5194
1588 0.5019 0.4981
1589 0.4964 0.5036
1590 0.4598 0.5402
1591 0.5041 0.4959
1592 0.4871 0.5129
1593 0.5259 0.4741
1594 0.5 0.5
1595 0.4898 0.5102
1596 0.5236 0.4764
1597 0.5516 0.4484
1598 0.5236 0.4764
1599 0.4249 0.5751
1600 0.4821 0.5179
1601 0.5091 0.4909
1602 0.5203 0.4797
1603 0.4889 0.5111
1604 0.5 0.5
1605 0.4607 0.5393
1606 0.5096 0.4904
1607 0.4872 0.5128
1608 0.461 0.539
1609 0.4479 0.5521
1610 0.5391 0.4609
1611 0.4847 0.5153
1612 0.4778 0.5222
1613 0.4679 0.5321
1614 0.4872 0.5128
1615 0.4566 0.5434
1616 0.5178 0.4822
1617 0.5153 0.4847
1618 0.5363 0.4637
1619 0.4124 0.5876
1620 0.4891 0.5109
1621 0.5263 0.4737
1622 0.5084 0.4916
1623 0.4891 0.5109
1624 0.4722 0.5278
1625 0.4732 0.5268
1626 0.515 0.485
1627 0.4795 0.5205
1628 0.5202 0.4798
1629 0.5378 0.4622
1630 0.4566 0.5434
1631 0.4689 0.5311
1632 0.4435 0.5565
1633 0.4979 0.5021
1634 0.4813 0.5187
1635 0.4474 0.5526
1636 0.4732 0.5268
1637 0.4569 0.5431
1638 0.5265 0.4735
1639 0.4753 0.5247
1640 0.472 0.528
1641 0.4824 0.5176
1642 0.4958 0.5042
1643 0.4696 0.5304
1644 0.5443 0.4557
1645 0.5074 0.4926
1646 0.4901 0.5099
1647 0.4481 0.5519
1648 0.4126 0.5874
1649 0.411 0.589
1650 0.5275 0.4725
1651 0.5238 0.4762
1652 0.4858 0.5142
1653 0.5479 0.4521
1654 0.4739 0.5261
1655 0.4591 0.5409
1656 0.4957 0.5043
1657 0.4606 0.5394
1658 0.5155 0.4845
1659 0.4385 0.5615
1660 0.5042 0.4958
1661 0.4506 0.5494
1662 0.4363 0.5637
1663 0.5317 0.4683
1664 0.487 0.513
1665 0.4423 0.5577
1666 0.522 0.478
1667 0.4495 0.5505
1668 0.5023 0.4977
1669 0.5369 0.4631
1670 0.5079 0.4921
1671 0.5078 0.4922
1672 0.5505 0.4495
1673 0.4661 0.5339
1674 0.4163 0.5837
1675 0.4659 0.5341
1676 0.4975 0.5025
1677 0.5346 0.4654
1678 0.4481 0.5519
1679 0.5258 0.4742
1680 0.4882 0.5118
1681 0.5223 0.4777
1682 0.4528 0.5472
1683 0.4055 0.5945
1684 0.4144 0.5856
1685 0.4624 0.5376
1686 0.4486 0.5514
1687 0.526 0.474
1688 0.4978 0.5022
1689 0.507 0.493
1690 0.5075 0.4925
1691 0.484 0.516
1692 0.4971 0.5029
1693 0.5114 0.4886
1694 0.4405 0.5595
1695 0.4941 0.5059
1696 0.5333 0.4667
1697 0.4821 0.5179
1698 0.4675 0.5325
1699 0.5304 0.4696
1700 0.4695 0.5305
1701 0.5449 0.4551
1702 0.5276 0.4724
1703 0.5174 0.4826
1704 0.4971 0.5029
1705 0.5085 0.4915
1706 0.4742 0.5258
1707 0.5155 0.4845
1708 0.49 0.51
1709 0.4819 0.5181
1710 0.4677 0.5323
1711 0.5181 0.4819
1712 0.5183 0.4817
1713 0.4821 0.5179
1714 0.5085 0.4915
1715 0.5 0.5
1716 0.523 0.477
1717 0.4413 0.5587
1718 0.4803 0.5197
1719 0.4808 0.5192
1720 0.4875 0.5125
1721 0.483 0.517
1722 0.473 0.527
1723 0.4101 0.5899
1724 0.5137 0.4863
1725 0.4444 0.5556
1726 0.4167 0.5833
1727 0.4821 0.5179
1728 0.47 0.53
1729 0.5323 0.4677
1730 0.5182 0.4818
1731 0.5 0.5
1732 0.4356 0.5644
1733 0.4935 0.5065
1734 0.5141 0.4859
1735 0.4603 0.5397
1736 0.5315 0.4685
1737 0.5645 0.4355
1738 0.493 0.507
1739 0.5278 0.4722
1740 0.5 0.5
1741 0.5324 0.4676
1742 0.587 0.413
1743 0.4819 0.5181
1744 0.4485 0.5515
1745 0.5357 0.4643
1746 0.5467 0.4533
1747 0.4573 0.5427
1748 0.5316 0.4684
1749 0.4337 0.5663
1750 0.4615 0.5385
1751 0.4906 0.5094
1752 0.5322 0.4678
1753 0.4246 0.5754
1754 0.4901 0.5099
1755 0.5188 0.4812
1756 0.5253 0.4747
1757 0.4912 0.5088
1758 0.4815 0.5185
1759 0.5671 0.4329
1760 0.5276 0.4724
1761 0.5345 0.4655
1762 0.4942 0.5058
1763 0.4917 0.5083
1764 0.5278 0.4722
1765 0.5053 0.4947
1766 0.5436 0.4564
1767 0.4439 0.5561
1768 0.4703 0.5297
1769 0.4913 0.5087
1770 0.436 0.564
1771 0.5212 0.4788
1772 0.4859 0.5141
1773 0.4573 0.5427
1774 0.5068 0.4932
1775 0.4262 0.5738
1776 0.5469 0.4531
1777 0.4409 0.5591
1778 0.5441 0.4559
1779 0.5407 0.4593
1780 0.4615 0.5385
1781 0.5132 0.4868
1782 0.5429 0.4571
1783 0.5429 0.4571
1784 0.4943 0.5057
1785 0.4968 0.5032
1786 0.5685 0.4315
1787 0.5 0.5
1788 0.4654 0.5346
1789 0.479 0.521
1790 0.4935 0.5065
1791 0.463 0.537
1792 0.4412 0.5588
1793 0.4833 0.5167
1794 0.4526 0.5474
1795 0.4932 0.5068
1796 0.4295 0.5705
1797 0.4926 0.5074
1798 0.4884 0.5116
1799 0.5163 0.4837
1800 0.4899 0.5101
1801 0.446 0.554
1802 0.4863 0.5137
1803 0.5229 0.4771
1804 0.521 0.479
1805 0.4516 0.5484
1806 0.4571 0.5429
1807 0.5097 0.4903
1808 0.5063 0.4937
1809 0.4012 0.5988
1810 0.4275 0.5725
1811 0.4961 0.5039
1812 0.5493 0.4507
1813 0.5034 0.4966
1814 0.4729 0.5271
1815 0.4917 0.5083
1816 0.5489 0.4511
1817 0.518 0.482
1818 0.5211 0.4789
1819 0.5101 0.4899
1820 0.5035 0.4965
1821 0.4462 0.5538
1822 0.5403 0.4597
1823 0.4575 0.5425
1824 0.4895 0.5105
1825 0.432 0.568
1826 0.505 0.495
1827 0.5234 0.4766
1828 0.4845 0.5155
1829 0.4537 0.5463
1830 0.4579 0.5421
1831 0.5714 0.4286
1832 0.4833 0.5167
1833 0.4762 0.5238
1834 0.4653 0.5347
1835 0.4694 0.5306
1836 0.494 0.506
1837 0.4483 0.5517
1838 0.4444 0.5556
1839 0.5051 0.4949
1840 0.5152 0.4848
1841 0.4937 0.5063
1842 0.5806 0.4194
1843 0.5333 0.4667
1844 0.4748 0.5252
1845 0.4661 0.5339
1846 0.4375 0.5625
1847 0.4615 0.5385
1848 0.4186 0.5814
1849 0.5052 0.4948
1850 0.4848 0.5152
1851 0.5106 0.4894
1852 0.4479 0.5521
1853 0.5437 0.4563
1854 0.521 0.479
1855 0.4522 0.5478
1856 0.469 0.531
1857 0.4286 0.5714
1858 0.4787 0.5213
1859 0.5185 0.4815
1860 0.5104 0.4896
1861 0.4607 0.5393
1862 0.5258 0.4742
1863 0.5804 0.4196
1864 0.4766 0.5234
1865 0.5091 0.4909
1866 0.4466 0.5534
1867 0.4466 0.5534
1868 0.4608 0.5392
1869 0.4865 0.5135
1870 0.5094 0.4906
1871 0.4301 0.5699
1872 0.5729 0.4271
1873 0.5143 0.4857
1874 0.4898 0.5102
1875 0.4217 0.5783
1876 0.5065 0.4935
1877 0.527 0.473
1878 0.4598 0.5402
1879 0.4375 0.5625
1880 0.5955 0.4045
1881 0.6176 0.3824
1882 0.5833 0.4167
1883 0.4259 0.5741
1884 0.5049 0.4951
1885 0.5049 0.4951
1886 0.4649 0.5351
1887 0.5164 0.4836
1888 0.4286 0.5714
1889 0.4762 0.5238
1890 0.4737 0.5263
1891 0.4906 0.5094
1892 0.4958 0.5042
1893 0.4948 0.5052
1894 0.5176 0.4824
1895 0.6263 0.3737
1896 0.5323 0.4677
1897 0.5303 0.4697
1898 0.4211 0.5789
1899 0.4022 0.5978
1900 0.5244 0.4756
1901 0.5581 0.4419
1902 0.5158 0.4842
1903 0.4699 0.5301
1904 0.5506 0.4494
1905 0.4706 0.5294
1906 0.5333 0.4667
1907 0.4688 0.5312
1908 0.375 0.625
1909 0.5392 0.4608
1910 0.44 0.56
1911 0.5185 0.4815
1912 0.4949 0.5051
1913 0.5922 0.4078
1914 0.5149 0.4851
1915 0.514 0.486
1916 0.5283 0.4717
1917 0.4167 0.5833
1918 0.5111 0.4889
1919 0.4891 0.5109
1920 0.5063 0.4937
1921 0.5823 0.4177
1922 0.5 0.5
1923 0.4607 0.5393
1924 0.5244 0.4756
1925 0.4268 0.5732
1926 0.4348 0.5652
1927 0.4941 0.5059
1928 0.4396 0.5604
1929 0.5065 0.4935
1930 0.4304 0.5696
1931 0.5581 0.4419
1932 0.5054 0.4946
1933 0.5 0.5
1934 0.4648 0.5352
1935 0.5119 0.4881
1936 0.3793 0.6207
1937 0.4706 0.5294
1938 0.4932 0.5068
1939 0.5682 0.4318
1940 0.4886 0.5114
1941 0.4138 0.5862
1942 0.5065 0.4935
1943 0.4875 0.5125
1944 0.4588 0.5412
1945 0.5513 0.4487
1946 0.5263 0.4737
1947 0.4607 0.5393
1948 0.3699 0.6301
1949 0.4189 0.5811
1950 0.6087 0.3913
1951 0.5049 0.4951
1952 0.5088 0.4912
1953 0.4946 0.5054
1954 0.5341 0.4659
1955 0.4138 0.5862
1956 0.5882 0.4118
1957 0.413 0.587
1958 0.3944 0.6056
1959 0.6184 0.3816
1960 0.443 0.557
1961 0.5301 0.4699
1962 0.4265 0.5735
1963 0.6203 0.3797
1964 0.494 0.506
1965 0.5116 0.4884
1966 0.4737 0.5263
1967 0.4103 0.5897
1968 0.5395 0.4605
1969 0.494 0.506
1970 0.4865 0.5135
1971 0.519 0.481
1972 0.3934 0.6066
1973 0.5806 0.4194
1974 0.3455 0.6545
1975 0.5 0.5
1976 0.5625 0.4375
1977 0.5634 0.4366
1978 0.5286 0.4714
1979 0.5224 0.4776
1980 0.5965 0.4035
1981 0.4795 0.5205
1982 0.4348 0.5652
1983 0.5455 0.4545
1984 0.4691 0.5309
1985 0.4507 0.5493
1986 0.4821 0.5179
1987 0.4328 0.5672
1988 0.4179 0.5821
1989 0.5 0.5
1990 0.4595 0.5405
1991 0.4857 0.5143
1992 0.4321 0.5679
1993 0.4384 0.5616
1994 0.4478 0.5522
1995 0.5179 0.4821
1996 0.5082 0.4918
1997 0.4722 0.5278
1998 0.5286 0.4714
1999 0.375 0.625
2000 0.4151 0.5849
2001 0.6032 0.3968
2002 0.3836 0.6164
2003 0.377 0.623
2004 0.4776 0.5224
2005 0.4143 0.5857
2006 0.4769 0.5231
2007 0.5068 0.4932
2008 0.5316 0.4684
2009 0.4634 0.5366
2010 0.4444 0.5556
2011 0.5294 0.4706
2012 0.493 0.507
2013 0.4143 0.5857
2014 0.4667 0.5333
2015 0.4754 0.5246
2016 0.4444 0.5556
2017 0.5079 0.4921
2018 0.4935 0.5065
2019 0.4416 0.5584
2020 0.4605 0.5395
2021 0.5333 0.4667
2022 0.4474 0.5526
2023 0.4583 0.5417
2024 0.6111 0.3889
2025 0.5143 0.4857
2026 0.4853 0.5147
2027 0.4808 0.5192
2028 0.5745 0.4255
2029 0.623 0.377
2030 0.5169 0.4831
2031 0.4245 0.5755
2032 0.3797 0.6203
2033 0.4521 0.5479
2034 0.4412 0.5588
2035 0.5694 0.4306
2036 0.5342 0.4658
2037 0.3973 0.6027
2038 0.5 0.5
2039 0.4603 0.5397
2040 0.5195 0.4805
2041 0.4583 0.5417
2042 0.4545 0.5455
2043 0.4776 0.5224
2044 0.6 0.4
2045 0.5479 0.4521
2046 0.5135 0.4865
2047 0.4286 0.5714
2048 0.5833 0.4167
2049 0.4043 0.5957
2050 0.5745 0.4255
2051 0.5208 0.4792
2052 0.5106 0.4894
2053 0.5745 0.4255
2054 0.3958 0.6042
2055 0.5745 0.4255
2056 0.5667 0.4333
2057 0.5526 0.4474
2058 0.377 0.623
2059 0.5357 0.4643
2060 0.4828 0.5172
2061 0.5254 0.4746
2062 0.5507 0.4493
2063 0.4375 0.5625
2064 0.4906 0.5094
2065 0.5806 0.4194
2066 0.5484 0.4516
2067 0.3934 0.6066
2068 0.4912 0.5088
2069 0.5075 0.4925
2070 0.403 0.597
2071 0.5263 0.4737
2072 0.5738 0.4262
2073 0.5469 0.4531
2074 0.4925 0.5075
2075 0.4848 0.5152
2076 0.5769 0.4231
2077 0.4865 0.5135
2078 0.4783 0.5217
2079 0.56 0.44
2080 0.5067 0.4933
2081 0.4286 0.5714
2082 0.3529 0.6471
2083 0.4231 0.5769
2084 0.5094 0.4906
2085 0.5172 0.4828
2086 0.5455 0.4545
2087 0.5536 0.4464
2088 0.4915 0.5085
2089 0.4828 0.5172
2090 0.4464 0.5536
2091 0.4889 0.5111
2092 0.463 0.537
2093 0.4545 0.5455
2094 0.4681 0.5319
2095 0.5614 0.4386
2096 0.4839 0.5161
2097 0.5 0.5
2098 0.4769 0.5231
2099 0.4167 0.5833
2100 0.5614 0.4386
2101 0.5075 0.4925
2102 0.5513 0.4487
2103 0.5349 0.4651
2104 0.3956 0.6044
2105 0.3611 0.6389
2106 0.4107 0.5893
2107 0.4444 0.5556
2108 0.4 0.6
2109 0.36 0.64
2110 0.3243 0.6757
2111 0.3611 0.6389
2112 0.5116 0.4884
2113 0.5135 0.4865
2114 0.5366 0.4634
2115 0.5 0.5
2116 0.5319 0.4681
2117 0.5094 0.4906
2118 0.463 0.537
2119 0.5116 0.4884
2120 0.449 0.551
2121 0.5417 0.4583
2122 0.4 0.6
2123 0.3438 0.6562
2124 0.6176 0.3824
2125 0.4146 0.5854
2126 0.5714 0.4286
2127 0.5577 0.4423
2128 0.4237 0.5763
2129 0.4634 0.5366
2130 0.4762 0.5238
2131 0.425 0.575
2132 0.5208 0.4792
2133 0.4889 0.5111
2134 0.4722 0.5278
2135 0.6053 0.3947
2136 0.5106 0.4894
2137 0.5 0.5
2138 0.3684 0.6316
2139 0.4348 0.5652
2140 0.4615 0.5385
2141 0.3793 0.6207
2142 0.5714 0.4286
2143 0.5455 0.4545
2144 0.4667 0.5333
2145 0.5652 0.4348
2146 0.5714 0.4286
2147 0.3929 0.6071
2148 0.4848 0.5152
2149 0.5135 0.4865
2150 0.5455 0.4545
2151 0.5882 0.4118
2152 0.5814 0.4186
2153 0.3488 0.6512
2154 0.4516 0.5484
2155 0.5429 0.4571
2156 0.5161 0.4839
2157 0.5135 0.4865
2158 0.5455 0.4545
2159 0.4222 0.5778
2160 0.5556 0.4444
2161 0.5116 0.4884
2162 0.3889 0.6111
2163 0.4062 0.5938
2164 0.4865 0.5135
2165 0.6341 0.3659
2166 0.5111 0.4889
2167 0.5333 0.4667
2168 0.5333 0.4667
2169 0.4634 0.5366
2170 0.4412 0.5588
2171 0.6429 0.3571
2172 0.4722 0.5278
2173 0.4688 0.5312
2174 0.5897 0.4103
2175 0.5667 0.4333
2176 0.5135 0.4865
2177 0.5152 0.4848
2178 0.6 0.4
2179 0.3235 0.6765
2180 0.5833 0.4167
2181 0.5789 0.4211
2182 0.3846 0.6154
2183 0.4333 0.5667
2184 0.4828 0.5172
2185 0.6 0.4
2186 0.4286 0.5714
2187 0.5938 0.4062
2188 0.3846 0.6154
2189 0.5 0.5
2190 0.6364 0.3636
2191 0.5385 0.4615
2192 0.5357 0.4643
2193 0.6207 0.3793
2194 0.4643 0.5357
2195 0.5278 0.4722
2196 0.4737 0.5263
2197 0.4615 0.5385
2198 0.3784 0.6216
2199 0.5484 0.4516
2200 0.6897 0.3103
2201 0.5455 0.4545
2202 0.5333 0.4667
2203 0.44 0.56
2204 0.5758 0.4242
2205 0.6875 0.3125
2206 0.6389 0.3611
2207 0.5476 0.4524
2208 0.625 0.375
2209 0.6471 0.3529
2210 0.5 0.5
2211 0.5 0.5
2212 0.4898 0.5102
2213 0.4318 0.5682
2214 0.4359 0.5641
2215 0.425 0.575
2216 0.5 0.5
2217 0.5 0.5
2218 0.3704 0.6296
2219 0.56 0.44
2220 0.5333 0.4667
2221 0.5526 0.4474
2222 0.4878 0.5122
2223 0.65 0.35
2224 0.381 0.619
2225 0.5909 0.4091
2226 0.4872 0.5128
2227 0.5854 0.4146
2228 0.5217 0.4783
2229 0.4528 0.5472
2230 0.3778 0.6222
2231 0.3784 0.6216
2232 0.4545 0.5455
2233 0.4524 0.5476
2234 0.4167 0.5833
2235 0.4688 0.5312
2236 0.5588 0.4412
2237 0.5128 0.4872
2238 0.3226 0.6774
2239 0.6207 0.3793
2240 0.4138 0.5862
2241 0.4643 0.5357
2242 0.4667 0.5333
2243 0.4857 0.5143
2244 0.5333 0.4667
2245 0.4324 0.5676
2246 0.2941 0.7059
2247 0.3684 0.6316
2248 0.5 0.5
2249 0.4 0.6
2250 0.6667 0.3333
2251 0.5 0.5
2252 0.6129 0.3871
2253 0.4444 0.5556
2254 0.5143 0.4857
2255 0.4643 0.5357
2256 0.3667 0.6333
2257 0.5 0.5
2258 0.4211 0.5789
2259 0.3158 0.6842
2260 0.55 0.45
2261 0.5385 0.4615
2262 0.5 0.5
2263 0.4483 0.5517
2264 0.4474 0.5526
2265 0.4872 0.5128
2266 0.4615 0.5385
2267 0.4 0.6
2268 0.48 0.52
2269 0.6452 0.3548
2270 0.4286 0.5714
2271 0.4667 0.5333
2272 0.5588 0.4412
2273 0.3714 0.6286
2274 0.4828 0.5172
2275 0.4231 0.5769
2276 0.5357 0.4643
2277 0.4815 0.5185
2278 0.4 0.6
2279 0.5882 0.4118
2280 0.6538 0.3462
2281 0.3704 0.6296
2282 0.5135 0.4865
2283 0.4545 0.5455
2284 0.5484 0.4516
2285 0.4884 0.5116
2286 0.3333 0.6667
2287 0.4516 0.5484
2288 0.4483 0.5517
2289 0.4375 0.5625
2290 0.5556 0.4444
2291 0.4878 0.5122
2292 0.5227 0.4773
2293 0.475 0.525
2294 0.5161 0.4839
2295 0.4483 0.5517
2296 0.3214 0.6786
2297 0.3667 0.6333
2298 0.5357 0.4643
2299 0.4167 0.5833
2300 0.2667 0.7333
2301 0.3333 0.6667
2302 0.68 0.32
2303 0.4231 0.5769
2304 0.5556 0.4444
2305 0.6471 0.3529
2306 0.5185 0.4815
2307 0.5 0.5
2308 0.5806 0.4194
2309 0.3793 0.6207
2310 0.6087 0.3913
2311 0.3478 0.6522
2312 0.2778 0.7222
2313 0.619 0.381
2314 0.5238 0.4762
2315 0.5217 0.4783
2316 0.4583 0.5417
2317 0.4516 0.5484
2318 0.5806 0.4194
2319 0.5385 0.4615
2320 0.5135 0.4865
2321 0.4667 0.5333
2322 0.5294 0.4706
2323 0.5 0.5
2324 0.4 0.6
2325 0.5758 0.4242
2326 0.3913 0.6087
2327 0.5652 0.4348
2328 0.6296 0.3704
2329 0.3478 0.6522
2330 0.56 0.44
2331 0.6538 0.3462
2332 0.4516 0.5484
2333 0.4074 0.5926
2334 0.28 0.72
2335 0.3077 0.6923
2336 0.5385 0.4615
2337 0.5625 0.4375
2338 0.4783 0.5217
2339 0.5 0.5
2340 0.5556 0.4444
2341 0.3913 0.6087
2342 0.45 0.55
2343 0.5833 0.4167
2344 0.3929 0.6071
2345 0.4615 0.5385
2346 0.4286 0.5714
2347 0.4286 0.5714
2348 0.7333 0.2667
2349 0.55 0.45
2350 0.3158 0.6842
2351 0.6667 0.3333
2352 0.2778 0.7222
2353 0.6667 0.3333
2354 0.4545 0.5455
2355 0.3182 0.6818
2356 0.5263 0.4737
2357 0.5789 0.4211
2358 0.4375 0.5625
2359 0.6667 0.3333
2360 0.4737 0.5263
2361 0.3043 0.6957
2362 0.5714 0.4286
2363 0.2857 0.7143
2364 0.5 0.5
2365 0.3333 0.6667
2366 0.6429 0.3571
2367 0.5789 0.4211
2368 0.4211 0.5789
2369 0.2308 0.7692
2370 0.4444 0.5556
2371 0.75 0.25
2372 0.2308 0.7692
2373 0.5 0.5
2374 0.5 0.5
2375 0.5 0.5
2376 0.4783 0.5217
2377 0.25 0.75
2378 0.45 0.55
2379 0.5 0.5
2380 0.5625 0.4375
2381 0.3889 0.6111
2382 0.2857 0.7143
2383 0.4583 0.5417
2384 0.5 0.5
2385 0.6 0.4
2386 0.2857 0.7143
2387 0.5 0.5
2388 0.4667 0.5333
2389 0.6364 0.3636
2390 0.4286 0.5714
2391 0.5556 0.4444
2392 0.5484 0.4516
2393 0.5769 0.4231
2394 0.4815 0.5185
2395 0.4444 0.5556
2396 0.2857 0.7143
2397 0.1875 0.8125
2398 0.5625 0.4375
2399 0.625 0.375
2400 0.6 0.4
2401 0.4643 0.5357
2402 0.5833 0.4167
2403 0.4815 0.5185
2404 0.4706 0.5294
2405 0.5769 0.4231
2406 0.4 0.6
2407 0.3684 0.6316
2408 0.5333 0.4667
2409 0.3333 0.6667
2410 0.4545 0.5455
2411 0.3 0.7
2412 0.5 0.5
2413 0.6429 0.3571
2414 0.7059 0.2941
2415 0.5789 0.4211
2416 0.4762 0.5238
2417 0.3684 0.6316
2418 0.4 0.6
2419 0.6 0.4
2420 0.3636 0.6364
2421 0.5556 0.4444
2422 0.4706 0.5294
2423 0.25 0.75
2424 0.6667 0.3333
2425 0.6111 0.3889
2426 0.5882 0.4118
2427 0.5 0.5
2428 0.3158 0.6842
2429 0.6087 0.3913
2430 0.4 0.6
2431 0.5455 0.4545
2432 0.4545 0.5455
2433 0.3529 0.6471
2434 0.4 0.6
2435 0.4706 0.5294
2436 0.45 0.55
2437 0.3333 0.6667
2438 0.2857 0.7143
2439 0.4545 0.5455
2440 0.7143 0.2857
2441 0.5294 0.4706
2442 0.6 0.4
2443 0.35 0.65
2444 0.4667 0.5333
2445 0.3333 0.6667
2446 0.25 0.75
2447 0.0 1.0
2448 0.3333 0.6667
2449 0.8 0.2
2450 0.375 0.625
2451 0.5556 0.4444
2452 0.25 0.75
2453 0.6667 0.3333
2454 0.6667 0.3333
2455 0.3333 0.6667
2456 0.5556 0.4444
2457 0.3571 0.6429
2458 0.5556 0.4444
2459 0.7273 0.2727
2460 0.3846 0.6154
2461 0.7143 0.2857
2462 0.75 0.25
2463 0.4286 0.5714
2464 0.4348 0.5652
2465 0.4286 0.5714
2466 0.4737 0.5263
2467 0.4375 0.5625
2468 0.5263 0.4737
2469 0.2632 0.7368
2470 0.5789 0.4211
2471 0.4737 0.5263
2472 0.6 0.4
2473 0.5556 0.4444
2474 0.7333 0.2667
2475 0.4583 0.5417
2476 0.4211 0.5789
2477 0.4615 0.5385
2478 0.5625 0.4375
2479 0.2143 0.7857
2480 0.6154 0.3846
2481 0.3333 0.6667
2482 0.5833 0.4167
2483 0.4375 0.5625
2484 0.3636 0.6364
2485 0.4545 0.5455
2486 0.7857 0.2143
2487 0.4286 0.5714
2488 0.2222 0.7778
2489 0.6667 0.3333
2490 0.6667 0.3333
2491 0.5833 0.4167
2492 0.6786 0.3214
2493 0.4783 0.5217
2494 0.5333 0.4667
2495 0.4545 0.5455
2496 0.5 0.5
2497 0.5833 0.4167
2498 0.5 0.5
2499 0.4167 0.5833
2500 0.5263 0.4737
2501 0.5294 0.4706
2502 0.5882 0.4118
2503 0.65 0.35
2504 0.4286 0.5714
2505 0.4615 0.5385
2506 0.3333 0.6667
2507 0.5556 0.4444
2508 0.6111 0.3889
2509 0.5 0.5
2510 0.5556 0.4444
2511 0.5 0.5
2512 0.2143 0.7857
2513 0.4 0.6
2514 0.5 0.5
2515 0.75 0.25
2516 0.6364 0.3636
2517 0.5333 0.4667
2518 0.5833 0.4167
2519 0.5 0.5
2520 0.5333 0.4667
2521 0.5 0.5
2522 0.4444 0.5556
2523 0.4211 0.5789
2524 0.5714 0.4286
2525 0.5 0.5
2526 0.6667 0.3333
2527 0.5882 0.4118
2528 0.3158 0.6842
2529 0.4762 0.5238
2530 0.2667 0.7333
2531 0.7273 0.2727
2532 0.5294 0.4706
2533 0.4444 0.5556
2534 0.4 0.6
2535 0.6 0.4
2536 0.6667 0.3333
2537 0.5 0.5
2538 0.5 0.5
2539 0.3636 0.6364
2540 0.5714 0.4286
2541 0.3846 0.6154
2542 0.375 0.625
2543 0.2857 0.7143
2544 0.4286 0.5714
2545 0.375 0.625
2546 0.25 0.75
2547 0.5 0.5
2548 0.4545 0.5455
2549 0.6364 0.3636
2550 0.4667 0.5333
2551 0.4 0.6
2552 0.7143 0.2857
2553 0.4444 0.5556
2554 0.8333 0.1667
2555 0.6364 0.3636
2556 0.6 0.4
2557 0.2857 0.7143
2558 0.7778 0.2222
2559 0.5 0.5
2560 0.5556 0.4444
2561 0.5 0.5
2562 0.6667 0.3333
2563 0.3 0.7
2564 0.2857 0.7143
2565 0.625 0.375
2566 0.6667 0.3333
2567 0.2222 0.7778
2568 0.625 0.375
2569 0.5833 0.4167
2570 0.4286 0.5714
2571 0.75 0.25
2572 0.5 0.5
2573 0.6842 0.3158
2574 0.64 0.36
2575 0.3043 0.6957
2576 0.7 0.3
2577 0.4091 0.5909
2578 0.3684 0.6316
2579 0.4737 0.5263
2580 0.5625 0.4375
2581 0.4375 0.5625
2582 0.5 0.5
2583 0.4667 0.5333
2584 0.4167 0.5833
2585 0.3333 0.6667
2586 0.4 0.6
2587 0.2 0.8
2588 0.625 0.375
2589 0.3636 0.6364
2590 0.1667 0.8333
2591 0.2 0.8
2592 0.6667 0.3333
2593 0.7778 0.2222
2594 0.3636 0.6364
2595 0.5 0.5
2596 0.5 0.5
2597 0.5 0.5
2598 0.5 0.5
2599 1.0 0.0
2600 0.0 1.0
2601 0.75 0.25
2602 0.5833 0.4167
2603 0.1429 0.8571
2604 0.0 1.0
2605 1.0 0.0
2606 0.0 1.0
2607 0.0 1.0
2608 0.5 0.5
2609 0.0 1.0
2610 0.0 1.0
2611 0.0 1.0
2612 0.0 1.0
2613 0.5 0.5
2614 0.6667 0.3333
2615 0.5714 0.4286
2616 0.3333 0.6667
2617 0.6667 0.3333
2618 0.3333 0.6667
2619 1.0 0.0
2620 0.8 0.2
2621 0.1429 0.8571
2622 0.8 0.2
2623 0.5 0.5
2624 0.375 0.625
2625 0.5 0.5
2626 0.5556 0.4444
2627 0.5 0.5
2628 0.5455 0.4545
2629 0.5556 0.4444
2630 0.4286 0.5714
2631 0.5 0.5
2632 0.5 0.5
2633 0.5833 0.4167
2634 0.0 1.0
2635 1.0 0.0
2636 0.5714 0.4286
2637 0.5833 0.4167
2638 0.4167 0.5833
2639 0.4 0.6
2640 0.6364 0.3636
2641 0.4545 0.5455
2642 0.375 0.625
2643 0.25 0.75
2644 1.0 0.0
2646 0.8571 0.1429
2647 0.5 0.5
2648 0.6364 0.3636
2649 0.3333 0.6667
2650 0.3 0.7
2651 0.4444 0.5556
2652 0.625 0.375
2653 0.5 0.5
2654 0.375 0.625
2655 0.3333 0.6667
2656 0.6667 0.3333
2657 0.25 0.75
2658 0.6 0.4
2659 0.5556 0.4444
2660 0.1429 0.8571
2661 0.5 0.5
2662 0.5 0.5
2663 0.5 0.5
2664 0.4 0.6
2665 0.3333 0.6667
2666 0.5 0.5
2667 0.0 1.0
2668 0.5 0.5
2669 0.75 0.25
2670 0.5 0.5
2671 0.7143 0.2857
2672 0.5 0.5
2673 0.3333 0.6667
2674 0.0 1.0
2675 1.0 0.0
2676 0.0 1.0
2677 0.5 0.5
2678 0.75 0.25
2679 0.25 0.75
2680 0.75 0.25
2681 0.6 0.4
2682 0.3333 0.6667
2683 0.6 0.4
2684 0.6 0.4
2685 0.4 0.6
2686 0.8333 0.1667
2687 0.1429 0.8571
2688 0.5 0.5
2689 0.4 0.6
2690 0.0 1.0
2691 1.0 0.0
2692 1.0 0.0
2693 0.6667 0.3333
2694 0.5 0.5
2695 1.0 0.0
2696 0.8333 0.1667
2697 0.75 0.25
2698 0.4615 0.5385
2699 0.625 0.375
2700 0.3333 0.6667
2701 0.0 1.0
2702 1.0 0.0
2703 0.8 0.2
2704 0.3333 0.6667
2705 0.5 0.5
2706 0.6667 0.3333
2707 0.2857 0.7143
2708 0.5 0.5
2709 0.625 0.375
2710 0.4286 0.5714
2711 0.5714 0.4286
2712 0.3333 0.6667
2713 0.6 0.4
2714 0.25 0.75
2715 0.25 0.75
2716 0.6 0.4
2717 0.3333 0.6667
2718 0.875 0.125
2719 0.5 0.5
2720 0.5556 0.4444
2721 0.125 0.875
2722 0.5 0.5
2723 0.75 0.25
2724 0.7778 0.2222
2725 0.5 0.5
2726 0.8 0.2
2727 0.6 0.4
2728 0.0 1.0
2729 1.0 0.0
2730 1.0 0.0
2731 0.7143 0.2857
2732 0.6 0.4
2733 0.5 0.5
2734 0.2727 0.7273
2735 0.625 0.375
2736 0.4615 0.5385
2737 0.0833 0.9167
2738 0.4286 0.5714
2739 0.4615 0.5385
2740 0.5 0.5
2741 0.3333 0.6667
2742 0.1765 0.8235
2743 0.4545 0.5455
2744 0.6429 0.3571
2745 0.3077 0.6923
2746 0.4615 0.5385
2747 0.3333 0.6667
2748 0.6875 0.3125
2749 0.4 0.6
2750 0.4444 0.5556
2751 0.6429 0.3571
2752 0.3846 0.6154
2753 0.3077 0.6923
2754 0.3636 0.6364
2755 0.375 0.625
2756 0.5556 0.4444
2757 0.2857 0.7143
2758 0.5556 0.4444
2759 0.6 0.4
2760 0.6 0.4
2761 0.4167 0.5833
2762 0.5 0.5
2763 0.4286 0.5714
2764 0.6667 0.3333
2765 0.4545 0.5455
2766 0.625 0.375
2767 0.4286 0.5714
2768 0.4 0.6
2769 0.7778 0.2222
2770 0.1429 0.8571
2771 0.5 0.5
2772 0.2727 0.7273
2773 0.375 0.625
2774 0.3333 0.6667
2775 0.2857 0.7143
2776 0.3333 0.6667
2777 0.75 0.25
2778 0.5 0.5
2779 0.6 0.4
2780 0.3333 0.6667
2781 0.5 0.5
2782 0.7143 0.2857
2783 0.4444 0.5556
2784 0.625 0.375
2785 0.25 0.75
2786 0.5714 0.4286
2787 0.5714 0.4286
2788 0.4286 0.5714
2789 0.6667 0.3333
2790 1.0 0.0
2791 0.7143 0.2857
2792 0.0 1.0
2793 0.6667 0.3333
2794 0.375 0.625
2795 0.0 1.0
2796 0.25 0.75
2797 0.6667 0.3333
2798 0.6 0.4
2799 0.6667 0.3333
2800 1.0 0.0
2801 0.0 1.0
2802 1.0 0.0
2803 0.6667 0.3333
2804 0.75 0.25
2805 0.0 1.0
2806 0.6667 0.3333
2807 0.4286 0.5714
2808 0.3 0.7
2809 0.3333 0.6667
2810 1.0 0.0
2811 0.75 0.25
2812 0.7143 0.2857
2813 0.5294 0.4706
2814 0.5789 0.4211
2815 0.25 0.75
2816 0.3333 0.6667
2817 0.5 0.5
2818 0.0 1.0
2819 0.8571 0.1429
2820 0.5882 0.4118
2821 0.5833 0.4167
2822 0.3846 0.6154
2823 0.3333 0.6667
2824 0.3333 0.6667
2825 0.5714 0.4286
2826 0.5 0.5
2827 0.2857 0.7143
2828 0.3846 0.6154
2829 0.5 0.5
2830 0.6471 0.3529
2831 0.7 0.3
2832 0.5 0.5
2833 0.3684 0.6316
2834 0.5556 0.4444
2835 0.3333 0.6667
2836 0.4091 0.5909
2837 0.3636 0.6364
2838 0.625 0.375
2839 0.3871 0.6129
2840 0.25 0.75
2841 0.625 0.375
2842 0.4444 0.5556
2843 0.1429 0.8571
2844 0.375 0.625
2845 0.7143 0.2857
2846 0.5556 0.4444
2847 0.4 0.6
2848 1.0 0.0
2849 0.0 1.0
2850 0.5 0.5
2851 0.6667 0.3333
2852 0.25 0.75
2853 0.1667 0.8333
2854 0.0 1.0
2856 1.0 0.0
2857 1.0 0.0
2858 1.0 0.0
2861 1.0 0.0
2862 0.5 0.5
2863 0.6667 0.3333
2864 0.5 0.5
2865 0.5 0.5
2866 0.6 0.4
2867 0.0 1.0
2868 1.0 0.0
2869 0.3333 0.6667
2870 0.0 1.0
2871 0.0 1.0
2872 0.0 1.0
2873 0.0 1.0
2874 0.5 0.5
2875 0.0 1.0
2877 1.0 0.0
2878 1.0 0.0
2879 0.2 0.8
2880 0.5 0.5
2881 0.0 1.0
2883 0.0 1.0
2884 1.0 0.0
2885 0.8 0.2
2886 0.2 0.8
2887 0.25 0.75
2888 0.75 0.25
2889 0.25 0.75
2890 0.5 0.5
2891 0.6667 0.3333
2892 0.5 0.5
2893 1.0 0.0
2894 0.1429 0.8571
2895 0.3333 0.6667
2896 0.5 0.5
2897 0.0 1.0
2898 0.0 1.0
2900 0.0 1.0
2901 0.0 1.0
2902 0.0 1.0
2903 0.0 1.0
2904 0.3333 0.6667
2905 0.25 0.75
2906 0.0 1.0
2911 0.0 1.0
2928 1.0 0.0
2929 1.0 0.0
2930 1.0 0.0
2931 1.0 0.0
2932 1.0 0.0
2934 1.0 0.0
2935 0.3333 0.6667
2936 0.4 0.6
2937 0.3333 0.6667
2938 0.0 1.0
2939 0.75 0.25
2940 0.5 0.5
2941 0.3333 0.6667
2942 0.6667 0.3333
2943 0.0 1.0
2944 0.0 1.0
2945 0.0 1.0
2946 0.5 0.5
2948 1.0 0.0
2949 0.5 0.5
2950 0.5 0.5
2951 0.3333 0.6667
2952 0.5 0.5
2953 0.75 0.25
2954 0.25 0.75
2955 0.5 0.5
2956 0.3333 0.6667
2957 0.6667 0.3333
2958 0.0 1.0
2959 0.6667 0.3333
2960 0.6 0.4
2961 0.3636 0.6364
2962 0.5 0.5
2963 0.2857 0.7143
2964 0.3333 0.6667
2965 0.2 0.8
2966 0.0 1.0
2968 0.5 0.5
2969 1.0 0.0
2970 0.5 0.5
2971 0.75 0.25
2972 0.5 0.5
2973 0.75 0.25
2974 0.25 0.75
2975 0.0 1.0
2976 1.0 0.0
2977 1.0 0.0
2978 1.0 0.0
2979 0.6667 0.3333
2980 0.0 1.0
2981 0.0 1.0
2982 1.0 0.0
2989 1.0 0.0
2990 0.5 0.5
2991 0.6667 0.3333
2992 0.0 1.0
2993 0.0 1.0
2994 0.5 0.5
2995 0.0 1.0
2996 1.0 0.0
2997 0.3333 0.6667
2998 1.0 0.0
2999 0.75 0.25
3000 0.6667 0.3333
3001 0.3333 0.6667
3002 0.25 0.75
3003 0.5 0.5
3004 0.0 1.0
3005 0.0 1.0
3006 0.5 0.5
3007 1.0 0.0
3008 0.5 0.5
3009 1.0 0.0
3010 0.6667 0.3333
3011 0.5 0.5
3012 0.5 0.5
3013 0.5714 0.4286
3014 0.2857 0.7143
3015 0.3333 0.6667
3016 0.0 1.0
3017 1.0 0.0
3018 0.5 0.5
3019 0.0 1.0
3020 0.75 0.25
3021 0.25 0.75
3022 1.0 0.0
3024 0.0 1.0
3025 0.6667 0.3333
3026 0.6667 0.3333
3027 0.3333 0.6667
3028 0.8 0.2
3029 0.25 0.75
3030 0.5 0.5
3031 1.0 0.0
3032 0.4 0.6
3033 0.5 0.5
3034 0.3333 0.6667
3035 1.0 0.0
3036 0.6667 0.3333
3037 0.75 0.25
3038 0.3333 0.6667
3039 0.75 0.25
3040 0.5 0.5
3041 1.0 0.0
3042 0.5 0.5
3043 0.5 0.5
3044 1.0 0.0
3045 0.6667 0.3333
3046 0.25 0.75
3047 0.4 0.6
3048 0.5 0.5
3049 0.4 0.6
3050 0.375 0.625
3051 0.5 0.5
3052 0.5 0.5
3053 1.0 0.0
3054 0.0 1.0
3056 1.0 0.0
3057 0.5 0.5
3058 1.0 0.0
3059 1.0 0.0
3060 1.0 0.0
3061 1.0 0.0
3062 0.5 0.5
3063 0.5 0.5
3064 0.3333 0.6667
3067 0.5 0.5
3068 0.3333 0.6667
3069 0.3333 0.6667
3070 0.0 1.0
3073 0.0 1.0
3075 0.5 0.5
3076 0.0 1.0
3078 0.0 1.0
3079 0.0 1.0
3128 1.0 0.0
3132 1.0 0.0
3133 1.0 0.0
3137 1.0 0.0
3138 0.6667 0.3333
3139 0.5 0.5
3140 1.0 0.0
3141 1.0 0.0
3142 0.5 0.5
3146 1.0 0.0
3147 0.0 1.0
