0 0.49053955078125
1 0.489166259765625
2 0.49163818359375
3 0.490142822265625
4 0.492767333984375
5 0.4918060302734375
6 0.489532470703125
7 0.4902191162109375
8 0.487884521484375
9 0.4910430908203125
10 0.48919677734375
11 0.492523193359375
12 0.48944091796875
13 0.49249267578125
14 0.4917449951171875
15 0.49176025390625
16 0.49188232421875
17 0.4883270263671875
18 0.4896697998046875
19 0.4881591796875
20 0.4900054931640625
21 0.490997314453125
22 0.4893798828125
23 0.49169921875
24 0.493682861328125
25 0.4893341064453125
26 0.493194580078125
27 0.4916534423828125
28 0.4900360107421875
29 0.492828369140625
30 0.49444580078125
31 0.488311767578125
32 0.4900970458984375
33 0.4916534423828125
34 0.492218017578125
35 0.48968505859375
36 0.490386962890625
37 0.49188232421875
38 0.49102783203125
39 0.488616943359375
40 0.492645263671875
41 0.4918212890625
42 0.4912567138671875
43 0.490509033203125
44 0.4915313720703125
45 0.4911651611328125
46 0.491119384765625
47 0.4909820556640625
48 0.4927215576171875
49 0.4937286376953125
50 0.492950439453125
51 0.4913330078125
52 0.4913330078125
53 0.488128662109375
54 0.4922027587890625
55 0.49481201171875
56 0.489990234375
57 0.492095947265625
58 0.491912841796875
59 0.490814208984375
60 0.490966796875
61 0.49249267578125
62 0.4905242919921875
63 0.49261474609375
