0 0.4880523681640625
1 0.4901275634765625
2 0.4909515380859375
3 0.4927978515625
4 0.4921417236328125
5 0.491546630859375
6 0.49139404296875
7 0.4913482666015625
8 0.49078369140625
9 0.49371337890625
10 0.491424560546875
11 0.4909820556640625
12 0.492156982421875
13 0.49237060546875
14 0.4908599853515625
15 0.4916839599609375
16 0.4894866943359375
17 0.4905853271484375
18 0.4917755126953125
19 0.4907073974609375
20 0.491119384765625
21 0.4897308349609375
22 0.4925537109375
23 0.491973876953125
24 0.4910430908203125
25 0.492340087890625
26 0.4918670654296875
27 0.491424560546875
28 0.4911956787109375
29 0.4924163818359375
30 0.4898834228515625
31 0.4912261962890625
32 0.4899139404296875
33 0.4935302734375
34 0.4909820556640625
35 0.489654541015625
36 0.4894561767578125
37 0.4925994873046875
38 0.49053955078125
39 0.48944091796875
40 0.4900665283203125
41 0.4923248291015625
42 0.491546630859375
43 0.493255615234375
44 0.4924774169921875
45 0.489532470703125
46 0.491607666015625
47 0.4910430908203125
48 0.49151611328125
49 0.49041748046875
50 0.4919281005859375
51 0.4902191162109375
52 0.489349365234375
53 0.48883056640625
54 0.491973876953125
55 0.490692138671875
56 0.4931182861328125
57 0.4921722412109375
58 0.49151611328125
59 0.49212646484375
60 0.4943695068359375
61 0.489959716796875
62 0.49066162109375
63 0.49169921875
