0 0.2433929443359375
1 0.240966796875
2 0.2494049072265625
3 0.278961181640625
4 0.2358856201171875
5 0.250946044921875
6 0.24481201171875
7 0.2481842041015625
8 0.244781494140625
9 0.2598114013671875
10 0.2490081787109375
11 0.256072998046875
12 0.2362060546875
13 0.225982666015625
14 0.247711181640625
15 0.237091064453125
16 0.233367919921875
17 0.26092529296875
18 0.2546539306640625
19 0.23956298828125
20 0.2462005615234375
21 0.255859375
22 0.248443603515625
23 0.2490234375
24 0.27044677734375
25 0.2335357666015625
26 0.2510223388671875
27 0.263336181640625
28 0.261688232421875
29 0.269744873046875
30 0.23065185546875
31 0.2441253662109375
32 0.2552642822265625
33 0.2358245849609375
34 0.2510986328125
35 0.2454833984375
36 0.230377197265625
37 0.240203857421875
38 0.2391510009765625
39 0.2111053466796875
40 0.2555084228515625
41 0.2446136474609375
42 0.2558135986328125
43 0.25250244140625
44 0.247467041015625
45 0.2501678466796875
46 0.282501220703125
47 0.2772216796875
48 0.2572479248046875
49 0.2306976318359375
50 0.2442474365234375
51 0.23095703125
52 0.260528564453125
53 0.2366790771484375
54 0.2310333251953125
55 0.2417755126953125
56 0.2497100830078125
57 0.2558746337890625
58 0.231597900390625
59 0.24993896484375
60 0.2360382080078125
61 0.2478790283203125
62 0.258392333984375
63 0.234161376953125
