1 7328862 21076946 1129229 21076946
2 6735893 10474969 1329821 10474969
3 6155948 6167201 1375542 8542783
4 5510492 5035284 1302980 7177359
5 4980255 4296630 1226390 6258963
6 4551899 3809897 1144982 5590658
7 4203759 3453496 1070828 5085465
8 3917542 3184573 1007124 4686249
9 3677765 2973928 948765 4367338
10 3471197 2802703 898173 4101409
11 3291993 2657697 851068 3873416
12 3135121 2530124 809062 3676175
13 2998649 2420534 773829 3503531
14 2874506 2324774 740707 3352312
15 2761430 2240259 708118 3218225
16 2661452 2160366 680499 3093936
17 2567447 2089730 656796 2983131
18 2489116 2023772 631375 2880377
19 2412318 1969365 610599 2792734
20 2340832 1915637 589623 2707272
21 2274495 1863776 571415 2629632
22 2211341 1817796 554525 2557781
23 2151086 1773981 536515 2486573
24 2097344 1729239 521470 2421222
25 2045656 1691714 505780 2361364
26 1999223 1654197 493103 2304421
27 1954881 1619650 479663 2250364
28 1912542 1586079 467830 2200184
29 1869628 1555920 457566 2153651
30 1830907 1526216 444197 2110028
31 1797265 1497097 435032 2065358
32 1758392 1473395 425032 2027106
33 1724173 1443689 414116 1984432
34 1695974 1416129 405681 1943797
35 1664796 1396589 396976 1914441
36 1635778 1373820 388496 1878471
37 1607970 1350246 381655 1844398
38 1579282 1329057 372584 1812150
39 1553809 1307832 365211 1781908
40 1528858 1288286 357379 1752399
41 1504855 1270425 350895 1725282
42 1479880 1252144 344535 1697501
43 1456436 1232609 338318 1669065
44 1435751 1214098 332434 1643095
45 1412861 1199167 325421 1619904
46 1393147 1182761 320479 1595692
47 1371886 1167950 314810 1573021
48 1352874 1149996 308745 1548945
49 1331821 1136290 303318 1527470
50 1314105 1120608 297986 1505170
51 1296865 1105885 292628 1483765
52 1277649 1091585 288985 1463687
53 1261494 1077225 284135 1443328
54 1243589 1065112 279847 1425413
55 1228780 1051811 274887 1404819
56 1212915 1038276 270424 1386794
57 1197586 1024682 266851 1368395
58 1180992 1013309 262979 1352640
59 1168474 1001094 258179 1333645
60 1154621 990238 255400 1318508
61 1139148 979314 252324 1301590
62 1124784 967866 247531 1286798
63 1111416 957620 243624 1272101
64 1096536 946625 240713 1255453
65 1084401 934062 236606 1238943
66 1070558 924402 233765 1225922
67 1056145 912784 229430 1209083
68 1043046 900532 227063 1193231
69 1033122 891011 224025 1178464
70 1021186 883399 221522 1167314
71 1010647 873670 217650 1153758
72 1001870 864738 215096 1141711
73 990084 856989 212794 1129755
74 977843 847084 210099 1117610
75 968965 838912 207212 1105011
76 957074 832246 204439 1094493
77 946509 820450 201986 1079925
78 936740 812017 198991 1068207
79 926305 804373 196747 1058063
80 916205 795893 194499 1045202
81 908082 787940 192198 1034706
82 900424 780413 189954 1024221
83 889110 774753 187244 1016189
84 880291 765375 184864 1003255
85 871175 757543 182828 993341
86 861939 751074 181199 983618
87 853713 743268 178330 972283
88 844109 736090 175597 963669
89 837360 728146 173567 952719
90 829420 722226 172153 943865
91 823210 715666 170502 935661
92 816742 711785 168124 929118
93 806411 706465 166649 921813
94 799093 697243 164898 909142
95 790649 691295 162658 900440
96 783841 683643 160972 892098
97 775445 678312 159797 884338
98 768653 672222 157213 875390
99 761635 666818 155179 867725
100 753568 661195 154103 859852
101 748875 654245 151475 850546
102 740197 649640 151067 844506
103 732621 642135 149336 834967
104 726000 636990 147144 827124
105 718708 630808 144612 819251
106 711926 623275 143575 810406
107 704533 618163 142933 803035
108 698120 612756 140524 794895
109 692381 606764 140047 787692
110 685284 602792 137959 781896
111 680599 596908 136791 773246
112 673312 591950 134979 766560
113 668174 585412 133633 758699
114 663342 580744 132787 752517
115 658483 576794 131070 746784
116 652799 572633 129945 741557
117 645647 568474 128150 735548
118 638989 562305 126648 727298
119 634531 557575 124847 720804
120 628008 553209 124102 714754
121 621035 547149 123026 707263
122 615545 542197 121937 700213
123 610629 537651 120440 694002
124 605036 533355 118541 688482
125 599707 528026 117634 681961
126 593755 523255 116864 674963
127 587111 518423 115484 668618
128 583250 512722 114274 661885
129 578217 509411 113849 657099
130 573421 505873 111990 652219
131 568576 502673 110526 647929
132 563316 498226 110329 640983
133 558194 493553 108273 635486
134 555102 488144 108226 628689
135 550737 485726 107337 624657
136 546108 481563 106247 619447
137 543111 476766 105110 613617
138 536866 474510 103655 611085
139 532471 469685 103568 603949
140 528605 466616 102183 599296
141 523590 463013 101030 595282
142 516605 458566 100439 589535
143 512807 453418 99174 583140
144 509475 450108 97968 577478
145 505965 446860 97091 574499
146 501614 444506 96428 570462
147 497551 440202 95204 565929
148 494429 436961 94493 560875
149 489274 434477 93632 557195
150 484725 429786 92913 551434
151 480480 425928 91838 546025
152 476259 422342 90453 541470
153 471833 418685 90430 536359
154 468090 414527 89564 532088
155 465550 411992 88158 527580
156 463107 409611 87641 524240
157 458773 406801 86665 520690
158 455129 403456 85873 516606
159 450970 399503 85974 511697
160 445609 396759 84507 507844
161 442051 392263 83304 502658
162 439766 389209 83077 498231
163 435803 387707 82645 495864
164 432052 385036 81712 491300
165 427544 380778 80458 487170
166 425030 376693 80335 482297
167 422887 375039 79485 479682
168 419742 372913 78559 476255
169 416887 369066 78365 471573
170 414434 367209 77387 468837
171 410165 365259 76742 466841
172 407267 361954 76594 462282
173 404476 359509 75418 459200
174 401655 356894 75027 455829
175 398306 353978 74372 451957
176 393876 351205 73015 448677
177 391176 347747 72998 443588
178 388062 344834 72445 439612
179 384714 341603 71603 436002
180 381952 339116 70664 433003
181 379271 337086 70127 429892
182 376909 334384 69752 426854
183 374191 332769 69232 424357
184 372037 330509 68723 421106
185 369756 327757 68418 417555
186 366386 325876 67753 415057
187 362988 323089 67044 412031
188 359539 320810 66296 409194
189 355522 317871 65948 404664
190 353264 314545 65260 400748
191 351824 312607 64455 398403
192 349467 311501 64253 396171
193 346975 308482 63504 392344
194 344179 306174 63017 390072
195 342354 303903 62573 386572
196 339659 302339 62079 384917
197 335793 299940 61671 381771
198 333634 297197 61076 377968
199 331611 295043 60737 374936
200 327007 293289 59743 372948
201 324680 288980 59194 367628
202 322508 286592 59110 364582
203 320027 285066 58605 362624
204 318571 283472 57932 360224
205 314888 282297 57657 358772
206 311922 279274 56392 354615
207 310389 275913 56562 350993
208 309099 274921 55928 349074
209 306809 273962 55569 347922
210 304522 272113 55125 345228
211 301875 269724 54909 342253
212 298441 267659 54161 339957
213 297208 264926 53717 336414
214 295355 263437 53297 334755
215 291731 261706 52750 332129
216 288788 258185 52265 328343
217 286368 255880 51723 325318
218 285393 254541 51899 322795
219 284017 254265 50920 321982
220 282323 252713 50649 320036
221 279959 250627 50336 317400
222 278621 248236 50082 314770
223 275802 246659 49496 312052
224 274159 243963 49480 309299
225 271840 242895 48448 307959
226 269430 240822 48555 305415
227 266941 238861 47975 302794
228 266083 237027 47838 300319
229 263804 236865 46733 299794
230 262695 234204 46684 296906
231 260631 232974 46429 294584
232 257680 230688 46155 292420
233 256911 228512 45677 289528
234 254481 227984 45361 289002
235 252450 226235 45023 286166
236 250652 224209 44500 283626
237 248367 222427 44055 282236
238 245096 220759 43959 279700
239 243970 218621 43601 276380
240 243673 217701 43104 274893
241 241322 216888 43059 274317
242 240129 214803 42416 271255
243 238625 213140 42040 269902
244 236822 211857 41865 268110
245 234951 210438 41549 266319
246 232805 209188 41200 264071
247 231624 206977 40707 261942
248 230123 205852 40587 260250
249 228488 204541 39892 258641
250 226013 202761 40181 256766
251 224221 201533 39380 254278
252 223111 199568 39287 252037
253 221849 198084 39099 250618
254 219934 197326 38825 249511
255 218211 196146 38450 247771
256 217314 194269 38374 245518
257 215155 193327 37892 244071
258 213876 191488 37638 242037
259 212647 190911 37268 240455
260 210722 189707 36956 239119
261 210019 187586 36860 236830
262 208345 187013 36301 236153
263 207246 185208 36050 234006
264 205727 184145 35919 232680
265 203632 183281 35570 231353
266 201966 181293 35059 228637
267 200812 179485 34714 226686
268 198658 178209 34674 224724
269 196177 176266 34123 222793
270 194197 174338 33887 220274
271 193780 172616 33430 218001
272 193115 172073 33485 217319
273 191266 171631 33596 216507
274 190233 170428 33168 215298
275 188881 169418 32902 213337
276 187382 168085 32561 212240
277 184445 167234 32148 211044
278 183846 164637 32238 207398
279 182942 163759 32004 206762
280 182152 163475 31420 206069
281 180999 162466 31530 204981
282 179581 161217 31363 203062
283 178579 160021 30841 201965
284 177398 158894 30605 200461
285 175438 158127 30465 199340
286 174591 156108 30387 197157
287 173154 155645 30010 195988
288 172374 153867 29968 193950
289 171741 153126 29635 193120
290 170609 152941 29130 192719
291 168719 151793 29456 191383
292 167654 150721 28716 189921
293 166548 149320 28902 188057
294 164541 148165 28768 187019
295 164071 146949 28271 185211
296 162925 146566 27863 184478
297 162108 144924 28304 182951
298 160793 144974 27924 182603
299 159989 143917 27702 181180
300 159094 143103 27113 179940
301 157705 141829 27314 178747
302 157265 140667 26595 177252
303 155374 139869 26560 176298
304 154303 138430 26264 174470
305 153352 137492 26016 173471
306 152598 136714 26044 172197
307 151333 136373 25980 171321
308 149649 134821 25420 169606
309 149148 133215 25541 167912
310 146653 133304 25093 167490
311 145949 130628 24787 164725
312 144936 130069 24718 163645
313 143701 128980 24434 162221
314 142794 128069 24479 161271
315 141648 127278 24209 160284
316 140795 126510 24175 159152
317 139774 125728 24168 158263
318 138853 124781 23700 157074
319 138230 123981 23719 156209
320 137641 123447 23272 155379
321 136286 122257 23338 153987
322 135243 121382 23071 152758
323 133772 120693 22632 152044
324 132901 119647 22896 150586
325 132002 118667 22528 149037
326 131021 117932 22382 148486
327 130277 116959 22031 147251
328 130028 116196 21973 146349
329 128998 116289 21661 145977
330 127838 115084 21701 144635
331 127411 114208 21686 143503
332 126249 113727 21508 142750
333 125088 112665 20987 141637
334 123382 111623 20877 140668
335 123235 110380 20849 138756
336 122741 110267 20675 138364
337 121837 109541 20691 137688
338 120281 109060 20535 136682
339 120338 107488 20164 135101
340 119355 107588 20172 135072
341 118183 106602 20115 134240
342 117300 105668 19687 132631
343 116848 104609 19839 131590
344 116036 104461 19627 131200
345 114782 103580 19348 130457
346 114002 102522 19244 128831
347 113718 101720 18997 127663
348 112536 101316 19155 127270
349 111429 100722 18659 126607
350 111099 99660 18494 125175
351 110375 99010 18602 124186
352 109231 98622 18576 123649
353 109284 97883 18217 122685
354 108455 97550 18213 122445
355 107516 96796 18057 121479
356 106742 95819 17813 120326
357 105921 95063 17741 119606
358 105219 94752 17718 118928
359 105002 94303 17487 118110
360 103972 93674 17194 117306
361 103338 92541 17200 116256
362 101413 91924 16964 115308
363 101351 90080 17214 113173
364 100757 90288 16634 113604
365 100458 90062 16587 113033
366 99117 89615 16589 112415
367 98273 88711 16505 111276
368 97166 88249 16111 110641
369 97228 87225 16468 109198
370 96862 86745 15988 109052
371 95676 86511 15903 108371
372 95242 85285 15898 107233
373 94576 85071 15676 106618
374 93421 84655 15471 106200
375 93150 83772 15249 104885
376 92066 83368 15312 104625
377 92102 82368 15278 103228
378 92157 82198 14952 103045
379 90652 82241 15224 103121
380 89994 81201 14950 101606
381 89972 80555 14692 100980
382 88791 80405 14983 100574
383 87321 79330 14769 99444
384 87620 78302 14466 98294
385 86907 78523 14553 98359
386 86236 77887 14211 97639
387 85980 77331 14327 96749
388 85343 76606 13999 96080
389 84434 76098 14070 95647
390 83935 75480 13704 94616
391 83342 74989 13864 94135
392 83031 74457 13632 93162
393 81940 74010 13544 92832
394 81338 73139 13393 91529
395 81714 72236 13432 90758
396 81247 72658 13642 91188
397 80209 72694 13339 91139
398 79599 72145 13138 90279
399 79486 71378 13054 89152
400 78418 71123 12802 89071
401 77855 70089 12756 87937
402 77242 69659 12836 87157
403 76252 69113 12605 86711
404 76547 68476 12572 85695
405 76326 68650 12588 85902
406 75820 68569 12440 85804
407 74523 68327 12422 85426
408 73950 66973 12175 83829
409 73919 66247 12049 83084
410 73688 66163 11950 82690
411 72930 65714 11953 82415
412 72262 65124 12044 81617
413 71872 64947 11731 81120
414 71831 64346 11814 80658
415 71506 64387 11562 80530
416 70740 63891 11725 79976
417 70210 63440 11312 79345
418 69991 62757 11394 78463
419 69416 62705 11336 78540
420 68915 62253 11350 77788
421 67979 61763 11112 77238
422 67316 61099 11039 76456
423 66601 60388 11101 75428
424 66404 59811 10926 74782
425 65776 59631 10743 74683
426 65214 58841 10683 73345
427 64959 58000 10610 72902
428 64574 58332 10538 73051
429 64714 58018 10279 72437
430 63602 57878 10521 72269
431 63262 56929 10441 71254
432 62259 56799 10312 71046
433 62021 55947 10280 69901
434 61663 55532 10000 69728
435 61241 55293 9924 69179
436 60769 54744 10061 68682
437 60431 54325 9963 67934
438 60467 54006 9900 67726
439 60016 54036 9780 67723
440 59774 53714 9725 67344
441 59352 53474 9617 66911
442 58395 53224 9581 66672
443 58381 52297 9386 65582
444 58058 52352 9334 65344
445 57155 51594 9339 64727
446 56653 51045 9468 64141
447 55961 51102 9167 63917
448 55706 50236 9244 62823
449 55573 50083 9085 62749
450 55726 50067 8911 62716
451 55688 50085 8903 62535
452 54628 49856 8860 62433
453 54356 49210 8828 61512
454 53865 48892 8820 61061
455 52995 48497 8593 60542
456 53116 47570 8727 59572
457 52512 47779 8629 59743
458 52012 47269 8594 59084
459 51672 46624 8449 58396
460 51168 46597 8415 58315
461 50747 46073 8139 57544
462 50725 45661 8185 57109
463 50180 45473 8153 56838
464 49973 45097 8128 56454
465 49541 44916 7989 56133
466 49726 44263 7953 55456
467 49334 44532 7901 55686
468 49376 44038 7891 55052
469 48376 44069 8174 55019
470 47844 43402 7636 54453
471 48163 42946 7819 53584
472 48041 43114 7809 53800
473 47728 43049 7625 53858
474 47530 42677 7632 53359
475 46828 42579 7614 53031
476 46787 41958 7499 52540
477 46199 42003 7482 52432
478 45851 41569 7432 51864
479 45476 41159 7353 51621
480 45210 40946 7366 51134
481 44661 40723 7242 50933
482 44791 40255 7075 50378
483 44375 40260 6999 50266
484 44057 39946 6985 49924
485 43502 39328 6982 49148
486 43366 39029 6895 48909
487 43176 39082 6910 48671
488 42601 38957 6867 48397
489 42592 38142 6908 47445
490 42523 37986 6879 47604
491 42202 38139 6934 47686
492 41551 37945 6711 47263
493 41702 37306 6607 46543
494 41367 37332 6662 46620
495 40783 37064 6594 46220
496 41057 36332 6610 45544
497 40787 36788 6620 45927
498 40542 36570 6456 45691
499 39843 36249 6490 45176
500 39747 35636 6447 44629
501 39561 35745 6392 44625
502 39312 35575 6232 44368
503 38758 35163 6248 43885
504 38598 34690 6280 43396
505 38207 34616 6231 43342
506 37740 34303 6126 42965
507 37593 33945 5950 42553
508 37438 33769 5895 42153
509 37169 33411 5907 41797
510 36428 33409 5820 41703
511 36403 32561 5804 40755
512 36023 32494 5817 40624
513 35982 32206 5749 40528
514 35555 32540 5739 40574
515 35622 31930 5612 39986
516 35416 32077 5778 39900
517 35343 31971 5627 39941
518 35237 31762 5588 39752
519 34871 31663 5556 39557
520 34222 31379 5544 39100
521 34286 30838 5422 38531
522 34044 30833 5497 38436
523 33768 30495 5387 38266
524 33733 30340 5377 37921
525 33341 30415 5331 37887
526 33220 30080 5370 37451
527 33299 29980 5330 37233
528 32698 29887 5336 37272
529 32697 29386 5187 36686
530 32276 29462 5099 36643
531 31874 29007 5125 36138
532 31894 28696 5139 35854
533 31783 28714 5135 35806
534 31267 28749 5078 35787
535 31134 28181 4928 35196
536 30803 27885 5002 34888
537 30715 27778 4893 34677
538 30712 27813 4942 34727
539 30339 27724 4870 34599
540 30309 27418 4843 34238
541 30243 27334 4973 33976
542 29959 27442 4733 34133
543 29653 27024 4701 33654
544 29437 26627 4766 33193
545 29574 26497 4695 32957
546 29451 26568 4682 33154
547 29140 26486 4486 32943
548 28344 26041 4563 32382
549 27896 25404 4507 31811
550 27507 25084 4388 31218
551 27736 24607 4401 30862
552 27686 24815 4437 30955
553 27587 24798 4480 30922
554 27164 24780 4411 30950
555 27301 24509 4327 30549
556 27273 24542 4390 30617
557 27308 24630 4268 30570
558 26953 24477 4235 30391
559 26864 23955 4317 30011
560 26450 23910 4268 29771
561 26113 23618 4135 29616
562 26255 23439 4056 29144
563 25959 23420 4030 29249
564 25838 23152 3963 28852
565 25496 23074 3989 28807
566 25459 22823 4111 28385
567 25510 22761 4032 28456
568 25602 23059 3989 28672
569 25264 23013 3970 28583
570 25186 22650 3836 28265
571 24813 22533 3794 28027
572 24672 22333 3850 27810
573 24228 22209 3862 27606
574 24102 21859 3840 27100
575 24315 21685 3735 27081
576 23940 21849 3756 27187
577 23497 21342 3644 26621
578 23400 20898 3593 26111
579 23218 20852 3734 26097
580 22930 20845 3640 25955
581 22984 20416 3564 25411
582 22898 20448 3533 25613
583 22547 20640 3613 25639
584 22470 20180 3486 25181
585 22098 20221 3407 25193
586 22048 19866 3422 24903
587 22210 19886 3462 24783
588 21958 20127 3443 25039
589 21879 19707 3365 24620
590 21743 19686 3487 24459
591 21929 19553 3358 24225
592 21570 19658 3527 24549
593 21522 19509 3367 24050
594 21253 19299 3356 23965
595 21116 19025 3388 23641
596 20587 18960 3324 23623
597 20459 18455 3309 22918
598 20218 18215 3277 22838
599 20362 18115 3188 22650
600 20573 18281 3235 22672
601 20305 18466 3215 22946
602 19981 18222 3209 22691
603 20165 18016 3191 22407
604 20126 18119 3171 22543
605 19862 18115 3074 22659
606 19635 17872 3120 22261
607 19702 17764 3060 22091
608 19282 17918 3056 22260
609 19052 17523 3015 21830
610 18827 17340 2942 21583
611 19011 17066 2934 21196
612 18613 17003 2961 21175
613 18625 16707 2895 20809
614 18325 16797 2928 20906
615 18284 16615 2838 20573
616 18238 16443 2827 20494
617 18001 16386 2855 20387
618 18082 16346 2756 20252
619 17921 16350 2748 20223
620 17890 16008 2742 20012
621 17673 15957 2800 19869
622 17594 15742 2836 19555
623 17318 15774 2878 19729
624 17301 15605 2692 19549
625 17422 15551 2719 19373
626 17120 15705 2650 19510
627 16968 15331 2703 19038
628 16647 15154 2647 18960
629 16521 15066 2712 18803
630 16172 15090 2583 18663
631 16541 14613 2646 18184
632 16508 14862 2670 18555
633 16534 14997 2566 18575
634 16285 14934 2621 18524
635 16303 14693 2504 18241
636 15948 14779 2493 18283
637 15853 14505 2527 17999
638 15745 14370 2445 17904
639 15312 14272 2465 17780
640 15472 13982 2499 17330
641 15651 14151 2403 17472
642 15636 14033 2464 17518
643 15527 14103 2430 17482
644 15458 14004 2339 17496
645 15303 13899 2420 17236
646 15091 13662 2358 17086
647 15118 13553 2366 16897
648 14916 13640 2377 16954
649 15076 13532 2390 16829
650 14903 13678 2269 16862
651 14732 13360 2367 16564
652 14832 13232 2279 16416
653 14780 13215 2203 16484
654 14608 13142 2311 16433
655 14396 13127 2257 16372
656 14221 13114 2212 16175
657 14361 12799 2132 15865
658 14094 12806 2150 15970
659 13857 12639 2085 15723
660 13736 12406 2105 15467
661 13767 12294 2079 15247
662 13646 12219 2090 15240
663 13726 12107 2156 15175
664 13748 12199 2203 15096
665 13558 12353 2133 15410
666 13324 12322 2060 15294
667 13331 12169 2139 15063
668 13326 12164 2015 15015
669 13312 12071 2062 14965
670 13012 12003 1934 14806
671 12987 11714 2044 14496
672 12611 11677 2051 14471
673 12891 11451 1895 14215
674 13028 11599 1968 14403
675 12880 11650 1924 14381
676 12619 11462 1984 14283
677 12645 11352 1914 14196
678 12745 11510 1998 14206
679 12715 11608 1924 14347
680 12375 11450 1956 14118
681 12442 11072 1815 13824
682 12281 11070 1927 13756
683 12257 10835 1858 13557
684 12111 10857 1898 13553
685 11966 10873 1797 13502
686 11942 10792 1789 13387
687 11711 10685 1788 13257
688 11561 10481 1831 12987
689 11338 10495 1756 13096
690 11326 10253 1759 12667
691 11021 10241 1727 12677
692 11110 9935 1672 12307
693 10998 9874 1714 12318
694 10987 9811 1713 12212
695 11116 9939 1631 12288
696 10715 10055 1726 12408
697 10650 9663 1698 12012
698 10716 9555 1574 11903
699 10558 9556 1640 11858
700 10631 9371 1677 11661
701 10547 9469 1682 11751
702 10350 9449 1599 11737
703 10273 9330 1617 11603
704 10263 9214 1656 11469
705 10342 9283 1616 11538
706 10329 9326 1568 11564
707 10134 9393 1610 11615
708 10098 9202 1529 11362
709 10183 9039 1651 11204
710 10050 9154 1615 11390
711 9843 9049 1547 11279
712 9789 8909 1455 11114
713 9941 8843 1549 10992
714 9776 8955 1506 11046
715 9725 8731 1525 10935
716 9431 8732 1455 10828
717 9561 8435 1473 10576
718 9507 8649 1533 10714
719 9262 8649 1457 10672
720 9177 8424 1455 10464
721 9202 8324 1414 10368
722 9112 8380 1460 10415
723 9109 8298 1389 10288
724 9326 8254 1433 10274
725 9087 8370 1390 10332
726 9049 8129 1411 10203
727 8815 8169 1391 10143
728 8887 8020 1309 9932
729 8891 7991 1375 9893
730 8836 7929 1333 9881
731 8736 7989 1339 9930
732 8589 7930 1379 9868
733 8391 7885 1312 9808
734 8244 7704 1271 9547
735 8264 7426 1261 9309
736 8265 7516 1230 9358
737 8162 7465 1266 9319
738 7987 7409 1308 9210
739 8133 7264 1221 8998
740 8150 7206 1195 8981
741 8055 7220 1206 9062
742 7991 7131 1264 8882
743 7944 7112 1264 8928
744 7936 7226 1192 8968
745 7841 7158 1175 8931
746 7853 7091 1192 8797
747 7835 7058 1249 8732
748 7769 7062 1200 8790
749 7674 6992 1178 8699
750 7793 6913 1171 8587
751 7631 6972 1265 8594
752 7398 6796 1197 8449
753 7501 6674 1211 8361
754 7582 6839 1142 8525
755 7631 6894 1150 8533
756 7605 6873 1156 8505
757 7315 6798 1120 8467
758 7357 6588 1082 8229
759 7270 6653 1100 8186
760 7168 6500 1089 8127
761 7056 6446 1063 8051
762 7045 6351 1081 7832
763 6922 6278 1125 7797
764 6889 6222 1113 7771
765 6819 6252 1071 7778
766 6726 6191 1094 7720
767 6826 6133 1014 7646
768 6813 6209 1029 7718
769 6771 6166 1031 7702
770 6741 6160 959 7629
771 6672 6062 1043 7533
772 6743 5987 978 7398
773 6688 5988 1042 7435
774 6623 5962 1020 7425
775 6466 5889 1009 7358
776 6454 5767 1012 7244
777 6342 5831 921 7219
778 6356 5659 1012 7061
779 6335 5738 978 7107
780 6281 5679 957 7042
781 6248 5688 923 7019
782 6272 5640 984 6956
783 6091 5664 994 7008
784 6163 5547 896 6853
785 6189 5551 942 6888
786 6124 5510 960 6811
787 6000 5519 937 6849
788 6023 5403 888 6745
789 5910 5436 938 6753
790 5832 5297 897 6611
791 5752 5273 939 6604
792 5799 5215 890 6410
793 5817 5233 896 6537
794 5651 5202 898 6460
795 5669 5154 852 6466
796 5572 5212 884 6417
797 5632 5059 855 6313
798 5512 5149 819 6386
799 5674 5017 859 6180
800 5612 5126 872 6325
801 5585 5042 839 6297
802 5574 5044 873 6218
803 5556 5067 849 6258
804 5416 5070 784 6279
805 5381 4922 868 6057
806 5318 4854 816 5962
807 5274 4753 797 5915
808 5156 4680 822 5907
809 5164 4696 758 5820
810 5017 4670 790 5803
811 4870 4559 738 5651
812 4935 4456 755 5539
813 4916 4399 740 5485
814 4871 4373 738 5480
815 4914 4401 784 5438
816 5067 4411 770 5446
817 4936 4543 787 5680
818 4916 4467 765 5522
819 4790 4364 791 5429
820 4845 4297 738 5392
821 4890 4379 739 5369
822 4821 4405 749 5481
823 4857 4311 730 5324
824 4736 4307 726 5376
825 4706 4203 676 5227
826 4613 4160 724 5244
827 4652 4148 700 5115
828 4578 4160 727 5208
829 4596 4184 684 5167
830 4649 4132 752 5110
831 4543 4230 671 5291
832 4547 4165 653 5110
833 4467 4101 664 5100
834 4456 4022 670 4979
835 4434 3973 679 4962
836 4338 4072 688 5067
837 4335 3989 676 4938
838 4303 3963 647 4894
839 4294 3919 643 4865
840 4188 3899 642 4810
841 4189 3790 609 4727
842 4234 3744 645 4596
843 4108 3792 640 4698
844 4134 3762 588 4669
845 4020 3820 599 4688
846 3978 3656 604 4509
847 3929 3626 598 4476
848 3827 3552 638 4397
849 3936 3451 608 4308
850 3902 3581 617 4434
851 3942 3488 587 4354
852 3755 3527 571 4434
853 3725 3376 562 4209
854 3878 3295 584 4148
855 3940 3425 602 4290
856 3906 3532 577 4351
857 3996 3454 543 4307
858 3853 3501 555 4347
859 3797 3382 636 4217
860 3866 3401 563 4186
861 3763 3375 592 4191
862 3664 3290 574 4126
863 3623 3293 561 4097
864 3656 3245 556 4004
865 3627 3257 592 4099
866 3615 3276 532 4055
867 3605 3262 569 4054
868 3535 3276 570 4040
869 3594 3219 553 3976
870 3581 3269 540 4057
871 3485 3243 546 3983
872 3410 3097 518 3851
873 3424 3010 539 3774
874 3440 3097 484 3805
875 3367 3110 497 3868
876 3284 3042 530 3796
877 3142 3017 514 3747
878 3196 2878 498 3612
879 3231 2934 448 3683
880 3180 2955 513 3635
881 3195 2890 484 3588
882 3121 2970 528 3617
883 3035 2885 525 3539
884 3086 2804 521 3439
885 3141 2851 497 3543
886 3158 2894 487 3618
887 3142 2907 471 3589
888 3138 2833 501 3539
889 3119 2834 488 3542
890 3105 2884 477 3580
891 3079 2840 466 3497
892 2924 2770 474 3443
893 2956 2642 438 3305
894 2886 2689 425 3357
895 2896 2625 430 3237
896 2779 2602 432 3234
897 2787 2506 420 3122
898 2825 2477 403 3127
899 2808 2530 444 3161
900 2769 2560 414 3159
901 2890 2491 454 3081
902 2715 2601 408 3210
903 2688 2467 390 3097
904 2631 2469 423 3049
905 2697 2410 431 3000
906 2733 2498 418 3060
907 2657 2498 404 3112
908 2727 2447 419 3035
909 2790 2489 393 3058
910 2758 2548 387 3143
911 2735 2480 386 3065
912 2653 2420 429 3024
913 2625 2348 381 2931
914 2553 2369 384 2958
915 2613 2306 410 2855
916 2642 2415 375 2986
917 2706 2439 408 2973
918 2776 2422 387 3015
919 2688 2435 405 2999
920 2583 2359 373 2901
921 2456 2270 398 2866
922 2505 2220 385 2770
923 2481 2267 405 2811
924 2549 2296 399 2822
925 2544 2317 379 2846
926 2547 2313 382 2845
927 2492 2305 358 2830
928 2446 2176 366 2697
929 2342 2175 341 2747
930 2368 2087 369 2622
931 2325 2120 343 2627
932 2331 2077 342 2585
933 2335 2072 323 2597
934 2211 2077 330 2629
935 2342 2007 348 2465
936 2285 2102 350 2618
937 2258 2066 333 2535
938 2281 2050 367 2552
939 2243 2058 348 2598
940 2304 2080 325 2587
941 2316 2126 360 2594
942 2268 2123 347 2594
943 2296 2082 316 2579
944 2236 2064 326 2549
945 2165 1991 357 2473
946 2188 1968 307 2447
947 2331 1980 323 2450
948 2216 2076 348 2562
949 2109 1984 298 2449
950 2114 1820 316 2276
951 2085 1811 323 2304
952 2009 1830 330 2308
953 2100 1811 296 2256
954 2088 1887 290 2321
955 2019 1831 330 2251
956 2029 1807 286 2260
957 1859 1822 286 2244
958 1862 1629 302 2088
959 1896 1685 318 2087
960 1849 1699 255 2105
961 1817 1638 270 2056
962 1759 1569 287 1991
963 1805 1528 301 1912
964 1831 1586 279 1993
965 1783 1643 286 2083
966 1816 1658 246 2030
967 1929 1627 263 2009
968 1767 1699 270 2083
969 1751 1551 277 1926
970 1783 1559 268 1949
971 1825 1602 287 1993
972 1859 1630 258 2032
973 1819 1618 284 2014
974 1761 1627 272 2061
975 1842 1601 254 1981
976 1803 1644 261 2046
977 1799 1628 270 2000
978 1748 1588 286 2001
979 1681 1588 267 1970
980 1655 1569 232 1933
981 1707 1540 261 1916
982 1723 1572 249 1896
983 1646 1537 244 1893
984 1699 1468 259 1846
985 1733 1564 257 1929
986 1744 1617 257 1982
987 1641 1617 242 1990
988 1639 1540 253 1885
989 1647 1481 246 1839
990 1655 1495 244 1859
991 1737 1481 241 1859
992 1688 1599 256 1934
993 1611 1554 248 1920
994 1496 1464 236 1849
995 1555 1370 219 1701
996 1542 1415 230 1761
997 1543 1403 206 1766
998 1498 1373 229 1700
999 1480 1319 228 1663
1000 1321 1310 210 1640
1001 1351 1182 185 1499
1002 1351 1200 221 1488
1003 1401 1205 226 1522
1004 1404 1257 202 1529
1005 1409 1238 202 1572
1006 1457 1272 226 1577
1007 1473 1329 223 1623
1008 1489 1341 214 1663
1009 1445 1358 210 1677
1010 1458 1284 228 1606
1011 1395 1304 232 1608
1012 1399 1286 211 1602
1013 1448 1255 225 1583
1014 1477 1340 200 1649
1015 1525 1353 185 1658
1016 1375 1383 213 1685
1017 1330 1261 175 1520
1018 1299 1153 185 1448
1019 1263 1161 172 1446
1020 1222 1115 201 1387
1021 1208 1094 168 1367
1022 1189 1054 176 1339
1023 1244 1052 222 1314
1024 1244 1158 179 1422
1025 1234 1172 199 1432
1026 1260 1147 180 1392
1027 1292 1156 182 1438
1028 1274 1173 216 1438
1029 1172 1186 202 1476
1030 1193 1096 170 1357
1031 1226 1074 194 1345
1032 1261 1094 184 1375
1033 1199 1132 157 1400
1034 1213 1035 186 1302
1035 1231 1062 177 1294
1036 1186 1078 153 1371
1037 1225 1052 198 1290
1038 1108 1087 180 1335
1039 1110 996 168 1238
1040 1091 985 174 1245
1041 1019 1008 156 1232
1042 1068 947 164 1168
1043 1086 993 154 1224
1044 1056 1003 178 1245
1045 1092 996 169 1228
1046 1145 1017 178 1225
1047 1107 1030 142 1286
1048 1055 1002 176 1237
1049 1090 966 190 1215
1050 1108 1032 178 1263
1051 1069 1037 157 1262
1052 1181 945 161 1175
1053 1122 1031 168 1266
1054 1120 986 170 1218
1055 1099 1016 165 1232
1056 1063 1010 163 1274
1057 1024 996 164 1203
1058 1020 961 174 1214
1059 1029 981 148 1178
1060 972 966 149 1198
1061 983 925 163 1131
1062 932 902 144 1104
1063 992 833 146 1051
1064 942 891 154 1123
1065 930 873 156 1064
1066 914 875 151 1085
1067 965 865 137 1099
1068 1002 903 149 1116
1069 1000 937 154 1132
1070 948 913 156 1104
1071 959 861 140 1087
1072 963 856 144 1069
1073 967 861 159 1074
1074 932 907 149 1135
1075 918 894 138 1091
1076 971 849 162 1054
1077 911 912 152 1115
1078 1023 855 146 1064
1079 970 914 167 1130
1080 872 882 127 1093
1081 947 817 125 1005
1082 919 878 122 1084
1083 856 822 143 1017
1084 819 804 117 1024
1085 899 796 122 968
1086 882 857 133 1044
1087 869 829 142 986
1088 855 791 124 989
1089 825 775 146 982
1090 845 760 116 954
1091 845 751 119 929
1092 841 727 114 924
1093 800 725 119 909
1094 850 696 133 875
1095 820 762 113 930
1096 811 732 122 897
1097 833 721 114 880
1098 816 740 109 921
1099 757 736 139 909
1100 762 718 124 887
1101 800 723 103 885
1102 746 735 127 937
1103 771 700 113 851
1104 779 696 109 867
1105 767 688 126 866
1106 843 729 111 897
1107 789 757 107 924
1108 798 707 126 851
1109 794 725 117 903
1110 829 712 128 863
1111 858 732 126 912
1112 794 748 115 913
1113 771 702 122 891
1114 725 698 92 839
1115 765 607 106 767
1116 715 653 116 827
1117 699 643 103 805
1118 663 642 113 803
1119 694 611 106 762
1120 662 634 107 781
1121 664 624 93 776
1122 693 595 102 737
1123 691 624 107 785
1124 696 625 102 784
1125 692 654 108 816
1126 716 697 93 829
1127 667 680 97 812
1128 712 607 103 738
1129 697 636 112 782
1130 678 609 113 761
1131 671 602 74 777
1132 671 598 95 716
1133 696 569 96 715
1134 686 600 95 751
1135 638 597 95 754
1136 596 563 76 703
1137 601 505 103 643
1138 596 537 98 662
1139 578 528 90 673
1140 609 513 93 637
1141 591 548 99 686
1142 626 537 88 675
1143 627 574 92 708
1144 674 577 77 701
1145 649 597 98 734
1146 667 562 100 684
1147 617 582 85 731
1148 633 553 93 693
1149 630 584 93 713
1150 624 555 100 683
1151 613 548 93 683
1152 639 525 89 668
1153 678 584 78 725
1154 617 640 87 798
1155 578 587 66 699
1156 571 514 84 648
1157 572 506 77 646
1158 511 513 89 633
1159 482 476 71 576
1160 459 432 59 561
1161 442 420 67 509
1162 486 387 78 483
1163 461 427 70 538
1164 472 405 81 503
1165 485 414 60 513
1166 475 438 74 560
1167 468 433 77 525
1168 470 428 71 528
1169 474 419 77 539
1170 484 467 65 586
1171 497 472 76 566
1172 448 440 80 532
1173 441 401 79 511
1174 459 413 60 510
1175 480 431 71 550
1176 454 443 78 527
1177 461 407 76 513
1178 462 412 68 528
1179 434 436 71 527
1180 446 420 86 517
1181 484 428 68 515
1182 479 445 78 549
1183 429 448 67 559
1184 409 407 65 500
1185 429 377 51 467
1186 448 383 59 491
1187 462 391 65 479
1188 417 401 54 501
1189 407 350 59 445
1190 476 352 54 439
1191 427 407 67 496
1192 432 375 60 464
1193 454 380 62 474
1194 446 421 58 532
1195 400 438 61 528
1196 431 376 62 460
1197 388 407 44 495
1198 379 343 59 436
1199 394 350 62 426
1200 385 369 49 441
1201 393 341 76 414
1202 384 354 66 425
1203 395 332 55 403
1204 392 337 62 430
1205 359 350 64 433
1206 404 326 64 419
1207 396 377 65 452
1208 409 375 69 449
1209 416 389 76 448
1210 425 374 62 461
1211 379 382 56 454
1212 396 329 54 445
1213 359 375 56 448
1214 345 325 62 404
1215 381 322 50 406
1216 411 370 42 434
1217 375 366 77 450
1218 389 363 51 429
1219 402 363 55 440
1220 384 367 68 437
1221 328 351 61 426
1222 339 308 56 382
1223 377 314 47 398
1224 388 335 53 422
1225 363 346 59 433
1226 339 337 59 401
1227 350 295 51 373
1228 318 320 42 416
1229 306 304 42 382
1230 310 288 57 354
1231 285 294 53 368
1232 316 290 37 353
1233 327 299 50 363
1234 300 286 40 363
1235 323 260 56 336
1236 323 291 47 372
1237 327 300 43 361
1238 311 295 54 372
1239 288 296 48 362
1240 315 273 43 339
1241 275 289 45 368
1242 277 264 32 326
1243 286 244 46 311
1244 288 246 39 316
1245 288 268 34 328
1246 302 251 49 322
1247 286 277 29 341
1248 271 259 42 315
1249 270 238 31 309
1250 266 245 37 307
1251 280 234 35 294
1252 247 247 44 303
1253 251 208 38 277
1254 294 219 46 267
1255 246 246 50 310
1256 252 218 34 276
1257 260 222 39 283
1258 294 231 40 287
1259 284 265 39 332
1260 257 257 49 310
1261 274 230 46 288
1262 285 245 43 313
1263 303 267 45 338
1264 292 298 44 362
1265 317 288 42 356
1266 298 301 46 360
1267 293 290 34 342
1268 260 262 29 329
1269 257 233 40 292
1270 246 225 49 285
1271 209 236 44 279
1272 223 212 27 270
1273 245 223 43 269
1274 233 227 39 278
1275 233 202 29 266
1276 233 216 30 265
1277 232 215 39 268
1278 231 219 33 259
1279 264 205 44 248
1280 260 230 33 282
1281 238 217 34 275
1282 241 203 32 251
1283 210 218 37 272
1284 236 194 32 242
1285 239 224 31 261
1286 209 206 26 255
1287 232 179 41 231
1288 242 209 32 249
1289 225 217 26 268
1290 218 187 37 238
1291 210 197 38 242
1292 249 196 37 243
1293 189 228 34 262
1294 246 152 43 202
1295 230 214 39 263
1296 197 205 39 253
1297 213 188 21 234
1298 203 172 31 217
1299 227 169 43 204
1300 222 205 32 241
1301 224 188 28 242
1302 257 195 34 238
1303 233 218 39 270
1304 214 208 33 259
1305 187 177 27 239
1306 204 169 29 206
1307 194 167 27 212
1308 205 157 37 208
1309 212 181 30 230
1310 207 186 35 232
1311 196 188 25 236
1312 191 176 22 223
1313 202 174 31 223
1314 182 199 36 238
1315 217 180 37 229
1316 204 213 34 254
1317 212 201 30 237
1318 201 194 31 232
1319 189 188 26 220
1320 187 174 24 218
1321 188 170 23 210
1322 190 175 18 225
1323 172 177 23 219
1324 171 164 26 214
1325 152 186 25 216
1326 153 158 20 198
1327 192 147 17 178
1328 183 175 29 217
1329 180 186 23 221
1330 177 173 25 199
1331 184 157 31 202
1332 176 172 24 208
1333 153 180 14 220
1334 180 139 31 175
1335 170 175 28 213
1336 169 172 21 208
1337 169 152 20 195
1338 163 149 24 189
1339 137 152 23 183
1340 169 125 24 153
1341 160 150 21 178
1342 155 133 23 171
1343 152 130 17 177
1344 119 142 16 176
1345 146 108 21 148
1346 146 138 26 167
1347 128 135 17 170
1348 129 117 20 145
1349 128 114 17 141
1350 150 107 17 139
1351 136 136 16 171
1352 114 121 20 145
1353 119 102 26 134
1354 143 113 15 140
1355 129 133 20 161
1356 138 120 23 152
1357 117 132 30 161
1358 151 103 20 125
1359 147 131 20 161
1360 117 126 22 162
1361 130 114 15 135
1362 145 111 21 136
1363 139 117 21 144
1364 123 117 16 145
1365 135 114 25 139
1366 138 122 15 143
1367 129 128 14 155
1368 119 112 11 146
1369 131 105 20 131
1370 125 125 19 147
1371 96 115 24 142
1372 96 95 13 116
1373 94 91 20 116
1374 108 90 16 111
1375 110 109 13 125
1376 107 103 14 119
1377 96 95 15 119
1378 105 84 25 112
1379 106 112 16 133
1380 103 105 20 132
1381 108 103 16 121
1382 113 99 22 119
1383 104 99 14 119
1384 100 87 24 117
1385 105 90 10 116
1386 108 91 15 110
1387 123 88 23 116
1388 130 117 19 134
1389 108 113 15 143
1390 103 106 10 130
1391 120 95 19 117
1392 124 107 12 133
1393 114 110 12 130
1394 103 90 13 122
1395 97 82 15 102
1396 79 80 10 104
1397 85 64 18 88
1398 92 80 22 94
1399 95 93 18 119
1400 98 97 11 120
1401 102 93 21 118
1402 87 90 14 113
1403 98 77 21 91
1404 109 80 10 100
1405 112 84 19 104
1406 104 96 18 116
1407 108 92 21 117
1408 89 105 14 126
1409 99 87 16 107
1410 107 86 12 113
1411 80 90 12 117
1412 97 70 13 91
1413 107 81 20 95
1414 90 94 20 119
1415 93 88 15 110
1416 83 89 15 109
1417 80 87 14 108
1418 82 83 17 95
1419 87 64 19 82
1420 117 76 7 94
1421 116 102 15 124
1422 98 100 23 123
1423 114 97 13 117
1424 120 98 16 115
1425 127 102 22 127
1426 132 116 18 134
1427 124 118 12 136
1428 107 102 13 128
1429 102 99 14 113
1430 94 93 17 110
1431 98 81 11 103
1432 89 88 14 113
1433 94 81 12 98
1434 93 75 12 98
1435 81 79 10 99
1436 80 67 13 85
1437 77 66 21 88
1438 67 70 17 97
1439 72 70 13 87
1440 96 72 17 98
1441 87 100 10 121
1442 81 84 12 107
1443 65 80 14 98
1444 81 69 9 88
1445 103 80 7 103
1446 102 93 15 116
1447 92 98 9 113
1448 104 84 17 104
1449 96 93 16 106
1450 93 80 13 98
1451 92 70 18 85
1452 87 74 9 104
1453 79 81 6 105
1454 86 72 13 95
1455 101 86 14 100
1456 87 93 13 103
1457 94 72 11 95
1458 90 83 7 99
1459 78 72 9 95
1460 79 62 7 83
1461 76 68 14 81
1462 56 69 14 84
1463 61 51 15 63
1464 58 51 8 70
1465 67 56 11 70
1466 78 61 10 73
1467 59 67 12 80
1468 71 54 17 67
1469 74 71 7 88
1470 79 68 12 88
1471 77 76 8 93
1472 74 66 5 93
1473 85 70 11 83
1474 75 77 7 100
1475 48 68 11 85
1476 49 51 8 61
1477 69 47 7 62
1478 62 72 3 85
1479 65 59 10 73
1480 66 62 10 74
1481 66 65 9 75
1482 60 61 6 70
1483 50 48 6 67
1484 48 50 8 57
1485 62 47 7 54
1486 57 53 7 65
1487 67 53 14 64
1488 61 62 9 73
1489 63 55 12 70
1490 61 62 7 72
1491 67 57 13 72
1492 77 65 9 77
1493 61 70 7 86
1494 69 54 8 73
1495 63 66 7 75
1496 65 54 11 67
1497 65 63 11 73
1498 48 57 6 64
1499 60 33 9 50
1500 63 48 9 66
1501 62 60 14 73
1502 68 67 7 77
1503 79 57 8 63
1504 63 67 16 79
1505 82 60 11 69
1506 75 78 14 88
1507 66 68 8 78
1508 68 58 11 76
1509 71 60 11 74
1510 55 70 6 79
1511 79 52 11 63
1512 70 73 6 84
1513 57 57 14 75
1514 49 55 7 69
1515 50 50 7 62
1516 58 46 7 54
1517 57 39 11 53
1518 51 47 6 59
1519 47 48 8 59
1520 62 44 6 54
1521 56 57 10 67
1522 60 49 11 59
1523 65 60 7 67
1524 58 60 8 72
1525 71 50 10 66
1526 59 64 13 74
1527 50 55 9 68
1528 48 39 9 48
1529 59 33 5 43
1530 52 38 10 46
1531 47 32 8 44
1532 57 31 5 41
1533 68 37 9 54
1534 56 53 10 62
1535 60 44 4 53
1536 64 50 3 64
1537 77 51 10 65
1538 72 68 8 85
1539 72 67 10 77
1540 68 59 7 68
1541 61 53 6 70
1542 56 59 7 68
1543 62 54 4 63
1544 55 57 10 66
1545 32 50 4 64
1546 39 33 5 40
1547 40 37 5 42
1548 47 34 5 39
1549 40 37 8 45
1550 45 34 6 41
1551 39 41 10 47
1552 47 40 3 44
1553 49 42 5 48
1554 41 42 8 50
1555 39 39 3 50
1556 37 39 3 45
1557 37 36 10 40
1558 25 34 5 37
1559 32 23 11 32
1560 47 34 4 42
1561 43 45 4 53
1562 53 39 3 48
1563 47 42 5 50
1564 40 37 10 46
1565 40 39 9 46
1566 40 42 6 44
1567 43 38 6 49
1568 46 44 6 54
1569 44 51 6 56
1570 26 41 6 50
1571 30 31 2 41
1572 29 31 5 39
1573 37 28 8 33
1574 30 33 7 43
1575 24 34 6 44
1576 29 30 2 38
1577 31 31 7 36
1578 26 30 4 34
1579 29 21 3 27
1580 25 25 3 35
1581 23 24 5 30
1582 25 25 5 31
1583 37 30 2 34
1584 30 34 6 38
1585 38 26 2 34
1586 32 37 6 42
1587 27 30 4 34
1588 44 25 6 33
1589 46 38 4 42
1590 48 34 5 51
1591 39 41 6 52
1592 41 36 4 45
1593 33 36 13 44
1594 28 34 5 43
1595 32 27 1 41
1596 28 31 4 45
1597 34 34 5 37
1598 29 31 4 34
1599 22 20 7 29
1600 24 21 1 30
1601 26 26 1 31
1602 32 20 4 23
1603 42 26 6 34
1604 21 38 1 51
1605 28 22 1 28
1606 36 28 5 35
1607 35 39 1 44
1608 43 31 3 37
1609 42 36 8 48
1610 33 41 4 51
1611 27 37 3 43
1612 26 27 3 34
1613 30 26 5 32
1614 23 27 5 32
1615 40 20 3 21
1616 22 27 5 37
1617 19 16 4 22
1618 22 18 3 24
1619 23 19 3 26
1620 17 21 1 27
1621 19 17 3 22
1622 18 21 5 25
1623 19 22 2 34
1624 20 29 4 31
1625 18 27 4 33
1626 24 23 2 28
1627 18 23 2 27
1628 19 12 0 16
1629 14 14 2 23
1630 13 11 3 13
1631 9 10 3 12
1632 14 7 1 11
1633 21 10 5 14
1634 20 17 1 22
1635 22 18 6 22
1636 31 20 3 26
1637 20 30 2 34
1638 19 18 3 24
1639 22 21 0 25
1640 28 18 4 22
1641 29 22 6 28
1642 32 32 1 40
1643 23 34 4 40
1644 28 24 3 29
1645 29 30 6 34
1646 26 27 5 30
1647 27 26 5 30
1648 19 27 4 32
1649 27 21 2 28
1650 34 26 2 31
1651 31 27 4 34
1652 21 26 5 30
1653 21 21 4 23
1654 18 24 2 30
1655 25 20 2 25
1656 20 26 2 29
1657 28 16 4 18
1658 28 25 4 30
1659 20 26 4 26
1660 13 15 2 21
1661 18 11 2 12
1662 16 16 5 21
1663 21 15 1 16
1664 19 16 9 20
1665 31 15 2 21
1666 31 22 3 29
1667 25 19 5 28
1668 29 19 4 29
1669 16 26 4 28
1670 14 12 3 17
1671 17 14 2 18
1672 11 16 3 22
1673 15 12 1 13
1674 13 12 2 16
1675 6 11 1 13
1676 13 6 0 8
1677 19 11 2 14
1678 22 14 1 19
1679 17 18 3 22
1680 13 12 3 16
1681 13 10 3 13
1682 13 10 2 13
1683 18 11 3 15
1684 17 20 3 21
1685 13 19 4 21
1686 18 16 2 18
1687 11 20 2 21
1688 6 10 3 13
1689 6 7 1 8
1690 14 5 3 7
1691 16 12 3 14
1692 13 15 1 18
1693 15 12 5 13
1694 15 17 1 18
1695 16 15 3 17
1696 16 12 2 14
1697 15 12 2 15
1698 16 11 2 13
1699 15 12 3 14
1700 15 12 3 14
1701 14 16 4 19
1702 19 15 0 17
1703 14 12 4 14
1704 13 11 3 14
1705 14 12 2 14
1706 16 11 1 16
1707 22 15 3 20
1708 21 23 3 24
1709 16 20 3 24
1710 19 13 2 16
1711 16 12 2 20
1712 16 15 2 20
1713 27 10 3 12
1714 23 22 0 29
1715 24 18 2 22
1716 22 22 1 29
1717 10 22 4 27
1718 9 8 3 9
1719 8 6 1 11
1720 13 9 1 14
1721 9 16 0 19
1722 10 12 2 14
1723 5 11 1 13
1724 6 8 1 9
1725 8 7 1 10
1726 14 6 1 8
1727 15 10 2 14
1728 21 12 4 15
1729 23 19 0 23
1730 21 20 3 24
1731 18 16 2 22
1732 14 15 1 17
1733 10 12 2 16
1734 15 9 5 10
1735 9 14 3 16
1736 12 8 1 10
1737 14 7 4 12
1738 15 12 2 16
1739 16 11 2 14
1740 10 9 3 13
1741 11 5 3 8
1742 17 7 3 11
1743 15 14 2 17
1744 16 15 1 19
1745 7 12 1 16
1746 17 5 0 11
1747 18 18 1 19
1748 10 17 2 18
1749 9 7 4 10
1750 9 8 2 10
1751 3 7 0 10
1752 11 4 1 6
1753 9 11 0 13
1754 12 6 3 7
1755 13 9 1 11
1756 11 9 1 13
1757 10 9 0 15
1758 3 11 0 12
1759 5 4 3 6
1760 6 7 1 7
1761 9 5 2 6
1762 13 9 0 11
1763 16 14 4 16
1764 17 16 2 17
1765 18 18 1 24
1766 15 17 2 19
1767 13 13 1 14
1768 11 11 0 13
1769 15 5 1 5
1770 18 7 6 11
1771 10 16 1 21
1772 8 12 3 16
1773 9 11 2 14
1774 13 15 2 17
1775 22 16 0 18
1776 12 19 5 21
1777 13 12 1 13
1778 8 10 1 15
1779 9 7 2 9
1780 9 8 4 10
1781 14 6 1 8
1782 9 8 1 15
1783 12 7 1 8
1784 11 7 2 11
1785 11 9 2 13
1786 8 11 5 12
1787 11 12 0 13
1788 14 9 1 11
1789 7 11 1 14
1790 14 7 2 8
1791 9 13 1 15
1792 5 9 0 11
1793 3 6 1 6
1794 5 2 1 2
1795 8 4 0 6
1796 5 6 1 7
1797 8 2 0 5
1798 6 5 0 6
1799 5 3 0 4
1800 6 1 2 3
1801 7 5 1 7
1802 5 8 1 10
1803 4 7 1 7
1804 5 4 3 6
1805 4 7 0 8
1806 5 6 1 6
1807 5 6 2 7
1808 7 7 0 8
1809 10 6 1 8
1810 17 8 2 10
1811 12 15 1 17
1812 14 8 4 11
1813 12 13 1 17
1814 3 14 2 14
1815 9 3 0 5
1816 8 9 0 10
1817 8 8 2 9
1818 5 8 2 8
1819 12 7 2 8
1820 9 15 2 15
1821 2 11 2 14
1822 9 4 0 5
1823 10 10 2 11
1824 14 12 2 14
1825 12 13 0 16
1826 6 10 2 14
1827 5 9 2 9
1828 5 5 2 8
1829 16 6 1 6
1830 14 14 1 18
1831 14 14 1 16
1832 15 12 1 13
1833 9 11 3 14
1834 9 6 1 8
1835 10 8 1 10
1836 4 7 2 10
1837 4 5 0 7
1838 3 6 1 9
1839 14 5 1 7
1840 14 18 0 21
1841 7 14 2 16
1842 4 8 1 9
1843 6 6 0 7
1844 3 6 0 7
1845 1 2 0 3
1846 5 0 1 1
1847 9 5 0 6
1848 5 9 1 9
1849 4 3 0 4
1850 8 3 1 7
1851 3 7 1 8
1852 4 3 0 4
1853 3 4 1 5
1854 5 3 1 4
1855 7 4 2 5
1856 1 7 2 8
1857 1 2 0 4
1858 2 1 0 1
1859 4 0 0 3
1860 5 4 1 5
1861 1 5 0 6
1862 3 0 1 0
1863 0 3 0 4
1864 1 0 0 0
1865 4 0 0 0
1866 3 3 1 3
1867 2 1 0 3
1868 4 1 0 3
1869 3 3 0 3
1870 0 1 0 3
1872 2 0 0 0
1873 2 1 2 1
1874 5 2 0 2
1875 7 4 2 5
1876 6 8 1 8
1877 12 8 0 8
1878 11 11 2 12
1879 10 10 1 12
1880 6 10 2 11
1881 5 6 1 7
1882 4 5 0 5
1883 7 2 0 3
1884 9 4 1 5
1885 7 7 0 9
1886 4 5 1 6
1887 2 3 0 5
1888 1 3 0 3
1889 2 1 0 1
1890 4 1 1 1
1891 1 4 1 4
1892 2 1 0 1
1893 3 1 0 1
1894 2 1 1 2
1895 1 1 0 1
1896 0 0 0 1
1897 2 0 1 0
1898 3 2 0 2
1899 4 2 0 3
1900 6 3 0 4
1901 3 6 0 6
1902 5 3 0 3
1903 3 4 3 5
1904 0 4 0 6
1905 2 1 2 1
1906 1 3 0 5
1907 1 2 1 3
1908 1 2 0 3
1909 5 2 0 2
1910 4 4 0 5
1911 1 2 0 4
1912 1 0 1 0
1913 2 0 0 1
1914 2 2 0 3
1915 3 2 0 3
1916 1 3 1 3
1917 3 0 0 0
1918 4 2 0 3
1919 5 3 1 4
1920 4 4 1 4
1921 6 3 1 4
1922 6 5 2 6
1923 5 6 1 6
1924 8 4 1 8
1925 5 9 0 9
1926 3 4 0 6
1927 3 3 0 3
1928 5 3 0 3
1929 6 3 2 4
1930 11 4 0 4
1931 14 9 1 10
1932 16 10 0 11
1933 10 10 5 12
1934 20 10 1 11
1935 12 18 4 23
1936 15 13 0 15
1937 10 14 1 17
1938 14 7 0 9
1939 5 9 1 11
1940 5 1 0 3
1941 4 1 1 3
1942 4 2 1 3
1943 5 3 0 5
1944 6 4 0 5
1945 3 6 2 6
1946 2 2 0 2
1947 1 0 0 1
1948 3 0 1 0
1949 3 3 0 3
1950 2 3 0 3
1951 3 1 0 1
1952 2 0 2 0
1953 3 0 2 0
1954 3 2 1 2
1955 6 2 1 3
1956 6 6 2 8
1957 5 9 3 9
1958 6 10 4 10
1959 5 12 0 13
1960 7 7 0 9
1961 5 6 0 6
1962 3 2 1 3
1963 4 2 0 4
1964 4 3 1 4
1965 4 3 0 4
1966 5 3 1 5
1967 1 6 0 6
1968 1 1 1 1
1969 1 1 1 1
1970 3 2 0 4
1971 0 1 2 1
1972 1 0 0 2
1973 2 2 0 2
1974 1 1 1 1
1975 1 0 0 0
1976 3 0 1 0
1977 2 2 0 2
1978 4 1 0 1
1979 4 1 2 2
1980 2 4 0 4
1981 2 2 2 2
1982 1 4 0 4
1983 2 2 0 2
1984 6 2 0 2
1985 7 4 3 4
1986 6 4 1 4
1987 5 3 1 5
1988 10 4 0 5
1989 6 9 2 10
1990 5 5 2 6
1991 4 6 0 6
1992 2 4 1 7
1993 1 5 2 5
1994 0 4 0 4
1995 5 3 1 4
1996 3 9 1 10
1997 2 5 1 5
1998 2 3 0 3
1999 1 2 2 2
2000 2 3 1 4
2001 2 4 0 5
2002 7 3 0 5
2003 5 6 0 7
2004 4 3 1 4
2005 5 4 0 4
2006 2 4 1 5
2007 8 2 1 3
2008 7 8 1 8
2009 1 6 0 9
2010 1 0 0 2
2011 2 0 0 0
2012 2 1 1 2
2013 3 3 1 4
2014 4 5 0 5
2015 5 2 0 4
2016 1 4 0 5
2017 0 1 0 1
2018 0 0 0 1
2021 0 0 0 1
2024 2 0 0 1
2025 3 3 0 3
2026 2 2 0 2
2027 0 1 1 2
2028 0 1 0 1
2029 2 1 0 2
2030 0 3 0 3
2032 0 0 1 0
2033 1 1 0 1
2034 3 2 0 2
2035 2 2 1 2
2036 0 2 0 3
2037 2 0 0 1
2038 0 2 1 2
2039 0 1 0 1
2040 1 1 0 1
2041 0 1 0 1
2042 0 0 0 1
2046 1 0 0 0
2047 1 1 0 1
2048 1 1 1 1
2049 2 1 0 1
2050 3 1 0 2
2051 6 3 1 3
2052 6 6 0 6
2053 5 4 2 6
2054 3 6 0 8
2055 3 4 0 4
2056 3 4 0 5
2057 1 3 0 3
2058 0 1 0 1
2068 1 0 0 0
2069 0 1 1 1
2071 7 0 0 0
2072 6 7 0 8
2073 1 5 0 5
2074 1 0 0 0
2075 1 0 0 2
2076 1 2 0 2
2077 2 1 0 1
2078 0 1 1 2
2079 2 1 0 1
2080 4 1 0 3
2081 0 4 0 5
2082 1 1 0 1
2083 0 2 0 2
2084 0 1 0 1
2088 1 0 0 1
2089 0 1 0 1
2101 0 0 1 0
2102 2 1 0 2
2103 1 4 1 4
2104 0 1 0 1
2106 0 0 0 1
2113 0 0 0 1
2114 1 1 0 1
2115 0 1 0 1
2128 2 0 0 0
2129 3 1 1 1
2130 2 3 0 3
2131 3 1 0 1
2132 2 2 1 3
2133 1 2 0 2
2134 2 0 0 1
2135 2 2 0 3
2136 2 2 1 2
2137 2 1 0 2
2138 3 1 0 2
2139 2 2 1 3
2140 3 2 0 2
2141 3 3 1 3
2142 2 2 0 2
2143 6 1 1 2
2144 3 6 1 7
2145 5 3 0 3
2146 1 4 0 6
2147 2 2 0 2
2148 0 2 0 3
2149 0 1 0 1
2150 1 1 0 1
2151 0 1 0 1
2159 0 0 1 0
2160 0 1 0 1
2161 0 1 0 1
2162 0 1 0 1
2163 0 1 0 1
2164 1 1 0 1
2165 1 0 0 0
2166 0 0 0 1
2173 1 0 0 0
2174 1 1 0 1
2175 0 0 1 0
2176 0 0 0 1
2179 0 0 0 1
2181 1 0 0 0
2182 0 0 1 0
2189 4 0 1 0
2190 6 5 0 5
2191 1 5 0 6
2192 1 0 0 1
2193 1 1 0 1
2194 1 1 0 1
2195 0 1 0 2
2196 0 1 0 1
2197 0 1 0 1
2198 0 1 0 1
2205 1 0 0 0
2206 4 0 0 0
2207 1 3 0 4
2208 3 1 1 1
2209 2 2 0 2
2210 1 0 0 1
2211 1 0 0 0
2212 1 0 0 0
2213 0 0 2 0
2215 0 0 0 2
2216 0 1 0 1
2217 0 1 0 1
2220 0 0 1 0
2223 0 0 1 0
2224 1 0 0 0
2225 3 1 0 2
2226 4 2 0 2
2227 1 3 0 3
2228 1 0 0 0
2229 1 0 0 0
2230 0 0 0 1
2251 1 0 0 0
2252 0 0 1 0
2253 0 0 0 1
2254 0 1 0 1
2255 2 1 0 1
2256 2 3 0 3
2257 8 2 0 2
2258 4 6 0 6
2259 5 2 0 2
2260 2 3 1 3
2261 1 1 0 1
2262 2 0 0 0
2263 2 1 1 2
2264 2 2 0 2
2265 0 2 0 2
2267 1 0 1 0
2268 1 2 0 2
2269 0 1 1 1
2270 0 1 0 1
2271 1 0 0 0
2272 4 0 0 1
2273 5 2 1 3
2274 0 5 0 6
2275 1 1 0 1
2276 0 1 0 1
2287 1 0 0 0
2288 1 1 1 1
2289 0 2 0 2
2290 0 1 0 1
2291 1 1 0 1
2292 0 2 0 2
2295 1 0 0 0
2296 1 0 0 0
2297 1 0 0 0
2298 2 0 1 0
2299 0 2 0 2
2334 4 0 0 0
2335 3 2 1 2
2336 3 1 1 2
2337 3 3 1 4
2338 2 4 0 4
2339 4 2 0 3
2340 3 4 1 4
2341 1 2 0 2
2342 1 0 0 0
2343 1 0 0 0
2344 1 0 1 0
2345 1 1 0 2
2346 2 2 1 2
2347 1 3 0 3
2348 0 1 0 1
2349 0 0 1 0
2351 1 0 0 0
2352 2 0 0 1
2353 1 1 1 1
2354 1 1 0 1
2355 1 1 0 1
2356 5 1 0 1
2357 4 3 0 3
2358 3 1 1 2
2359 2 2 0 2
2360 2 1 0 1
2361 2 1 0 2
2362 2 1 2 2
2363 3 3 0 4
2364 0 5 0 6
2365 0 1 0 1
2370 1 0 0 0
2371 1 1 0 1
2372 1 0 0 1
2373 0 1 0 2
2394 1 0 1 0
2395 1 2 0 2
2396 1 2 0 3
2397 1 3 0 3
2398 4 3 1 3
2399 2 4 0 4
2400 1 1 0 2
2401 0 0 0 1
