1 0.2864 0.7136
2 0.435 0.565
3 0.4685 0.5315
4 0.487 0.513
5 0.4979 0.5021
6 0.5047 0.4953
7 0.5091 0.4909
8 0.5124 0.4876
9 0.5144 0.4856
10 0.5158 0.4842
11 0.5168 0.4832
12 0.5176 0.4824
13 0.5185 0.4815
14 0.5189 0.4811
15 0.5188 0.4812
16 0.5193 0.4807
17 0.5194 0.4806
18 0.52 0.48
19 0.5198 0.4802
20 0.5198 0.4802
21 0.5197 0.4803
22 0.5195 0.4805
23 0.5194 0.4806
24 0.5196 0.4804
25 0.5193 0.4807
26 0.5196 0.4804
27 0.5197 0.4803
28 0.5197 0.4803
29 0.5194 0.4806
30 0.5188 0.4812
31 0.5194 0.4806
32 0.5186 0.4814
33 0.5187 0.4813
34 0.5195 0.4805
35 0.5185 0.4815
36 0.5187 0.4813
37 0.5189 0.4811
38 0.5186 0.4814
39 0.5185 0.4815
40 0.5184 0.4816
41 0.5182 0.4818
42 0.518 0.482
43 0.5181 0.4819
44 0.5183 0.4817
45 0.5176 0.4824
46 0.5178 0.4822
47 0.5174 0.4826
48 0.5175 0.4825
49 0.517 0.483
50 0.5171 0.4829
51 0.5172 0.4828
52 0.517 0.483
53 0.5171 0.4829
54 0.5166 0.4834
55 0.517 0.483
56 0.5168 0.4832
57 0.517 0.483
58 0.5163 0.4837
59 0.5168 0.4832
60 0.5168 0.4832
61 0.5167 0.4833
62 0.5161 0.4839
63 0.5158 0.4842
64 0.5158 0.4842
65 0.516 0.484
66 0.5155 0.4845
67 0.5153 0.4847
68 0.5156 0.4844
69 0.5162 0.4838
70 0.5156 0.4844
71 0.5156 0.4844
72 0.516 0.484
73 0.5157 0.4843
74 0.5153 0.4847
75 0.5156 0.4844
76 0.5149 0.4851
77 0.5154 0.4846
78 0.5153 0.4847
79 0.5149 0.4851
80 0.5152 0.4848
81 0.5154 0.4846
82 0.5156 0.4844
83 0.5144 0.4856
84 0.515 0.485
85 0.5148 0.4852
86 0.5147 0.4853
87 0.5149 0.4851
88 0.5141 0.4859
89 0.5148 0.4852
90 0.5148 0.4852
91 0.515 0.485
92 0.5146 0.4854
93 0.5135 0.4865
94 0.5146 0.4854
95 0.5143 0.4857
96 0.5143 0.4857
97 0.514 0.486
98 0.514 0.486
99 0.5138 0.4862
100 0.5135 0.4865
101 0.5142 0.4858
102 0.5135 0.4865
103 0.5137 0.4863
104 0.5135 0.4865
105 0.5131 0.4869
106 0.5135 0.4865
107 0.5135 0.4865
108 0.5134 0.4866
109 0.5138 0.4862
110 0.5129 0.4871
111 0.5139 0.4861
112 0.5132 0.4868
113 0.5138 0.4862
114 0.5141 0.4859
115 0.5139 0.4861
116 0.5135 0.4865
117 0.5127 0.4873
118 0.5128 0.4872
119 0.513 0.487
120 0.5127 0.4873
121 0.5127 0.4873
122 0.513 0.487
123 0.513 0.487
124 0.5124 0.4876
125 0.5126 0.4874
126 0.5129 0.4871
127 0.5124 0.4876
128 0.5131 0.4869
129 0.513 0.487
130 0.5124 0.4876
131 0.5117 0.4883
132 0.5124 0.4876
133 0.5119 0.4881
134 0.5134 0.4866
135 0.513 0.487
136 0.5129 0.4871
137 0.5137 0.4863
138 0.5118 0.4882
139 0.5129 0.4871
140 0.5128 0.4872
141 0.512 0.488
142 0.5114 0.4886
143 0.5121 0.4879
144 0.5126 0.4874
145 0.5121 0.4879
146 0.5118 0.4882
147 0.5116 0.4884
148 0.5122 0.4878
149 0.5113 0.4887
150 0.5116 0.4884
151 0.5118 0.4882
152 0.5114 0.4886
153 0.5118 0.4882
154 0.5117 0.4883
155 0.5121 0.4879
156 0.5123 0.4877
157 0.5116 0.4884
158 0.5115 0.4885
159 0.512 0.488
160 0.5107 0.4893
161 0.511 0.489
162 0.5121 0.4879
163 0.5111 0.4889
164 0.5112 0.4888
165 0.5105 0.4895
166 0.5117 0.4883
167 0.5116 0.4884
168 0.5113 0.4887
169 0.5122 0.4878
170 0.512 0.488
171 0.5105 0.4895
172 0.5114 0.4886
173 0.511 0.489
174 0.5112 0.4888
175 0.5112 0.4888
176 0.5099 0.4901
177 0.5113 0.4887
178 0.5116 0.4884
179 0.5114 0.4886
180 0.5111 0.4889
181 0.5111 0.4889
182 0.5113 0.4887
183 0.511 0.489
184 0.5114 0.4886
185 0.512 0.488
186 0.5112 0.4888
187 0.5107 0.4893
188 0.51 0.49
189 0.5102 0.4898
190 0.5108 0.4892
191 0.511 0.489
192 0.5108 0.4892
193 0.5113 0.4887
194 0.5107 0.4893
195 0.5116 0.4884
196 0.5107 0.4893
197 0.5101 0.4899
198 0.5108 0.4892
199 0.5113 0.4887
200 0.5091 0.4909
201 0.5108 0.4892
202 0.5114 0.4886
203 0.5108 0.4892
204 0.511 0.489
205 0.5094 0.4906
206 0.5095 0.4905
207 0.5111 0.4889
208 0.5112 0.4888
209 0.5102 0.4898
210 0.5102 0.4898
211 0.5104 0.4896
212 0.5091 0.4909
213 0.5106 0.4894
214 0.5102 0.4898
215 0.5091 0.4909
216 0.5095 0.4905
217 0.5096 0.4904
218 0.511 0.489
219 0.5099 0.4901
220 0.5099 0.4901
221 0.51 0.49
222 0.5108 0.4892
223 0.5104 0.4896
224 0.5113 0.4887
225 0.5098 0.4902
226 0.5101 0.4899
227 0.5098 0.4902
228 0.5111 0.4889
229 0.5088 0.4912
230 0.5103 0.4897
231 0.5104 0.4896
232 0.5096 0.4904
233 0.511 0.489
234 0.5092 0.4908
235 0.5097 0.4903
236 0.51 0.49
237 0.5089 0.4911
238 0.5082 0.4918
239 0.5099 0.4901
240 0.5106 0.4894
241 0.509 0.491
242 0.5102 0.4898
243 0.5098 0.4902
244 0.5097 0.4903
245 0.5094 0.4906
246 0.5092 0.4908
247 0.5097 0.4903
248 0.5099 0.4901
249 0.5092 0.4908
250 0.509 0.491
251 0.509 0.491
252 0.5101 0.4899
253 0.5101 0.4899
254 0.5091 0.4909
255 0.5088 0.4912
256 0.5101 0.4899
257 0.509 0.491
258 0.5096 0.4904
259 0.5096 0.4904
260 0.5088 0.4912
261 0.5104 0.4896
262 0.5088 0.4912
263 0.5097 0.4903
264 0.5095 0.4905
265 0.5083 0.4917
266 0.509 0.491
267 0.5096 0.4904
268 0.5094 0.4906
269 0.5083 0.4917
270 0.5087 0.4913
271 0.5103 0.4897
272 0.5105 0.4895
273 0.5095 0.4905
274 0.5092 0.4908
275 0.5097 0.4903
276 0.5089 0.4911
277 0.5065 0.4935
278 0.5103 0.4897
279 0.5097 0.4903
280 0.5089 0.4911
281 0.509 0.491
282 0.5095 0.4905
283 0.5091 0.4909
284 0.5092 0.4908
285 0.5081 0.4919
286 0.5097 0.4903
287 0.509 0.491
288 0.5106 0.4894
289 0.5105 0.4895
290 0.5089 0.4911
291 0.5087 0.4913
292 0.5083 0.4917
293 0.5096 0.4904
294 0.5083 0.4917
295 0.5094 0.4906
296 0.5084 0.4916
297 0.51 0.49
298 0.5082 0.4918
299 0.5088 0.4912
300 0.5086 0.4914
301 0.5086 0.4914
302 0.5091 0.4909
303 0.5079 0.4921
304 0.5086 0.4914
305 0.5084 0.4916
306 0.5092 0.4908
307 0.5086 0.4914
308 0.5079 0.4921
309 0.5099 0.4901
310 0.5063 0.4937
311 0.509 0.491
312 0.509 0.491
313 0.509 0.491
314 0.5091 0.4909
315 0.5085 0.4915
316 0.509 0.491
317 0.5088 0.4912
318 0.5086 0.4914
319 0.509 0.491
320 0.5087 0.4913
321 0.509 0.491
322 0.5089 0.4911
323 0.5071 0.4929
324 0.5085 0.4915
325 0.509 0.491
326 0.5081 0.4919
327 0.5084 0.4916
328 0.5095 0.4905
329 0.5079 0.4921
330 0.5083 0.4917
331 0.5096 0.4904
332 0.5086 0.4914
333 0.5077 0.4923
334 0.5063 0.4937
335 0.5094 0.4906
336 0.509 0.491
337 0.5086 0.4914
338 0.5074 0.4926
339 0.5098 0.4902
340 0.5081 0.4919
341 0.5074 0.4926
342 0.5081 0.4919
343 0.5095 0.4905
344 0.5084 0.4916
345 0.5069 0.4931
346 0.5084 0.4916
347 0.5097 0.4903
348 0.5085 0.4915
349 0.5068 0.4932
350 0.5087 0.4913
351 0.5095 0.4905
352 0.5083 0.4917
353 0.5096 0.4904
354 0.5085 0.4915
355 0.5083 0.4917
356 0.5086 0.4914
357 0.5083 0.4917
358 0.5083 0.4917
359 0.5091 0.4909
360 0.5081 0.4919
361 0.509 0.491
362 0.5066 0.4934
363 0.5116 0.4884
364 0.5082 0.4918
365 0.5087 0.4913
366 0.5072 0.4928
367 0.5077 0.4923
368 0.5059 0.4941
369 0.5101 0.4899
370 0.5086 0.4914
371 0.5073 0.4927
372 0.5089 0.4911
373 0.5084 0.4916
374 0.5063 0.4937
375 0.5082 0.4918
376 0.5065 0.4935
377 0.5099 0.4901
378 0.5097 0.4903
379 0.5066 0.4934
380 0.5081 0.4919
381 0.509 0.491
382 0.5078 0.4922
383 0.5066 0.4934
384 0.5095 0.4905
385 0.5078 0.4922
386 0.5071 0.4929
387 0.509 0.491
388 0.5083 0.4917
389 0.5074 0.4926
390 0.5079 0.4921
391 0.508 0.492
392 0.5092 0.4908
393 0.507 0.493
394 0.5086 0.4914
395 0.5118 0.4882
396 0.5099 0.4901
397 0.5065 0.4935
398 0.5067 0.4933
399 0.5093 0.4907
400 0.506 0.494
401 0.5075 0.4925
402 0.5082 0.4918
403 0.5061 0.4939
404 0.5098 0.4902
405 0.5086 0.4914
406 0.5071 0.4929
407 0.5044 0.4956
408 0.5068 0.4932
409 0.5085 0.4915
410 0.5088 0.4912
411 0.5074 0.4926
412 0.5081 0.4919
413 0.5075 0.4925
414 0.5091 0.4909
415 0.5078 0.4922
416 0.5077 0.4923
417 0.5068 0.4932
418 0.5091 0.4909
419 0.5069 0.4931
420 0.5078 0.4922
421 0.5059 0.4941
422 0.5061 0.4939
423 0.5074 0.4926
424 0.5084 0.4916
425 0.5061 0.4939
426 0.5085 0.4915
427 0.509 0.491
428 0.507 0.493
429 0.5087 0.4913
430 0.5063 0.4937
431 0.5084 0.4916
432 0.5053 0.4947
433 0.5084 0.4916
434 0.5068 0.4932
435 0.5071 0.4929
436 0.5077 0.4923
437 0.5089 0.4911
438 0.5096 0.4904
439 0.5075 0.4925
440 0.5079 0.4921
441 0.5076 0.4924
442 0.5048 0.4952
443 0.5082 0.4918
444 0.5077 0.4923
445 0.5067 0.4933
446 0.5076 0.4924
447 0.5047 0.4953
448 0.5083 0.4917
449 0.5075 0.4925
450 0.5075 0.4925
451 0.5081 0.4919
452 0.5042 0.4958
453 0.5067 0.4933
454 0.5066 0.4934
455 0.5043 0.4957
456 0.5094 0.4906
457 0.5058 0.4942
458 0.5064 0.4936
459 0.5073 0.4927
460 0.5054 0.4946
461 0.5058 0.4942
462 0.5078 0.4922
463 0.5065 0.4935
464 0.5072 0.4928
465 0.5061 0.4939
466 0.5098 0.4902
467 0.5069 0.4931
468 0.5099 0.4901
469 0.5069 0.4931
470 0.5047 0.4953
471 0.5109 0.4891
472 0.5093 0.4907
473 0.5068 0.4932
474 0.5083 0.4917
475 0.5066 0.4934
476 0.5082 0.4918
477 0.5059 0.4941
478 0.5067 0.4933
479 0.5058 0.4942
480 0.507 0.493
481 0.5047 0.4953
482 0.5073 0.4927
483 0.5055 0.4945
484 0.5055 0.4945
485 0.5067 0.4933
486 0.5068 0.4932
487 0.5072 0.4928
488 0.5055 0.4945
489 0.5106 0.4894
490 0.5093 0.4907
491 0.5075 0.4925
492 0.5052 0.4948
493 0.5093 0.4907
494 0.5074 0.4926
495 0.5062 0.4938
496 0.5114 0.4886
497 0.5079 0.4921
498 0.5071 0.4929
499 0.5063 0.4937
500 0.5086 0.4914
501 0.5073 0.4927
502 0.5065 0.4935
503 0.5063 0.4937
504 0.5084 0.4916
505 0.5062 0.4938
506 0.5052 0.4948
507 0.5057 0.4943
508 0.5069 0.4931
509 0.5075 0.4925
510 0.5032 0.4968
511 0.5088 0.4912
512 0.5074 0.4926
513 0.5073 0.4927
514 0.5044 0.4956
515 0.5077 0.4923
516 0.508 0.492
517 0.5064 0.4936
518 0.5067 0.4933
519 0.5054 0.4946
520 0.5042 0.4958
521 0.5075 0.4925
522 0.5071 0.4929
523 0.5057 0.4943
524 0.5077 0.4923
525 0.5051 0.4949
526 0.5075 0.4925
527 0.5092 0.4908
528 0.5051 0.4949
529 0.508 0.492
530 0.5049 0.4951
531 0.5059 0.4941
532 0.5081 0.4919
533 0.5076 0.4924
534 0.5039 0.4961
535 0.5061 0.4939
536 0.5065 0.4935
537 0.5066 0.4934
538 0.5066 0.4934
539 0.5044 0.4956
540 0.5066 0.4934
541 0.509 0.491
542 0.5041 0.4959
543 0.5051 0.4949
544 0.5075 0.4925
545 0.5098 0.4902
546 0.5073 0.4927
547 0.5051 0.4949
548 0.504 0.496
549 0.5046 0.4954
550 0.5054 0.4946
551 0.5101 0.4899
552 0.5093 0.4907
553 0.5091 0.4909
554 0.505 0.495
555 0.5087 0.4913
556 0.5084 0.4916
557 0.5081 0.4919
558 0.5065 0.4935
559 0.5096 0.4904
560 0.5078 0.4922
561 0.5053 0.4947
562 0.5098 0.4902
563 0.5062 0.4938
564 0.5081 0.4919
565 0.5058 0.4942
566 0.5102 0.4898
567 0.5094 0.4906
568 0.5079 0.4921
569 0.5056 0.4944
570 0.5066 0.4934
571 0.5051 0.4949
572 0.5063 0.4937
573 0.5043 0.4957
574 0.5076 0.4924
575 0.5088 0.4912
576 0.5046 0.4954
577 0.5048 0.4952
578 0.5083 0.4917
579 0.5081 0.4919
580 0.5059 0.4941
581 0.5109 0.4891
582 0.5079 0.4921
583 0.505 0.495
584 0.5076 0.4924
585 0.5031 0.4969
586 0.5056 0.4944
587 0.5088 0.4912
588 0.5036 0.4964
589 0.5063 0.4937
590 0.5078 0.4922
591 0.5107 0.4893
592 0.5055 0.4945
593 0.5086 0.4914
594 0.5066 0.4934
595 0.509 0.491
596 0.503 0.497
597 0.5091 0.4909
598 0.5071 0.4929
599 0.5097 0.4903
600 0.5122 0.4878
601 0.5062 0.4938
602 0.5054 0.4946
603 0.5104 0.4896
604 0.5082 0.4918
605 0.503 0.497
606 0.5055 0.4945
607 0.5075 0.4925
608 0.5009 0.4991
609 0.5027 0.4973
610 0.5021 0.4979
611 0.5087 0.4913
612 0.5047 0.4953
613 0.5084 0.4916
614 0.5041 0.4959
615 0.5066 0.4934
616 0.5069 0.4931
617 0.5057 0.4943
618 0.5071 0.4929
619 0.5055 0.4945
620 0.5076 0.4924
621 0.5075 0.4925
622 0.5109 0.4891
623 0.5058 0.4942
624 0.5056 0.4944
625 0.5097 0.4903
626 0.5033 0.4967
627 0.5082 0.4918
628 0.5044 0.4956
629 0.5057 0.4943
630 0.5012 0.4988
631 0.5134 0.4866
632 0.5083 0.4917
633 0.507 0.493
634 0.5051 0.4949
635 0.5076 0.4924
636 0.5022 0.4978
637 0.5052 0.4948
638 0.504 0.496
639 0.5 0.5
640 0.5091 0.4909
641 0.5082 0.4918
642 0.5082 0.4918
643 0.5067 0.4933
644 0.5043 0.4957
645 0.507 0.493
646 0.5053 0.4947
647 0.5085 0.4915
648 0.5049 0.4951
649 0.5093 0.4907
650 0.5046 0.4954
651 0.5079 0.4921
652 0.5104 0.4896
653 0.5075 0.4925
654 0.5073 0.4927
655 0.5043 0.4957
656 0.504 0.496
657 0.5097 0.4903
658 0.5043 0.4957
659 0.5035 0.4965
660 0.506 0.494
661 0.5096 0.4904
662 0.508 0.492
663 0.5114 0.4886
664 0.5138 0.4862
665 0.5045 0.4955
666 0.5015 0.4985
667 0.5067 0.4933
668 0.5054 0.4946
669 0.5067 0.4933
670 0.5024 0.4976
671 0.5091 0.4909
672 0.5033 0.4967
673 0.5098 0.4902
674 0.5101 0.4899
675 0.5072 0.4928
676 0.5055 0.4945
677 0.5063 0.4937
678 0.5093 0.4907
679 0.505 0.495
680 0.5037 0.4963
681 0.5077 0.4923
682 0.5081 0.4919
683 0.5101 0.4899
684 0.5083 0.4917
685 0.5048 0.4952
686 0.5063 0.4937
687 0.5045 0.4955
688 0.5077 0.4923
689 0.5 0.5
690 0.5081 0.4919
691 0.5014 0.4986
692 0.5095 0.4905
693 0.5079 0.4921
694 0.5098 0.4902
695 0.5092 0.4908
696 0.5007 0.4993
697 0.5069 0.4931
698 0.508 0.492
699 0.5071 0.4929
700 0.5135 0.4865
701 0.51 0.49
702 0.5045 0.4955
703 0.5061 0.4939
704 0.5096 0.4904
705 0.5089 0.4911
706 0.5071 0.4929
707 0.5028 0.4972
708 0.5058 0.4942
709 0.5137 0.4863
710 0.506 0.494
711 0.5024 0.4976
712 0.5029 0.4971
713 0.5111 0.4889
714 0.5053 0.4947
715 0.5071 0.4929
716 0.5013 0.4987
717 0.5106 0.4894
718 0.5075 0.4925
719 0.5011 0.4989
720 0.504 0.496
721 0.5059 0.4941
722 0.5037 0.4963
723 0.5051 0.4949
724 0.5115 0.4885
725 0.5035 0.4965
726 0.5062 0.4938
727 0.5015 0.4985
728 0.5066 0.4934
729 0.5093 0.4907
730 0.5072 0.4928
731 0.5036 0.4964
732 0.5025 0.4975
733 0.4973 0.5027
734 0.4992 0.5008
735 0.5057 0.4943
736 0.5036 0.4964
737 0.5029 0.4971
738 0.5023 0.4977
739 0.5097 0.4903
740 0.5099 0.4901
741 0.5054 0.4946
742 0.5103 0.4897
743 0.5077 0.4923
744 0.5044 0.4956
745 0.5024 0.4976
746 0.5069 0.4931
747 0.5099 0.4901
748 0.505 0.495
749 0.5044 0.4956
750 0.5107 0.4893
751 0.5086 0.4914
752 0.5043 0.4957
753 0.5103 0.4897
754 0.5058 0.4942
755 0.5072 0.4928
756 0.5074 0.4926
757 0.4991 0.5009
758 0.5063 0.4937
759 0.5056 0.4944
760 0.504 0.496
761 0.5021 0.4979
762 0.5092 0.4908
763 0.5079 0.4921
764 0.5073 0.4927
765 0.5036 0.4964
766 0.5032 0.4968
767 0.5063 0.4937
768 0.504 0.496
769 0.5032 0.4968
770 0.5023 0.4977
771 0.506 0.494
772 0.5107 0.4893
773 0.5097 0.4903
774 0.5072 0.4928
775 0.5039 0.4961
776 0.5075 0.4925
777 0.5015 0.4985
778 0.5106 0.4894
779 0.5071 0.4929
780 0.5069 0.4931
781 0.5054 0.4946
782 0.5106 0.4894
783 0.5027 0.4973
784 0.5074 0.4926
785 0.5087 0.4913
786 0.5098 0.4902
787 0.5032 0.4968
788 0.5061 0.4939
789 0.5035 0.4965
790 0.5044 0.4956
791 0.5033 0.4967
792 0.5106 0.4894
793 0.5066 0.4934
794 0.5034 0.4966
795 0.5021 0.4979
796 0.5015 0.4985
797 0.5068 0.4932
798 0.4978 0.5022
799 0.5139 0.4861
800 0.5062 0.4938
801 0.505 0.495
802 0.509 0.491
803 0.5058 0.4942
804 0.4968 0.5032
805 0.5078 0.4922
806 0.5071 0.4929
807 0.5065 0.4935
808 0.503 0.497
809 0.5043 0.4957
810 0.5002 0.4998
811 0.4981 0.5019
812 0.5067 0.4933
813 0.5077 0.4923
814 0.5058 0.4942
815 0.5117 0.4883
816 0.5173 0.4827
817 0.5019 0.4981
818 0.5071 0.4929
819 0.5069 0.4931
820 0.5087 0.4913
821 0.5118 0.4882
822 0.504 0.496
823 0.5121 0.4879
824 0.504 0.496
825 0.5073 0.4927
826 0.5044 0.4956
827 0.5113 0.4887
828 0.5046 0.4954
829 0.5054 0.4946
830 0.5138 0.4862
831 0.4963 0.5037
832 0.5044 0.4956
833 0.5015 0.4985
834 0.5073 0.4927
835 0.5075 0.4925
836 0.498 0.502
837 0.5037 0.4963
838 0.5028 0.4972
839 0.5037 0.4963
840 0.501 0.499
841 0.5037 0.4963
842 0.5149 0.4851
843 0.5026 0.4974
844 0.5028 0.4972
845 0.4963 0.5037
846 0.504 0.496
847 0.5028 0.4972
848 0.5038 0.4962
849 0.5133 0.4867
850 0.5047 0.4953
851 0.5099 0.4901
852 0.4938 0.5062
853 0.5046 0.4954
854 0.5182 0.4818
855 0.5143 0.4857
856 0.5075 0.4925
857 0.5131 0.4869
858 0.5035 0.4965
859 0.5125 0.4875
860 0.5141 0.4859
861 0.5096 0.4904
862 0.5067 0.4933
863 0.5053 0.4947
864 0.5127 0.4873
865 0.5072 0.4928
866 0.5056 0.4944
867 0.5073 0.4927
868 0.504 0.496
869 0.5105 0.4895
870 0.5039 0.4961
871 0.503 0.497
872 0.5049 0.4951
873 0.5122 0.4878
874 0.5077 0.4923
875 0.4997 0.5003
876 0.5012 0.4988
877 0.4939 0.5061
878 0.5056 0.4944
879 0.4997 0.5003
880 0.504 0.496
881 0.5063 0.4937
882 0.5022 0.4978
883 0.5015 0.4985
884 0.5119 0.4881
885 0.5066 0.4934
886 0.5019 0.4981
887 0.5017 0.4983
888 0.507 0.493
889 0.5045 0.4955
890 0.5001 0.4999
891 0.5034 0.4966
892 0.4967 0.5033
893 0.5066 0.4934
894 0.4966 0.5034
895 0.5068 0.4932
896 0.4982 0.5018
897 0.5067 0.4933
898 0.5079 0.4921
899 0.5071 0.4929
900 0.5019 0.4981
901 0.5205 0.4795
902 0.4931 0.5069
903 0.4985 0.5015
904 0.5004 0.4996
905 0.5104 0.4896
906 0.5073 0.4927
907 0.4959 0.5041
908 0.509 0.491
909 0.51 0.49
910 0.5002 0.4998
911 0.5045 0.4955
912 0.5047 0.4953
913 0.5063 0.4937
914 0.4982 0.5018
915 0.5143 0.4857
916 0.5026 0.4974
917 0.5116 0.4884
918 0.512 0.488
919 0.5077 0.4923
920 0.5047 0.4953
921 0.499 0.501
922 0.5106 0.4894
923 0.5066 0.4934
924 0.5109 0.4891
925 0.5067 0.4933
926 0.5073 0.4927
927 0.5018 0.4982
928 0.5104 0.4896
929 0.4941 0.5059
930 0.5107 0.4893
931 0.5039 0.4961
932 0.5084 0.4916
933 0.5058 0.4942
934 0.4915 0.5085
935 0.5218 0.4782
936 0.5016 0.4984
937 0.5055 0.4945
938 0.5092 0.4908
939 0.4993 0.5007
940 0.504 0.496
941 0.5078 0.4922
942 0.502 0.498
943 0.5032 0.4968
944 0.5013 0.4987
945 0.5049 0.4951
946 0.5049 0.4951
947 0.52 0.48
948 0.5002 0.4998
949 0.4957 0.5043
950 0.5164 0.4836
951 0.511 0.489
952 0.5033 0.4967
953 0.515 0.485
954 0.5061 0.4939
955 0.5107 0.4893
956 0.506 0.494
957 0.4887 0.5113
958 0.5089 0.4911
959 0.5148 0.4852
960 0.4999 0.5001
961 0.5037 0.4963
962 0.5068 0.4932
963 0.5241 0.4759
964 0.5143 0.4857
965 0.4983 0.5017
966 0.5039 0.4961
967 0.5218 0.4782
968 0.4944 0.5056
969 0.5129 0.4871
970 0.5128 0.4872
971 0.5145 0.4855
972 0.5102 0.4898
973 0.5108 0.4892
974 0.4966 0.5034
975 0.5141 0.4859
976 0.5022 0.4978
977 0.5085 0.4915
978 0.5041 0.4959
979 0.4972 0.5028
980 0.494 0.506
981 0.5067 0.4933
982 0.5098 0.4902
983 0.4996 0.5004
984 0.5147 0.4853
985 0.5078 0.4922
986 0.5024 0.4976
987 0.4862 0.5138
988 0.5009 0.4991
989 0.5072 0.4928
990 0.5053 0.4947
991 0.5155 0.4845
992 0.5013 0.4987
993 0.4919 0.5081
994 0.4837 0.5163
995 0.5105 0.4895
996 0.5016 0.4984
997 0.4976 0.5024
998 0.5039 0.4961
999 0.5067 0.4933
1000 0.4828 0.5172
1001 0.5061 0.4939
1002 0.5137 0.4863
1003 0.5167 0.4833
1004 0.5123 0.4877
1005 0.5061 0.4939
1006 0.5163 0.4837
1007 0.511 0.489
1008 0.5059 0.4941
1009 0.4967 0.5033
1010 0.5122 0.4878
1011 0.5029 0.4971
1012 0.5012 0.4988
1013 0.5138 0.4862
1014 0.5042 0.4958
1015 0.5077 0.4923
1016 0.4852 0.5148
1017 0.4975 0.5025
1018 0.5061 0.4939
1019 0.4981 0.5019
1020 0.5064 0.4936
1021 0.5016 0.4984
1022 0.5048 0.4952
1023 0.5273 0.4727
1024 0.5002 0.4998
1025 0.5002 0.4998
1026 0.5085 0.4915
1027 0.5062 0.4938
1028 0.5089 0.4911
1029 0.4821 0.5179
1030 0.5011 0.4989
1031 0.5136 0.4864
1032 0.5124 0.4876
1033 0.492 0.508
1034 0.518 0.482
1035 0.5211 0.4789
1036 0.4941 0.5059
1037 0.5245 0.4755
1038 0.491 0.509
1039 0.5079 0.4921
1040 0.504 0.496
1041 0.4882 0.5118
1042 0.5133 0.4867
1043 0.5032 0.4968
1044 0.4978 0.5022
1045 0.5066 0.4934
1046 0.5192 0.4808
1047 0.4927 0.5073
1048 0.4988 0.5012
1049 0.513 0.487
1050 0.5045 0.4955
1051 0.4928 0.5072
1052 0.5332 0.4668
1053 0.5047 0.4953
1054 0.5144 0.4856
1055 0.5064 0.4936
1056 0.4904 0.5096
1057 0.4969 0.5031
1058 0.4958 0.5042
1059 0.4998 0.5002
1060 0.4834 0.5166
1061 0.5033 0.4967
1062 0.4936 0.5064
1063 0.5199 0.4801
1064 0.4939 0.5061
1065 0.5051 0.4949
1066 0.4953 0.5047
1067 0.5007 0.4993
1068 0.5077 0.4923
1069 0.5048 0.4952
1070 0.5 0.5
1071 0.5027 0.4973
1072 0.5087 0.4913
1073 0.5118 0.4882
1074 0.4878 0.5122
1075 0.4918 0.5082
1076 0.5181 0.4819
1077 0.4881 0.5119
1078 0.5235 0.4765
1079 0.5015 0.4985
1080 0.4775 0.5225
1081 0.5161 0.4839
1082 0.4899 0.5101
1083 0.4955 0.5045
1084 0.4776 0.5224
1085 0.5133 0.4867
1086 0.493 0.507
1087 0.5063 0.4937
1088 0.4975 0.5025
1089 0.4972 0.5028
1090 0.5018 0.4982
1091 0.5092 0.4908
1092 0.5082 0.4918
1093 0.5027 0.4973
1094 0.5291 0.4709
1095 0.5008 0.4992
1096 0.5098 0.4902
1097 0.5183 0.4817
1098 0.5011 0.4989
1099 0.4964 0.5036
1100 0.4997 0.5003
1101 0.505 0.495
1102 0.4823 0.5177
1103 0.5095 0.4905
1104 0.506 0.494
1105 0.5077 0.4923
1106 0.5154 0.4846
1107 0.4923 0.5077
1108 0.5206 0.4794
1109 0.5022 0.4978
1110 0.5258 0.4742
1111 0.519 0.481
1112 0.4989 0.5011
1113 0.5006 0.4994
1114 0.4934 0.5066
1115 0.5317 0.4683
1116 0.5012 0.4988
1117 0.4991 0.5009
1118 0.4915 0.5085
1119 0.5122 0.4878
1120 0.4961 0.5039
1121 0.4938 0.5062
1122 0.5189 0.4811
1123 0.5041 0.4959
1124 0.5044 0.4956
1125 0.495 0.505
1126 0.4939 0.5061
1127 0.4848 0.5152
1128 0.5248 0.4752
1129 0.5085 0.4915
1130 0.5097 0.4903
1131 0.4895 0.5105
1132 0.5169 0.4831
1133 0.5255 0.4745
1134 0.5098 0.4902
1135 0.4929 0.5071
1136 0.4887 0.5113
1137 0.5226 0.4774
1138 0.5118 0.4882
1139 0.4981 0.5019
1140 0.5243 0.4757
1141 0.5015 0.4985
1142 0.514 0.486
1143 0.5039 0.4961
1144 0.5172 0.4828
1145 0.5044 0.4956
1146 0.5286 0.4714
1147 0.4899 0.5101
1148 0.5116 0.4884
1149 0.5035 0.4965
1150 0.5146 0.4854
1151 0.5083 0.4917
1152 0.5215 0.4785
1153 0.5105 0.4895
1154 0.4687 0.5313
1155 0.4795 0.5205
1156 0.5027 0.4973
1157 0.5012 0.4988
1158 0.4866 0.5134
1159 0.4898 0.5102
1160 0.4801 0.5199
1161 0.5 0.5
1162 0.5387 0.4613
1163 0.4967 0.5033
1164 0.5237 0.4763
1165 0.5151 0.4849
1166 0.495 0.505
1167 0.5093 0.4907
1168 0.5061 0.4939
1169 0.5055 0.4945
1170 0.4837 0.5163
1171 0.5031 0.4969
1172 0.4981 0.5019
1173 0.5044 0.4956
1174 0.5044 0.4956
1175 0.5005 0.4995
1176 0.5024 0.4976
1177 0.5114 0.4886
1178 0.5009 0.4991
1179 0.4893 0.5107
1180 0.5071 0.4929
1181 0.5173 0.4827
1182 0.5036 0.4964
1183 0.4701 0.5299
1184 0.4867 0.5133
1185 0.5069 0.4931
1186 0.508 0.492
1187 0.5239 0.4761
1188 0.4846 0.5154
1189 0.5115 0.4885
1190 0.547 0.453
1191 0.499 0.501
1192 0.5146 0.4854
1193 0.5212 0.4788
1194 0.4865 0.5135
1195 0.4661 0.5339
1196 0.5173 0.4827
1197 0.466 0.534
1198 0.5011 0.4989
1199 0.517 0.483
1200 0.496 0.504
1201 0.5311 0.4689
1202 0.5143 0.4857
1203 0.5275 0.4725
1204 0.5136 0.4864
1205 0.4942 0.5058
1206 0.5276 0.4724
1207 0.5049 0.4951
1208 0.5156 0.4844
1209 0.5234 0.4766
1210 0.5137 0.4863
1211 0.4893 0.5107
1212 0.5028 0.4972
1213 0.4809 0.5191
1214 0.5018 0.4982
1215 0.5149 0.4851
1216 0.5107 0.4893
1217 0.5011 0.4989
1218 0.5063 0.4937
1219 0.5095 0.4905
1220 0.5084 0.4916
1221 0.4773 0.5227
1222 0.5084 0.4916
1223 0.5158 0.4842
1224 0.511 0.489
1225 0.4936 0.5064
1226 0.4981 0.5019
1227 0.5181 0.4819
1228 0.4639 0.5361
1229 0.4767 0.5233
1230 0.509 0.491
1231 0.4788 0.5212
1232 0.5 0.5
1233 0.5095 0.4905
1234 0.4836 0.5164
1235 0.5301 0.4699
1236 0.4987 0.5013
1237 0.5062 0.4938
1238 0.4953 0.5047
1239 0.4814 0.5186
1240 0.5136 0.4864
1241 0.4651 0.5349
1242 0.4866 0.5134
1243 0.5163 0.4837
1244 0.5086 0.4914
1245 0.4954 0.5046
1246 0.5215 0.4785
1247 0.4802 0.5198
1248 0.4984 0.5016
1249 0.4934 0.5066
1250 0.4967 0.5033
1251 0.5172 0.4828
1252 0.4899 0.5101
1253 0.5106 0.4894
1254 0.5601 0.4399
1255 0.4884 0.5116
1256 0.5089 0.4911
1257 0.5137 0.4863
1258 0.5378 0.4622
1259 0.4931 0.5069
1260 0.4968 0.5032
1261 0.5263 0.4737
1262 0.5117 0.4883
1263 0.5073 0.4927
1264 0.4814 0.5186
1265 0.5021 0.4979
1266 0.4886 0.5114
1267 0.4888 0.5112
1268 0.4676 0.5324
1269 0.5042 0.4958
1270 0.5086 0.4914
1271 0.4756 0.5244
1272 0.4808 0.5192
1273 0.5171 0.4829
1274 0.4945 0.5055
1275 0.4962 0.5038
1276 0.4981 0.5019
1277 0.5028 0.4972
1278 0.5048 0.4952
1279 0.554 0.446
1280 0.5096 0.4904
1281 0.4973 0.5027
1282 0.521 0.479
1283 0.4759 0.5241
1284 0.5255 0.4745
1285 0.5085 0.4915
1286 0.4796 0.5204
1287 0.5417 0.4583
1288 0.5239 0.4761
1289 0.4836 0.5164
1290 0.5172 0.4828
1291 0.5061 0.4939
1292 0.5406 0.4594
1293 0.4598 0.5402
1294 0.5886 0.4114
1295 0.5056 0.4944
1296 0.4826 0.5174
1297 0.5 0.5
1298 0.5188 0.4812
1299 0.5696 0.4304
1300 0.5131 0.4869
1301 0.5101 0.4899
1302 0.5501 0.4499
1303 0.5018 0.4982
1304 0.4881 0.5119
1305 0.4724 0.5276
1306 0.5308 0.4692
1307 0.5104 0.4896
1308 0.5378 0.4622
1309 0.5127 0.4873
1310 0.5105 0.4895
1311 0.4836 0.5164
1312 0.4885 0.5115
1313 0.511 0.489
1314 0.4781 0.5219
1315 0.5259 0.4741
1316 0.4837 0.5163
1317 0.5052 0.4948
1318 0.5 0.5
1319 0.4943 0.5057
1320 0.4918 0.5082
1321 0.5012 0.4988
1322 0.4804 0.5196
1323 0.471 0.529
1324 0.4793 0.5207
1325 0.4504 0.5496
1326 0.4663 0.5337
1327 0.5401 0.4599
1328 0.4942 0.5058
1329 0.4788 0.5212
1330 0.5037 0.4963
1331 0.5156 0.4844
1332 0.4902 0.5098
1333 0.4315 0.5685
1334 0.5466 0.4534
1335 0.4818 0.5182
1336 0.4774 0.5226
1337 0.4922 0.5078
1338 0.4973 0.5027
1339 0.4665 0.5335
1340 0.5578 0.4422
1341 0.5042 0.4958
1342 0.51 0.49
1343 0.4884 0.5116
1344 0.4341 0.5659
1345 0.5302 0.4698
1346 0.5074 0.4926
1347 0.4603 0.5397
1348 0.5068 0.4932
1349 0.507 0.493
1350 0.5458 0.4542
1351 0.4706 0.5294
1352 0.4803 0.5197
1353 0.5197 0.4803
1354 0.5302 0.4698
1355 0.4806 0.5194
1356 0.5144 0.4856
1357 0.4773 0.5227
1358 0.5777 0.4223
1359 0.5091 0.4909
1360 0.4618 0.5382
1361 0.5179 0.4821
1362 0.5497 0.4503
1363 0.5263 0.4737
1364 0.4894 0.5106
1365 0.5351 0.4649
1366 0.5169 0.4831
1367 0.4799 0.5201
1368 0.471 0.529
1369 0.5355 0.4645
1370 0.4948 0.5052
1371 0.458 0.542
1372 0.4844 0.5156
1373 0.4957 0.5043
1374 0.5277 0.4723
1375 0.496 0.504
1376 0.5042 0.4958
1377 0.4826 0.5174
1378 0.5372 0.4628
1379 0.4784 0.5216
1380 0.4824 0.5176
1381 0.5061 0.4939
1382 0.5315 0.4685
1383 0.4979 0.5021
1384 0.5145 0.4855
1385 0.4978 0.5022
1386 0.5279 0.4721
1387 0.5573 0.4427
1388 0.5265 0.4735
1389 0.4624 0.5376
1390 0.465 0.535
1391 0.543 0.457
1392 0.5056 0.4944
1393 0.4922 0.5078
1394 0.4874 0.5126
1395 0.5234 0.4766
1396 0.4611 0.5389
1397 0.5393 0.4607
1398 0.5481 0.4519
1399 0.4871 0.5129
1400 0.476 0.524
1401 0.5104 0.4896
1402 0.472 0.528
1403 0.5667 0.4333
1404 0.5434 0.4566
1405 0.5574 0.4426
1406 0.5126 0.4874
1407 0.5244 0.4756
1408 0.4498 0.5502
1409 0.518 0.482
1410 0.5129 0.4871
1411 0.4402 0.5598
1412 0.5473 0.4527
1413 0.5721 0.4279
1414 0.4803 0.5197
1415 0.4954 0.5046
1416 0.4734 0.5266
1417 0.4653 0.5347
1418 0.5103 0.4897
1419 0.5638 0.4362
1420 0.5688 0.4312
1421 0.5137 0.4863
1422 0.4959 0.5041
1423 0.5205 0.4795
1424 0.5418 0.4582
1425 0.5399 0.4601
1426 0.5282 0.4718
1427 0.5 0.5
1428 0.4839 0.5161
1429 0.5066 0.4934
1430 0.5023 0.4977
1431 0.5142 0.4858
1432 0.4769 0.5231
1433 0.5196 0.4804
1434 0.5172 0.4828
1435 0.4789 0.5211
1436 0.5225 0.4775
1437 0.5269 0.4731
1438 0.4641 0.5359
1439 0.4942 0.5058
1440 0.5355 0.4645
1441 0.445 0.555
1442 0.465 0.535
1443 0.4463 0.5537
1444 0.5056 0.4944
1445 0.5164 0.4836
1446 0.5021 0.4979
1447 0.472 0.528
1448 0.5378 0.4622
1449 0.5138 0.4862
1450 0.5196 0.4804
1451 0.5641 0.4359
1452 0.48 0.52
1453 0.4474 0.5526
1454 0.5103 0.4897
1455 0.5349 0.4651
1456 0.4926 0.5074
1457 0.525 0.475
1458 0.4949 0.5051
1459 0.478 0.522
1460 0.5089 0.4911
1461 0.5263 0.4737
1462 0.4545 0.5455
1463 0.5468 0.4532
1464 0.4853 0.5147
1465 0.527 0.473
1466 0.5466 0.4534
1467 0.4702 0.5298
1468 0.5677 0.4323
1469 0.4793 0.5207
1470 0.5084 0.4916
1471 0.4775 0.5225
1472 0.4593 0.5407
1473 0.5363 0.4637
1474 0.4505 0.5495
1475 0.4097 0.5903
1476 0.4831 0.5169
1477 0.5507 0.4493
1478 0.4333 0.5667
1479 0.5068 0.4932
1480 0.5067 0.4933
1481 0.5 0.5
1482 0.4853 0.5147
1483 0.4553 0.5447
1484 0.4956 0.5044
1485 0.561 0.439
1486 0.4961 0.5039
1487 0.5586 0.4414
1488 0.4895 0.5105
1489 0.5172 0.4828
1490 0.4857 0.5143
1491 0.5263 0.4737
1492 0.5276 0.4724
1493 0.4416 0.5584
1494 0.5133 0.4867
1495 0.4828 0.5172
1496 0.5315 0.4685
1497 0.5101 0.4899
1498 0.4576 0.5424
1499 0.5798 0.4202
1500 0.5217 0.4783
1501 0.5101 0.4899
1502 0.4934 0.5066
1503 0.58 0.42
1504 0.5 0.5
1505 0.5741 0.4259
1506 0.5028 0.4972
1507 0.4868 0.5132
1508 0.5097 0.4903
1509 0.5256 0.4744
1510 0.4357 0.5643
1511 0.5882 0.4118
1512 0.475 0.525
1513 0.4863 0.5137
1514 0.448 0.552
1515 0.479 0.521
1516 0.5462 0.4538
1517 0.562 0.438
1518 0.4914 0.5086
1519 0.4825 0.5175
1520 0.5574 0.4426
1521 0.4962 0.5038
1522 0.5462 0.4538
1523 0.518 0.482
1524 0.4783 0.5217
1525 0.551 0.449
1526 0.4932 0.5068
1527 0.4646 0.5354
1528 0.5429 0.4571
1529 0.5981 0.4019
1530 0.5741 0.4259
1531 0.5556 0.4444
1532 0.6019 0.3981
1533 0.5878 0.4122
1534 0.5156 0.4844
1535 0.547 0.453
1536 0.5115 0.4885
1537 0.5724 0.4276
1538 0.4848 0.5152
1539 0.5157 0.4843
1540 0.5245 0.4755
1541 0.4891 0.5109
1542 0.4809 0.5191
1543 0.5116 0.4884
1544 0.4962 0.5038
1545 0.36 0.64
1546 0.5238 0.4762
1547 0.5172 0.4828
1548 0.5714 0.4286
1549 0.5161 0.4839
1550 0.5543 0.4457
1551 0.5104 0.4896
1552 0.5319 0.4681
1553 0.5294 0.4706
1554 0.4949 0.5051
1555 0.4565 0.5435
1556 0.4706 0.5294
1557 0.5402 0.4598
1558 0.4478 0.5522
1559 0.5733 0.4267
1560 0.5484 0.4516
1561 0.47 0.53
1562 0.5385 0.4615
1563 0.5098 0.4902
1564 0.5208 0.4792
1565 0.5158 0.4842
1566 0.5111 0.4889
1567 0.5 0.5
1568 0.4906 0.5094
1569 0.4717 0.5283
1570 0.3902 0.6098
1571 0.4384 0.5616
1572 0.4658 0.5342
1573 0.5769 0.4231
1574 0.4625 0.5375
1575 0.4054 0.5946
1576 0.4493 0.5507
1577 0.5135 0.4865
1578 0.4688 0.5312
1579 0.5424 0.4576
1580 0.4444 0.5556
1581 0.4828 0.5172
1582 0.4918 0.5082
1583 0.5342 0.4658
1584 0.4865 0.5135
1585 0.5405 0.4595
1586 0.475 0.525
1587 0.4769 0.5231
1588 0.6024 0.3976
1589 0.5435 0.4565
1590 0.5096 0.4904
1591 0.4639 0.5361
1592 0.5 0.5
1593 0.5111 0.4889
1594 0.4342 0.5658
1595 0.4459 0.5541
1596 0.4156 0.5844
1597 0.5132 0.4868
1598 0.4925 0.5075
1599 0.5 0.5
1600 0.4545 0.5455
1601 0.4655 0.5345
1602 0.6102 0.3898
1603 0.5854 0.4146
1604 0.3014 0.6986
1605 0.5088 0.4912
1606 0.5395 0.4605
1607 0.45 0.55
1608 0.5542 0.4458
1609 0.5102 0.4898
1610 0.4205 0.5795
1611 0.411 0.589
1612 0.4603 0.5397
1613 0.5224 0.4776
1614 0.4667 0.5333
1615 0.6719 0.3281
1616 0.4219 0.5781
1617 0.5111 0.4889
1618 0.5102 0.4898
1619 0.5 0.5
1620 0.4 0.6
1621 0.5 0.5
1622 0.4792 0.5208
1623 0.3818 0.6182
1624 0.4364 0.5636
1625 0.4 0.6
1626 0.4815 0.5185
1627 0.4255 0.5745
1628 0.5429 0.4571
1629 0.4103 0.5897
1630 0.5517 0.4483
1631 0.5 0.5
1632 0.5769 0.4231
1633 0.65 0.35
1634 0.4884 0.5116
1635 0.56 0.44
1636 0.5667 0.4333
1637 0.3929 0.6071
1638 0.4783 0.5217
1639 0.4681 0.5319
1640 0.5926 0.4074
1641 0.5556 0.4444
1642 0.4521 0.5479
1643 0.403 0.597
1644 0.5167 0.4833
1645 0.5072 0.4928
1646 0.5082 0.4918
1647 0.5161 0.4839
1648 0.4182 0.5818
1649 0.5088 0.4912
1650 0.5373 0.4627
1651 0.5072 0.4928
1652 0.4643 0.5357
1653 0.5208 0.4792
1654 0.4 0.6
1655 0.5192 0.4808
1656 0.4314 0.5686
1657 0.64 0.36
1658 0.5161 0.4839
1659 0.48 0.52
1660 0.4167 0.5833
1661 0.625 0.375
1662 0.5 0.5
1663 0.5789 0.4211
1664 0.5833 0.4167
1665 0.6111 0.3889
1666 0.5397 0.4603
1667 0.5172 0.4828
1668 0.5323 0.4677
1669 0.4167 0.5833
1670 0.5 0.5
1671 0.5135 0.4865
1672 0.3889 0.6111
1673 0.5517 0.4483
1674 0.4839 0.5161
1675 0.35 0.65
1676 0.619 0.381
1677 0.6 0.4
1678 0.5476 0.4524
1679 0.4762 0.5238
1680 0.5 0.5
1681 0.5517 0.4483
1682 0.5357 0.4643
1683 0.5833 0.4167
1684 0.4878 0.5122
1685 0.4474 0.5526
1686 0.5263 0.4737
1687 0.3824 0.6176
1688 0.4091 0.5909
1689 0.4667 0.5333
1690 0.7083 0.2917
1691 0.5758 0.4242
1692 0.4375 0.5625
1693 0.6061 0.3939
1694 0.4706 0.5294
1695 0.5278 0.4722
1696 0.5625 0.4375
1697 0.5312 0.4688
1698 0.5806 0.4194
1699 0.5625 0.4375
1700 0.5625 0.4375
1701 0.4865 0.5135
1702 0.5278 0.4722
1703 0.5625 0.4375
1704 0.5333 0.4667
1705 0.5333 0.4667
1706 0.5152 0.4848
1707 0.5556 0.4444
1708 0.5 0.5
1709 0.4419 0.5581
1710 0.5676 0.4324
1711 0.4737 0.5263
1712 0.4737 0.5263
1713 0.7143 0.2857
1714 0.4423 0.5577
1715 0.5417 0.4583
1716 0.4423 0.5577
1717 0.3415 0.6585
1718 0.5714 0.4286
1719 0.45 0.55
1720 0.5 0.5
1721 0.3214 0.6786
1722 0.4615 0.5385
1723 0.3158 0.6842
1724 0.4375 0.5625
1725 0.4737 0.5263
1726 0.6522 0.3478
1727 0.5484 0.4516
1728 0.625 0.375
1729 0.5 0.5
1730 0.5 0.5
1731 0.4762 0.5238
1732 0.4688 0.5312
1733 0.4286 0.5714
1734 0.6667 0.3333
1735 0.4286 0.5714
1736 0.5652 0.4348
1737 0.6 0.4
1738 0.5152 0.4848
1739 0.5625 0.4375
1740 0.5 0.5
1741 0.6364 0.3636
1742 0.6452 0.3548
1743 0.5 0.5
1744 0.4722 0.5278
1745 0.3333 0.6667
1746 0.6071 0.3929
1747 0.5 0.5
1748 0.4 0.6
1749 0.5652 0.4348
1750 0.5238 0.4762
1751 0.2308 0.7692
1752 0.6667 0.3333
1753 0.4091 0.5909
1754 0.6818 0.3182
1755 0.56 0.44
1756 0.48 0.52
1757 0.4 0.6
1758 0.2 0.8
1759 0.5714 0.4286
1760 0.5 0.5
1761 0.6471 0.3529
1762 0.5417 0.4583
1763 0.5556 0.4444
1764 0.5278 0.4722
1765 0.4419 0.5581
1766 0.4722 0.5278
1767 0.5 0.5
1768 0.4583 0.5417
1769 0.7619 0.2381
1770 0.6857 0.3143
1771 0.3438 0.6562
1772 0.4074 0.5926
1773 0.44 0.56
1774 0.4688 0.5312
1775 0.55 0.45
1776 0.4474 0.5526
1777 0.5185 0.4815
1778 0.375 0.625
1779 0.55 0.45
1780 0.5652 0.4348
1781 0.6522 0.3478
1782 0.4 0.6
1783 0.619 0.381
1784 0.5417 0.4583
1785 0.5 0.5
1786 0.52 0.48
1787 0.4583 0.5417
1788 0.5769 0.4231
1789 0.3636 0.6364
1790 0.6667 0.3333
1791 0.4 0.6
1792 0.3125 0.6875
1793 0.4 0.6
1794 0.75 0.25
1795 0.5714 0.4286
1796 0.4615 0.5385
1797 0.6154 0.3846
1798 0.5 0.5
1799 0.5556 0.4444
1800 0.7273 0.2727
1801 0.5333 0.4667
1802 0.375 0.625
1803 0.4167 0.5833
1804 0.5714 0.4286
1805 0.3333 0.6667
1806 0.5 0.5
1807 0.5 0.5
1808 0.4667 0.5333
1809 0.5789 0.4211
1810 0.6552 0.3448
1811 0.4333 0.5667
1812 0.6207 0.3793
1813 0.4333 0.5667
1814 0.2632 0.7368
1815 0.6429 0.3571
1816 0.4444 0.5556
1817 0.5263 0.4737
1818 0.4667 0.5333
1819 0.6364 0.3636
1820 0.4231 0.5769
1821 0.2222 0.7778
1822 0.6429 0.3571
1823 0.5217 0.4783
1824 0.5333 0.4667
1825 0.4286 0.5714
1826 0.3636 0.6364
1827 0.4375 0.5625
1828 0.4667 0.5333
1829 0.7391 0.2609
1830 0.4545 0.5455
1831 0.4839 0.5161
1832 0.5517 0.4483
1833 0.4615 0.5385
1834 0.5556 0.4444
1835 0.5238 0.4762
1836 0.375 0.625
1837 0.3636 0.6364
1838 0.3077 0.6923
1839 0.6818 0.3182
1840 0.4 0.6
1841 0.36 0.64
1842 0.3571 0.6429
1843 0.4615 0.5385
1844 0.3 0.7
1845 0.25 0.75
1846 0.8571 0.1429
1847 0.6 0.4
1848 0.4 0.6
1849 0.5 0.5
1850 0.5625 0.4375
1851 0.3333 0.6667
1852 0.5 0.5
1853 0.4444 0.5556
1854 0.6 0.4
1855 0.6429 0.3571
1856 0.2727 0.7273
1857 0.2 0.8
1858 0.6667 0.3333
1859 0.5714 0.4286
1860 0.5455 0.4545
1861 0.1429 0.8571
1862 1.0 0.0
1863 0.0 1.0
1864 1.0 0.0
1865 1.0 0.0
1866 0.5714 0.4286
1867 0.4 0.6
1868 0.5714 0.4286
1869 0.5 0.5
1870 0.0 1.0
1872 1.0 0.0
1873 0.8 0.2
1874 0.7143 0.2857
1875 0.6429 0.3571
1876 0.4667 0.5333
1877 0.6 0.4
1878 0.52 0.48
1879 0.4783 0.5217
1880 0.4211 0.5789
1881 0.4615 0.5385
1882 0.4444 0.5556
1883 0.7 0.3
1884 0.6667 0.3333
1885 0.4375 0.5625
1886 0.4545 0.5455
1887 0.2857 0.7143
1888 0.25 0.75
1889 0.6667 0.3333
1890 0.8333 0.1667
1891 0.3333 0.6667
1892 0.6667 0.3333
1893 0.75 0.25
1894 0.6 0.4
1895 0.5 0.5
1896 0.0 1.0
1897 1.0 0.0
1898 0.6 0.4
1899 0.5714 0.4286
1900 0.6 0.4
1901 0.3333 0.6667
1902 0.625 0.375
1903 0.5455 0.4545
1904 0.0 1.0
1905 0.8 0.2
1906 0.1667 0.8333
1907 0.4 0.6
1908 0.25 0.75
1909 0.7143 0.2857
1910 0.4444 0.5556
1911 0.2 0.8
1912 1.0 0.0
1913 0.6667 0.3333
1914 0.4 0.6
1915 0.5 0.5
1916 0.4 0.6
1917 1.0 0.0
1918 0.5714 0.4286
1919 0.6 0.4
1920 0.5556 0.4444
1921 0.6364 0.3636
1922 0.5714 0.4286
1923 0.5 0.5
1924 0.5294 0.4706
1925 0.3571 0.6429
1926 0.3333 0.6667
1927 0.5 0.5
1928 0.625 0.375
1929 0.6667 0.3333
1930 0.7333 0.2667
1931 0.6 0.4
1932 0.5926 0.4074
1933 0.5556 0.4444
1934 0.6562 0.3438
1935 0.4103 0.5897
1936 0.5 0.5
1937 0.3929 0.6071
1938 0.6087 0.3913
1939 0.3529 0.6471
1940 0.625 0.375
1941 0.625 0.375
1942 0.625 0.375
1943 0.5 0.5
1944 0.5455 0.4545
1945 0.4545 0.5455
1946 0.5 0.5
1947 0.5 0.5
1948 1.0 0.0
1949 0.5 0.5
1950 0.4 0.6
1951 0.75 0.25
1952 1.0 0.0
1953 1.0 0.0
1954 0.6667 0.3333
1955 0.7 0.3
1956 0.5 0.5
1957 0.4706 0.5294
1958 0.5 0.5
1959 0.2778 0.7222
1960 0.4375 0.5625
1961 0.4545 0.5455
1962 0.5714 0.4286
1963 0.5 0.5
1964 0.5556 0.4444
1965 0.5 0.5
1966 0.5455 0.4545
1967 0.1429 0.8571
1968 0.6667 0.3333
1969 0.6667 0.3333
1970 0.4286 0.5714
1971 0.6667 0.3333
1972 0.3333 0.6667
1973 0.5 0.5
1974 0.6667 0.3333
1975 1.0 0.0
1976 1.0 0.0
1977 0.5 0.5
1978 0.8 0.2
1979 0.75 0.25
1980 0.3333 0.6667
1981 0.6667 0.3333
1982 0.2 0.8
1983 0.5 0.5
1984 0.75 0.25
1985 0.7143 0.2857
1986 0.6364 0.3636
1987 0.5455 0.4545
1988 0.6667 0.3333
1989 0.4444 0.5556
1990 0.5385 0.4615
1991 0.4 0.6
1992 0.3 0.7
1993 0.375 0.625
1994 0.0 1.0
1995 0.6 0.4
1996 0.2857 0.7143
1997 0.375 0.625
1998 0.4 0.6
1999 0.6 0.4
2000 0.4286 0.5714
2001 0.2857 0.7143
2002 0.5833 0.4167
2003 0.4167 0.5833
2004 0.5556 0.4444
2005 0.5556 0.4444
2006 0.375 0.625
2007 0.75 0.25
2008 0.5 0.5
2009 0.1 0.9
2010 0.3333 0.6667
2011 1.0 0.0
2012 0.6 0.4
2013 0.5 0.5
2014 0.4444 0.5556
2015 0.5556 0.4444
2016 0.1667 0.8333
2017 0.0 1.0
2018 0.0 1.0
2021 0.0 1.0
2024 0.6667 0.3333
2025 0.5 0.5
2026 0.5 0.5
2027 0.3333 0.6667
2028 0.0 1.0
2029 0.5 0.5
2030 0.0 1.0
2032 1.0 0.0
2033 0.5 0.5
2034 0.6 0.4
2035 0.6 0.4
2036 0.0 1.0
2037 0.6667 0.3333
2038 0.3333 0.6667
2039 0.0 1.0
2040 0.5 0.5
2041 0.0 1.0
2042 0.0 1.0
2046 1.0 0.0
2047 0.5 0.5
2048 0.6667 0.3333
2049 0.6667 0.3333
2050 0.6 0.4
2051 0.7 0.3
2052 0.5 0.5
2053 0.5385 0.4615
2054 0.2727 0.7273
2055 0.4286 0.5714
2056 0.375 0.625
2057 0.25 0.75
2058 0.0 1.0
2068 1.0 0.0
2069 0.5 0.5
2071 1.0 0.0
2072 0.4286 0.5714
2073 0.1667 0.8333
2074 1.0 0.0
2075 0.3333 0.6667
2076 0.3333 0.6667
2077 0.6667 0.3333
2078 0.3333 0.6667
2079 0.6667 0.3333
2080 0.5714 0.4286
2081 0.0 1.0
2082 0.5 0.5
2083 0.0 1.0
2084 0.0 1.0
2088 0.5 0.5
2089 0.0 1.0
2101 1.0 0.0
2102 0.5 0.5
2103 0.3333 0.6667
2104 0.0 1.0
2106 0.0 1.0
2113 0.0 1.0
2114 0.5 0.5
2115 0.0 1.0
2128 1.0 0.0
2129 0.8 0.2
2130 0.4 0.6
2131 0.75 0.25
2132 0.5 0.5
2133 0.3333 0.6667
2134 0.6667 0.3333
2135 0.4 0.6
2136 0.6 0.4
2137 0.5 0.5
2138 0.6 0.4
2139 0.5 0.5
2140 0.6 0.4
2141 0.5714 0.4286
2142 0.5 0.5
2143 0.7778 0.2222
2144 0.3636 0.6364
2145 0.625 0.375
2146 0.1429 0.8571
2147 0.5 0.5
2148 0.0 1.0
2149 0.0 1.0
2150 0.5 0.5
2151 0.0 1.0
2159 1.0 0.0
2160 0.0 1.0
2161 0.0 1.0
2162 0.0 1.0
2163 0.0 1.0
2164 0.5 0.5
2165 1.0 0.0
2166 0.0 1.0
2173 1.0 0.0
2174 0.5 0.5
2175 1.0 0.0
2176 0.0 1.0
2179 0.0 1.0
2181 1.0 0.0
2182 1.0 0.0
2189 1.0 0.0
2190 0.5455 0.4545
2191 0.1429 0.8571
2192 0.5 0.5
2193 0.5 0.5
2194 0.5 0.5
2195 0.0 1.0
2196 0.0 1.0
2197 0.0 1.0
2198 0.0 1.0
2205 1.0 0.0
2206 1.0 0.0
2207 0.2 0.8
2208 0.8 0.2
2209 0.5 0.5
2210 0.5 0.5
2211 1.0 0.0
2212 1.0 0.0
2213 1.0 0.0
2215 0.0 1.0
2216 0.0 1.0
2217 0.0 1.0
2220 1.0 0.0
2223 1.0 0.0
2224 1.0 0.0
2225 0.6 0.4
2226 0.6667 0.3333
2227 0.25 0.75
2228 1.0 0.0
2229 1.0 0.0
2230 0.0 1.0
2251 1.0 0.0
2252 1.0 0.0
2253 0.0 1.0
2254 0.0 1.0
2255 0.6667 0.3333
2256 0.4 0.6
2257 0.8 0.2
2258 0.4 0.6
2259 0.7143 0.2857
2260 0.5 0.5
2261 0.5 0.5
2262 1.0 0.0
2263 0.6 0.4
2264 0.5 0.5
2265 0.0 1.0
2267 1.0 0.0
2268 0.3333 0.6667
2269 0.5 0.5
2270 0.0 1.0
2271 1.0 0.0
2272 0.8 0.2
2273 0.6667 0.3333
2274 0.0 1.0
2275 0.5 0.5
2276 0.0 1.0
2287 1.0 0.0
2288 0.6667 0.3333
2289 0.0 1.0
2290 0.0 1.0
2291 0.5 0.5
2292 0.0 1.0
2295 1.0 0.0
2296 1.0 0.0
2297 1.0 0.0
2298 1.0 0.0
2299 0.0 1.0
2334 1.0 0.0
2335 0.6667 0.3333
2336 0.6667 0.3333
2337 0.5 0.5
2338 0.3333 0.6667
2339 0.5714 0.4286
2340 0.5 0.5
2341 0.3333 0.6667
2342 1.0 0.0
2343 1.0 0.0
2344 1.0 0.0
2345 0.3333 0.6667
2346 0.6 0.4
2347 0.25 0.75
2348 0.0 1.0
2349 1.0 0.0
2351 1.0 0.0
2352 0.6667 0.3333
2353 0.6667 0.3333
2354 0.5 0.5
2355 0.5 0.5
2356 0.8333 0.1667
2357 0.5714 0.4286
2358 0.6667 0.3333
2359 0.5 0.5
2360 0.6667 0.3333
2361 0.5 0.5
2362 0.6667 0.3333
2363 0.4286 0.5714
2364 0.0 1.0
2365 0.0 1.0
2370 1.0 0.0
2371 0.5 0.5
2372 0.5 0.5
2373 0.0 1.0
2394 1.0 0.0
2395 0.3333 0.6667
2396 0.25 0.75
2397 0.25 0.75
2398 0.625 0.375
2399 0.3333 0.6667
2400 0.3333 0.6667
2401 0.0 1.0
