1 0.4017 0.5983
2 0.4955 0.5045
3 0.5119 0.4881
4 0.5185 0.4815
5 0.5211 0.4789
6 0.5213 0.4787
7 0.5207 0.4793
8 0.5195 0.4805
9 0.5185 0.4815
10 0.5173 0.4827
11 0.516 0.484
12 0.5145 0.4855
13 0.5131 0.4869
14 0.512 0.488
15 0.5113 0.4887
16 0.5098 0.4902
17 0.5084 0.4916
18 0.5079 0.4921
19 0.5068 0.4932
20 0.506 0.494
21 0.5047 0.4953
22 0.5046 0.4954
23 0.503 0.497
24 0.5026 0.4974
25 0.5018 0.4982
26 0.5018 0.4982
27 0.5003 0.4997
28 0.4997 0.5003
29 0.4992 0.5008
30 0.499 0.501
31 0.4982 0.5018
32 0.4978 0.5022
33 0.4962 0.5038
34 0.4967 0.5033
35 0.4957 0.5043
36 0.4952 0.5048
37 0.4957 0.5043
38 0.4941 0.5059
39 0.4946 0.5054
40 0.4931 0.5069
41 0.4936 0.5064
42 0.4937 0.5063
43 0.4928 0.5072
44 0.4921 0.5079
45 0.492 0.508
46 0.4922 0.5078
47 0.4915 0.5085
48 0.4901 0.5099
49 0.4897 0.5103
50 0.49 0.51
51 0.4901 0.5099
52 0.4908 0.5092
53 0.4884 0.5116
54 0.4895 0.5105
55 0.4892 0.5108
56 0.4882 0.5118
57 0.4896 0.5104
58 0.4875 0.5125
59 0.4879 0.5121
60 0.4867 0.5133
61 0.4883 0.5117
62 0.4873 0.5127
63 0.4889 0.5111
64 0.4866 0.5134
65 0.4844 0.5156
66 0.487 0.513
67 0.4849 0.5151
68 0.4853 0.5147
69 0.487 0.513
70 0.4834 0.5166
71 0.4836 0.5164
72 0.4867 0.5133
73 0.485 0.515
74 0.4864 0.5136
75 0.4845 0.5155
76 0.4851 0.5149
77 0.4816 0.5184
78 0.4842 0.5158
79 0.4828 0.5172
80 0.4847 0.5153
81 0.4825 0.5175
82 0.4814 0.5186
83 0.4825 0.5175
84 0.4843 0.5157
85 0.4802 0.5198
86 0.4812 0.5188
87 0.4833 0.5167
88 0.4781 0.5219
89 0.487 0.513
90 0.4845 0.5155
91 0.4835 0.5165
92 0.4843 0.5157
93 0.4809 0.5191
94 0.4839 0.5161
95 0.4842 0.5158
96 0.484 0.516
97 0.4787 0.5213
98 0.4854 0.5146
99 0.4844 0.5156
100 0.4836 0.5164
101 0.4784 0.5216
102 0.4762 0.5238
103 0.4765 0.5235
104 0.4859 0.5141
105 0.4852 0.5148
106 0.485 0.515
107 0.4819 0.5181
108 0.4833 0.5167
109 0.4743 0.5257
110 0.4818 0.5182
111 0.4841 0.5159
112 0.4792 0.5208
113 0.4878 0.5122
114 0.4881 0.5119
115 0.4742 0.5258
116 0.4832 0.5168
117 0.4723 0.5277
118 0.4751 0.5249
119 0.4936 0.5064
120 0.4819 0.5181
121 0.4795 0.5205
122 0.4875 0.5125
123 0.4789 0.5211
124 0.4728 0.5272
125 0.4724 0.5276
126 0.4943 0.5057
127 0.4848 0.5152
128 0.4636 0.5364
129 0.4789 0.5211
130 0.4747 0.5253
131 0.4823 0.5177
132 0.4811 0.5189
133 0.4811 0.5189
134 0.4972 0.5028
135 0.4784 0.5216
136 0.4778 0.5222
137 0.4785 0.5215
138 0.4758 0.5242
139 0.4908 0.5092
140 0.4768 0.5232
141 0.4827 0.5173
142 0.4802 0.5198
143 0.4751 0.5249
144 0.4917 0.5083
145 0.4882 0.5118
146 0.4797 0.5203
147 0.4572 0.5428
148 0.4836 0.5164
149 0.4733 0.5267
150 0.4812 0.5188
151 0.4926 0.5074
152 0.479 0.521
153 0.4949 0.5051
154 0.4687 0.5313
155 0.4777 0.5223
156 0.481 0.519
157 0.4815 0.5185
158 0.4803 0.5197
159 0.4854 0.5146
160 0.4765 0.5235
161 0.4822 0.5178
162 0.452 0.548
163 0.4826 0.5174
164 0.4646 0.5354
165 0.4784 0.5216
166 0.4599 0.5401
167 0.4515 0.5485
168 0.4542 0.5458
169 0.4419 0.5581
170 0.5007 0.4993
171 0.487 0.513
172 0.4969 0.5031
173 0.4606 0.5394
174 0.461 0.539
175 0.4715 0.5285
176 0.4518 0.5482
177 0.4753 0.5247
178 0.4888 0.5112
179 0.4611 0.5389
180 0.4787 0.5213
181 0.4639 0.5361
182 0.5074 0.4926
183 0.4352 0.5648
184 0.4696 0.5304
185 0.4722 0.5278
186 0.4522 0.5478
187 0.4583 0.5417
188 0.468 0.532
189 0.4659 0.5341
190 0.4565 0.5435
191 0.4678 0.5322
192 0.4711 0.5289
193 0.4769 0.5231
194 0.4641 0.5359
195 0.4615 0.5385
196 0.5027 0.4973
197 0.4541 0.5459
198 0.4277 0.5723
199 0.4558 0.5442
200 0.5034 0.4966
201 0.4932 0.5068
202 0.5188 0.4812
203 0.4754 0.5246
204 0.5289 0.4711
205 0.5038 0.4962
206 0.4741 0.5259
207 0.4792 0.5208
208 0.5 0.5
209 0.5104 0.4896
210 0.4954 0.5046
211 0.4583 0.5417
212 0.4639 0.5361
213 0.4476 0.5524
214 0.4381 0.5619
215 0.4643 0.5357
216 0.5362 0.4638
217 0.4918 0.5082
218 0.4038 0.5962
219 0.55 0.45
220 0.5897 0.4103
221 0.4419 0.5581
222 0.5319 0.4681
223 0.4894 0.5106
224 0.4737 0.5263
225 0.5714 0.4286
226 0.4783 0.5217
227 0.5349 0.4651
228 0.5 0.5
229 0.5641 0.4359
230 0.5957 0.4043
231 0.4792 0.5208
232 0.4667 0.5333
233 0.5455 0.4545
234 0.6061 0.3939
235 0.5 0.5
236 0.4516 0.5484
237 0.5 0.5
238 0.6061 0.3939
239 0.2963 0.7037
240 0.4783 0.5217
241 0.2963 0.7037
242 0.3 0.7
243 0.5 0.5
244 0.5333 0.4667
245 0.5 0.5
246 0.5882 0.4118
247 0.4667 0.5333
248 0.5 0.5
249 0.375 0.625
250 0.0 1.0
251 0.5 0.5
252 0.5 0.5
253 1.0 0.0
254 0.0 1.0
256 0.0 1.0
257 0.6 0.4
258 0.0 1.0
259 0.6 0.4
260 0.0 1.0
261 0.0 1.0
262 0.5 0.5
263 0.6667 0.3333
264 0.6667 0.3333
265 0.5 0.5
266 0.6667 0.3333
267 0.5556 0.4444
268 0.5714 0.4286
269 0.5 0.5
270 1.0 0.0
271 0.5 0.5
272 0.6 0.4
273 0.75 0.25
274 0.375 0.625
275 0.5 0.5
276 0.0 1.0
277 0.6667 0.3333
278 0.0 1.0
279 0.6667 0.3333
280 0.25 0.75
281 0.0 1.0
