-118 1
-117 0
-116 0
-115 0
-114 0
-113 0
-112 0
-111 0
-110 0
-109 0
-108 0
-107 1
-106 1
-105 2
-104 0
-103 0
-102 1
-101 0
-100 3
-99 2
-98 0
-97 0
-96 1
-95 5
-94 2
-93 3
-92 5
-91 6
-90 3
-89 4
-88 4
-87 7
-86 6
-85 7
-84 8
-83 12
-82 13
-81 8
-80 13
-79 15
-78 18
-77 21
-76 17
-75 26
-74 25
-73 39
-72 26
-71 40
-70 39
-69 53
-68 61
-67 57
-66 73
-65 91
-64 86
-63 107
-62 124
-61 144
-60 146
-59 183
-58 201
-57 248
-56 281
-55 301
-54 336
-53 410
-52 410
-51 532
-50 622
-49 604
-48 800
-47 838
-46 964
-45 1138
-44 1324
-43 1491
-42 1740
-41 1843
-40 2213
-39 2551
-38 2916
-37 3229
-36 3893
-35 4422
-34 5231
-33 5942
-32 6919
-31 7842
-30 9264
-29 10782
-28 12741
-27 14800
-26 17327
-25 19993
-24 23647
-23 28227
-22 32679
-21 39058
-20 46432
-19 54985
-18 66275
-17 79436
-16 95994
-15 115764
-14 142127
-13 174659
-12 217966
-11 272758
-10 348830
-9 449251
-8 593894
-7 803755
-6 1125760
-5 1665741
-4 2686701
-3 5075828
-2 12284243
-1 63087207
0 0
1 70068239
2 7734779
3 3601513
4 2182721
5 1445188
6 1013214
7 740007
8 552513
9 424174
10 331899
11 261439
12 208225
13 168812
14 137239
15 112330
16 93103
17 77271
18 64198
19 53647
20 45407
21 38053
22 32272
23 27359
24 23443
25 19627
26 16749
27 14156
28 12374
29 10570
30 9110
31 7864
32 6771
33 5785
34 5041
35 4388
36 3729
37 3325
38 2816
39 2510
40 2257
41 1839
42 1689
43 1489
44 1305
45 1138
46 938
47 802
48 745
49 623
50 561
51 459
52 443
53 411
54 346
55 276
56 237
57 235
58 216
59 175
60 162
61 119
62 131
63 108
64 89
65 94
66 68
67 82
68 53
69 56
70 56
71 34
72 29
73 22
74 26
75 22
76 30
77 18
78 27
79 15
80 8
81 9
82 12
83 13
84 5
85 8
86 9
87 7
88 6
89 1
90 0
91 3
92 6
93 2
94 3
95 2
96 2
97 2
98 0
99 0
100 0
101 1
102 1
103 1
104 0
105 1
106 0
107 0
108 0
109 0
110 1
111 0
112 1
113 0
114 0
115 0
116 0
117 1
118 1
