1 2.1012453416645176 0.0
2 2.315766948504593 0.0
3 2.6374650793486762 -0.5997137240489961
4 2.9518913372189783 -0.7121023414549853
5 3.238227874315191 -0.8281018334444136
6 3.4988309887461835 -0.90369054095839
7 3.7418397140284334 -0.9899035317200785
8 3.9711802389579955 -1.0504103316531426
9 4.177456252033374 -1.1155872170112866
10 4.376366539907117 -1.1651937348594572
11 4.5565947997779475 -1.220113063407181
12 4.733293889757908 -1.267294564483733
13 4.882536637711857 -1.3138142487002493
14 5.0379073840602135 -1.359736520351306
15 5.176861388633721 -1.4024855477800922
16 5.315878885656854 -1.4414589864041192
17 5.4272543452276905 -1.4839264746190575
18 5.550568594856466 -1.5194414717729814
19 5.663744362376626 -1.5633442650172278
20 5.7549563582808005 -1.5993645195747639
21 5.874983550054833 -1.632687796424597
22 5.949746075172504 -1.661275089089996
23 6.051106097411537 -1.7082630431413406
24 6.142681303028426 -1.7381068530176307
25 6.214890402169188 -1.7711615123293287
26 6.295168800417031 -1.801946967283802
27 6.363854164195745 -1.8365451007469713
28 6.419471836701566 -1.8712739229223105
29 6.502684981982714 -1.9067229449307308
30 6.521644858512717 -1.9352840467307828
31 6.561405779947724 -1.963499899450546
32 6.6432032124284115 -1.9975357840730794
33 6.667745400172691 -2.024121196432285
34 6.703939428014543 -2.068565690893643
35 6.720091870578126 -2.089179350343487
36 6.835933150018417 -2.1171270661032247
37 6.819944497850652 -2.1515581228334026
38 6.872483286222831 -2.1803091520978177
39 6.849997952749457 -2.211419629981898
40 6.96631755526371 -2.231998531285773
41 6.942883415588043 -2.2630957033705195
42 6.97757692497654 -2.3057932436356596
43 6.975176323248303 -2.3234987098437263
44 7.032400218239812 -2.3530685375474887
45 7.032696327261869 -2.37318346114534
46 7.016959055093243 -2.406383177654656
47 6.966969558522429 -2.4244344323627276
48 7.113884303452235 -2.451176190124435
49 7.08392459721139 -2.4692961251333094
50 7.064314217999878 -2.520992438349555
51 7.063954986684993 -2.5322558099597026
52 7.052115266707541 -2.5717894630474047
53 7.087634617250412 -2.5715158193815637
54 7.111119661408234 -2.61441775358919
55 7.134167279862644 -2.633705135831846
56 7.1905095429872175 -2.66965066760255
57 7.196544079686598 -2.7079971832704004
58 7.14793290186237 -2.704828514573335
59 7.157666631715075 -2.7569150485587324
60 7.1078182019241405 -2.7597867787144086
61 7.195813665557533 -2.820589822721045
62 7.147668179942221 -2.8074536423358727
63 7.127740376316244 -2.8507484567901233
64 7.268085304093296 -2.851097801155751
65 7.143781487701275 -2.898894249242198
66 7.262063574778531 -2.900852404252036
67 7.162004726053745 -2.955518772245398
68 7.194359576968273 -2.9611966072426226
69 7.223945141162662 -2.9970544602352134
70 7.180973862279422 -3.018438545717645
71 7.203758865248227 -3.0414208279368733
72 7.182173400176939 -3.0617364163322502
73 7.125391604010025 -3.0811085141903174
74 7.132178669097539 -3.1084265936578275
75 6.934557479766774 -3.1647004772208556
76 7.178561536330902 -3.165924189136381
77 7.139564535111808 -3.134454335641279
78 7.077646567039398 -3.218688185971607
79 7.150194120909595 -3.1731967861148394
80 6.986367946894263 -3.230205450079919
81 7.199378495960223 -3.3056412788544622
82 7.260122535961641 -3.3173545802856146
83 7.087879640044994 -3.3077242333410193
84 7.016851441241685 -3.3730459267890085
85 7.014001244555072 -3.3572537343817594
86 7.030418250950571 -3.3896977391210394
87 7.3277972027972025 -3.3806066519356044
88 7.128469617404351 -3.4240993036633363
89 7.206937799043062 -3.537489772541319
90 7.088412731433326 -3.513613227205958
91 7.222296544035674 -3.5743501116151797
92 7.4094252873563216 -3.4995822255981768
93 7.073936696340257 -3.6546297036030997
94 6.879854997410668 -3.683514807439732
95 7.136574706364382 -3.6817332502891715
96 7.041871209933584 -3.6355109659356044
97 6.914180252230083 -3.751295590104625
98 7.009321761491482 -3.71264789027327
99 6.996288798920378 -3.62412510936133
100 7.128395061728395 -3.6916580489486384
101 6.999242997728993 -3.788718814029167
102 6.947728186570165 -3.774988851372874
103 6.883780332056194 -3.814734707671511
104 6.752653437932626 -3.8641839283090937
105 6.953049370764763 -3.8743821762603603
106 7.09009900990099 -3.7309033280507133
107 6.83779443254818 -3.8555758683729433
108 6.807017543859649 -3.9298322648634407
109 6.718275652701882 -3.8628750230075464
110 7.201811125485123 -3.972714598685521
111 6.797517962116264 -3.9332774693621033
112 7.003597122302159 -3.9501697513963423
113 7.132196162046908 -3.9752452125175153
114 7.155092592592593 -3.9311475409836065
115 7.432786885245902 -4.031098395322801
116 6.87780548628429 -3.9206285253827557
117 6.898710865561695 -3.944600280504909
118 6.851282051282051 -4.1100121728545345
119 7.530674846625767 -4.046488460899884
120 7.077837837837838 -3.943256440478195
121 6.942889137737962 -4.165322580645161
122 6.849187935034803 -4.05565897244974
123 6.527568922305765 -3.913769925100826
124 6.989515072083879 -4.140810974379665
125 6.9753086419753085 -4.376095787898225
126 7.076819407008086 -4.262077012835473
127 7.090625 -4.131011608623549
128 6.965095986038395 -4.443520782396088
129 6.894837476099426 -4.611428571428571
130 6.713450292397661 -4.32378223495702
131 7.479846449136277 -4.3743527261650925
132 7.15 -4.3431028990124245
133 7.390086206896552 -4.332879972798368
134 6.679372197309417 -3.9935064935064934
135 7.42688679245283 -4.286439448875997
136 7.0125628140703515 -4.721343110768043
137 6.875346260387811 -4.496314496314496
138 6.943977591036415 -4.701208981001727
139 6.3017751479289945 -4.51024208566108
140 6.8361204013377925 -4.467885607126114
141 6.5 -4.455227613806904
142 6.382758620689655 -4.436516264428121
143 7.003831417624521 -4.475482093663912
144 5.776859504132231 -4.079613992762364
145 7.087301587301587 -4.951851851851852
146 7.588495575221239 -4.788732394366197
147 6.030612244897959 -4.664276401564537
148 7.042654028436019 -4.241051862673484
149 7.2032967032967035 -4.470952749806352
150 7.182795698924731 -4.9010717230008245
151 5.7727272727272725 -4.619555555555555
152 7.076388888888889 -4.7974683544303796
153 7.288461538461538 -4.410919540229885
154 7.265822784810126 -5.002918287937743
155 6.3283582089552235 -5.578313253012048
156 6.318181818181818 -5.033681765389082
157 5.4392523364485985 -5.419434194341943
158 6.711538461538462 -5.789817232375979
159 6.896 -3.6754002911208152
160 5.5054945054945055 -5.345509893455099
161 5.289156626506024 -6.157733537519142
162 6.924731182795699 -5.347286821705427
163 6.695121951219512 -5.881205673758865
164 6.975 -4.73345259391771
165 6.344262295081967 -4.879472693032015
166 5.6923076923076925 -5.242774566473988
167 7.34375 -5.654584221748401
168 7.0588235294117645 -5.786848072562358
169 5.327586206896552 -4.2990430622009566
170 9.298245614035087 -5.236467236467236
171 7.9 -5.676966292134831
172 4.907407407407407 -4.654434250764526
173 6.065217391304348 -6.631578947368421
174 6.611111111111111 -4.639871382636656
175 5.142857142857143 -5.503267973856209
176 6.7631578947368425 -5.444089456869009
177 8.782608695652174 -4.971014492753623
178 9.647058823529411 -5.670634920634921
179 6.947368421052632 -5.359375
180 5.933333333333334 -4.054545454545455
181 6.157894736842105 -5.632286995515695
182 6.09375 -6.885
183 6.72 -6.467889908256881
184 7.375 -6.567708333333333
185 5.0 -3.636842105263158
186 3.75 -4.994708994708994
187 4.7368421052631575 -4.514792899408284
188 6.578947368421052 -7.3544303797468356
189 7.9375 -4.75177304964539
190 4.0 -4.376
191 8.235294117647058 -6.645161290322581
192 10.25 -3.857142857142857
193 8.571428571428571 -6.017699115044247
194 4.333333333333333 -5.267857142857143
195 5.0 -6.819047619047619
196 9.384615384615385 -5.456521739130435
197 4.333333333333333 -7.224299065420561
198 8.555555555555555 -5.4646464646464645
199 5.375 -6.4125
200 4.833333333333333 -10.243243243243244
201 7.0 -4.6891891891891895
202 2.25 -4.96875
203 4.4 -10.75
204 3.9 -7.0701754385964914
205 8.7 -7.984615384615385
206 6.25 -3.737704918032787
207 10.714285714285714 -7.38
208 4.25 -6.836734693877551
209 5.375 -4.51063829787234
210 6.6 -6.581818181818182
211 10.142857142857142 -2.9038461538461537
212 5.8 -6.75
213 7.571428571428571 -4.586206896551724
214 9.166666666666666 -3.5762711864406778
215 3.4 -5.866666666666666
216 8.333333333333334 -0.90625
217 9.25 -9.935483870967742
218 0 -8.67741935483871
219 2.75 -9.333333333333334
220 7.5 -2.125
221 4.0 -9.375
222 6.0 -7.5
223 5.666666666666667 -1.0833333333333333
224 2.0 -2.0
225 3.0 -2.888888888888889
226 2.0 -7.958333333333333
227 4.0 -2.9
228 3.0 -4.2105263157894735
229 4.0 -6.882352941176471
230 5.0 -14.105263157894736
231 7.0 -5.6
232 4.5 -11.875
233 5.2 -1.7
234 3.0 -2.4615384615384617
235 3.5 -0.6111111111111112
236 2.0 -5.0588235294117645
237 5.0 -7.777777777777778
238 3.25 -2.6923076923076925
239 3.0 -2.3684210526315788
240 2.5 -10.583333333333334
241 6.0 -14.210526315789474
242 0 -1.9285714285714286
243 4.0 -7.125
244 0 -1.8571428571428572
245 0 -1.6666666666666667
246 26.0 -15.142857142857142
247 0 -7.125
248 0 -11.0
249 2.0 -1.6
250 0 -1.0
251 0 -5.0
252 0 0.0
253 0 0
254 0 -106.0
256 0 -27.0
257 3.0 -15.0
258 0 -17.6
259 0 0.0
260 0 -3.0
261 0 0.0
262 3.0 -10.0
263 0 0.0
264 2.0 0.0
265 4.0 -17.75
266 2.0 0.0
267 13.0 0.0
268 2.0 0.0
269 0 -1.0
270 7.0 0
271 2.0 -5.333333333333333
272 0 0.0
273 0 -4.0
274 0 -3.0
275 0 0.0
276 0 -4.0
277 4.0 0.0
278 0 0.0
279 0 0.0
280 0 -3.0
281 0 -1.0
