0 0.044830322265625
1 0.0432586669921875
2 0.033294677734375
3 0.0538177490234375
4 0.0559844970703125
5 0.0454254150390625
6 0.058380126953125
7 0.04693603515625
8 0.04742431640625
9 0.053955078125
10 0.05633544921875
11 0.04949951171875
12 0.043853759765625
13 0.04669189453125
14 0.0412750244140625
15 0.0587005615234375
16 0.041259765625
17 0.0467529296875
18 0.0483551025390625
19 0.058685302734375
20 0.05230712890625
21 0.0544891357421875
22 0.03302001953125
23 0.05291748046875
24 0.033599853515625
25 0.0550079345703125
26 0.04583740234375
27 0.03350830078125
28 0.055511474609375
29 0.033477783203125
30 0.0645294189453125
31 0.0467071533203125
32 0.0479583740234375
33 0.0482940673828125
34 0.0659027099609375
35 0.0405731201171875
36 0.0581817626953125
37 0.0762481689453125
38 0.0420684814453125
39 0.0461883544921875
40 0.051025390625
41 0.03729248046875
42 0.0421600341796875
43 0.0625152587890625
44 0.050262451171875
45 0.033905029296875
46 0.0495758056640625
47 0.0421905517578125
48 0.0393524169921875
49 0.0448455810546875
50 0.0478973388671875
51 0.0457916259765625
52 0.039581298828125
53 0.051666259765625
54 0.05950927734375
55 0.050537109375
56 0.0592803955078125
57 0.0399932861328125
58 0.0447998046875
59 0.050323486328125
60 0.0546722412109375
61 0.047088623046875
62 0.04547119140625
63 0.0584869384765625
