1 -0.12975159562448296 1.1966907859980047 14435414
2 0.11543598285728546 1.4261013487054444 11339861
3 0.056766461870291225 2.1566742605176876 10603215
4 0.08106503084788763 2.629433266972394 9615083
5 0.08651747989894389 3.1586261088689027 8759490
6 0.09386227206463998 3.6515316974506855 8005943
7 0.08718843805288365 4.2276145818604105 7350665
8 0.0861292138164215 4.7603906935196525 6776458
9 0.07680567095497745 5.341828091643661 6266881
10 0.07291285527472012 5.892579113955007 5818631
11 0.061010261304054125 6.4823325718416 5409254
12 0.05214574857026792 7.048096410856985 5041504
13 0.038470790542459075 7.618401975753133 4701645
14 0.02866008228803362 8.21076833271623 4391404
15 0.017651866864807398 8.80230169868911 4109537
16 0.004174568816622851 9.3722879852921 3850218
17 -0.013316727740830765 9.945671594719073 3606817
18 -0.023335570167963796 10.510562400264526 3379776
19 -0.039262487576607635 11.142945621007684 3174455
20 -0.05585201019926086 11.666962609427904 2984530
21 -0.06716268218915214 12.309566544989496 2806767
22 -0.07866282189095473 12.804808446489808 2637345
23 -0.10052180464227868 13.47316156217499 2479472
24 -0.11288083714509858 13.994284996928995 2332690
25 -0.12843314966684335 14.603964330819498 2194013
26 -0.13864972974855874 15.155305658855095 2066964
27 -0.1606700115483772 15.7596120825649 1944862
28 -0.17790274659326677 16.303397059760822 1829612
29 -0.1930249952166426 16.95856214636057 1724730
30 -0.2124187062808154 17.396365863824016 1627432
31 -0.2279863823426199 17.93416300729333 1535947
32 -0.2421793914768643 18.5717218508526 1448129
33 -0.2623931849389848 19.089479376223895 1364742
34 -0.28298246159587037 19.709273498106494 1286320
35 -0.30374296805605816 20.05952081270551 1215880
36 -0.31306770867812506 20.852332501437992 1148036
37 -0.33059670683293463 21.26649971250253 1085156
38 -0.34891466916165764 21.89125481603544 1024987
39 -0.3667942092035329 22.406765836748708 967259
40 -0.3823805030138354 23.022521617118983 913454
41 -0.3975632254681943 23.576482741093468 864011
42 -0.41666145965422985 24.31342654189178 816207
43 -0.4358092190760214 24.607764261185256 772572
44 -0.45030908747298737 25.3358747781321 730214
45 -0.4657515173929123 25.696268321777904 689505
46 -0.4844698901657699 26.26441971724514 652893
47 -0.5096228415999482 26.44082613255341 617645
48 -0.5172748533606353 27.445604237611565 584086
49 -0.5321810469635011 27.847403405314584 551194
50 -0.5613870160929086 28.470109734942117 520167
51 -0.5677459950272564 28.893357747083332 491077
52 -0.5880975860738327 29.45866037344657 466460
53 -0.6034539358250754 29.901121285480624 441699
54 -0.6172257627248539 30.518624980490976 417549
55 -0.6297689046902776 31.203233619252984 394902
56 -0.6540998855372111 31.985650834693935 373047
57 -0.65873779538701 32.78086853560701 353350
58 -0.6854669630082874 32.791368579617405 333399
59 -0.7098369292683082 33.74127083268723 315078
60 -0.7212040832730487 33.830466176044204 298584
61 -0.7336147278888681 35.16125667485694 282403
62 -0.7424968351712369 35.06248477994104 267787
63 -0.7533952175147481 35.82610286096454 253592
64 -0.762790639615199 36.708827503511074 240332
65 -0.8114846480993934 37.14844262583525 227138
66 -0.7888866639035453 37.77533308403803 214733
67 -0.8349096357336829 38.806526178127115 202901
68 -0.835107328447005 38.809653392616895 191282
69 -0.843218142310365 39.87015919386285 181322
70 -0.8816909798058842 40.368377215103465 171238
71 -0.8959049335240608 40.673949989364715 161487
72 -0.8852849239461672 41.40318123527553 152918
73 -0.9144016506189822 42.09008695284458 145400
74 -0.923020049580307 42.55317178363373 137958
75 -0.9765284760318454 42.976145653935376 130882
76 -0.9574291693496458 44.381904723733825 124240
77 -0.9629870185364019 43.922527383942644 117013
78 -1.0012370426553978 45.12241151555924 110748
79 -0.9849944371012067 44.8886594956471 105161
80 -1.0240178401020583 45.20331863411032 99551
81 -1.0499132267921596 48.263024038763646 93923
82 -1.0618127215661481 48.8303404537384 88574
83 -1.0659196410458358 48.40554016041794 83799
84 -1.0979206569772537 48.940775210890244 79881
85 -1.110176329748535 49.41282512995918 75597
86 -1.1210957752399635 50.4363692329626 71365
87 -1.0829687847556906 51.71532275004511 67435
88 -1.151170875075056 52.14174933220865 63286
89 -1.153860358923565 53.88149260178397 59567
90 -1.1639251875594379 53.62833616910637 56782
91 -1.1956966450941011 55.784640411434836 53772
92 -1.127457892675284 55.56898754474088 51060
93 -1.2601132098944618 57.36805407082614 48229
94 -1.273780887819812 57.08817544903774 45730
95 -1.2538954035385639 58.96571359330034 43577
96 -1.241554501456743 57.7879830786975 41531
97 -1.34414823121623 60.71546453343581 39236
98 -1.2719142287592264 59.33730127080719 37122
99 -1.238582543978349 58.73618279009673 35472
100 -1.2632468996617814 60.4355666723818 33706
101 -1.3611504007543611 64.69113254425058 31815
102 -1.369351932189815 63.00914412382445 29966
103 -1.3933272006793094 63.623279843972824 28264
104 -1.3829305135951662 63.47949715227134 26480
105 -1.377578580655263 63.94308047954748 25547
106 -1.2894629448253347 63.121932718427765 24504
107 -1.405398424383314 64.9558467018633 23229
108 -1.4244225620547262 67.33164113886201 22037
109 -1.4644377782078575 64.64790312400729 20668
110 -1.4409928272872696 69.1897040764747 19379
111 -1.4199719010050795 68.30033385849931 18506
112 -1.461468256231818 68.57604938720462 17531
113 -1.3821998923380585 72.0058462041964 16719
114 -1.3838120104438643 69.33198710975505 16086
115 -1.4971548171888285 74.7902496065503 15289
116 -1.411895343188285 69.60347013242956 14409
117 -1.4980386351861446 72.06333343378228 13511
118 -1.589729254851849 76.06480626005704 12521
119 -1.370102572725744 78.65216146585347 11894
120 -1.4296806839993021 70.06969312784013 11462
121 -1.565340390582223 76.58466109512165 10958
122 -1.4708520179372198 76.10775167364562 10481
123 -1.4826378464925447 70.72483114844054 9993
124 -1.5881101776028927 79.08643525660493 9403
125 -1.707727016356458 86.97909990968749 8865
126 -1.4841869247108803 84.77063736699446 8474
127 -1.5284999389722935 80.05316675994752 8193
128 -1.8418360655737704 88.66036121902714 7625
129 -1.8404707884288145 92.57452206990676 7052
130 -1.712221553281156 84.3473461182832 6644
131 -1.6014824160227092 88.49833560405129 6341
132 -1.6655645561249794 85.48626832485384 6049
133 -1.6092095977417078 85.9441424239587 5668
134 -1.3999637221113732 76.38256484540983 5513
135 -1.6047655068078668 88.41413765303109 5288
136 -1.8631600161225312 101.55584152578541 4962
137 -1.773649370061926 88.17639725224548 4683
138 -1.8669081032141241 95.87771434239247 4418
139 -1.731863442389758 91.92833986565738 4218
140 -1.7954378219278881 93.79430835013191 4077
141 -1.7567287784679089 95.40717522043474 3864
142 -1.765475865830379 90.85909714879031 3667
143 -1.785425101214575 90.96263314780253 3458
144 -1.5849172286940527 78.302261780396 3262
145 -1.914691943127962 108.40093738535374 3165
146 -1.8807461692205196 108.91182782431076 3002
147 -2.1008492569002124 105.79131562695805 2826
148 -1.5952470765748774 90.10135802080909 2651
149 -1.7943696450428397 98.0548193802944 2451
150 -1.926005132591959 110.49880191956306 2338
151 -1.8326567433468652 93.88133317626598 2217
152 -1.9707960433349034 107.63551076527875 2123
153 -1.6129656507014998 98.65910620249696 2067
154 -2.0454780361757106 121.68371986192071 1935
155 -2.378146453089245 125.92508306321969 1748
156 -2.132007233273056 107.76858976245518 1659
157 -2.388392857142857 123.48116629464286 1568
158 -2.4735413839891454 133.12311269604857 1474
159 -1.2337078651685394 83.62328325548121 1335
160 -2.344223107569721 115.03529531277282 1255
161 -2.775574940523394 143.91077534351157 1261
162 -2.398470688190314 136.7885448149862 1177
163 -2.4743119266055045 134.77778048985778 1090
164 -1.9808429118773947 108.69120388720074 1044
165 -2.1100196463654224 119.5949683689657 1018
166 -2.3756503642039544 131.98271614830634 961
167 -2.5567251461988305 150.23508635135596 855
168 -2.6930693069306932 134.55925889618663 808
169 -2.022696929238985 100.32658765314143 749
170 -1.7937411095305833 134.88064361434127 703
171 -2.2752161383285303 137.6375125613534 694
172 -1.8646153846153846 99.66167100591716 650
173 -3.1041009463722395 169.2699200907562 634
174 -2.072790294627383 116.14028216226284 577
175 -2.540587219343696 128.06873264308362 579
176 -2.5481611208406303 143.98498348367227 571
177 -1.838403041825095 149.89213737367896 526
178 -2.1744421906693714 142.50912367464997 493
179 -2.334736842105263 146.3658459833795 475
180 -1.6635071090047393 89.99103793715325 422
181 -2.449519230769231 142.37245169193787 416
182 -2.8251231527093594 189.6566102065083 406
183 -3.238341968911917 194.63749362398994 386
184 -2.9502762430939224 169.8704557247947 362
185 -1.5638888888888889 81.08480709876542 360
186 -2.5130434782608697 130.3657718966604 345
187 -2.1923076923076925 124.69378698224854 312
188 -3.4545454545454546 209.46678910315273 297
189 -2.0416666666666665 151.6611426767677 264
190 -2.1043478260869564 97.02389413988662 230
191 -2.9184549356223175 209.76588259131682 233
192 -1.288888888888889 111.16543209876542 225
193 -2.5555555555555554 164.24691358024688 216
194 -2.598086124401914 158.09683844234337 209
195 -3.2974358974358973 169.87050624589088 195
196 -1.9891891891891893 185.2971804236669 185
197 -3.6479591836734695 194.92198563098708 196
198 -2.7341040462427744 169.64028200073508 173
199 -3.17687074829932 230.5809616363552 147
200 -4.610738255033557 273.63371019323455 149
201 -1.8013698630136987 97.77561456183149 146
202 -2.1954887218045114 165.23997964836906 133
203 -5.237704918032787 389.9516930932545 122
204 -2.8925619834710745 209.20333310566218 121
205 -3.2213740458015265 257.53114620360117 131
206 -1.5517241379310345 113.91973840665875 116
207 -3.0416666666666665 327.7274305555556 96
208 -3.142857142857143 161.97959183673467 98
209 -1.7083333333333333 104.51909722222223 96
210 -2.6422018348623855 173.82610891339115 109
211 -0.9270833333333334 130.33843315972226 96
212 -3.020618556701031 219.87586353491332 97
213 -2.057142857142857 128.77768707482994 105
214 -1.5714285714285714 138.8734693877551 105
215 -2.9523809523809526 218.5215419501134 84
216 0.057971014492753624 8.17055240495694 69
217 -4.311475409836065 335.39478634775594 61
218 -5.134615384615385 306.27034023668637 52
219 -3.8 210.06 40
220 0.7692307692307693 37.510848126232744 39
221 -5.116279069767442 383.68415359653864 43
222 -2.978723404255319 248.48890900860115 47
223 0.1276595744680851 12.834766862833861 47
224 -0.8947368421052632 10.094182825484765 38
225 -0.7857142857142857 15.930272108843539 42
226 -4.0 267.9130434782609 46
227 -0.8372093023255814 20.74094104921579 43
228 -1.894736842105263 73.04155124653742 38
229 -2.5128205128205128 139.0190664036818 39
230 -5.297872340425532 366.4219103666818 47
231 -1.9791666666666667 230.81206597222226 48
232 -5.9 462.8233333333334 30
233 0.4090909090909091 16.423553719008268 22
234 -0.5151515151515151 8.674012855831037 33
235 -0.08333333333333333 2.854166666666666 36
236 -2.6129032258064515 61.59209157127992 31
237 -3.5555555555555554 277.0246913580247 36
238 -0.5151515151515151 23.098255280073463 33
239 -1.7777777777777777 44.024691358024675 27
240 -5.260869565217392 388.88846880907374 23
241 -9.925925925925926 639.4019204389575 27
242 -1.65 27.42750000000001 20
243 -3.25 131.0625 16
244 -0.7333333333333333 11.662222222222223 15
245 -0.5833333333333334 3.5763888888888893 12
246 -4.352941176470588 599.0519031141866 17
247 -3.8 203.09333333333336 15
248 -5.333333333333333 314.0555555555556 12
249 -0.875 4.609375 8
250 -1.5 0.25 2
251 -2.0 9.0 2
252 0.0 1.0 2
253 1.0 0.0 1
254 -106.0 0.0 1
256 -27.0 0.0 1
257 -5.2 155.36000000000004 5
258 -18.4 1211.04 5
259 0.2 0.9600000000000002 5
260 -3.6666666666666665 30.555555555555557 6
261 -1.0 0.0 1
262 -3.5 42.25 2
263 0.3333333333333333 0.888888888888889 3
264 0.5 1.25 6
265 -8.375 562.734375 8
266 0.4444444444444444 1.1358024691358026 9
267 1.4444444444444444 17.580246913580247 9
268 0.2857142857142857 1.3469387755102038 7
269 -0.25 1.6875 4
270 2.5 6.75 4
271 -2.1666666666666665 20.805555555555554 6
272 0.2 0.9600000000000002 5
273 -0.375 8.734375 8
274 -2.0 25.0 8
275 0.0 1.0 4
276 -4.333333333333333 8.222222222222221 3
277 1.3333333333333333 4.222222222222222 3
278 -1.0 0.0 2
279 0.3333333333333333 0.888888888888889 3
280 -2.5 14.75 4
281 -1.5 0.25 2
