0 0 0
1 2.0779225814703306 0.0
2 2.215670449126103 0.0
3 2.41681607941455 -0.6676237686558154
4 2.587255165744456 -0.8857065053868276
5 2.727324355759096 -1.1081811146054694
6 2.8467357787668655 -1.2761732522181497
7 2.9559431581311113 -1.461766648861632
8 3.057639299074621 -1.6118667507378304
9 3.1469878232571786 -1.770645696667072
10 3.239938209752839 -1.904047260959381
11 3.3260422272166124 -2.0504968341267276
12 3.40020127474002 -2.1687383800032767
13 3.4822582863430065 -2.30072797345038
14 3.580569872605271 -2.4110750731745907
15 3.671383431790081 -2.5545762249835304
16 3.6854018799155956 -2.6371876296556347
17 3.6800300676522175 -2.713408071748879
18 3.9157322460074755 -2.8525503643377625
19 3.897025171624714 -2.9924503528639423
20 3.9142519219396807 -3.077022793561629
21 3.930627306273063 -3.121080768675047
22 4.089968976215098 -3.1346226772847934
23 3.9033816425120773 -3.351922164214523
24 4.179321486268175 -3.369531492398387
25 4.268199233716475 -3.5214508580343216
26 4.695331695331696 -3.6063260340632604
27 4.675324675324675 -3.6345047923322684
28 3.8831615120274914 -3.719298245614035
29 4.285714285714286 -3.7244525547445257
30 5.124352331606218 -3.694935217903416
31 4.269005847953216 -3.779291553133515
32 5.315384615384615 -3.803056027164686
33 4.508928571428571 -4.147991543340381
34 4.662337662337662 -4.200483091787439
35 5.311688311688312 -3.909937888198758
36 4.220338983050848 -3.7293729372937294
37 5.491228070175438 -4.184738955823293
38 3.675675675675676 -4.326923076923077
39 4.473684210526316 -4.676300578034682
40 5.92 -3.9635036496350367
41 5.857142857142857 -5.364406779661017
42 4.15 -5.294117647058823
43 4.0 -4.75
44 5.368421052631579 -4.454545454545454
45 3.9375 -5.596774193548387
46 5.5 -5.282608695652174
47 3.533333333333333 -3.7142857142857144
48 5.25 -3.323529411764706
49 4.6 -8.65
50 8.222222222222221 -4.571428571428571
51 3.0 -2.7142857142857144
52 7.6 -4.555555555555555
53 3.875 -6.714285714285714
54 7.0 -5.95
55 7.5 -6.705882352941177
56 2.8333333333333335 -6.708333333333333
57 3.0 -6.0
58 4.75 -5.818181818181818
59 8.5 -6.6
60 2.0 -8.529411764705882
61 2.0 -8.444444444444445
62 4.333333333333333 -10.6
63 2.25 -5.5
64 5.0 -5.444444444444445
65 18.5 -1.3333333333333333
66 7.8 -1.0
67 15.0 -4.7272727272727275
68 5.0 -2.6666666666666665
69 4.25 -3.5714285714285716
70 3.0 -5.142857142857143
71 2.0 -5.222222222222222
72 6.0 -0.6
73 7.5 -4.0
74 2.0 -1.5
75 0 -1.0
76 4.0 -8.666666666666666
77 2.0 0.0
78 0 0
79 8.5 -6.75
80 10.0 -21.0
81 0 -15.0
82 5.0 -11.0
83 0 -1.5
84 3.0 0.0
85 6.0 -21.5
86 0 0
87 0 -2.0
88 0 -6.0
89 0 0
90 5.5 -11.333333333333334
91 0 -3.5
92 7.0 -1.5
93 4.0 0.0
94 0 -5.5
97 0 -3.0
98 0 -2.0
99 2.0 -20.0
100 0 0.0
101 0 0.0
