0 1.0 0.0 208304339
1 -0.43849809660281625 0.9271910001158826 282159186
2 -0.3812635614876083 1.1123898996102564 87747103
3 -0.6161256115808371 1.7293735676797104 37395915
4 -0.6958116086864978 2.1319602933453825 16860650
5 -0.7942424626919048 2.6518803829890705 8164984
6 -0.8623169100267983 3.1169964128805403 4211454
7 -0.9489404392209045 3.7570066479077884 2296612
8 -1.0124576035204484 4.325405643734114 1314378
9 -1.0904930062966312 5.038733173518257 783276
10 -1.146183552223382 5.701540261340135 481901
11 -1.2101410137109316 6.508384141939266 307346
12 -1.2685762224352828 7.205131913413535 200256
13 -1.319038786714042 8.06885493728007 134247
14 -1.3462468415091051 8.908528651450553 91816
15 -1.4123700122798564 9.932868604669885 64333
16 -1.4622635334162466 10.54392190397424 45831
17 -1.468667496130853 11.313807519490034 32953
18 -1.5128015147773113 12.704022340038868 24294
19 -1.5978786546493735 13.515755007477988 18196
20 -1.6409218987067409 14.267132565318438 13841
21 -1.6348855108716567 15.220260776771017 10394
22 -1.6482532475722034 15.782063098433456 7929
23 -1.7737627651217596 17.00333360279267 6365
24 -1.735126324368378 18.036198904172554 4908
25 -1.7987212276214835 20.202197853232253 3910
26 -1.8572818683100876 21.997795660738383 3083
27 -1.803823773898587 22.319785877506288 2406
28 -1.8055137844611528 21.13610994905811 1995
29 -1.8949852507374632 22.335874557304585 1695
30 -1.6099706744868034 25.607407917028574 1364
31 -1.7620660457239627 25.19571596854228 1181
32 -1.7292340884573894 28.039954429560737 927
33 -1.9906417112299466 29.747238625639856 748
34 -2.25518341307815 29.33839019761961 627
35 -1.5437956204379562 29.17508924290053 548
36 -1.9617834394904459 27.115312318282015 471
37 -1.950777202072539 33.21260302289994 386
38 -2.445141065830721 28.422539086683503 319
39 -2.3933823529411766 35.43716208910035 272
40 -1.9107981220657277 31.010822367696008 213
41 -2.642857142857143 53.05376766091052 182
42 -2.8742138364779874 38.047070922827416 159
43 -2.786206896551724 33.83705112960761 145
44 -2.0330578512396693 36.13113858343009 121
45 -2.89 41.77789999999998 100
46 -2.6944444444444446 49.12885802469137 72
47 -1.0289855072463767 26.81075404326823 69
48 -0.7936507936507936 25.56059460821366 63
49 -4.65625 73.4130859375 64
50 -0.27419354838709675 63.45707596253902 62
51 -2.395348837209302 12.099513250405623 43
52 -1.1388888888888888 46.95293209876542 36
53 -2.8947368421052633 54.98891966759003 38
54 -3.4482758620689653 51.00594530321047 29
55 -1.8285714285714285 67.9134693877551 35
56 -3.945945945945946 72.53761869978084 37
57 -4.703703703703703 72.28257887517147 27
58 -2.3 65.51 20
59 -2.4210526315789473 62.34903047091412 19
60 -6.681818181818182 115.85330578512402 22
61 -3.7777777777777777 86.28395061728395 18
62 -5.411764705882353 91.06574394463667 17
63 -2.611111111111111 58.45987654320988 18
64 -3.8333333333333335 47.13888888888891 12
65 2.6363636363636362 101.68595041322314 11
66 2.5 17.5 16
67 -0.9285714285714286 129.49489795918367 14
68 -1.1 12.09 10
69 -0.7692307692307693 37.869822485207095 13
70 -4.0 77.11111111111111 9
71 -3.6153846153846154 49.005917159763314 13
72 0.125 6.359375 8
73 0.8 18.36 10
74 -0.8888888888888888 3.4320987654320994 9
75 -0.6 2.24 5
76 -3.6666666666666665 102.55555555555554 6
77 1.0 2.0 3
78 1.0 0.0 1
79 -1.6666666666666667 59.55555555555555 6
80 -10.666666666666666 309.5555555555556 3
81 -15.0 0.0 1
82 -1.6666666666666667 46.22222222222223 3
83 -1.0 2.6666666666666665 3
84 1.0 4.0 2
85 -9.0 349.5 4
86 1.0 0.0 1
87 0.0 2.0 3
88 -2.5 12.25 2
89 1.0 0.0 2
90 -3.6666666666666665 77.22222222222221 6
91 -1.5 10.75 4
92 1.0 9.333333333333334 6
93 0.25 4.6875 4
94 -5.5 12.25 2
97 -1.0 4.0 2
98 -2.5 2.25 2
99 -12.666666666666666 188.22222222222226 3
100 -1.0 0.0 1
101 -1.0 0.0 1
