-41 1
-40 0
-39 0
-38 0
-37 0
-36 0
-35 0
-34 0
-33 2
-32 0
-31 1
-30 1
-29 4
-28 4
-27 1
-26 3
-25 3
-24 3
-23 12
-22 6
-21 11
-20 13
-19 31
-18 39
-17 59
-16 95
-15 152
-14 215
-13 408
-12 686
-11 1216
-10 2265
-9 4438
-8 9506
-7 21872
-6 55760
-5 165375
-4 607183
-3 3050930
-2 16991818
-1 304440040
0 0
1 304432807
2 16999026
3 3051341
4 607309
5 164954
6 55779
7 21774
8 9448
9 4549
10 2242
11 1205
12 630
13 407
14 202
15 136
16 86
17 50
18 38
19 31
20 21
21 13
22 12
23 6
24 11
25 3
26 5
27 1
28 1
29 3
30 3
31 1
32 0
33 0
34 1
35 0
36 0
37 0
38 0
39 0
40 0
41 1
