-1454 1
-1453 0
-1452 0
-1451 0
-1450 0
-1449 0
-1448 0
-1447 0
-1446 0
-1445 0
-1444 0
-1443 0
-1442 0
-1441 0
-1440 0
-1439 0
-1438 1
-1437 0
-1436 0
-1435 0
-1434 0
-1433 0
-1432 0
-1431 0
-1430 0
-1429 0
-1428 0
-1427 0
-1426 0
-1425 0
-1424 0
-1423 0
-1422 0
-1421 0
-1420 0
-1419 0
-1418 0
-1417 0
-1416 0
-1415 1
-1414 0
-1413 0
-1412 0
-1411 0
-1410 0
-1409 1
-1408 0
-1407 0
-1406 0
-1405 0
-1404 0
-1403 0
-1402 0
-1401 0
-1400 0
-1399 0
-1398 0
-1397 0
-1396 0
-1395 0
-1394 0
-1393 0
-1392 0
-1391 0
-1390 0
-1389 0
-1388 0
-1387 0
-1386 0
-1385 0
-1384 0
-1383 0
-1382 0
-1381 1
-1380 0
-1379 0
-1378 1
-1377 0
-1376 0
-1375 0
-1374 0
-1373 0
-1372 0
-1371 0
-1370 0
-1369 0
-1368 0
-1367 1
-1366 0
-1365 0
-1364 0
-1363 0
-1362 1
-1361 0
-1360 0
-1359 0
-1358 0
-1357 0
-1356 0
-1355 0
-1354 1
-1353 0
-1352 0
-1351 0
-1350 0
-1349 0
-1348 0
-1347 0
-1346 0
-1345 0
-1344 0
-1343 0
-1342 0
-1341 0
-1340 0
-1339 0
-1338 0
-1337 0
-1336 0
-1335 0
-1334 0
-1333 1
-1332 0
-1331 0
-1330 1
-1329 0
-1328 0
-1327 0
-1326 0
-1325 0
-1324 0
-1323 1
-1322 0
-1321 0
-1320 0
-1319 0
-1318 0
-1317 0
-1316 0
-1315 1
-1314 0
-1313 0
-1312 1
-1311 1
-1310 0
-1309 0
-1308 0
-1307 0
-1306 0
-1305 0
-1304 0
-1303 1
-1302 0
-1301 0
-1300 0
-1299 0
-1298 1
-1297 0
-1296 0
-1295 0
-1294 0
-1293 0
-1292 0
-1291 0
-1290 0
-1289 0
-1288 0
-1287 0
-1286 0
-1285 0
-1284 0
-1283 0
-1282 1
-1281 0
-1280 0
-1279 0
-1278 1
-1277 2
-1276 1
-1275 0
-1274 0
-1273 0
-1272 0
-1271 0
-1270 0
-1269 0
-1268 1
-1267 0
-1266 0
-1265 0
-1264 0
-1263 0
-1262 0
-1261 0
-1260 0
-1259 0
-1258 0
-1257 0
-1256 0
-1255 1
-1254 1
-1253 0
-1252 0
-1251 0
-1250 1
-1249 0
-1248 1
-1247 0
-1246 0
-1245 0
-1244 0
-1243 0
-1242 0
-1241 0
-1240 0
-1239 0
-1238 0
-1237 1
-1236 1
-1235 1
-1234 0
-1233 0
-1232 0
-1231 0
-1230 0
-1229 1
-1228 0
-1227 0
-1226 0
-1225 1
-1224 0
-1223 1
-1222 0
-1221 1
-1220 0
-1219 0
-1218 1
-1217 1
-1216 1
-1215 0
-1214 1
-1213 0
-1212 0
-1211 0
-1210 0
-1209 0
-1208 0
-1207 0
-1206 0
-1205 0
-1204 0
-1203 0
-1202 0
-1201 0
-1200 0
-1199 0
-1198 0
-1197 2
-1196 2
-1195 0
-1194 1
-1193 0
-1192 1
-1191 0
-1190 0
-1189 0
-1188 1
-1187 0
-1186 0
-1185 1
-1184 2
-1183 0
-1182 3
-1181 1
-1180 1
-1179 1
-1178 0
-1177 3
-1176 1
-1175 1
-1174 1
-1173 0
-1172 1
-1171 0
-1170 1
-1169 0
-1168 0
-1167 1
-1166 0
-1165 1
-1164 1
-1163 2
-1162 1
-1161 2
-1160 2
-1159 1
-1158 0
-1157 0
-1156 1
-1155 0
-1154 0
-1153 0
-1152 3
-1151 2
-1150 0
-1149 0
-1148 1
-1147 3
-1146 0
-1145 0
-1144 0
-1143 1
-1142 0
-1141 0
-1140 1
-1139 0
-1138 0
-1137 1
-1136 1
-1135 0
-1134 2
-1133 1
-1132 1
-1131 0
-1130 0
-1129 1
-1128 0
-1127 2
-1126 1
-1125 0
-1124 4
-1123 1
-1122 1
-1121 1
-1120 1
-1119 0
-1118 2
-1117 0
-1116 2
-1115 1
-1114 0
-1113 2
-1112 2
-1111 1
-1110 3
-1109 2
-1108 0
-1107 1
-1106 1
-1105 0
-1104 1
-1103 3
-1102 1
-1101 1
-1100 0
-1099 3
-1098 0
-1097 0
-1096 0
-1095 0
-1094 3
-1093 1
-1092 1
-1091 0
-1090 0
-1089 0
-1088 0
-1087 1
-1086 1
-1085 3
-1084 2
-1083 2
-1082 0
-1081 3
-1080 3
-1079 2
-1078 4
-1077 3
-1076 0
-1075 3
-1074 2
-1073 1
-1072 2
-1071 3
-1070 1
-1069 1
-1068 1
-1067 5
-1066 2
-1065 0
-1064 1
-1063 0
-1062 2
-1061 3
-1060 3
-1059 3
-1058 2
-1057 1
-1056 0
-1055 2
-1054 2
-1053 1
-1052 0
-1051 2
-1050 1
-1049 4
-1048 0
-1047 4
-1046 1
-1045 2
-1044 1
-1043 1
-1042 3
-1041 1
-1040 2
-1039 2
-1038 2
-1037 3
-1036 4
-1035 0
-1034 2
-1033 2
-1032 1
-1031 1
-1030 1
-1029 1
-1028 2
-1027 5
-1026 3
-1025 2
-1024 3
-1023 1
-1022 3
-1021 0
-1020 2
-1019 1
-1018 1
-1017 2
-1016 1
-1015 3
-1014 2
-1013 2
-1012 2
-1011 1
-1010 3
-1009 3
-1008 2
-1007 1
-1006 3
-1005 3
-1004 3
-1003 1
-1002 2
-1001 3
-1000 2
-999 3
-998 5
-997 5
-996 1
-995 4
-994 1
-993 2
-992 2
-991 3
-990 4
-989 1
-988 5
-987 3
-986 2
-985 5
-984 5
-983 2
-982 2
-981 2
-980 2
-979 4
-978 3
-977 4
-976 5
-975 3
-974 3
-973 1
-972 1
-971 4
-970 4
-969 1
-968 7
-967 6
-966 4
-965 5
-964 6
-963 4
-962 5
-961 3
-960 4
-959 4
-958 2
-957 3
-956 2
-955 8
-954 3
-953 5
-952 1
-951 2
-950 4
-949 2
-948 5
-947 4
-946 2
-945 4
-944 1
-943 1
-942 2
-941 3
-940 2
-939 5
-938 7
-937 7
-936 5
-935 5
-934 2
-933 4
-932 8
-931 3
-930 4
-929 3
-928 4
-927 6
-926 5
-925 7
-924 4
-923 4
-922 4
-921 6
-920 9
-919 7
-918 5
-917 6
-916 6
-915 5
-914 7
-913 5
-912 7
-911 7
-910 4
-909 7
-908 1
-907 9
-906 5
-905 8
-904 10
-903 8
-902 9
-901 3
-900 2
-899 3
-898 7
-897 4
-896 6
-895 6
-894 10
-893 6
-892 1
-891 9
-890 5
-889 9
-888 5
-887 7
-886 9
-885 10
-884 4
-883 6
-882 9
-881 14
-880 6
-879 13
-878 8
-877 1
-876 4
-875 8
-874 4
-873 4
-872 11
-871 3
-870 8
-869 7
-868 8
-867 7
-866 9
-865 3
-864 7
-863 9
-862 7
-861 7
-860 6
-859 9
-858 6
-857 6
-856 9
-855 9
-854 6
-853 12
-852 10
-851 8
-850 8
-849 9
-848 6
-847 8
-846 7
-845 5
-844 7
-843 10
-842 7
-841 7
-840 7
-839 8
-838 6
-837 6
-836 13
-835 7
-834 6
-833 6
-832 13
-831 11
-830 15
-829 13
-828 9
-827 14
-826 16
-825 12
-824 13
-823 6
-822 17
-821 7
-820 15
-819 18
-818 12
-817 19
-816 7
-815 12
-814 11
-813 13
-812 14
-811 14
-810 12
-809 16
-808 12
-807 10
-806 9
-805 13
-804 16
-803 10
-802 11
-801 15
-800 18
-799 12
-798 16
-797 9
-796 22
-795 19
-794 11
-793 16
-792 13
-791 18
-790 14
-789 26
-788 13
-787 17
-786 10
-785 18
-784 14
-783 10
-782 13
-781 18
-780 17
-779 14
-778 17
-777 16
-776 17
-775 18
-774 17
-773 19
-772 15
-771 16
-770 19
-769 9
-768 23
-767 18
-766 20
-765 12
-764 14
-763 11
-762 16
-761 14
-760 16
-759 18
-758 20
-757 11
-756 21
-755 28
-754 20
-753 13
-752 21
-751 22
-750 12
-749 21
-748 26
-747 27
-746 24
-745 17
-744 19
-743 23
-742 17
-741 19
-740 28
-739 16
-738 30
-737 21
-736 26
-735 23
-734 25
-733 16
-732 32
-731 25
-730 20
-729 21
-728 21
-727 23
-726 23
-725 24
-724 23
-723 20
-722 21
-721 29
-720 26
-719 18
-718 27
-717 35
-716 30
-715 33
-714 30
-713 31
-712 25
-711 19
-710 26
-709 25
-708 21
-707 29
-706 27
-705 31
-704 28
-703 28
-702 36
-701 25
-700 30
-699 27
-698 29
-697 38
-696 33
-695 30
-694 38
-693 32
-692 36
-691 34
-690 34
-689 34
-688 41
-687 32
-686 36
-685 33
-684 36
-683 28
-682 41
-681 36
-680 35
-679 32
-678 41
-677 36
-676 30
-675 29
-674 35
-673 23
-672 43
-671 31
-670 37
-669 37
-668 45
-667 40
-666 41
-665 44
-664 35
-663 37
-662 41
-661 33
-660 39
-659 49
-658 39
-657 50
-656 42
-655 43
-654 38
-653 39
-652 40
-651 44
-650 43
-649 48
-648 46
-647 46
-646 42
-645 37
-644 45
-643 44
-642 38
-641 61
-640 55
-639 38
-638 44
-637 34
-636 42
-635 50
-634 56
-633 44
-632 59
-631 64
-630 58
-629 49
-628 44
-627 66
-626 61
-625 42
-624 56
-623 51
-622 54
-621 63
-620 54
-619 63
-618 57
-617 58
-616 57
-615 66
-614 52
-613 59
-612 66
-611 65
-610 67
-609 65
-608 58
-607 52
-606 74
-605 52
-604 57
-603 75
-602 73
-601 56
-600 66
-599 67
-598 63
-597 60
-596 66
-595 71
-594 72
-593 86
-592 74
-591 64
-590 83
-589 64
-588 72
-587 93
-586 74
-585 87
-584 88
-583 84
-582 79
-581 75
-580 72
-579 93
-578 82
-577 91
-576 86
-575 86
-574 81
-573 90
-572 59
-571 84
-570 91
-569 76
-568 102
-567 86
-566 102
-565 74
-564 85
-563 92
-562 79
-561 88
-560 87
-559 80
-558 83
-557 85
-556 91
-555 95
-554 82
-553 96
-552 100
-551 114
-550 97
-549 108
-548 98
-547 107
-546 101
-545 94
-544 100
-543 77
-542 93
-541 105
-540 102
-539 82
-538 127
-537 119
-536 107
-535 110
-534 106
-533 120
-532 98
-531 92
-530 120
-529 111
-528 117
-527 121
-526 118
-525 99
-524 122
-523 110
-522 129
-521 140
-520 115
-519 148
-518 126
-517 133
-516 125
-515 146
-514 134
-513 120
-512 141
-511 117
-510 134
-509 125
-508 125
-507 140
-506 138
-505 130
-504 130
-503 137
-502 124
-501 113
-500 138
-499 144
-498 142
-497 147
-496 159
-495 158
-494 168
-493 152
-492 165
-491 163
-490 145
-489 171
-488 165
-487 154
-486 163
-485 148
-484 162
-483 163
-482 161
-481 167
-480 188
-479 185
-478 179
-477 175
-476 174
-475 206
-474 203
-473 172
-472 185
-471 197
-470 179
-469 210
-468 216
-467 189
-466 193
-465 185
-464 191
-463 184
-462 175
-461 193
-460 207
-459 204
-458 216
-457 223
-456 199
-455 205
-454 210
-453 216
-452 230
-451 232
-450 249
-449 226
-448 240
-447 224
-446 222
-445 227
-444 221
-443 234
-442 240
-441 279
-440 240
-439 252
-438 241
-437 248
-436 227
-435 233
-434 272
-433 263
-432 253
-431 250
-430 269
-429 255
-428 269
-427 268
-426 249
-425 264
-424 271
-423 286
-422 283
-421 279
-420 287
-419 278
-418 285
-417 283
-416 297
-415 299
-414 306
-413 305
-412 282
-411 299
-410 334
-409 323
-408 329
-407 342
-406 322
-405 298
-404 339
-403 353
-402 357
-401 319
-400 342
-399 327
-398 342
-397 371
-396 385
-395 347
-394 369
-393 351
-392 395
-391 342
-390 363
-389 394
-388 406
-387 354
-386 396
-385 415
-384 419
-383 433
-382 401
-381 378
-380 373
-379 382
-378 414
-377 431
-376 420
-375 405
-374 434
-373 427
-372 422
-371 417
-370 452
-369 497
-368 465
-367 440
-366 450
-365 450
-364 479
-363 471
-362 477
-361 487
-360 506
-359 491
-358 518
-357 516
-356 503
-355 492
-354 527
-353 491
-352 527
-351 552
-350 607
-349 548
-348 538
-347 561
-346 543
-345 552
-344 531
-343 536
-342 567
-341 586
-340 582
-339 581
-338 546
-337 613
-336 604
-335 624
-334 619
-333 634
-332 635
-331 661
-330 674
-329 630
-328 661
-327 612
-326 633
-325 633
-324 660
-323 707
-322 741
-321 699
-320 739
-319 739
-318 721
-317 783
-316 687
-315 720
-314 750
-313 771
-312 786
-311 742
-310 780
-309 829
-308 800
-307 755
-306 814
-305 839
-304 828
-303 820
-302 896
-301 925
-300 844
-299 883
-298 855
-297 899
-296 928
-295 899
-294 927
-293 904
-292 919
-291 956
-290 933
-289 972
-288 1020
-287 1007
-286 982
-285 1027
-284 1016
-283 981
-282 1057
-281 1061
-280 1083
-279 1095
-278 1089
-277 1006
-276 1115
-275 1127
-274 1139
-273 1106
-272 1159
-271 1146
-270 1181
-269 1210
-268 1237
-267 1210
-266 1170
-265 1244
-264 1219
-263 1221
-262 1293
-261 1343
-260 1315
-259 1251
-258 1321
-257 1345
-256 1382
-255 1332
-254 1303
-253 1359
-252 1492
-251 1464
-250 1428
-249 1461
-248 1422
-247 1533
-246 1519
-245 1469
-244 1564
-243 1639
-242 1570
-241 1535
-240 1585
-239 1623
-238 1692
-237 1660
-236 1693
-235 1696
-234 1803
-233 1691
-232 1775
-231 1777
-230 1835
-229 1826
-228 1918
-227 1857
-226 1920
-225 1948
-224 1917
-223 2007
-222 1943
-221 2011
-220 1993
-219 2046
-218 2144
-217 2170
-216 2097
-215 2097
-214 2104
-213 2218
-212 2247
-211 2224
-210 2303
-209 2336
-208 2298
-207 2415
-206 2309
-205 2405
-204 2355
-203 2400
-202 2623
-201 2510
-200 2601
-199 2568
-198 2713
-197 2568
-196 2737
-195 2786
-194 2708
-193 2754
-192 2867
-191 2862
-190 2978
-189 2953
-188 2949
-187 3023
-186 3027
-185 3214
-184 3174
-183 3177
-182 3252
-181 3232
-180 3304
-179 3357
-178 3511
-177 3415
-176 3467
-175 3617
-174 3616
-173 3606
-172 3631
-171 3697
-170 3782
-169 3783
-168 3981
-167 3865
-166 4016
-165 4121
-164 4130
-163 4128
-162 4243
-161 4147
-160 4436
-159 4297
-158 4321
-157 4374
-156 4612
-155 4520
-154 4642
-153 4800
-152 4728
-151 4806
-150 4923
-149 5096
-148 5183
-147 5151
-146 5188
-145 5254
-144 5513
-143 5376
-142 5603
-141 5659
-140 5801
-139 6057
-138 5922
-137 5923
-136 6189
-135 6159
-134 6361
-133 6383
-132 6496
-131 6595
-130 6875
-129 6740
-128 6944
-127 7121
-126 7218
-125 7397
-124 7380
-123 7680
-122 7709
-121 7820
-120 7961
-119 8344
-118 8272
-117 8526
-116 8489
-115 8791
-114 8918
-113 8939
-112 9144
-111 9379
-110 9347
-109 9654
-108 9770
-107 10035
-106 10233
-105 10332
-104 10631
-103 10676
-102 11004
-101 11061
-100 11406
-99 11613
-98 11811
-97 11908
-96 12253
-95 12632
-94 12732
-93 13009
-92 13335
-91 13377
-90 13885
-89 14216
-88 14506
-87 14576
-86 15129
-85 15472
-84 15501
-83 15817
-82 16526
-81 17110
-80 17076
-79 17460
-78 17977
-77 18570
-76 18889
-75 19345
-74 19772
-73 20375
-72 20997
-71 21250
-70 21999
-69 22310
-68 22986
-67 23322
-66 24302
-65 25110
-64 25565
-63 26279
-62 27098
-61 28199
-60 29030
-59 29703
-58 30435
-57 31184
-56 32076
-55 33289
-54 34136
-53 35278
-52 36416
-51 37562
-50 38769
-49 40377
-48 42063
-47 43325
-46 44887
-45 46696
-44 48079
-43 50036
-42 51901
-41 54390
-40 56562
-39 58657
-38 61246
-37 64120
-36 67007
-35 69982
-34 73299
-33 76764
-32 80744
-31 85004
-30 89694
-29 94055
-28 100158
-27 105765
-26 112403
-25 119334
-24 127129
-23 136484
-22 145517
-21 156049
-20 168167
-19 182393
-18 197857
-17 216104
-16 237959
-15 261817
-14 289778
-13 326878
-12 368407
-11 420273
-10 484032
-9 569162
-8 680233
-7 832718
-6 1053980
-5 1388769
-4 1965661
-3 3186691
-2 6523745
-1 33587375
0 0
1 33586821
2 6524723
3 3185098
4 1964615
5 1388514
6 1055321
7 833955
8 679156
9 569360
10 485197
11 418803
12 368389
13 326173
14 291126
15 262195
16 237983
17 215768
18 197911
19 182231
20 167630
21 156762
22 145626
23 135742
24 127424
25 120107
26 111705
27 105178
28 99753
29 94648
30 89703
31 84791
32 81123
33 77072
34 73332
35 69816
36 67216
37 64055
38 60935
39 58803
40 56694
41 54171
42 52198
43 49933
44 48394
45 46540
46 44952
47 42970
48 41733
49 40297
50 38805
51 37692
52 36763
53 35293
54 33933
55 33451
56 32257
57 30922
58 30356
59 29836
60 28717
61 27725
62 27134
63 26365
64 25362
65 25094
66 24115
67 23467
68 22996
69 22679
70 22129
71 21344
72 20876
73 20503
74 20102
75 19391
76 18961
77 18460
78 18177
79 17812
80 17069
81 16868
82 16403
83 16217
84 15830
85 15408
86 15012
87 14523
88 14491
89 14317
90 13659
91 13766
92 13247
93 12905
94 12739
95 12739
96 12290
97 11878
98 11818
99 11617
100 11246
101 11359
102 10969
103 10845
104 10515
105 10395
106 10080
107 9883
108 9831
109 9573
110 9411
111 9283
112 9163
113 8952
114 8780
115 8799
116 8679
117 8472
118 8339
119 8336
120 7966
121 7753
122 7586
123 7587
124 7345
125 7280
126 7147
127 7058
128 7070
129 6793
130 6733
131 6693
132 6536
133 6442
134 6190
135 6129
136 6114
137 6087
138 5917
139 5895
140 5584
141 5679
142 5654
143 5531
144 5436
145 5358
146 5164
147 5084
148 5040
149 5173
150 4818
151 4868
152 4812
153 4700
154 4606
155 4690
156 4505
157 4316
158 4451
159 4308
160 4326
161 4237
162 4175
163 4078
164 4085
165 3900
166 3889
167 3819
168 3831
169 3826
170 3794
171 3751
172 3669
173 3641
174 3676
175 3630
176 3513
177 3562
178 3336
179 3266
180 3320
181 3235
182 3242
183 3188
184 3036
185 3116
186 3062
187 3047
188 3018
189 2934
190 2941
191 2842
192 2770
193 2820
194 2763
195 2728
196 2673
197 2626
198 2558
199 2586
200 2587
201 2548
202 2558
203 2481
204 2499
205 2446
206 2366
207 2360
208 2307
209 2333
210 2382
211 2290
212 2160
213 2179
214 2166
215 2096
216 2162
217 2116
218 2122
219 2117
220 2016
221 2094
222 1963
223 2040
224 1982
225 1912
226 1912
227 1824
228 1865
229 1829
230 1859
231 1776
232 1894
233 1832
234 1714
235 1773
236 1738
237 1692
238 1646
239 1554
240 1624
241 1628
242 1551
243 1557
244 1526
245 1559
246 1497
247 1443
248 1540
249 1430
250 1405
251 1364
252 1442
253 1460
254 1452
255 1379
256 1303
257 1383
258 1294
259 1401
260 1255
261 1307
262 1316
263 1265
264 1287
265 1210
266 1203
267 1206
268 1141
269 1221
270 1217
271 1164
272 1144
273 1084
274 1096
275 1142
276 1087
277 1117
278 1128
279 1068
280 995
281 1058
282 1007
283 997
284 1027
285 1057
286 1024
287 967
288 967
289 956
290 986
291 992
292 887
293 941
294 846
295 908
296 890
297 901
298 880
299 908
300 875
301 895
302 861
303 798
304 799
305 819
306 814
307 810
308 793
309 837
310 776
311 801
312 735
313 734
314 728
315 766
316 747
317 757
318 784
319 689
320 715
321 682
322 718
323 680
324 690
325 666
326 693
327 699
328 655
329 630
330 634
331 641
332 605
333 615
334 597
335 595
336 590
337 578
338 599
339 553
340 559
341 598
342 571
343 533
344 575
345 543
346 534
347 574
348 579
349 529
350 519
351 560
352 504
353 527
354 502
355 495
356 485
357 458
358 546
359 494
360 495
361 470
362 478
363 450
364 485
365 418
366 423
367 464
368 440
369 436
370 416
371 449
372 424
373 449
374 440
375 427
376 403
377 423
378 410
379 459
380 430
381 428
382 409
383 397
384 372
385 381
386 399
387 370
388 367
389 365
390 373
391 369
392 341
393 369
394 344
395 349
396 360
397 340
398 347
399 356
400 354
401 334
402 336
403 323
404 307
405 346
406 322
407 288
408 336
409 283
410 300
411 316
412 323
413 305
414 311
415 302
416 297
417 301
418 274
419 260
420 292
421 246
422 293
423 288
424 277
425 269
426 315
427 269
428 280
429 302
430 257
431 278
432 248
433 271
434 254
435 241
436 244
437 255
438 255
439 249
440 236
441 286
442 232
443 253
444 209
445 222
446 245
447 217
448 236
449 218
450 258
451 228
452 214
453 246
454 246
455 192
456 201
457 216
458 216
459 201
460 187
461 198
462 208
463 195
464 196
465 176
466 188
467 185
468 212
469 174
470 191
471 182
472 185
473 159
474 156
475 182
476 189
477 179
478 155
479 168
480 174
481 159
482 185
483 176
484 165
485 155
486 160
487 184
488 151
489 155
490 154
491 147
492 141
493 175
494 151
495 162
496 150
497 144
498 145
499 147
500 154
501 149
502 139
503 136
504 125
505 150
506 135
507 123
508 133
509 142
510 120
511 135
512 135
513 132
514 148
515 120
516 143
517 135
518 132
519 133
520 101
521 127
522 132
523 138
524 103
525 131
526 119
527 115
528 114
529 121
530 116
531 111
532 114
533 107
534 99
535 127
536 120
537 112
538 119
539 112
540 123
541 100
542 112
543 98
544 127
545 102
546 96
547 99
548 97
549 92
550 119
551 100
552 98
553 94
554 89
555 92
556 116
557 102
558 91
559 86
560 90
561 99
562 98
563 95
564 87
565 99
566 77
567 86
568 69
569 82
570 87
571 81
572 81
573 73
574 79
575 70
576 85
577 72
578 79
579 66
580 81
581 67
582 81
583 83
584 80
585 89
586 87
587 73
588 75
589 73
590 67
591 68
592 84
593 62
594 58
595 64
596 82
597 75
598 61
599 78
600 59
601 80
602 59
603 72
604 60
605 55
606 40
607 61
608 61
609 65
610 61
611 80
612 54
613 65
614 73
615 52
616 59
617 55
618 51
619 52
620 60
621 57
622 34
623 48
624 59
625 46
626 48
627 48
628 56
629 64
630 58
631 48
632 56
633 55
634 56
635 38
636 57
637 48
638 55
639 60
640 54
641 46
642 46
643 45
644 40
645 45
646 42
647 45
648 38
649 51
650 47
651 57
652 41
653 52
654 47
655 37
656 47
657 39
658 38
659 41
660 38
661 42
662 39
663 41
664 41
665 42
666 24
667 34
668 50
669 46
670 52
671 29
672 31
673 34
674 37
675 41
676 42
677 38
678 38
679 27
680 36
681 29
682 35
683 27
684 38
685 38
686 34
687 38
688 35
689 30
690 28
691 24
692 31
693 33
694 32
695 37
696 34
697 33
698 27
699 20
700 30
701 29
702 31
703 38
704 24
705 42
706 20
707 22
708 26
709 27
710 26
711 37
712 21
713 34
714 30
715 22
716 25
717 27
718 25
719 34
720 18
721 17
722 21
723 24
724 25
725 22
726 26
727 26
728 26
729 26
730 20
731 24
732 21
733 26
734 29
735 22
736 29
737 25
738 18
739 23
740 21
741 16
742 22
743 18
744 15
745 26
746 23
747 21
748 17
749 20
750 26
751 23
752 32
753 14
754 17
755 14
756 23
757 20
758 15
759 13
760 18
761 11
762 16
763 15
764 14
765 16
766 10
767 17
768 17
769 17
770 20
771 21
772 19
773 13
774 22
775 14
776 28
777 14
778 12
779 14
780 16
781 12
782 11
783 16
784 14
785 17
786 13
787 17
788 11
789 10
790 9
791 14
792 9
793 14
794 17
795 21
796 10
797 13
798 12
799 12
800 11
801 9
802 13
803 15
804 14
805 10
806 12
807 5
808 12
809 11
810 15
811 4
812 11
813 10
814 9
815 8
816 8
817 6
818 11
819 11
820 9
821 8
822 8
823 15
824 14
825 6
826 6
827 15
828 8
829 15
830 12
831 15
832 15
833 7
834 5
835 6
836 7
837 10
838 9
839 11
840 13
841 10
842 8
843 9
844 13
845 7
846 9
847 9
848 15
849 7
850 9
851 11
852 10
853 11
854 7
855 4
856 8
857 8
858 7
859 8
860 5
861 5
862 5
863 9
864 15
865 5
866 9
867 9
868 5
869 6
870 12
871 9
872 13
873 12
874 9
875 8
876 5
877 11
878 11
879 11
880 3
881 3
882 11
883 13
884 12
885 6
886 4
887 5
888 5
889 5
890 3
891 4
892 5
893 3
894 9
895 9
896 4
897 9
898 5
899 7
900 5
901 3
902 12
903 4
904 4
905 9
906 6
907 5
908 2
909 3
910 5
911 3
912 6
913 6
914 2
915 6
916 10
917 13
918 8
919 4
920 10
921 9
922 5
923 4
924 2
925 5
926 3
927 2
928 7
929 6
930 2
931 2
932 8
933 3
934 4
935 6
936 8
937 0
938 3
939 7
940 4
941 3
942 2
943 5
944 3
945 1
946 3
947 3
948 3
949 4
950 1
951 4
952 3
953 2
954 5
955 4
956 6
957 3
958 5
959 4
960 5
961 2
962 4
963 2
964 3
965 3
966 4
967 5
968 2
969 3
970 4
971 6
972 3
973 3
974 1
975 1
976 5
977 5
978 4
979 5
980 3
981 1
982 4
983 3
984 3
985 1
986 4
987 6
988 1
989 7
990 0
991 3
992 1
993 1
994 2
995 1
996 3
997 3
998 4
999 2
1000 6
1001 2
1002 7
1003 3
1004 4
1005 4
1006 2
1007 2
1008 6
1009 1
1010 4
1011 4
1012 3
1013 2
1014 3
1015 3
1016 2
1017 0
1018 0
1019 0
1020 2
1021 0
1022 1
1023 4
1024 1
1025 1
1026 4
1027 0
1028 6
1029 1
1030 2
1031 1
1032 0
1033 4
1034 2
1035 1
1036 4
1037 2
1038 4
1039 4
1040 2
1041 2
1042 4
1043 2
1044 2
1045 1
1046 6
1047 0
1048 3
1049 0
1050 2
1051 1
1052 1
1053 1
1054 2
1055 2
1056 0
1057 2
1058 1
1059 1
1060 1
1061 3
1062 2
1063 1
1064 1
1065 0
1066 2
1067 3
1068 2
1069 2
1070 3
1071 2
1072 2
1073 2
1074 1
1075 1
1076 5
1077 2
1078 0
1079 2
1080 1
1081 1
1082 1
1083 0
1084 1
1085 2
1086 1
1087 1
1088 0
1089 1
1090 2
1091 0
1092 0
1093 0
1094 1
1095 0
1096 0
1097 2
1098 3
1099 0
1100 1
1101 1
1102 1
1103 0
1104 2
1105 1
1106 0
1107 3
1108 1
1109 2
1110 1
1111 2
1112 1
1113 3
1114 1
1115 0
1116 1
1117 1
1118 0
1119 0
1120 0
1121 2
1122 2
1123 0
1124 3
1125 2
1126 1
1127 0
1128 2
1129 1
1130 0
1131 1
1132 3
1133 1
1134 0
1135 1
1136 0
1137 1
1138 0
1139 0
1140 1
1141 2
1142 0
1143 1
1144 0
1145 1
1146 1
1147 0
1148 1
1149 0
1150 2
1151 2
1152 1
1153 2
1154 0
1155 0
1156 0
1157 0
1158 0
1159 0
1160 0
1161 0
1162 0
1163 0
1164 0
1165 1
1166 0
1167 0
1168 0
1169 1
1170 0
1171 2
1172 0
1173 0
1174 1
1175 0
1176 0
1177 1
1178 1
1179 0
1180 1
1181 0
1182 0
1183 1
1184 1
1185 1
1186 1
1187 0
1188 0
1189 0
1190 0
1191 0
1192 0
1193 0
1194 0
1195 0
1196 0
1197 0
1198 0
1199 0
1200 0
1201 1
1202 0
1203 1
1204 0
1205 1
1206 0
1207 0
1208 0
1209 0
1210 0
1211 1
1212 1
1213 1
1214 0
1215 0
1216 0
1217 0
1218 1
1219 0
1220 0
1221 0
1222 0
1223 1
1224 2
1225 0
1226 2
1227 0
1228 0
1229 0
1230 0
1231 0
1232 0
1233 0
1234 0
1235 1
1236 0
1237 0
1238 0
1239 1
1240 0
1241 0
1242 0
1243 2
1244 0
1245 0
1246 1
1247 3
1248 0
1249 1
1250 0
1251 0
1252 0
1253 2
1254 0
1255 0
1256 0
1257 0
1258 0
1259 0
1260 0
1261 0
1262 0
1263 0
1264 0
1265 1
1266 1
1267 0
1268 0
1269 0
1270 0
1271 0
1272 0
1273 1
1274 0
1275 0
1276 0
1277 0
1278 0
1279 0
1280 0
1281 0
1282 1
1283 0
1284 0
1285 1
1286 0
1287 0
1288 1
1289 0
1290 0
1291 0
1292 0
1293 0
1294 2
1295 0
1296 0
1297 0
1298 0
1299 0
1300 0
1301 0
1302 0
1303 0
1304 0
1305 1
1306 2
1307 0
1308 1
1309 0
1310 0
1311 1
1312 1
1313 0
1314 0
1315 0
1316 0
1317 0
1318 0
1319 0
1320 0
1321 0
1322 1
1323 0
1324 0
1325 1
1326 0
1327 0
1328 0
1329 0
1330 0
1331 0
1332 0
1333 2
1334 0
1335 0
1336 0
1337 0
1338 0
1339 0
1340 0
1341 0
1342 1
1343 0
1344 0
1345 0
1346 0
1347 0
1348 0
1349 0
1350 0
1351 1
1352 0
1353 0
1354 0
1355 0
1356 0
1357 0
1358 1
1359 0
1360 0
1361 0
1362 0
1363 0
1364 0
1365 0
1366 0
1367 0
1368 1
1369 0
1370 0
1371 0
1372 0
1373 0
1374 0
1375 0
1376 0
1377 0
1378 0
1379 0
1380 0
1381 0
1382 0
1383 1
1384 0
1385 0
1386 0
1387 0
1388 0
1389 0
1390 1
1391 0
1392 0
1393 0
1394 0
1395 0
1396 0
1397 0
1398 1
1399 0
1400 0
1401 0
1402 0
1403 0
1404 0
1405 0
1406 0
1407 0
1408 0
1409 0
1410 0
1411 0
1412 0
1413 0
1414 0
1415 1
1416 0
1417 0
1418 0
1419 0
1420 0
1421 0
1422 0
1423 0
1424 0
1425 0
1426 0
1427 0
1428 0
1429 0
1430 0
1431 0
1432 0
1433 0
1434 0
1435 0
1436 0
1437 0
1438 0
1439 0
1440 0
1441 0
1442 0
1443 0
1444 0
1445 0
1446 0
1447 0
1448 0
1449 0
1450 0
1451 0
1452 0
1453 0
1454 0
1455 0
1456 0
1457 0
1458 0
1459 0
1460 0
1461 0
1462 0
1463 0
1464 0
1465 0
1466 0
1467 0
1468 0
1469 0
1470 0
1471 0
1472 0
1473 0
1474 0
1475 0
1476 0
1477 0
1478 0
1479 0
1480 0
1481 0
1482 0
1483 0
1484 0
1485 0
1486 0
1487 0
1488 0
1489 0
1490 0
1491 0
1492 1
1493 0
1494 0
1495 0
1496 0
1497 0
1498 0
1499 0
1500 0
1501 0
1502 0
1503 0
1504 0
1505 0
1506 0
1507 0
1508 0
1509 0
1510 0
1511 0
1512 0
1513 0
1514 0
1515 0
1516 0
1517 0
1518 0
1519 1
1520 0
1521 0
1522 0
1523 0
1524 0
1525 0
1526 0
1527 0
1528 0
1529 0
1530 0
1531 0
1532 0
1533 0
1534 0
1535 0
1536 0
1537 0
1538 0
1539 0
1540 0
1541 0
1542 0
1543 0
1544 0
1545 0
1546 0
1547 0
1548 0
1549 0
1550 0
1551 0
1552 0
1553 0
1554 0
1555 0
1556 0
1557 0
1558 0
1559 0
1560 0
1561 0
1562 0
1563 0
1564 0
1565 0
1566 0
1567 0
1568 0
1569 0
1570 1
