0 1.0 0.0
1 0.386 0.614
2 0.4958 0.5042
3 0.4873 0.5127
4 0.4865 0.5135
5 0.4858 0.5142
6 0.4863 0.5137
7 0.4871 0.5129
8 0.4876 0.5124
9 0.4892 0.5108
10 0.4899 0.5101
11 0.4898 0.5102
12 0.4903 0.5097
13 0.4913 0.5087
14 0.4913 0.5087
15 0.4908 0.5092
16 0.4923 0.5077
17 0.4914 0.5086
18 0.4918 0.5082
19 0.4923 0.5077
20 0.4925 0.5075
21 0.4927 0.5073
22 0.4924 0.5076
23 0.4936 0.5064
24 0.4915 0.5085
25 0.4937 0.5063
26 0.4946 0.5054
27 0.494 0.506
28 0.4934 0.5066
29 0.4946 0.5054
30 0.4947 0.5053
31 0.494 0.506
32 0.4935 0.5065
33 0.495 0.505
34 0.4944 0.5056
35 0.4941 0.5059
36 0.4958 0.5042
37 0.4942 0.5058
38 0.495 0.505
39 0.4938 0.5062
40 0.4953 0.5047
41 0.4945 0.5055
42 0.4958 0.5042
43 0.4949 0.5051
44 0.4949 0.5051
45 0.4949 0.5051
46 0.4955 0.5045
47 0.4949 0.5051
48 0.4963 0.5037
49 0.4958 0.5042
50 0.4951 0.5049
51 0.4966 0.5034
52 0.4935 0.5065
53 0.4948 0.5052
54 0.4947 0.5053
55 0.4932 0.5068
56 0.4943 0.5057
57 0.494 0.506
58 0.4948 0.5052
59 0.4959 0.5041
60 0.4969 0.5031
61 0.495 0.505
62 0.4959 0.5041
63 0.4967 0.5033
64 0.496 0.504
65 0.4954 0.5046
66 0.4941 0.5059
67 0.497 0.503
68 0.4953 0.5047
69 0.4963 0.5037
70 0.4946 0.5054
71 0.4949 0.5051
72 0.4951 0.5049
73 0.4962 0.5038
74 0.4946 0.5054
75 0.4952 0.5048
76 0.496 0.504
77 0.4962 0.5038
78 0.4942 0.5058
79 0.4951 0.5049
80 0.4964 0.5036
81 0.4953 0.5047
82 0.4959 0.5041
83 0.4955 0.5045
84 0.4962 0.5038
85 0.4955 0.5045
86 0.4967 0.5033
87 0.4965 0.5035
88 0.4943 0.5057
89 0.4949 0.5051
90 0.4937 0.5063
91 0.4943 0.5057
92 0.4946 0.5054
93 0.4977 0.5023
94 0.4949 0.5051
95 0.4964 0.5036
96 0.4967 0.5033
97 0.4932 0.5068
98 0.4938 0.5062
99 0.4959 0.5041
100 0.4957 0.5043
101 0.4963 0.5037
102 0.4963 0.5037
103 0.4957 0.5043
104 0.4935 0.5065
105 0.4961 0.5039
106 0.4934 0.5066
107 0.4969 0.5031
108 0.4957 0.5043
109 0.4948 0.5052
110 0.4948 0.5052
111 0.4959 0.5041
112 0.4962 0.5038
113 0.4954 0.5046
114 0.4959 0.5041
115 0.4967 0.5033
116 0.4934 0.5066
117 0.4943 0.5057
118 0.4966 0.5034
119 0.4965 0.5035
120 0.494 0.506
121 0.4958 0.5042
122 0.4962 0.5038
123 0.4945 0.5055
124 0.496 0.504
125 0.4957 0.5043
126 0.496 0.504
127 0.4961 0.5039
128 0.4929 0.5071
129 0.4925 0.5075
130 0.4955 0.5045
131 0.4934 0.5066
132 0.495 0.505
133 0.4956 0.5044
134 0.4938 0.5062
135 0.4946 0.5054
136 0.4934 0.5066
137 0.4951 0.5049
138 0.4951 0.5049
139 0.4961 0.5039
140 0.4964 0.5036
141 0.4948 0.5052
142 0.4929 0.5071
143 0.4947 0.5053
144 0.4933 0.5067
145 0.4944 0.5056
146 0.4945 0.5055
147 0.4938 0.5062
148 0.4961 0.5039
149 0.4949 0.5051
150 0.4962 0.5038
151 0.4941 0.5059
152 0.4964 0.5036
153 0.4938 0.5062
154 0.4954 0.5046
155 0.495 0.505
156 0.4943 0.5057
157 0.4954 0.5046
158 0.4945 0.5055
159 0.4938 0.5062
160 0.494 0.506
161 0.4934 0.5066
162 0.4952 0.5048
163 0.4951 0.5049
164 0.4941 0.5059
165 0.4963 0.5037
166 0.4929 0.5071
167 0.4943 0.5057
168 0.4936 0.5064
169 0.4943 0.5057
170 0.4953 0.5047
171 0.4972 0.5028
172 0.4935 0.5065
173 0.4949 0.5051
174 0.4926 0.5074
175 0.494 0.506
176 0.493 0.507
177 0.4946 0.5054
178 0.4932 0.5068
179 0.4947 0.5053
180 0.4907 0.5093
181 0.4943 0.5057
182 0.4942 0.5058
183 0.4946 0.5054
184 0.4948 0.5052
185 0.4957 0.5043
186 0.4947 0.5053
187 0.493 0.507
188 0.4973 0.5027
189 0.4933 0.5067
190 0.4949 0.5051
191 0.4933 0.5067
192 0.4938 0.5062
193 0.4952 0.5048
194 0.492 0.508
195 0.494 0.506
196 0.4946 0.5054
197 0.4968 0.5032
198 0.4961 0.5039
199 0.4921 0.5079
200 0.4956 0.5044
201 0.4923 0.5077
202 0.4941 0.5059
203 0.493 0.507
204 0.4964 0.5036
205 0.4946 0.5054
206 0.4964 0.5036
207 0.4959 0.5041
208 0.4942 0.5058
209 0.4957 0.5043
210 0.4952 0.5048
211 0.4956 0.5044
212 0.4923 0.5077
213 0.4932 0.5068
214 0.496 0.504
215 0.4942 0.5058
216 0.4965 0.5035
217 0.4917 0.5083
218 0.4953 0.5047
219 0.4964 0.5036
220 0.494 0.506
221 0.493 0.507
222 0.4949 0.5051
223 0.4931 0.5069
224 0.4958 0.5042
225 0.4916 0.5084
226 0.4923 0.5077
227 0.4955 0.5045
228 0.4942 0.5058
229 0.4969 0.5031
230 0.4942 0.5058
231 0.4932 0.5068
232 0.4935 0.5065
233 0.4943 0.5057
234 0.4932 0.5068
235 0.4952 0.5048
236 0.4931 0.5069
237 0.4925 0.5075
238 0.4925 0.5075
239 0.495 0.505
240 0.4938 0.5062
241 0.4934 0.5066
242 0.493 0.507
243 0.491 0.509
244 0.4909 0.5091
245 0.4936 0.5064
246 0.4944 0.5056
247 0.491 0.509
248 0.4932 0.5068
249 0.4935 0.5065
250 0.495 0.505
251 0.4937 0.5063
252 0.4961 0.5039
253 0.4955 0.5045
254 0.496 0.504
255 0.4925 0.5075
256 0.4912 0.5088
257 0.4941 0.5059
258 0.4939 0.5061
259 0.4931 0.5069
260 0.4948 0.5052
261 0.4958 0.5042
262 0.4926 0.5074
263 0.4952 0.5048
264 0.494 0.506
265 0.4947 0.5053
266 0.4943 0.5057
267 0.4921 0.5079
268 0.4956 0.5044
269 0.4922 0.5078
270 0.4927 0.5073
271 0.4937 0.5063
272 0.4918 0.5082
273 0.4937 0.5063
274 0.4919 0.5081
275 0.4955 0.5045
276 0.4932 0.5068
277 0.4938 0.5062
278 0.4987 0.5013
279 0.4928 0.5072
280 0.4922 0.5078
281 0.4927 0.5073
282 0.4923 0.5077
283 0.4921 0.5079
284 0.4918 0.5082
285 0.4947 0.5053
286 0.4923 0.5077
287 0.4944 0.5056
288 0.4948 0.5052
289 0.4964 0.5036
290 0.491 0.509
291 0.4942 0.5058
292 0.4917 0.5083
293 0.4918 0.5082
294 0.4946 0.5054
295 0.495 0.505
296 0.4929 0.5071
297 0.4952 0.5048
298 0.4941 0.5059
299 0.4907 0.5093
300 0.4943 0.5057
301 0.4946 0.5054
302 0.4929 0.5071
303 0.495 0.505
304 0.4977 0.5023
305 0.4909 0.5091
306 0.4911 0.5089
307 0.4937 0.5063
308 0.4923 0.5077
309 0.4928 0.5072
310 0.4933 0.5067
311 0.4953 0.5047
312 0.4949 0.5051
313 0.4912 0.5088
314 0.4937 0.5063
315 0.4913 0.5087
316 0.4925 0.5075
317 0.4929 0.5071
318 0.4933 0.5067
319 0.4914 0.5086
320 0.4912 0.5088
321 0.4923 0.5077
322 0.4946 0.5054
323 0.4942 0.5058
324 0.4932 0.5068
325 0.4928 0.5072
326 0.4932 0.5068
327 0.4908 0.5092
328 0.4951 0.5049
329 0.4948 0.5052
330 0.4949 0.5051
331 0.4944 0.5056
332 0.4912 0.5088
333 0.4934 0.5066
334 0.496 0.504
335 0.4902 0.5098
336 0.4929 0.5071
337 0.4944 0.5056
338 0.4931 0.5069
339 0.4937 0.5063
340 0.4939 0.5061
341 0.4924 0.5076
342 0.4904 0.5096
343 0.4912 0.5088
344 0.4929 0.5071
345 0.4931 0.5069
346 0.4925 0.5075
347 0.4913 0.5087
348 0.4905 0.5095
349 0.4919 0.5081
350 0.4941 0.5059
351 0.4921 0.5079
352 0.4924 0.5076
353 0.4898 0.5102
354 0.4956 0.5044
355 0.4911 0.5089
356 0.4914 0.5086
357 0.493 0.507
358 0.489 0.511
359 0.495 0.505
360 0.4926 0.5074
361 0.4974 0.5026
362 0.4935 0.5065
363 0.4905 0.5095
364 0.4924 0.5076
365 0.4935 0.5065
366 0.4911 0.5089
367 0.4949 0.5051
368 0.4968 0.5032
369 0.4931 0.5069
370 0.4938 0.5062
371 0.4928 0.5072
372 0.4953 0.5047
373 0.4907 0.5093
374 0.4925 0.5075
375 0.4926 0.5074
376 0.493 0.507
377 0.4924 0.5076
378 0.4924 0.5076
379 0.492 0.508
380 0.4895 0.5105
381 0.4901 0.5099
382 0.4916 0.5084
383 0.4869 0.5131
384 0.4923 0.5077
385 0.4951 0.5049
386 0.4921 0.5079
387 0.4904 0.5096
388 0.4916 0.5084
389 0.4941 0.5059
390 0.4901 0.5099
391 0.4917 0.5083
392 0.4938 0.5062
393 0.4933 0.5067
394 0.4908 0.5092
395 0.4931 0.5069
396 0.4959 0.5041
397 0.4914 0.5086
398 0.4926 0.5074
399 0.4937 0.5063
400 0.4909 0.5091
401 0.4918 0.5082
402 0.4906 0.5094
403 0.4875 0.5125
404 0.4915 0.5085
405 0.4918 0.5082
406 0.4896 0.5104
407 0.492 0.508
408 0.4915 0.5085
409 0.4898 0.5102
410 0.4917 0.5083
411 0.4923 0.5077
412 0.491 0.509
413 0.4913 0.5087
414 0.4901 0.5099
415 0.4898 0.5102
416 0.4895 0.5105
417 0.4886 0.5114
418 0.4943 0.5057
419 0.4892 0.5108
420 0.4956 0.5044
421 0.494 0.506
422 0.4909 0.5091
423 0.4914 0.5086
424 0.4957 0.5043
425 0.4918 0.5082
426 0.4909 0.5091
427 0.4915 0.5085
428 0.4904 0.5096
429 0.4923 0.5077
430 0.4902 0.5098
431 0.4926 0.5074
432 0.4901 0.5099
433 0.4899 0.5101
434 0.4893 0.5107
435 0.4915 0.5085
436 0.4943 0.5057
437 0.4918 0.5082
438 0.4946 0.5054
439 0.4925 0.5075
440 0.4895 0.5105
441 0.4908 0.5092
442 0.4919 0.5081
443 0.4917 0.5083
444 0.4939 0.5061
445 0.4917 0.5083
446 0.4883 0.5117
447 0.4919 0.5081
448 0.4935 0.5065
449 0.489 0.511
450 0.49 0.51
451 0.4879 0.5121
452 0.4965 0.5035
453 0.4931 0.5069
454 0.488 0.512
455 0.4959 0.5041
456 0.4899 0.5101
457 0.4937 0.5063
458 0.4921 0.5079
459 0.4929 0.5071
460 0.4898 0.5102
461 0.4899 0.5101
462 0.4911 0.5089
463 0.4918 0.5082
464 0.4936 0.5064
465 0.4967 0.5033
466 0.4927 0.5073
467 0.4932 0.5068
468 0.4928 0.5072
469 0.4872 0.5128
470 0.494 0.506
471 0.4911 0.5089
472 0.4885 0.5115
473 0.4925 0.5075
474 0.4907 0.5093
475 0.492 0.508
476 0.4911 0.5089
477 0.4918 0.5082
478 0.4924 0.5076
479 0.4933 0.5067
480 0.4925 0.5075
481 0.4921 0.5079
482 0.4929 0.5071
483 0.4903 0.5097
484 0.4943 0.5057
485 0.4931 0.5069
486 0.4868 0.5132
487 0.488 0.512
488 0.4939 0.5061
489 0.4914 0.5086
490 0.4919 0.5081
491 0.4944 0.5056
492 0.4922 0.5078
493 0.4878 0.5122
494 0.4865 0.5135
495 0.4886 0.5114
496 0.4913 0.5087
497 0.4924 0.5076
498 0.4905 0.5095
499 0.4906 0.5094
500 0.4946 0.5054
501 0.4915 0.5085
502 0.4905 0.5095
503 0.493 0.507
504 0.4925 0.5075
505 0.4911 0.5089
506 0.4875 0.5125
507 0.4882 0.5118
508 0.4936 0.5064
509 0.4917 0.5083
510 0.4892 0.5108
511 0.4939 0.5061
512 0.4927 0.5073
513 0.4911 0.5089
514 0.4932 0.5068
515 0.4909 0.5091
516 0.4938 0.5062
517 0.4905 0.5095
518 0.4888 0.5112
519 0.4884 0.5116
520 0.4942 0.5058
521 0.4878 0.5122
522 0.4916 0.5084
523 0.4925 0.5075
524 0.4893 0.5107
525 0.4898 0.5102
526 0.4875 0.5125
527 0.4859 0.5141
528 0.4936 0.5064
529 0.491 0.509
530 0.4915 0.5085
531 0.4902 0.5098
532 0.4927 0.5073
533 0.4903 0.5097
534 0.4874 0.5126
535 0.4919 0.5081
536 0.4905 0.5095
537 0.4859 0.5141
538 0.4918 0.5082
539 0.4877 0.5123
540 0.4909 0.5091
541 0.4903 0.5097
542 0.4918 0.5082
543 0.4855 0.5145
544 0.4876 0.5124
545 0.4893 0.5107
546 0.4906 0.5094
547 0.4935 0.5065
548 0.4913 0.5087
549 0.4885 0.5115
550 0.4869 0.5131
551 0.4926 0.5074
552 0.4916 0.5084
553 0.484 0.516
554 0.489 0.511
555 0.4924 0.5076
556 0.4891 0.5109
557 0.4881 0.5119
558 0.4925 0.5075
559 0.4921 0.5079
560 0.4894 0.5106
561 0.4931 0.5069
562 0.4879 0.5121
563 0.4881 0.5119
564 0.4896 0.5104
565 0.4904 0.5096
566 0.4958 0.5042
567 0.4891 0.5109
568 0.4876 0.5124
569 0.49 0.51
570 0.4917 0.5083
571 0.4858 0.5142
572 0.4878 0.5122
573 0.4909 0.5091
574 0.4938 0.5062
575 0.4924 0.5076
576 0.4874 0.5126
577 0.4908 0.5092
578 0.4924 0.5076
579 0.4839 0.5161
580 0.4866 0.5134
581 0.4887 0.5113
582 0.4909 0.5091
583 0.4875 0.5125
584 0.4982 0.5018
585 0.4878 0.5122
586 0.4885 0.5115
587 0.4918 0.5082
588 0.4882 0.5118
589 0.4862 0.5138
590 0.4882 0.5118
591 0.4871 0.5129
592 0.4864 0.5136
593 0.4942 0.5058
594 0.4899 0.5101
595 0.4918 0.5082
596 0.4878 0.5122
597 0.488 0.512
598 0.4929 0.5071
599 0.4953 0.5047
600 0.49 0.51
601 0.4873 0.5127
602 0.4856 0.5144
603 0.4846 0.5154
604 0.4887 0.5113
605 0.4873 0.5127
606 0.4933 0.5067
607 0.4898 0.5102
608 0.4904 0.5096
609 0.491 0.509
610 0.486 0.514
611 0.4871 0.5129
612 0.4876 0.5124
613 0.4902 0.5098
614 0.4946 0.5054
615 0.4937 0.5063
616 0.4886 0.5114
617 0.4855 0.5145
618 0.4906 0.5094
619 0.4881 0.5119
620 0.4905 0.5095
621 0.4867 0.5133
622 0.4882 0.5118
623 0.4902 0.5098
624 0.4873 0.5127
625 0.4901 0.5099
626 0.4913 0.5087
627 0.4921 0.5079
628 0.4843 0.5157
629 0.4913 0.5087
630 0.4886 0.5114
631 0.4904 0.5096
632 0.4909 0.5091
633 0.4881 0.5119
634 0.4945 0.5055
635 0.4919 0.5081
636 0.4871 0.5129
637 0.4888 0.5112
638 0.4877 0.5123
639 0.4901 0.5099
640 0.4904 0.5096
641 0.4874 0.5126
642 0.488 0.512
643 0.4867 0.5133
644 0.4907 0.5093
645 0.4959 0.5041
646 0.4879 0.5121
647 0.4892 0.5108
648 0.489 0.511
649 0.4886 0.5114
650 0.4903 0.5097
651 0.4875 0.5125
652 0.4904 0.5096
653 0.4919 0.5081
654 0.487 0.513
655 0.4827 0.5173
656 0.4902 0.5098
657 0.4934 0.5066
658 0.4884 0.5116
659 0.4874 0.5126
660 0.4854 0.5146
661 0.4909 0.5091
662 0.486 0.514
663 0.4924 0.5076
664 0.4908 0.5092
665 0.4909 0.5091
666 0.4923 0.5077
667 0.4967 0.5033
668 0.4898 0.5102
669 0.4851 0.5149
670 0.4864 0.5136
671 0.4934 0.5066
672 0.4898 0.5102
673 0.486 0.514
674 0.4889 0.5111
675 0.4911 0.5089
676 0.497 0.503
677 0.4887 0.5113
678 0.4932 0.5068
679 0.4857 0.5143
680 0.4937 0.5063
681 0.4865 0.5135
682 0.4945 0.5055
683 0.486 0.514
684 0.4864 0.5136
685 0.4914 0.5086
686 0.4879 0.5121
687 0.4858 0.5142
688 0.4938 0.5062
689 0.4964 0.5036
690 0.4926 0.5074
691 0.489 0.511
692 0.4862 0.5138
693 0.4863 0.5137
694 0.4849 0.5151
695 0.4852 0.5148
696 0.4883 0.5117
697 0.489 0.511
698 0.4927 0.5073
699 0.4934 0.5066
700 0.4853 0.5147
701 0.4934 0.5066
702 0.4867 0.5133
703 0.4848 0.5152
704 0.4894 0.5106
705 0.4897 0.5103
706 0.483 0.517
707 0.4875 0.5125
708 0.4906 0.5094
709 0.4932 0.5068
710 0.4915 0.5085
711 0.4899 0.5101
712 0.4899 0.5101
713 0.4937 0.5063
714 0.4913 0.5087
715 0.4882 0.5118
716 0.4847 0.5153
717 0.4923 0.5077
718 0.4923 0.5077
719 0.4894 0.5106
720 0.4894 0.5106
721 0.4876 0.5124
722 0.491 0.509
723 0.4891 0.5109
724 0.4921 0.5079
725 0.4914 0.5086
726 0.492 0.508
727 0.4889 0.5111
728 0.4882 0.5118
729 0.4875 0.5125
730 0.4894 0.5106
731 0.4923 0.5077
732 0.4878 0.5122
733 0.4895 0.5105
734 0.4835 0.5165
735 0.4922 0.5078
736 0.4883 0.5117
737 0.4881 0.5119
738 0.49 0.51
739 0.492 0.508
740 0.4923 0.5077
741 0.4901 0.5099
742 0.4935 0.5065
743 0.4874 0.5126
744 0.4891 0.5109
745 0.4866 0.5134
746 0.4896 0.5104
747 0.4925 0.5075
748 0.486 0.514
749 0.4879 0.5121
750 0.486 0.514
751 0.4897 0.5103
752 0.4863 0.5137
753 0.4846 0.5154
754 0.4854 0.5146
755 0.4904 0.5096
756 0.4912 0.5088
757 0.4853 0.5147
758 0.4943 0.5057
759 0.4869 0.5131
760 0.4887 0.5113
761 0.4865 0.5135
762 0.4854 0.5146
763 0.4876 0.5124
764 0.4931 0.5069
765 0.4854 0.5146
766 0.4868 0.5132
767 0.4888 0.5112
768 0.4821 0.5179
769 0.4889 0.5111
770 0.4842 0.5158
771 0.4885 0.5115
772 0.4887 0.5113
773 0.4898 0.5102
774 0.4948 0.5052
775 0.4864 0.5136
776 0.4904 0.5096
777 0.4895 0.5105
778 0.4936 0.5064
779 0.4882 0.5118
780 0.4934 0.5066
781 0.4825 0.5175
782 0.4849 0.5151
783 0.4901 0.5099
784 0.4825 0.5175
785 0.4868 0.5132
786 0.4893 0.5107
787 0.4891 0.5109
788 0.4889 0.5111
789 0.4928 0.5072
790 0.489 0.511
791 0.4922 0.5078
792 0.4857 0.5143
793 0.4859 0.5141
794 0.4894 0.5106
795 0.4904 0.5096
796 0.4903 0.5097
797 0.4935 0.5065
798 0.493 0.507
799 0.4827 0.5173
800 0.4801 0.5199
801 0.4941 0.5059
802 0.4903 0.5097
803 0.4829 0.5171
804 0.4882 0.5118
805 0.4892 0.5108
806 0.4969 0.5031
807 0.4903 0.5097
808 0.4865 0.5135
809 0.4873 0.5127
810 0.4853 0.5147
811 0.4962 0.5038
812 0.488 0.512
813 0.4914 0.5086
814 0.4901 0.5099
815 0.4949 0.5051
816 0.492 0.508
817 0.4897 0.5103
818 0.4868 0.5132
819 0.491 0.509
820 0.4855 0.5145
821 0.493 0.507
822 0.4836 0.5164
823 0.4859 0.5141
824 0.4906 0.5094
825 0.4937 0.5063
826 0.4888 0.5112
827 0.4854 0.5146
828 0.4837 0.5163
829 0.4911 0.5089
830 0.4876 0.5124
831 0.4913 0.5087
832 0.4849 0.5151
833 0.4903 0.5097
834 0.4871 0.5129
835 0.4828 0.5172
836 0.4974 0.5026
837 0.4894 0.5106
838 0.4943 0.5057
839 0.4911 0.5089
840 0.4883 0.5117
841 0.4888 0.5112
842 0.4922 0.5078
843 0.484 0.516
844 0.4869 0.5131
845 0.4793 0.5207
846 0.4987 0.5013
847 0.488 0.512
848 0.4931 0.5069
849 0.4908 0.5092
850 0.4942 0.5058
851 0.4909 0.5091
852 0.4891 0.5109
853 0.4856 0.5144
854 0.4924 0.5076
855 0.496 0.504
856 0.4945 0.5055
857 0.491 0.509
858 0.4862 0.5138
859 0.4834 0.5166
860 0.4886 0.5114
861 0.4973 0.5027
862 0.4873 0.5127
863 0.4863 0.5137
864 0.4937 0.5063
865 0.483 0.517
866 0.4904 0.5096
867 0.4927 0.5073
868 0.4876 0.5124
869 0.4854 0.5146
870 0.4897 0.5103
871 0.4906 0.5094
872 0.4926 0.5074
873 0.4854 0.5146
874 0.4934 0.5066
875 0.4894 0.5106
876 0.4928 0.5072
877 0.487 0.513
878 0.4846 0.5154
879 0.494 0.506
880 0.4926 0.5074
881 0.488 0.512
882 0.4896 0.5104
883 0.4869 0.5131
884 0.4823 0.5177
885 0.4954 0.5046
886 0.483 0.517
887 0.4867 0.5133
888 0.4902 0.5098
889 0.4864 0.5136
890 0.4844 0.5156
891 0.4899 0.5101
892 0.4934 0.5066
893 0.4897 0.5103
894 0.4936 0.5064
895 0.4889 0.5111
896 0.4887 0.5113
897 0.491 0.509
898 0.4804 0.5196
899 0.4879 0.5121
900 0.4829 0.5171
901 0.4856 0.5144
902 0.4942 0.5058
903 0.4907 0.5093
904 0.4912 0.5088
905 0.4904 0.5096
906 0.4859 0.5141
907 0.4857 0.5143
908 0.4857 0.5143
909 0.4802 0.5198
910 0.488 0.512
911 0.4902 0.5098
912 0.4826 0.5174
913 0.4817 0.5183
914 0.4862 0.5138
915 0.4812 0.5188
916 0.4899 0.5101
917 0.4783 0.5217
918 0.4879 0.5121
919 0.491 0.509
920 0.4932 0.5068
921 0.4864 0.5136
922 0.4866 0.5134
923 0.4897 0.5103
924 0.49 0.51
925 0.4843 0.5157
926 0.4822 0.5178
927 0.4829 0.5171
928 0.4866 0.5134
929 0.482 0.518
930 0.4862 0.5138
931 0.4907 0.5093
932 0.4962 0.5038
933 0.4943 0.5057
934 0.4886 0.5114
935 0.4883 0.5117
936 0.4868 0.5132
937 0.4918 0.5082
938 0.4823 0.5177
939 0.4924 0.5076
940 0.4881 0.5119
941 0.489 0.511
942 0.4846 0.5154
943 0.4832 0.5168
944 0.4903 0.5097
945 0.4882 0.5118
946 0.485 0.515
947 0.4883 0.5117
948 0.4817 0.5183
949 0.4905 0.5095
950 0.4874 0.5126
951 0.4955 0.5045
952 0.487 0.513
953 0.4968 0.5032
954 0.495 0.505
955 0.4817 0.5183
956 0.4906 0.5094
957 0.4805 0.5195
958 0.4914 0.5086
959 0.4848 0.5152
960 0.4932 0.5068
961 0.4896 0.5104
962 0.4908 0.5092
963 0.4879 0.5121
964 0.4785 0.5215
965 0.4922 0.5078
966 0.497 0.503
967 0.4919 0.5081
968 0.4876 0.5124
969 0.4813 0.5187
970 0.4953 0.5047
971 0.4813 0.5187
972 0.4875 0.5125
973 0.4857 0.5143
974 0.4887 0.5113
975 0.4817 0.5183
976 0.4806 0.5194
977 0.4849 0.5151
978 0.4915 0.5085
979 0.4912 0.5088
980 0.4912 0.5088
981 0.4882 0.5118
982 0.4883 0.5117
983 0.4927 0.5073
984 0.4806 0.5194
985 0.4809 0.5191
986 0.4975 0.5025
987 0.4884 0.5116
988 0.4969 0.5031
989 0.4833 0.5167
990 0.4801 0.5199
991 0.5003 0.4997
992 0.4931 0.5069
993 0.4791 0.5209
994 0.4746 0.5254
995 0.4998 0.5002
996 0.4864 0.5136
997 0.4853 0.5147
998 0.49 0.51
999 0.4881 0.5119
1000 0.4823 0.5177
1001 0.4925 0.5075
1002 0.4849 0.5151
1003 0.4817 0.5183
1004 0.4919 0.5081
1005 0.4842 0.5158
1006 0.4961 0.5039
1007 0.4812 0.5188
1008 0.4866 0.5134
1009 0.4822 0.5178
1010 0.4865 0.5135
1011 0.4836 0.5164
1012 0.491 0.509
1013 0.4974 0.5026
1014 0.4843 0.5157
1015 0.4849 0.5151
1016 0.4887 0.5113
1017 0.4825 0.5175
1018 0.4914 0.5086
1019 0.4884 0.5116
1020 0.4783 0.5217
1021 0.49 0.51
1022 0.491 0.509
1023 0.4891 0.5109
1024 0.4922 0.5078
1025 0.4881 0.5119
1026 0.4806 0.5194
1027 0.4761 0.5239
1028 0.4943 0.5057
1029 0.5036 0.4964
1030 0.4693 0.5307
1031 0.4994 0.5006
1032 0.4862 0.5138
1033 0.5007 0.4993
1034 0.4865 0.5135
1035 0.4887 0.5113
1036 0.4787 0.5213
1037 0.4855 0.5145
1038 0.4889 0.5111
1039 0.4973 0.5027
1040 0.479 0.521
1041 0.4801 0.5199
1042 0.4828 0.5172
1043 0.4966 0.5034
1044 0.4834 0.5166
1045 0.47 0.53
1046 0.4848 0.5152
1047 0.4848 0.5152
1048 0.4962 0.5038
1049 0.49 0.51
1050 0.4976 0.5024
1051 0.4774 0.5226
1052 0.486 0.514
1053 0.4918 0.5082
1054 0.4811 0.5189
1055 0.4809 0.5191
1056 0.481 0.519
1057 0.4889 0.5111
1058 0.4927 0.5073
1059 0.4957 0.5043
1060 0.4919 0.5081
1061 0.4892 0.5108
1062 0.493 0.507
1063 0.498 0.502
1064 0.4856 0.5144
1065 0.4836 0.5164
1066 0.4884 0.5116
1067 0.4901 0.5099
1068 0.4962 0.5038
1069 0.4879 0.5121
1070 0.4881 0.5119
1071 0.4777 0.5223
1072 0.4929 0.5071
1073 0.4746 0.5254
1074 0.4949 0.5051
1075 0.4764 0.5236
1076 0.494 0.506
1077 0.4808 0.5192
1078 0.4865 0.5135
1079 0.4888 0.5112
1080 0.4891 0.5109
1081 0.4861 0.5139
1082 0.4861 0.5139
1083 0.4965 0.5035
1084 0.4882 0.5118
1085 0.4846 0.5154
1086 0.492 0.508
1087 0.4776 0.5224
1088 0.4948 0.5052
1089 0.4913 0.5087
1090 0.4771 0.5229
1091 0.4935 0.5065
1092 0.509 0.491
1093 0.487 0.513
1094 0.5001 0.4999
1095 0.489 0.511
1096 0.4784 0.5216
1097 0.4987 0.5013
1098 0.4926 0.5074
1099 0.4795 0.5205
1100 0.4905 0.5095
1101 0.4852 0.5148
1102 0.4853 0.5147
1103 0.4876 0.5124
1104 0.4889 0.5111
1105 0.4807 0.5193
1106 0.481 0.519
1107 0.4775 0.5225
1108 0.4914 0.5086
1109 0.4895 0.5105
1110 0.4879 0.5121
1111 0.4854 0.5146
1112 0.4791 0.5209
1113 0.4799 0.5201
1114 0.4786 0.5214
1115 0.4843 0.5157
1116 0.4778 0.5222
1117 0.4956 0.5044
1118 0.4892 0.5108
1119 0.4864 0.5136
1120 0.4877 0.5123
1121 0.4773 0.5227
1122 0.485 0.515
1123 0.4883 0.5117
1124 0.4919 0.5081
1125 0.4953 0.5047
1126 0.4789 0.5211
1127 0.4998 0.5002
1128 0.4858 0.5142
1129 0.4798 0.5202
1130 0.4858 0.5142
1131 0.4892 0.5108
1132 0.4758 0.5242
1133 0.4836 0.5164
1134 0.4874 0.5126
1135 0.4868 0.5132
1136 0.4877 0.5123
1137 0.4815 0.5185
1138 0.4945 0.5055
1139 0.483 0.517
1140 0.4861 0.5139
1141 0.4938 0.5062
1142 0.4886 0.5114
1143 0.4821 0.5179
1144 0.4812 0.5188
1145 0.4794 0.5206
1146 0.4819 0.5181
1147 0.4875 0.5125
1148 0.4887 0.5113
1149 0.4775 0.5225
1150 0.4757 0.5243
1151 0.495 0.505
1152 0.4967 0.5033
1153 0.4832 0.5168
1154 0.4943 0.5057
1155 0.487 0.513
1156 0.4792 0.5208
1157 0.4896 0.5104
1158 0.4934 0.5066
1159 0.4858 0.5142
1160 0.484 0.516
1161 0.4817 0.5183
1162 0.4882 0.5118
1163 0.4853 0.5147
1164 0.4885 0.5115
1165 0.4974 0.5026
1166 0.493 0.507
1167 0.4931 0.5069
1168 0.4836 0.5164
1169 0.5025 0.4975
1170 0.4899 0.5101
1171 0.488 0.512
1172 0.5012 0.4988
1173 0.4806 0.5194
1174 0.4945 0.5055
1175 0.4908 0.5092
1176 0.4838 0.5162
1177 0.4871 0.5129
1178 0.4841 0.5159
1179 0.4817 0.5183
1180 0.4888 0.5112
1181 0.4912 0.5088
1182 0.4795 0.5205
1183 0.4879 0.5121
1184 0.4744 0.5256
1185 0.4918 0.5082
1186 0.4737 0.5263
1187 0.4901 0.5099
1188 0.4882 0.5118
1189 0.4897 0.5103
1190 0.4914 0.5086
1191 0.4838 0.5162
1192 0.479 0.521
1193 0.4775 0.5225
1194 0.475 0.525
1195 0.4907 0.5093
1196 0.4913 0.5087
1197 0.477 0.523
1198 0.5001 0.4999
1199 0.4884 0.5116
1200 0.4875 0.5125
1201 0.4892 0.5108
1202 0.4802 0.5198
1203 0.4877 0.5123
1204 0.4879 0.5121
1205 0.4794 0.5206
1206 0.4712 0.5288
1207 0.4828 0.5172
1208 0.4862 0.5138
1209 0.4882 0.5118
1210 0.4859 0.5141
1211 0.4898 0.5102
1212 0.4872 0.5128
1213 0.4894 0.5106
1214 0.4899 0.5101
1215 0.4915 0.5085
1216 0.4736 0.5264
1217 0.493 0.507
1218 0.4947 0.5053
1219 0.4926 0.5074
1220 0.4805 0.5195
1221 0.4906 0.5094
1222 0.4836 0.5164
1223 0.4795 0.5205
1224 0.4878 0.5122
1225 0.4778 0.5222
1226 0.4908 0.5092
1227 0.4768 0.5232
1228 0.4935 0.5065
1229 0.4849 0.5151
1230 0.4771 0.5229
1231 0.4795 0.5205
1232 0.4867 0.5133
1233 0.4873 0.5127
1234 0.4765 0.5235
1235 0.4777 0.5223
1236 0.4793 0.5207
1237 0.4938 0.5062
1238 0.4883 0.5117
1239 0.4924 0.5076
1240 0.4914 0.5086
1241 0.4831 0.5169
1242 0.4816 0.5184
1243 0.4848 0.5152
1244 0.4949 0.5051
1245 0.4813 0.5187
1246 0.4931 0.5069
1247 0.4867 0.5133
1248 0.495 0.505
1249 0.4912 0.5088
1250 0.4792 0.5208
1251 0.4918 0.5082
1252 0.494 0.506
1253 0.4927 0.5073
1254 0.4924 0.5076
1255 0.4927 0.5073
1256 0.4866 0.5134
1257 0.501 0.499
1258 0.4879 0.5121
1259 0.4963 0.5037
1260 0.4902 0.5098
1261 0.496 0.504
1262 0.4901 0.5099
1263 0.4885 0.5115
1264 0.4856 0.5144
1265 0.5007 0.4993
1266 0.4823 0.5177
1267 0.4884 0.5116
1268 0.4838 0.5162
1269 0.4836 0.5164
1270 0.4746 0.5254
1271 0.4873 0.5127
1272 0.4884 0.5116
1273 0.4944 0.5056
1274 0.4781 0.5219
1275 0.4921 0.5079
1276 0.4844 0.5156
1277 0.496 0.504
1278 0.4848 0.5152
1279 0.482 0.518
1280 0.4808 0.5192
1281 0.4998 0.5002
1282 0.481 0.519
1283 0.4781 0.5219
1284 0.499 0.501
1285 0.4805 0.5195
1286 0.4874 0.5126
1287 0.4796 0.5204
1288 0.4846 0.5154
1289 0.4981 0.5019
1290 0.4825 0.5175
1291 0.4907 0.5093
1292 0.4767 0.5233
1293 0.4849 0.5151
1294 0.4845 0.5155
1295 0.4853 0.5147
1296 0.4827 0.5173
1297 0.4828 0.5172
1298 0.4876 0.5124
1299 0.4831 0.5169
1300 0.497 0.503
1301 0.4928 0.5072
1302 0.4871 0.5129
1303 0.4921 0.5079
1304 0.4872 0.5128
1305 0.4734 0.5266
1306 0.4983 0.5017
1307 0.4794 0.5206
1308 0.4827 0.5173
1309 0.4861 0.5139
1310 0.494 0.506
1311 0.4897 0.5103
1312 0.5057 0.4943
1313 0.4846 0.5154
1314 0.4835 0.5165
1315 0.4897 0.5103
1316 0.4845 0.5155
1317 0.4842 0.5158
1318 0.4865 0.5135
1319 0.4982 0.5018
1320 0.4873 0.5127
1321 0.4937 0.5063
1322 0.4787 0.5213
1323 0.4867 0.5133
1324 0.4777 0.5223
1325 0.4815 0.5185
1326 0.4862 0.5138
1327 0.4942 0.5058
1328 0.4828 0.5172
1329 0.4999 0.5001
1330 0.4851 0.5149
1331 0.4678 0.5322
1332 0.482 0.518
1333 0.4795 0.5205
1334 0.4976 0.5024
1335 0.4953 0.5047
1336 0.49 0.51
1337 0.488 0.512
1338 0.4978 0.5022
1339 0.4806 0.5194
1340 0.4893 0.5107
1341 0.4889 0.5111
1342 0.5007 0.4993
1343 0.4832 0.5168
1344 0.4926 0.5074
1345 0.5027 0.4973
1346 0.4688 0.5312
1347 0.4834 0.5166
1348 0.4895 0.5105
1349 0.4823 0.5177
1350 0.4847 0.5153
1351 0.4753 0.5247
1352 0.4827 0.5173
1353 0.4886 0.5114
1354 0.4868 0.5132
1355 0.4827 0.5173
1356 0.4986 0.5014
1357 0.4794 0.5206
1358 0.4788 0.5212
1359 0.4969 0.5031
1360 0.4965 0.5035
1361 0.4811 0.5189
1362 0.4857 0.5143
1363 0.4939 0.5061
1364 0.4831 0.5169
1365 0.4893 0.5107
1366 0.501 0.499
1367 0.4848 0.5152
1368 0.4779 0.5221
1369 0.4842 0.5158
1370 0.4846 0.5154
1371 0.4909 0.5091
1372 0.4949 0.5051
1373 0.4897 0.5103
1374 0.4735 0.5265
1375 0.4772 0.5228
1376 0.4828 0.5172
1377 0.4904 0.5096
1378 0.5054 0.4946
1379 0.4966 0.5034
1380 0.4743 0.5257
1381 0.4845 0.5155
1382 0.494 0.506
1383 0.4899 0.5101
1384 0.4978 0.5022
1385 0.4934 0.5066
1386 0.4733 0.5267
1387 0.4886 0.5114
1388 0.4874 0.5126
1389 0.4797 0.5203
1390 0.4907 0.5093
1391 0.4845 0.5155
1392 0.4781 0.5219
1393 0.4745 0.5255
1394 0.4719 0.5281
1395 0.4818 0.5182
1396 0.4674 0.5326
1397 0.4748 0.5252
1398 0.4874 0.5126
1399 0.4883 0.5117
1400 0.4937 0.5063
1401 0.4852 0.5148
1402 0.4939 0.5061
1403 0.4851 0.5149
1404 0.5009 0.4991
1405 0.4851 0.5149
1406 0.4981 0.5019
1407 0.4824 0.5176
1408 0.4837 0.5163
1409 0.4908 0.5092
1410 0.4707 0.5293
1411 0.5023 0.4977
1412 0.4828 0.5172
1413 0.4974 0.5026
1414 0.5007 0.4993
1415 0.4778 0.5222
1416 0.4822 0.5178
1417 0.4826 0.5174
1418 0.4713 0.5287
1419 0.4706 0.5294
1420 0.4836 0.5164
1421 0.4776 0.5224
1422 0.4803 0.5197
1423 0.4864 0.5136
1424 0.4828 0.5172
1425 0.4865 0.5135
1426 0.4932 0.5068
1427 0.4621 0.5379
1428 0.4666 0.5334
1429 0.4924 0.5076
1430 0.4754 0.5246
1431 0.5009 0.4991
1432 0.4753 0.5247
1433 0.4848 0.5152
1434 0.4921 0.5079
1435 0.4824 0.5176
1436 0.4869 0.5131
1437 0.4778 0.5222
1438 0.4879 0.5121
1439 0.4788 0.5212
1440 0.474 0.526
1441 0.489 0.511
1442 0.4851 0.5149
1443 0.4922 0.5078
1444 0.4723 0.5277
1445 0.4751 0.5249
1446 0.4757 0.5243
1447 0.4897 0.5103
1448 0.4894 0.5106
1449 0.4779 0.5221
1450 0.4879 0.5121
1451 0.4668 0.5332
1452 0.4854 0.5146
1453 0.508 0.492
1454 0.474 0.526
1455 0.4892 0.5108
1456 0.4926 0.5074
1457 0.4792 0.5208
1458 0.4815 0.5185
1459 0.4857 0.5143
1460 0.4683 0.5317
1461 0.474 0.526
1462 0.483 0.517
1463 0.5012 0.4988
1464 0.4911 0.5089
1465 0.4909 0.5091
1466 0.4871 0.5129
1467 0.4902 0.5098
1468 0.4744 0.5256
1469 0.477 0.523
1470 0.4737 0.5263
1471 0.4826 0.5174
1472 0.4839 0.5161
1473 0.4658 0.5342
1474 0.4946 0.5054
1475 0.499 0.501
1476 0.5002 0.4998
1477 0.4832 0.5168
1478 0.4935 0.5065
1479 0.4996 0.5004
1480 0.4904 0.5096
1481 0.4681 0.5319
1482 0.4889 0.5111
1483 0.4791 0.5209
1484 0.4679 0.5321
1485 0.5095 0.4905
1486 0.4832 0.5168
1487 0.4928 0.5072
1488 0.4927 0.5073
1489 0.4748 0.5252
1490 0.5 0.5
1491 0.4797 0.5203
1492 0.466 0.534
1493 0.4771 0.5229
1494 0.4896 0.5104
1495 0.487 0.513
1496 0.4681 0.5319
1497 0.4812 0.5188
1498 0.4916 0.5084
1499 0.483 0.517
1500 0.5049 0.4951
1501 0.4748 0.5252
1502 0.4882 0.5118
1503 0.5019 0.4981
1504 0.4868 0.5132
1505 0.4784 0.5216
1506 0.478 0.522
1507 0.4764 0.5236
1508 0.4958 0.5042
1509 0.497 0.503
1510 0.4979 0.5021
1511 0.4929 0.5071
1512 0.4672 0.5328
1513 0.4732 0.5268
1514 0.4818 0.5182
1515 0.5071 0.4929
1516 0.4716 0.5284
1517 0.4747 0.5253
1518 0.497 0.503
1519 0.4705 0.5295
1520 0.5041 0.4959
1521 0.4854 0.5146
1522 0.4856 0.5144
1523 0.4701 0.5299
1524 0.4739 0.5261
1525 0.4634 0.5366
1526 0.4822 0.5178
1527 0.4707 0.5293
1528 0.4635 0.5365
1529 0.4997 0.5003
1530 0.4957 0.5043
1531 0.4844 0.5156
1532 0.4825 0.5175
1533 0.4883 0.5117
1534 0.4934 0.5066
1535 0.4939 0.5061
1536 0.506 0.494
1537 0.4872 0.5128
1538 0.4998 0.5002
1539 0.4888 0.5112
1540 0.47 0.53
1541 0.4927 0.5073
1542 0.4745 0.5255
1543 0.4893 0.5107
1544 0.4705 0.5295
1545 0.462 0.538
1546 0.5055 0.4945
1547 0.4941 0.5059
1548 0.4877 0.5123
1549 0.4894 0.5106
1550 0.4729 0.5271
1551 0.4886 0.5114
1552 0.486 0.514
1553 0.5055 0.4945
1554 0.4774 0.5226
1555 0.4701 0.5299
1556 0.5052 0.4948
1557 0.4932 0.5068
1558 0.4987 0.5013
1559 0.4777 0.5223
1560 0.4944 0.5056
1561 0.4936 0.5064
1562 0.5005 0.4995
1563 0.4975 0.5025
1564 0.4823 0.5177
1565 0.4791 0.5209
1566 0.4838 0.5162
1567 0.493 0.507
1568 0.5018 0.4982
1569 0.4832 0.5168
1570 0.493 0.507
1571 0.4981 0.5019
1572 0.4835 0.5165
1573 0.47 0.53
1574 0.4894 0.5106
1575 0.4861 0.5139
1576 0.4805 0.5195
1577 0.4906 0.5094
1578 0.4754 0.5246
1579 0.4821 0.5179
1580 0.4803 0.5197
1581 0.4806 0.5194
1582 0.4942 0.5058
1583 0.4973 0.5027
1584 0.5008 0.4992
1585 0.4734 0.5266
1586 0.487 0.513
1587 0.4907 0.5093
1588 0.4776 0.5224
1589 0.485 0.515
1590 0.482 0.518
1591 0.4899 0.5101
1592 0.4989 0.5011
1593 0.4949 0.5051
1594 0.4802 0.5198
1595 0.4836 0.5164
1596 0.4734 0.5266
1597 0.4756 0.5244
1598 0.4928 0.5072
1599 0.4944 0.5056
1600 0.4919 0.5081
1601 0.4756 0.5244
1602 0.4811 0.5189
1603 0.4902 0.5098
1604 0.4856 0.5144
1605 0.4813 0.5187
1606 0.4633 0.5367
1607 0.5118 0.4882
1608 0.4823 0.5177
1609 0.4915 0.5085
1610 0.4783 0.5217
1611 0.4796 0.5204
1612 0.5037 0.4963
1613 0.4799 0.5201
1614 0.4814 0.5186
1615 0.5099 0.4901
1616 0.4854 0.5146
1617 0.4821 0.5179
1618 0.4841 0.5159
1619 0.494 0.506
1620 0.4911 0.5089
1621 0.4808 0.5192
1622 0.4861 0.5139
1623 0.5025 0.4975
1624 0.4984 0.5016
1625 0.4827 0.5173
1626 0.5023 0.4977
1627 0.4814 0.5186
1628 0.4807 0.5193
1629 0.4803 0.5197
1630 0.4838 0.5162
1631 0.4731 0.5269
1632 0.4954 0.5046
1633 0.4997 0.5003
1634 0.4997 0.5003
1635 0.4842 0.5158
1636 0.5012 0.4988
1637 0.4831 0.5169
1638 0.4951 0.5049
1639 0.4938 0.5062
1640 0.5006 0.4994
1641 0.4868 0.5132
1642 0.4719 0.5281
1643 0.4855 0.5145
1644 0.4803 0.5197
1645 0.4649 0.5351
1646 0.4912 0.5088
1647 0.4908 0.5092
1648 0.4698 0.5302
1649 0.5061 0.4939
1650 0.4675 0.5325
1651 0.5084 0.4916
1652 0.4834 0.5166
1653 0.4637 0.5363
1654 0.4791 0.5209
1655 0.4645 0.5355
1656 0.4799 0.5201
1657 0.4955 0.5045
1658 0.476 0.524
1659 0.481 0.519
1660 0.4857 0.5143
1661 0.4933 0.5067
1662 0.5076 0.4924
1663 0.4941 0.5059
1664 0.4692 0.5308
1665 0.4861 0.5139
1666 0.4776 0.5224
1667 0.4461 0.5539
1668 0.463 0.537
1669 0.4847 0.5153
1670 0.4387 0.5613
1671 0.5216 0.4784
1672 0.4863 0.5137
1673 0.4693 0.5307
1674 0.5014 0.4986
1675 0.4703 0.5297
1676 0.4922 0.5078
1677 0.4448 0.5552
1678 0.4909 0.5091
1679 0.4776 0.5224
1680 0.4745 0.5255
1681 0.4755 0.5245
1682 0.4807 0.5193
1683 0.4842 0.5158
1684 0.4585 0.5415
1685 0.4814 0.5186
1686 0.4919 0.5081
1687 0.4808 0.5192
1688 0.4867 0.5133
1689 0.4929 0.5071
1690 0.4585 0.5415
1691 0.4868 0.5132
1692 0.5143 0.4857
1693 0.5102 0.4898
1694 0.4775 0.5225
1695 0.5058 0.4942
1696 0.47 0.53
1697 0.4756 0.5244
1698 0.4952 0.5048
1699 0.4853 0.5147
1700 0.4951 0.5049
1701 0.502 0.498
1702 0.4924 0.5076
1703 0.4947 0.5053
1704 0.512 0.488
1705 0.4903 0.5097
1706 0.4862 0.5138
1707 0.5088 0.4912
1708 0.5033 0.4967
1709 0.495 0.505
1710 0.4779 0.5221
1711 0.4824 0.5176
1712 0.4862 0.5138
1713 0.5008 0.4992
1714 0.4593 0.5407
1715 0.4895 0.5105
1716 0.479 0.521
1717 0.4838 0.5162
1718 0.4866 0.5134
1719 0.4877 0.5123
1720 0.4988 0.5012
1721 0.4741 0.5259
1722 0.4988 0.5012
1723 0.4728 0.5272
1724 0.4983 0.5017
1725 0.4545 0.5455
1726 0.5013 0.4987
1727 0.4799 0.5201
1728 0.5 0.5
1729 0.4947 0.5053
1730 0.5117 0.4883
1731 0.4957 0.5043
1732 0.4795 0.5205
1733 0.5034 0.4966
1734 0.4827 0.5173
1735 0.4978 0.5022
1736 0.4876 0.5124
1737 0.4931 0.5069
1738 0.4896 0.5104
1739 0.4886 0.5114
1740 0.4716 0.5284
1741 0.4847 0.5153
1742 0.5065 0.4935
1743 0.495 0.505
1744 0.4887 0.5113
1745 0.4857 0.5143
1746 0.4844 0.5156
1747 0.4885 0.5115
1748 0.4682 0.5318
1749 0.5067 0.4933
1750 0.4813 0.5187
1751 0.4665 0.5335
1752 0.4675 0.5325
1753 0.5094 0.4906
1754 0.5043 0.4957
1755 0.4795 0.5205
1756 0.4889 0.5111
1757 0.4823 0.5177
1758 0.4725 0.5275
1759 0.4532 0.5468
1760 0.4684 0.5316
1761 0.4843 0.5157
1762 0.4827 0.5173
1763 0.479 0.521
1764 0.4896 0.5104
1765 0.4822 0.5178
1766 0.4991 0.5009
1767 0.4893 0.5107
1768 0.4652 0.5348
1769 0.4753 0.5247
1770 0.4715 0.5285
1771 0.4793 0.5207
1772 0.4757 0.5243
1773 0.4969 0.5031
1774 0.4881 0.5119
1775 0.4844 0.5156
1776 0.4891 0.5109
1777 0.5073 0.4927
1778 0.5005 0.4995
1779 0.4828 0.5172
1780 0.4657 0.5343
1781 0.4809 0.5191
1782 0.4802 0.5198
1783 0.5065 0.4935
1784 0.4952 0.5048
1785 0.4664 0.5336
1786 0.4838 0.5162
1787 0.5025 0.4975
1788 0.4944 0.5056
1789 0.5044 0.4956
1790 0.5005 0.4995
1791 0.4848 0.5152
1792 0.4496 0.5504
1793 0.4874 0.5126
1794 0.4995 0.5005
1795 0.509 0.491
1796 0.474 0.526
1797 0.4815 0.5185
1798 0.4864 0.5136
1799 0.4947 0.5053
1800 0.5046 0.4954
1801 0.4616 0.5384
1802 0.4811 0.5189
1803 0.4723 0.5277
1804 0.4896 0.5104
1805 0.4772 0.5228
1806 0.5077 0.4923
1807 0.4832 0.5168
1808 0.4848 0.5152
1809 0.4773 0.5227
1810 0.4851 0.5149
1811 0.4686 0.5314
1812 0.4596 0.5404
1813 0.4684 0.5316
1814 0.4675 0.5325
1815 0.4904 0.5096
1816 0.4781 0.5219
1817 0.4898 0.5102
1818 0.4696 0.5304
1819 0.4897 0.5103
1820 0.4842 0.5158
1821 0.4954 0.5046
1822 0.4885 0.5115
1823 0.5103 0.4897
1824 0.4766 0.5234
1825 0.4844 0.5156
1826 0.4526 0.5474
1827 0.4639 0.5361
1828 0.4933 0.5067
1829 0.5059 0.4941
1830 0.5028 0.4972
1831 0.4846 0.5154
1832 0.4663 0.5337
1833 0.4537 0.5463
1834 0.5236 0.4764
1835 0.4878 0.5122
1836 0.4988 0.5012
1837 0.5063 0.4937
1838 0.4916 0.5084
1839 0.4385 0.5615
1840 0.4786 0.5214
1841 0.4792 0.5208
1842 0.507 0.493
1843 0.4994 0.5006
1844 0.4613 0.5387
1845 0.4614 0.5386
1846 0.4672 0.5328
1847 0.4769 0.5231
1848 0.4826 0.5174
1849 0.5082 0.4918
1850 0.4722 0.5278
1851 0.481 0.519
1852 0.4717 0.5283
1853 0.4866 0.5134
1854 0.4688 0.5312
1855 0.5368 0.4632
1856 0.4872 0.5128
1857 0.5054 0.4946
1858 0.4722 0.5278
1859 0.4929 0.5071
1860 0.4755 0.5245
1861 0.5006 0.4994
1862 0.4505 0.5495
1863 0.49 0.51
1864 0.5038 0.4962
1865 0.4944 0.5056
1866 0.4673 0.5327
1867 0.4879 0.5121
1868 0.4803 0.5197
1869 0.4772 0.5228
1870 0.483 0.517
1871 0.4766 0.5234
1872 0.5121 0.4879
1873 0.4814 0.5186
1874 0.4751 0.5249
1875 0.5097 0.4903
1876 0.4981 0.5019
1877 0.472 0.528
1878 0.4824 0.5176
1879 0.4864 0.5136
1880 0.4962 0.5038
1881 0.4881 0.5119
1882 0.4863 0.5137
1883 0.5081 0.4919
1884 0.5243 0.4757
1885 0.4705 0.5295
1886 0.4774 0.5226
1887 0.4853 0.5147
1888 0.4901 0.5099
1889 0.4678 0.5322
1890 0.4851 0.5149
1891 0.4948 0.5052
1892 0.5 0.5
1893 0.4873 0.5127
1894 0.5044 0.4956
1895 0.4936 0.5064
1896 0.498 0.502
1897 0.4611 0.5389
1898 0.4707 0.5293
1899 0.4425 0.5575
1900 0.4724 0.5276
1901 0.4646 0.5354
1902 0.5119 0.4881
1903 0.4949 0.5051
1904 0.4688 0.5312
1905 0.4813 0.5187
1906 0.5058 0.4942
1907 0.4724 0.5276
1908 0.5008 0.4992
1909 0.506 0.494
1910 0.5059 0.4941
1911 0.4739 0.5261
1912 0.451 0.549
1913 0.4673 0.5327
1914 0.4646 0.5354
1915 0.5069 0.4931
1916 0.4932 0.5068
1917 0.4711 0.5289
1918 0.4666 0.5334
1919 0.5213 0.4787
1920 0.4786 0.5214
1921 0.515 0.485
1922 0.4745 0.5255
1923 0.5186 0.4814
1924 0.507 0.493
1925 0.4312 0.5688
1926 0.4695 0.5305
1927 0.4933 0.5067
1928 0.485 0.515
1929 0.52 0.48
1930 0.4791 0.5209
1931 0.4845 0.5155
1932 0.473 0.527
1933 0.4814 0.5186
1934 0.4967 0.5033
1935 0.4721 0.5279
1936 0.466 0.534
1937 0.515 0.485
1938 0.4939 0.5061
1939 0.4692 0.5308
1940 0.5125 0.4875
1941 0.4619 0.5381
1942 0.4832 0.5168
1943 0.4947 0.5053
1944 0.4389 0.5611
1945 0.4436 0.5564
1946 0.5105 0.4895
1947 0.49 0.51
1948 0.474 0.526
1949 0.5184 0.4816
1950 0.467 0.533
1951 0.4901 0.5099
1952 0.5 0.5
1953 0.5009 0.4991
1954 0.488 0.512
1955 0.4774 0.5226
1956 0.4894 0.5106
1957 0.5078 0.4922
1958 0.4795 0.5205
1959 0.4861 0.5139
1960 0.4921 0.5079
1961 0.4735 0.5265
1962 0.4902 0.5098
1963 0.4891 0.5109
1964 0.5 0.5
1965 0.4733 0.5267
1966 0.4841 0.5159
1967 0.4841 0.5159
1968 0.4909 0.5091
1969 0.4925 0.5075
1970 0.4878 0.5122
1971 0.5043 0.4957
1972 0.4676 0.5324
1973 0.5075 0.4925
1974 0.5072 0.4928
1975 0.4792 0.5208
1976 0.463 0.537
1977 0.4606 0.5394
1978 0.499 0.501
1979 0.4925 0.5075
1980 0.4808 0.5192
1981 0.4934 0.5066
1982 0.498 0.502
1983 0.464 0.536
1984 0.4972 0.5028
1985 0.4509 0.5491
1986 0.488 0.512
1987 0.5325 0.4675
1988 0.452 0.548
1989 0.4693 0.5307
1990 0.4728 0.5272
1991 0.474 0.526
1992 0.4646 0.5354
1993 0.4795 0.5205
1994 0.4907 0.5093
1995 0.4589 0.5411
1996 0.4927 0.5073
1997 0.4728 0.5272
1998 0.4941 0.5059
1999 0.4714 0.5286
2000 0.5227 0.4773
2001 0.4974 0.5026
2002 0.4879 0.5121
2003 0.4813 0.5187
2004 0.4903 0.5097
2005 0.457 0.543
2006 0.4951 0.5049
2007 0.4887 0.5113
2008 0.4768 0.5232
2009 0.4749 0.5251
2010 0.465 0.535
2011 0.4959 0.5041
2012 0.4867 0.5133
2013 0.5322 0.4678
2014 0.4754 0.5246
2015 0.4498 0.5502
2016 0.4979 0.5021
2017 0.4506 0.5494
2018 0.4913 0.5087
2019 0.493 0.507
2020 0.4927 0.5073
2021 0.501 0.499
2022 0.4969 0.5031
2023 0.4967 0.5033
2024 0.5182 0.4818
2025 0.4684 0.5316
2026 0.5021 0.4979
2027 0.505 0.495
2028 0.5518 0.4482
2029 0.4772 0.5228
2030 0.4562 0.5438
2031 0.4727 0.5273
2032 0.4602 0.5398
2033 0.4927 0.5073
2034 0.5268 0.4732
2035 0.488 0.512
2036 0.5347 0.4653
2037 0.4765 0.5235
2038 0.5061 0.4939
2039 0.4804 0.5196
2040 0.4693 0.5307
2041 0.5061 0.4939
2042 0.47 0.53
2043 0.4561 0.5439
2044 0.4685 0.5315
2045 0.5 0.5
2046 0.4827 0.5173
2047 0.4704 0.5296
2048 0.5105 0.4895
2049 0.5147 0.4853
2050 0.4901 0.5099
2051 0.5088 0.4912
2052 0.4654 0.5346
2053 0.4907 0.5093
2054 0.5483 0.4517
2055 0.5457 0.4543
2056 0.5128 0.4872
2057 0.5301 0.4699
2058 0.5111 0.4889
2059 0.5297 0.4703
2060 0.5207 0.4793
2061 0.489 0.511
2062 0.4932 0.5068
2063 0.4844 0.5156
2064 0.4648 0.5352
2065 0.4741 0.5259
2066 0.4957 0.5043
2067 0.4314 0.5686
2068 0.5013 0.4987
2069 0.466 0.534
2070 0.4823 0.5177
2071 0.5013 0.4987
2072 0.4902 0.5098
2073 0.4411 0.5589
2074 0.4931 0.5069
2075 0.4769 0.5231
2076 0.5413 0.4587
2077 0.5391 0.4609
2078 0.4559 0.5441
2079 0.4689 0.5311
2080 0.4417 0.5583
2081 0.4362 0.5638
2082 0.4569 0.5431
2083 0.4801 0.5199
2084 0.5227 0.4773
2085 0.5154 0.4846
2086 0.4312 0.5688
2087 0.5097 0.4903
2088 0.4827 0.5173
2089 0.4394 0.5606
2090 0.5134 0.4866
2091 0.4804 0.5196
2092 0.5056 0.4944
2093 0.5079 0.4921
2094 0.485 0.515
2095 0.512 0.488
2096 0.4605 0.5395
2097 0.4881 0.5119
2098 0.4928 0.5072
2099 0.4775 0.5225
2100 0.4962 0.5038
2101 0.4312 0.5688
2102 0.4784 0.5216
2103 0.4896 0.5104
2104 0.4566 0.5434
2105 0.4303 0.5697
2106 0.5144 0.4856
2107 0.5436 0.4564
2108 0.5355 0.4645
2109 0.4923 0.5077
2110 0.4721 0.5279
2111 0.4472 0.5528
2112 0.5201 0.4799
2113 0.4764 0.5236
2114 0.486 0.514
2115 0.4748 0.5252
2116 0.4789 0.5211
2117 0.4558 0.5442
2118 0.4972 0.5028
2119 0.474 0.526
2120 0.4916 0.5084
2121 0.5233 0.4767
2122 0.4908 0.5092
2123 0.5256 0.4744
2124 0.4569 0.5431
2125 0.4735 0.5265
2126 0.5027 0.4973
2127 0.4626 0.5374
2128 0.4343 0.5657
2129 0.4897 0.5103
2130 0.4817 0.5183
2131 0.52 0.48
2132 0.4766 0.5234
2133 0.5112 0.4888
2134 0.4873 0.5127
2135 0.5152 0.4848
2136 0.454 0.546
2137 0.4884 0.5116
2138 0.4858 0.5142
2139 0.4749 0.5251
2140 0.4906 0.5094
2141 0.5 0.5
2142 0.5421 0.4579
2143 0.4724 0.5276
2144 0.4384 0.5616
2145 0.4548 0.5452
2146 0.4348 0.5652
2147 0.5216 0.4784
2148 0.5047 0.4953
2149 0.4379 0.5621
2150 0.5296 0.4704
2151 0.5307 0.4693
2152 0.4652 0.5348
2153 0.4716 0.5284
2154 0.4684 0.5316
2155 0.4281 0.5719
2156 0.5197 0.4803
2157 0.489 0.511
2158 0.5452 0.4548
2159 0.4459 0.5541
2160 0.5172 0.4828
2161 0.4844 0.5156
2162 0.446 0.554
2163 0.4613 0.5387
2164 0.4533 0.5467
2165 0.4664 0.5336
2166 0.4475 0.5525
2167 0.491 0.509
2168 0.5072 0.4928
2169 0.5324 0.4676
2170 0.5033 0.4967
2171 0.4296 0.5704
2172 0.5507 0.4493
2173 0.4924 0.5076
2174 0.4824 0.5176
2175 0.5121 0.4879
2176 0.4562 0.5438
2177 0.4757 0.5243
2178 0.5247 0.4753
2179 0.4618 0.5382
2180 0.4983 0.5017
2181 0.4746 0.5254
2182 0.4901 0.5099
2183 0.4937 0.5063
2184 0.5429 0.4571
2185 0.4103 0.5897
2186 0.4456 0.5544
2187 0.4983 0.5017
2188 0.4708 0.5292
2189 0.4967 0.5033
2190 0.4784 0.5216
2191 0.5067 0.4933
2192 0.4781 0.5219
2193 0.4662 0.5338
2194 0.463 0.537
2195 0.4531 0.5469
2196 0.4592 0.5408
2197 0.4241 0.5759
2198 0.5708 0.4292
2199 0.5094 0.4906
2200 0.5074 0.4926
2201 0.4901 0.5099
2202 0.4462 0.5538
2203 0.5076 0.4924
2204 0.4913 0.5087
2205 0.4903 0.5097
2206 0.4348 0.5652
2207 0.4745 0.5255
2208 0.5378 0.4622
2209 0.5251 0.4749
2210 0.5363 0.4637
2211 0.4483 0.5517
2212 0.4937 0.5063
2213 0.4754 0.5246
2214 0.4876 0.5124
2215 0.4506 0.5494
2216 0.4565 0.5435
2217 0.4926 0.5074
2218 0.4824 0.5176
2219 0.5127 0.4873
2220 0.5263 0.4737
2221 0.484 0.516
2222 0.528 0.472
2223 0.5274 0.4726
2224 0.5278 0.4722
2225 0.4964 0.5036
2226 0.4857 0.5143
2227 0.4925 0.5075
2228 0.5185 0.4815
2229 0.4682 0.5318
2230 0.5057 0.4943
2231 0.516 0.484
2232 0.4624 0.5376
2233 0.5252 0.4748
2234 0.5079 0.4921
2235 0.4777 0.5223
2236 0.469 0.531
2237 0.5433 0.4567
2238 0.4913 0.5087
2239 0.4866 0.5134
2240 0.477 0.523
2241 0.5066 0.4934
2242 0.5021 0.4979
2243 0.4693 0.5307
2244 0.4335 0.5665
2245 0.4375 0.5625
2246 0.4746 0.5254
2247 0.4533 0.5467
2248 0.4626 0.5374
2249 0.4643 0.5357
2250 0.4709 0.5291
2251 0.4649 0.5351
2252 0.5172 0.4828
2253 0.5595 0.4405
2254 0.4372 0.5628
2255 0.5138 0.4862
2256 0.442 0.558
2257 0.5043 0.4957
2258 0.4812 0.5188
2259 0.4795 0.5205
2260 0.5288 0.4712
2261 0.4726 0.5274
2262 0.4802 0.5198
2263 0.5174 0.4826
2264 0.502 0.498
2265 0.5019 0.4981
2266 0.4723 0.5277
2267 0.4724 0.5276
2268 0.4802 0.5198
2269 0.463 0.537
2270 0.4646 0.5354
2271 0.43 0.57
2272 0.4555 0.5445
2273 0.4185 0.5815
2274 0.5657 0.4343
2275 0.4785 0.5215
2276 0.4476 0.5524
2277 0.5248 0.4752
2278 0.4573 0.5427
2279 0.5078 0.4922
2280 0.5204 0.4796
2281 0.4903 0.5097
2282 0.4889 0.5111
2283 0.4593 0.5407
2284 0.5098 0.4902
2285 0.5311 0.4689
2286 0.4298 0.5702
2287 0.5067 0.4933
2288 0.4688 0.5312
2289 0.4387 0.5613
2290 0.5149 0.4851
2291 0.5243 0.4757
2292 0.5143 0.4857
2293 0.5584 0.4416
2294 0.4977 0.5023
2295 0.4341 0.5659
2296 0.4595 0.5405
2297 0.5323 0.4677
2298 0.4507 0.5493
2299 0.4525 0.5475
2300 0.4722 0.5278
2301 0.5333 0.4667
2302 0.4575 0.5425
2303 0.4971 0.5029
2304 0.4924 0.5076
2305 0.4785 0.5215
2306 0.4794 0.5206
2307 0.4295 0.5705
2308 0.568 0.432
2309 0.4719 0.5281
2310 0.5327 0.4673
2311 0.537 0.463
2312 0.4757 0.5243
2313 0.4819 0.5181
2314 0.5612 0.4388
2315 0.6049 0.3951
2316 0.5026 0.4974
2317 0.5 0.5
2318 0.484 0.516
2319 0.506 0.494
2320 0.4602 0.5398
2321 0.4469 0.5531
2322 0.49 0.51
2323 0.456 0.544
2324 0.4171 0.5829
2325 0.5329 0.4671
2326 0.4848 0.5152
2327 0.4737 0.5263
2328 0.5 0.5
2329 0.4641 0.5359
2330 0.4778 0.5222
2331 0.517 0.483
2332 0.4012 0.5988
2333 0.4733 0.5267
2334 0.4246 0.5754
2335 0.4286 0.5714
2336 0.479 0.521
2337 0.4848 0.5152
2338 0.5212 0.4788
2339 0.4611 0.5389
2340 0.463 0.537
2341 0.4535 0.5465
2342 0.4821 0.5179
2343 0.497 0.503
2344 0.4396 0.5604
2345 0.4682 0.5318
2346 0.4629 0.5371
2347 0.5031 0.4969
2348 0.5085 0.4915
2349 0.4773 0.5227
2350 0.4918 0.5082
2351 0.3778 0.6222
2352 0.5389 0.4611
2353 0.4696 0.5304
2354 0.4057 0.5943
2355 0.4114 0.5886
2356 0.5344 0.4656
2357 0.4317 0.5683
2358 0.487 0.513
2359 0.4974 0.5026
2360 0.5274 0.4726
2361 0.4883 0.5117
2362 0.4948 0.5052
2363 0.4804 0.5196
2364 0.5241 0.4759
2365 0.4333 0.5667
2366 0.5157 0.4843
2367 0.5029 0.4971
2368 0.4342 0.5658
2369 0.5432 0.4568
2370 0.4671 0.5329
2371 0.4345 0.5655
2372 0.4688 0.5312
2373 0.5563 0.4437
2374 0.4765 0.5235
2375 0.4152 0.5848
2376 0.3913 0.6087
2377 0.5586 0.4414
2378 0.469 0.531
2379 0.568 0.432
2380 0.5039 0.4961
2381 0.4745 0.5255
2382 0.487 0.513
2383 0.5137 0.4863
2384 0.4336 0.5664
2385 0.488 0.512
2386 0.4926 0.5074
2387 0.4892 0.5108
2388 0.4853 0.5147
2389 0.4135 0.5865
2390 0.4964 0.5036
2391 0.4387 0.5613
2392 0.4221 0.5779
2393 0.4586 0.5414
2394 0.5 0.5
2395 0.5755 0.4245
2396 0.4511 0.5489
2397 0.5214 0.4786
2398 0.4452 0.5548
2399 0.5 0.5
2400 0.4895 0.5105
2401 0.5059 0.4941
2402 0.3988 0.6012
2403 0.4406 0.5594
2404 0.4322 0.5678
2405 0.4609 0.5391
2406 0.4821 0.5179
2407 0.4815 0.5185
2408 0.4722 0.5278
2409 0.4308 0.5692
2410 0.5349 0.4651
2411 0.5211 0.4789
2412 0.45 0.55
2413 0.4545 0.5455
2414 0.3651 0.6349
2415 0.4298 0.5702
2416 0.4956 0.5044
2417 0.4961 0.5039
2418 0.4714 0.5286
2419 0.5517 0.4483
2420 0.4403 0.5597
2421 0.4962 0.5038
2422 0.4513 0.5487
2423 0.5278 0.4722
2424 0.55 0.45
2425 0.5639 0.4361
2426 0.5259 0.4741
2427 0.3947 0.6053
2428 0.5288 0.4712
2429 0.5085 0.4915
2430 0.5366 0.4634
2431 0.4609 0.5391
2432 0.4167 0.5833
2433 0.4896 0.5104
2434 0.4946 0.5054
2435 0.4898 0.5102
2436 0.4951 0.5049
2437 0.4951 0.5049
2438 0.5283 0.4717
2439 0.4141 0.5859
2440 0.5152 0.4848
2441 0.4747 0.5253
2442 0.47 0.53
2443 0.4907 0.5093
2444 0.4554 0.5446
2445 0.4862 0.5138
2446 0.5281 0.4719
2447 0.5357 0.4643
2448 0.5439 0.4561
2449 0.5039 0.4961
2450 0.402 0.598
2451 0.5 0.5
2452 0.521 0.479
2453 0.5417 0.4583
2454 0.4476 0.5524
2455 0.4643 0.5357
2456 0.5054 0.4946
2457 0.4957 0.5043
2458 0.4545 0.5455
2459 0.4587 0.5413
2460 0.4958 0.5042
2461 0.5672 0.4328
2462 0.5078 0.4922
2463 0.4118 0.5882
2464 0.4961 0.5039
2465 0.5 0.5
2466 0.4857 0.5143
2467 0.5044 0.4956
2468 0.4911 0.5089
2469 0.4793 0.5207
2470 0.4188 0.5812
2471 0.5 0.5
2472 0.4 0.6
2473 0.5096 0.4904
2474 0.549 0.451
2475 0.5402 0.4598
2476 0.5333 0.4667
2477 0.4571 0.5429
2478 0.4953 0.5047
2479 0.4904 0.5096
2480 0.4957 0.5043
2481 0.4167 0.5833
2482 0.5046 0.4954
2483 0.3846 0.6154
2484 0.4845 0.5155
2485 0.4712 0.5288
2486 0.4632 0.5368
2487 0.5106 0.4894
2488 0.5 0.5
2489 0.5053 0.4947
2490 0.4608 0.5392
2491 0.4808 0.5192
2492 0.4095 0.5905
2493 0.505 0.495
2494 0.4316 0.5684
2495 0.3864 0.6136
2496 0.4928 0.5072
2497 0.4478 0.5522
2498 0.5488 0.4512
2499 0.5102 0.4898
2500 0.3704 0.6296
2501 0.4805 0.5195
2502 0.5 0.5
2503 0.48 0.52
2504 0.4932 0.5068
2505 0.5349 0.4651
2506 0.4878 0.5122
2507 0.5591 0.4409
2508 0.5 0.5
2509 0.4268 0.5732
2510 0.4571 0.5429
2511 0.4952 0.5048
2512 0.4615 0.5385
2513 0.5326 0.4674
2514 0.5116 0.4884
2515 0.4211 0.5789
2516 0.4507 0.5493
2517 0.4154 0.5846
2518 0.5352 0.4648
2519 0.4714 0.5286
2520 0.4384 0.5616
2521 0.5132 0.4868
2522 0.4675 0.5325
2523 0.6125 0.3875
2524 0.4333 0.5667
2525 0.36 0.64
2526 0.4154 0.5846
2527 0.3906 0.6094
2528 0.449 0.551
2529 0.5167 0.4833
2530 0.4928 0.5072
2531 0.4384 0.5616
2532 0.5169 0.4831
2533 0.5385 0.4615
2534 0.4891 0.5109
2535 0.4471 0.5529
2536 0.5278 0.4722
2537 0.4265 0.5735
2538 0.4583 0.5417
2539 0.4937 0.5063
2540 0.5111 0.4889
2541 0.5769 0.4231
2542 0.4713 0.5287
2543 0.4787 0.5213
2544 0.5 0.5
2545 0.4767 0.5233
2546 0.4483 0.5517
2547 0.4886 0.5114
2548 0.4659 0.5341
2549 0.5287 0.4713
2550 0.4444 0.5556
2551 0.4648 0.5352
2552 0.5 0.5
2553 0.4658 0.5342
2554 0.473 0.527
2555 0.4627 0.5373
2556 0.5128 0.4872
2557 0.5125 0.4875
2558 0.4 0.6
2559 0.443 0.557
2560 0.5778 0.4222
2561 0.4421 0.5579
2562 0.4935 0.5065
2563 0.5429 0.4571
2564 0.4342 0.5658
2565 0.4776 0.5224
2566 0.4615 0.5385
2567 0.5333 0.4667
2568 0.4909 0.5091
2569 0.4821 0.5179
2570 0.5263 0.4737
2571 0.4464 0.5536
2572 0.5362 0.4638
2573 0.4583 0.5417
2574 0.4714 0.5286
2575 0.6049 0.3951
2576 0.481 0.519
2577 0.5128 0.4872
2578 0.5195 0.4805
2579 0.48 0.52
2580 0.4658 0.5342
2581 0.5075 0.4925
2582 0.5469 0.4531
2583 0.4865 0.5135
2584 0.339 0.661
2585 0.4565 0.5435
2586 0.3571 0.6429
2587 0.4259 0.5741
2588 0.4407 0.5593
2589 0.4068 0.5932
2590 0.5 0.5
2591 0.431 0.569
2592 0.5345 0.4655
2593 0.3913 0.6087
2594 0.4762 0.5238
2595 0.5507 0.4493
2596 0.55 0.45
2597 0.527 0.473
2598 0.4127 0.5873
2599 0.4655 0.5345
2600 0.5556 0.4444
2601 0.5376 0.4624
2602 0.5192 0.4808
2603 0.3784 0.6216
2604 0.4062 0.5938
2605 0.4355 0.5645
2606 0.5352 0.4648
2607 0.5373 0.4627
2608 0.4576 0.5424
2609 0.4528 0.5472
2610 0.5 0.5
2611 0.6078 0.3922
2612 0.4921 0.5079
2613 0.5 0.5
2614 0.5301 0.4699
2615 0.4691 0.5309
2616 0.4321 0.5679
2617 0.5079 0.4921
2618 0.5636 0.4364
2619 0.5094 0.4906
2620 0.629 0.371
2621 0.4151 0.5849
2622 0.5 0.5
2623 0.5 0.5
2624 0.5 0.5
2625 0.527 0.473
2626 0.4308 0.5692
2627 0.4844 0.5156
2628 0.3333 0.6667
2629 0.4038 0.5962
2630 0.4884 0.5116
2631 0.3958 0.6042
2632 0.4898 0.5102
2633 0.5714 0.4286
2634 0.4638 0.5362
2635 0.4333 0.5667
2636 0.4932 0.5068
2637 0.5441 0.4559
2638 0.4286 0.5714
2639 0.4833 0.5167
2640 0.36 0.64
2641 0.4815 0.5185
2642 0.3654 0.6346
2643 0.4783 0.5217
2644 0.4906 0.5094
2645 0.3448 0.6552
2646 0.4889 0.5111
2647 0.551 0.449
2648 0.383 0.617
2649 0.4865 0.5135
2650 0.525 0.475
2651 0.5435 0.4565
2652 0.5306 0.4694
2653 0.4545 0.5455
2654 0.431 0.569
2655 0.4426 0.5574
2656 0.4 0.6
2657 0.4138 0.5862
2658 0.5 0.5
2659 0.5172 0.4828
2660 0.5789 0.4211
2661 0.5238 0.4762
2662 0.4516 0.5484
2663 0.4878 0.5122
2664 0.475 0.525
2665 0.5686 0.4314
2666 0.3469 0.6531
2667 0.5667 0.4333
2668 0.7377 0.2623
2669 0.5147 0.4853
2670 0.5 0.5
2671 0.377 0.623
2672 0.3 0.7
2673 0.5 0.5
2674 0.4 0.6
2675 0.56 0.44
2676 0.4717 0.5283
2677 0.4727 0.5273
2678 0.4038 0.5962
2679 0.3488 0.6512
2680 0.5714 0.4286
2681 0.375 0.625
2682 0.5625 0.4375
2683 0.4444 0.5556
2684 0.3469 0.6531
2685 0.5333 0.4667
2686 0.4348 0.5652
2687 0.6 0.4
2688 0.4211 0.5789
2689 0.5405 0.4595
2690 0.4667 0.5333
2691 0.4054 0.5946
2692 0.5556 0.4444
2693 0.4054 0.5946
2694 0.4615 0.5385
2695 0.3438 0.6562
2696 0.6667 0.3333
2697 0.5102 0.4898
2698 0.4348 0.5652
2699 0.4634 0.5366
2700 0.4054 0.5946
2701 0.5385 0.4615
2702 0.3542 0.6458
2703 0.5536 0.4464
2704 0.4444 0.5556
2705 0.5745 0.4255
2706 0.5 0.5
2707 0.5 0.5
2708 0.5192 0.4808
2709 0.4333 0.5667
2710 0.4603 0.5397
2711 0.5085 0.4915
2712 0.3878 0.6122
2713 0.5435 0.4565
2714 0.549 0.451
2715 0.4884 0.5116
2716 0.4872 0.5128
2717 0.5385 0.4615
2718 0.5 0.5
2719 0.6364 0.3636
2720 0.5 0.5
2721 0.5333 0.4667
2722 0.5111 0.4889
2723 0.4186 0.5814
2724 0.4565 0.5435
2725 0.5273 0.4727
2726 0.3448 0.6552
2727 0.2973 0.7027
2728 0.6061 0.3939
2729 0.4468 0.5532
2730 0.4571 0.5429
2731 0.4324 0.5676
2732 0.4571 0.5429
2733 0.5476 0.4524
2734 0.4595 0.5405
2735 0.4706 0.5294
2736 0.5862 0.4138
2737 0.5556 0.4444
2738 0.3846 0.6154
2739 0.5926 0.4074
2740 0.5357 0.4643
2741 0.56 0.44
2742 0.5588 0.4412
2743 0.48 0.52
2744 0.5 0.5
2745 0.7059 0.2941
2746 0.5385 0.4615
2747 0.6429 0.3571
2748 0.5814 0.4186
2749 0.5435 0.4565
2750 0.46 0.54
2751 0.439 0.561
2752 0.4074 0.5926
2753 0.5263 0.4737
2754 0.4667 0.5333
2755 0.3864 0.6136
2756 0.4706 0.5294
2757 0.3846 0.6154
2758 0.4211 0.5789
2759 0.4186 0.5814
2760 0.4 0.6
2761 0.5128 0.4872
2762 0.5455 0.4545
2763 0.56 0.44
2764 0.4444 0.5556
2765 0.5 0.5
2766 0.3333 0.6667
2767 0.3784 0.6216
2768 0.5 0.5
2769 0.4737 0.5263
2770 0.6111 0.3889
2771 0.4324 0.5676
2772 0.4595 0.5405
2773 0.6053 0.3947
2774 0.5 0.5
2775 0.4286 0.5714
2776 0.3878 0.6122
2777 0.4324 0.5676
2778 0.375 0.625
2779 0.5625 0.4375
2780 0.3846 0.6154
2781 0.44 0.56
2782 0.5 0.5
2783 0.52 0.48
2784 0.5484 0.4516
2785 0.4444 0.5556
2786 0.4615 0.5385
2787 0.4545 0.5455
2788 0.4706 0.5294
2789 0.4348 0.5652
2790 0.5652 0.4348
2791 0.4062 0.5938
2792 0.4 0.6
2793 0.5 0.5
2794 0.4138 0.5862
2795 0.4138 0.5862
2796 0.3636 0.6364
2797 0.6667 0.3333
2798 0.4583 0.5417
2799 0.6818 0.3182
2800 0.4865 0.5135
2801 0.4865 0.5135
2802 0.4839 0.5161
2803 0.5238 0.4762
2804 0.6 0.4
2805 0.3824 0.6176
2806 0.5714 0.4286
2807 0.4667 0.5333
2808 0.5385 0.4615
2809 0.4583 0.5417
2810 0.6207 0.3793
2811 0.4516 0.5484
2812 0.5 0.5
2813 0.4138 0.5862
2814 0.3548 0.6452
2815 0.3846 0.6154
2816 0.4167 0.5833
2817 0.4375 0.5625
2818 0.4839 0.5161
2819 0.4 0.6
2820 0.6176 0.3824
2821 0.4516 0.5484
2822 0.48 0.52
2823 0.6 0.4
2824 0.6129 0.3871
2825 0.5294 0.4706
2826 0.5263 0.4737
2827 0.5 0.5
2828 0.5 0.5
2829 0.4483 0.5517
2830 0.5833 0.4167
2831 0.6286 0.3714
2832 0.5 0.5
2833 0.6129 0.3871
2834 0.5455 0.4545
2835 0.4615 0.5385
2836 0.6522 0.3478
2837 0.5455 0.4545
2838 0.4615 0.5385
2839 0.2105 0.7895
2840 0.6842 0.3158
2841 0.3913 0.6087
2842 0.5385 0.4615
2843 0.5517 0.4483
2844 0.4118 0.5882
2845 0.4516 0.5484
2846 0.3182 0.6818
2847 0.4737 0.5263
2848 0.5238 0.4762
2849 0.3529 0.6471
2850 0.4286 0.5714
2851 0.3571 0.6429
2852 0.3846 0.6154
2853 0.6842 0.3158
2854 0.5385 0.4615
2855 0.4615 0.5385
2856 0.5 0.5
2857 0.3684 0.6316
2858 0.3571 0.6429
2859 0.4545 0.5455
2860 0.5 0.5
2861 0.5 0.5
2862 0.5385 0.4615
2863 0.4615 0.5385
2864 0.3125 0.6875
2865 0.3 0.7
2866 0.5556 0.4444
2867 0.4 0.6
2868 0.6667 0.3333
2869 0.5 0.5
2870 0.5 0.5
2871 0.35 0.65
2872 0.6111 0.3889
2873 0.619 0.381
2874 0.6667 0.3333
2875 0.3478 0.6522
2876 0.7059 0.2941
2877 0.3333 0.6667
2878 0.4643 0.5357
2879 0.4231 0.5769
2880 0.5 0.5
2881 0.4167 0.5833
2882 0.4815 0.5185
2883 0.2941 0.7059
2884 0.4375 0.5625
2885 0.4706 0.5294
2886 0.5714 0.4286
2887 0.3636 0.6364
2888 0.6 0.4
2889 0.5385 0.4615
2890 0.6111 0.3889
2891 0.3333 0.6667
2892 0.5556 0.4444
2893 0.4615 0.5385
2894 0.5294 0.4706
2895 0.2353 0.7647
2896 0.5 0.5
2897 0.4375 0.5625
2898 0.6111 0.3889
2899 0.2353 0.7647
2900 0.4286 0.5714
2901 0.375 0.625
2902 0.4 0.6
2903 0.4167 0.5833
2904 0.3636 0.6364
2905 0.5714 0.4286
2906 0.4545 0.5455
2907 0.6 0.4
2908 0.3333 0.6667
2909 0.6429 0.3571
2910 0.4286 0.5714
2911 0.5 0.5
2912 0.4444 0.5556
2913 0.2941 0.7059
2914 0.6154 0.3846
2915 0.45 0.55
2916 0.5556 0.4444
2917 0.4762 0.5238
2918 0.56 0.44
2919 0.4 0.6
2920 0.5556 0.4444
2921 0.5 0.5
2922 0.4074 0.5926
2923 0.3333 0.6667
2924 0.4737 0.5263
2925 0.5455 0.4545
2926 0.5 0.5
2927 0.48 0.52
2928 0.4375 0.5625
2929 0.4444 0.5556
2930 0.6154 0.3846
2931 0.5714 0.4286
2932 0.5185 0.4815
2933 0.5 0.5
2934 0.5 0.5
2935 0.3077 0.6923
2936 0.3333 0.6667
2937 0.7368 0.2632
2938 0.7083 0.2917
2939 0.4286 0.5714
2940 0.375 0.625
2941 0.3 0.7
2942 0.44 0.56
2943 0.4091 0.5909
2944 0.6154 0.3846
2945 0.6154 0.3846
2946 0.4118 0.5882
2947 0.4286 0.5714
2948 0.5294 0.4706
2949 0.48 0.52
2950 0.5833 0.4167
2951 0.5714 0.4286
2952 0.2727 0.7273
2953 0.6111 0.3889
2954 0.5882 0.4118
2955 0.4737 0.5263
2956 0.6364 0.3636
2957 0.5882 0.4118
2958 0.5714 0.4286
2959 0.6667 0.3333
2960 0.6 0.4
2961 0.7778 0.2222
2962 0.3333 0.6667
2963 0.7059 0.2941
2964 0.6 0.4
2965 0.5263 0.4737
2966 0.6364 0.3636
2967 0.619 0.381
2968 0.6 0.4
2969 0.45 0.55
2970 0.6 0.4
2971 0.4706 0.5294
2972 0.3636 0.6364
2973 0.5333 0.4667
2974 0.3077 0.6923
2975 0.3333 0.6667
2976 0.3571 0.6429
2977 0.3571 0.6429
2978 0.5 0.5
2979 0.3077 0.6923
2980 0.5 0.5
2981 0.5833 0.4167
2982 0.5789 0.4211
2983 0.5 0.5
2984 0.65 0.35
2985 0.5 0.5
2986 0.7 0.3
2987 0.5263 0.4737
2988 0.55 0.45
2989 0.5652 0.4348
2990 0.5714 0.4286
2991 0.5 0.5
2992 0.5 0.5
2993 0.5294 0.4706
2994 0.375 0.625
2995 0.6471 0.3529
2996 0.4286 0.5714
2997 0.5833 0.4167
2998 0.625 0.375
2999 0.3333 0.6667
3000 0.3636 0.6364
3001 0.625 0.375
3002 0.4583 0.5417
3003 0.4348 0.5652
3004 0.4091 0.5909
3005 0.4737 0.5263
3006 0.5294 0.4706
3007 0.3077 0.6923
3008 0.3333 0.6667
3009 0.6429 0.3571
3010 0.4737 0.5263
3011 0.4286 0.5714
3012 0.25 0.75
3013 0.6667 0.3333
3014 0.3846 0.6154
3015 0.5 0.5
3016 0.8182 0.1818
3017 0.3636 0.6364
3018 0.5385 0.4615
3019 0.4615 0.5385
3020 0.0833 0.9167
3021 0.6 0.4
3022 0.5333 0.4667
3023 0.3077 0.6923
3024 0.5385 0.4615
3025 0.5333 0.4667
3026 0.4375 0.5625
3027 0.6471 0.3529
3028 0.5294 0.4706
3029 0.375 0.625
3030 0.5789 0.4211
3031 0.6538 0.3462
3032 0.4828 0.5172
3033 0.5217 0.4783
3034 0.2 0.8
3035 0.5 0.5
3036 0.375 0.625
3037 0.1667 0.8333
3038 0.75 0.25
3039 0.5 0.5
3040 0.5 0.5
3041 0.8 0.2
3042 0.6667 0.3333
3043 0.3333 0.6667
3044 0.4167 0.5833
3045 0.75 0.25
3046 0.3 0.7
3047 0.6 0.4
3048 0.3333 0.6667
3049 0.3333 0.6667
3050 0.6 0.4
3051 0.5714 0.4286
3052 0.5 0.5
3053 0.4 0.6
3054 0.5 0.5
3055 0.4545 0.5455
3056 0.4706 0.5294
3057 0.6 0.4
3058 0.5385 0.4615
3059 0.6 0.4
3060 0.1333 0.8667
3061 0.5714 0.4286
3062 0.3333 0.6667
3063 0.8 0.2
3064 0.3846 0.6154
3065 0.7778 0.2222
3066 0.5556 0.4444
3067 0.5 0.5
3068 0.0 1.0
3069 0.6667 0.3333
3070 1.0 0.0
3071 0.8571 0.1429
3072 0.3333 0.6667
3073 0.25 0.75
3074 0.6667 0.3333
3075 0.625 0.375
3076 0.625 0.375
3077 0.375 0.625
3078 0.2 0.8
3079 0.3333 0.6667
3080 0.75 0.25
3081 0.375 0.625
3082 0.6364 0.3636
3083 0.3846 0.6154
3084 0.0909 0.9091
3085 0.25 0.75
3086 0.3571 0.6429
3087 0.5 0.5
3088 0.4667 0.5333
3089 0.4167 0.5833
3090 0.5455 0.4545
3091 0.4444 0.5556
3092 0.5556 0.4444
3093 0.5455 0.4545
3094 0.3077 0.6923
3095 0.4 0.6
3096 0.4 0.6
3097 0.4286 0.5714
3098 0.75 0.25
3099 0.6667 0.3333
3100 0.375 0.625
3101 0.8333 0.1667
3102 0.3333 0.6667
3103 0.25 0.75
3104 0.4286 0.5714
3105 0.6 0.4
3106 0.2857 0.7143
3107 0.625 0.375
3108 0.6667 0.3333
3109 0.3333 0.6667
3110 0.25 0.75
3111 0.25 0.75
3112 0.4286 0.5714
3113 0.2 0.8
3114 0.4 0.6
3115 0.6667 0.3333
3116 0.5 0.5
3117 0.75 0.25
3118 0.5 0.5
3119 0.5833 0.4167
3120 0.2727 0.7273
3121 0.5 0.5
3122 0.7143 0.2857
3123 0.375 0.625
3124 0.2 0.8
3125 0.2 0.8
3126 0.4 0.6
3127 0.3333 0.6667
3128 0.4286 0.5714
3129 0.375 0.625
3130 0.1667 0.8333
3131 0.4 0.6
3132 0.1667 0.8333
3133 0.7143 0.2857
3134 0.6364 0.3636
3135 0.6 0.4
3136 0.3333 0.6667
3137 0.6667 0.3333
3138 0.625 0.375
3139 0.4286 0.5714
3140 0.5 0.5
3141 1.0 0.0
3142 0.8571 0.1429
3143 0.4545 0.5455
3144 0.375 0.625
3145 0.4444 0.5556
3146 0.4444 0.5556
3147 0.8 0.2
3148 0.5 0.5
3149 1.0 0.0
3150 0.3333 0.6667
3151 1.0 0.0
3152 0.25 0.75
3153 0.6 0.4
3154 0.6667 0.3333
3155 0.5556 0.4444
3156 0.1667 0.8333
3157 0.6667 0.3333
3158 0.6923 0.3077
3159 0.5 0.5
3160 0.5 0.5
3161 0.3636 0.6364
3162 0.25 0.75
3163 0.625 0.375
3164 0.4444 0.5556
3165 0.0 1.0
3166 0.0 1.0
3167 0.2 0.8
3168 0.6 0.4
3169 0.0 1.0
3170 0.8 0.2
3171 0.1667 0.8333
3172 1.0 0.0
3173 0.5 0.5
3174 0.2 0.8
3175 0.0 1.0
3176 0.0 1.0
3177 0.4 0.6
3178 0.5 0.5
3179 0.4444 0.5556
3180 0.375 0.625
3181 0.5714 0.4286
3182 0.3333 0.6667
3183 0.0 1.0
3184 0.5 0.5
3185 0.1667 0.8333
3186 0.25 0.75
3187 0.8 0.2
3188 0.3333 0.6667
3189 0.6 0.4
3190 0.1667 0.8333
3191 0.6 0.4
3192 0.3333 0.6667
3193 0.5 0.5
3194 0.8 0.2
3195 0.3333 0.6667
3196 0.6667 0.3333
3197 0.6 0.4
3198 0.75 0.25
3199 0.3333 0.6667
3200 0.2857 0.7143
3201 0.2 0.8
3202 0.1667 0.8333
3203 0.4 0.6
3204 0.5 0.5
3205 0.625 0.375
3206 0.5 0.5
3207 0.6667 0.3333
3208 0.4286 0.5714
3209 0.4286 0.5714
3210 0.4286 0.5714
3211 0.5 0.5
3212 0.4286 0.5714
3213 0.4 0.6
3214 0.0 1.0
3215 1.0 0.0
3216 0.0 1.0
3217 1.0 0.0
3218 1.0 0.0
3219 0.6667 0.3333
3220 0.5 0.5
3221 0.5 0.5
3222 1.0 0.0
3225 0.0 1.0
3226 0.3333 0.6667
3227 0.0 1.0
3229 0.0 1.0
3230 1.0 0.0
3231 0.5714 0.4286
3232 0.7143 0.2857
3233 0.3333 0.6667
3234 0.0 1.0
3235 0.0 1.0
3236 0.6 0.4
3237 0.6 0.4
3238 0.6667 0.3333
3239 0.5 0.5
3240 0.5 0.5
3241 0.5 0.5
3242 0.75 0.25
3243 0.2 0.8
3244 0.2 0.8
3245 0.3333 0.6667
3246 0.1429 0.8571
3247 0.6 0.4
3248 0.0 1.0
3249 0.5 0.5
3250 0.1667 0.8333
3251 0.6667 0.3333
3252 0.5 0.5
3253 0.6 0.4
3254 0.5333 0.4667
3255 0.3846 0.6154
3256 0.5 0.5
3257 0.375 0.625
3258 0.6 0.4
3259 0.5 0.5
3260 0.4286 0.5714
3261 0.5 0.5
3262 0.3333 0.6667
3263 0.5 0.5
3264 0.6 0.4
3265 0.5714 0.4286
3266 0.4 0.6
3267 0.5 0.5
3268 0.0 1.0
3269 0.0 1.0
3270 1.0 0.0
3271 0.6667 0.3333
3273 1.0 0.0
3274 0.5 0.5
3275 0.0 1.0
3276 0.5 0.5
3277 0.5 0.5
3278 0.8 0.2
3279 0.4 0.6
3280 0.3333 0.6667
3281 0.3333 0.6667
3282 0.0 1.0
3283 0.0 1.0
3284 0.6667 0.3333
3285 0.0 1.0
3286 0.5 0.5
3287 0.6667 0.3333
3288 0.0 1.0
3289 0.0 1.0
3290 0.6667 0.3333
3291 0.6667 0.3333
3292 0.75 0.25
3293 0.8 0.2
3294 0.4286 0.5714
3295 0.0 1.0
3296 0.3333 0.6667
3297 0.0 1.0
3302 1.0 0.0
3303 1.0 0.0
3304 0.3333 0.6667
3305 1.0 0.0
3306 0.5714 0.4286
3307 0.3333 0.6667
3308 0.0 1.0
3309 1.0 0.0
3310 0.0 1.0
3311 1.0 0.0
3312 1.0 0.0
3313 1.0 0.0
3314 1.0 0.0
3315 0.75 0.25
3316 0.4 0.6
3317 1.0 0.0
3318 0.5 0.5
3319 0.0 1.0
3320 0.0 1.0
3323 1.0 0.0
3324 0.0 1.0
3325 0.0 1.0
3328 1.0 0.0
3329 0.5 0.5
3331 1.0 0.0
3332 0.3333 0.6667
3333 0.3333 0.6667
3334 0.5 0.5
3335 0.0 1.0
3337 1.0 0.0
3338 0.6 0.4
3339 0.75 0.25
3340 0.0 1.0
3341 0.5 0.5
3342 0.6667 0.3333
3343 0.3333 0.6667
3344 0.0 1.0
3350 1.0 0.0
3352 0.0 1.0
3353 0.0 1.0
3354 0.0 1.0
3400 0.0 1.0
3401 0.0 1.0
3405 1.0 0.0
3406 0.5 0.5
3407 0.0 1.0
3408 1.0 0.0
3409 0.25 0.75
3410 0.5 0.5
3411 0.5 0.5
3412 1.0 0.0
3413 0.5 0.5
3414 1.0 0.0
3415 0.0 1.0
3418 1.0 0.0
3419 1.0 0.0
3420 1.0 0.0
3421 0.6 0.4
3422 0.0 1.0
3440 0.0 1.0
3442 0.5 0.5
3443 0.0 1.0
3444 0.0 1.0
3458 1.0 0.0
3459 0.5 0.5
3460 0.0 1.0
3472 1.0 0.0
3473 1.0 0.0
3487 1.0 0.0
3488 1.0 0.0
3493 1.0 0.0
3494 0.75 0.25
3495 0.5 0.5
3496 0.5 0.5
3497 1.0 0.0
3499 1.0 0.0
3500 0.0 1.0
3501 0.0 1.0
3504 1.0 0.0
3506 1.0 0.0
3507 0.5 0.5
3509 1.0 0.0
3510 1.0 0.0
3511 1.0 0.0
3512 0.0 1.0
3513 0.6667 0.3333
3514 0.5 0.5
3515 0.6 0.4
3516 0.0 1.0
3518 0.5 0.5
3519 1.0 0.0
3520 0.0 1.0
3521 1.0 0.0
3522 0.5 0.5
3524 1.0 0.0
3525 0.5 0.5
3526 0.0 1.0
3528 0.0 1.0
3529 0.5 0.5
3530 0.0 1.0
3532 1.0 0.0
3533 0.6667 0.3333
3534 0.5 0.5
3535 0.5 0.5
3536 0.0 1.0
3543 1.0 0.0
3544 0.5 0.5
3545 0.0 1.0
3555 1.0 0.0
3556 0.0 1.0
3557 0.5 0.5
3558 0.0 1.0
3560 1.0 0.0
3561 0.0 1.0
3562 0.0 1.0
3566 1.0 0.0
3567 0.5 0.5
3568 0.3333 0.6667
3571 1.0 0.0
3572 1.0 0.0
3573 1.0 0.0
3574 1.0 0.0
3575 0.5 0.5
3576 0.0 1.0
3578 0.0 1.0
3579 1.0 0.0
3580 1.0 0.0
3581 1.0 0.0
3582 0.8333 0.1667
3583 0.4 0.6
3584 0.0 1.0
3585 1.0 0.0
3586 0.75 0.25
3587 0.6667 0.3333
3588 0.5 0.5
3589 0.6 0.4
3590 0.3333 0.6667
3591 0.3333 0.6667
3592 0.0 1.0
3595 1.0 0.0
3596 0.0 1.0
3597 1.0 0.0
3598 1.0 0.0
3603 1.0 0.0
3604 0.5 0.5
3605 1.0 0.0
3606 0.5 0.5
3607 1.0 0.0
3608 1.0 0.0
3610 0.0 1.0
3611 1.0 0.0
3612 0.0 1.0
3615 1.0 0.0
3620 1.0 0.0
3621 0.75 0.25
3622 0.0 1.0
3623 1.0 0.0
3625 0.0 1.0
3626 1.0 0.0
3627 1.0 0.0
3630 1.0 0.0
3631 1.0 0.0
3632 0.75 0.25
3633 0.5 0.5
3634 0.5 0.5
3635 0.6667 0.3333
3636 0.4444 0.5556
3637 0.4 0.6
3638 0.5 0.5
3639 0.75 0.25
3640 0.6667 0.3333
3641 0.75 0.25
3642 0.75 0.25
3643 0.5714 0.4286
3644 0.25 0.75
3645 0.6667 0.3333
3646 0.0 1.0
3647 1.0 0.0
3648 0.3333 0.6667
3649 1.0 0.0
3650 0.0 1.0
3652 0.5 0.5
3653 0.0 1.0
3654 1.0 0.0
3658 1.0 0.0
3659 0.0 1.0
3660 0.0 1.0
3661 0.5 0.5
3662 0.0 1.0
3663 0.0 1.0
3664 0.25 0.75
3665 0.3333 0.6667
3666 0.0 1.0
3667 0.5 0.5
3668 1.0 0.0
3669 0.0 1.0
3670 0.6667 0.3333
3671 0.0 1.0
3672 0.3333 0.6667
3673 0.0 1.0
3674 0.0 1.0
3675 0.0 1.0
3676 0.0 1.0
3678 0.3333 0.6667
3680 0.5 0.5
3681 0.0 1.0
3686 1.0 0.0
3687 0.0 1.0
3688 0.6667 0.3333
3689 0.0 1.0
3691 1.0 0.0
3692 1.0 0.0
3693 0.5 0.5
3694 0.3333 0.6667
3695 0.25 0.75
3696 0.5 0.5
3697 0.6667 0.3333
3698 0.3333 0.6667
3699 0.0 1.0
3703 1.0 0.0
3704 0.0 1.0
3705 1.0 0.0
3706 0.6667 0.3333
3707 0.3333 0.6667
3708 0.3333 0.6667
3709 0.6667 0.3333
3710 0.0 1.0
3711 0.75 0.25
3712 0.3333 0.6667
3713 0.0 1.0
3714 0.0 1.0
3721 0.0 1.0
3722 0.5 0.5
3723 0.0 1.0
3724 0.0 1.0
3725 0.0 1.0
3742 1.0 0.0
3743 1.0 0.0
3744 1.0 0.0
3745 1.0 0.0
3746 0.0 1.0
3747 1.0 0.0
3748 1.0 0.0
3749 0.6667 0.3333
3750 0.5 0.5
3751 0.0 1.0
3752 0.3333 0.6667
3753 0.6 0.4
3754 0.0 1.0
3755 0.0 1.0
3758 0.5 0.5
3761 0.0 1.0
3762 0.0 1.0
3763 0.5 0.5
3764 0.5 0.5
3765 0.5 0.5
3766 0.5 0.5
3767 0.3333 0.6667
3768 1.0 0.0
3769 0.6667 0.3333
3770 0.0 1.0
3773 0.0 1.0
3777 0.0 1.0
3778 0.0 1.0
3790 1.0 0.0
3792 1.0 0.0
3793 1.0 0.0
3794 0.5 0.5
3795 0.6 0.4
3796 0.5 0.5
3797 0.0 1.0
3798 0.0 1.0
3799 0.0 1.0
3813 1.0 0.0
3814 0.0 1.0
3818 1.0 0.0
3824 1.0 0.0
3825 0.0 1.0
3826 0.0 1.0
3828 0.3333 0.6667
3829 0.0 1.0
3830 0.0 1.0
3831 0.5 0.5
3832 1.0 0.0
3833 0.0 1.0
3843 0.5 0.5
3844 0.0 1.0
3845 0.0 1.0
3847 0.0 1.0
3860 1.0 0.0
3862 0.0 1.0
3863 0.5 0.5
3864 1.0 0.0
3865 0.75 0.25
3866 0.0 1.0
3869 0.0 1.0
3872 0.5 0.5
3873 0.3333 0.6667
3874 0.3333 0.6667
3875 0.3333 0.6667
3876 0.5 0.5
3877 0.5 0.5
3878 0.5 0.5
3879 0.5 0.5
3880 1.0 0.0
3881 0.6667 0.3333
3882 0.0 1.0
3888 0.0 1.0
3889 0.0 1.0
3897 0.0 1.0
3898 0.5 0.5
3899 0.0 1.0
3900 0.0 1.0
3910 1.0 0.0
3911 0.0 1.0
