1 107771
2 25330
3 15439
4 10305
5 7404
6 5547
7 4468
8 3499
9 3012
10 2543
11 2199
12 1878
13 1684
14 1502
15 1280
16 1148
17 1141
18 984
19 834
20 791
21 781
22 672
23 656
24 633
25 558
26 529
27 489
28 479
29 417
30 437
31 425
32 360
33 379
34 324
35 329
36 311
37 316
38 322
39 265
40 242
41 278
42 230
43 227
44 204
45 210
46 220
47 214
48 185
49 195
50 195
51 155
52 160
53 190
54 147
55 157
56 143
57 125
58 116
59 142
60 126
61 117
62 131
63 116
64 124
65 106
66 96
67 118
68 101
69 87
70 103
71 99
72 72
73 91
74 97
75 75
76 64
77 63
78 81
79 79
80 75
81 82
82 77
83 82
84 69
85 76
86 69
87 78
88 73
89 62
90 59
91 64
92 54
93 48
94 51
95 47
96 56
97 60
98 54
99 40
100 48
101 44
102 48
103 44
104 48
105 61
106 38
107 49
108 56
109 42
110 42
111 40
112 45
113 34
114 46
115 32
116 45
117 33
118 49
119 31
120 32
121 31
122 36
123 53
124 41
125 37
126 36
127 29
128 35
129 26
130 34
131 32
132 44
133 33
134 29
135 25
136 37
137 34
138 33
139 36
140 29
141 30
142 20
143 28
144 20
145 31
146 30
147 27
148 33
149 28
150 23
151 24
152 22
153 20
154 19
155 26
156 24
157 22
158 31
159 19
160 28
161 22
162 19
163 13
164 9
165 21
166 28
167 18
168 20
169 19
170 17
171 12
172 21
173 18
174 8
175 20
176 18
177 17
178 10
179 15
180 18
181 17
182 13
183 12
184 8
185 13
186 10
187 14
188 15
189 21
190 18
191 16
192 14
193 15
194 18
195 16
196 15
197 9
198 15
199 6
200 15
201 15
202 14
203 4
204 21
205 11
206 10
207 8
208 20
209 8
210 16
211 11
212 9
213 16
214 14
215 12
216 10
217 9
218 9
219 12
220 14
221 8
222 10
223 6
224 9
225 10
226 5
227 10
228 11
229 11
230 16
231 8
232 12
233 10
234 8
235 9
236 6
237 9
238 5
239 9
240 2
241 8
242 8
243 7
244 7
245 7
246 7
247 9
248 8
249 0
250 8
251 7
252 7
253 4
254 3
255 3
256 10
257 10
258 5
259 9
260 5
261 12
262 7
263 9
264 5
265 7
266 12
267 9
268 4
269 6
270 7
271 4
272 4
273 3
274 7
275 4
276 7
277 7
278 7
279 7
280 4
281 4
282 5
283 4
284 5
285 4
286 10
287 10
288 7
289 4
290 7
291 3
292 5
293 3
294 6
295 7
296 7
297 4
298 4
299 1
300 4
301 4
302 9
303 8
304 7
305 6
306 4
307 5
308 3
309 5
310 7
311 7
312 5
313 4
314 8
315 5
316 5
317 1
318 4
319 8
320 6
321 4
322 4
323 6
324 5
325 5
326 6
327 6
328 5
329 3
330 4
331 3
332 3
333 4
334 4
335 3
336 4
337 7
338 8
339 5
340 4
341 1
342 1
343 2
344 3
345 7
346 1
347 5
348 4
349 6
350 0
351 8
352 7
353 6
354 1
355 1
356 1
357 4
358 4
359 4
360 5
361 5
362 6
363 5
364 4
365 2
366 2
367 5
368 4
369 4
370 3
371 5
372 2
373 6
374 4
375 2
376 2
377 2
378 2
379 4
380 0
381 5
382 2
383 3
384 3
385 3
386 2
387 3
388 5
389 5
390 2
391 5
392 1
393 4
394 4
395 2
396 4
397 4
398 1
399 4
400 1
401 3
402 3
403 0
404 2
405 1
406 2
407 0
408 1
409 1
410 5
411 1
412 2
413 2
414 2
415 1
416 1
417 2
418 2
419 3
420 3
421 2
422 2
423 2
424 5
425 1
426 2
427 5
428 5
429 2
430 1
431 2
432 4
433 0
434 1
435 2
436 0
437 1
438 0
439 4
440 1
441 3
442 2
443 3
444 0
445 3
446 0
447 4
448 2
449 1
450 0
451 0
452 5
453 4
454 3
455 1
456 1
457 0
458 2
459 1
460 1
461 1
462 0
463 4
464 1
465 3
466 1
467 1
468 1
469 1
470 1
471 0
472 3
473 1
474 0
475 2
476 4
477 0
478 1
479 2
480 1
481 0
482 1
483 1
484 0
485 1
486 1
487 2
488 5
489 0
490 1
491 2
492 0
493 0
494 2
495 0
496 0
497 0
498 2
499 1
500 2
501 1
502 2
503 0
504 1
505 0
506 1
507 1
508 3
509 2
510 0
511 3
512 0
513 0
514 1
515 1
516 1
517 1
518 0
519 1
520 0
521 2
522 3
523 1
524 1
525 1
526 0
527 0
528 0
529 0
530 1
531 1
532 1
533 0
534 0
535 0
536 1
537 0
538 0
539 1
540 3
541 0
542 0
543 1
544 1
545 3
546 1
547 0
548 0
549 1
550 0
551 0
552 0
553 1
554 2
555 1
556 2
557 1
558 2
559 0
560 0
561 1
562 1
563 1
564 1
565 1
566 0
567 2
568 1
569 2
570 0
571 2
572 0
573 0
574 0
575 0
576 0
577 3
578 1
579 2
580 1
581 2
582 1
583 0
584 0
585 1
586 2
587 1
588 0
589 0
590 1
591 0
592 2
593 1
594 2
595 0
596 0
597 1
598 2
599 0
600 0
601 1
602 0
603 0
604 1
605 0
606 2
607 1
608 2
609 2
610 1
611 0
612 1
613 0
614 0
615 0
616 0
617 2
618 1
619 0
620 1
621 1
622 1
623 0
624 0
625 0
626 1
627 0
628 0
629 0
630 1
631 0
632 0
633 0
634 0
635 2
636 0
637 0
638 1
639 0
640 0
641 0
642 0
643 0
644 0
645 1
646 0
647 0
648 0
649 0
650 0
651 2
652 1
653 2
654 2
655 1
656 1
657 1
658 0
659 1
660 1
661 2
662 0
663 0
664 1
665 0
666 0
667 0
668 0
669 1
670 0
671 2
672 0
673 0
674 0
675 0
676 0
677 0
678 0
679 1
680 1
681 0
682 1
683 0
684 1
685 2
686 0
687 0
688 2
689 0
690 0
691 0
692 0
693 0
694 1
695 0
696 1
697 1
698 1
699 1
700 0
701 1
702 0
703 2
704 1
705 0
706 1
707 0
708 0
709 0
710 0
711 2
712 0
713 0
714 0
715 1
716 0
717 1
718 0
719 0
720 0
721 0
722 0
723 0
724 0
725 0
726 0
727 1
728 0
729 0
730 0
731 0
732 2
733 0
734 1
735 0
736 0
737 0
738 0
739 0
740 0
741 0
742 0
743 0
744 0
745 0
746 0
747 0
748 0
749 0
750 0
751 0
752 0
753 1
754 1
755 1
756 0
757 1
758 0
759 1
760 0
761 0
762 1
763 0
764 0
765 1
766 0
767 0
768 0
769 0
770 0
771 0
772 0
773 0
774 0
775 0
776 1
777 0
778 0
779 0
780 1
781 0
782 0
783 0
784 0
785 1
786 0
787 0
788 0
789 1
790 0
791 0
792 1
793 0
794 0
795 1
796 1
797 0
798 0
799 0
800 0
801 0
802 0
803 0
804 0
805 0
806 0
807 0
808 1
809 1
810 0
811 1
812 0
813 0
814 0
815 0
816 1
817 0
818 0
819 0
820 0
821 0
822 0
823 0
824 0
825 0
826 0
827 0
828 0
829 0
830 0
831 0
832 0
833 0
834 0
835 0
836 0
837 0
838 0
839 0
840 0
841 0
842 0
843 0
844 1
845 0
846 0
847 1
848 0
849 0
850 1
851 0
852 0
853 0
854 0
855 0
856 0
857 0
858 0
859 0
860 0
861 0
862 0
863 0
864 0
865 0
866 1
867 0
868 0
869 1
870 0
871 0
872 0
873 0
874 1
875 1
876 0
877 0
878 0
879 0
880 0
881 1
882 0
883 0
884 0
885 0
886 0
887 0
888 0
889 0
890 0
891 0
892 1
893 1
894 3
895 0
896 0
897 0
898 0
899 0
900 0
901 0
902 0
903 0
904 0
905 0
906 0
907 0
908 0
909 0
910 0
911 0
912 0
913 0
914 0
915 0
916 0
917 0
918 0
919 0
920 0
921 1
922 0
923 0
924 0
925 0
926 0
927 0
928 0
929 0
930 0
931 0
932 0
933 0
934 0
935 0
936 0
937 0
938 0
939 0
940 1
941 1
942 0
943 0
944 1
945 0
946 0
947 0
948 0
949 0
950 0
951 0
952 1
953 0
954 0
955 0
956 0
957 0
958 0
959 1
960 0
961 0
962 0
963 1
964 0
965 0
966 0
967 0
968 0
969 0
970 0
971 0
972 0
973 0
974 0
975 0
976 0
977 0
978 0
979 0
980 0
981 1
982 0
983 0
984 0
985 0
986 0
987 0
988 0
989 0
990 1
991 0
992 0
993 0
994 0
995 0
996 0
997 0
998 0
999 0
1000 0
1001 0
1002 0
1003 0
1004 0
1005 0
1006 0
1007 0
1008 0
1009 0
1010 0
1011 0
1012 0
1013 0
1014 0
1015 0
1016 0
1017 0
1018 0
1019 0
1020 0
1021 0
1022 0
1023 0
1024 0
1025 0
1026 0
1027 0
1028 0
1029 0
1030 0
1031 0
1032 0
1033 0
1034 0
1035 0
1036 0
1037 0
1038 0
1039 0
1040 1
1041 0
1042 0
1043 1
1044 0
1045 0
1046 0
1047 0
1048 0
1049 1
1050 0
1051 0
1052 0
1053 0
1054 0
1055 0
1056 1
1057 0
1058 0
1059 0
1060 0
1061 0
1062 0
1063 0
1064 0
1065 0
1066 0
1067 0
1068 0
1069 0
1070 1
1071 0
1072 0
1073 0
1074 0
1075 0
1076 0
1077 0
1078 0
1079 0
1080 0
1081 0
1082 0
1083 0
1084 1
1085 0
1086 0
1087 0
1088 0
1089 0
1090 0
1091 1
1092 0
1093 0
1094 0
1095 0
1096 0
1097 0
1098 0
1099 0
1100 0
1101 0
1102 0
1103 0
1104 0
1105 0
1106 0
1107 0
1108 0
1109 0
1110 0
1111 0
1112 0
1113 0
1114 0
1115 0
1116 0
1117 0
1118 0
1119 0
1120 0
1121 0
1122 0
1123 0
1124 0
1125 0
1126 0
1127 0
1128 0
1129 0
1130 0
1131 0
1132 0
1133 0
1134 1
1135 0
1136 0
1137 0
1138 0
1139 0
1140 0
1141 0
1142 0
1143 0
1144 0
1145 0
1146 0
1147 0
1148 0
1149 0
1150 0
1151 0
1152 0
1153 0
1154 0
1155 0
1156 0
1157 0
1158 0
1159 0
1160 0
1161 0
1162 0
1163 0
1164 0
1165 0
1166 0
1167 1
1168 0
1169 1
1170 0
1171 0
1172 0
1173 0
1174 0
1175 0
1176 0
1177 0
1178 0
1179 0
1180 0
1181 0
1182 0
1183 0
1184 0
1185 0
1186 0
1187 0
1188 0
1189 0
1190 1
1191 0
1192 0
1193 0
1194 0
1195 0
1196 0
1197 0
1198 0
1199 0
1200 0
1201 0
1202 0
1203 0
1204 0
1205 0
1206 0
1207 0
1208 0
1209 0
1210 0
1211 0
1212 0
1213 0
1214 0
1215 0
1216 0
1217 0
1218 0
1219 1
1220 0
1221 0
1222 0
1223 0
1224 0
1225 0
1226 0
1227 0
1228 0
1229 0
1230 0
1231 0
1232 0
1233 0
1234 0
1235 0
1236 0
1237 0
1238 0
1239 0
1240 1
1241 0
1242 0
1243 0
1244 0
1245 1
1246 0
1247 0
1248 0
1249 1
1250 0
1251 0
1252 0
1253 0
1254 0
1255 0
1256 0
1257 0
1258 0
1259 0
1260 0
1261 0
1262 0
1263 0
1264 0
1265 0
1266 0
1267 0
1268 0
1269 0
1270 0
1271 0
1272 0
1273 0
1274 0
1275 0
1276 0
1277 0
1278 1
1279 0
1280 0
1281 0
1282 0
1283 0
1284 0
1285 0
1286 0
1287 0
1288 0
1289 0
1290 0
1291 0
1292 0
1293 0
1294 0
1295 0
1296 0
1297 0
1298 0
1299 0
1300 0
1301 0
1302 0
1303 0
1304 0
1305 0
1306 0
1307 0
1308 0
1309 0
1310 0
1311 0
1312 0
1313 0
1314 0
1315 0
1316 0
1317 0
1318 0
1319 0
1320 0
1321 0
1322 0
1323 0
1324 0
1325 0
1326 0
1327 0
1328 0
1329 0
1330 0
1331 0
1332 0
1333 0
1334 0
1335 0
1336 0
1337 0
1338 0
1339 0
1340 0
1341 0
1342 0
1343 0
1344 0
1345 0
1346 0
1347 0
1348 0
1349 0
1350 0
1351 0
1352 0
1353 0
1354 0
1355 0
1356 0
1357 0
1358 0
1359 0
1360 0
1361 0
1362 0
1363 0
1364 0
1365 0
1366 0
1367 0
1368 0
1369 0
1370 0
1371 0
1372 0
1373 0
1374 0
1375 0
1376 0
1377 0
1378 0
1379 0
1380 0
1381 0
1382 0
1383 0
1384 0
1385 0
1386 0
1387 0
1388 0
1389 0
1390 0
1391 0
1392 0
1393 0
1394 0
1395 0
1396 0
1397 0
1398 0
1399 0
1400 0
1401 0
1402 0
1403 0
1404 0
1405 0
1406 0
1407 0
1408 0
1409 0
1410 0
1411 0
1412 0
1413 0
1414 0
1415 0
1416 0
1417 1
1418 0
1419 0
1420 0
1421 0
1422 0
1423 0
1424 0
1425 0
1426 0
1427 0
1428 0
1429 0
1430 0
1431 0
1432 0
1433 0
1434 0
1435 0
1436 0
1437 0
1438 0
1439 0
1440 0
1441 0
1442 0
1443 0
1444 0
1445 0
1446 0
1447 0
1448 0
1449 0
1450 0
1451 0
1452 0
1453 0
1454 0
1455 0
1456 0
1457 0
1458 0
1459 0
1460 0
1461 0
1462 0
1463 0
1464 0
1465 0
1466 0
1467 0
1468 0
1469 0
1470 0
1471 0
1472 0
1473 0
1474 0
1475 0
1476 0
1477 0
1478 0
1479 0
1480 0
1481 0
1482 0
1483 0
1484 0
1485 0
1486 0
1487 0
1488 0
1489 0
1490 0
1491 0
1492 0
1493 1
1494 0
1495 0
1496 0
1497 0
1498 0
1499 0
1500 0
1501 0
1502 0
1503 0
1504 0
1505 0
1506 0
1507 0
1508 0
1509 0
1510 0
1511 0
1512 0
1513 0
1514 0
1515 0
1516 0
1517 0
1518 0
1519 0
1520 0
1521 0
1522 0
1523 0
1524 0
1525 0
1526 0
1527 0
1528 0
1529 0
1530 0
1531 0
1532 0
1533 0
1534 0
1535 0
1536 0
1537 0
1538 0
1539 0
1540 0
1541 0
1542 0
1543 0
1544 0
1545 0
1546 0
1547 0
1548 0
1549 0
1550 0
1551 0
1552 0
1553 0
1554 0
1555 0
1556 0
1557 0
1558 0
1559 0
1560 0
1561 0
1562 0
1563 0
1564 0
1565 0
1566 0
1567 0
1568 0
1569 0
1570 0
1571 0
1572 0
1573 0
1574 0
1575 0
1576 0
1577 0
1578 0
1579 0
1580 0
1581 0
1582 0
1583 0
1584 0
1585 0
1586 0
1587 0
1588 0
1589 0
1590 0
1591 0
1592 0
1593 0
1594 0
1595 0
1596 0
1597 0
1598 0
1599 0
1600 0
1601 0
1602 0
1603 0
1604 0
1605 0
1606 0
1607 0
1608 0
1609 0
1610 0
1611 0
1612 0
1613 0
1614 0
1615 0
1616 0
1617 0
1618 0
1619 0
1620 0
1621 0
1622 0
1623 0
1624 0
1625 0
1626 0
1627 0
1628 0
1629 0
1630 0
1631 0
1632 0
1633 0
1634 0
1635 0
1636 0
1637 0
1638 0
1639 0
1640 0
1641 0
1642 0
1643 0
1644 0
1645 0
1646 0
1647 0
1648 0
1649 0
1650 0
1651 0
1652 0
1653 0
1654 0
1655 0
1656 0
1657 0
1658 0
1659 0
1660 0
1661 0
1662 0
1663 0
1664 0
1665 0
1666 0
1667 0
1668 0
1669 0
1670 0
1671 0
1672 0
1673 0
1674 0
1675 0
1676 0
1677 0
1678 0
1679 0
1680 0
1681 0
1682 0
1683 0
1684 0
1685 0
1686 0
1687 0
1688 0
1689 0
1690 0
1691 0
1692 0
1693 0
1694 0
1695 0
1696 0
1697 0
1698 0
1699 0
1700 0
1701 0
1702 0
1703 0
1704 0
1705 0
1706 0
1707 0
1708 0
1709 0
1710 0
1711 0
1712 0
1713 0
1714 0
1715 0
1716 0
1717 0
1718 0
1719 0
1720 0
1721 0
1722 0
1723 0
1724 0
1725 0
1726 0
1727 0
1728 0
1729 0
1730 0
1731 0
1732 0
1733 0
1734 0
1735 0
1736 0
1737 0
1738 0
1739 0
1740 0
1741 0
1742 0
1743 0
1744 0
1745 0
1746 0
1747 0
1748 0
1749 0
1750 0
1751 0
1752 0
1753 0
1754 0
1755 0
1756 0
1757 0
1758 0
1759 0
1760 0
1761 0
1762 0
1763 0
1764 0
1765 0
1766 0
1767 0
1768 0
1769 0
1770 0
1771 0
1772 0
1773 0
1774 0
1775 0
1776 0
1777 0
1778 0
1779 0
1780 0
1781 0
1782 0
1783 0
1784 0
1785 0
1786 0
1787 0
1788 0
1789 0
1790 0
1791 0
1792 0
1793 0
1794 0
1795 0
1796 0
1797 0
1798 0
1799 0
1800 0
1801 0
1802 0
1803 0
1804 0
1805 0
1806 0
1807 0
1808 0
1809 0
1810 0
1811 0
1812 0
1813 0
1814 0
1815 0
1816 0
1817 0
1818 0
1819 0
1820 0
1821 0
1822 0
1823 0
1824 0
1825 0
1826 0
1827 0
1828 0
1829 0
1830 0
1831 0
1832 0
1833 0
1834 0
1835 0
1836 0
1837 0
1838 0
1839 0
1840 0
1841 0
1842 0
1843 0
1844 0
1845 0
1846 0
1847 0
1848 0
1849 0
1850 0
1851 1
