0 1.0 0.0
1 0.3923 0.6077
2 0.4993 0.5007
3 0.4901 0.5099
4 0.4889 0.5111
5 0.4882 0.5118
6 0.489 0.511
7 0.4895 0.5105
8 0.49 0.51
9 0.4905 0.5095
10 0.4908 0.5092
11 0.4914 0.5086
12 0.4917 0.5083
13 0.492 0.508
14 0.4922 0.5078
15 0.4924 0.5076
16 0.4927 0.5073
17 0.4928 0.5072
18 0.4929 0.5071
19 0.4932 0.5068
20 0.4933 0.5067
21 0.4935 0.5065
22 0.4937 0.5063
23 0.4938 0.5062
24 0.4937 0.5063
25 0.4937 0.5063
26 0.494 0.506
27 0.4943 0.5057
28 0.494 0.506
29 0.4942 0.5058
30 0.4942 0.5058
31 0.494 0.506
32 0.4944 0.5056
33 0.4946 0.5054
34 0.4945 0.5055
35 0.4948 0.5052
36 0.4945 0.5055
37 0.4944 0.5056
38 0.4944 0.5056
39 0.4944 0.5056
40 0.4945 0.5055
41 0.4946 0.5054
42 0.4949 0.5051
43 0.4947 0.5053
44 0.4947 0.5053
45 0.4945 0.5055
46 0.4947 0.5053
47 0.4948 0.5052
48 0.4948 0.5052
49 0.4944 0.5056
50 0.4947 0.5053
51 0.4942 0.5058
52 0.4947 0.5053
53 0.4947 0.5053
54 0.4945 0.5055
55 0.4947 0.5053
56 0.495 0.505
57 0.4943 0.5057
58 0.4945 0.5055
59 0.4947 0.5053
60 0.4944 0.5056
61 0.4948 0.5052
62 0.4943 0.5057
63 0.4947 0.5053
64 0.4946 0.5054
65 0.494 0.506
66 0.4944 0.5056
67 0.4943 0.5057
68 0.4947 0.5053
69 0.4945 0.5055
70 0.4943 0.5057
71 0.4942 0.5058
72 0.4944 0.5056
73 0.494 0.506
74 0.4942 0.5058
75 0.4947 0.5053
76 0.4942 0.5058
77 0.4944 0.5056
78 0.4942 0.5058
79 0.4944 0.5056
80 0.4942 0.5058
81 0.4939 0.5061
82 0.4946 0.5054
83 0.4942 0.5058
84 0.494 0.506
85 0.494 0.506
86 0.494 0.506
87 0.4941 0.5059
88 0.4938 0.5062
89 0.4938 0.5062
90 0.4941 0.5059
91 0.4942 0.5058
92 0.4938 0.5062
93 0.4938 0.5062
94 0.4935 0.5065
95 0.4937 0.5063
96 0.4939 0.5061
97 0.4938 0.5062
98 0.4934 0.5066
99 0.4935 0.5065
100 0.4939 0.5061
101 0.4941 0.5059
102 0.4937 0.5063
103 0.494 0.506
104 0.4934 0.5066
105 0.4931 0.5069
106 0.4935 0.5065
107 0.4934 0.5066
108 0.4938 0.5062
109 0.4937 0.5063
110 0.4935 0.5065
111 0.4933 0.5067
112 0.4936 0.5064
113 0.4932 0.5068
114 0.4935 0.5065
115 0.493 0.507
116 0.4933 0.5067
117 0.4934 0.5066
118 0.4932 0.5068
119 0.493 0.507
120 0.493 0.507
121 0.4928 0.5072
122 0.4931 0.5069
123 0.4931 0.5069
124 0.4922 0.5078
125 0.4928 0.5072
126 0.493 0.507
127 0.4931 0.5069
128 0.4933 0.5067
129 0.4927 0.5073
130 0.4925 0.5075
131 0.4928 0.5072
132 0.4929 0.5071
133 0.4929 0.5071
134 0.4925 0.5075
135 0.4927 0.5073
136 0.4923 0.5077
137 0.4927 0.5073
138 0.493 0.507
139 0.4924 0.5076
140 0.4927 0.5073
141 0.4923 0.5077
142 0.4928 0.5072
143 0.492 0.508
144 0.4922 0.5078
145 0.4926 0.5074
146 0.4921 0.5079
147 0.4923 0.5077
148 0.4922 0.5078
149 0.4924 0.5076
150 0.4926 0.5074
151 0.4923 0.5077
152 0.4922 0.5078
153 0.4928 0.5072
154 0.4917 0.5083
155 0.492 0.508
156 0.4921 0.5079
157 0.4919 0.5081
158 0.4921 0.5079
159 0.4922 0.5078
160 0.4921 0.5079
161 0.4918 0.5082
162 0.4918 0.5082
163 0.4919 0.5081
164 0.4913 0.5087
165 0.4925 0.5075
166 0.4916 0.5084
167 0.4924 0.5076
168 0.492 0.508
169 0.4913 0.5087
170 0.4916 0.5084
171 0.4913 0.5087
172 0.4919 0.5081
173 0.4918 0.5082
174 0.492 0.508
175 0.4916 0.5084
176 0.4917 0.5083
177 0.4917 0.5083
178 0.4916 0.5084
179 0.4911 0.5089
180 0.4919 0.5081
181 0.4914 0.5086
182 0.4918 0.5082
183 0.4914 0.5086
184 0.4913 0.5087
185 0.4906 0.5094
186 0.4911 0.5089
187 0.4913 0.5087
188 0.4913 0.5087
189 0.491 0.509
190 0.4912 0.5088
191 0.4913 0.5087
192 0.491 0.509
193 0.4917 0.5083
194 0.4908 0.5092
195 0.4913 0.5087
196 0.4911 0.5089
197 0.4907 0.5093
198 0.4913 0.5087
199 0.491 0.509
200 0.491 0.509
201 0.4914 0.5086
202 0.4905 0.5095
203 0.4909 0.5091
204 0.4911 0.5089
205 0.491 0.509
206 0.4916 0.5084
207 0.4912 0.5088
208 0.4904 0.5096
209 0.491 0.509
210 0.4908 0.5092
211 0.4914 0.5086
212 0.4907 0.5093
213 0.4907 0.5093
214 0.4909 0.5091
215 0.4903 0.5097
216 0.4906 0.5094
217 0.4902 0.5098
218 0.4904 0.5096
219 0.4899 0.5101
220 0.4906 0.5094
221 0.4903 0.5097
222 0.4901 0.5099
223 0.4906 0.5094
224 0.4905 0.5095
225 0.4902 0.5098
226 0.49 0.51
227 0.4908 0.5092
228 0.4903 0.5097
229 0.4902 0.5098
230 0.4903 0.5097
231 0.4905 0.5095
232 0.4906 0.5094
233 0.4895 0.5105
234 0.4895 0.5105
235 0.4899 0.5101
236 0.49 0.51
237 0.4905 0.5095
238 0.4906 0.5094
239 0.4895 0.5105
240 0.4901 0.5099
241 0.49 0.51
242 0.4898 0.5102
243 0.4897 0.5103
244 0.4902 0.5098
245 0.49 0.51
246 0.4901 0.5099
247 0.4899 0.5101
248 0.4896 0.5104
249 0.4893 0.5107
250 0.4895 0.5105
251 0.4897 0.5103
252 0.4889 0.5111
253 0.4893 0.5107
254 0.4896 0.5104
255 0.4903 0.5097
256 0.4895 0.5105
257 0.4891 0.5109
258 0.4894 0.5106
259 0.4889 0.5111
260 0.4891 0.5109
261 0.4901 0.5099
262 0.4892 0.5108
263 0.4896 0.5104
264 0.49 0.51
265 0.4901 0.5099
266 0.4893 0.5107
267 0.489 0.511
268 0.4892 0.5108
269 0.4897 0.5103
270 0.4896 0.5104
271 0.4894 0.5106
272 0.4896 0.5104
273 0.4899 0.5101
274 0.4887 0.5113
275 0.4895 0.5105
276 0.4891 0.5109
277 0.4893 0.5107
278 0.4894 0.5106
279 0.4893 0.5107
280 0.4891 0.5109
281 0.489 0.511
282 0.4892 0.5108
283 0.489 0.511
284 0.4886 0.5114
285 0.4897 0.5103
286 0.4891 0.5109
287 0.4894 0.5106
288 0.489 0.511
289 0.4885 0.5115
290 0.4888 0.5112
291 0.4888 0.5112
292 0.4893 0.5107
293 0.4887 0.5113
294 0.488 0.512
295 0.4895 0.5105
296 0.4891 0.5109
297 0.4882 0.5118
298 0.4887 0.5113
299 0.4893 0.5107
300 0.489 0.511
301 0.4876 0.5124
302 0.488 0.512
303 0.489 0.511
304 0.4889 0.5111
305 0.4887 0.5113
306 0.4881 0.5119
307 0.4883 0.5117
308 0.489 0.511
309 0.4889 0.5111
310 0.489 0.511
311 0.4887 0.5113
312 0.4884 0.5116
313 0.4887 0.5113
314 0.4883 0.5117
315 0.4881 0.5119
316 0.4888 0.5112
317 0.4892 0.5108
318 0.4884 0.5116
319 0.488 0.512
320 0.4886 0.5114
321 0.4882 0.5118
322 0.4878 0.5122
323 0.4875 0.5125
324 0.4876 0.5124
325 0.4887 0.5113
326 0.4889 0.5111
327 0.4882 0.5118
328 0.4885 0.5115
329 0.4878 0.5122
330 0.4881 0.5119
331 0.4882 0.5118
332 0.4876 0.5124
333 0.4873 0.5127
334 0.4886 0.5114
335 0.488 0.512
336 0.488 0.512
337 0.4881 0.5119
338 0.4881 0.5119
339 0.4872 0.5128
340 0.4885 0.5115
341 0.4879 0.5121
342 0.4887 0.5113
343 0.4878 0.5122
344 0.4875 0.5125
345 0.4883 0.5117
346 0.4866 0.5134
347 0.4877 0.5123
348 0.4875 0.5125
349 0.4883 0.5117
350 0.4881 0.5119
351 0.4881 0.5119
352 0.4879 0.5121
353 0.4884 0.5116
354 0.4875 0.5125
355 0.4883 0.5117
356 0.4871 0.5129
357 0.4875 0.5125
358 0.4878 0.5122
359 0.4878 0.5122
360 0.4869 0.5131
361 0.4877 0.5123
362 0.4874 0.5126
363 0.4874 0.5126
364 0.4875 0.5125
365 0.4882 0.5118
366 0.4883 0.5117
367 0.4869 0.5131
368 0.4876 0.5124
369 0.4871 0.5129
370 0.4876 0.5124
371 0.4872 0.5128
372 0.4869 0.5131
373 0.4871 0.5129
374 0.4881 0.5119
375 0.4863 0.5137
376 0.4872 0.5128
377 0.4881 0.5119
378 0.4871 0.5129
379 0.488 0.512
380 0.4874 0.5126
381 0.4874 0.5126
382 0.4873 0.5127
383 0.4874 0.5126
384 0.4882 0.5118
385 0.4868 0.5132
386 0.4865 0.5135
387 0.4872 0.5128
388 0.4875 0.5125
389 0.4869 0.5131
390 0.4879 0.5121
391 0.4877 0.5123
392 0.4871 0.5129
393 0.4873 0.5127
394 0.4879 0.5121
395 0.4869 0.5131
396 0.4874 0.5126
397 0.4863 0.5137
398 0.4869 0.5131
399 0.4873 0.5127
400 0.4875 0.5125
401 0.4874 0.5126
402 0.4868 0.5132
403 0.4858 0.5142
404 0.4882 0.5118
405 0.487 0.513
406 0.4868 0.5132
407 0.4877 0.5123
408 0.4866 0.5134
409 0.486 0.514
410 0.4875 0.5125
411 0.4858 0.5142
412 0.4861 0.5139
413 0.4872 0.5128
414 0.4868 0.5132
415 0.486 0.514
416 0.4868 0.5132
417 0.4865 0.5135
418 0.4864 0.5136
419 0.4859 0.5141
420 0.4872 0.5128
421 0.4858 0.5142
422 0.4874 0.5126
423 0.4867 0.5133
424 0.4871 0.5129
425 0.4873 0.5127
426 0.4863 0.5137
427 0.4865 0.5135
428 0.4866 0.5134
429 0.4869 0.5131
430 0.4865 0.5135
431 0.4874 0.5126
432 0.4862 0.5138
433 0.4858 0.5142
434 0.4863 0.5137
435 0.4866 0.5134
436 0.4862 0.5138
437 0.486 0.514
438 0.487 0.513
439 0.486 0.514
440 0.4874 0.5126
441 0.4868 0.5132
442 0.486 0.514
443 0.4869 0.5131
444 0.4874 0.5126
445 0.4863 0.5137
446 0.4866 0.5134
447 0.4868 0.5132
448 0.4866 0.5134
449 0.4866 0.5134
450 0.4858 0.5142
451 0.4863 0.5137
452 0.4868 0.5132
453 0.4861 0.5139
454 0.4864 0.5136
455 0.4857 0.5143
456 0.4865 0.5135
457 0.485 0.515
458 0.4851 0.5149
459 0.4859 0.5141
460 0.4875 0.5125
461 0.4873 0.5127
462 0.4867 0.5133
463 0.4859 0.5141
464 0.4857 0.5143
465 0.4868 0.5132
466 0.4862 0.5138
467 0.4863 0.5137
468 0.4857 0.5143
469 0.4853 0.5147
470 0.4868 0.5132
471 0.4869 0.5131
472 0.4857 0.5143
473 0.4866 0.5134
474 0.486 0.514
475 0.4865 0.5135
476 0.4856 0.5144
477 0.486 0.514
478 0.4854 0.5146
479 0.485 0.515
480 0.486 0.514
481 0.4867 0.5133
482 0.4858 0.5142
483 0.4852 0.5148
484 0.4857 0.5143
485 0.4867 0.5133
486 0.4862 0.5138
487 0.4851 0.5149
488 0.4855 0.5145
489 0.4857 0.5143
490 0.4866 0.5134
491 0.4857 0.5143
492 0.4847 0.5153
493 0.4852 0.5148
494 0.4868 0.5132
495 0.4861 0.5139
496 0.4864 0.5136
497 0.4851 0.5149
498 0.4859 0.5141
499 0.4857 0.5143
500 0.4855 0.5145
501 0.4858 0.5142
502 0.4859 0.5141
503 0.4856 0.5144
504 0.4856 0.5144
505 0.4852 0.5148
506 0.4859 0.5141
507 0.4866 0.5134
508 0.4864 0.5136
509 0.486 0.514
510 0.4872 0.5128
511 0.4858 0.5142
512 0.4869 0.5131
513 0.4861 0.5139
514 0.4865 0.5135
515 0.4848 0.5152
516 0.4846 0.5154
517 0.4845 0.5155
518 0.4857 0.5143
519 0.4863 0.5137
520 0.485 0.515
521 0.4862 0.5138
522 0.4846 0.5154
523 0.4854 0.5146
524 0.4837 0.5163
525 0.486 0.514
526 0.4865 0.5135
527 0.4852 0.5148
528 0.4851 0.5149
529 0.4869 0.5131
530 0.4851 0.5149
531 0.4857 0.5143
532 0.4855 0.5145
533 0.4856 0.5144
534 0.4842 0.5158
535 0.4843 0.5157
536 0.485 0.515
537 0.4855 0.5145
538 0.4853 0.5147
539 0.4848 0.5152
540 0.4853 0.5147
541 0.4862 0.5138
542 0.4859 0.5141
543 0.4854 0.5146
544 0.485 0.515
545 0.4842 0.5158
546 0.4849 0.5151
547 0.4853 0.5147
548 0.4859 0.5141
549 0.486 0.514
550 0.4851 0.5149
551 0.4858 0.5142
552 0.4855 0.5145
553 0.4849 0.5151
554 0.4854 0.5146
555 0.4832 0.5168
556 0.4854 0.5146
557 0.4832 0.5168
558 0.4839 0.5161
559 0.4832 0.5168
560 0.4857 0.5143
561 0.4846 0.5154
562 0.4851 0.5149
563 0.4841 0.5159
564 0.4852 0.5148
565 0.4852 0.5148
566 0.484 0.516
567 0.4859 0.5141
568 0.4849 0.5151
569 0.4843 0.5157
570 0.484 0.516
571 0.4846 0.5154
572 0.4854 0.5146
573 0.4837 0.5163
574 0.4854 0.5146
575 0.4853 0.5147
576 0.4842 0.5158
577 0.484 0.516
578 0.4853 0.5147
579 0.4829 0.5171
580 0.4845 0.5155
581 0.4844 0.5156
582 0.4858 0.5142
583 0.4844 0.5156
584 0.4845 0.5155
585 0.4848 0.5152
586 0.4843 0.5157
587 0.4832 0.5168
588 0.4842 0.5158
589 0.4837 0.5163
590 0.4839 0.5161
591 0.4866 0.5134
592 0.484 0.516
593 0.4864 0.5136
594 0.4842 0.5158
595 0.4858 0.5142
596 0.4831 0.5169
597 0.4836 0.5164
598 0.4844 0.5156
599 0.4842 0.5158
600 0.4838 0.5162
601 0.4856 0.5144
602 0.4845 0.5155
603 0.4842 0.5158
604 0.4853 0.5147
605 0.485 0.515
606 0.4847 0.5153
607 0.4827 0.5173
608 0.4863 0.5137
609 0.4842 0.5158
610 0.4846 0.5154
611 0.4853 0.5147
612 0.4831 0.5169
613 0.4859 0.5141
614 0.4845 0.5155
615 0.4854 0.5146
616 0.4851 0.5149
617 0.4843 0.5157
618 0.485 0.515
619 0.4837 0.5163
620 0.484 0.516
621 0.4834 0.5166
622 0.4841 0.5159
623 0.4858 0.5142
624 0.4835 0.5165
625 0.4859 0.5141
626 0.4857 0.5143
627 0.486 0.514
628 0.485 0.515
629 0.4836 0.5164
630 0.4836 0.5164
631 0.4836 0.5164
632 0.4824 0.5176
633 0.4836 0.5164
634 0.4839 0.5161
635 0.4837 0.5163
636 0.4839 0.5161
637 0.4848 0.5152
638 0.484 0.516
639 0.4846 0.5154
640 0.4841 0.5159
641 0.4859 0.5141
642 0.4844 0.5156
643 0.484 0.516
644 0.4845 0.5155
645 0.4833 0.5167
646 0.4839 0.5161
647 0.4856 0.5144
648 0.4847 0.5153
649 0.4828 0.5172
650 0.4854 0.5146
651 0.4848 0.5152
652 0.4851 0.5149
653 0.4844 0.5156
654 0.485 0.515
655 0.484 0.516
656 0.4856 0.5144
657 0.4849 0.5151
658 0.4855 0.5145
659 0.4827 0.5173
660 0.4836 0.5164
661 0.4836 0.5164
662 0.4827 0.5173
663 0.4844 0.5156
664 0.4833 0.5167
665 0.4843 0.5157
666 0.4834 0.5166
667 0.4851 0.5149
668 0.4847 0.5153
669 0.4831 0.5169
670 0.4851 0.5149
671 0.483 0.517
672 0.4845 0.5155
673 0.4851 0.5149
674 0.4832 0.5168
675 0.484 0.516
676 0.4843 0.5157
677 0.4867 0.5133
678 0.4832 0.5168
679 0.4845 0.5155
680 0.4834 0.5166
681 0.4818 0.5182
682 0.4857 0.5143
683 0.4841 0.5159
684 0.4852 0.5148
685 0.4844 0.5156
686 0.4837 0.5163
687 0.4825 0.5175
688 0.4857 0.5143
689 0.4842 0.5158
690 0.4837 0.5163
691 0.4841 0.5159
692 0.4824 0.5176
693 0.4835 0.5165
694 0.4829 0.5171
695 0.4837 0.5163
696 0.4828 0.5172
697 0.4838 0.5162
698 0.485 0.515
699 0.4843 0.5157
700 0.4862 0.5138
701 0.4813 0.5187
702 0.4826 0.5174
703 0.4849 0.5151
704 0.4839 0.5161
705 0.4843 0.5157
706 0.4836 0.5164
707 0.4848 0.5152
708 0.4823 0.5177
709 0.4824 0.5176
710 0.4847 0.5153
711 0.4848 0.5152
712 0.4833 0.5167
713 0.4833 0.5167
714 0.4845 0.5155
715 0.4814 0.5186
716 0.4828 0.5172
717 0.4849 0.5151
718 0.4839 0.5161
719 0.4838 0.5162
720 0.4826 0.5174
721 0.4843 0.5157
722 0.4844 0.5156
723 0.4837 0.5163
724 0.4841 0.5159
725 0.4845 0.5155
726 0.4843 0.5157
727 0.4833 0.5167
728 0.4856 0.5144
729 0.4834 0.5166
730 0.4871 0.5129
731 0.4842 0.5158
732 0.4833 0.5167
733 0.4831 0.5169
734 0.4847 0.5153
735 0.4856 0.5144
736 0.4857 0.5143
737 0.4848 0.5152
738 0.482 0.518
739 0.4844 0.5156
740 0.4831 0.5169
741 0.4849 0.5151
742 0.4844 0.5156
743 0.4836 0.5164
744 0.4838 0.5162
745 0.4837 0.5163
746 0.4817 0.5183
747 0.485 0.515
748 0.4821 0.5179
749 0.4839 0.5161
750 0.4836 0.5164
751 0.4824 0.5176
752 0.482 0.518
753 0.4856 0.5144
754 0.4853 0.5147
755 0.4834 0.5166
756 0.4841 0.5159
757 0.4824 0.5176
758 0.4851 0.5149
759 0.4835 0.5165
760 0.4842 0.5158
761 0.4841 0.5159
762 0.482 0.518
763 0.4838 0.5162
764 0.4826 0.5174
765 0.4814 0.5186
766 0.4829 0.5171
767 0.4835 0.5165
768 0.4819 0.5181
769 0.4843 0.5157
770 0.4841 0.5159
771 0.4847 0.5153
772 0.4833 0.5167
773 0.485 0.515
774 0.4861 0.5139
775 0.4837 0.5163
776 0.4818 0.5182
777 0.4844 0.5156
778 0.4806 0.5194
779 0.4842 0.5158
780 0.4852 0.5148
781 0.4831 0.5169
782 0.4821 0.5179
783 0.4823 0.5177
784 0.4838 0.5162
785 0.4828 0.5172
786 0.4835 0.5165
787 0.4812 0.5188
788 0.4864 0.5136
789 0.4831 0.5169
790 0.4831 0.5169
791 0.483 0.517
792 0.4831 0.5169
793 0.4815 0.5185
794 0.4859 0.5141
795 0.4807 0.5193
796 0.4852 0.5148
797 0.4818 0.5182
798 0.4827 0.5173
799 0.4862 0.5138
800 0.4818 0.5182
801 0.4848 0.5152
802 0.483 0.517
803 0.4848 0.5152
804 0.4832 0.5168
805 0.4822 0.5178
806 0.4846 0.5154
807 0.4859 0.5141
808 0.4823 0.5177
809 0.4839 0.5161
810 0.4829 0.5171
811 0.4839 0.5161
812 0.4825 0.5175
813 0.4813 0.5187
814 0.4851 0.5149
815 0.4826 0.5174
816 0.4799 0.5201
817 0.483 0.517
818 0.4838 0.5162
819 0.4814 0.5186
820 0.4846 0.5154
821 0.4818 0.5182
822 0.4812 0.5188
823 0.4825 0.5175
824 0.4832 0.5168
825 0.4821 0.5179
826 0.4832 0.5168
827 0.4817 0.5183
828 0.4828 0.5172
829 0.4793 0.5207
830 0.4805 0.5195
831 0.4824 0.5176
832 0.485 0.515
833 0.483 0.517
834 0.4827 0.5173
835 0.4838 0.5162
836 0.4824 0.5176
837 0.4843 0.5157
838 0.4822 0.5178
839 0.4857 0.5143
840 0.4826 0.5174
841 0.4828 0.5172
842 0.4827 0.5173
843 0.4824 0.5176
844 0.4821 0.5179
845 0.4842 0.5158
846 0.4829 0.5171
847 0.4813 0.5187
848 0.4819 0.5181
849 0.4834 0.5166
850 0.4831 0.5169
851 0.4844 0.5156
852 0.485 0.515
853 0.4846 0.5154
854 0.4804 0.5196
855 0.4843 0.5157
856 0.4826 0.5174
857 0.4824 0.5176
858 0.4825 0.5175
859 0.483 0.517
860 0.4803 0.5197
861 0.4806 0.5194
862 0.4815 0.5185
863 0.4829 0.5171
864 0.4837 0.5163
865 0.484 0.516
866 0.485 0.515
867 0.4837 0.5163
868 0.4817 0.5183
869 0.4808 0.5192
870 0.4849 0.5151
871 0.4835 0.5165
872 0.4806 0.5194
873 0.481 0.519
874 0.4842 0.5158
875 0.4804 0.5196
876 0.482 0.518
877 0.4818 0.5182
878 0.4823 0.5177
879 0.4849 0.5151
880 0.481 0.519
881 0.4847 0.5153
882 0.4838 0.5162
883 0.4826 0.5174
884 0.4846 0.5154
885 0.4826 0.5174
886 0.4854 0.5146
887 0.4807 0.5193
888 0.4848 0.5152
889 0.4831 0.5169
890 0.4846 0.5154
891 0.4863 0.5137
892 0.4842 0.5158
893 0.4837 0.5163
894 0.4849 0.5151
895 0.4804 0.5196
896 0.4804 0.5196
897 0.4819 0.5181
898 0.4811 0.5189
899 0.4806 0.5194
900 0.4826 0.5174
901 0.4832 0.5168
902 0.486 0.514
903 0.4814 0.5186
904 0.4838 0.5162
905 0.4829 0.5171
906 0.4808 0.5192
907 0.4828 0.5172
908 0.4822 0.5178
909 0.4844 0.5156
910 0.4837 0.5163
911 0.4813 0.5187
912 0.4809 0.5191
913 0.4824 0.5176
914 0.4828 0.5172
915 0.4817 0.5183
916 0.4845 0.5155
917 0.4845 0.5155
918 0.4835 0.5165
919 0.4841 0.5159
920 0.4816 0.5184
921 0.4812 0.5188
922 0.483 0.517
923 0.4829 0.5171
924 0.4827 0.5173
925 0.4835 0.5165
926 0.4807 0.5193
927 0.4837 0.5163
928 0.4837 0.5163
929 0.4808 0.5192
930 0.4802 0.5198
931 0.4835 0.5165
932 0.4836 0.5164
933 0.4807 0.5193
934 0.4817 0.5183
935 0.4829 0.5171
936 0.4825 0.5175
937 0.4817 0.5183
938 0.4821 0.5179
939 0.4846 0.5154
940 0.4789 0.5211
941 0.4797 0.5203
942 0.4807 0.5193
943 0.485 0.515
944 0.4812 0.5188
945 0.4809 0.5191
946 0.4819 0.5181
947 0.4817 0.5183
948 0.4806 0.5194
949 0.4792 0.5208
950 0.4796 0.5204
951 0.4831 0.5169
952 0.481 0.519
953 0.4805 0.5195
954 0.4814 0.5186
955 0.48 0.52
956 0.4829 0.5171
957 0.4816 0.5184
958 0.4827 0.5173
959 0.4807 0.5193
960 0.4805 0.5195
961 0.4816 0.5184
962 0.4798 0.5202
963 0.4806 0.5194
964 0.4836 0.5164
965 0.4788 0.5212
966 0.4824 0.5176
967 0.4858 0.5142
968 0.48 0.52
969 0.4815 0.5185
970 0.485 0.515
971 0.4831 0.5169
972 0.4801 0.5199
973 0.4843 0.5157
974 0.4832 0.5168
975 0.4824 0.5176
976 0.4855 0.5145
977 0.481 0.519
978 0.4838 0.5162
979 0.4825 0.5175
980 0.482 0.518
981 0.4818 0.5182
982 0.4812 0.5188
983 0.481 0.519
984 0.4791 0.5209
985 0.4819 0.5181
986 0.4847 0.5153
987 0.4822 0.5178
988 0.4822 0.5178
989 0.4785 0.5215
990 0.4798 0.5202
991 0.4817 0.5183
992 0.4833 0.5167
993 0.4834 0.5166
994 0.4826 0.5174
995 0.4828 0.5172
996 0.4823 0.5177
997 0.4805 0.5195
998 0.4846 0.5154
999 0.4821 0.5179
1000 0.4829 0.5171
1001 0.4822 0.5178
1002 0.4788 0.5212
1003 0.4794 0.5206
1004 0.4835 0.5165
1005 0.4834 0.5166
1006 0.4847 0.5153
1007 0.4835 0.5165
1008 0.4854 0.5146
1009 0.4836 0.5164
1010 0.482 0.518
1011 0.4804 0.5196
1012 0.4783 0.5217
1013 0.4831 0.5169
1014 0.4837 0.5163
1015 0.4827 0.5173
1016 0.4812 0.5188
1017 0.4792 0.5208
1018 0.4839 0.5161
1019 0.4792 0.5208
1020 0.4821 0.5179
1021 0.4844 0.5156
1022 0.482 0.518
1023 0.4827 0.5173
1024 0.4842 0.5158
1025 0.4802 0.5198
1026 0.4806 0.5194
1027 0.4819 0.5181
1028 0.4825 0.5175
1029 0.4778 0.5222
1030 0.4838 0.5162
1031 0.483 0.517
1032 0.4789 0.5211
1033 0.4801 0.5199
1034 0.4794 0.5206
1035 0.4781 0.5219
1036 0.4825 0.5175
1037 0.4808 0.5192
1038 0.4837 0.5163
1039 0.4804 0.5196
1040 0.4825 0.5175
1041 0.4802 0.5198
1042 0.4872 0.5128
1043 0.4866 0.5134
1044 0.4815 0.5185
1045 0.4846 0.5154
1046 0.4841 0.5159
1047 0.4819 0.5181
1048 0.4863 0.5137
1049 0.4776 0.5224
1050 0.4799 0.5201
1051 0.4856 0.5144
1052 0.4809 0.5191
1053 0.4858 0.5142
1054 0.4835 0.5165
1055 0.4807 0.5193
1056 0.4822 0.5178
1057 0.4843 0.5157
1058 0.4822 0.5178
1059 0.4833 0.5167
1060 0.4792 0.5208
1061 0.4853 0.5147
1062 0.4835 0.5165
1063 0.4835 0.5165
1064 0.4806 0.5194
1065 0.4797 0.5203
1066 0.4778 0.5222
1067 0.4821 0.5179
1068 0.4804 0.5196
1069 0.4804 0.5196
1070 0.4856 0.5144
1071 0.4839 0.5161
1072 0.4841 0.5159
1073 0.4818 0.5182
1074 0.4845 0.5155
1075 0.4777 0.5223
1076 0.4824 0.5176
1077 0.4826 0.5174
1078 0.4836 0.5164
1079 0.4832 0.5168
1080 0.4855 0.5145
1081 0.4769 0.5231
1082 0.483 0.517
1083 0.4819 0.5181
1084 0.4817 0.5183
1085 0.4826 0.5174
1086 0.4807 0.5193
1087 0.4836 0.5164
1088 0.4846 0.5154
1089 0.4833 0.5167
1090 0.4811 0.5189
1091 0.4832 0.5168
1092 0.48 0.52
1093 0.4832 0.5168
1094 0.4813 0.5187
1095 0.4871 0.5129
1096 0.4838 0.5162
1097 0.4815 0.5185
1098 0.4803 0.5197
1099 0.483 0.517
1100 0.4827 0.5173
1101 0.4838 0.5162
1102 0.48 0.52
1103 0.4824 0.5176
1104 0.4803 0.5197
1105 0.4816 0.5184
1106 0.4752 0.5248
1107 0.4837 0.5163
1108 0.4802 0.5198
1109 0.4806 0.5194
1110 0.4806 0.5194
1111 0.4815 0.5185
1112 0.4801 0.5199
1113 0.4828 0.5172
1114 0.4849 0.5151
1115 0.4845 0.5155
1116 0.4811 0.5189
1117 0.4829 0.5171
1118 0.4839 0.5161
1119 0.484 0.516
1120 0.4848 0.5152
1121 0.4799 0.5201
1122 0.4815 0.5185
1123 0.4764 0.5236
1124 0.4831 0.5169
1125 0.4856 0.5144
1126 0.482 0.518
1127 0.4799 0.5201
1128 0.4796 0.5204
1129 0.4872 0.5128
1130 0.4815 0.5185
1131 0.4813 0.5187
1132 0.484 0.516
1133 0.4792 0.5208
1134 0.4839 0.5161
1135 0.4825 0.5175
1136 0.4819 0.5181
1137 0.4772 0.5228
1138 0.4833 0.5167
1139 0.4848 0.5152
1140 0.4791 0.5209
1141 0.4826 0.5174
1142 0.4792 0.5208
1143 0.4762 0.5238
1144 0.4784 0.5216
1145 0.4795 0.5205
1146 0.4805 0.5195
1147 0.48 0.52
1148 0.4819 0.5181
1149 0.4831 0.5169
1150 0.4851 0.5149
1151 0.4858 0.5142
1152 0.4821 0.5179
1153 0.4835 0.5165
1154 0.4858 0.5142
1155 0.4843 0.5157
1156 0.4804 0.5196
1157 0.4829 0.5171
1158 0.4854 0.5146
1159 0.4821 0.5179
1160 0.4803 0.5197
1161 0.477 0.523
1162 0.486 0.514
1163 0.4826 0.5174
1164 0.4802 0.5198
1165 0.4762 0.5238
1166 0.4851 0.5149
1167 0.478 0.522
1168 0.4821 0.5179
1169 0.4793 0.5207
1170 0.4829 0.5171
1171 0.4791 0.5209
1172 0.4806 0.5194
1173 0.4748 0.5252
1174 0.4836 0.5164
1175 0.4821 0.5179
1176 0.4798 0.5202
1177 0.4824 0.5176
1178 0.4812 0.5188
1179 0.4812 0.5188
1180 0.4834 0.5166
1181 0.4763 0.5237
1182 0.4794 0.5206
1183 0.4831 0.5169
1184 0.4841 0.5159
1185 0.4767 0.5233
1186 0.484 0.516
1187 0.4803 0.5197
1188 0.4823 0.5177
1189 0.4788 0.5212
1190 0.4769 0.5231
1191 0.4824 0.5176
1192 0.4824 0.5176
1193 0.4804 0.5196
1194 0.4826 0.5174
1195 0.4777 0.5223
1196 0.4778 0.5222
1197 0.4853 0.5147
1198 0.4818 0.5182
1199 0.4858 0.5142
1200 0.4846 0.5154
1201 0.477 0.523
1202 0.4827 0.5173
1203 0.4852 0.5148
1204 0.4826 0.5174
1205 0.486 0.514
1206 0.4824 0.5176
1207 0.485 0.515
1208 0.482 0.518
1209 0.4829 0.5171
1210 0.4808 0.5192
1211 0.4772 0.5228
1212 0.4832 0.5168
1213 0.4824 0.5176
1214 0.4876 0.5124
1215 0.4819 0.5181
1216 0.4753 0.5247
1217 0.4768 0.5232
1218 0.4822 0.5178
1219 0.4823 0.5177
1220 0.4851 0.5149
1221 0.4817 0.5183
1222 0.4786 0.5214
1223 0.4744 0.5256
1224 0.4868 0.5132
1225 0.4802 0.5198
1226 0.4803 0.5197
1227 0.4831 0.5169
1228 0.4787 0.5213
1229 0.4839 0.5161
1230 0.4778 0.5222
1231 0.4795 0.5205
1232 0.4877 0.5123
1233 0.4853 0.5147
1234 0.4838 0.5162
1235 0.4771 0.5229
1236 0.4821 0.5179
1237 0.4803 0.5197
1238 0.4825 0.5175
1239 0.4815 0.5185
1240 0.485 0.515
1241 0.4838 0.5162
1242 0.4803 0.5197
1243 0.4814 0.5186
1244 0.4809 0.5191
1245 0.4829 0.5171
1246 0.4788 0.5212
1247 0.4809 0.5191
1248 0.4821 0.5179
1249 0.4811 0.5189
1250 0.4802 0.5198
1251 0.4797 0.5203
1252 0.4839 0.5161
1253 0.4803 0.5197
1254 0.4833 0.5167
1255 0.4777 0.5223
1256 0.479 0.521
1257 0.4809 0.5191
1258 0.4744 0.5256
1259 0.4796 0.5204
1260 0.4843 0.5157
1261 0.4899 0.5101
1262 0.4804 0.5196
1263 0.4861 0.5139
1264 0.484 0.516
1265 0.4814 0.5186
1266 0.4765 0.5235
1267 0.4778 0.5222
1268 0.478 0.522
1269 0.4828 0.5172
1270 0.4867 0.5133
1271 0.4853 0.5147
1272 0.4778 0.5222
1273 0.4844 0.5156
1274 0.4752 0.5248
1275 0.4806 0.5194
1276 0.4796 0.5204
1277 0.4834 0.5166
1278 0.4859 0.5141
1279 0.4834 0.5166
1280 0.4732 0.5268
1281 0.4814 0.5186
1282 0.4865 0.5135
1283 0.4759 0.5241
1284 0.4832 0.5168
1285 0.4827 0.5173
1286 0.4814 0.5186
1287 0.4817 0.5183
1288 0.4812 0.5188
1289 0.4748 0.5252
1290 0.4839 0.5161
1291 0.4881 0.5119
1292 0.4878 0.5122
1293 0.4745 0.5255
1294 0.4821 0.5179
1295 0.4815 0.5185
1296 0.4821 0.5179
1297 0.4828 0.5172
1298 0.4829 0.5171
1299 0.4813 0.5187
1300 0.4725 0.5275
1301 0.4789 0.5211
1302 0.4844 0.5156
1303 0.4774 0.5226
1304 0.4801 0.5199
1305 0.4853 0.5147
1306 0.4788 0.5212
1307 0.4854 0.5146
1308 0.4817 0.5183
1309 0.4833 0.5167
1310 0.4807 0.5193
1311 0.472 0.528
1312 0.4773 0.5227
1313 0.4847 0.5153
1314 0.4804 0.5196
1315 0.4783 0.5217
1316 0.4785 0.5215
1317 0.4853 0.5147
1318 0.4802 0.5198
1319 0.4795 0.5205
1320 0.4787 0.5213
1321 0.4804 0.5196
1322 0.4809 0.5191
1323 0.4838 0.5162
1324 0.4859 0.5141
1325 0.4798 0.5202
1326 0.4826 0.5174
1327 0.4874 0.5126
1328 0.4799 0.5201
1329 0.4832 0.5168
1330 0.4766 0.5234
1331 0.4789 0.5211
1332 0.4841 0.5159
1333 0.4773 0.5227
1334 0.4799 0.5201
1335 0.4824 0.5176
1336 0.48 0.52
1337 0.4791 0.5209
1338 0.4779 0.5221
1339 0.4763 0.5237
1340 0.4844 0.5156
1341 0.4796 0.5204
1342 0.4796 0.5204
1343 0.4749 0.5251
1344 0.4855 0.5145
1345 0.4785 0.5215
1346 0.4789 0.5211
1347 0.4907 0.5093
1348 0.4836 0.5164
1349 0.4723 0.5277
1350 0.4819 0.5181
1351 0.4731 0.5269
1352 0.4799 0.5201
1353 0.4873 0.5127
1354 0.4775 0.5225
1355 0.4807 0.5193
1356 0.4778 0.5222
1357 0.4791 0.5209
1358 0.4821 0.5179
1359 0.4885 0.5115
1360 0.4822 0.5178
1361 0.4789 0.5211
1362 0.485 0.515
1363 0.4859 0.5141
1364 0.4839 0.5161
1365 0.4813 0.5187
1366 0.4785 0.5215
1367 0.4756 0.5244
1368 0.4808 0.5192
1369 0.4768 0.5232
1370 0.4825 0.5175
1371 0.4766 0.5234
1372 0.4867 0.5133
1373 0.4787 0.5213
1374 0.4816 0.5184
1375 0.4861 0.5139
1376 0.4848 0.5152
1377 0.4743 0.5257
1378 0.4818 0.5182
1379 0.4818 0.5182
1380 0.4857 0.5143
1381 0.4768 0.5232
1382 0.4819 0.5181
1383 0.4737 0.5263
1384 0.4871 0.5129
1385 0.4893 0.5107
1386 0.4789 0.5211
1387 0.4895 0.5105
1388 0.4764 0.5236
1389 0.49 0.51
1390 0.476 0.524
1391 0.4859 0.5141
1392 0.4798 0.5202
1393 0.4838 0.5162
1394 0.4805 0.5195
1395 0.4787 0.5213
1396 0.4823 0.5177
1397 0.4789 0.5211
1398 0.4735 0.5265
1399 0.4846 0.5154
1400 0.4767 0.5233
1401 0.4866 0.5134
1402 0.4807 0.5193
1403 0.4803 0.5197
1404 0.4844 0.5156
1405 0.4871 0.5129
1406 0.4776 0.5224
1407 0.4852 0.5148
1408 0.4795 0.5205
1409 0.4886 0.5114
1410 0.4803 0.5197
1411 0.4774 0.5226
1412 0.4826 0.5174
1413 0.4833 0.5167
1414 0.4845 0.5155
1415 0.4713 0.5287
1416 0.4747 0.5253
1417 0.4847 0.5153
1418 0.4814 0.5186
1419 0.4791 0.5209
1420 0.491 0.509
1421 0.4737 0.5263
1422 0.4862 0.5138
1423 0.4883 0.5117
1424 0.4761 0.5239
1425 0.482 0.518
1426 0.4783 0.5217
1427 0.4856 0.5144
1428 0.4889 0.5111
1429 0.4802 0.5198
1430 0.4738 0.5262
1431 0.4801 0.5199
1432 0.4767 0.5233
1433 0.4766 0.5234
1434 0.4897 0.5103
1435 0.4822 0.5178
1436 0.4732 0.5268
1437 0.4858 0.5142
1438 0.483 0.517
1439 0.4828 0.5172
1440 0.4737 0.5263
1441 0.4776 0.5224
1442 0.4676 0.5324
1443 0.4764 0.5236
1444 0.4788 0.5212
1445 0.4854 0.5146
1446 0.4845 0.5155
1447 0.4847 0.5153
1448 0.4776 0.5224
1449 0.4782 0.5218
1450 0.4815 0.5185
1451 0.4788 0.5212
1452 0.48 0.52
1453 0.4831 0.5169
1454 0.4795 0.5205
1455 0.474 0.526
1456 0.4793 0.5207
1457 0.4779 0.5221
1458 0.4704 0.5296
1459 0.4767 0.5233
1460 0.4791 0.5209
1461 0.4825 0.5175
1462 0.4839 0.5161
1463 0.4835 0.5165
1464 0.4874 0.5126
1465 0.4863 0.5137
1466 0.4743 0.5257
1467 0.4824 0.5176
1468 0.4867 0.5133
1469 0.4772 0.5228
1470 0.4811 0.5189
1471 0.4745 0.5255
1472 0.4739 0.5261
1473 0.4785 0.5215
1474 0.4853 0.5147
1475 0.4821 0.5179
1476 0.4848 0.5152
1477 0.4843 0.5157
1478 0.4821 0.5179
1479 0.4832 0.5168
1480 0.4753 0.5247
1481 0.4774 0.5226
1482 0.4863 0.5137
1483 0.4765 0.5235
1484 0.4741 0.5259
1485 0.4793 0.5207
1486 0.4815 0.5185
1487 0.476 0.524
1488 0.4836 0.5164
1489 0.4745 0.5255
1490 0.4764 0.5236
1491 0.4855 0.5145
1492 0.4767 0.5233
1493 0.4774 0.5226
1494 0.4872 0.5128
1495 0.4786 0.5214
1496 0.4707 0.5293
1497 0.4882 0.5118
1498 0.4898 0.5102
1499 0.4715 0.5285
1500 0.4827 0.5173
1501 0.473 0.527
1502 0.4849 0.5151
1503 0.4896 0.5104
1504 0.4853 0.5147
1505 0.4797 0.5203
1506 0.4914 0.5086
1507 0.4865 0.5135
1508 0.4756 0.5244
1509 0.4894 0.5106
1510 0.4827 0.5173
1511 0.4843 0.5157
1512 0.4713 0.5287
1513 0.4873 0.5127
1514 0.4851 0.5149
1515 0.4825 0.5175
1516 0.4753 0.5247
1517 0.4851 0.5149
1518 0.4868 0.5132
1519 0.4824 0.5176
1520 0.4827 0.5173
1521 0.4772 0.5228
1522 0.4775 0.5225
1523 0.4763 0.5237
1524 0.4773 0.5227
1525 0.479 0.521
1526 0.4679 0.5321
1527 0.4818 0.5182
1528 0.4915 0.5085
1529 0.4774 0.5226
1530 0.4791 0.5209
1531 0.491 0.509
1532 0.4915 0.5085
1533 0.482 0.518
1534 0.4781 0.5219
1535 0.4777 0.5223
1536 0.4864 0.5136
1537 0.4838 0.5162
1538 0.4806 0.5194
1539 0.4708 0.5292
1540 0.4716 0.5284
1541 0.478 0.522
1542 0.4729 0.5271
1543 0.4716 0.5284
1544 0.47 0.53
1545 0.4845 0.5155
1546 0.4733 0.5267
1547 0.4808 0.5192
1548 0.4863 0.5137
1549 0.4764 0.5236
1550 0.4842 0.5158
1551 0.484 0.516
1552 0.4857 0.5143
1553 0.4995 0.5005
1554 0.4859 0.5141
1555 0.4827 0.5173
1556 0.485 0.515
1557 0.4755 0.5245
1558 0.4935 0.5065
1559 0.48 0.52
1560 0.4776 0.5224
1561 0.475 0.525
1562 0.4791 0.5209
1563 0.4929 0.5071
1564 0.488 0.512
1565 0.482 0.518
1566 0.4824 0.5176
1567 0.4909 0.5091
1568 0.4772 0.5228
1569 0.4813 0.5187
1570 0.4821 0.5179
1571 0.4758 0.5242
1572 0.4824 0.5176
1573 0.4781 0.5219
1574 0.486 0.514
1575 0.4751 0.5249
1576 0.4758 0.5242
1577 0.4577 0.5423
1578 0.4851 0.5149
1579 0.4815 0.5185
1580 0.4682 0.5318
1581 0.4871 0.5129
1582 0.4782 0.5218
1583 0.4678 0.5322
1584 0.4776 0.5224
1585 0.4748 0.5252
1586 0.4688 0.5312
1587 0.4881 0.5119
1588 0.4829 0.5171
1589 0.4744 0.5256
1590 0.4677 0.5323
1591 0.4734 0.5266
1592 0.4819 0.5181
1593 0.476 0.524
1594 0.4769 0.5231
1595 0.4845 0.5155
1596 0.4767 0.5233
1597 0.4925 0.5075
1598 0.4896 0.5104
1599 0.4956 0.5044
1600 0.4819 0.5181
1601 0.4901 0.5099
1602 0.4787 0.5213
1603 0.4869 0.5131
1604 0.4848 0.5152
1605 0.4675 0.5325
1606 0.4775 0.5225
1607 0.4775 0.5225
1608 0.4719 0.5281
1609 0.4741 0.5259
1610 0.4813 0.5187
1611 0.4752 0.5248
1612 0.4762 0.5238
1613 0.4787 0.5213
1614 0.4771 0.5229
1615 0.4816 0.5184
1616 0.5001 0.4999
1617 0.4828 0.5172
1618 0.4725 0.5275
1619 0.4816 0.5184
1620 0.4885 0.5115
1621 0.4898 0.5102
1622 0.4679 0.5321
1623 0.4832 0.5168
1624 0.4757 0.5243
1625 0.4877 0.5123
1626 0.4789 0.5211
1627 0.4843 0.5157
1628 0.4938 0.5062
1629 0.4726 0.5274
1630 0.4857 0.5143
1631 0.4836 0.5164
1632 0.4755 0.5245
1633 0.4749 0.5251
1634 0.4848 0.5152
1635 0.489 0.511
1636 0.4754 0.5246
1637 0.4766 0.5234
1638 0.4718 0.5282
1639 0.4742 0.5258
1640 0.4753 0.5247
1641 0.4816 0.5184
1642 0.4778 0.5222
1643 0.4878 0.5122
1644 0.4726 0.5274
1645 0.4845 0.5155
1646 0.4809 0.5191
1647 0.4814 0.5186
1648 0.4771 0.5229
1649 0.4804 0.5196
1650 0.4793 0.5207
1651 0.4854 0.5146
1652 0.4866 0.5134
1653 0.4949 0.5051
1654 0.4955 0.5045
1655 0.4764 0.5236
1656 0.4821 0.5179
1657 0.4745 0.5255
1658 0.481 0.519
1659 0.484 0.516
1660 0.4849 0.5151
1661 0.4742 0.5258
1662 0.4873 0.5127
1663 0.4655 0.5345
1664 0.485 0.515
1665 0.4543 0.5457
1666 0.4818 0.5182
1667 0.4719 0.5281
1668 0.4662 0.5338
1669 0.4699 0.5301
1670 0.491 0.509
1671 0.4958 0.5042
1672 0.4847 0.5153
1673 0.4762 0.5238
1674 0.4825 0.5175
1675 0.4661 0.5339
1676 0.4708 0.5292
1677 0.4803 0.5197
1678 0.4833 0.5167
1679 0.5008 0.4992
1680 0.4895 0.5105
1681 0.4874 0.5126
1682 0.4852 0.5148
1683 0.4799 0.5201
1684 0.4753 0.5247
1685 0.4693 0.5307
1686 0.4979 0.5021
1687 0.4887 0.5113
1688 0.476 0.524
1689 0.4877 0.5123
1690 0.457 0.543
1691 0.476 0.524
1692 0.5 0.5
1693 0.4629 0.5371
1694 0.484 0.516
1695 0.4923 0.5077
1696 0.4808 0.5192
1697 0.4789 0.5211
1698 0.471 0.529
1699 0.4783 0.5217
1700 0.4725 0.5275
1701 0.4842 0.5158
1702 0.5075 0.4925
1703 0.4775 0.5225
1704 0.4763 0.5237
1705 0.4717 0.5283
1706 0.4833 0.5167
1707 0.4928 0.5072
1708 0.4753 0.5247
1709 0.4941 0.5059
1710 0.4755 0.5245
1711 0.5086 0.4914
1712 0.4712 0.5288
1713 0.4855 0.5145
1714 0.4826 0.5174
1715 0.4818 0.5182
1716 0.4825 0.5175
1717 0.4835 0.5165
1718 0.4788 0.5212
1719 0.4774 0.5226
1720 0.4907 0.5093
1721 0.4838 0.5162
1722 0.4758 0.5242
1723 0.4958 0.5042
1724 0.4892 0.5108
1725 0.4877 0.5123
1726 0.4753 0.5247
1727 0.482 0.518
1728 0.4668 0.5332
1729 0.4926 0.5074
1730 0.4822 0.5178
1731 0.4872 0.5128
1732 0.485 0.515
1733 0.4614 0.5386
1734 0.4717 0.5283
1735 0.4898 0.5102
1736 0.4812 0.5188
1737 0.4873 0.5127
1738 0.4697 0.5303
1739 0.477 0.523
1740 0.4826 0.5174
1741 0.4784 0.5216
1742 0.4541 0.5459
1743 0.4841 0.5159
1744 0.4865 0.5135
1745 0.4764 0.5236
1746 0.486 0.514
1747 0.4931 0.5069
1748 0.471 0.529
1749 0.4713 0.5287
1750 0.4892 0.5108
1751 0.4822 0.5178
1752 0.4849 0.5151
1753 0.4866 0.5134
1754 0.4769 0.5231
1755 0.4696 0.5304
1756 0.4713 0.5287
1757 0.4772 0.5228
1758 0.4712 0.5288
1759 0.4786 0.5214
1760 0.4868 0.5132
1761 0.4966 0.5034
1762 0.4949 0.5051
1763 0.4843 0.5157
1764 0.4702 0.5298
1765 0.4916 0.5084
1766 0.4883 0.5117
1767 0.4868 0.5132
1768 0.4659 0.5341
1769 0.5005 0.4995
1770 0.4779 0.5221
1771 0.4914 0.5086
1772 0.4715 0.5285
1773 0.4854 0.5146
1774 0.4629 0.5371
1775 0.4787 0.5213
1776 0.4913 0.5087
1777 0.4686 0.5314
1778 0.491 0.509
1779 0.4834 0.5166
1780 0.4823 0.5177
1781 0.4861 0.5139
1782 0.4819 0.5181
1783 0.4599 0.5401
1784 0.4912 0.5088
1785 0.4783 0.5217
1786 0.481 0.519
1787 0.4903 0.5097
1788 0.4858 0.5142
1789 0.4851 0.5149
1790 0.4885 0.5115
1791 0.4754 0.5246
1792 0.4828 0.5172
1793 0.474 0.526
1794 0.492 0.508
1795 0.4718 0.5282
1796 0.4771 0.5229
1797 0.4806 0.5194
1798 0.4855 0.5145
1799 0.4846 0.5154
1800 0.493 0.507
1801 0.4672 0.5328
1802 0.4731 0.5269
1803 0.48 0.52
1804 0.508 0.492
1805 0.4628 0.5372
1806 0.4738 0.5262
1807 0.4799 0.5201
1808 0.4768 0.5232
1809 0.4815 0.5185
1810 0.493 0.507
1811 0.4729 0.5271
1812 0.4739 0.5261
1813 0.4647 0.5353
1814 0.489 0.511
1815 0.483 0.517
1816 0.4732 0.5268
1817 0.4762 0.5238
1818 0.4854 0.5146
1819 0.4832 0.5168
1820 0.4695 0.5305
1821 0.4785 0.5215
1822 0.4554 0.5446
1823 0.4898 0.5102
1824 0.4904 0.5096
1825 0.4781 0.5219
1826 0.4931 0.5069
1827 0.4677 0.5323
1828 0.4838 0.5162
1829 0.4792 0.5208
1830 0.483 0.517
1831 0.4612 0.5388
1832 0.4817 0.5183
1833 0.4618 0.5382
1834 0.4662 0.5338
1835 0.4691 0.5309
1836 0.4914 0.5086
1837 0.4762 0.5238
1838 0.4771 0.5229
1839 0.4848 0.5152
1840 0.4803 0.5197
1841 0.48 0.52
1842 0.4845 0.5155
1843 0.4688 0.5312
1844 0.4724 0.5276
1845 0.5 0.5
1846 0.4924 0.5076
1847 0.4719 0.5281
1848 0.5114 0.4886
1849 0.4869 0.5131
1850 0.487 0.513
1851 0.4575 0.5425
1852 0.4832 0.5168
1853 0.4923 0.5077
1854 0.4824 0.5176
1855 0.4695 0.5305
1856 0.4952 0.5048
1857 0.4942 0.5058
1858 0.4797 0.5203
1859 0.4936 0.5064
1860 0.4744 0.5256
1861 0.4602 0.5398
1862 0.4787 0.5213
1863 0.4913 0.5087
1864 0.4764 0.5236
1865 0.4903 0.5097
1866 0.4997 0.5003
1867 0.4863 0.5137
1868 0.4624 0.5376
1869 0.4768 0.5232
1870 0.4624 0.5376
1871 0.4746 0.5254
1872 0.481 0.519
1873 0.458 0.542
1874 0.4884 0.5116
1875 0.4805 0.5195
1876 0.4885 0.5115
1877 0.4639 0.5361
1878 0.4495 0.5505
1879 0.4673 0.5327
1880 0.4818 0.5182
1881 0.4781 0.5219
1882 0.494 0.506
1883 0.4775 0.5225
1884 0.4855 0.5145
1885 0.4833 0.5167
1886 0.4748 0.5252
1887 0.4799 0.5201
1888 0.4876 0.5124
1889 0.4935 0.5065
1890 0.4517 0.5483
1891 0.4981 0.5019
1892 0.4905 0.5095
1893 0.4916 0.5084
1894 0.4924 0.5076
1895 0.4781 0.5219
1896 0.4832 0.5168
1897 0.4938 0.5062
1898 0.4816 0.5184
1899 0.4707 0.5293
1900 0.4741 0.5259
1901 0.4787 0.5213
1902 0.4911 0.5089
1903 0.4803 0.5197
1904 0.4618 0.5382
1905 0.4591 0.5409
1906 0.4746 0.5254
1907 0.4666 0.5334
1908 0.4762 0.5238
1909 0.4771 0.5229
1910 0.4779 0.5221
1911 0.5013 0.4987
1912 0.4852 0.5148
1913 0.497 0.503
1914 0.4971 0.5029
1915 0.4773 0.5227
1916 0.4755 0.5245
1917 0.4596 0.5404
1918 0.4807 0.5193
1919 0.4803 0.5197
1920 0.4817 0.5183
1921 0.4905 0.5095
1922 0.4926 0.5074
1923 0.4566 0.5434
1924 0.4582 0.5418
1925 0.5027 0.4973
1926 0.4753 0.5247
1927 0.4802 0.5198
1928 0.4649 0.5351
1929 0.4845 0.5155
1930 0.5046 0.4954
1931 0.469 0.531
1932 0.4768 0.5232
1933 0.49 0.51
1934 0.4896 0.5104
1935 0.4682 0.5318
1936 0.4862 0.5138
1937 0.4729 0.5271
1938 0.4747 0.5253
1939 0.4469 0.5531
1940 0.4709 0.5291
1941 0.4736 0.5264
1942 0.4637 0.5363
1943 0.5092 0.4908
1944 0.4832 0.5168
1945 0.483 0.517
1946 0.4658 0.5342
1947 0.4904 0.5096
1948 0.4722 0.5278
1949 0.4847 0.5153
1950 0.4957 0.5043
1951 0.4689 0.5311
1952 0.4818 0.5182
1953 0.4906 0.5094
1954 0.4766 0.5234
1955 0.4582 0.5418
1956 0.4734 0.5266
1957 0.484 0.516
1958 0.4757 0.5243
1959 0.4904 0.5096
1960 0.4661 0.5339
1961 0.4627 0.5373
1962 0.4733 0.5267
1963 0.4746 0.5254
1964 0.4754 0.5246
1965 0.4701 0.5299
1966 0.4946 0.5054
1967 0.486 0.514
1968 0.4748 0.5252
1969 0.4742 0.5258
1970 0.5087 0.4913
1971 0.4569 0.5431
1972 0.4895 0.5105
1973 0.4834 0.5166
1974 0.4785 0.5215
1975 0.482 0.518
1976 0.4741 0.5259
1977 0.4695 0.5305
1978 0.466 0.534
1979 0.5024 0.4976
1980 0.4634 0.5366
1981 0.4955 0.5045
1982 0.4712 0.5288
1983 0.4489 0.5511
1984 0.4745 0.5255
1985 0.4786 0.5214
1986 0.5052 0.4948
1987 0.4867 0.5133
1988 0.4964 0.5036
1989 0.4754 0.5246
1990 0.5128 0.4872
1991 0.4921 0.5079
1992 0.4794 0.5206
1993 0.4848 0.5152
1994 0.4773 0.5227
1995 0.4886 0.5114
1996 0.4758 0.5242
1997 0.4416 0.5584
1998 0.4928 0.5072
1999 0.4774 0.5226
2000 0.4697 0.5303
2001 0.4778 0.5222
2002 0.4704 0.5296
2003 0.4798 0.5202
2004 0.4437 0.5563
2005 0.4518 0.5482
2006 0.4939 0.5061
2007 0.5175 0.4825
2008 0.5006 0.4994
2009 0.472 0.528
2010 0.4559 0.5441
2011 0.4769 0.5231
2012 0.4583 0.5417
2013 0.5026 0.4974
2014 0.4981 0.5019
2015 0.4691 0.5309
2016 0.4609 0.5391
2017 0.4852 0.5148
2018 0.4821 0.5179
2019 0.4683 0.5317
2020 0.4785 0.5215
2021 0.4946 0.5054
2022 0.4796 0.5204
2023 0.4662 0.5338
2024 0.4721 0.5279
2025 0.4473 0.5527
2026 0.465 0.535
2027 0.4746 0.5254
2028 0.4772 0.5228
2029 0.4938 0.5062
2030 0.4624 0.5376
2031 0.4741 0.5259
2032 0.4923 0.5077
2033 0.4464 0.5536
2034 0.4609 0.5391
2035 0.489 0.511
2036 0.5052 0.4948
2037 0.4931 0.5069
2038 0.4809 0.5191
2039 0.4875 0.5125
2040 0.4812 0.5188
2041 0.4703 0.5297
2042 0.4641 0.5359
2043 0.495 0.505
2044 0.4631 0.5369
2045 0.5 0.5
2046 0.459 0.541
2047 0.4745 0.5255
2048 0.4845 0.5155
2049 0.4557 0.5443
2050 0.4911 0.5089
2051 0.4828 0.5172
2052 0.4861 0.5139
2053 0.4416 0.5584
2054 0.4565 0.5435
2055 0.4431 0.5569
2056 0.4867 0.5133
2057 0.4992 0.5008
2058 0.4557 0.5443
2059 0.47 0.53
2060 0.4639 0.5361
2061 0.4655 0.5345
2062 0.4615 0.5385
2063 0.4531 0.5469
2064 0.4724 0.5276
2065 0.4775 0.5225
2066 0.4773 0.5227
2067 0.5008 0.4992
2068 0.5137 0.4863
2069 0.4789 0.5211
2070 0.5067 0.4933
2071 0.4785 0.5215
2072 0.49 0.51
2073 0.5336 0.4664
2074 0.5 0.5
2075 0.4639 0.5361
2076 0.469 0.531
2077 0.4899 0.5101
2078 0.4887 0.5113
2079 0.4895 0.5105
2080 0.5092 0.4908
2081 0.4966 0.5034
2082 0.4475 0.5525
2083 0.4132 0.5868
2084 0.4915 0.5085
2085 0.4852 0.5148
2086 0.4917 0.5083
2087 0.4653 0.5347
2088 0.4631 0.5369
2089 0.4812 0.5188
2090 0.4828 0.5172
2091 0.4861 0.5139
2092 0.4991 0.5009
2093 0.5009 0.4991
2094 0.4483 0.5517
2095 0.4961 0.5039
2096 0.463 0.537
2097 0.495 0.505
2098 0.4743 0.5257
2099 0.489 0.511
2100 0.4945 0.5055
2101 0.4751 0.5249
2102 0.5088 0.4912
2103 0.4991 0.5009
2104 0.4652 0.5348
2105 0.4911 0.5089
2106 0.4367 0.5633
2107 0.4762 0.5238
2108 0.4469 0.5531
2109 0.501 0.499
2110 0.4858 0.5142
2111 0.4603 0.5397
2112 0.497 0.503
2113 0.4856 0.5144
2114 0.4932 0.5068
2115 0.4438 0.5562
2116 0.5011 0.4989
2117 0.4911 0.5089
2118 0.4868 0.5132
2119 0.4778 0.5222
2120 0.5112 0.4888
2121 0.4533 0.5467
2122 0.4516 0.5484
2123 0.4889 0.5111
2124 0.4525 0.5475
2125 0.5268 0.4732
2126 0.4641 0.5359
2127 0.4702 0.5298
2128 0.4861 0.5139
2129 0.4775 0.5225
2130 0.4716 0.5284
2131 0.4632 0.5368
2132 0.4645 0.5355
2133 0.4653 0.5347
2134 0.4755 0.5245
2135 0.5066 0.4934
2136 0.4625 0.5375
2137 0.4824 0.5176
2138 0.4517 0.5483
2139 0.4785 0.5215
2140 0.5359 0.4641
2141 0.5283 0.4717
2142 0.4665 0.5335
2143 0.4632 0.5368
2144 0.5165 0.4835
2145 0.4625 0.5375
2146 0.4435 0.5565
2147 0.4617 0.5383
2148 0.4673 0.5327
2149 0.4659 0.5341
2150 0.4762 0.5238
2151 0.467 0.533
2152 0.4988 0.5012
2153 0.5205 0.4795
2154 0.4891 0.5109
2155 0.5322 0.4678
2156 0.4366 0.5634
2157 0.5093 0.4907
2158 0.5058 0.4942
2159 0.4333 0.5667
2160 0.47 0.53
2161 0.4693 0.5307
2162 0.5074 0.4926
2163 0.4639 0.5361
2164 0.4401 0.5599
2165 0.4447 0.5553
2166 0.5026 0.4974
2167 0.4937 0.5063
2168 0.4888 0.5112
2169 0.4844 0.5156
2170 0.4852 0.5148
2171 0.5039 0.4961
2172 0.5328 0.4672
2173 0.488 0.512
2174 0.4678 0.5322
2175 0.4814 0.5186
2176 0.4963 0.5037
2177 0.4372 0.5628
2178 0.5325 0.4675
2179 0.4625 0.5375
2180 0.4934 0.5066
2181 0.4802 0.5198
2182 0.5054 0.4946
2183 0.4862 0.5138
2184 0.455 0.545
2185 0.4722 0.5278
2186 0.4698 0.5302
2187 0.4427 0.5573
2188 0.4485 0.5515
2189 0.4904 0.5096
2190 0.4172 0.5828
2191 0.5196 0.4804
2192 0.4904 0.5096
2193 0.5031 0.4969
2194 0.5291 0.4709
2195 0.4711 0.5289
2196 0.4691 0.5309
2197 0.4709 0.5291
2198 0.469 0.531
2199 0.4789 0.5211
2200 0.5407 0.4593
2201 0.4634 0.5366
2202 0.5289 0.4711
2203 0.4397 0.5603
2204 0.4724 0.5276
2205 0.4581 0.5419
2206 0.4046 0.5954
2207 0.4833 0.5167
2208 0.4909 0.5091
2209 0.5138 0.4862
2210 0.4696 0.5304
2211 0.4364 0.5636
2212 0.4737 0.5263
2213 0.4299 0.5701
2214 0.5344 0.4656
2215 0.5138 0.4862
2216 0.5043 0.4957
2217 0.4986 0.5014
2218 0.4816 0.5184
2219 0.477 0.523
2220 0.4882 0.5118
2221 0.497 0.503
2222 0.5017 0.4983
2223 0.518 0.482
2224 0.5258 0.4742
2225 0.4492 0.5508
2226 0.4817 0.5183
2227 0.4797 0.5203
2228 0.4809 0.5191
2229 0.5061 0.4939
2230 0.5233 0.4767
2231 0.4862 0.5138
2232 0.4953 0.5047
2233 0.4641 0.5359
2234 0.4949 0.5051
2235 0.495 0.505
2236 0.4792 0.5208
2237 0.5114 0.4886
2238 0.4906 0.5094
2239 0.4762 0.5238
2240 0.4513 0.5487
2241 0.5246 0.4754
2242 0.4807 0.5193
2243 0.4357 0.5643
2244 0.4805 0.5195
2245 0.4549 0.5451
2246 0.4868 0.5132
2247 0.5066 0.4934
2248 0.4522 0.5478
2249 0.4603 0.5397
2250 0.4305 0.5695
2251 0.4593 0.5407
2252 0.4712 0.5288
2253 0.47 0.53
2254 0.4599 0.5401
2255 0.4621 0.5379
2256 0.4153 0.5847
2257 0.479 0.521
2258 0.4323 0.5677
2259 0.4876 0.5124
2260 0.4933 0.5067
2261 0.5202 0.4798
2262 0.4647 0.5353
2263 0.4591 0.5409
2264 0.4753 0.5247
2265 0.5106 0.4894
2266 0.449 0.551
2267 0.4696 0.5304
2268 0.4691 0.5309
2269 0.5084 0.4916
2270 0.4574 0.5426
2271 0.439 0.561
2272 0.4932 0.5068
2273 0.4914 0.5086
2274 0.4889 0.5111
2275 0.4947 0.5053
2276 0.4355 0.5645
2277 0.4588 0.5412
2278 0.477 0.523
2279 0.4538 0.5462
2280 0.4597 0.5403
2281 0.4597 0.5403
2282 0.4419 0.5581
2283 0.4575 0.5425
2284 0.5197 0.4803
2285 0.3961 0.6039
2286 0.4826 0.5174
2287 0.45 0.55
2288 0.4852 0.5148
2289 0.489 0.511
2290 0.4739 0.5261
2291 0.4297 0.5703
2292 0.4817 0.5183
2293 0.442 0.558
2294 0.4757 0.5243
2295 0.4785 0.5215
2296 0.4839 0.5161
2297 0.4709 0.5291
2298 0.4545 0.5455
2299 0.4872 0.5128
2300 0.4597 0.5403
2301 0.5152 0.4848
2302 0.4812 0.5188
2303 0.4889 0.5111
2304 0.5477 0.4523
2305 0.5064 0.4936
2306 0.4955 0.5045
2307 0.5537 0.4463
2308 0.4895 0.5105
2309 0.4857 0.5143
2310 0.4619 0.5381
2311 0.4727 0.5273
2312 0.4895 0.5105
2313 0.5023 0.4977
2314 0.3962 0.6038
2315 0.4712 0.5288
2316 0.4293 0.5707
2317 0.55 0.45
2318 0.4523 0.5477
2319 0.4427 0.5573
2320 0.4315 0.5685
2321 0.4211 0.5789
2322 0.4389 0.5611
2323 0.4857 0.5143
2324 0.4521 0.5479
2325 0.4703 0.5297
2326 0.4847 0.5153
2327 0.4657 0.5343
2328 0.4847 0.5153
2329 0.5282 0.4718
2330 0.4848 0.5152
2331 0.4974 0.5026
2332 0.5178 0.4822
2333 0.4681 0.5319
2334 0.4593 0.5407
2335 0.4749 0.5251
2336 0.483 0.517
2337 0.4706 0.5294
2338 0.5056 0.4944
2339 0.456 0.544
2340 0.4947 0.5053
2341 0.4724 0.5276
2342 0.4241 0.5759
2343 0.4671 0.5329
2344 0.4839 0.5161
2345 0.4932 0.5068
2346 0.4 0.6
2347 0.4936 0.5064
2348 0.5556 0.4444
2349 0.5206 0.4794
2350 0.4752 0.5248
2351 0.5255 0.4745
2352 0.4581 0.5419
2353 0.4571 0.5429
2354 0.4463 0.5537
2355 0.452 0.548
2356 0.4725 0.5275
2357 0.4878 0.5122
2358 0.4845 0.5155
2359 0.4647 0.5353
2360 0.4503 0.5497
2361 0.5128 0.4872
2362 0.5101 0.4899
2363 0.5 0.5
2364 0.4545 0.5455
2365 0.4497 0.5503
2366 0.48 0.52
2367 0.5141 0.4859
2368 0.4362 0.5638
2369 0.5341 0.4659
2370 0.4529 0.5471
2371 0.4194 0.5806
2372 0.4191 0.5809
2373 0.4882 0.5118
2374 0.5 0.5
2375 0.4897 0.5103
2376 0.4841 0.5159
2377 0.3897 0.6103
2378 0.4615 0.5385
2379 0.4887 0.5113
2380 0.4429 0.5571
2381 0.5185 0.4815
2382 0.5646 0.4354
2383 0.4938 0.5062
2384 0.4792 0.5208
2385 0.5108 0.4892
2386 0.4789 0.5211
2387 0.465 0.535
2388 0.4242 0.5758
2389 0.438 0.562
2390 0.4963 0.5037
2391 0.5075 0.4925
2392 0.4961 0.5039
2393 0.4692 0.5308
2394 0.5702 0.4298
2395 0.4154 0.5846
2396 0.4918 0.5082
2397 0.5578 0.4422
2398 0.4899 0.5101
2399 0.5432 0.4568
2400 0.5096 0.4904
2401 0.5103 0.4897
2402 0.4385 0.5615
2403 0.518 0.482
2404 0.5412 0.4588
2405 0.3893 0.6107
2406 0.4569 0.5431
2407 0.4676 0.5324
2408 0.5548 0.4452
2409 0.4699 0.5301
2410 0.4252 0.5748
2411 0.4932 0.5068
2412 0.527 0.473
2413 0.462 0.538
2414 0.4891 0.5109
2415 0.4776 0.5224
2416 0.48 0.52
2417 0.5 0.5
2418 0.4812 0.5188
2419 0.4839 0.5161
2420 0.4138 0.5862
2421 0.5116 0.4884
2422 0.4275 0.5725
2423 0.56 0.44
2424 0.4315 0.5685
2425 0.4511 0.5489
2426 0.496 0.504
2427 0.5385 0.4615
2428 0.473 0.527
2429 0.4286 0.5714
2430 0.4818 0.5182
2431 0.5563 0.4437
2432 0.4663 0.5337
2433 0.4551 0.5449
2434 0.4663 0.5337
2435 0.4521 0.5479
2436 0.4887 0.5113
2437 0.4965 0.5035
2438 0.4812 0.5188
2439 0.5299 0.4701
2440 0.4231 0.5769
2441 0.4348 0.5652
2442 0.4724 0.5276
2443 0.4324 0.5676
2444 0.4494 0.5506
2445 0.5096 0.4904
2446 0.4828 0.5172
2447 0.4661 0.5339
2448 0.4706 0.5294
2449 0.5714 0.4286
2450 0.4495 0.5505
2451 0.5583 0.4417
2452 0.4333 0.5667
2453 0.4427 0.5573
2454 0.4426 0.5574
2455 0.4324 0.5676
2456 0.549 0.451
2457 0.4571 0.5429
2458 0.4737 0.5263
2459 0.5158 0.4842
2460 0.4608 0.5392
2461 0.4792 0.5208
2462 0.551 0.449
2463 0.4314 0.5686
2464 0.5181 0.4819
2465 0.5644 0.4356
2466 0.5043 0.4957
2467 0.4602 0.5398
2468 0.5208 0.4792
2469 0.5417 0.4583
2470 0.4952 0.5048
2471 0.5 0.5
2472 0.5378 0.4622
2473 0.3846 0.6154
2474 0.5631 0.4369
2475 0.4554 0.5446
2476 0.4457 0.5543
2477 0.4598 0.5402
2478 0.4568 0.5432
2479 0.4643 0.5357
2480 0.4935 0.5065
2481 0.5 0.5
2482 0.5354 0.4646
2483 0.4476 0.5524
2484 0.4222 0.5778
2485 0.4851 0.5149
2486 0.4779 0.5221
2487 0.4845 0.5155
2488 0.5114 0.4886
2489 0.4884 0.5116
2490 0.4588 0.5412
2491 0.5243 0.4757
2492 0.4752 0.5248
2493 0.5487 0.4513
2494 0.4513 0.5487
2495 0.4646 0.5354
2496 0.5 0.5
2497 0.4386 0.5614
2498 0.4206 0.5794
2499 0.4727 0.5273
2500 0.4068 0.5932
2501 0.4828 0.5172
2502 0.4444 0.5556
2503 0.4 0.6
2504 0.4412 0.5588
2505 0.3587 0.6413
2506 0.4842 0.5158
2507 0.5955 0.4045
2508 0.4149 0.5851
2509 0.4505 0.5495
2510 0.5294 0.4706
2511 0.4851 0.5149
2512 0.5109 0.4891
2513 0.4545 0.5455
2514 0.4946 0.5054
2515 0.4421 0.5579
2516 0.4583 0.5417
2517 0.4565 0.5435
2518 0.4943 0.5057
2519 0.4198 0.5802
2520 0.3803 0.6197
2521 0.5 0.5
2522 0.4521 0.5479
2523 0.5349 0.4651
2524 0.4022 0.5978
2525 0.5109 0.4891
2526 0.49 0.51
2527 0.5169 0.4831
2528 0.4359 0.5641
2529 0.4568 0.5432
2530 0.3333 0.6667
2531 0.4923 0.5077
2532 0.5231 0.4769
2533 0.5067 0.4933
2534 0.3115 0.6885
2535 0.5082 0.4918
2536 0.4571 0.5429
2537 0.4744 0.5256
2538 0.4493 0.5507
2539 0.5506 0.4494
2540 0.4235 0.5765
2541 0.3902 0.6098
2542 0.5065 0.4935
2543 0.443 0.557
2544 0.4658 0.5342
2545 0.4054 0.5946
2546 0.4324 0.5676
2547 0.5424 0.4576
2548 0.5333 0.4667
2549 0.4557 0.5443
2550 0.3871 0.6129
2551 0.507 0.493
2552 0.5 0.5
2553 0.4 0.6
2554 0.4571 0.5429
2555 0.5595 0.4405
2556 0.5541 0.4459
2557 0.5057 0.4943
2558 0.5052 0.4948
2559 0.4521 0.5479
2560 0.5167 0.4833
2561 0.5172 0.4828
2562 0.4561 0.5439
2563 0.5 0.5
2564 0.6024 0.3976
2565 0.4051 0.5949
2566 0.3529 0.6471
2567 0.5479 0.4521
2568 0.4306 0.5694
2569 0.5417 0.4583
2570 0.5325 0.4675
2571 0.4459 0.5541
2572 0.4795 0.5205
2573 0.5205 0.4795
2574 0.5263 0.4737
2575 0.4675 0.5325
2576 0.5067 0.4933
2577 0.4375 0.5625
2578 0.4091 0.5909
2579 0.4444 0.5556
2580 0.5088 0.4912
2581 0.4412 0.5588
2582 0.3538 0.6462
2583 0.4286 0.5714
2584 0.4561 0.5439
2585 0.5063 0.4937
2586 0.4125 0.5875
2587 0.4412 0.5588
2588 0.5 0.5
2589 0.4861 0.5139
2590 0.5254 0.4746
2591 0.4928 0.5072
2592 0.5077 0.4923
2593 0.5 0.5
2594 0.5522 0.4478
2595 0.3662 0.6338
2596 0.4769 0.5231
2597 0.3636 0.6364
2598 0.5373 0.4627
2599 0.3333 0.6667
2600 0.434 0.566
2601 0.5385 0.4615
2602 0.4694 0.5306
2603 0.4694 0.5306
2604 0.451 0.549
2605 0.4898 0.5102
2606 0.5082 0.4918
2607 0.4918 0.5082
2608 0.4533 0.5467
2609 0.5 0.5
2610 0.3333 0.6667
2611 0.4182 0.5818
2612 0.4906 0.5094
2613 0.3404 0.6596
2614 0.4 0.6
2615 0.5 0.5
2616 0.5926 0.4074
2617 0.3333 0.6667
2618 0.4419 0.5581
2619 0.6 0.4
2620 0.5745 0.4255
2621 0.5385 0.4615
2622 0.4576 0.5424
2623 0.5098 0.4902
2624 0.4 0.6
2625 0.4643 0.5357
2626 0.5397 0.4603
2627 0.5 0.5
2628 0.4143 0.5857
2629 0.5238 0.4762
2630 0.4638 0.5362
2631 0.4375 0.5625
2632 0.4035 0.5965
2633 0.4746 0.5254
2634 0.375 0.625
2635 0.5135 0.4865
2636 0.6061 0.3939
2637 0.5429 0.4571
2638 0.5319 0.4681
2639 0.4909 0.5091
2640 0.4364 0.5636
2641 0.5185 0.4815
2642 0.5167 0.4833
2643 0.4355 0.5645
2644 0.4182 0.5818
2645 0.4898 0.5102
2646 0.3793 0.6207
2647 0.5417 0.4583
2648 0.4853 0.5147
2649 0.4925 0.5075
2650 0.3265 0.6735
2651 0.5581 0.4419
2652 0.551 0.449
2653 0.5246 0.4754
2654 0.5106 0.4894
2655 0.6038 0.3962
2656 0.4912 0.5088
2657 0.4043 0.5957
2658 0.56 0.44
2659 0.4444 0.5556
2660 0.3182 0.6818
2661 0.4773 0.5227
2662 0.587 0.413
2663 0.42 0.58
2664 0.55 0.45
2665 0.4667 0.5333
2666 0.5 0.5
2667 0.3043 0.6957
2668 0.4103 0.5897
2669 0.5263 0.4737
2670 0.4815 0.5185
2671 0.625 0.375
2672 0.4074 0.5926
2673 0.36 0.64
2674 0.5091 0.4909
2675 0.5439 0.4561
2676 0.5593 0.4407
2677 0.5738 0.4262
2678 0.4839 0.5161
2679 0.4259 0.5741
2680 0.4468 0.5532
2681 0.4655 0.5345
2682 0.5094 0.4906
2683 0.44 0.56
2684 0.5882 0.4118
2685 0.4706 0.5294
2686 0.5781 0.4219
2687 0.5082 0.4918
2688 0.5294 0.4706
2689 0.5106 0.4894
2690 0.5306 0.4694
2691 0.5082 0.4918
2692 0.4068 0.5932
2693 0.4583 0.5417
2694 0.4412 0.5588
2695 0.6341 0.3659
2696 0.551 0.449
2697 0.5517 0.4483
2698 0.5079 0.4921
2699 0.5 0.5
2700 0.3061 0.6939
2701 0.3404 0.6596
2702 0.44 0.56
2703 0.4898 0.5102
2704 0.4872 0.5128
2705 0.2759 0.7241
2706 0.6207 0.3793
2707 0.6047 0.3953
2708 0.4583 0.5417
2709 0.5294 0.4706
2710 0.4545 0.5455
2711 0.2857 0.7143
2712 0.381 0.619
2713 0.48 0.52
2714 0.625 0.375
2715 0.5455 0.4545
2716 0.5926 0.4074
2717 0.6061 0.3939
2718 0.4286 0.5714
2719 0.6053 0.3947
2720 0.4667 0.5333
2721 0.3333 0.6667
2722 0.5 0.5
2723 0.5 0.5
2724 0.375 0.625
2725 0.4 0.6
2726 0.5106 0.4894
2727 0.425 0.575
2728 0.5882 0.4118
2729 0.4894 0.5106
2730 0.4878 0.5122
2731 0.4773 0.5227
2732 0.4773 0.5227
2733 0.48 0.52
2734 0.5714 0.4286
2735 0.4 0.6
2736 0.3429 0.6571
2737 0.5517 0.4483
2738 0.3478 0.6522
2739 0.5714 0.4286
2740 0.4167 0.5833
2741 0.375 0.625
2742 0.375 0.625
2743 0.4583 0.5417
2744 0.4643 0.5357
2745 0.5714 0.4286
2746 0.4583 0.5417
2747 0.5357 0.4643
2748 0.64 0.36
2749 0.5357 0.4643
2750 0.5714 0.4286
2751 0.6207 0.3793
2752 0.5814 0.4186
2753 0.4211 0.5789
2754 0.5484 0.4516
2755 0.5333 0.4667
2756 0.4286 0.5714
2757 0.5 0.5
2758 0.4359 0.5641
2759 0.6364 0.3636
2760 0.4651 0.5349
2761 0.4865 0.5135
2762 0.4865 0.5135
2763 0.55 0.45
2764 0.4375 0.5625
2765 0.3226 0.6774
2766 0.4412 0.5588
2767 0.4348 0.5652
2768 0.6061 0.3939
2769 0.4444 0.5556
2770 0.4167 0.5833
2771 0.4286 0.5714
2772 0.24 0.76
2773 0.6087 0.3913
2774 0.3714 0.6286
2775 0.6087 0.3913
2776 0.5789 0.4211
2777 0.5357 0.4643
2778 0.4194 0.5806
2779 0.5429 0.4571
2780 0.4643 0.5357
2781 0.625 0.375
2782 0.5476 0.4524
2783 0.359 0.641
2784 0.3571 0.6429
2785 0.5 0.5
2786 0.4375 0.5625
2787 0.5152 0.4848
2788 0.4828 0.5172
2789 0.5556 0.4444
2790 0.5745 0.4255
2791 0.4872 0.5128
2792 0.4737 0.5263
2793 0.4074 0.5926
2794 0.4815 0.5185
2795 0.4545 0.5455
2796 0.4444 0.5556
2797 0.4 0.6
2798 0.5769 0.4231
2799 0.4348 0.5652
2800 0.6 0.4
2801 0.5238 0.4762
2802 0.6 0.4
2803 0.5417 0.4583
2804 0.5333 0.4667
2805 0.56 0.44
2806 0.4815 0.5185
2807 0.4815 0.5185
2808 0.4167 0.5833
2809 0.5 0.5
2810 0.32 0.68
2811 0.3158 0.6842
2812 0.5385 0.4615
2813 0.6429 0.3571
2814 0.625 0.375
2815 0.5294 0.4706
2816 0.55 0.45
2817 0.45 0.55
2818 0.4118 0.5882
2819 0.56 0.44
2820 0.5926 0.4074
2821 0.4667 0.5333
2822 0.5667 0.4333
2823 0.3929 0.6071
2824 0.3043 0.6957
2825 0.5185 0.4815
2826 0.5714 0.4286
2827 0.5238 0.4762
2828 0.3636 0.6364
2829 0.3846 0.6154
2830 0.25 0.75
2831 0.6667 0.3333
2832 0.6 0.4
2833 0.5 0.5
2834 0.55 0.45
2835 0.4444 0.5556
2836 0.4815 0.5185
2837 0.3913 0.6087
2838 0.4815 0.5185
2839 0.5 0.5
2840 0.5172 0.4828
2841 0.4848 0.5152
2842 0.561 0.439
2843 0.4211 0.5789
2844 0.44 0.56
2845 0.5417 0.4583
2846 0.6 0.4
2847 0.5417 0.4583
2848 0.5 0.5
2849 0.52 0.48
2850 0.4091 0.5909
2851 0.5 0.5
2852 0.44 0.56
2853 0.4706 0.5294
2854 0.2857 0.7143
2855 0.3077 0.6923
2856 0.3333 0.6667
2857 0.5 0.5
2858 0.5455 0.4545
2859 0.5882 0.4118
2860 0.68 0.32
2861 0.5217 0.4783
2862 0.6471 0.3529
2863 0.3333 0.6667
2864 0.3846 0.6154
2865 0.6 0.4
2866 0.8 0.2
2867 0.5556 0.4444
2868 0.25 0.75
2869 0.0 1.0
2870 0.5 0.5
2871 0.3333 0.6667
2872 0.7391 0.2609
2873 0.5556 0.4444
2874 0.4231 0.5769
2875 0.4348 0.5652
2876 0.4615 0.5385
2877 0.5333 0.4667
2878 0.6429 0.3571
2879 0.5263 0.4737
2880 0.5 0.5
2881 0.4 0.6
2882 0.5 0.5
2883 0.6923 0.3077
2884 0.52 0.48
2885 0.5 0.5
2886 0.3 0.7
2887 0.4545 0.5455
2888 0.6316 0.3684
2889 0.35 0.65
2890 0.3333 0.6667
2891 0.5 0.5
2892 0.5 0.5
2893 0.5882 0.4118
2894 0.4545 0.5455
2895 0.4444 0.5556
2896 0.5652 0.4348
2897 0.5652 0.4348
2898 0.4706 0.5294
2899 0.5833 0.4167
2900 0.5 0.5
2901 0.3636 0.6364
2902 0.5 0.5
2903 0.7 0.3
2904 0.5556 0.4444
2905 0.3 0.7
2906 0.3333 0.6667
2907 0.2 0.8
2908 0.5 0.5
2909 0.5385 0.4615
2910 0.5882 0.4118
2911 0.5 0.5
2912 0.5263 0.4737
2913 0.5238 0.4762
2914 0.2857 0.7143
2915 0.4375 0.5625
2916 0.4545 0.5455
2917 0.4 0.6
2918 0.4 0.6
2919 0.5 0.5
2920 0.6667 0.3333
2921 0.3636 0.6364
2922 0.6923 0.3077
2923 0.25 0.75
2924 0.4 0.6
2925 0.7 0.3
2926 0.75 0.25
2927 0.5217 0.4783
2928 0.625 0.375
2929 0.3529 0.6471
2930 0.5455 0.4545
2931 0.5385 0.4615
2932 0.5833 0.4167
2933 0.6667 0.3333
2934 0.3125 0.6875
2935 0.25 0.75
2936 0.5556 0.4444
2937 0.5455 0.4545
2938 0.5 0.5
2939 0.625 0.375
2940 0.7778 0.2222
2941 0.2667 0.7333
2942 0.3077 0.6923
2943 0.3333 0.6667
2944 0.5385 0.4615
2945 0.5 0.5
2946 0.3636 0.6364
2947 0.375 0.625
2948 0.6 0.4
2949 0.4545 0.5455
2950 0.6087 0.3913
2951 0.2941 0.7059
2952 0.5 0.5
2953 0.5 0.5
2954 0.5 0.5
2955 0.6429 0.3571
2956 0.3571 0.6429
2957 0.3077 0.6923
2958 0.2857 0.7143
2959 0.3333 0.6667
2960 0.6667 0.3333
2961 0.6364 0.3636
2962 0.7273 0.2727
2963 0.7143 0.2857
2964 0.5882 0.4118
2965 0.5 0.5
2966 0.5263 0.4737
2967 0.2143 0.7857
2968 0.375 0.625
2969 0.3636 0.6364
2970 0.5714 0.4286
2971 0.0 1.0
2972 1.0 0.0
2973 0.8889 0.1111
2974 0.5882 0.4118
2975 0.3529 0.6471
2976 0.35 0.65
2977 0.2308 0.7692
2978 0.3333 0.6667
2979 0.6 0.4
2980 0.6 0.4
2981 0.5 0.5
2982 0.5714 0.4286
2983 0.6667 0.3333
2984 0.5 0.5
2985 0.3636 0.6364
2986 0.4444 0.5556
2987 0.4444 0.5556
2988 0.7 0.3
2989 0.5625 0.4375
2990 0.5455 0.4545
2991 0.1818 0.8182
2992 0.2857 0.7143
2993 0.2727 0.7273
2994 0.0 1.0
2995 0.8571 0.1429
2996 0.3333 0.6667
2997 0.5 0.5
2998 0.625 0.375
2999 0.6667 0.3333
3000 0.5 0.5
3001 0.6429 0.3571
3002 0.4667 0.5333
3003 0.1538 0.8462
3004 0.6429 0.3571
3005 0.5625 0.4375
3006 0.3636 0.6364
3007 0.4 0.6
3008 0.4444 0.5556
3009 0.4167 0.5833
3010 0.6667 0.3333
3011 0.2308 0.7692
3012 0.2222 0.7778
3013 0.5 0.5
3014 0.2 0.8
3015 0.7143 0.2857
3016 0.1429 0.8571
3017 0.8 0.2
3018 0.375 0.625
3019 0.6 0.4
3020 0.6 0.4
3021 0.5385 0.4615
3022 0.4615 0.5385
3023 0.7273 0.2727
3024 0.5 0.5
3025 0.6 0.4
3026 0.375 0.625
3027 0.5 0.5
3028 0.3333 0.6667
3029 0.8 0.2
3030 0.625 0.375
3031 0.6 0.4
3032 0.4286 0.5714
3033 0.6667 0.3333
3034 0.5 0.5
3035 0.2 0.8
3036 0.3333 0.6667
3037 0.0 1.0
3038 0.3333 0.6667
3039 0.3333 0.6667
3040 0.6 0.4
3041 0.7778 0.2222
3042 0.3 0.7
3043 0.5 0.5
3044 0.5556 0.4444
3045 0.4 0.6
3046 0.5455 0.4545
3047 0.375 0.625
3048 0.5 0.5
3049 0.4 0.6
3050 0.5455 0.4545
3051 0.5 0.5
3052 0.4545 0.5455
3053 0.2 0.8
3054 0.8571 0.1429
3055 0.3333 0.6667
3056 0.1667 0.8333
3057 0.5714 0.4286
3058 0.7 0.3
3059 0.2 0.8
3060 0.4 0.6
3061 0.4444 0.5556
3062 0.5455 0.4545
3063 0.3333 0.6667
3064 0.5556 0.4444
3065 0.4545 0.5455
3066 0.375 0.625
3067 0.3333 0.6667
3068 0.0 1.0
3069 0.75 0.25
3070 0.75 0.25
3071 0.3333 0.6667
3072 0.5 0.5
3073 0.7143 0.2857
3074 0.3636 0.6364
3075 0.625 0.375
3076 0.3333 0.6667
3077 0.5 0.5
3078 0.75 0.25
3079 0.1667 0.8333
3080 0.6 0.4
3081 0.3333 0.6667
3082 0.6667 0.3333
3083 0.5833 0.4167
3084 0.5714 0.4286
3085 0.5385 0.4615
3086 0.4 0.6
3087 0.7273 0.2727
3088 0.1429 0.8571
3089 0.3333 0.6667
3090 0.75 0.25
3091 0.5 0.5
3092 0.3333 0.6667
3093 0.6667 0.3333
3094 0.3333 0.6667
3096 0.0 1.0
3097 1.0 0.0
3098 0.3333 0.6667
3099 0.6667 0.3333
3100 0.5 0.5
3101 0.5 0.5
3102 0.6667 0.3333
3103 0.3333 0.6667
3104 0.3333 0.6667
3106 1.0 0.0
3108 0.0 1.0
3109 0.0 1.0
3110 1.0 0.0
3111 0.0 1.0
3112 1.0 0.0
3113 0.3333 0.6667
3114 0.75 0.25
3115 0.3333 0.6667
3116 0.0 1.0
3117 0.6667 0.3333
3118 0.8 0.2
3119 0.6 0.4
3120 0.1429 0.8571
3121 0.3333 0.6667
3122 0.6 0.4
3123 0.3333 0.6667
3124 0.6667 0.3333
3125 1.0 0.0
3126 1.0 0.0
3127 0.25 0.75
3128 0.3333 0.6667
3129 0.5 0.5
3130 1.0 0.0
3131 0.5 0.5
3132 0.5 0.5
3133 1.0 0.0
3134 0.5 0.5
3135 1.0 0.0
3136 0.5 0.5
3137 0.5 0.5
3138 0.5 0.5
3139 0.2 0.8
3140 0.5 0.5
3143 1.0 0.0
3144 0.6667 0.3333
3145 1.0 0.0
3146 1.0 0.0
3147 1.0 0.0
3148 0.5 0.5
3149 1.0 0.0
3150 0.6667 0.3333
3151 1.0 0.0
3152 0.6 0.4
3153 0.6667 0.3333
3154 0.0 1.0
3155 1.0 0.0
3156 0.75 0.25
3157 0.6 0.4
3158 0.375 0.625
3159 0.6667 0.3333
3160 0.1667 0.8333
3161 0.5714 0.4286
3162 0.4286 0.5714
3163 0.1429 0.8571
3164 0.4 0.6
3165 0.5 0.5
3166 1.0 0.0
3167 0.5714 0.4286
3168 0.3333 0.6667
3169 0.3333 0.6667
3170 0.5 0.5
3171 0.75 0.25
3172 0.5 0.5
3173 0.25 0.75
3174 0.6 0.4
3175 0.0 1.0
3176 0.0 1.0
3177 0.6667 0.3333
3178 0.3333 0.6667
3179 1.0 0.0
3180 1.0 0.0
3182 1.0 0.0
3183 0.0 1.0
3184 0.0 1.0
3186 1.0 0.0
3187 0.5 0.5
3189 0.0 1.0
3191 0.0 1.0
3200 0.5 0.5
3201 0.75 0.25
3202 0.3333 0.6667
3203 0.0 1.0
3204 0.3333 0.6667
3205 0.5 0.5
3206 1.0 0.0
3208 1.0 0.0
3209 1.0 0.0
3210 0.0 1.0
3211 0.6667 0.3333
3212 0.5 0.5
3213 1.0 0.0
3214 1.0 0.0
3215 0.0 1.0
3216 1.0 0.0
3217 0.25 0.75
3218 1.0 0.0
3219 0.6667 0.3333
3220 0.5 0.5
3221 0.25 0.75
3222 1.0 0.0
3223 1.0 0.0
3224 1.0 0.0
3225 0.4 0.6
3226 0.0 1.0
3227 1.0 0.0
3228 0.8 0.2
3229 0.2857 0.7143
3230 0.25 0.75
3231 0.6667 0.3333
3232 0.6 0.4
3233 1.0 0.0
3234 0.3333 0.6667
3235 0.6667 0.3333
3236 0.0 1.0
3237 0.0 1.0
3239 1.0 0.0
3240 1.0 0.0
3241 1.0 0.0
3242 0.25 0.75
3243 0.25 0.75
3244 1.0 0.0
3245 0.6 0.4
3246 0.4286 0.5714
3247 0.6 0.4
3248 0.25 0.75
3252 0.5 0.5
3253 0.5 0.5
3254 0.3333 0.6667
3255 0.2857 0.7143
3256 0.0 1.0
3257 0.0 1.0
3258 1.0 0.0
3259 0.2857 0.7143
3260 0.6 0.4
3261 0.4 0.6
3262 0.3333 0.6667
3263 0.6667 0.3333
3264 0.0 1.0
3265 0.5 0.5
3266 0.2 0.8
3267 0.0 1.0
3268 1.0 0.0
3269 1.0 0.0
3270 0.0 1.0
3271 0.0 1.0
3272 1.0 0.0
3273 0.6 0.4
3274 0.3333 0.6667
3275 0.8 0.2
3276 0.6667 0.3333
3277 0.5 0.5
3278 0.25 0.75
3279 1.0 0.0
3280 0.2 0.8
3281 0.0 1.0
3282 0.5 0.5
3283 0.0 1.0
3284 0.0 1.0
3285 0.6667 0.3333
3286 0.0 1.0
3289 1.0 0.0
3290 0.0 1.0
3292 1.0 0.0
3293 0.6667 0.3333
3294 0.5 0.5
3296 0.5 0.5
3297 1.0 0.0
3298 0.6 0.4
3299 0.6667 0.3333
3300 1.0 0.0
3301 0.0 1.0
3303 0.5 0.5
3304 0.0 1.0
3306 1.0 0.0
3307 1.0 0.0
3308 0.5 0.5
3316 1.0 0.0
3318 0.5 0.5
3323 1.0 0.0
3325 1.0 0.0
3326 0.6667 0.3333
3327 0.5 0.5
3328 1.0 0.0
3329 0.625 0.375
3330 0.7143 0.2857
3331 0.4 0.6
3332 0.4 0.6
3333 0.75 0.25
3334 0.6667 0.3333
3335 0.75 0.25
3336 0.2857 0.7143
3337 0.6667 0.3333
3338 0.6 0.4
3339 0.5 0.5
3340 1.0 0.0
3341 0.25 0.75
3342 0.5 0.5
3343 0.0 1.0
3344 0.25 0.75
3345 1.0 0.0
3346 0.8 0.2
3347 0.3333 0.6667
3348 0.6667 0.3333
3349 0.5714 0.4286
3350 0.0 1.0
3351 0.5 0.5
3352 0.5 0.5
3353 0.6667 0.3333
3354 0.0 1.0
3356 0.0 1.0
3357 0.25 0.75
3358 0.3333 0.6667
3359 0.75 0.25
3360 0.4 0.6
3361 0.0 1.0
3365 1.0 0.0
3366 1.0 0.0
3368 1.0 0.0
3369 1.0 0.0
3370 0.0 1.0
3371 0.5 0.5
3372 1.0 0.0
3373 0.0 1.0
3378 0.5 0.5
3379 0.0 1.0
3380 0.0 1.0
3387 1.0 0.0
3388 0.0 1.0
3389 0.5 0.5
3390 1.0 0.0
3391 0.75 0.25
3392 0.3333 0.6667
3393 0.6667 0.3333
3394 0.8 0.2
3395 0.3333 0.6667
3396 0.3333 0.6667
3397 1.0 0.0
3398 0.0 1.0
3399 0.5 0.5
3400 0.0 1.0
3401 0.0 1.0
3402 0.0 1.0
3405 1.0 0.0
3406 0.0 1.0
3408 0.0 1.0
3413 1.0 0.0
3414 0.5 0.5
3415 0.5 0.5
3417 1.0 0.0
3418 0.3333 0.6667
3419 1.0 0.0
3420 1.0 0.0
3421 0.25 0.75
3422 0.0 1.0
3423 1.0 0.0
3424 0.6667 0.3333
3425 0.8 0.2
3426 0.4 0.6
3427 0.75 0.25
3428 0.3333 0.6667
3429 1.0 0.0
3430 0.0 1.0
3433 1.0 0.0
3434 1.0 0.0
3435 0.6667 0.3333
3436 0.5 0.5
3437 1.0 0.0
3439 1.0 0.0
3440 0.5 0.5
3441 0.5 0.5
3442 0.6667 0.3333
3443 0.5 0.5
3444 1.0 0.0
3445 0.6667 0.3333
3446 0.5 0.5
3447 1.0 0.0
3448 0.2 0.8
3449 0.5 0.5
3450 0.5 0.5
3451 0.5 0.5
3452 0.6 0.4
3453 0.3333 0.6667
3454 1.0 0.0
3455 1.0 0.0
3456 0.6667 0.3333
3457 0.0 1.0
3458 1.0 0.0
3459 0.6667 0.3333
3460 1.0 0.0
3461 0.6 0.4
3462 0.2 0.8
3463 0.3333 0.6667
3464 0.5 0.5
3465 0.0 1.0
3471 1.0 0.0
3472 1.0 0.0
3473 0.5 0.5
3474 1.0 0.0
3475 1.0 0.0
3483 0.5 0.5
3484 1.0 0.0
3486 0.3333 0.6667
3487 0.0 1.0
3491 0.0 1.0
3492 0.0 1.0
3493 1.0 0.0
3495 0.0 1.0
3496 1.0 0.0
3497 0.0 1.0
3500 0.0 1.0
3501 0.0 1.0
3503 1.0 0.0
3504 0.5 0.5
3505 0.0 1.0
3506 0.0 1.0
3510 1.0 0.0
3511 0.6 0.4
3512 0.3333 0.6667
3513 0.3333 0.6667
3514 0.3333 0.6667
3515 1.0 0.0
3516 0.3333 0.6667
3517 0.5 0.5
3518 0.3333 0.6667
3519 0.6667 0.3333
3520 1.0 0.0
3522 1.0 0.0
3525 0.0 1.0
3526 1.0 0.0
3527 1.0 0.0
3530 1.0 0.0
3531 0.6667 0.3333
3532 0.0 1.0
3539 0.0 1.0
3545 1.0 0.0
3546 1.0 0.0
3547 0.0 1.0
3548 0.3333 0.6667
3549 0.0 1.0
3550 0.0 1.0
3551 0.5 0.5
3552 0.3333 0.6667
3553 1.0 0.0
3554 1.0 0.0
3555 0.0 1.0
3556 0.0 1.0
3558 1.0 0.0
3559 0.5 0.5
3560 1.0 0.0
3561 0.8 0.2
3562 0.0 1.0
3563 0.0 1.0
3564 1.0 0.0
3565 0.5 0.5
3566 0.3333 0.6667
3567 1.0 0.0
3577 0.0 1.0
3578 0.0 1.0
3579 0.0 1.0
3591 1.0 0.0
3592 0.6667 0.3333
3593 0.6 0.4
3594 0.0 1.0
3595 1.0 0.0
3596 0.5 0.5
3597 1.0 0.0
3598 1.0 0.0
3599 0.3333 0.6667
3600 0.0 1.0
3601 0.0 1.0
3602 1.0 0.0
3603 0.5 0.5
3604 0.6667 0.3333
3605 0.0 1.0
3606 0.5 0.5
3607 0.0 1.0
3609 1.0 0.0
3610 0.0 1.0
3611 1.0 0.0
3619 1.0 0.0
3620 0.5 0.5
3621 0.0 1.0
3622 1.0 0.0
3623 0.8 0.2
3624 0.2 0.8
3625 0.25 0.75
3626 0.0 1.0
3627 0.0 1.0
3629 0.5 0.5
3630 1.0 0.0
3631 0.0 1.0
3654 0.5 0.5
3655 0.0 1.0
3712 1.0 0.0
3713 0.5 0.5
3719 1.0 0.0
3720 0.0 1.0
3722 1.0 0.0
3723 1.0 0.0
3724 0.5 0.5
3728 0.0 1.0
3734 0.5 0.5
3735 0.0 1.0
3736 1.0 0.0
3737 0.0 1.0
3738 0.0 1.0
3739 0.0 1.0
3742 1.0 0.0
3743 0.5 0.5
3744 0.0 1.0
3745 0.3333 0.6667
3746 0.0 1.0
3765 0.0 1.0
3793 0.0 1.0
3816 1.0 0.0
3817 0.25 0.75
3818 0.5 0.5
3820 1.0 0.0
3821 0.5 0.5
3822 0.0 1.0
3823 0.0 1.0
3877 0.0 1.0
3879 0.0 1.0
