0 50983762 0 0 0
1 23878387 50978025 9025380 50978025
2 14684327 23869979 9116635 23869979
3 12002165 14691627 9175627 22034801
4 10158946 12004896 8549331 19560339
5 8808613 10165494 7972584 17594016
6 7823340 8812895 7372924 15882195
7 7087947 7825346 6859879 14544705
8 6527838 7094252 6406235 13464288
9 6079934 6528259 6016959 12564396
10 5700733 6079932 5673661 11801115
11 5391579 5701005 5372110 11139365
12 5119205 5386248 5107425 10572582
13 4884640 5116963 4866637 10068270
14 4673690 4881687 4652830 9621983
15 4484059 4672943 4455493 9215387
16 4319545 4481143 4278532 8852302
17 4168926 4320578 4118020 8528758
18 4027287 4168742 3967349 8224920
19 3903725 4026089 3824840 7942206
20 3787543 3901238 3699585 7690866
21 3680261 3784067 3583231 7454719
22 3580515 3676668 3475206 7235338
23 3488696 3580025 3372376 7033497
24 3399014 3487450 3277393 6846951
25 3321298 3400346 3183560 6670853
26 3243713 3320729 3099869 6496890
27 3174081 3239770 3021342 6338997
28 3101622 3172776 2946669 6195510
29 3040412 3103171 2873555 6053101
30 2978804 3041804 2806274 5919730
31 2919943 2979527 2737867 5795697
32 2862666 2919239 2681443 5670693
33 2815245 2866145 2621449 5556076
34 2763761 2812540 2566130 5449006
35 2718110 2763934 2516011 5344595
36 2668653 2716441 2464416 5248066
37 2622439 2669242 2414877 5150765
38 2578934 2622995 2367436 5057739
39 2542301 2584100 2320778 4972475
40 2503229 2542548 2279774 4889060
41 2463366 2501018 2238197 4803721
42 2430345 2461711 2197211 4722355
43 2396055 2428611 2159689 4653406
44 2361278 2393995 2123369 4581347
45 2324463 2359816 2087268 4510569
46 2292860 2325951 2054703 4440520
47 2261956 2291174 2020770 4373338
48 2233790 2261458 1987915 4310304
49 2202796 2234105 1957000 4253343
50 2176693 2204124 1925251 4189381
51 2146447 2174609 1896122 4136941
52 2123473 2146096 1867042 4075370
53 2097432 2120644 1844330 4025421
54 2068904 2096725 1817750 3972803
55 2044862 2068959 1790191 3917316
56 2024390 2042008 1764226 3864391
57 1998153 2023668 1741574 3825872
58 1974419 1999631 1718277 3774570
59 1952655 1974840 1694658 3725992
60 1928742 1952312 1670287 3680303
61 1910623 1928860 1650428 3635186
62 1887680 1910026 1626686 3594787
63 1871610 1888959 1607714 3554437
64 1851803 1870348 1587704 3514790
65 1829566 1853081 1565868 3478303
66 1812436 1831739 1547581 3436105
67 1792930 1813878 1528487 3398342
68 1776700 1791948 1510443 3357019
69 1758619 1775478 1491294 3322399
70 1739211 1757661 1474899 3288012
71 1723367 1740079 1455948 3253458
72 1707714 1723331 1440046 3219538
73 1688482 1708012 1423460 3187397
74 1673183 1688801 1406670 3152063
75 1659629 1672979 1392681 3117827
76 1642030 1658867 1377109 3089545
77 1628308 1643555 1361639 3058159
78 1613980 1627550 1344833 3028843
79 1597227 1610334 1333569 2997739
80 1585120 1597709 1315817 2968684
81 1566940 1584318 1303979 2941380
82 1555581 1566497 1290606 2907837
83 1541524 1555156 1277851 2885246
84 1528544 1541846 1262348 2858202
85 1513952 1527048 1249693 2831101
86 1498947 1514125 1238259 2803690
87 1487691 1498962 1222956 2775271
88 1474830 1487172 1211076 2753739
89 1462458 1475410 1200770 2729978
90 1452646 1462900 1188066 2703291
91 1440708 1450469 1177491 2679776
92 1427798 1439773 1166557 2659274
93 1416141 1428417 1155783 2636537
94 1402699 1416398 1144403 2613799
95 1390522 1405195 1132923 2588303
96 1381048 1391517 1121749 2564979
97 1369428 1379554 1112464 2543830
98 1358135 1371869 1100317 2524259
99 1350045 1360561 1088673 2502501
100 1337738 1348561 1082456 2480285
101 1330434 1336783 1069666 2457871
102 1317519 1329217 1063012 2441476
103 1307389 1318358 1053546 2418290
104 1296510 1307365 1043827 2402618
105 1287739 1299379 1032482 2384745
106 1277644 1289326 1023718 2361775
107 1268857 1277483 1014047 2343902
108 1260195 1268716 1007714 2325178
109 1249865 1260382 1001429 2308900
110 1238876 1250761 988784 2286681
111 1230311 1239700 980585 2270731
112 1223018 1229934 973148 2253044
113 1215246 1223876 963735 2238871
114 1207624 1216170 957211 2221867
115 1197311 1208041 948980 2206915
116 1187877 1197472 940770 2186550
117 1180616 1187165 932018 2169260
118 1169814 1177817 925589 2152895
119 1162628 1171285 917139 2139115
120 1153268 1163548 910466 2122186
121 1144521 1153002 900583 2104638
122 1139302 1146615 893997 2089895
123 1131434 1139337 887698 2075281
124 1119933 1132633 879037 2062679
125 1113345 1121736 872344 2044058
126 1104666 1114279 866398 2027335
127 1098942 1105237 859708 2013517
128 1091592 1098300 852694 1997416
129 1084113 1093508 846033 1987453
130 1076003 1084376 837483 1972064
131 1068964 1075448 831707 1956545
132 1062149 1068439 825672 1942512
133 1056631 1062140 819212 1929501
134 1047758 1056144 814122 1918278
135 1040891 1047463 807858 1903453
136 1034014 1041354 800620 1891926
137 1026425 1033910 796621 1876889
138 1023039 1026570 788803 1863292
139 1014744 1021524 783463 1853811
140 1007825 1013540 778268 1838721
141 1000783 1007330 770913 1827004
142 995185 1001510 767182 1813585
143 987591 994951 759508 1804107
144 983057 990076 753329 1791722
145 975672 982065 749828 1777328
146 968202 975527 742707 1765845
147 962441 968873 737590 1753088
148 956572 963443 731358 1741716
149 950849 957012 727180 1730097
150 946481 949302 720505 1717375
151 938017 943768 716272 1705768
152 932439 936764 709774 1694085
153 928631 931448 706171 1682736
154 919224 927140 700733 1674443
155 913245 919571 695897 1661273
156 909557 914255 691079 1651907
157 902503 909616 685363 1640226
158 897390 902093 681024 1628971
159 891695 896775 677286 1618869
160 885682 891998 673565 1609616
161 880298 887307 667561 1599754
162 876346 881554 661047 1588885
163 870729 875849 657244 1578258
164 861828 869949 652112 1567515
165 861032 862299 647357 1554640
166 855512 860339 643419 1550279
167 849664 854075 641583 1537229
168 843706 848093 635377 1527054
169 838541 844141 630406 1521084
170 834004 838368 626419 1510182
171 828700 835345 622713 1502533
172 823654 828865 618350 1489672
173 818845 823717 614210 1480597
174 815285 818390 610719 1472286
175 808974 814630 606063 1463632
176 804815 808067 602421 1454704
177 800330 804934 597666 1445294
178 796470 800355 594247 1438208
179 791192 796728 589323 1430567
180 787864 790152 587084 1420201
181 781505 787336 583898 1413101
182 779146 781812 579068 1403637
183 774309 778255 575731 1397015
184 769759 774948 571719 1388984
185 763268 770010 566661 1380962
186 758404 763946 563712 1369903
187 753398 758285 560237 1359998
188 750192 754098 556087 1352713
189 745345 751775 553023 1346199
190 740593 745480 548728 1335729
191 736651 740944 545537 1327723
192 731587 736220 541513 1319962
193 727894 731710 539367 1309967
194 723006 728499 533861 1303842
195 720339 723305 531577 1296076
196 715915 719764 527670 1288515
197 711182 715796 524222 1282040
198 707513 710622 522161 1273386
199 703475 708548 518316 1266516
200 700695 703707 514425 1259858
201 696496 699516 512856 1251846
202 692020 696834 508154 1246906
203 687558 691551 505847 1237553
204 684704 688388 502607 1230450
205 680629 684449 499786 1223860
206 678152 680971 497127 1215489
207 674704 678334 494335 1210800
208 670807 674850 489581 1205821
209 666917 670523 487607 1196981
210 662945 665290 483432 1189369
211 659468 661762 482349 1181686
212 655495 658647 478359 1176774
213 651538 655409 474848 1169228
214 649568 651632 472557 1163939
215 644874 648696 469439 1158278
216 643240 645605 466067 1151615
217 639345 643098 463504 1146770
218 634385 638405 461435 1138605
219 630310 635489 457541 1132582
220 627220 630628 455850 1124552
221 622953 627510 452937 1118521
222 619340 624876 449358 1111665
223 616313 619304 446991 1104182
224 613872 616698 443717 1098690
225 610382 613375 441155 1093653
226 605108 609825 439283 1087212
227 603353 605115 436851 1079028
228 600116 603838 434517 1075636
229 597270 600727 431067 1069303
230 595044 597361 428238 1063895
231 592282 594363 426500 1058202
232 588572 591321 424013 1051492
233 583289 587617 420152 1046486
234 579936 584189 417429 1039978
235 577458 581442 414614 1033141
236 573541 577382 413978 1027887
237 571765 573499 411351 1021073
238 569654 571254 409509 1016528
239 565352 569694 406135 1013035
240 562583 565773 404198 1005732
241 560144 563962 402602 1001894
242 557878 561482 399127 996681
243 553613 557202 396622 990334
244 550931 553099 394057 982938
245 547407 550241 391934 977869
246 545896 546603 389687 973521
247 542591 545645 388536 969446
248 539577 542811 385252 964177
249 536475 539777 382763 959627
250 534125 538113 381412 954923
251 531009 534595 379450 948926
252 527591 532060 376012 944688
253 525394 528682 373584 938430
254 521676 525542 371772 931219
255 519348 521577 370919 925623
256 517244 520174 368051 923219
257 513632 517735 366407 919393
258 512377 515088 363270 913499
259 508272 512864 361779 909437
260 505191 509712 359452 903175
261 504377 506467 357965 897130
262 501733 504852 354807 894192
263 498982 501999 354444 889613
264 496588 498631 350957 882176
265 494357 495337 350328 878842
266 490832 493554 347362 874813
267 488026 491213 345208 870608
268 484580 488050 343294 864321
269 482920 483719 341940 859446
270 481378 483311 339702 855995
271 478153 481414 338589 852189
272 475671 476485 335733 845873
273 474419 474567 334630 842343
274 471068 474281 332063 840280
275 468428 471035 330491 833297
276 465713 468574 329325 830495
277 463620 466353 326397 824599
278 462158 463446 324774 821101
279 459662 461447 323101 816881
280 457634 459140 321178 813562
281 454624 457076 319664 809254
282 452556 454486 318051 804644
283 450242 452754 315825 800484
284 447628 450374 313883 797011
285 446690 447092 312832 791510
286 442742 445665 311924 788451
287 440810 442639 309566 783020
288 438213 441307 308563 780355
289 435388 438082 305395 775571
290 434335 435698 303091 771237
291 430780 433713 302586 767049
292 429412 430960 300521 761946
293 427125 429239 298956 759671
294 424408 427589 295847 755766
295 423469 424117 295366 749718
296 420415 422313 295023 747413
297 417488 421108 292585 744271
298 417025 417853 289590 739222
299 415540 416946 289727 735987
300 413540 414780 288101 733159
301 409476 414045 286126 730849
302 406891 410427 283186 724117
303 406760 407073 282103 719809
304 404324 405870 281384 716918
305 401953 404336 280161 713767
306 399086 402876 277988 710126
307 396842 399384 276633 705793
308 395905 397489 275549 701544
309 395241 396376 273714 699206
310 392343 394653 273438 695688
311 391204 392646 270745 692607
312 388383 391110 269970 689714
313 386123 388356 269116 685548
314 384386 386686 266826 682451
315 382532 384956 264466 678515
316 380960 382280 264576 674985
317 380135 380262 262567 671136
318 377638 379408 261335 669293
319 374125 377125 260421 665623
320 373712 374707 257926 661098
321 372674 373890 257156 660229
322 370686 373768 255769 657794
323 367929 371215 254133 654051
324 365470 368339 251954 648755
325 364263 365437 251368 644209
326 362629 363736 251180 641764
327 360926 362446 248658 639002
328 358860 361188 248503 636045
329 356913 359621 246247 633328
330 355948 357681 245092 630253
331 354251 355970 243790 626891
332 351876 354005 242729 624767
333 350590 353304 239676 621136
334 349631 350290 239733 616889
335 346467 348798 238778 614132
336 344679 346330 236820 610155
337 342565 344541 236489 607410
338 342082 342397 234220 604355
339 339104 342038 233265 602360
340 337750 339292 232309 596877
341 336490 338237 231200 595948
342 335757 336326 230114 592060
343 334377 335516 228476 590945
344 332323 334624 227463 588400
345 331912 332091 226236 585000
346 328151 331995 224907 583406
347 326738 328283 223723 578291
348 324064 327106 223120 575288
349 324358 325265 221354 571813
350 323355 324665 220378 570191
351 321209 322640 220043 567608
352 319298 321094 218589 564552
353 318489 319268 217139 561035
354 315742 317935 216129 559185
355 315049 315740 214745 555100
356 313315 315109 213083 554241
357 310828 313023 212655 550244
358 310592 311232 211008 547632
359 309734 310829 210328 546024
360 306320 309549 209575 543635
361 304296 306809 208329 538581
362 303424 305281 206695 536480
363 301684 304205 205489 533408
364 301037 302088 204221 531099
365 299962 301078 204123 528445
366 299082 299706 202954 526072
367 296109 298700 201981 524958
368 294975 296502 200655 520739
369 293483 295789 199585 519092
370 293178 294596 198423 516624
371 290846 293276 197971 514439
372 289087 291052 196312 511443
373 288627 289358 194821 509047
374 287386 288133 195022 505929
375 284230 287058 192918 503941
376 282252 284535 193075 500332
377 282490 282962 191365 496871
378 281071 283259 190659 496793
379 279816 281044 189746 492682
380 278234 279838 188573 490987
381 277099 277808 187522 488556
382 276088 277441 186646 486784
383 275266 276618 186253 485311
384 274789 274989 185178 482126
385 272648 274995 184547 481941
386 270613 272938 182863 478573
387 269418 270908 182332 475458
388 268513 269543 181007 472504
389 266662 267912 179921 470593
390 265823 266260 179705 467652
391 265402 265846 178411 466241
392 263171 265117 178132 464593
393 261851 263176 176584 461208
394 261140 261627 175892 458770
395 260090 261121 174509 458065
396 259066 259779 174463 455897
397 256944 259398 173310 454486
398 255190 256619 172262 450453
399 254922 255403 171192 448355
400 253856 254844 170517 446122
401 252739 252965 169815 444348
402 251550 252713 168906 443253
403 250392 252120 167563 442370
404 250634 250602 167821 438642
405 249157 250295 166250 437562
406 247073 248474 165871 435328
407 245858 246773 165655 432236
408 244028 245583 164099 430527
409 242236 244267 162668 428308
410 242251 242401 162433 425451
411 240212 242484 161224 424932
412 239310 241104 160354 422583
413 238917 239467 159689 419536
414 237035 237982 159222 417715
415 235145 237193 158210 416003
416 234553 235675 157181 412919
417 233637 235063 156528 411856
418 232304 233823 156185 410167
419 230853 233270 154794 407965
420 230495 231069 153572 404291
421 229198 230272 152911 404421
422 228085 229243 152810 400656
423 226084 227739 152265 398963
424 226783 227141 150513 397311
425 225243 226321 150704 395598
426 223803 225097 149551 394355
427 222449 224179 149173 392218
428 221626 223144 148206 390244
429 221376 222003 147571 388776
430 220395 222000 146829 387614
431 219745 220187 146574 385308
432 219059 220138 145305 385003
433 216986 219161 144408 382579
434 215677 217194 144248 380144
435 215687 216317 142696 378082
436 214038 214902 141974 376246
437 212308 213033 141254 373889
438 210774 211880 141787 371418
439 210218 211563 140237 370658
440 210640 211042 140083 368840
441 210276 211002 139249 368510
442 208709 210503 138467 367188
443 207867 208872 137723 364154
444 206964 207153 137551 362262
445 205974 207052 136673 361948
446 204245 205480 136415 359378
447 203222 203887 135235 356879
448 202604 203423 134671 355815
449 202009 202920 134192 354726
450 200879 202209 133402 353785
451 199664 200692 132747 351151
452 198893 199580 131876 348776
453 197580 199184 131440 347835
454 197007 197789 130562 345875
455 195839 197069 129681 344660
456 195690 195510 129293 343068
457 194019 195733 128391 342305
458 192582 194126 127541 339765
459 192085 193123 127314 337896
460 191968 192089 127008 335337
461 191644 191695 126869 335159
462 190288 190915 126164 333750
463 188964 190061 125387 332542
464 188403 189482 123929 330770
465 188068 188497 124484 329500
466 186915 188237 123398 327964
467 185840 187169 123091 326310
468 184126 185338 121982 324159
469 182871 184176 121190 322437
470 182578 183305 120761 319802
471 182551 182331 120177 318954
472 181218 182177 119695 318621
473 180722 181592 119613 316937
474 179623 180499 118485 315257
475 179717 179050 117570 313827
476 177712 178677 117527 312797
477 177333 178080 116670 310994
478 176075 177412 116071 309781
479 174814 176433 115123 307867
480 174257 174727 114566 305509
481 173884 174186 114526 304192
482 173235 173871 113627 303627
483 172180 173764 113229 302881
484 170951 171958 112751 300381
485 170266 170879 112692 298425
486 169616 170397 112002 297572
487 169017 170225 111289 297484
488 168573 169091 110199 295477
489 167761 168417 110070 294141
490 167576 167410 109511 292346
491 166040 166842 108909 291097
492 164786 165784 107718 289743
493 163880 164933 107677 288111
494 164257 164122 107080 286106
495 162818 163671 106919 285136
496 162099 162543 107261 284376
497 161996 162668 105496 283967
498 161452 162453 105318 282271
499 160771 161250 104487 280834
500 159392 160323 104558 279745
501 158245 159171 103787 277379
502 157789 158190 102966 275936
503 157538 157881 102979 275975
504 156775 157878 102232 274315
505 155763 156354 101512 272949
506 155163 155683 101290 271381
507 154749 154966 101101 269973
508 153364 154109 100848 268466
509 152590 152949 99958 267146
510 152181 152146 99737 265202
511 150982 151305 99111 264731
512 151125 150886 98839 263409
513 150180 150497 98379 262735
514 149688 150438 98233 261644
515 148679 150557 97368 261468
516 148541 149198 95950 260082
517 146669 148490 96090 258326
518 146245 146814 95591 256101
519 146412 146538 95552 255609
520 146042 146942 94525 255477
521 144826 145366 94927 253411
522 143589 144881 93757 252410
523 142883 143546 93622 250683
524 142106 143720 92583 250528
525 141459 142420 93224 248239
526 142246 142053 92346 247588
527 141247 142255 91973 247426
528 140739 141343 91255 246220
529 140277 139855 91518 244235
530 139129 139609 90389 243651
531 138890 138966 90094 242490
532 137502 138673 90416 241485
533 137278 138125 89289 239969
534 136328 137261 88421 239398
535 135766 136772 88252 238525
536 135762 136336 87851 237440
537 135216 135585 87625 236189
538 134644 135029 87043 235149
539 132843 134187 87088 233764
540 132387 133019 86221 231807
541 132393 132483 86081 230836
542 132158 132487 85519 230337
543 131778 131896 84926 229713
544 131085 131550 84732 229159
545 129696 130939 83878 227557
546 128767 129527 83857 225835
547 128078 128991 83546 224416
548 127436 128064 83148 222843
549 127149 127061 82701 221946
550 126451 127127 82252 221520
551 126662 126756 82043 220880
552 125959 126490 81665 220052
553 125269 125961 81097 219217
554 124625 125387 81116 218151
555 123597 125295 80090 217857
556 123531 124109 80123 215882
557 122714 123984 79018 215720
558 121714 122818 79280 214344
559 121015 122693 77881 212760
560 121138 121346 78234 211089
561 119984 120460 77670 210197
562 120185 120323 77498 209849
563 119314 120547 77210 209428
564 118876 119531 76850 207695
565 118845 118789 76157 206865
566 117450 118560 76230 206454
567 117336 117682 75773 204344
568 116554 117153 75674 204168
569 116532 117158 74787 203721
570 115416 116028 74490 202442
571 114708 115258 74182 200887
572 114582 114602 73923 199806
573 114002 114723 73253 199883
574 113487 114022 73329 198082
575 113108 113452 73398 197839
576 112222 113493 72812 197105
577 112236 112939 71794 196193
578 111994 112306 72080 195199
579 110989 112494 71368 195235
580 110410 111348 71283 193341
581 109920 110874 71046 192596
582 109600 110226 70975 191139
583 109007 109603 70512 191088
584 108690 109506 69814 189921
585 108518 108609 69679 189389
586 107748 108207 69328 188541
587 107049 107780 68673 187949
588 106330 107496 68799 186525
589 106087 106949 68276 186081
590 105427 106190 67899 184877
591 105549 105304 67860 182937
592 104468 105533 67610 183444
593 104955 104824 67758 182373
594 104278 105018 67079 182553
595 104125 104450 66717 180820
596 103125 104192 66037 180989
597 102187 103089 65718 179285
598 102289 102151 65384 178455
599 101827 102036 64926 177661
600 100572 101604 64755 176392
601 100287 100602 64896 174977
602 99762 100563 64293 174576
603 98490 99819 64352 173446
604 98477 98689 63693 171980
605 98719 98620 63212 171937
606 98361 98769 63252 171811
607 97518 98725 62111 171064
608 97968 97583 62594 169581
609 97284 98024 62218 169899
610 96429 96945 62043 168514
611 96516 96660 61719 167845
612 95788 96937 61379 168184
613 95966 95830 61339 166467
614 94917 95646 61079 166009
615 95026 94667 60447 164827
616 94628 95184 60922 165136
617 93993 94784 60215 164225
618 93484 93764 59898 162850
619 93068 93242 59457 162820
620 93255 93174 58865 162148
621 92159 93191 59405 161962
622 91687 92176 58557 160132
623 91781 91379 58598 159200
624 91362 91790 58079 159625
625 90759 90614 57978 157374
626 90511 89935 57831 157047
627 89922 89890 57812 156231
628 89823 89520 57145 156062
629 89123 89721 56721 155754
630 88210 88916 56499 154526
631 87576 88314 56208 153527
632 87180 88084 55923 153515
633 87241 87427 55286 152167
634 86894 87570 55703 152083
635 86449 87519 55394 151393
636 86025 86962 55097 150534
637 85810 86100 54923 149528
638 85194 85770 54779 149203
639 85054 85629 54475 148373
640 84325 84698 54167 147570
641 84584 84346 53796 146430
642 83941 84251 53887 146683
643 83654 83898 53012 145691
644 83364 83817 53012 145077
645 82635 83641 52793 144766
646 82011 82910 52561 143503
647 82010 82226 52581 142578
648 81477 81987 51992 141888
649 80837 81885 51805 142076
650 81059 81058 51520 140571
651 80718 80952 51061 140048
652 81003 80365 50807 139910
653 79904 80443 51039 139378
654 79503 79879 50563 138132
655 78847 79405 50452 137822
656 78904 78745 50199 136777
657 78741 78620 49779 136509
658 78124 78480 50333 136114
659 77375 78362 49552 136051
660 77780 78039 48904 135260
661 77494 77707 48736 134767
662 76594 77316 48550 134114
663 76551 76845 48461 133073
664 75917 76674 48454 132952
665 75891 75937 47985 131905
666 75439 75817 47920 131819
667 75312 75076 47757 130648
668 74776 75115 47664 130168
669 74375 74875 47222 130124
670 74077 74324 47264 128815
671 73343 74250 46879 128671
672 73486 73637 46547 127713
673 73622 73277 46174 127173
674 73012 73250 45822 127109
675 72902 72865 45574 126303
676 72486 72510 45865 126032
677 72389 72549 46137 124998
678 71356 72279 45355 124806
679 71274 71370 45081 123798
680 71043 71073 44409 123374
681 69708 70886 44787 123151
682 70195 69979 44382 121314
683 69707 70166 44298 121489
684 69705 69762 44383 121072
685 69793 69847 43681 120792
686 68988 69214 43826 120413
687 68233 68891 43494 119852
688 68625 68319 43579 118827
689 67934 68544 43331 118531
690 67696 68157 42992 118129
691 67692 67655 42602 117534
692 66989 67773 42395 117347
693 66701 67230 42427 116575
694 66201 66857 41863 115699
695 65933 66344 41605 114794
696 65097 65767 41647 114372
697 64937 64961 41239 113279
698 64930 65046 41439 112956
699 64706 64627 40895 112453
700 65133 64458 40911 112076
701 64227 64823 40394 112744
702 64048 64467 40083 111619
703 64119 63862 40272 110898
704 63351 63849 40204 110451
705 62841 63092 39983 109496
706 62662 62845 39696 109305
707 62825 62635 39554 108816
708 61956 62777 39586 109012
709 61704 62361 39091 108138
710 61662 61800 39098 107118
711 61540 61714 38949 106805
712 61463 61634 38434 106783
713 60929 61325 38628 106441
714 61167 60976 38246 105759
715 60383 61079 38095 106088
716 59784 60603 37942 104692
717 59807 59803 37905 103783
718 59605 59704 37561 103621
719 59431 59537 37526 103437
720 58989 59397 37274 103208
721 58674 58952 37333 102226
722 58610 58937 36993 101773
723 58265 58831 36986 101677
724 57595 58153 36688 100481
725 57733 57597 36381 100142
726 57483 57614 36048 99601
727 57224 57107 35528 99158
728 56969 56512 36055 98554
729 56672 56702 35330 98336
730 56423 56133 35824 97149
731 56006 56013 35541 97539
732 56090 56103 34910 97301
733 55471 56142 35216 97013
734 55597 55357 34861 96159
735 55734 55204 34792 95882
736 55561 55113 34679 95568
737 55188 55097 34667 95500
738 54494 54934 34059 95175
739 54235 54180 34474 94411
740 53841 54190 33937 93909
741 53666 53704 33952 93074
742 53394 53605 33659 92676
743 53568 53557 33637 93112
744 53183 53617 33565 92574
745 53272 53147 33247 92340
746 52852 53490 32935 92316
747 52567 52696 33462 91340
748 52269 52594 32805 91405
749 52196 52460 32875 90747
750 51873 52319 32558 90170
751 51702 52053 32368 90191
752 51203 51957 32090 89517
753 51537 51045 31968 88461
754 51513 51306 32145 88735
755 50799 51300 31958 88435
756 50794 50601 31566 87769
757 49782 50402 31720 87461
758 49953 49963 31727 86685
759 49726 50152 31379 86635
760 49674 49901 31215 86157
761 49466 49807 31269 86026
762 49472 49994 30663 86125
763 49237 49444 30745 85322
764 48526 49282 30830 85068
765 48259 48619 29993 84292
766 48356 48214 29996 83890
767 48040 48205 30120 83509
768 47405 47933 30005 83216
769 47832 47814 29592 82457
770 47648 47755 29562 82272
771 47230 47294 29701 81774
772 47157 47242 29027 81463
773 46779 46892 29351 80855
774 46828 46449 29153 80338
775 46568 46439 29065 80737
776 46037 46684 28828 80526
777 46321 46150 28913 80089
778 45405 46510 28789 80183
779 45729 45926 28496 79056
780 45719 45706 28684 78945
781 45511 45685 28505 79196
782 45124 45619 28137 78716
783 44404 45225 28367 78120
784 44543 44663 27889 77279
785 44273 44952 27971 77390
786 44247 44188 27446 76579
787 43932 44366 27385 76889
788 44231 43963 27698 75962
789 43737 43945 27399 76109
790 43162 43559 27338 75437
791 43309 43277 26875 75131
792 43339 43381 26940 75185
793 42881 43270 26659 74896
794 43332 42664 26857 74254
795 42544 43133 26593 74701
796 43358 42869 26369 73976
797 42468 43012 26505 74176
798 42109 42182 26035 73020
799 42195 41746 26198 72265
800 41480 41688 25970 72539
801 41288 41570 26128 71632
802 41295 41410 25612 71630
803 41391 41297 25769 71379
804 41148 41298 25402 71164
805 40465 40875 25431 70754
806 40851 40620 25234 70277
807 40826 40599 25537 70209
808 40335 40835 25121 70260
809 39960 40155 25179 69483
810 39935 40282 24791 69316
811 39571 39911 25176 69050
812 39186 39831 24818 68653
813 38922 39469 24632 68506
814 39247 39282 24638 67811
815 39016 39259 24302 67871
816 38478 39240 24245 67989
817 38523 38843 24037 66969
818 38623 38695 23952 66778
819 38230 38610 23710 66731
820 38132 38269 24094 66189
821 38007 38042 23404 66058
822 37784 38188 23518 66098
823 37594 38053 23291 65294
824 37519 37714 23319 65076
825 37141 37606 23151 64758
826 37046 37264 23214 64456
827 36904 37300 22864 64314
828 36827 37131 22968 64049
829 36212 36891 22709 64021
830 35949 36705 22585 63292
831 36117 36351 22505 62898
832 36276 36340 22588 62495
833 35760 36004 22580 62445
834 35681 35883 22104 61924
835 35575 35660 22426 61888
836 35509 35844 21967 61662
837 35441 35379 22210 61400
838 35292 35359 21874 61379
839 35683 35395 21970 61046
840 35196 35399 21970 61276
841 34761 35035 21826 60628
842 34709 34946 21708 60451
843 34517 34870 21474 60069
844 34378 34351 21134 59640
845 34514 34320 21218 59375
846 34174 34349 21388 59503
847 33875 34280 21008 59159
848 33548 33868 21026 58667
849 33603 33736 20823 58156
850 33510 33466 20706 58016
851 33202 33308 20664 57335
852 33216 32879 20503 57038
853 32904 32847 20598 56900
854 32728 32864 20012 57036
855 32823 32692 20148 56412
856 32464 32680 20347 56612
857 32361 32410 20125 56322
858 32162 32461 20192 56155
859 32225 32466 20075 55987
860 31772 32580 19792 55786
861 31711 31990 19441 55291
862 31679 31799 19366 54975
863 31313 31402 19478 54391
864 31206 31138 19482 54113
865 31290 31106 19131 53757
866 31230 30742 19345 53704
867 31105 30953 19265 53772
868 30820 31054 19004 53608
869 30473 30921 18911 53332
870 30868 30634 18916 52883
871 30568 30562 19128 53084
872 30335 30745 18631 52912
873 30112 30418 18614 52574
874 30335 30188 18569 52103
875 29883 30363 18581 52423
876 29706 29935 18485 51787
877 29490 29941 18462 51571
878 29658 29701 18098 51262
879 29542 29477 18397 50934
880 29024 29453 18075 50810
881 29195 28852 18069 50243
882 29087 29217 18081 50334
883 28807 29008 17791 49951
884 28598 28465 17901 49455
885 28363 28504 17737 49432
886 28655 28489 17746 49196
887 28243 28455 17359 49263
888 28390 28081 17575 48855
889 28353 28391 17323 48868
890 28310 28170 17414 48632
891 28329 28198 17652 48571
892 28151 28380 17299 48419
893 28071 28038 17093 48216
894 28123 27780 17216 48166
895 27666 27906 16821 48112
896 27373 27544 16671 47644
897 27063 27411 16962 47323
898 26910 27298 16601 46939
899 26720 26880 16427 46638
900 26688 26563 16460 46254
901 26495 26621 16530 46016
902 26632 26565 16514 45636
903 26244 26634 16566 46125
904 26498 26611 16253 45623
905 26228 26432 16359 45611
906 26096 26276 16191 45659
907 26126 26210 16071 45196
908 25924 26092 15993 45006
909 25770 25800 16110 44574
910 25930 25895 15907 44653
911 25749 25812 15812 44796
912 25487 25896 15898 44665
913 25672 25820 15598 44282
914 25336 25497 15754 44015
915 25339 25367 15458 43901
916 25256 25216 15475 43342
917 25108 25031 15579 43285
918 25240 25048 15346 43357
919 25012 24902 15454 43131
920 24704 25049 15272 43038
921 24458 24730 15081 42620
922 24753 24529 14861 42398
923 24194 24426 15327 42319
924 24279 24271 14930 42025
925 24370 24304 14954 42005
926 24085 24335 14698 41896
927 24170 24105 14871 41673
928 23954 23985 14830 41398
929 23839 24010 14553 41460
930 23652 23896 14477 41276
931 23701 23717 14432 40743
932 23590 23536 14628 40804
933 23372 23868 14419 40825
934 23097 23442 14357 40299
935 23196 23066 14195 40037
936 22983 23023 14164 39844
937 22750 22953 14077 39626
938 22813 22853 13911 39450
939 22753 22673 14054 39141
940 22524 22974 13819 39544
941 22234 22602 13770 39050
942 22163 22266 13603 38632
943 22205 22116 13849 38288
944 22225 22312 13506 38528
945 22021 22182 13689 38548
946 22185 22337 13516 38383
947 22101 22246 13560 38370
948 21956 22148 13364 38178
949 21740 22027 13316 38101
950 21473 21952 13348 37782
951 21572 21676 13345 37362
952 21492 21596 13201 37435
953 21448 21607 13028 37269
954 21396 21446 12953 37009
955 21142 21402 12860 36829
956 20928 20998 12884 36204
957 20871 21104 12918 36378
958 20892 20979 12728 36029
959 20752 20876 12644 36082
960 20660 20923 12644 36003
961 20409 20813 12649 35583
962 20277 20479 12388 35415
963 20107 20412 12434 35165
964 20141 20347 12604 34962
965 20081 20399 12257 35195
966 20277 20307 12302 34962
967 20284 20209 12442 34634
968 19945 20255 12261 34883
969 19908 20022 12189 34566
970 20003 19845 12193 34189
971 19945 19999 12120 34305
972 19743 20038 11993 34368
973 19567 19655 12090 33713
974 19426 19456 12088 33700
975 19207 19309 11979 33458
976 19570 19244 11800 33242
977 19333 19441 11784 33577
978 19169 19314 11908 33162
979 19127 19199 11655 33020
980 18977 19026 11646 32913
981 19070 19006 11338 32703
982 18775 18923 11433 32566
983 18559 18648 11441 32370
984 18365 18736 11272 32228
985 18250 18271 11379 31852
986 18600 18296 11234 31715
987 18415 18563 11391 32010
988 18250 18571 11319 31746
989 18022 18439 11134 31780
990 17878 18188 10994 31308
991 17906 17895 10829 30922
992 18081 17690 10796 30870
993 17730 17733 11154 30867
994 17862 17753 10784 30711
995 17881 17669 10892 30827
996 17534 17708 10865 30489
997 17420 17517 10669 30368
998 17403 17395 10832 30026
999 17435 17464 10668 30194
1000 17316 17507 10784 30093
1001 17398 17442 10675 30143
1002 17140 17515 10523 30114
1003 17049 17405 10335 29738
1004 17033 17066 10448 29358
1005 17052 16952 10490 29437
1006 16983 16996 10450 29160
1007 16968 16939 10282 29111
1008 17054 16687 10327 29024
1009 16732 16832 10338 28901
1010 16590 16588 10150 28741
1011 16572 16752 10013 28753
1012 16386 16764 10066 28854
1013 16367 16442 10019 28234
1014 16588 16323 9906 28280
1015 16407 16394 9950 28245
1016 16262 16249 9961 28275
1017 15949 16415 9866 28053
1018 16195 16023 9795 27720
1019 16015 16282 9724 27976
1020 15983 16044 9744 27641
1021 16222 15854 9627 27510
1022 15667 15903 9854 27422
1023 15736 15617 9579 27130
1024 15709 15721 9671 27031
1025 15431 15646 9621 27115
1026 15357 15582 9438 26800
1027 15410 15452 9466 26744
1028 15266 15479 9523 26585
1029 15122 15331 9106 26479
1030 15021 15002 9362 26012
1031 15407 15068 9118 26247
1032 15143 15535 9114 26392
1033 15012 15123 9064 26077
1034 14758 14980 9108 25917
1035 14816 14786 8790 25765
1036 14805 14744 8968 25496
1037 14638 14797 9106 25641
1038 14779 14771 8915 25289
1039 14601 14768 8990 25515
1040 14442 14599 8947 25090
1041 14303 14551 8762 24971
1042 14513 14263 9022 24770
1043 14822 14505 8809 24935
1044 14599 14653 8761 25155
1045 14568 14273 8717 24769
1046 14433 14275 8721 24679
1047 14318 14282 8604 24642
1048 14440 14127 8615 24358
1049 14093 14233 8441 24647
1050 13996 14137 8407 24280
1051 14168 13935 8516 24034
1052 13768 13957 8484 24016
1053 13792 13749 8535 23635
1054 13677 13781 8560 23755
1055 13633 13779 8286 23682
1056 13541 13665 8387 23543
1057 13500 13417 8366 23283
1058 13501 13619 8229 23333
1059 13526 13466 8215 23245
1060 13348 13574 8211 23428
1061 13444 13456 8123 22873
1062 13427 13359 8137 23039
1063 13513 13522 8140 23135
1064 13230 13401 8181 23144
1065 13206 13234 7956 22950
1066 13014 13185 7947 22910
1067 13011 13123 7978 22547
1068 12997 13054 7880 22578
1069 12797 12923 7762 22237
1070 12860 12748 7885 21979
1071 12883 12699 7674 21928
1072 12884 12671 7819 22061
1073 12572 12859 7855 21973
1074 12834 12735 7690 21839
1075 12322 12845 7807 22010
1076 12489 12429 7584 21538
1077 12475 12394 7591 21514
1078 12461 12327 7558 21381
1079 12398 12365 7621 21407
1080 12511 12509 7626 21339
1081 12112 12581 7442 21446
1082 12270 12249 7387 21040
1083 12148 12079 7382 20996
1084 12063 12029 7397 20942
1085 12249 12068 7356 21017
1086 12037 12162 7306 20896
1087 12142 12045 7291 20750
1088 12170 12162 7322 20731
1089 11929 11999 7289 20547
1090 11784 11938 7241 20521
1091 11731 11831 7220 20269
1092 11765 11860 7138 20480
1093 11621 11810 7180 20108
1094 11575 11623 7042 20060
1095 11708 11403 7148 19854
1096 11635 11567 7105 19992
1097 11525 11675 7098 20051
1098 11441 11622 6958 19908
1099 11423 11520 6929 19646
1100 11374 11356 6816 19493
1101 11191 11284 7037 19452
1102 11153 11236 6787 19433
1103 11208 11065 6742 19256
1104 11115 11269 6753 19332
1105 11123 11289 6790 19284
1106 10861 11280 6651 19337
1107 10848 10998 6801 18836
1108 10824 10951 6598 18859
1109 10970 11045 6476 18851
1110 10757 10916 6533 18684
1111 10724 10696 6502 18549
1112 10448 10822 6638 18499
1113 10640 10551 6429 18283
1114 10648 10740 6660 18387
1115 10696 10789 6588 18391
1116 10580 10780 6448 18367
1117 10585 10553 6370 18159
1118 10605 10459 6304 18035
1119 10435 10376 6335 17881
1120 10545 10280 6353 17958
1121 10280 10455 6295 17964
1122 10199 10324 6240 17700
1123 9990 10306 6129 17718
1124 10129 9989 6081 17345
1125 10198 10024 6116 17284
1126 10037 10156 6219 17467
1127 10014 10138 6017 17377
1128 10082 10078 5993 17446
1129 10035 9887 6186 17073
1130 10037 9964 6026 17297
1131 10052 10083 5982 17280
1132 9955 9853 6102 17117
1133 9723 10027 6088 17184
1134 9850 9942 5996 16902
1135 9717 9748 5948 16799
1136 9771 9667 5817 16759
1137 9690 9828 5669 16824
1138 9711 9599 5744 16525
1139 9597 9503 5826 16391
1140 9419 9486 5633 16362
1141 9508 9408 5697 16303
1142 9368 9524 5605 16274
1143 9150 9458 5664 16295
1144 9264 9389 5424 16014
1145 9185 9235 5527 15971
1146 9052 9098 5556 15791
1147 8908 9093 5504 15611
1148 8983 9027 5485 15555
1149 9131 8993 5379 15527
1150 9120 9031 5519 15537
1151 9186 9064 5546 15592
1152 8966 9073 5457 15493
1153 8855 8845 5430 15261
1154 8982 8760 5489 15318
1155 8939 8996 5591 15473
1156 8790 9089 5440 15392
1157 8723 8921 5501 15229
1158 8874 8750 5417 15153
1159 8943 8960 5300 15303
1160 8888 8899 5174 15218
1161 8692 8689 5251 15289
1162 8674 8645 5375 14860
1163 8645 8618 5306 14958
1164 8768 8667 5071 14981
1165 8481 8741 5199 15047
1166 8675 8504 5144 14667
1167 8487 8665 5150 14894
1168 8380 8386 5107 14489
1169 8363 8465 5083 14609
1170 8476 8484 5012 14443
1171 8369 8478 5011 14546
1172 8308 8360 5072 14462
1173 8086 8343 4889 14350
1174 8186 8084 5038 14123
1175 8189 8323 4938 14102
1176 8129 8195 4928 14155
1177 8133 8128 4947 14036
1178 8197 8119 4861 14080
1179 8024 8208 4974 14011
1180 8092 8055 4816 13792
1181 7913 8162 4847 14032
1182 7762 8118 4896 13747
1183 8006 7838 4622 13513
1184 8037 8015 4880 13763
1185 7821 8085 4746 13797
1186 7867 7892 4800 13503
1187 7777 7935 4708 13508
1188 7762 7781 4735 13414
1189 7762 7857 4580 13434
1190 7693 7794 4627 13513
1191 7662 7836 4739 13306
1192 7629 7690 4587 13107
1193 7677 7583 4522 13192
1194 7531 7600 4664 13072
1195 7438 7509 4466 13015
1196 7357 7564 4470 12924
1197 7479 7419 4552 12761
1198 7356 7426 4519 12772
1199 7486 7331 4475 12662
1200 7484 7297 4444 12685
1201 7386 7437 4345 12864
1202 7291 7340 4441 12574
1203 7340 7267 4411 12466
1204 7258 7293 4432 12533
1205 7288 7168 4363 12324
1206 7246 7218 4366 12461
1207 7162 7194 4369 12244
1208 7171 7123 4237 12262
1209 7078 7011 4351 12239
1210 7053 7138 4287 12245
1211 6869 7084 4222 12153
1212 6943 6872 4203 11921
1213 6888 6927 4210 11907
1214 7029 6850 4226 11828
1215 7049 7011 4153 12045
1216 6880 7077 4097 12120
1217 6700 6900 4158 11917
1218 6723 6688 4144 11669
1219 6730 6783 4139 11669
1220 6879 6861 4133 11688
1221 6702 6872 4204 11733
1222 6717 6840 3986 11661
1223 6556 6740 3964 11657
1224 6792 6670 3999 11378
1225 6744 6699 3967 11593
1226 6584 6685 4027 11481
1227 6587 6663 4133 11469
1228 6551 6778 3955 11441
1229 6574 6534 3943 11219
1230 6410 6548 3933 11304
1231 6470 6409 3750 11096
1232 6637 6409 3830 10993
1233 6478 6516 3951 11059
1234 6419 6479 3915 11026
1235 6358 6497 3723 11047
1236 6310 6361 3808 10870
1237 6231 6305 3776 10828
1238 6307 6289 3701 10734
1239 6163 6192 3737 10659
1240 6247 6147 3712 10574
1241 6157 6211 3798 10623
1242 6221 6229 3638 10666
1243 6204 6254 3720 10691
1244 6196 6258 3663 10644
1245 6101 6157 3734 10531
1246 6027 6093 3654 10537
1247 6001 6083 3615 10381
1248 6129 6019 3512 10355
1249 5997 6030 3609 10362
1250 5953 6010 3534 10268
1251 5812 5960 3647 10261
1252 5998 5911 3456 10085
1253 5993 5984 3488 10259
1254 5896 5882 3575 10125
1255 5850 5928 3379 10091
1256 5781 5860 3459 10051
1257 5802 5714 3401 9933
1258 5569 5717 3378 9913
1259 5523 5602 3372 9653
1260 5549 5588 3434 9567
1261 5697 5487 3423 9496
1262 5618 5603 3396 9749
1263 5684 5596 3441 9648
1264 5699 5594 3400 9701
1265 5708 5680 3349 9757
1266 5540 5692 3323 9737
1267 5578 5565 3196 9590
1268 5457 5586 3274 9536
1269 5474 5455 3287 9386
1270 5499 5432 3261 9237
1271 5508 5440 3271 9312
1272 5391 5398 3187 9375
1273 5490 5373 3274 9328
1274 5412 5507 3194 9505
1275 5361 5384 3222 9275
1276 5269 5342 3126 9110
1277 5302 5224 3136 9019
1278 5263 5204 3169 8923
1279 5218 5232 3237 9037
1280 5023 5295 3146 9096
1281 5098 5144 3022 8749
1282 5201 5127 3164 8830
1283 5138 5357 3068 9038
1284 5167 5228 3120 8863
1285 5157 5161 3059 8804
1286 5201 5132 3014 8851
1287 5149 5144 3034 8803
1288 5096 5078 2986 8714
1289 4855 5037 3001 8689
1290 5018 4929 2868 8410
1291 4973 4940 3101 8467
1292 4989 4903 2991 8378
1293 4779 4975 2989 8603
1294 4850 4837 2914 8342
1295 4868 4911 2955 8424
1296 4943 4862 2872 8395
1297 5015 4989 2876 8452
1298 4940 4909 2889 8384
1299 4830 4839 2897 8328
1300 4679 4833 2835 8388
1301 4696 4782 2844 8205
1302 4835 4765 2796 8122
1303 4687 4659 2801 8197
1304 4632 4693 2799 8048
1305 4727 4626 2762 7943
1306 4562 4719 2761 7970
1307 4675 4538 2743 7864
1308 4594 4605 2805 7961
1309 4625 4573 2679 7808
1310 4591 4609 2738 7918
1311 4304 4561 2731 7869
1312 4366 4411 2648 7680
1313 4504 4349 2637 7591
1314 4440 4461 2636 7653
1315 4333 4339 2644 7611
1316 4234 4301 2640 7491
1317 4314 4220 2651 7387
1318 4399 4383 2597 7573
1319 4358 4400 2597 7551
1320 4288 4352 2623 7525
1321 4344 4277 2552 7460
1322 4363 4367 2609 7527
1323 4390 4343 2583 7440
1324 4461 4364 2565 7434
1325 4326 4331 2577 7484
1326 4250 4243 2578 7319
1327 4244 4260 2658 7259
1328 4265 4270 2558 7395
1329 4290 4264 2495 7257
1330 4102 4205 2535 7289
1331 4073 4120 2551 7207
1332 4176 4129 2531 7149
1333 4168 4206 2470 7269
1334 4063 4152 2501 7114
1335 4078 4032 2400 6952
1336 4086 4038 2493 7128
1337 4038 4127 2454 7057
1338 4059 4042 2360 7014
1339 4041 4184 2402 7083
1340 4123 4044 2421 6965
1341 4108 4068 2359 7018
1342 4053 4109 2408 7012
1343 3937 4046 2325 6923
1344 3945 3911 2372 6694
1345 3912 3969 2357 6832
1346 3835 3955 2303 6680
1347 4018 3760 2365 6624
1348 4080 3987 2341 6856
1349 3854 4080 2344 6926
1350 3890 3846 2289 6642
1351 3784 3880 2240 6709
1352 3821 3712 2160 6483
1353 3827 3709 2301 6447
1354 3665 3755 2269 6494
1355 3792 3686 2204 6478
1356 3750 3798 2246 6552
1357 3672 3830 2234 6422
1358 3688 3741 2248 6377
1359 3708 3591 2281 6271
1360 3705 3694 2241 6385
1361 3687 3759 2187 6391
1362 3701 3696 2244 6312
1363 3711 3673 2235 6290
1364 3702 3685 2245 6343
1365 3687 3694 2178 6320
1366 3722 3666 2112 6358
1367 3588 3733 2180 6359
1368 3709 3641 2106 6280
1369 3601 3704 2160 6322
1370 3634 3587 2109 6159
1371 3492 3564 2202 6253
1372 3574 3519 2096 5979
1373 3553 3537 2059 6112
1374 3505 3482 2088 6020
1375 3478 3469 2161 5961
1376 3456 3472 2142 5949
1377 3429 3587 2033 6054
1378 3420 3481 2065 5899
1379 3415 3438 2095 5927
1380 3512 3518 2051 5890
1381 3435 3431 1939 5896
1382 3482 3366 2004 5899
1383 3248 3389 2008 5839
1384 3310 3272 2013 5606
1385 3370 3306 1986 5591
1386 3325 3360 1929 5717
1387 3290 3209 2061 5581
1388 3168 3274 1952 5628
1389 3235 3174 1978 5426
1390 3235 3208 1850 5597
1391 3362 3223 1920 5588
1392 3222 3302 1897 5550
1393 3158 3170 1978 5480
1394 3191 3205 1851 5452
1395 3087 3080 1832 5357
1396 3161 3039 1845 5373
1397 3154 3151 1842 5437
1398 3063 3068 1840 5452
1399 3105 3113 1886 5308
1400 3086 3163 1808 5372
1401 3131 3059 1817 5221
1402 3066 3050 1872 5334
1403 3018 3062 1859 5277
1404 3056 3066 1860 5232
1405 3092 3110 1836 5189
1406 3020 3021 1793 5264
1407 3027 2927 1782 5103
1408 2983 2959 1772 5162
1409 3030 2943 1838 5095
1410 3014 2969 1767 5173
1411 3056 3047 1697 5204
1412 2972 2999 1821 5138
1413 3001 2949 1724 5052
1414 2931 2921 1780 5013
1415 2770 2954 1760 5081
1416 2791 2913 1711 4982
1417 2868 2891 1724 4882
1418 2869 2881 1741 4966
1419 2855 2879 1669 4919
1420 3005 2844 1768 4947
1421 2884 2990 1665 5054
1422 2925 2928 1711 4899
1423 2935 2870 1715 4872
1424 2822 2927 1666 4938
1425 2839 2794 1636 4810
1426 2765 2763 1726 4899
1427 2869 2777 1654 4792
1428 2962 2841 1672 4845
1429 2858 2868 1699 4933
1430 2760 2870 1636 4882
1431 2719 2837 1695 4780
1432 2712 2750 1608 4743
1433 2684 2730 1619 4726
1434 2755 2673 1597 4535
1435 2831 2764 1600 4758
1436 2699 2787 1587 4771
1437 2748 2663 1534 4532
1438 2665 2549 1592 4557
1439 2608 2567 1579 4486
1440 2550 2578 1478 4476
1441 2552 2540 1549 4486
1442 2469 2632 1488 4506
1443 2451 2551 1537 4383
1444 2546 2539 1507 4412
1445 2522 2568 1578 4346
1446 2539 2557 1575 4377
1447 2550 2545 1546 4355
1448 2510 2562 1471 4354
1449 2528 2513 1489 4383
1450 2496 2533 1485 4287
1451 2465 2516 1428 4238
1452 2419 2433 1418 4156
1453 2372 2407 1447 4087
1454 2327 2375 1442 4091
1455 2302 2391 1345 4047
1456 2357 2310 1367 4045
1457 2331 2323 1399 4075
1458 2345 2481 1379 4192
1459 2352 2424 1420 4141
1460 2334 2437 1422 4084
1461 2432 2390 1363 4071
1462 2387 2393 1451 4094
1463 2427 2387 1407 4095
1464 2423 2389 1427 4049
1465 2452 2358 1439 4110
1466 2363 2460 1388 4157
1467 2316 2307 1376 3962
1468 2320 2280 1427 3952
1469 2279 2295 1410 4042
1470 2398 2346 1324 4015
1471 2343 2467 1358 4098
1472 2266 2369 1262 3917
1473 2249 2241 1351 3924
1474 2275 2284 1363 3859
1475 2278 2301 1367 3916
1476 2320 2335 1341 3890
1477 2296 2283 1348 3880
1478 2213 2171 1354 3832
1479 2175 2185 1356 3777
1480 2185 2226 1344 3896
1481 2185 2248 1338 3857
1482 2223 2203 1352 3777
1483 2194 2257 1309 3849
1484 2176 2207 1310 3867
1485 2119 2192 1328 3744
1486 2143 2134 1306 3714
1487 2193 2197 1242 3781
1488 2195 2169 1320 3754
1489 2158 2187 1263 3788
1490 2128 2162 1264 3728
1491 2132 2100 1222 3554
1492 2055 2087 1260 3639
1493 2022 2068 1220 3549
1494 2097 2021 1186 3456
1495 2069 2050 1215 3578
1496 1980 2067 1182 3555
1497 2034 1999 1202 3392
1498 2055 2067 1255 3448
1499 2000 2101 1180 3565
1500 1967 2012 1208 3403
1501 1956 1972 1106 3411
1502 1922 1905 1159 3273
1503 1949 1809 1165 3246
1504 1952 1943 1167 3308
1505 1926 1939 1141 3326
1506 2006 1953 1170 3287
1507 1929 1928 1217 3320
1508 1895 1908 1143 3350
1509 1978 1892 1183 3298
1510 1944 1992 1173 3340
1511 2005 1910 1136 3344
1512 1952 2086 1139 3467
1513 1942 1943 1194 3300
1514 1918 1924 1173 3281
1515 1943 1884 1139 3306
1516 1872 1931 1145 3330
1517 1877 1842 1126 3187
1518 1882 1813 1111 3155
1519 1870 1852 1154 3245
1520 1912 1928 1159 3291
1521 1872 1931 1138 3298
1522 1903 1919 1079 3263
1523 1800 1888 1146 3239
1524 1811 1862 1089 3176
1525 1882 1908 1101 3244
1526 1788 1953 1076 3257
1527 1784 1789 1082 3083
1528 1792 1738 1142 3036
1529 1811 1838 1071 3155
1530 1805 1832 1067 3122
1531 1861 1797 1081 3050
1532 1865 1814 1113 3081
1533 1833 1822 1054 3103
1534 1779 1771 1004 3038
1535 1758 1721 987 3001
1536 1750 1669 1019 2924
1537 1745 1697 1025 2956
1538 1767 1746 999 2989
1539 1715 1783 1022 3077
1540 1686 1773 997 3006
1541 1673 1712 1001 2920
1542 1617 1682 964 2877
1543 1604 1655 970 2884
1544 1588 1644 938 2849
1545 1599 1612 1035 2802
1546 1549 1666 997 2833
1547 1617 1635 968 2792
1548 1602 1612 1037 2788
1549 1596 1600 950 2798
1550 1646 1599 966 2782
1551 1625 1634 984 2782
1552 1717 1624 930 2803
1553 1671 1649 1084 2760
1554 1695 1669 961 2810
1555 1600 1586 953 2736
1556 1594 1570 991 2745
1557 1576 1631 940 2775
1558 1595 1532 980 2643
1559 1601 1593 927 2739
1560 1586 1588 925 2746
1561 1482 1592 967 2707
1562 1563 1516 868 2643
1563 1612 1541 941 2627
1564 1632 1548 893 2649
1565 1538 1554 966 2691
1566 1551 1571 962 2696
1567 1593 1556 955 2642
1568 1580 1594 905 2723
1569 1579 1563 941 2716
1570 1641 1605 883 2711
1571 1526 1589 893 2665
1572 1494 1473 879 2546
1573 1457 1458 892 2564
1574 1546 1516 858 2543
1575 1472 1544 907 2628
1576 1548 1512 817 2606
1577 1408 1545 878 2709
1578 1405 1485 904 2451
1579 1471 1479 854 2504
1580 1432 1461 802 2537
1581 1493 1444 853 2470
1582 1422 1465 865 2496
1583 1381 1458 830 2515
1584 1415 1429 843 2470
1585 1425 1463 810 2472
1586 1417 1447 778 2487
1587 1481 1383 796 2388
1588 1429 1401 833 2422
1589 1356 1403 824 2415
1590 1334 1428 794 2422
1591 1302 1347 751 2284
1592 1340 1337 814 2316
1593 1318 1355 805 2337
1594 1323 1333 762 2287
1595 1297 1278 839 2273
1596 1281 1345 772 2254
1597 1315 1305 807 2187
1598 1356 1325 829 2278
1599 1453 1374 820 2313
1600 1313 1398 822 2295
1601 1407 1299 769 2264
1602 1334 1335 790 2313
1603 1363 1301 770 2248
1604 1322 1301 786 2240
1605 1245 1309 753 2276
1606 1288 1312 777 2260
1607 1339 1359 734 2268
1608 1265 1323 748 2253
1609 1251 1265 751 2221
1610 1275 1299 732 2163
1611 1244 1263 726 2176
1612 1250 1278 708 2154
1613 1279 1282 719 2176
1614 1289 1248 680 2158
1615 1249 1223 725 2125
1616 1324 1231 765 2088
1617 1255 1295 723 2119
1618 1237 1240 706 2169
1619 1201 1236 718 2066
1620 1177 1168 754 2022
1621 1224 1192 722 2027
1622 1147 1249 712 2114
1623 1148 1144 720 1998
1624 1153 1162 649 1986
1625 1170 1147 714 1979
1626 1168 1158 690 2022
1627 1181 1169 674 1975
1628 1204 1150 715 1967
1629 1107 1159 697 2013
1630 1192 1116 673 1975
1631 1215 1222 683 2027
1632 1156 1184 707 2055
1633 1134 1162 672 1997
1634 1197 1151 704 2020
1635 1234 1197 680 2000
1636 1166 1216 744 2108
1637 1191 1216 670 2044
1638 1153 1206 669 2040
1639 1130 1171 664 1989
1640 1152 1124 649 1988
1641 1167 1156 641 1946
1642 1109 1123 680 1955
1643 1143 1108 656 1889
1644 1083 1136 627 1908
1645 1048 1082 673 1831
1646 1058 1041 615 1806
1647 1040 1019 644 1814
1648 1049 1063 628 1838
1649 1082 1075 596 1815
1650 1082 1101 662 1895
1651 1075 1098 624 1801
1652 1055 1016 634 1782
1653 1114 1009 623 1773
1654 1150 1106 675 1858
1655 1109 1124 616 1896
1656 1086 1071 625 1838
1657 1027 1108 632 1837
1658 1052 1076 596 1778
1659 1048 1026 618 1776
1660 1063 1011 594 1760
1661 992 1019 586 1750
1662 1045 1013 592 1722
1663 994 1051 553 1776
1664 1009 956 606 1715
1665 962 1052 535 1798
1666 1019 989 559 1697
1667 978 994 578 1741
1668 963 997 534 1714
1669 908 982 551 1646
1670 940 907 596 1592
1671 957 946 574 1557
1672 960 945 579 1636
1673 952 979 579 1684
1674 1019 1047 583 1718
1675 989 1044 545 1757
1676 948 1022 557 1692
1677 957 953 566 1648
1678 962 934 561 1628
1679 991 948 578 1564
1680 1031 974 552 1651
1681 969 965 577 1626
1682 950 973 588 1632
1683 933 974 572 1631
1684 879 950 557 1585
1685 852 905 530 1563
1686 900 878 536 1448
1687 885 857 560 1512
1688 906 896 539 1591
1689 946 925 560 1582
1690 870 961 508 1637
1691 870 886 491 1498
1692 903 864 555 1458
1693 822 921 493 1526
1694 875 861 457 1420
1695 834 837 548 1425
1696 824 827 515 1446
1697 860 856 511 1492
1698 858 887 475 1497
1699 842 856 512 1477
1700 787 827 493 1429
1701 792 771 466 1340
1702 879 780 506 1344
1703 878 860 489 1496
1704 860 883 497 1492
1705 801 859 509 1467
1706 847 808 458 1395
1707 853 831 554 1448
1708 879 868 458 1476
1709 905 866 514 1453
1710 851 864 486 1475
1711 877 798 542 1371
1712 861 892 454 1476
1713 850 845 520 1452
1714 841 853 473 1409
1715 803 826 478 1378
1716 792 774 475 1359
1717 820 806 486 1395
1718 819 846 490 1425
1719 791 810 497 1410
1720 841 805 476 1367
1721 842 815 470 1400
1722 782 793 464 1373
1723 840 773 465 1327
1724 845 787 464 1367
1725 799 783 486 1350
1726 772 777 439 1337
1727 774 783 447 1312
1728 745 745 416 1326
1729 788 706 442 1267
1730 802 786 430 1323
1731 773 781 482 1321
1732 746 759 463 1284
1733 715 767 431 1338
1734 717 767 431 1286
1735 753 720 420 1222
1736 750 744 450 1294
1737 723 717 466 1251
1738 727 759 414 1288
1739 728 724 404 1241
1740 718 724 432 1233
1741 726 732 417 1246
1742 662 774 425 1307
1743 747 736 396 1218
1744 732 736 440 1237
1745 727 768 424 1265
1746 731 723 418 1215
1747 751 708 456 1241
1748 727 751 402 1268
1749 704 721 405 1244
1750 708 693 448 1207
1751 730 719 423 1238
1752 739 746 414 1225
1753 745 727 453 1264
1754 708 742 409 1225
1755 690 707 406 1238
1756 655 718 421 1207
1757 671 704 409 1183
1758 681 700 397 1210
1759 690 696 384 1170
1760 695 676 373 1126
1761 717 650 389 1121
1762 711 667 413 1147
1763 680 704 431 1183
1764 664 683 363 1157
1765 646 632 436 1119
1766 692 672 371 1114
1767 689 692 395 1143
1768 611 671 399 1158
1769 663 591 382 1043
1770 614 645 391 1098
1771 673 619 358 1067
1772 640 672 393 1158
1773 675 646 388 1127
1774 640 717 376 1179
1775 645 671 380 1116
1776 676 646 374 1087
1777 641 658 367 1143
1778 657 625 380 1075
1779 675 646 356 1102
1780 620 669 401 1096
1781 603 613 373 1032
1782 646 604 350 1071
1783 588 635 313 1058
1784 631 565 343 1009
1785 578 596 358 1021
1786 579 570 347 999
1787 600 571 357 995
1788 582 589 378 1016
1789 598 611 365 1022
1790 579 595 359 982
1791 598 569 360 1057
1792 560 597 378 1005
1793 602 570 326 1030
1794 645 633 365 1043
1795 609 632 346 1069
1796 564 612 353 1005
1797 610 589 344 1031
1798 623 611 348 1029
1799 622 603 351 1035
1800 624 605 355 1007
1801 575 620 323 1024
1802 578 583 320 1000
1803 561 562 338 974
1804 589 539 362 921
1805 565 589 312 1018
1806 580 571 323 1003
1807 588 571 321 985
1808 583 571 322 993
1809 574 590 325 968
1810 587 531 330 943
1811 538 554 333 971
1812 478 547 356 926
1813 477 529 319 917
1814 546 543 321 906
1815 543 566 338 943
1816 514 565 308 915
1817 533 521 319 937
1818 572 553 306 931
1819 540 561 349 951
1820 498 538 334 940
1821 561 528 295 933
1822 505 553 286 946
1823 511 504 307 852
1824 543 505 299 875
1825 542 495 289 907
1826 549 504 310 883
1827 512 535 292 915
1828 503 511 289 845
1829 513 491 269 850
1830 492 510 320 869
1831 462 519 275 861
1832 475 468 290 823
1833 464 496 280 867
1834 470 494 260 836
1835 440 457 266 799
1836 456 443 291 773
1837 480 468 271 826
1838 467 476 282 821
1839 488 478 279 815
1840 492 497 274 829
1841 485 474 283 832
1842 483 481 269 800
1843 437 479 299 834
1844 485 441 235 804
1845 513 466 288 801
1846 502 501 303 830
1847 426 480 287 798
1848 483 414 279 728
1849 484 437 296 822
1850 448 494 318 807
1851 453 475 230 810
1852 445 451 288 784
1853 462 455 274 759
1854 453 468 275 781
1855 432 437 246 766
1856 456 432 270 740
1857 456 423 265 738
1858 445 418 240 743
1859 457 437 279 755
1860 469 455 254 801
1861 439 487 261 821
1862 429 448 256 746
1863 449 440 258 732
1864 422 444 245 733
1865 436 427 269 733
1866 457 455 266 724
1867 456 449 288 786
1868 449 486 259 823
1869 428 455 261 756
1870 410 424 241 757
1871 391 432 262 723
1872 446 427 224 723
1873 398 438 261 780
1874 453 429 243 729
1875 456 470 282 798
1876 462 477 284 781
1877 437 464 245 788
1878 402 481 244 791
1879 403 416 232 724
1880 441 411 222 713
1881 441 422 236 739
1882 449 416 246 712
1883 435 419 235 733
1884 432 425 253 726
1885 405 419 261 712
1886 424 387 206 697
1887 416 422 251 723
1888 424 418 245 703
1889 419 413 264 701
1890 423 418 166 715
1891 432 387 229 666
1892 425 393 222 672
1893 395 390 245 662
1894 381 385 235 635
1895 369 356 221 644
1896 362 350 213 615
1897 387 332 208 610
1898 366 365 236 648
1899 354 378 201 624
1900 359 350 209 630
1901 375 372 222 650
1902 373 377 233 628
1903 345 366 215 606
1904 356 356 200 648
1905 336 368 197 628
1906 372 360 199 632
1907 339 386 226 646
1908 363 357 197 616
1909 348 366 214 616
1910 342 339 209 602
1911 382 330 215 594
1912 375 337 184 593
1913 370 322 216 593
1914 390 365 218 615
1915 372 385 217 645
1916 368 386 214 642
1917 346 385 188 628
1918 333 335 202 578
1919 339 312 185 567
1920 333 316 206 580
1921 336 334 206 563
1922 368 324 196 581
1923 360 383 197 663
1924 325 374 196 616
1925 336 329 219 549
1926 346 328 193 595
1927 350 357 208 604
1928 342 374 208 633
1929 362 371 199 597
1930 402 340 199 590
1931 352 380 215 642
1932 331 364 203 586
1933 318 318 195 534
1934 331 304 186 539
1935 320 314 173 560
1936 330 309 162 520
1937 318 313 180 555
1938 323 310 175 551
1939 298 351 165 573
1940 291 302 170 518
1941 280 282 195 528
1942 287 325 166 524
1943 312 282 188 482
1944 309 315 180 523
1945 312 300 184 531
1946 269 302 174 508
1947 314 269 170 503
1948 311 305 164 531
1949 310 304 181 522
1950 340 315 174 523
1951 297 316 171 530
1952 291 279 173 499
1953 286 279 186 490
1954 282 304 176 503
1955 268 298 171 519
1956 290 309 155 495
1957 300 280 170 501
1958 279 294 161 485
1959 312 269 150 480
1960 295 302 159 520
1961 262 279 153 482
1962 247 267 179 474
1963 297 287 142 486
1964 287 296 158 491
1965 288 269 136 478
1966 294 259 166 470
1967 279 288 172 477
1968 257 259 157 458
1969 269 251 145 459
1970 285 264 181 450
1971 256 300 152 485
1972 271 266 171 461
1973 263 288 173 466
1974 260 282 163 461
1975 265 256 163 460
1976 280 270 150 477
1977 251 272 164 469
1978 232 249 152 440
1979 253 239 160 409
1980 266 262 133 462
1981 276 261 167 451
1982 287 264 147 487
1983 271 287 133 496
1984 278 263 132 454
1985 248 269 165 450
1986 279 242 162 432
1987 252 260 168 443
1988 265 256 153 424
1989 247 245 158 447
1990 279 226 143 401
1991 289 252 145 448
1992 272 273 158 467
1993 262 273 154 442
1994 281 268 139 460
1995 260 262 168 448
1996 260 275 143 444
1997 235 266 128 459
1998 244 223 132 387
1999 251 234 140 428
2000 228 246 136 411
2001 255 240 133 424
2002 236 260 154 439
2003 239 250 152 424
2004 213 264 138 440
2005 199 247 134 404
2006 237 221 130 376
2007 273 228 141 386
2008 254 255 166 419
2009 249 247 139 434
2010 238 258 129 438
2011 245 251 137 419
2012 224 245 122 409
2013 248 220 138 382
2014 239 215 156 398
2015 224 245 140 412
2016 217 233 131 407
2017 227 224 134 383
2018 196 208 155 377
2019 226 219 128 402
2020 252 266 149 437
2021 282 252 133 424
2022 263 257 136 433
2023 230 262 149 434
2024 243 256 129 416
2025 207 255 124 409
2026 193 211 119 359
2027 212 216 125 373
2028 226 228 129 389
2029 220 225 139 368
2030 221 217 105 379
2031 224 218 124 386
2032 224 214 129 364
2033 181 230 131 387
2034 190 197 105 345
2035 215 206 119 349
2036 225 187 116 334
2037 204 185 116 329
2038 190 177 112 326
2039 198 173 113 327
2040 198 188 109 331
2041 201 199 116 357
2042 188 206 135 373
2043 228 216 120 355
2044 198 219 116 364
2045 230 209 125 355
2046 216 235 114 389
2047 211 224 114 360
2048 216 203 113 350
2049 178 186 110 344
2050 194 179 109 314
2051 195 194 113 330
2052 205 190 110 333
2053 190 211 105 373
2054 192 211 102 350
2055 175 193 86 328
2056 182 166 92 289
2057 188 182 118 307
2058 180 204 108 344
2059 184 215 114 336
2060 186 194 103 334
2061 194 201 103 341
2062 180 213 114 343
2063 158 180 98 309
2064 160 170 105 296
2065 171 173 94 290
2066 165 163 108 299
2067 174 173 123 296
2068 179 181 121 284
2069 177 182 107 309
2070 180 166 124 296
2071 173 174 105 303
2072 164 169 105 280
2073 201 161 117 278
2074 215 187 110 325
2075 189 190 100 334
2076 187 178 100 325
2077 189 197 102 303
2078 171 177 109 293
2079 154 158 102 267
2080 171 162 105 266
2081 185 177 107 296
2082 156 177 104 321
2083 121 170 79 284
2084 166 142 94 269
2085 166 168 97 279
2086 163 172 103 275
2087 150 165 98 285
2088 158 171 99 298
2089 178 191 103 303
2090 207 189 88 316
2091 194 196 103 314
2092 191 172 101 293
2093 182 156 96 277
2094 148 164 95 299
2095 172 147 85 261
2096 133 163 111 283
2097 166 143 82 253
2098 177 175 91 297
2099 166 164 101 279
2100 170 164 98 274
2101 152 165 96 274
2102 154 146 106 251
2103 185 142 79 265
2104 171 176 90 300
2105 173 174 103 286
2106 155 187 83 307
2107 161 154 99 286
2108 150 179 90 297
2109 166 156 97 262
2110 152 159 104 271
2111 149 169 77 265
2112 142 152 104 249
2113 148 136 88 250
2114 145 136 107 259
2115 131 154 82 267
2116 145 124 88 232
2117 154 143 95 258
2118 161 154 79 253
2119 137 153 111 271
2120 169 138 83 241
2121 140 163 93 281
2122 121 156 89 255
2123 142 147 79 231
2124 117 149 83 242
2125 137 117 89 203
2126 139 140 81 254
2127 143 132 70 240
2128 141 141 87 241
2129 142 137 70 232
2130 136 142 80 242
2131 133 142 81 248
2132 140 155 76 249
2133 112 141 96 239
2134 128 130 76 225
2135 146 139 83 223
2136 144 148 72 251
2137 143 141 76 235
2138 124 138 63 227
2139 144 128 67 230
2140 151 118 95 213
2141 154 133 107 233
2142 136 146 80 247
2143 134 126 80 248
2144 158 134 93 235
2145 135 147 93 265
2146 135 163 81 271
2147 140 154 71 246
2148 133 136 74 236
2149 126 132 79 235
2150 136 137 74 231
2151 125 155 87 242
2152 145 133 67 213
2153 137 116 92 211
2154 125 120 77 211
2155 130 111 93 196
2156 129 132 50 231
2157 142 114 77 211
2158 143 134 75 213
2159 118 139 67 242
2160 112 125 76 212
2161 108 116 68 199
2162 135 113 72 201
2163 121 143 78 230
2164 123 133 68 243
2165 116 134 61 221
2166 121 117 75 194
2167 124 117 72 201
2168 126 129 70 205
2169 112 113 74 198
2170 116 111 64 191
2171 119 113 76 192
2172 142 119 69 185
2173 124 135 80 214
2174 112 129 77 215
2175 122 125 72 209
2176 140 125 59 202
2177 104 124 63 215
2178 129 104 76 180
2179 118 119 67 215
2180 113 111 73 191
2181 107 113 75 197
2182 122 117 65 183
2183 108 108 86 205
2184 118 129 69 224
2185 117 133 70 209
2186 115 125 72 211
2187 95 116 71 209
2188 109 116 52 198
2189 108 111 71 186
2190 75 109 61 190
2191 94 83 65 147
2192 93 95 60 159
2193 96 87 67 161
2194 115 103 76 170
2195 105 114 66 192
2196 103 102 64 189
2197 117 111 53 191
2198 108 111 51 180
2199 112 104 58 185
2200 127 103 79 175
2201 107 123 70 205
2202 146 105 55 179
2203 110 135 65 223
2204 110 113 61 191
2205 99 99 54 181
2206 81 97 42 181
2207 99 78 46 155
2208 106 97 55 167
2209 100 91 67 158
2210 97 108 65 183
2211 92 116 52 186
2212 89 98 55 160
2213 89 92 46 179
2214 93 90 78 149
2215 107 100 61 159
2216 115 108 59 171
2217 112 98 65 178
2218 104 109 66 183
2219 100 105 66 182
2220 98 103 67 173
2221 106 103 59 167
2222 99 84 53 151
2223 105 83 68 161
2224 99 91 64 147
2225 80 89 57 168
2226 91 87 54 156
2227 82 94 60 154
2228 93 89 58 163
2229 109 100 57 162
2230 97 88 60 143
2231 103 89 56 168
2232 108 104 50 161
2233 93 99 49 164
2234 102 84 45 150
2235 95 82 53 151
2236 68 89 59 138
2237 86 77 49 129
2238 98 86 59 163
2239 92 95 58 165
2240 87 92 52 169
2241 104 98 56 145
2242 104 105 58 175
2243 90 108 49 180
2244 94 100 54 160
2245 84 95 47 157
2246 94 93 53 155
2247 96 100 58 150
2248 93 99 49 172
2249 95 100 50 170
2250 82 101 48 172
2251 81 85 43 146
2252 94 84 45 156
2253 83 94 50 150
2254 76 91 56 155
2255 88 84 40 149
2256 89 98 41 183
2257 81 98 56 149
2258 74 88 41 151
2259 81 73 37 124
2260 71 65 40 114
2261 85 71 44 119
2262 69 79 43 129
2263 64 63 37 119
2264 62 67 44 117
2265 78 68 42 115
2266 71 81 39 135
2267 70 70 38 122
2268 68 71 46 129
2269 82 71 39 117
2270 72 91 46 140
2271 62 83 46 138
2272 62 61 46 111
2273 75 59 39 118
2274 89 71 43 138
2275 85 91 54 142
2276 70 82 38 140
2277 80 83 37 138
2278 76 76 38 125
2279 75 69 43 142
2280 67 77 47 134
2281 73 72 41 134
2282 52 74 43 120
2283 65 63 32 115
2284 76 65 43 110
2285 52 73 30 125
2286 61 53 36 104
2287 57 57 33 110
2288 73 67 42 122
2289 61 73 50 116
2290 83 74 26 121
2291 73 83 34 142
2292 60 71 45 113
2293 56 55 24 101
2294 57 51 31 97
2295 57 55 32 97
2296 74 65 31 112
2297 66 75 39 118
2298 48 65 37 102
2299 61 47 34 100
2300 68 70 29 114
2301 74 70 45 112
2302 70 77 45 124
2303 61 72 49 115
2304 74 56 35 90
2305 74 61 45 116
2306 66 64 45 113
2307 79 62 55 108
2308 85 71 31 121
2309 74 75 45 126
2310 71 78 32 120
2311 54 73 50 116
2312 55 55 38 97
2313 70 59 39 108
2314 48 71 36 128
2315 58 59 32 101
2316 45 58 37 109
2317 62 46 37 81
2318 60 57 30 109
2319 53 53 32 107
2320 47 63 38 112
2321 52 65 28 110
2322 54 65 25 101
2323 63 61 39 108
2324 55 78 44 120
2325 58 60 29 98
2326 60 56 35 101
2327 63 63 32 109
2328 67 62 28 101
2329 76 55 27 92
2330 63 63 33 102
2331 61 51 36 98
2332 60 59 42 95
2333 51 59 37 100
2334 47 50 32 93
2335 53 52 32 94
2336 60 49 25 91
2337 53 52 27 90
2338 57 50 34 89
2339 48 63 35 99
2340 57 61 37 96
2341 57 62 37 105
2342 54 63 27 110
2343 44 61 34 89
2344 40 45 35 80
2345 45 49 28 75
2346 37 56 27 96
2347 38 44 39 79
2348 65 45 25 72
2349 66 53 35 93
2350 73 60 23 106
2351 66 66 37 93
2352 53 59 29 97
2353 58 51 22 95
2354 54 66 25 98
2355 53 56 27 97
2356 57 55 29 96
2357 49 52 31 84
2358 48 49 30 83
2359 53 53 26 91
2360 46 55 22 83
2361 51 38 29 76
2362 50 40 26 73
2363 42 44 36 78
2364 46 41 19 78
2365 41 52 35 93
2366 47 54 25 78
2367 65 51 26 86
2368 54 67 28 106
2369 56 52 38 82
2370 52 60 25 93
2371 39 57 26 90
2372 31 51 26 79
2373 46 32 16 65
2374 42 41 35 77
2375 48 48 23 74
2376 46 57 30 81
2377 29 51 24 83
2378 41 39 19 70
2379 33 40 32 68
2380 38 39 24 78
2381 44 44 26 65
2382 52 36 31 64
2383 50 55 30 82
2384 43 45 26 75
2385 43 40 28 68
2386 44 41 24 74
2387 44 38 29 84
2388 40 45 16 76
2389 34 42 26 77
2390 45 42 22 68
2391 42 40 26 66
2392 41 33 22 64
2393 36 35 25 69
2394 44 30 25 52
2395 32 46 22 76
2396 39 42 21 62
2397 54 43 28 65
2398 49 54 24 76
2399 58 46 30 74
2400 47 47 33 77
2401 47 35 27 71
2402 39 34 18 73
2403 49 31 23 67
2404 68 45 24 78
2405 36 56 22 91
2406 37 36 16 63
2407 49 42 16 74
2408 57 43 29 69
2409 46 50 32 88
2410 37 50 17 73
2411 44 40 28 74
2412 50 47 28 70
2413 49 47 24 85
2414 37 45 30 70
2415 38 33 26 70
2416 44 45 16 65
2417 43 42 26 69
2418 37 39 27 69
2419 40 39 20 64
2420 25 36 23 68
2421 50 32 16 63
2422 38 52 21 79
2423 45 32 25 55
2424 47 52 16 83
2425 36 44 24 73
2426 42 35 20 63
2427 43 41 34 66
2428 46 49 24 78
2429 40 51 23 84
2430 42 45 24 71
2431 57 39 27 67
2432 43 56 33 87
2433 52 57 19 85
2434 43 53 33 87
2435 47 47 19 80
2436 43 44 22 68
2437 46 40 24 71
2438 40 46 24 69
2439 47 41 24 63
2440 31 47 24 75
2441 33 33 17 65
2442 34 44 26 67
2443 23 39 25 63
2444 26 29 14 49
2445 28 25 25 51
2446 39 34 17 60
2447 28 38 27 63
2448 37 29 11 54
2449 40 35 32 54
2450 27 42 22 60
2451 35 24 32 53
2452 35 39 17 68
2453 35 40 23 73
2454 33 46 21 68
2455 34 34 14 63
2456 35 30 21 46
2457 29 24 19 57
2458 23 33 22 50
2459 29 26 20 46
2460 30 33 17 55
2461 23 30 23 50
2462 39 29 15 44
2463 25 33 19 58
2464 27 24 16 40
2465 35 28 22 44
2466 34 30 24 57
2467 30 37 22 61
2468 28 28 22 46
2469 27 21 25 44
2470 36 28 16 53
2471 38 30 17 55
2472 43 33 21 55
2473 30 42 15 72
2474 40 27 18 45
2475 31 35 20 61
2476 28 29 13 51
2477 25 23 15 47
2478 24 27 13 44
2479 20 22 19 45
2480 26 23 12 39
2481 28 29 14 42
2482 34 28 19 46
2483 24 38 23 58
2484 19 30 19 52
2485 38 33 11 52
2486 34 35 20 59
2487 28 31 19 50
2488 30 25 15 43
2489 28 24 14 44
2490 28 24 11 46
2491 31 25 23 49
2492 30 28 18 53
2493 36 31 26 51
2494 35 37 16 62
2495 35 38 24 68
2496 40 47 27 67
2497 36 45 14 64
2498 29 36 16 62
2499 27 38 25 58
2500 30 44 18 70
2501 33 40 23 60
2502 26 33 22 60
2503 24 35 16 60
2504 32 31 13 57
2505 27 32 6 59
2506 25 28 21 49
2507 27 24 26 36
2508 26 30 13 55
2509 28 30 13 50
2510 30 24 15 40
2511 31 29 18 52
2512 30 30 17 45
2513 31 26 9 48
2514 25 28 21 47
2515 34 33 8 53
2516 34 37 21 65
2517 24 34 18 50
2518 29 25 14 44
2519 28 28 6 47
2520 14 29 13 44
2521 19 19 12 31
2522 21 23 12 40
2523 32 25 14 40
2524 26 34 11 55
2525 28 24 19 45
2526 32 33 17 51
2527 28 27 18 43
2528 22 20 12 44
2529 18 23 19 44
2530 11 24 9 40
2531 18 15 14 33
2532 23 17 11 31
2533 25 19 13 37
2534 13 26 6 42
2535 18 14 13 30
2536 13 23 19 38
2537 20 24 17 41
2538 14 27 17 38
2539 25 22 24 40
2540 26 40 10 49
2541 19 33 13 50
2542 26 24 13 38
2543 22 31 13 44
2544 13 22 21 39
2545 23 24 7 44
2546 17 22 15 42
2547 22 18 10 27
2548 21 15 11 28
2549 21 17 15 43
2550 13 24 11 38
2551 26 20 10 35
2552 31 27 13 44
2553 19 28 13 48
2554 24 22 8 38
2555 28 24 19 37
2556 28 19 13 33
2557 33 22 11 43
2558 32 26 17 48
2559 19 25 14 40
2560 18 17 13 29
2561 16 19 14 28
2562 16 18 10 31
2563 14 19 16 30
2564 30 22 20 33
2565 20 33 12 47
2566 15 25 9 44
2567 26 18 14 33
2568 19 23 12 41
2569 25 15 14 33
2570 26 21 15 36
2571 21 25 12 41
2572 26 23 9 38
2573 25 16 13 35
2574 27 18 13 36
2575 27 20 9 41
2576 23 21 15 37
2577 20 22 8 36
2578 15 22 12 39
2579 13 19 11 30
2580 18 17 11 28
2581 18 20 12 38
2582 16 25 7 42
2583 15 22 12 36
2584 20 14 6 31
2585 27 19 13 39
2586 19 27 14 47
2587 20 29 10 38
2588 23 20 9 32
2589 23 21 12 37
2590 21 15 10 28
2591 21 17 13 35
2592 20 19 13 32
2593 14 15 11 25
2594 28 16 9 30
2595 17 30 9 45
2596 19 19 12 34
2597 13 19 7 35
2598 26 20 10 31
2599 14 27 8 44
2600 16 21 7 30
2601 15 16 13 24
2602 14 17 9 26
2603 16 18 7 26
2604 10 17 13 28
2605 16 18 8 25
2606 22 17 9 30
2607 19 19 11 31
2608 25 19 9 41
2609 25 23 12 37
2610 19 21 3 44
2611 13 18 10 32
2612 16 15 10 27
2613 10 20 6 31
2614 10 12 6 24
2615 11 10 7 18
2616 18 11 14 22
2617 12 17 5 34
2618 15 14 4 24
2619 17 14 13 20
2620 14 13 13 20
2621 19 16 9 24
2622 16 15 11 32
2623 10 18 16 25
2624 12 11 6 27
2625 13 19 13 30
2626 23 21 11 29
2627 23 24 12 35
2628 15 21 14 41
2629 26 18 7 30
2630 21 20 11 37
2631 22 19 6 36
2632 17 17 6 34
2633 22 14 6 31
2634 14 17 4 30
2635 10 10 9 18
2636 7 6 13 13
2637 9 9 10 16
2638 17 14 8 22
2639 19 18 8 28
2640 10 17 14 31
2641 18 16 10 26
2642 20 17 11 29
2643 15 19 12 35
2644 13 21 10 32
2645 15 11 9 25
2646 15 20 7 36
2647 19 13 7 22
2648 22 17 11 35
2649 22 27 11 34
2650 8 20 8 33
2651 14 11 10 19
2652 24 14 3 22
2653 21 22 11 29
2654 16 15 8 23
2655 19 12 13 21
2656 22 16 6 29
2657 15 16 4 28
2658 20 13 8 22
2659 13 19 11 30
2660 6 16 8 30
2661 12 16 9 23
2662 19 13 8 19
2663 11 16 10 29
2664 14 14 8 18
2665 16 14 5 24
2666 15 18 14 29
2667 7 21 7 32
2668 12 13 4 23
2669 7 13 13 18
2670 8 12 5 14
2671 20 6 10 18
2672 18 21 4 32
2673 12 20 6 32
2674 19 16 9 27
2675 22 18 9 26
2676 24 18 9 26
2677 24 15 11 26
2678 21 16 9 32
2679 9 20 14 31
2680 15 14 6 26
2681 15 18 12 31
2682 14 17 13 26
2683 13 19 9 28
2684 20 13 10 21
2685 17 16 7 27
2686 25 16 12 27
2687 21 19 10 30
2688 18 12 9 24
2689 14 12 10 23
2690 20 13 6 23
2691 20 17 11 30
2692 17 23 7 35
2693 14 16 8 26
2694 11 11 4 19
2695 17 5 9 15
2696 18 14 9 22
2697 25 14 7 26
2698 23 16 9 31
2699 16 21 18 34
2700 10 22 5 34
2701 11 22 5 31
2702 18 19 4 28
2703 17 17 7 25
2704 12 10 7 20
2705 5 10 3 21
2706 10 8 8 11
2707 24 10 2 17
2708 12 16 10 26
2709 15 12 3 16
2710 12 11 8 24
2711 7 14 3 25
2712 6 9 2 13
2713 8 6 4 13
2714 9 5 6 9
2715 5 5 7 10
2716 11 3 5 11
2717 12 9 8 13
2718 11 13 7 24
2719 15 10 8 15
2720 13 13 8 24
2721 9 15 3 24
2722 10 6 5 15
2723 10 8 8 18
2724 8 14 4 20
2725 11 13 5 24
2726 14 15 10 23
2727 10 17 7 23
2728 15 8 5 14
2729 12 11 11 24
2730 12 15 8 21
2731 11 13 10 23
2732 18 16 3 23
2733 16 14 8 26
2734 22 11 6 21
2735 10 17 8 27
2736 8 10 4 23
2737 8 6 8 13
2738 6 10 2 15
2739 10 7 6 12
2740 7 12 8 21
2741 8 12 4 20
2742 4 8 5 15
2743 11 6 0 13
2744 10 8 3 15
2745 9 7 7 12
2746 4 6 7 13
2747 8 9 7 13
2748 11 8 5 9
2749 11 5 4 13
2750 10 5 6 12
2751 13 4 5 11
2752 16 9 9 18
2753 10 14 6 22
2754 16 12 1 14
2755 14 10 10 21
2756 8 12 7 20
2757 15 10 4 19
2758 13 14 4 22
2759 20 7 8 16
2760 14 13 6 23
2761 14 12 4 19
2762 14 9 4 19
2763 14 10 8 18
2764 9 12 5 18
2765 9 7 1 21
2766 6 10 9 19
2767 8 12 2 13
2768 12 8 8 13
2769 8 15 8 20
2770 9 14 6 21
2771 4 10 8 16
2772 2 8 4 19
2773 12 5 2 9
2774 9 10 4 22
2775 7 6 7 9
2776 8 6 3 8
2777 8 3 7 13
2778 8 10 5 18
2779 12 9 7 16
2780 11 8 2 15
2781 13 6 7 12
2782 16 7 7 19
2783 8 14 6 25
2784 3 10 7 18
2785 8 8 4 12
2786 11 11 3 18
2787 8 11 9 16
2788 10 6 4 15
2789 16 9 4 16
2790 16 11 11 20
2791 13 12 6 20
2792 10 12 8 20
2793 8 10 3 16
2794 8 5 5 14
2795 5 10 5 12
2796 9 5 3 15
2797 7 7 3 15
2798 9 6 6 11
2799 5 10 5 13
2800 9 6 6 10
2801 7 6 4 10
2802 7 3 5 8
2803 11 9 2 11
2804 13 7 3 14
2805 9 5 5 11
2806 11 7 2 14
2807 10 11 3 14
2808 6 6 4 14
2809 8 8 5 13
2810 6 12 2 17
2811 4 10 2 13
2812 4 4 3 6
2813 6 2 3 5
2814 5 2 5 6
2815 7 1 2 8
2816 6 5 5 9
2817 6 7 3 11
2818 6 7 1 10
2819 9 7 5 11
2820 14 6 2 11
2821 9 7 5 16
2822 13 8 4 13
2823 6 12 5 17
2824 5 9 2 16
2825 9 11 5 13
2826 7 7 5 9
2827 8 7 3 10
2828 2 4 6 14
2829 1 6 4 8
2830 3 2 0 9
2831 5 1 3 4
2832 6 2 3 6
2833 6 5 4 10
2834 6 5 5 9
2835 7 8 5 15
2836 7 11 6 14
2837 6 9 3 14
2838 8 9 5 14
2839 11 8 5 16
2840 11 8 4 14
2841 11 7 5 17
2842 15 13 8 18
2843 12 15 4 22
2844 6 11 5 14
2845 9 8 4 11
2846 9 5 6 10
2847 11 4 2 11
2848 8 9 7 15
2849 8 6 5 12
2850 5 8 4 13
2851 9 7 4 13
2852 8 9 3 14
2853 4 4 4 9
2854 4 3 0 10
2855 0 5 4 9
2856 2 4 1 6
2857 6 3 3 9
2858 2 5 10 10
2859 8 6 2 7
2860 13 6 4 8
2861 7 6 5 11
2862 7 4 4 6
2863 3 6 2 10
2864 2 4 3 8
2865 2 3 4 4
2866 3 1 5 2
2867 7 3 3 8
2868 1 7 3 12
2869 0 3 0 7
2870 2 4 5 7
2871 4 5 0 8
2872 13 4 4 6
2873 10 8 5 12
2874 10 8 1 15
2875 7 9 3 13
2876 4 4 2 7
2877 6 3 2 7
2878 6 5 3 5
2879 6 5 4 9
2880 5 6 3 8
2881 3 4 3 9
2882 4 2 2 6
2883 5 2 4 4
2884 4 7 9 12
2885 3 5 4 7
2886 2 4 1 7
2887 3 2 2 6
2888 7 4 5 7
2889 3 11 4 13
2890 4 5 0 8
2891 4 5 4 8
2892 2 4 3 5
2893 7 3 3 7
2894 6 7 4 12
2895 7 9 1 10
2896 9 6 4 10
2897 10 6 3 10
2898 5 6 3 9
2899 4 4 3 5
2900 6 6 1 7
2901 2 4 2 7
2902 5 2 0 5
2903 2 2 5 3
2904 3 3 2 4
2905 0 5 3 7
2906 1 3 1 4
2907 0 3 1 4
2908 2 0 0 2
2909 4 3 3 6
2910 5 6 5 7
2911 6 5 3 9
2912 8 5 2 9
2913 9 5 2 10
2914 6 7 0 15
2915 4 2 3 9
2916 3 2 2 6
2917 3 5 3 9
2918 1 4 3 6
2919 3 3 1 4
2920 6 1 2 4
2921 2 3 2 7
2922 7 3 2 4
2923 1 6 2 9
2924 2 2 2 6
2925 4 1 3 3
2926 10 2 2 4
2927 7 7 5 11
2928 8 4 2 6
2929 4 6 2 11
2930 4 4 2 5
2931 5 3 2 6
2932 4 3 3 5
2933 5 3 1 3
2934 4 3 1 11
2935 3 7 0 9
2936 2 4 3 4
2937 2 3 4 5
2938 3 2 1 4
2939 4 2 1 3
2940 10 1 4 4
2941 2 9 2 11
2942 2 3 2 9
2943 3 2 0 6
2944 4 4 3 6
2945 2 3 3 5
2946 3 2 1 7
2947 2 1 1 5
2948 4 3 2 4
2949 5 2 0 6
2950 12 2 2 9
2951 4 11 1 12
2952 3 2 1 4
2953 2 2 1 3
2954 3 2 0 3
2955 5 2 4 5
2956 4 6 1 9
2957 2 5 2 9
2958 1 2 1 5
2959 1 2 1 4
2960 4 2 2 3
2961 5 2 2 4
2962 5 3 3 3
2963 5 3 5 4
2964 5 2 5 7
2965 5 5 2 7
2966 8 5 2 9
2967 3 5 0 11
2968 1 2 2 5
2969 4 4 0 7
2970 2 3 2 3
2971 0 2 0 4
2972 1 0 1 0
2973 4 0 4 1
2974 6 5 4 7
2975 2 8 4 11
2976 6 7 1 13
2977 2 6 1 10
2978 0 1 1 2
2979 0 0 3 2
2980 4 1 2 4
2981 2 5 3 5
2982 4 1 0 3
2983 3 3 5 4
2984 4 3 1 5
2985 1 3 3 7
2986 3 3 1 5
2987 4 4 0 5
2988 4 2 3 3
2989 4 3 5 7
2990 4 5 2 5
2991 1 2 1 9
2992 4 3 0 10
2993 2 7 1 8
2994 0 2 0 4
2995 3 0 3 1
2996 1 3 2 6
2997 3 2 2 5
2998 2 1 3 3
2999 2 0 2 2
3000 3 0 0 3
3001 5 3 4 5
3002 3 7 4 8
3003 1 6 1 11
3004 5 4 4 5
3005 3 5 6 7
3006 3 5 1 7
3007 5 2 1 9
3008 6 6 2 10
3009 2 5 3 7
3010 6 3 2 4
3011 2 6 1 10
3012 1 4 1 7
3013 2 3 2 4
3014 1 3 0 4
3015 3 1 2 2
3016 1 2 0 6
3017 4 0 0 1
3018 3 2 0 5
3019 3 4 3 4
3020 6 3 0 4
3021 6 2 1 6
3022 5 4 1 7
3023 5 3 3 3
3024 3 4 2 5
3025 5 3 1 4
3026 3 3 0 5
3027 2 1 0 2
3028 2 0 0 4
3029 4 0 0 1
3030 5 2 0 3
3031 5 0 1 4
3032 2 3 1 4
3033 3 0 1 2
3034 2 3 2 4
3035 1 2 0 4
3036 0 1 1 2
3037 0 1 0 2
3038 0 2 1 2
3039 1 2 0 2
3040 2 2 1 2
3041 5 1 2 2
3042 1 4 2 7
3043 2 2 1 3
3044 4 2 1 4
3045 4 5 0 6
3046 4 3 2 5
3047 3 4 0 5
3048 1 2 2 3
3049 1 2 1 3
3050 5 1 1 5
3051 7 6 1 8
3052 3 6 2 6
3053 0 2 1 4
3054 4 0 2 1
3055 1 4 2 6
3056 1 3 0 5
3057 3 3 1 3
3058 3 3 4 3
3059 1 3 0 4
3060 3 1 1 6
3061 3 4 1 5
3062 5 2 1 5
3063 3 5 0 6
3064 5 2 0 4
3065 5 5 0 6
3066 2 4 1 5
3067 0 2 1 2
3068 0 1 0 1
3069 3 0 0 1
3070 3 2 3 2
3071 1 2 0 2
3072 1 0 0 1
3073 5 0 0 2
3074 4 3 0 7
3075 2 2 3 3
3076 1 3 1 4
3077 2 2 0 2
3078 3 1 0 1
3079 1 2 0 5
3080 1 1 2 2
3081 0 2 1 2
3082 2 1 0 1
3083 7 2 0 5
3084 7 3 1 6
3085 4 3 3 6
3086 3 5 1 6
3087 3 2 5 3
3088 0 4 1 6
3089 2 2 0 4
3090 3 0 0 1
3091 2 1 1 3
3092 1 1 0 2
3093 2 0 0 1
3094 0 0 1 2
3096 0 0 0 1
3097 1 0 1 0
3098 1 1 0 2
3099 2 0 0 1
3100 1 2 1 2
3101 1 1 0 1
3102 1 1 1 1
3103 1 2 0 2
3104 0 0 1 2
3106 0 0 1 0
3108 0 0 0 1
3109 0 0 0 1
3110 0 0 1 0
3111 0 0 0 1
3112 0 0 1 0
3113 1 0 0 2
3114 2 1 1 1
3115 1 2 0 2
3116 0 1 0 3
3117 2 1 0 1
3118 1 0 3 1
3119 1 1 2 2
3120 1 3 0 6
3121 2 2 0 4
3122 2 1 1 2
3123 1 0 0 2
3124 1 0 1 1
3125 2 0 0 0
3126 2 0 2 0
3127 1 0 0 3
3128 1 1 0 2
3129 0 0 1 1
3130 0 0 1 0
3131 1 0 0 1
3132 1 1 0 1
3133 3 0 0 0
3134 1 0 1 2
3135 2 0 1 0
3136 1 1 1 2
3137 1 0 1 2
3138 4 3 0 4
3139 0 3 1 4
3140 0 0 1 1
3143 2 0 0 0
3144 1 0 1 1
3145 1 0 0 0
3146 1 0 0 0
3147 0 0 2 0
3148 1 0 0 1
3149 1 0 0 0
3150 1 0 1 1
3151 3 0 0 0
3152 2 0 1 2
3153 1 0 1 1
3154 0 1 0 2
3155 0 0 2 0
3156 2 0 1 1
3157 4 3 2 4
3158 1 4 2 5
3159 3 2 3 3
3160 1 3 0 5
3161 0 2 4 3
3162 3 2 0 4
3163 1 4 0 6
3164 1 1 1 3
3165 1 1 0 1
3166 3 0 0 0
3167 3 0 1 3
3168 1 1 0 2
3169 1 0 0 2
3170 0 1 1 1
3171 2 1 1 1
3172 1 2 1 2
3173 1 1 0 3
3174 2 1 1 2
3175 0 2 0 5
3176 0 1 0 3
3177 1 1 1 1
3178 1 2 0 2
3179 1 0 1 0
3180 0 0 1 0
3182 1 0 0 0
3183 0 0 0 1
3184 0 0 0 1
3186 2 0 0 0
3187 0 0 1 1
3189 0 0 0 2
3191 0 0 0 1
3200 1 0 0 1
3201 2 1 1 1
3202 1 2 0 2
3203 0 1 0 1
3204 1 0 0 2
3205 1 1 0 1
3206 0 0 1 0
3208 1 0 0 0
3209 1 0 0 0
3210 0 0 0 2
3211 2 0 0 1
3212 1 0 0 1
3213 1 0 1 0
3214 1 0 1 0
3215 0 1 0 1
3216 0 0 2 0
3217 1 1 0 3
3218 2 0 0 0
3219 1 0 1 1
3220 2 0 0 2
3221 1 2 0 3
3222 0 0 1 0
3223 2 0 0 0
3224 3 0 0 0
3225 0 1 2 3
3226 0 1 0 1
3227 0 0 1 0
3228 3 0 1 1
3229 2 4 0 5
3230 1 2 0 3
3231 1 1 1 1
3232 2 1 1 2
3233 1 0 2 0
3234 0 0 1 2
3235 1 1 1 1
3236 0 1 0 2
3237 0 0 0 2
3239 1 0 0 0
3240 0 0 1 0
3241 1 0 1 0
3242 1 2 0 3
3243 1 2 0 3
3244 2 0 0 0
3245 3 0 0 2
3246 2 1 1 4
3247 2 1 1 2
3248 0 0 1 3
3252 1 0 0 1
3253 3 1 0 3
3254 2 3 0 4
3255 2 2 0 5
3256 0 4 0 4
3257 0 0 0 2
3258 1 0 2 0
3259 1 2 1 5
3260 2 2 1 2
3261 1 2 1 3
3262 1 0 0 2
3263 1 0 1 1
3264 0 1 0 2
3265 2 1 0 2
3266 1 3 0 4
3267 0 3 0 3
3268 1 0 1 0
3269 0 0 1 0
3270 0 0 0 1
3271 0 0 0 1
3272 1 0 0 0
3273 1 1 2 2
3274 1 2 0 2
3275 2 1 2 1
3276 3 2 1 2
3277 2 2 1 3
3278 1 2 0 3
3279 2 0 2 0
3280 1 2 0 4
3281 0 2 0 2
3282 1 0 0 1
3283 0 1 0 1
3284 0 0 0 1
3285 1 1 1 1
3286 0 2 0 2
3289 1 0 0 0
3290 0 0 0 1
3292 1 0 0 0
3293 2 1 0 1
3294 0 1 1 1
3296 1 0 0 1
3297 2 0 2 0
3298 2 2 1 2
3299 1 1 1 1
3300 2 0 0 0
3301 0 1 0 2
3303 0 0 1 1
3304 0 1 0 1
3306 1 0 0 0
3307 2 0 0 0
3308 0 0 1 1
3316 0 0 1 0
3318 0 0 1 1
3323 0 0 1 0
3325 1 0 0 0
3326 1 1 1 1
3327 1 1 0 1
3328 4 0 0 0
3329 4 3 1 3
3330 2 1 3 2
3331 2 2 0 3
3332 2 1 0 3
3333 1 1 2 1
3334 2 0 0 1
3335 5 1 1 2
3336 2 4 0 5
3337 2 1 0 1
3338 2 0 1 2
3339 1 2 1 2
3340 1 0 2 0
3341 1 1 0 3
3342 1 2 1 2
3343 0 1 0 3
3344 1 2 0 3
3345 1 0 1 0
3346 2 0 2 1
3347 0 2 1 2
3348 2 0 0 1
3349 3 1 1 3
3350 0 3 0 5
3351 1 0 0 1
3352 1 1 1 2
3353 1 1 1 1
3354 0 1 0 2
3356 0 0 0 2
3357 1 1 0 3
3358 1 1 0 2
3359 2 1 1 1
3360 2 2 0 3
3361 0 2 0 2
3365 1 0 0 0
3366 0 0 1 0
3368 2 0 0 0
3369 2 0 1 0
3370 0 1 0 3
3371 0 1 1 1
3372 0 0 1 0
3373 0 1 0 1
3378 1 0 0 1
3379 0 1 0 1
3380 0 0 0 1
3387 0 0 1 0
3388 0 1 0 2
3389 1 1 0 1
3390 0 0 1 0
3391 2 0 1 1
3392 0 2 1 2
3393 2 1 0 1
3394 2 1 2 1
3395 0 1 1 2
3396 0 1 1 2
3397 1 0 0 0
3398 0 1 0 2
3399 1 0 1 2
3400 0 1 0 2
3401 0 0 0 1
3402 0 1 0 1
3405 2 0 0 0
3406 0 1 0 2
3408 0 0 0 1
3413 1 0 0 0
3414 1 0 0 1
3415 0 1 1 1
3417 2 0 1 0
3418 1 1 0 2
3419 1 0 0 0
3420 2 0 2 0
3421 1 2 0 3
3422 0 1 0 1
3423 1 0 0 0
3424 2 1 0 1
3425 4 1 0 1
3426 2 3 0 3
3427 1 0 2 1
3428 1 2 0 2
3429 1 0 0 0
3430 0 0 0 1
3433 0 0 1 0
3434 2 0 0 0
3435 1 1 1 1
3436 1 0 0 1
3437 0 0 1 0
3439 0 0 1 0
3440 1 0 0 1
3441 2 2 0 2
3442 2 1 0 1
3443 0 0 1 1
3444 1 0 0 0
3445 1 1 1 1
3446 1 0 0 1
3447 2 0 2 0
3448 1 3 0 4
3449 1 1 0 1
3450 1 1 1 2
3451 1 2 1 2
3452 3 2 0 2
3453 1 3 1 4
3454 1 0 0 0
3455 2 0 0 0
3456 1 1 1 1
3457 0 0 0 1
3458 1 0 0 0
3459 1 0 1 1
3460 2 0 0 0
3461 2 0 1 2
3462 1 3 0 4
3463 1 1 0 2
3464 1 1 0 1
3465 0 1 0 1
3471 1 0 0 0
3472 1 0 0 0
3473 1 0 0 1
3474 1 0 0 0
3475 0 0 1 0
3483 1 0 0 1
3484 0 0 1 0
3486 0 0 1 2
3487 0 2 0 2
3491 0 0 0 1
3492 0 1 0 1
3493 0 0 1 0
3495 0 0 0 2
3496 1 0 0 0
3497 0 1 0 2
3500 0 0 0 2
3501 0 1 0 1
3503 1 0 0 0
3504 0 1 1 1
3505 0 1 0 2
3506 0 1 0 1
3510 1 0 1 0
3511 2 1 1 2
3512 1 1 0 2
3513 0 1 1 2
3514 0 1 1 2
3515 0 0 2 0
3516 1 2 0 2
3517 1 1 0 1
3518 1 1 0 2
3519 2 1 0 1
3520 0 0 2 0
3522 0 0 1 0
3525 0 0 0 1
3526 1 0 0 0
3527 0 0 1 0
3530 2 0 0 0
3531 2 0 0 1
3532 0 0 0 2
3539 0 0 0 1
3545 0 0 1 0
3546 0 0 1 0
3547 0 1 0 1
3548 0 1 1 2
3549 0 2 0 2
3550 0 1 0 1
3551 1 0 0 1
3552 1 1 0 2
3553 1 0 0 0
3554 1 0 1 0
3555 0 1 0 3
3556 0 1 0 1
3558 0 0 1 0
3559 1 1 0 1
3560 3 0 0 0
3561 3 0 1 1
3562 0 2 0 4
3563 0 1 0 1
3564 1 0 0 0
3565 2 1 0 2
3566 1 2 0 2
3567 0 0 1 0
3577 0 0 0 1
3578 0 1 0 1
3579 0 1 0 1
3591 1 0 0 0
3592 2 1 0 1
3593 2 1 1 2
3594 0 2 0 2
3595 2 0 0 0
3596 1 1 0 1
3597 1 0 0 0
3598 1 0 0 0
3599 0 0 1 2
3600 0 1 0 1
3601 0 1 0 1
3602 1 0 1 0
3603 1 0 0 1
3604 1 1 1 1
3605 0 1 0 1
3606 1 0 1 2
3607 0 3 0 3
3609 2 0 0 0
3610 0 1 0 2
3611 0 0 1 0
3619 1 0 1 0
3620 1 2 2 3
3621 0 3 0 3
3622 2 0 0 0
3623 3 0 1 1
3624 1 3 0 4
3625 1 2 0 3
3626 0 2 0 2
3627 0 0 0 1
3629 1 0 0 1
3630 1 0 0 0
3631 0 0 0 1
3654 1 0 0 1
3655 0 2 0 2
3712 2 0 0 0
3713 0 1 1 1
3719 2 0 0 0
3720 0 1 0 2
3722 1 0 0 0
3723 1 0 1 0
3724 0 1 1 1
3728 0 0 0 1
3734 0 0 1 1
3735 0 1 0 1
3736 1 0 1 0
3737 0 0 0 2
3738 0 0 0 1
3739 0 1 0 1
3742 0 0 1 0
3743 1 0 0 1
3744 0 2 0 2
3745 1 1 0 2
3746 0 1 0 1
3765 0 0 0 1
3793 0 0 0 1
3816 2 0 0 0
3817 1 2 0 3
3818 0 1 1 1
3820 1 0 0 0
3821 1 0 0 1
3822 0 1 0 2
3823 0 1 0 1
3877 0 0 0 1
3879 0 0 0 1
