0 12878628 0 0 0
1 7410616 12876161 2300794 12876161
2 3986517 7410679 2211395 7410679
3 2721497 3985902 1798460 5977733
4 1891315 2721748 1338867 4580399
5 1343913 1894965 976332 3474649
6 971963 1344896 708797 2627233
7 713826 972387 513633 1991938
8 528454 712806 376056 1515707
9 394198 528603 274541 1153642
10 294542 395273 201661 880610
11 222211 294719 148478 669726
12 168039 222258 109932 511711
13 126238 167257 81702 390893
14 95484 125908 60577 298923
15 72667 95618 45661 228230
16 55431 72867 33814 175222
17 41649 55698 25137 134368
18 32444 42010 19005 102314
19 24118 32313 14321 78652
20 18552 23871 10648 59603
21 14336 18596 7917 45813
22 10938 14087 6188 35088
23 8351 10745 4656 26936
24 6347 8320 3524 20961
25 4797 6477 2679 16164
26 3765 4895 2002 12397
27 2904 3788 1486 9438
28 2130 2828 1157 7209
29 1618 2141 831 5461
30 1303 1635 674 4225
31 965 1291 506 3262
32 695 944 401 2522
33 549 751 262 1911
34 399 578 220 1402
35 299 383 167 1060
36 234 328 109 847
37 206 241 98 627
38 151 218 61 520
39 124 138 74 375
40 89 115 37 308
41 76 79 37 223
42 62 71 27 196
43 68 51 22 137
44 24 52 16 135
45 18 34 7 86
46 14 20 7 53
47 9 13 7 28
48 10 9 4 32
49 13 10 8 26
50 12 11 6 28
51 5 10 6 16
52 3 4 0 17
53 6 7 1 14
54 2 3 0 7
55 0 2 0 9
56 1 3 0 6
57 2 3 1 4
58 0 2 1 3
59 0 0 0 1
60 0 1 0 3
61 1 1 1 2
62 0 1 0 2
63 0 0 0 1
