-1940 1
-1939 0
-1938 0
-1937 0
-1936 0
-1935 0
-1934 0
-1933 0
-1932 0
-1931 0
-1930 0
-1929 0
-1928 0
-1927 0
-1926 0
-1925 0
-1924 0
-1923 0
-1922 0
-1921 0
-1920 0
-1919 0
-1918 0
-1917 0
-1916 0
-1915 0
-1914 0
-1913 0
-1912 0
-1911 0
-1910 0
-1909 0
-1908 0
-1907 0
-1906 0
-1905 0
-1904 0
-1903 0
-1902 0
-1901 0
-1900 0
-1899 0
-1898 0
-1897 0
-1896 0
-1895 0
-1894 0
-1893 0
-1892 0
-1891 0
-1890 0
-1889 0
-1888 0
-1887 0
-1886 0
-1885 0
-1884 0
-1883 0
-1882 0
-1881 0
-1880 0
-1879 0
-1878 0
-1877 0
-1876 0
-1875 0
-1874 0
-1873 0
-1872 0
-1871 0
-1870 0
-1869 0
-1868 0
-1867 0
-1866 1
-1865 0
-1864 0
-1863 0
-1862 0
-1861 0
-1860 0
-1859 0
-1858 0
-1857 0
-1856 0
-1855 0
-1854 0
-1853 0
-1852 0
-1851 0
-1850 0
-1849 0
-1848 0
-1847 0
-1846 0
-1845 0
-1844 0
-1843 0
-1842 0
-1841 0
-1840 0
-1839 0
-1838 0
-1837 0
-1836 0
-1835 0
-1834 0
-1833 0
-1832 0
-1831 0
-1830 0
-1829 0
-1828 0
-1827 0
-1826 0
-1825 0
-1824 0
-1823 0
-1822 0
-1821 0
-1820 0
-1819 0
-1818 0
-1817 0
-1816 0
-1815 0
-1814 0
-1813 0
-1812 0
-1811 0
-1810 0
-1809 0
-1808 0
-1807 0
-1806 0
-1805 1
-1804 0
-1803 0
-1802 0
-1801 0
-1800 0
-1799 0
-1798 0
-1797 0
-1796 0
-1795 0
-1794 0
-1793 0
-1792 0
-1791 0
-1790 0
-1789 0
-1788 0
-1787 0
-1786 0
-1785 0
-1784 0
-1783 0
-1782 0
-1781 0
-1780 0
-1779 0
-1778 0
-1777 0
-1776 0
-1775 0
-1774 0
-1773 0
-1772 0
-1771 0
-1770 0
-1769 0
-1768 0
-1767 0
-1766 0
-1765 0
-1764 0
-1763 0
-1762 0
-1761 0
-1760 0
-1759 0
-1758 0
-1757 0
-1756 0
-1755 0
-1754 0
-1753 0
-1752 0
-1751 0
-1750 0
-1749 0
-1748 0
-1747 0
-1746 0
-1745 0
-1744 0
-1743 0
-1742 0
-1741 0
-1740 0
-1739 0
-1738 0
-1737 0
-1736 0
-1735 0
-1734 0
-1733 0
-1732 0
-1731 0
-1730 0
-1729 0
-1728 0
-1727 0
-1726 0
-1725 0
-1724 0
-1723 0
-1722 0
-1721 0
-1720 0
-1719 0
-1718 0
-1717 0
-1716 0
-1715 0
-1714 0
-1713 0
-1712 0
-1711 0
-1710 0
-1709 0
-1708 0
-1707 0
-1706 0
-1705 0
-1704 0
-1703 1
-1702 0
-1701 0
-1700 0
-1699 0
-1698 0
-1697 0
-1696 0
-1695 0
-1694 0
-1693 0
-1692 0
-1691 0
-1690 0
-1689 0
-1688 0
-1687 0
-1686 0
-1685 0
-1684 0
-1683 0
-1682 0
-1681 0
-1680 0
-1679 0
-1678 0
-1677 0
-1676 0
-1675 0
-1674 0
-1673 0
-1672 0
-1671 1
-1670 0
-1669 0
-1668 0
-1667 0
-1666 0
-1665 0
-1664 0
-1663 0
-1662 0
-1661 0
-1660 0
-1659 0
-1658 0
-1657 0
-1656 0
-1655 0
-1654 0
-1653 0
-1652 1
-1651 0
-1650 0
-1649 0
-1648 0
-1647 1
-1646 0
-1645 0
-1644 0
-1643 0
-1642 0
-1641 0
-1640 0
-1639 0
-1638 0
-1637 1
-1636 0
-1635 0
-1634 0
-1633 0
-1632 0
-1631 0
-1630 0
-1629 0
-1628 0
-1627 0
-1626 0
-1625 0
-1624 0
-1623 0
-1622 0
-1621 0
-1620 0
-1619 0
-1618 0
-1617 1
-1616 0
-1615 0
-1614 0
-1613 0
-1612 0
-1611 0
-1610 0
-1609 0
-1608 1
-1607 0
-1606 0
-1605 0
-1604 0
-1603 0
-1602 1
-1601 0
-1600 1
-1599 0
-1598 0
-1597 0
-1596 0
-1595 0
-1594 0
-1593 0
-1592 0
-1591 0
-1590 0
-1589 0
-1588 0
-1587 0
-1586 0
-1585 0
-1584 0
-1583 0
-1582 0
-1581 1
-1580 0
-1579 0
-1578 0
-1577 0
-1576 0
-1575 0
-1574 0
-1573 0
-1572 0
-1571 1
-1570 0
-1569 1
-1568 0
-1567 0
-1566 2
-1565 0
-1564 1
-1563 0
-1562 1
-1561 0
-1560 0
-1559 0
-1558 0
-1557 1
-1556 0
-1555 0
-1554 0
-1553 0
-1552 0
-1551 0
-1550 0
-1549 0
-1548 0
-1547 0
-1546 0
-1545 0
-1544 0
-1543 0
-1542 0
-1541 0
-1540 1
-1539 0
-1538 0
-1537 0
-1536 0
-1535 0
-1534 0
-1533 0
-1532 0
-1531 0
-1530 0
-1529 0
-1528 0
-1527 0
-1526 0
-1525 0
-1524 0
-1523 0
-1522 0
-1521 0
-1520 0
-1519 0
-1518 0
-1517 0
-1516 0
-1515 0
-1514 0
-1513 0
-1512 0
-1511 0
-1510 0
-1509 0
-1508 0
-1507 0
-1506 0
-1505 1
-1504 0
-1503 1
-1502 0
-1501 0
-1500 0
-1499 0
-1498 0
-1497 0
-1496 0
-1495 0
-1494 0
-1493 0
-1492 1
-1491 2
-1490 0
-1489 0
-1488 1
-1487 0
-1486 0
-1485 0
-1484 0
-1483 0
-1482 0
-1481 0
-1480 1
-1479 0
-1478 0
-1477 0
-1476 0
-1475 0
-1474 0
-1473 0
-1472 0
-1471 0
-1470 0
-1469 0
-1468 0
-1467 0
-1466 1
-1465 0
-1464 0
-1463 1
-1462 0
-1461 1
-1460 0
-1459 1
-1458 2
-1457 0
-1456 0
-1455 0
-1454 2
-1453 0
-1452 2
-1451 1
-1450 0
-1449 0
-1448 0
-1447 0
-1446 0
-1445 1
-1444 2
-1443 0
-1442 1
-1441 0
-1440 0
-1439 0
-1438 1
-1437 1
-1436 1
-1435 1
-1434 1
-1433 0
-1432 0
-1431 0
-1430 0
-1429 0
-1428 2
-1427 0
-1426 0
-1425 1
-1424 0
-1423 0
-1422 1
-1421 1
-1420 0
-1419 0
-1418 0
-1417 0
-1416 1
-1415 0
-1414 0
-1413 0
-1412 1
-1411 0
-1410 1
-1409 0
-1408 0
-1407 0
-1406 0
-1405 1
-1404 2
-1403 1
-1402 0
-1401 3
-1400 0
-1399 1
-1398 1
-1397 0
-1396 1
-1395 1
-1394 0
-1393 0
-1392 0
-1391 1
-1390 0
-1389 1
-1388 1
-1387 1
-1386 0
-1385 0
-1384 1
-1383 1
-1382 0
-1381 1
-1380 1
-1379 1
-1378 0
-1377 1
-1376 0
-1375 0
-1374 0
-1373 0
-1372 2
-1371 0
-1370 0
-1369 0
-1368 1
-1367 0
-1366 3
-1365 0
-1364 0
-1363 0
-1362 0
-1361 1
-1360 1
-1359 0
-1358 1
-1357 0
-1356 0
-1355 0
-1354 2
-1353 1
-1352 2
-1351 1
-1350 0
-1349 1
-1348 0
-1347 1
-1346 0
-1345 0
-1344 1
-1343 0
-1342 0
-1341 0
-1340 0
-1339 1
-1338 2
-1337 2
-1336 5
-1335 0
-1334 3
-1333 2
-1332 1
-1331 1
-1330 1
-1329 3
-1328 3
-1327 2
-1326 0
-1325 2
-1324 2
-1323 0
-1322 1
-1321 3
-1320 1
-1319 2
-1318 2
-1317 2
-1316 1
-1315 0
-1314 0
-1313 2
-1312 0
-1311 1
-1310 1
-1309 0
-1308 2
-1307 0
-1306 2
-1305 1
-1304 0
-1303 2
-1302 1
-1301 1
-1300 1
-1299 2
-1298 2
-1297 1
-1296 0
-1295 1
-1294 1
-1293 4
-1292 0
-1291 1
-1290 2
-1289 1
-1288 2
-1287 2
-1286 1
-1285 2
-1284 2
-1283 1
-1282 0
-1281 1
-1280 1
-1279 3
-1278 1
-1277 2
-1276 0
-1275 1
-1274 4
-1273 1
-1272 2
-1271 2
-1270 3
-1269 1
-1268 3
-1267 1
-1266 3
-1265 1
-1264 2
-1263 1
-1262 1
-1261 2
-1260 1
-1259 2
-1258 1
-1257 6
-1256 1
-1255 5
-1254 0
-1253 1
-1252 4
-1251 2
-1250 2
-1249 2
-1248 1
-1247 4
-1246 2
-1245 1
-1244 3
-1243 1
-1242 1
-1241 0
-1240 2
-1239 2
-1238 2
-1237 2
-1236 2
-1235 2
-1234 3
-1233 2
-1232 1
-1231 3
-1230 0
-1229 0
-1228 1
-1227 2
-1226 2
-1225 1
-1224 3
-1223 1
-1222 3
-1221 5
-1220 4
-1219 0
-1218 3
-1217 3
-1216 1
-1215 2
-1214 0
-1213 4
-1212 0
-1211 2
-1210 2
-1209 0
-1208 2
-1207 0
-1206 1
-1205 1
-1204 6
-1203 4
-1202 0
-1201 4
-1200 4
-1199 2
-1198 6
-1197 5
-1196 4
-1195 4
-1194 4
-1193 3
-1192 3
-1191 4
-1190 4
-1189 2
-1188 6
-1187 6
-1186 4
-1185 4
-1184 0
-1183 6
-1182 5
-1181 2
-1180 2
-1179 1
-1178 3
-1177 3
-1176 0
-1175 3
-1174 1
-1173 2
-1172 3
-1171 5
-1170 1
-1169 3
-1168 3
-1167 4
-1166 2
-1165 1
-1164 5
-1163 0
-1162 2
-1161 3
-1160 5
-1159 4
-1158 1
-1157 4
-1156 4
-1155 1
-1154 2
-1153 1
-1152 1
-1151 7
-1150 4
-1149 4
-1148 6
-1147 5
-1146 5
-1145 3
-1144 2
-1143 4
-1142 4
-1141 3
-1140 2
-1139 2
-1138 1
-1137 2
-1136 4
-1135 3
-1134 3
-1133 2
-1132 3
-1131 3
-1130 4
-1129 4
-1128 2
-1127 1
-1126 5
-1125 4
-1124 3
-1123 8
-1122 3
-1121 3
-1120 6
-1119 5
-1118 4
-1117 2
-1116 5
-1115 5
-1114 3
-1113 3
-1112 3
-1111 4
-1110 8
-1109 3
-1108 4
-1107 2
-1106 4
-1105 2
-1104 9
-1103 12
-1102 5
-1101 10
-1100 8
-1099 3
-1098 4
-1097 9
-1096 5
-1095 7
-1094 9
-1093 8
-1092 12
-1091 9
-1090 6
-1089 6
-1088 15
-1087 8
-1086 3
-1085 8
-1084 10
-1083 2
-1082 7
-1081 4
-1080 6
-1079 7
-1078 11
-1077 8
-1076 3
-1075 8
-1074 9
-1073 6
-1072 5
-1071 8
-1070 9
-1069 4
-1068 8
-1067 7
-1066 4
-1065 7
-1064 6
-1063 6
-1062 8
-1061 6
-1060 8
-1059 6
-1058 10
-1057 6
-1056 5
-1055 10
-1054 4
-1053 7
-1052 3
-1051 9
-1050 5
-1049 7
-1048 5
-1047 8
-1046 8
-1045 4
-1044 8
-1043 6
-1042 9
-1041 16
-1040 8
-1039 9
-1038 3
-1037 10
-1036 10
-1035 15
-1034 13
-1033 5
-1032 12
-1031 6
-1030 19
-1029 11
-1028 10
-1027 7
-1026 4
-1025 9
-1024 9
-1023 13
-1022 7
-1021 12
-1020 5
-1019 10
-1018 10
-1017 17
-1016 14
-1015 17
-1014 10
-1013 16
-1012 6
-1011 14
-1010 5
-1009 7
-1008 12
-1007 17
-1006 10
-1005 7
-1004 9
-1003 13
-1002 9
-1001 6
-1000 16
-999 12
-998 11
-997 11
-996 15
-995 13
-994 11
-993 13
-992 14
-991 7
-990 13
-989 17
-988 13
-987 9
-986 12
-985 13
-984 15
-983 18
-982 14
-981 12
-980 15
-979 14
-978 15
-977 15
-976 15
-975 9
-974 11
-973 13
-972 22
-971 11
-970 14
-969 19
-968 16
-967 15
-966 24
-965 19
-964 13
-963 16
-962 13
-961 24
-960 19
-959 12
-958 17
-957 19
-956 14
-955 22
-954 13
-953 16
-952 12
-951 21
-950 20
-949 19
-948 15
-947 25
-946 18
-945 20
-944 22
-943 16
-942 21
-941 22
-940 17
-939 21
-938 18
-937 21
-936 22
-935 24
-934 16
-933 26
-932 14
-931 19
-930 25
-929 23
-928 25
-927 17
-926 24
-925 20
-924 24
-923 24
-922 18
-921 26
-920 20
-919 20
-918 24
-917 26
-916 23
-915 20
-914 26
-913 27
-912 20
-911 28
-910 34
-909 21
-908 28
-907 27
-906 19
-905 33
-904 17
-903 23
-902 24
-901 21
-900 27
-899 25
-898 25
-897 29
-896 25
-895 32
-894 19
-893 32
-892 27
-891 29
-890 22
-889 26
-888 28
-887 21
-886 28
-885 32
-884 24
-883 31
-882 27
-881 35
-880 30
-879 28
-878 30
-877 35
-876 34
-875 24
-874 45
-873 34
-872 37
-871 33
-870 28
-869 35
-868 33
-867 33
-866 42
-865 36
-864 35
-863 34
-862 32
-861 39
-860 32
-859 27
-858 42
-857 37
-856 36
-855 51
-854 35
-853 37
-852 34
-851 39
-850 38
-849 39
-848 46
-847 39
-846 46
-845 49
-844 33
-843 32
-842 38
-841 41
-840 37
-839 45
-838 35
-837 56
-836 35
-835 49
-834 41
-833 46
-832 38
-831 35
-830 45
-829 38
-828 46
-827 57
-826 52
-825 51
-824 52
-823 55
-822 41
-821 49
-820 51
-819 51
-818 36
-817 60
-816 54
-815 50
-814 52
-813 49
-812 35
-811 47
-810 54
-809 65
-808 55
-807 66
-806 54
-805 56
-804 57
-803 63
-802 55
-801 58
-800 56
-799 66
-798 51
-797 66
-796 62
-795 62
-794 64
-793 68
-792 62
-791 53
-790 50
-789 66
-788 51
-787 58
-786 73
-785 73
-784 62
-783 75
-782 58
-781 83
-780 82
-779 64
-778 62
-777 70
-776 64
-775 69
-774 82
-773 77
-772 83
-771 83
-770 88
-769 75
-768 84
-767 82
-766 84
-765 70
-764 75
-763 81
-762 89
-761 83
-760 80
-759 81
-758 76
-757 76
-756 83
-755 85
-754 85
-753 71
-752 87
-751 88
-750 85
-749 97
-748 100
-747 89
-746 95
-745 79
-744 90
-743 101
-742 108
-741 110
-740 94
-739 125
-738 95
-737 120
-736 117
-735 134
-734 112
-733 83
-732 112
-731 123
-730 95
-729 105
-728 100
-727 110
-726 116
-725 121
-724 112
-723 104
-722 108
-721 123
-720 114
-719 133
-718 116
-717 126
-716 108
-715 116
-714 103
-713 125
-712 123
-711 131
-710 135
-709 124
-708 136
-707 135
-706 123
-705 111
-704 110
-703 134
-702 135
-701 120
-700 138
-699 132
-698 153
-697 150
-696 136
-695 145
-694 154
-693 153
-692 130
-691 161
-690 142
-689 181
-688 156
-687 162
-686 150
-685 161
-684 155
-683 150
-682 155
-681 179
-680 161
-679 168
-678 173
-677 162
-676 172
-675 160
-674 181
-673 158
-672 165
-671 172
-670 183
-669 182
-668 196
-667 181
-666 201
-665 200
-664 216
-663 203
-662 181
-661 181
-660 187
-659 215
-658 210
-657 179
-656 210
-655 207
-654 207
-653 224
-652 207
-651 217
-650 201
-649 201
-648 228
-647 198
-646 205
-645 235
-644 225
-643 219
-642 232
-641 238
-640 243
-639 251
-638 233
-637 231
-636 258
-635 237
-634 258
-633 247
-632 234
-631 250
-630 234
-629 258
-628 259
-627 269
-626 292
-625 255
-624 257
-623 255
-622 258
-621 275
-620 285
-619 281
-618 273
-617 269
-616 280
-615 292
-614 302
-613 294
-612 292
-611 291
-610 326
-609 307
-608 299
-607 325
-606 292
-605 318
-604 301
-603 336
-602 314
-601 343
-600 357
-599 326
-598 322
-597 317
-596 355
-595 357
-594 337
-593 331
-592 338
-591 319
-590 359
-589 348
-588 366
-587 369
-586 367
-585 360
-584 343
-583 392
-582 392
-581 393
-580 379
-579 396
-578 410
-577 416
-576 417
-575 411
-574 393
-573 396
-572 449
-571 421
-570 428
-569 389
-568 458
-567 451
-566 440
-565 439
-564 435
-563 458
-562 442
-561 480
-560 457
-559 472
-558 460
-557 493
-556 485
-555 529
-554 483
-553 521
-552 507
-551 469
-550 504
-549 534
-548 473
-547 547
-546 518
-545 584
-544 565
-543 544
-542 606
-541 530
-540 581
-539 569
-538 575
-537 564
-536 610
-535 550
-534 574
-533 647
-532 575
-531 616
-530 625
-529 621
-528 612
-527 634
-526 639
-525 690
-524 616
-523 657
-522 684
-521 697
-520 675
-519 699
-518 711
-517 677
-516 699
-515 709
-514 663
-513 719
-512 771
-511 757
-510 737
-509 737
-508 782
-507 763
-506 772
-505 764
-504 753
-503 747
-502 770
-501 785
-500 836
-499 833
-498 824
-497 830
-496 856
-495 863
-494 909
-493 845
-492 890
-491 878
-490 887
-489 882
-488 911
-487 916
-486 964
-485 923
-484 1024
-483 929
-482 978
-481 960
-480 1007
-479 1019
-478 944
-477 1010
-476 1027
-475 992
-474 1051
-473 993
-472 1004
-471 1024
-470 1043
-469 1118
-468 1053
-467 1125
-466 1093
-465 1088
-464 1156
-463 1121
-462 1136
-461 1137
-460 1194
-459 1133
-458 1161
-457 1123
-456 1194
-455 1256
-454 1262
-453 1188
-452 1254
-451 1269
-450 1282
-449 1257
-448 1361
-447 1345
-446 1351
-445 1433
-444 1401
-443 1379
-442 1456
-441 1374
-440 1476
-439 1457
-438 1468
-437 1496
-436 1464
-435 1555
-434 1541
-433 1596
-432 1557
-431 1649
-430 1627
-429 1550
-428 1682
-427 1692
-426 1699
-425 1743
-424 1687
-423 1600
-422 1770
-421 1698
-420 1683
-419 1770
-418 1759
-417 1766
-416 1819
-415 1832
-414 1847
-413 1915
-412 1926
-411 1934
-410 1981
-409 1994
-408 2007
-407 2029
-406 1982
-405 1992
-404 1985
-403 2033
-402 2087
-401 2188
-400 2079
-399 2145
-398 2169
-397 2197
-396 2232
-395 2224
-394 2205
-393 2277
-392 2276
-391 2244
-390 2394
-389 2384
-388 2494
-387 2447
-386 2458
-385 2519
-384 2434
-383 2540
-382 2557
-381 2615
-380 2595
-379 2664
-378 2566
-377 2713
-376 2675
-375 2748
-374 2737
-373 2719
-372 2872
-371 2756
-370 2865
-369 2910
-368 2933
-367 3024
-366 3043
-365 3116
-364 3031
-363 3130
-362 3190
-361 3140
-360 3120
-359 3231
-358 3143
-357 3258
-356 3242
-355 3423
-354 3348
-353 3459
-352 3349
-351 3548
-350 3544
-349 3598
-348 3630
-347 3660
-346 3670
-345 3674
-344 3787
-343 3687
-342 3856
-341 3895
-340 3899
-339 3894
-338 3962
-337 3975
-336 4060
-335 4093
-334 4154
-333 4116
-332 4128
-331 4262
-330 4440
-329 4331
-328 4510
-327 4432
-326 4524
-325 4459
-324 4554
-323 4616
-322 4806
-321 4926
-320 4920
-319 4811
-318 4986
-317 5109
-316 5050
-315 5155
-314 5215
-313 5120
-312 5244
-311 5455
-310 5369
-309 5347
-308 5602
-307 5545
-306 5728
-305 5801
-304 5666
-303 5861
-302 5749
-301 6107
-300 5998
-299 6305
-298 6139
-297 6395
-296 6315
-295 6352
-294 6280
-293 6600
-292 6653
-291 6745
-290 6800
-289 6780
-288 6945
-287 7193
-286 7020
-285 6973
-284 7277
-283 7176
-282 7357
-281 7401
-280 7620
-279 7600
-278 7733
-277 7879
-276 8005
-275 7934
-274 8189
-273 8152
-272 8420
-271 8383
-270 8325
-269 8715
-268 8639
-267 8683
-266 8846
-265 8980
-264 9188
-263 9239
-262 9129
-261 9388
-260 9607
-259 9482
-258 9530
-257 9735
-256 9772
-255 10168
-254 10278
-253 10501
-252 10572
-251 10489
-250 10789
-249 10726
-248 10974
-247 11123
-246 11225
-245 11334
-244 11580
-243 11426
-242 11837
-241 12047
-240 11969
-239 12103
-238 12236
-237 12390
-236 12768
-235 12885
-234 12813
-233 13076
-232 13384
-231 13402
-230 13630
-229 13780
-228 14157
-227 14133
-226 14309
-225 14479
-224 14798
-223 14904
-222 15200
-221 15217
-220 15372
-219 15811
-218 16040
-217 16024
-216 16288
-215 16435
-214 16742
-213 17059
-212 17386
-211 17272
-210 17753
-209 17563
-208 18141
-207 18238
-206 18511
-205 18943
-204 19179
-203 19439
-202 19425
-201 19655
-200 19978
-199 20311
-198 20693
-197 20722
-196 21095
-195 21380
-194 21606
-193 21967
-192 22408
-191 22608
-190 22990
-189 23295
-188 23504
-187 23813
-186 24177
-185 24649
-184 24761
-183 25252
-182 25438
-181 26071
-180 26408
-179 26744
-178 27305
-177 27562
-176 27925
-175 28292
-174 28898
-173 29288
-172 29545
-171 29803
-170 30455
-169 30900
-168 31380
-167 31734
-166 32270
-165 32837
-164 33433
-163 33903
-162 34087
-161 34493
-160 35162
-159 35792
-158 36319
-157 36714
-156 37330
-155 37928
-154 38581
-153 39112
-152 39968
-151 40595
-150 40973
-149 41910
-148 42255
-147 42954
-146 43519
-145 44772
-144 44957
-143 46118
-142 46387
-141 47558
-140 47952
-139 49019
-138 49810
-137 50643
-136 51312
-135 52373
-134 53319
-133 54261
-132 54723
-131 56080
-130 57042
-129 57941
-128 58623
-127 59937
-126 60879
-125 62031
-124 63461
-123 64092
-122 65288
-121 66456
-120 67674
-119 69099
-118 69630
-117 70878
-116 73257
-115 74120
-114 75374
-113 76624
-112 78304
-111 80174
-110 81068
-109 82021
-108 84952
-107 85631
-106 87603
-105 89508
-104 91444
-103 93231
-102 94302
-101 96737
-100 98825
-99 100309
-98 102299
-97 104938
-96 106945
-95 109090
-94 111652
-93 114260
-92 116142
-91 119435
-90 121046
-89 124145
-88 127406
-87 129642
-86 133569
-85 135911
-84 139156
-83 141340
-82 145105
-81 149257
-80 152292
-79 155971
-78 159457
-77 163561
-76 167455
-75 172156
-74 176351
-73 181459
-72 185966
-71 190118
-70 195999
-69 199939
-68 206036
-67 211423
-66 216928
-65 223171
-64 230065
-63 236054
-62 243565
-61 250297
-60 257845
-59 264990
-58 273479
-57 282876
-56 290347
-55 300626
-54 309961
-53 320436
-52 330813
-51 342648
-50 352454
-49 365503
-48 379082
-47 393118
-46 406780
-45 421683
-44 438414
-43 455914
-42 474548
-41 494482
-40 513667
-39 535665
-38 558421
-37 583756
-36 610431
-35 638050
-34 669882
-33 702321
-32 738688
-31 775730
-30 817292
-29 863731
-28 912814
-27 967764
-26 1025123
-25 1090209
-24 1160713
-23 1239782
-22 1328063
-21 1430064
-20 1540534
-19 1665970
-18 1810491
-17 1974022
-16 2169425
-15 2392209
-14 2654552
-13 2972494
-12 3353311
-11 3830267
-10 4421320
-9 5185561
-8 6197486
-7 7600964
-6 9634363
-5 12789310
-4 18238112
-3 29693553
-2 65969737
-1 380978794
0 0
1 393399106
2 56990400
3 27559610
4 17647651
5 12543704
6 9505119
7 7518869
8 6147296
9 5153035
10 4394558
11 3807896
12 3340381
13 2960403
14 2647300
15 2382305
16 2162541
17 1969668
18 1805791
19 1661799
20 1538578
21 1425462
22 1326784
23 1237659
24 1159612
25 1087971
26 1021910
27 963432
28 910886
29 859856
30 816125
31 775174
32 737043
33 702117
34 669118
35 636503
36 609035
37 582745
38 558211
39 534488
40 513015
41 493159
42 473811
43 455325
44 438124
45 422407
46 406134
47 391899
48 377873
49 364723
50 353107
51 341758
52 329982
53 319891
54 309501
55 300921
56 290087
57 281664
58 273693
59 264670
60 257341
61 249752
62 243184
63 235309
64 228853
65 223371
66 217117
67 211176
68 204997
69 200142
70 196482
71 190625
72 184572
73 181705
74 176058
75 171564
76 167179
77 163290
78 159700
79 155680
80 151432
81 148452
82 145661
83 142188
84 138738
85 135847
86 132285
87 129498
88 126331
89 124014
90 121586
91 119677
92 116939
93 113631
94 111501
95 108920
96 107278
97 104572
98 102899
99 100126
100 98758
101 96550
102 94400
103 92663
104 91187
105 88961
106 87363
107 85588
108 84400
109 82829
110 81027
111 79801
112 77573
113 76755
114 75526
115 74142
116 72781
117 71478
118 69961
119 68877
120 67675
121 66290
122 64711
123 63521
124 63396
125 61529
126 60531
127 59175
128 58886
129 57832
130 57181
131 55916
132 55043
133 54277
134 53465
135 51617
136 51420
137 50644
138 49722
139 48923
140 48365
141 47183
142 46336
143 45683
144 44696
145 44199
146 43733
147 42949
148 42303
149 41795
150 40997
151 40639
152 39679
153 39602
154 38464
155 37922
156 37133
157 36747
158 36353
159 35762
160 35042
161 34544
162 34122
163 33622
164 33069
165 32557
166 32288
167 31778
168 31613
169 30940
170 30366
171 29637
172 29220
173 28887
174 28516
175 28263
176 28016
177 27418
178 27053
179 26716
180 26283
181 25868
182 25680
183 25337
184 25036
185 24498
186 24094
187 24118
188 23890
189 23165
190 22812
191 22663
192 22357
193 21881
194 21651
195 21357
196 21246
197 21093
198 20564
199 20402
200 19975
201 19794
202 19754
203 19443
204 19369
205 18568
206 18510
207 18473
208 18113
209 17799
210 17329
211 17448
212 17198
213 16945
214 16632
215 16614
216 16439
217 15918
218 15840
219 15775
220 15502
221 15503
222 14945
223 14934
224 14869
225 14509
226 14318
227 14146
228 13899
229 13721
230 13694
231 13597
232 13369
233 12966
234 12797
235 12715
236 12594
237 12586
238 12369
239 12254
240 12070
241 11947
242 11729
243 11578
244 11648
245 11430
246 11144
247 11121
248 11093
249 10890
250 10825
251 10615
252 10400
253 10425
254 10302
255 10106
256 9738
257 9606
258 9776
259 9719
260 9257
261 9538
262 9529
263 9188
264 8956
265 9031
266 8993
267 8832
268 8543
269 8398
270 8495
271 8281
272 8338
273 8137
274 7953
275 7963
276 7830
277 7861
278 7477
279 7778
280 7418
281 7554
282 7425
283 7359
284 7096
285 7143
286 7042
287 6962
288 6980
289 6925
290 6827
291 6743
292 6615
293 6500
294 6431
295 6375
296 6267
297 6311
298 6146
299 6065
300 6181
301 5949
302 5899
303 5953
304 5721
305 5793
306 5656
307 5706
308 5602
309 5406
310 5308
311 5377
312 5267
313 5278
314 5212
315 5092
316 5115
317 4910
318 5057
319 4933
320 4749
321 4680
322 4732
323 4672
324 4688
325 4657
326 4585
327 4422
328 4534
329 4313
330 4391
331 4318
332 4297
333 4220
334 4153
335 4155
336 4135
337 3978
338 3987
339 3985
340 3855
341 3847
342 3717
343 3732
344 3766
345 3741
346 3656
347 3591
348 3609
349 3591
350 3488
351 3368
352 3447
353 3350
354 3400
355 3305
356 3257
357 3383
358 3245
359 3265
360 3193
361 3132
362 3118
363 3090
364 3087
365 3003
366 3008
367 2987
368 2875
369 3030
370 2861
371 2825
372 2852
373 2808
374 2726
375 2696
376 2641
377 2721
378 2609
379 2672
380 2452
381 2446
382 2497
383 2434
384 2482
385 2493
386 2462
387 2465
388 2443
389 2312
390 2359
391 2341
392 2325
393 2229
394 2333
395 2239
396 2212
397 2302
398 2161
399 2039
400 2129
401 2083
402 2054
403 2056
404 2178
405 2040
406 2027
407 2004
408 2039
409 1848
410 1928
411 1922
412 1956
413 1878
414 1885
415 1864
416 1802
417 1815
418 1728
419 1738
420 1769
421 1752
422 1774
423 1702
424 1743
425 1681
426 1672
427 1635
428 1526
429 1539
430 1590
431 1613
432 1571
433 1545
434 1460
435 1448
436 1458
437 1535
438 1428
439 1388
440 1415
441 1447
442 1352
443 1407
444 1284
445 1356
446 1330
447 1361
448 1323
449 1298
450 1322
451 1264
452 1178
453 1334
454 1271
455 1138
456 1202
457 1264
458 1183
459 1198
460 1172
461 1126
462 1136
463 1096
464 1166
465 1129
466 1060
467 1083
468 1104
469 1108
470 1062
471 1065
472 1106
473 1055
474 1009
475 957
476 1035
477 1009
478 1010
479 951
480 973
481 1038
482 1071
483 963
484 938
485 918
486 937
487 927
488 920
489 916
490 916
491 921
492 885
493 875
494 840
495 835
496 883
497 795
498 827
499 842
500 770
501 801
502 795
503 778
504 836
505 792
506 808
507 707
508 781
509 763
510 748
511 733
512 780
513 755
514 698
515 669
516 701
517 708
518 678
519 666
520 671
521 678
522 665
523 688
524 712
525 665
526 646
527 636
528 614
529 622
530 642
531 592
532 563
533 595
534 601
535 601
536 585
537 586
538 583
539 544
540 554
541 588
542 538
543 492
544 502
545 546
546 507
547 533
548 517
549 488
550 496
551 519
552 480
553 508
554 534
555 485
556 478
557 493
558 461
559 488
560 502
561 476
562 461
563 448
564 462
565 485
566 443
567 462
568 424
569 442
570 402
571 426
572 390
573 433
574 401
575 397
576 399
577 395
578 390
579 381
580 391
581 393
582 382
583 406
584 378
585 381
586 360
587 363
588 371
589 406
590 342
591 353
592 365
593 356
594 334
595 339
596 344
597 353
598 333
599 368
600 348
601 343
602 304
603 298
604 306
605 305
606 321
607 289
608 305
609 320
610 290
611 300
612 262
613 279
614 307
615 287
616 306
617 282
618 287
619 265
620 295
621 284
622 277
623 263
624 302
625 266
626 268
627 233
628 248
629 234
630 221
631 264
632 285
633 229
634 250
635 256
636 244
637 232
638 238
639 252
640 223
641 255
642 201
643 238
644 210
645 226
646 234
647 226
648 195
649 196
650 192
651 217
652 200
653 210
654 209
655 199
656 200
657 211
658 175
659 187
660 201
661 202
662 169
663 179
664 180
665 186
666 183
667 176
668 141
669 176
670 197
671 171
672 142
673 184
674 171
675 175
676 181
677 177
678 172
679 160
680 165
681 138
682 164
683 158
684 175
685 170
686 162
687 153
688 120
689 130
690 170
691 155
692 136
693 165
694 151
695 139
696 168
697 169
698 133
699 138
700 148
701 143
702 121
703 125
704 144
705 138
706 126
707 140
708 117
709 101
710 116
711 131
712 111
713 128
714 107
715 122
716 127
717 93
718 110
719 120
720 116
721 115
722 125
723 100
724 104
725 119
726 113
727 102
728 97
729 109
730 114
731 103
732 102
733 121
734 99
735 94
736 107
737 99
738 93
739 80
740 98
741 79
742 102
743 94
744 90
745 101
746 77
747 87
748 80
749 67
750 110
751 92
752 78
753 84
754 79
755 88
756 78
757 90
758 100
759 104
760 91
761 89
762 88
763 97
764 94
765 80
766 89
767 101
768 81
769 91
770 88
771 71
772 72
773 71
774 86
775 66
776 69
777 72
778 74
779 63
780 82
781 75
782 74
783 70
784 72
785 66
786 67
787 65
788 60
789 76
790 64
791 61
792 62
793 61
794 49
795 77
796 61
797 58
798 66
799 56
800 73
801 63
802 66
803 44
804 52
805 59
806 52
807 51
808 42
809 56
810 58
811 57
812 54
813 47
814 47
815 63
816 51
817 60
818 57
819 53
820 38
821 46
822 42
823 51
824 37
825 64
826 49
827 51
828 49
829 49
830 54
831 50
832 53
833 51
834 53
835 44
836 48
837 47
838 28
839 45
840 57
841 35
842 50
843 48
844 44
845 38
846 40
847 39
848 42
849 38
850 32
851 39
852 39
853 52
854 35
855 38
856 41
857 32
858 26
859 36
860 37
861 34
862 34
863 28
864 30
865 45
866 46
867 38
868 40
869 42
870 32
871 28
872 43
873 37
874 35
875 32
876 37
877 42
878 37
879 26
880 21
881 22
882 38
883 27
884 29
885 29
886 28
887 27
888 26
889 31
890 24
891 33
892 26
893 29
894 34
895 32
896 29
897 15
898 26
899 25
900 31
901 22
902 25
903 26
904 21
905 29
906 35
907 22
908 23
909 28
910 21
911 26
912 29
913 23
914 21
915 30
916 23
917 24
918 22
919 17
920 22
921 16
922 28
923 20
924 21
925 25
926 18
927 19
928 20
929 22
930 21
931 15
932 19
933 12
934 11
935 19
936 20
937 18
938 20
939 18
940 17
941 20
942 16
943 15
944 20
945 15
946 13
947 20
948 23
949 19
950 19
951 18
952 9
953 12
954 19
955 21
956 17
957 16
958 14
959 11
960 20
961 7
962 16
963 9
964 17
965 8
966 16
967 18
968 20
969 15
970 27
971 12
972 18
973 10
974 15
975 14
976 12
977 13
978 6
979 14
980 14
981 24
982 6
983 9
984 16
985 14
986 23
987 8
988 12
989 10
990 11
991 13
992 15
993 14
994 12
995 7
996 11
997 5
998 8
999 12
1000 9
1001 15
1002 8
1003 9
1004 20
1005 9
1006 15
1007 10
1008 20
1009 11
1010 12
1011 10
1012 11
1013 8
1014 7
1015 7
1016 10
1017 9
1018 6
1019 9
1020 15
1021 10
1022 12
1023 9
1024 9
1025 8
1026 7
1027 10
1028 7
1029 9
1030 10
1031 8
1032 9
1033 9
1034 6
1035 3
1036 5
1037 10
1038 8
1039 5
1040 7
1041 13
1042 6
1043 8
1044 6
1045 10
1046 16
1047 8
1048 7
1049 11
1050 5
1051 4
1052 4
1053 9
1054 3
1055 5
1056 9
1057 9
1058 9
1059 3
1060 5
1061 8
1062 2
1063 6
1064 4
1065 4
1066 9
1067 8
1068 5
1069 8
1070 1
1071 6
1072 8
1073 6
1074 9
1075 5
1076 9
1077 10
1078 5
1079 8
1080 4
1081 4
1082 5
1083 6
1084 9
1085 3
1086 7
1087 5
1088 6
1089 6
1090 1
1091 1
1092 9
1093 4
1094 3
1095 7
1096 4
1097 5
1098 8
1099 2
1100 5
1101 3
1102 8
1103 12
1104 3
1105 3
1106 5
1107 1
1108 4
1109 8
1110 4
1111 5
1112 7
1113 7
1114 10
1115 6
1116 5
1117 6
1118 5
1119 7
1120 7
1121 3
1122 6
1123 7
1124 4
1125 6
1126 7
1127 1
1128 7
1129 6
1130 6
1131 3
1132 4
1133 2
1134 4
1135 3
1136 3
1137 1
1138 4
1139 4
1140 4
1141 3
1142 5
1143 6
1144 3
1145 4
1146 3
1147 7
1148 8
1149 2
1150 3
1151 3
1152 2
1153 5
1154 4
1155 2
1156 7
1157 2
1158 0
1159 2
1160 4
1161 5
1162 1
1163 2
1164 3
1165 4
1166 1
1167 8
1168 4
1169 5
1170 3
1171 3
1172 2
1173 1
1174 5
1175 3
1176 2
1177 3
1178 7
1179 6
1180 2
1181 3
1182 3
1183 8
1184 4
1185 5
1186 7
1187 0
1188 2
1189 4
1190 1
1191 2
1192 1
1193 3
1194 1
1195 5
1196 3
1197 1
1198 1
1199 6
1200 1
1201 2
1202 0
1203 3
1204 4
1205 3
1206 1
1207 2
1208 2
1209 1
1210 6
1211 4
1212 3
1213 4
1214 2
1215 3
1216 2
1217 2
1218 2
1219 7
1220 2
1221 2
1222 0
1223 4
1224 1
1225 2
1226 2
1227 2
1228 2
1229 2
1230 1
1231 3
1232 1
1233 2
1234 4
1235 1
1236 1
1237 0
1238 4
1239 4
1240 1
1241 0
1242 2
1243 0
1244 0
1245 3
1246 1
1247 1
1248 0
1249 4
1250 3
1251 1
1252 3
1253 1
1254 0
1255 0
1256 2
1257 2
1258 4
1259 1
1260 0
1261 3
1262 1
1263 0
1264 4
1265 3
1266 1
1267 2
1268 3
1269 2
1270 0
1271 0
1272 1
1273 4
1274 1
1275 1
1276 2
1277 4
1278 1
1279 2
1280 0
1281 0
1282 2
1283 0
1284 1
1285 4
1286 0
1287 1
1288 1
1289 3
1290 3
1291 2
1292 2
1293 3
1294 1
1295 3
1296 1
1297 1
1298 0
1299 0
1300 1
1301 4
1302 2
1303 1
1304 0
1305 2
1306 0
1307 2
1308 2
1309 3
1310 0
1311 2
1312 1
1313 1
1314 1
1315 3
1316 0
1317 0
1318 0
1319 1
1320 2
1321 1
1322 1
1323 3
1324 0
1325 2
1326 0
1327 2
1328 2
1329 1
1330 1
1331 1
1332 1
1333 1
1334 0
1335 0
1336 1
1337 2
1338 0
1339 1
1340 0
1341 1
1342 3
1343 0
1344 1
1345 1
1346 0
1347 1
1348 3
1349 0
1350 0
1351 0
1352 0
1353 1
1354 1
1355 3
1356 3
1357 0
1358 0
1359 1
1360 0
1361 0
1362 2
1363 2
1364 0
1365 0
1366 0
1367 0
1368 2
1369 0
1370 0
1371 0
1372 1
1373 0
1374 0
1375 0
1376 2
1377 1
1378 1
1379 0
1380 1
1381 1
1382 1
1383 0
1384 0
1385 0
1386 1
1387 1
1388 0
1389 0
1390 0
1391 0
1392 2
1393 1
1394 1
1395 0
1396 0
1397 1
1398 1
1399 1
1400 1
1401 1
1402 1
1403 1
1404 0
1405 0
1406 0
1407 0
1408 0
1409 0
1410 3
1411 2
1412 0
1413 0
1414 1
1415 0
1416 0
1417 1
1418 2
1419 1
1420 1
1421 0
1422 0
1423 0
1424 1
1425 0
1426 0
1427 0
1428 0
1429 0
1430 1
1431 0
1432 1
1433 0
1434 0
1435 0
1436 1
1437 0
1438 0
1439 2
1440 0
1441 0
1442 0
1443 0
1444 0
1445 0
1446 0
1447 2
1448 0
1449 0
1450 0
1451 0
1452 0
1453 0
1454 0
1455 0
1456 0
1457 0
1458 2
1459 0
1460 0
1461 0
1462 0
1463 1
1464 0
1465 0
1466 0
1467 0
1468 0
1469 0
1470 1
1471 0
1472 1
1473 0
1474 1
1475 1
1476 0
1477 1
1478 0
1479 1
1480 0
1481 0
1482 1
1483 1
1484 0
1485 1
1486 0
1487 1
1488 1
1489 0
1490 1
1491 0
1492 0
1493 0
1494 0
1495 0
1496 0
1497 0
1498 0
1499 0
1500 1
1501 0
1502 0
1503 0
1504 0
1505 0
1506 0
1507 0
1508 0
1509 0
1510 0
1511 1
1512 0
1513 1
1514 0
1515 0
1516 1
1517 0
1518 0
1519 0
1520 0
1521 0
1522 0
1523 1
1524 0
1525 0
1526 0
1527 0
1528 0
1529 0
1530 0
1531 0
1532 0
1533 0
1534 0
1535 0
1536 0
1537 0
1538 0
1539 0
1540 0
1541 0
1542 0
1543 1
1544 0
1545 0
1546 1
1547 0
1548 1
1549 0
1550 0
1551 0
1552 0
1553 0
1554 0
1555 0
1556 0
1557 0
1558 0
1559 0
1560 0
1561 1
1562 0
1563 0
1564 0
1565 0
1566 0
1567 0
1568 0
1569 0
1570 0
1571 0
1572 1
1573 0
1574 0
1575 0
1576 0
1577 0
1578 0
1579 0
1580 0
1581 0
1582 0
1583 0
1584 0
1585 0
1586 0
1587 0
1588 0
1589 0
1590 0
1591 0
1592 0
1593 0
1594 0
1595 0
1596 0
1597 0
1598 0
1599 0
1600 1
1601 0
1602 0
1603 0
1604 0
1605 0
1606 0
1607 0
1608 0
1609 0
1610 0
1611 0
1612 0
1613 0
1614 0
1615 0
1616 0
1617 0
1618 0
1619 1
1620 0
1621 0
1622 0
1623 1
1624 1
1625 0
1626 0
1627 0
1628 0
1629 0
1630 1
1631 0
1632 1
1633 0
1634 0
1635 0
1636 0
1637 0
1638 0
1639 0
1640 0
1641 0
1642 0
1643 0
1644 1
1645 0
1646 0
1647 0
1648 0
1649 0
1650 0
1651 0
1652 0
1653 0
1654 0
1655 1
1656 0
1657 0
1658 0
1659 0
1660 0
1661 0
1662 0
1663 0
1664 0
1665 0
1666 0
1667 0
1668 0
1669 0
1670 0
1671 0
1672 0
1673 0
1674 0
1675 0
1676 0
1677 0
1678 0
1679 0
1680 0
1681 0
1682 0
1683 0
1684 0
1685 0
1686 0
1687 0
1688 0
1689 0
1690 0
1691 0
1692 0
1693 0
1694 0
1695 0
1696 0
1697 0
1698 1
1699 0
1700 0
1701 0
1702 0
1703 0
1704 0
1705 0
1706 0
1707 0
1708 0
1709 0
1710 0
1711 0
1712 1
1713 0
1714 0
1715 0
1716 0
1717 0
1718 0
1719 0
1720 0
1721 0
1722 1
1723 0
1724 0
1725 0
1726 0
1727 0
1728 0
1729 0
1730 0
1731 0
1732 0
1733 0
1734 0
1735 0
1736 0
1737 0
1738 0
1739 0
1740 0
1741 0
1742 0
1743 0
1744 0
1745 0
1746 0
1747 0
1748 0
1749 0
1750 0
1751 0
1752 0
1753 0
1754 1
1755 0
1756 0
1757 0
1758 0
1759 0
1760 0
1761 0
1762 0
1763 0
1764 0
1765 0
1766 0
1767 0
1768 0
1769 0
1770 0
1771 0
1772 0
1773 0
1774 0
1775 0
1776 0
1777 0
1778 0
1779 0
1780 0
1781 0
1782 0
1783 0
1784 0
1785 0
1786 0
1787 1
1788 0
1789 0
1790 0
1791 0
1792 0
1793 0
1794 0
1795 0
1796 0
1797 0
1798 0
1799 1
1800 0
1801 0
1802 0
1803 0
1804 0
1805 0
1806 0
1807 0
1808 0
1809 0
1810 0
1811 0
1812 0
1813 0
1814 0
1815 0
1816 0
1817 0
1818 0
1819 0
1820 0
1821 0
1822 0
1823 0
1824 0
1825 0
1826 0
1827 0
1828 0
1829 0
1830 0
1831 0
1832 0
1833 0
1834 0
1835 0
1836 0
1837 0
1838 0
1839 0
1840 0
1841 0
1842 0
1843 0
1844 1
1845 0
1846 0
1847 0
1848 0
1849 0
1850 0
1851 0
1852 0
1853 0
1854 0
1855 0
1856 0
1857 0
1858 0
1859 0
1860 0
1861 0
1862 0
1863 0
1864 0
1865 0
1866 0
1867 0
1868 0
1869 0
1870 0
1871 0
1872 0
1873 0
1874 0
1875 0
1876 0
1877 0
1878 0
1879 0
1880 0
1881 0
1882 0
1883 0
1884 0
1885 0
1886 0
1887 0
1888 0
1889 0
1890 0
1891 0
1892 0
1893 0
1894 0
1895 0
1896 0
1897 1
1898 0
1899 0
1900 0
1901 0
1902 0
1903 0
1904 0
1905 0
1906 0
1907 0
1908 0
1909 1
1910 0
1911 0
1912 0
1913 0
1914 0
1915 0
1916 0
1917 0
1918 0
1919 0
1920 0
1921 0
1922 0
1923 0
1924 0
1925 0
1926 0
1927 0
1928 1
