1 11340633 18549988 3220936 18549988
2 7915392 12005803 3669067 12005803
3 6774529 7157177 3829839 10735717
4 5819697 5931801 3590251 9442816
5 5156374 5041931 3352291 8497005
6 4655946 4456109 3122014 7745691
7 4275670 4029427 2911502 7145908
8 3969757 3706423 2730207 6648401
9 3728078 3455968 2562025 6235434
10 3515991 3252958 2426982 5882478
11 3337794 3078868 2302180 5575029
12 3185672 2936145 2188404 5310016
13 3054349 2810610 2087756 5075729
14 2932242 2700303 1999537 4866897
15 2827707 2597905 1914777 4673243
16 2731095 2508682 1842100 4502076
17 2642172 2427377 1775263 4348410
18 2559413 2355893 1709506 4207058
19 2489332 2287867 1652539 4073561
20 2416535 2226148 1600780 3952499
21 2354802 2165881 1547610 3838868
22 2296553 2113211 1503399 3735750
23 2239385 2064047 1457977 3640419
24 2185916 2015110 1418094 3545602
25 2138138 1972029 1382201 3458900
26 2092543 1929664 1345291 3378346
27 2051028 1888937 1309938 3301550
28 2009548 1855308 1280602 3234020
29 1970970 1817074 1250206 3163273
30 1937582 1787049 1220233 3099499
31 1897748 1755266 1194369 3040090
32 1864853 1723372 1168164 2978844
33 1834528 1695501 1143049 2925799
34 1804393 1666170 1120271 2869765
35 1773650 1639531 1097880 2817782
36 1744105 1611575 1076942 2768043
37 1718045 1587957 1054977 2722592
38 1691142 1563949 1036016 2675291
39 1667531 1540471 1018051 2631406
40 1643606 1520708 999810 2592793
41 1622881 1498353 982096 2551601
42 1599761 1479218 967187 2516066
43 1575421 1461584 949728 2481183
44 1556928 1442272 934328 2442965
45 1534851 1422798 920255 2408032
46 1517794 1403117 906588 2374470
47 1496719 1388694 889819 2345765
48 1480304 1370692 877579 2312111
49 1462184 1355233 864164 2283938
50 1442571 1338852 852669 2253580
51 1426062 1322228 838891 2222134
52 1409226 1306624 826125 2194870
53 1393634 1292556 815794 2167970
54 1375581 1279060 804667 2141637
55 1361348 1263576 792686 2116447
56 1348186 1250813 780844 2090639
57 1331926 1237152 772230 2068064
58 1318311 1222283 762636 2041406
59 1304662 1211572 752257 2019529
60 1292444 1199475 742277 1997257
61 1279233 1187726 733374 1977333
62 1266697 1176531 724008 1954662
63 1254293 1165281 714590 1935787
64 1240197 1152550 706005 1914227
65 1226951 1140582 699465 1892005
66 1215133 1129135 690746 1871620
67 1204883 1118165 682381 1853319
68 1194150 1109632 674114 1837040
69 1184589 1101015 667510 1819127
70 1171798 1090798 660033 1800336
71 1160770 1079931 653694 1782873
72 1149568 1071002 644890 1765436
73 1141216 1061057 637973 1748031
74 1129993 1052663 632840 1732735
75 1119193 1042248 624163 1715307
76 1110534 1031867 616761 1698536
77 1102011 1023885 612921 1682827
78 1094372 1016662 605097 1667778
79 1083310 1008608 599080 1655255
80 1074179 999975 594383 1638918
81 1066212 991614 589253 1625442
82 1056609 985107 583441 1612278
83 1047323 978255 575228 1598409
84 1039893 967262 571674 1583313
85 1029651 961729 563783 1573665
86 1022924 952489 559752 1556655
87 1013357 946044 553780 1545078
88 1005990 937947 549396 1532165
89 998197 933246 542724 1519874
90 993533 923649 539645 1505256
91 984787 918686 534483 1496317
92 978572 911233 529970 1482201
93 970855 905028 526029 1472809
94 963751 897577 519933 1459943
95 955999 889785 516314 1447295
96 950096 884072 511943 1437747
97 942776 879266 507089 1427445
98 935352 871596 503969 1414765
99 929087 865881 497651 1405487
100 921977 859105 493118 1395301
101 915290 852616 488998 1384086
102 910091 846509 484981 1373462
103 902607 841697 482197 1362569
104 895982 835347 478541 1352709
105 889309 830330 474574 1343307
106 883953 823220 470586 1332777
107 878443 818763 465864 1324299
108 872624 813513 463778 1314622
109 868150 809192 457381 1307581
110 861554 804113 455285 1298521
111 856038 797484 450818 1288154
112 848492 793315 447912 1279043
113 842403 785641 445181 1268336
114 838144 780327 441162 1257938
115 833166 776364 437594 1251653
116 827880 771055 432001 1242625
117 822621 765104 430922 1233596
118 815168 760113 428170 1225963
119 811174 755517 424081 1216208
120 808129 752236 420561 1209878
121 802536 748361 418413 1203701
122 796985 743120 414553 1194836
123 791057 739376 411612 1187708
124 784579 732971 408922 1178413
125 780817 728337 405069 1169905
126 777309 723045 402399 1162578
127 771650 720207 400733 1155333
128 766906 715427 397455 1149198
129 762831 711980 394392 1141699
130 756744 707044 391208 1134472
131 750911 701140 388334 1125334
132 746879 696591 385292 1116863
133 744477 693861 383378 1111324
134 738736 690406 380730 1106148
135 733594 686960 378117 1099333
136 729396 683691 374831 1093564
137 724733 679534 372437 1087263
138 720284 674921 369379 1078942
139 717473 670110 366401 1070892
140 714327 666456 365976 1064622
141 708217 662557 362227 1058484
142 704541 656366 359803 1050822
143 701082 653084 357965 1044863
144 695787 650721 354582 1039078
145 692130 646110 352925 1031401
146 688232 642601 350252 1025573
147 686182 639144 348063 1020471
148 682111 637379 345306 1016251
149 677433 633354 343228 1009204
150 674285 628573 341514 1002919
151 670332 626432 339816 997806
152 665710 623242 337440 991730
153 663270 618577 336083 986245
154 657291 616459 333681 981627
155 654226 612426 330824 975176
156 651388 608472 328494 968505
157 647547 605585 326202 963998
158 643996 601908 324812 958049
159 639732 598866 322966 952881
160 636423 594631 320594 945977
161 635954 591019 319158 940987
162 630910 589048 317137 937589
163 627060 585424 315034 931762
164 623889 582444 312403 926092
165 621797 579376 311300 920955
166 618563 577837 308810 918134
167 614254 575077 307845 913545
168 611670 572311 305674 908464
169 609022 569994 303216 902992
170 604853 566150 302050 898371
171 601659 563702 299390 893800
172 597922 560060 297432 887681
173 595156 555410 296419 880788
174 591683 552706 294445 876392
175 589813 550331 291411 872744
176 586652 548543 290942 869801
177 582341 546079 288630 864457
178 578540 542189 286295 858673
179 576416 538245 284877 853327
180 574227 535094 283487 848447
181 570571 533727 282246 845878
182 568604 531858 279853 841003
183 565141 528820 278859 836216
184 562708 525950 277255 832460
185 558663 523215 276315 827596
186 555719 520488 274622 823476
187 553931 518083 273003 819381
188 549914 515621 272270 814894
189 545759 512679 268760 809479
190 544063 507337 267361 804461
191 541849 505974 266847 800614
192 539235 504583 264962 797815
193 537209 502338 263788 793115
194 534216 499719 262683 789738
195 531528 497337 261016 786698
196 528545 495894 259026 782366
197 526671 492549 258083 777664
198 523720 490103 256299 773735
199 522525 487076 255629 768874
200 519591 485800 254407 766098
201 516622 483309 251514 763498
202 515979 480554 251155 759446
203 511909 480396 249995 756718
204 510090 476575 248438 751019
205 507402 474855 246670 748351
206 503261 472124 244965 744327
207 501750 468718 243643 739103
208 499574 466418 242607 734849
209 497475 465296 242299 733365
210 494325 462934 239996 728798
211 491623 459700 239322 724500
212 490095 457655 237427 721448
213 488742 456775 236716 719175
214 485996 455045 235498 716537
215 482433 452628 234649 712610
216 480140 450002 233422 708600
217 478380 447885 230667 704693
218 477179 445397 229304 701902
219 474364 443562 229224 698236
220 470018 442139 227484 695447
221 467782 438316 226500 690170
222 466575 436647 225104 685372
223 465076 434952 222880 684510
224 464205 432786 223035 680460
225 460575 432337 221745 678894
226 457851 428796 220236 674142
227 456558 426061 219260 669197
228 454807 425057 218118 668135
229 452512 423716 216911 664292
230 449330 421445 215384 662146
231 447043 418181 214090 658145
232 445384 417397 212926 655258
233 443361 415631 212746 651909
234 440576 413808 211439 649654
235 438735 411121 210712 646266
236 437234 410487 208976 644086
237 435423 408242 207396 640589
238 432787 405702 207728 636873
239 431345 404155 206345 634100
240 427821 403079 205452 632291
241 427692 399622 203403 627670
242 425644 398991 203311 625625
243 423542 397095 201944 622710
244 422377 395430 201131 620012
245 421185 393912 199550 617488
246 419145 393107 198660 614388
247 416627 389429 198860 610775
248 413809 388629 197557 608298
249 412757 386057 195787 604905
250 411860 384325 194827 602835
251 409524 383483 193533 601392
252 407161 381820 192574 598257
253 405629 379212 191870 594090
254 403809 377635 190723 591658
255 401852 376278 189943 590039
256 399879 374544 189214 586887
257 397872 373233 188301 583932
258 396416 371090 188211 580632
259 395027 370784 186954 579312
260 393886 369314 186094 577327
261 391739 368171 184473 575537
262 389624 365824 184202 570717
263 386125 362737 183023 567764
264 385237 359730 181720 564173
265 383747 359032 181006 561675
266 381809 357389 180099 558995
267 379754 355660 179189 556749
268 378508 354369 178094 554478
269 377193 352537 176828 552231
270 376220 351845 176149 550611
271 374570 350582 176188 548769
272 371976 349426 174910 546027
273 371264 346996 174121 543072
274 369995 346635 172796 540971
275 368887 344640 172857 538375
276 365805 343753 171603 537008
277 364988 342297 171283 534771
278 363421 341597 169885 532399
279 360826 339339 169660 529726
280 359984 336715 168289 526088
281 357968 336467 167588 525180
282 356409 334794 166808 522124
283 355397 332751 166294 519430
284 353508 332108 165163 518863
285 352585 330091 164747 515353
286 351031 329112 164049 513915
287 349811 327812 163074 512370
288 347153 327078 162527 509860
289 347479 324645 162139 506402
290 346069 324035 161329 505236
291 344682 322991 160532 503121
292 342729 321267 159312 501190
293 342571 319658 158937 499392
294 340449 319293 157764 497175
295 337947 317269 157390 494694
296 337381 315651 155542 492415
297 335652 315047 155827 490607
298 333102 313364 155242 487963
299 332114 311584 153934 485901
300 330898 311306 153828 484175
301 329636 308751 152591 481324
302 327761 307263 151807 479323
303 326633 306026 151250 476829
304 324626 305212 150156 475937
305 324513 303286 149154 472710
306 323202 302498 149460 471302
307 321270 301869 148287 469180
308 319968 299790 147515 467013
309 319174 298744 147514 464916
310 317831 298233 147018 464344
311 316777 296979 145348 461900
312 314570 294921 145462 460125
313 312058 293054 144343 456993
314 311287 291409 143352 454354
315 310866 290442 143225 452121
316 309341 290615 142534 452084
317 308571 289051 141618 450148
318 307397 287621 141439 447239
319 304688 286525 141168 445817
320 304419 285242 139806 444512
321 303352 284653 139485 442577
322 301603 282998 139289 440158
323 301230 281395 138089 438039
324 299243 280954 138002 436974
325 298861 279889 136343 435373
326 296568 279044 136356 433570
327 295212 277010 135474 431586
328 293205 275811 134976 428805
329 292872 273768 133984 426952
330 292187 273955 133275 426222
331 290127 272739 133392 424045
332 289085 270661 132689 420993
333 287832 270049 131831 420600
334 286234 269377 131221 418419
335 285074 268821 130546 417072
336 285407 266153 130138 413734
337 283635 266310 129668 414270
338 282096 265118 129083 412519
339 280595 264121 127897 410298
340 280169 262680 126886 408227
341 279279 261229 127203 406107
342 277112 261316 126517 406329
343 277232 259874 125759 403136
344 275752 258705 126473 401996
345 273195 258244 125008 400464
346 272940 256127 124050 398021
347 272495 255006 124347 395550
348 271140 254301 122769 394643
349 270172 253474 122924 393287
350 269426 252328 122783 391606
351 268143 250984 121716 389872
352 267151 250127 121375 388879
353 266652 249374 120597 386584
354 265653 247950 120707 385242
355 264216 248061 120128 384763
356 262114 246859 119600 383031
357 261467 244982 118258 380324
358 259846 244185 118098 379631
359 259362 242667 117014 376431
360 258466 241537 117186 375136
361 257192 240635 116610 373313
362 256513 240024 115888 371919
363 256468 239392 115640 370858
364 254334 239096 115147 370562
365 252975 238018 113906 369165
366 251595 236695 113882 366926
367 250592 235698 114137 365017
368 249592 234416 112650 363894
369 249163 233367 112018 362174
370 248624 232786 111811 360700
371 247418 231662 111469 359624
372 246416 230976 111243 357952
373 244353 229427 110135 356528
374 244530 228283 110012 353530
375 243823 227677 109390 353335
376 242285 226884 109376 352546
377 241878 226566 108797 351213
378 240527 225884 108595 350297
379 239213 225317 107850 348582
380 238472 223317 107096 345836
381 237023 222804 107076 345654
382 235415 221814 106008 343351
383 235771 219911 105364 340897
384 233927 219632 105476 340796
385 233271 218713 104550 338637
386 231350 217919 104081 337389
387 231277 216523 103526 335262
388 230121 215656 103406 334924
389 229939 215222 103080 333663
390 228611 214787 102930 332401
391 228586 213747 102619 330595
392 227665 213785 101544 330573
393 226044 212360 101118 329023
394 225092 210438 101154 325999
395 224801 209839 100734 325612
396 223450 209882 100258 324843
397 222475 209238 99234 323576
398 222375 208382 99471 322081
399 220301 207278 98851 321387
400 220019 205945 98343 319182
401 220064 205058 97959 317521
402 219037 204995 97747 317393
403 217605 203859 97830 316036
404 217124 203528 97122 315365
405 215335 203026 96537 314021
406 215085 201960 96405 312699
407 214138 200918 95272 310946
408 212891 200107 94930 310010
409 212137 198925 94935 307777
410 212038 198174 94110 306720
411 211350 197592 93828 305869
412 210516 196892 93249 304664
413 210263 196075 92900 303417
414 208054 196371 92821 303265
415 205410 194842 92157 301085
416 205668 192347 91905 297654
417 205462 192501 91302 297725
418 205255 191779 91352 296582
419 204077 191517 91307 296070
420 203049 191102 90296 295418
421 201640 190070 89851 294119
422 201015 188952 89699 291962
423 200374 187905 89727 290837
424 199502 187788 88590 290157
425 198899 186750 88656 289403
426 197796 186435 88154 287999
427 198243 185079 88232 286004
428 197473 185832 87296 286820
429 196806 184758 87046 285255
430 196147 183662 87147 283445
431 195564 182727 86558 282163
432 194218 182159 85663 282030
433 193588 181022 85480 279811
434 192284 180606 85190 279298
435 191176 180212 84629 278168
436 190610 178926 84647 276798
437 190114 178369 84388 275012
438 189222 177865 84076 274421
439 189179 177067 83780 273455
440 188496 176628 83236 273071
441 187988 176008 82466 271947
442 187733 175063 82466 270961
443 186422 174854 82148 270044
444 185972 173588 82339 268338
445 184989 173855 81516 267815
446 184653 172833 81347 266927
447 183144 172829 80592 266238
448 182514 171468 80175 264764
449 181502 170218 80173 263252
450 181106 169606 79594 261816
451 180897 168922 79956 261450
452 179920 168996 79180 260619
453 178373 167309 78879 258972
454 177919 166988 78375 258013
455 178237 166462 78180 256948
456 177006 166333 77579 256691
457 176187 164934 77520 254415
458 175262 164364 77587 254180
459 175222 164305 76949 253258
460 174574 163797 76756 252683
461 173807 163344 76387 252071
462 173341 162822 76019 250569
463 172113 161279 75494 249729
464 172277 160751 75590 248704
465 170713 161334 75428 248360
466 170487 160052 74832 246925
467 168967 159881 74490 245886
468 169121 158470 74229 245114
469 168474 158890 73513 244250
470 167525 157741 74081 243351
471 166820 156996 72954 242377
472 165548 155816 73249 240048
473 165865 154577 72467 239172
474 165766 154924 72567 239395
475 164915 154894 72397 239058
476 163753 154395 72007 237883
477 163623 153333 71426 236271
478 162454 152251 70918 235711
479 161411 152118 71211 234822
480 161228 151186 70731 233230
481 160627 151249 70677 232869
482 160547 150591 70275 231424
483 159792 150212 69973 231765
484 159206 149537 69523 230703
485 158308 148879 69658 229529
486 157932 148364 68753 228500
487 157448 147699 69168 227265
488 156934 146734 68669 226762
489 155737 145815 68655 225285
490 155524 145409 67523 224846
491 155333 145039 68174 223722
492 154441 144997 67502 223502
493 154098 144643 67385 222603
494 154171 144197 67009 222014
495 153248 144296 66677 221966
496 151684 143625 66686 221151
497 151393 142495 65908 219508
498 151380 142144 65572 219012
499 150620 141409 65612 217740
500 149257 140855 65221 216960
501 149187 139460 64669 214652
502 149745 138844 65319 214294
503 148060 139923 64366 215389
504 148137 138385 64217 213369
505 147264 138809 64155 213087
506 146042 137646 63532 212259
507 146261 136820 63623 210794
508 145399 136703 62838 210330
509 145124 135769 63206 208943
510 144454 135354 62917 208172
511 143297 134598 62928 207182
512 143083 133869 62058 206400
513 142809 133585 62247 206215
514 142124 133667 62235 205577
515 141312 133162 61355 204822
516 140769 132353 61278 203709
517 140648 131416 60600 202728
518 140255 130867 60797 201793
519 139919 130976 60472 201354
520 139297 130286 60534 200938
521 138961 130054 60405 200076
522 138044 129546 59431 199340
523 137194 128876 59445 198442
524 136368 127979 59238 197445
525 135874 127334 58870 196146
526 135754 127031 58504 195695
527 135387 127037 58188 195349
528 134174 126359 58492 194314
529 134215 125113 58121 193002
530 133207 125860 57565 193751
531 132955 125086 57607 192236
532 132819 124314 57421 191277
533 131893 123848 57100 190701
534 131727 123007 56605 189419
535 131506 123031 57157 189575
536 130762 123248 56697 188993
537 130203 122383 56484 188082
538 129546 121944 55773 187446
539 129502 121050 56036 186398
540 129505 120859 55440 186203
541 128307 120744 55286 185623
542 128023 119592 55348 184318
543 127608 119382 55054 183553
544 126652 119192 54924 183523
545 126817 118531 54816 182240
546 126222 118596 54403 182802
547 125533 117996 54543 181525
548 125109 117766 53827 181535
549 124754 117102 53607 180514
550 124656 116734 53858 179398
551 124531 116653 53628 179328
552 123281 116427 53324 178613
553 123065 115323 53032 177766
554 122971 115102 52862 176926
555 122600 114841 52501 176539
556 122086 114828 52157 176203
557 120893 113806 51924 174744
558 120697 112694 52003 173618
559 120347 112855 51797 173078
560 120319 112507 51491 172881
561 118886 112377 51169 173136
562 117821 111086 51130 171431
563 118091 110769 51277 170125
564 117569 110746 50493 170185
565 117742 109987 50513 169706
566 116170 109608 50181 168375
567 116061 108345 50146 167117
568 116300 108435 49848 167080
569 115534 108906 49515 167276
570 115229 107953 49915 165768
571 114967 107733 49183 165562
572 114879 107242 49709 165043
573 114171 107346 49186 165007
574 114045 106695 48613 164183
575 113246 106433 48374 163407
576 113012 105527 48170 162530
577 112059 105688 48007 162272
578 111976 105058 47965 161473
579 111766 104633 48160 160778
580 111367 104788 47717 160908
581 110741 104597 47433 160223
582 110540 103810 47640 159298
583 109531 103354 46895 158853
584 109453 102453 46737 157435
585 109216 102209 46985 157007
586 109231 102031 46221 156935
587 108469 102065 46635 156486
588 108101 101306 46333 155878
589 107654 100867 46140 154824
590 107361 100750 46134 154829
591 107209 100602 45900 154476
592 106638 100042 45241 154016
593 105702 99514 45268 153254
594 105581 98708 45209 151905
595 104638 98653 44963 151599
596 105153 98419 44779 150885
597 104992 98310 44697 150968
598 104509 98364 44703 150890
599 103832 97679 44415 149808
600 103562 97044 43995 149321
601 103228 97179 44173 149058
602 103016 96714 44012 148384
603 102193 96114 43459 147671
604 101966 95612 43531 147005
605 101906 95284 43423 146317
606 101072 95443 43015 146486
607 100765 94654 43080 145130
608 100286 94368 42893 144639
609 100916 94172 42664 144754
610 99805 94482 42433 144930
611 99658 93854 41981 144068
612 98951 93573 41991 143112
613 97727 92568 41591 141900
614 97668 91723 41446 140642
615 97152 91638 41704 141239
616 97310 91360 41521 139818
617 97371 91032 41429 139285
618 96587 91161 41045 140026
619 96243 90100 41282 138502
620 96481 90125 40920 138067
621 96269 89981 40809 138203
622 95047 90053 40558 137937
623 94407 89034 40198 136640
624 94208 88607 40227 136137
625 94104 88429 40007 135888
626 93895 88492 39808 135319
627 93195 87862 40088 134563
628 93369 87374 39711 134065
629 93446 87432 39694 134066
630 92899 87511 39281 133891
631 92582 86737 39507 133480
632 92777 87055 38832 133181
633 91826 86519 39249 132891
634 91788 86230 39057 132125
635 91000 86180 38916 132244
636 90285 85410 38593 130957
637 90206 84799 37957 130537
638 90071 84238 37901 129757
639 90163 84464 38047 129724
640 89882 84533 38488 129269
641 89742 84304 37992 129084
642 89489 84393 37763 129200
643 89176 83958 38165 128598
644 88933 83555 37450 127912
645 88210 83226 37018 127599
646 87514 82412 37011 126010
647 87678 81406 36825 125306
648 87802 81585 36648 125448
649 86807 82045 36894 125655
650 86228 81013 36503 123930
651 86299 80682 36493 123794
652 85954 80732 36234 123645
653 86342 80471 36064 123177
654 85598 80291 36139 122832
655 84842 79702 35867 121687
656 84628 79037 35701 121232
657 84037 79035 35433 120779
658 84042 78509 35515 120365
659 84024 78532 35149 120423
660 83229 78603 35221 120473
661 83138 78123 35004 119549
662 83241 77821 35412 118881
663 83285 77758 34831 118989
664 82739 77600 34800 118719
665 82332 77006 34590 118130
666 81426 76673 34505 117430
667 81315 75809 34264 116467
668 81260 75386 34248 115937
669 81031 75657 33930 116110
670 80033 75181 34061 115070
671 79828 74759 33563 114982
672 79828 74572 33872 114589
673 79477 74968 33581 114773
674 79262 74549 33216 114405
675 78889 74335 32993 113570
676 78279 73569 32818 112887
677 78040 73183 33167 112162
678 77979 73086 32800 112310
679 77719 73009 32591 111825
680 77784 72380 32622 111023
681 77369 72613 32580 110990
682 76439 72300 32305 110865
683 76742 71765 32240 109931
684 76097 72099 31853 110124
685 76414 70978 32003 108702
686 75837 71352 31851 109019
687 75307 70647 31850 108361
688 74916 70261 31660 108105
689 74929 70237 31451 107250
690 74473 70103 31630 107258
691 74094 69935 31262 107240
692 73956 69618 31165 106729
693 73856 69154 31143 105963
694 73434 69091 30717 105927
695 73196 68673 30979 105305
696 73080 68340 30713 104391
697 72598 68506 30930 104986
698 72894 68000 30556 104182
699 72784 68135 30574 104466
700 71782 67780 30409 103935
701 71288 67107 30143 102811
702 71198 66892 30329 102663
703 71092 66791 29623 102753
704 70880 66919 29758 102300
705 70891 66310 29434 101586
706 70620 66266 29697 101620
707 70362 65641 29601 100823
708 70223 65906 29608 101218
709 70622 65886 29287 100754
710 70048 66206 29325 100979
711 69627 65633 28870 100694
712 69222 65250 29051 99512
713 68619 64632 28865 98990
714 68717 64458 28714 98377
715 68776 64481 28802 98339
716 67900 64138 28571 98270
717 67964 63659 28416 97591
718 67864 63486 28553 97218
719 67611 63842 28338 97345
720 67424 63480 28008 97244
721 66871 63351 27952 96739
722 66285 62763 27906 96001
723 66478 62247 27781 95229
724 66214 62398 27470 95158
725 65645 61834 27376 94750
726 65567 61473 27347 94168
727 65445 61233 27260 93945
728 64663 61200 26895 93787
729 64374 60661 27021 92983
730 64502 60511 26890 92822
731 64067 60517 26964 92501
732 63632 59994 26491 91977
733 63706 59386 26780 91235
734 63590 59722 26277 91258
735 63412 59314 26480 90744
736 62863 59022 26395 90503
737 63177 58763 26400 90140
738 62690 59199 26076 90418
739 62280 58658 26192 89908
740 61882 58487 26105 89621
741 61942 58232 25712 88967
742 61876 57915 25561 88795
743 61835 58064 25867 88927
744 61705 58179 25419 88610
745 62056 57896 25807 88352
746 61547 57935 25622 88286
747 61365 57386 25551 87746
748 60709 57280 25301 87735
749 61002 56816 24975 87077
750 60237 56783 25141 86809
751 60194 56361 25112 86484
752 59742 56296 24771 86267
753 59386 55993 24912 85610
754 59144 55574 24618 85032
755 59180 55337 24415 84695
756 59069 55049 24812 84216
757 58933 55090 24513 84461
758 58912 54855 24427 83958
759 58658 55010 24416 84133
760 58252 54903 24229 83980
761 58010 54594 24092 83166
762 57581 54099 23958 83110
763 57475 54220 23764 82650
764 57293 53588 23932 82004
765 57319 53496 23724 81913
766 57281 53637 23741 81730
767 56672 53478 23398 81935
768 56482 52920 23449 80807
769 55988 52790 23480 80863
770 55777 52662 23363 80635
771 55858 52226 23350 79638
772 55297 52114 23213 79819
773 55460 51647 23203 79379
774 54868 52059 23087 79400
775 55044 51615 22711 78903
776 54673 51633 22858 78699
777 55032 51395 22805 78454
778 54565 51377 22458 78567
779 54354 50901 22549 78178
780 54028 50976 22380 77716
781 53956 50498 22362 77506
782 53636 50543 22267 77246
783 53089 50462 22263 76969
784 53238 49693 22255 76046
785 53093 49871 22071 76386
786 53080 49822 21924 75953
787 52686 49388 21672 75620
788 52158 49122 21724 75378
789 51779 49186 21789 75183
790 52198 48812 21671 74828
791 51966 49145 21346 75136
792 52120 48741 21247 74631
793 51838 48851 21454 74486
794 51587 48502 21280 74016
795 51425 48386 21223 73834
796 50810 48014 21126 73565
797 51058 47672 20956 72966
798 50868 47611 21115 72796
799 50678 47571 20942 72443
800 50643 47236 21162 72340
801 50428 47287 20904 72451
802 49978 47481 20823 72195
803 49827 46599 20475 71349
804 49569 46367 20504 71097
805 49093 46101 20719 70339
806 49214 45785 20483 70373
807 49143 46204 20040 70776
808 48749 46249 20002 70519
809 48437 45620 20196 69686
810 48611 45507 19857 69490
811 48809 45269 19875 69261
812 48565 45393 20329 69226
813 47952 45193 19913 69222
814 48251 45040 19827 68697
815 47992 45021 19769 68684
816 47601 44718 19839 68436
817 47642 44580 19609 68095
818 46965 44749 19629 68259
819 46998 44125 19391 67187
820 47014 43821 19484 67066
821 46867 43995 19378 67221
822 46380 44195 19262 67303
823 46368 43410 19230 66531
824 46116 43430 19265 66259
825 46047 43184 19040 66101
826 45851 43055 18847 65756
827 45930 42713 18746 65467
828 45639 42613 18813 65452
829 45360 42803 18658 65266
830 45159 42546 18621 64901
831 45394 42363 18537 64679
832 44688 42344 18559 64596
833 44757 41746 18783 64076
834 44354 42110 18378 64116
835 44026 41783 18022 63896
836 43987 41219 17893 63069
837 44464 40918 18009 62874
838 43709 41380 18392 63109
839 43893 41140 18100 62920
840 44112 41275 18008 63049
841 43711 41302 18170 62982
842 43260 41098 17994 62964
843 43017 40910 17625 62202
844 43241 40355 17812 61621
845 42940 40228 17699 61698
846 42895 40374 17806 61506
847 42500 40207 17630 61541
848 42471 40078 17641 60956
849 42737 39989 17398 60872
850 42111 40014 17438 61193
851 42060 39526 17344 60581
852 41754 39590 17179 60353
853 41766 39109 17239 59713
854 41942 39013 17094 59524
855 41195 38780 17245 59446
856 41074 38470 16931 59045
857 41110 38418 16812 58888
858 41369 38354 16847 58530
859 40708 38446 16800 58661
860 40843 37986 16988 58237
861 40088 38178 16875 58269
862 40236 37759 16652 57867
863 40211 37834 16455 57772
864 40249 37592 16527 57826
865 39997 37877 16373 57735
866 40044 37782 16325 57368
867 39744 37481 16473 57287
868 39230 37233 16128 56761
869 39300 36651 16175 56085
870 38968 37026 16141 56281
871 38810 36576 16114 55978
872 38794 36437 15962 55865
873 38707 36539 16004 55692
874 38516 36333 15851 55484
875 38524 35998 16037 54982
876 38006 35916 15804 55159
877 38062 35659 15757 54710
878 38032 35866 15596 54813
879 37438 35807 15533 54870
880 37778 35338 15567 53958
881 37408 35462 15527 54185
882 37185 35166 15303 53670
883 36983 34950 15514 53454
884 37084 34948 15421 53215
885 37131 35134 15474 53621
886 36684 35208 15004 53704
887 36601 34742 15324 53073
888 36912 34669 15055 52727
889 36901 34672 15198 52867
890 36755 34593 15054 52781
891 36866 34549 15136 52719
892 36841 34800 15099 52828
893 36716 34417 15101 52322
894 36255 34340 14773 52421
895 35962 33907 14882 51819
896 36115 33809 14771 51632
897 35551 33898 14715 51395
898 35705 33210 14497 50899
899 35627 33309 14470 51143
900 35460 33531 14498 51132
901 34990 33364 14160 50562
902 34886 32716 14315 50000
903 34636 32728 14248 50153
904 34853 32543 14173 49597
905 34686 32500 14268 49405
906 34367 32391 14198 49669
907 34476 32388 14077 49288
908 34511 32463 14051 49426
909 34209 32389 13991 49251
910 34038 31942 14073 48681
911 34146 31838 13974 48482
912 33706 31908 13987 48496
913 33862 31512 13880 48043
914 33953 31314 13589 47940
915 33911 31489 13662 47999
916 33674 31239 13654 47790
917 33538 31419 13607 47917
918 33594 31411 13790 47918
919 33422 31581 13618 47973
920 32906 31301 13627 47617
921 32659 30964 13166 47105
922 32419 30679 13248 46816
923 32545 30528 13312 46445
924 32633 30337 13401 46354
925 32608 30256 13205 46494
926 32253 30672 13330 46540
927 31932 30380 13392 46017
928 31940 30083 13157 45833
929 32166 29862 13109 45683
930 31880 30166 13069 45935
931 31918 29727 12990 45444
932 31634 29620 13058 45288
933 31470 29688 12904 45311
934 31686 29570 12709 45253
935 31139 29649 12918 45062
936 31323 29036 12759 44493
937 31147 29371 12784 44707
938 30958 29477 12808 44727
939 31300 29371 12745 44731
940 31232 29555 12675 44816
941 31150 29308 12669 44597
942 30879 29318 12367 44650
943 30899 28695 12540 43782
944 30413 28690 12299 43837
945 30417 28447 12478 43464
946 30252 28503 12509 43483
947 30357 28479 12414 43293
948 30497 28656 12281 43526
949 30113 28578 12441 43288
950 29767 28124 12123 43114
951 30007 27956 12228 42604
952 29607 28071 11969 42705
953 29605 27588 11819 42238
954 29143 27648 11957 42146
955 29126 27271 11955 41701
956 29322 27361 11583 41826
957 29179 27404 11778 41832
958 28731 27236 11823 41499
959 28571 27005 11713 41055
960 28511 26570 11614 40812
961 28446 26721 11725 40596
962 28438 26780 11524 40813
963 28536 26729 11523 40671
964 28472 26515 11781 40478
965 28579 26824 11727 40955
966 28558 26711 11817 40662
967 28399 26826 11403 40859
968 28303 26628 11347 40491
969 28244 26421 11592 40378
970 27928 26534 11263 40264
971 27867 26166 11527 39903
972 27450 26209 11284 39862
973 27486 25943 11130 39491
974 27438 25834 11227 39367
975 27242 25590 11123 38989
976 27428 25534 10955 39095
977 26979 25566 11102 38927
978 26947 25385 11107 38605
979 27078 25527 10827 38924
980 27005 25138 10840 38210
981 26804 24899 10905 38158
982 26411 24824 10889 38137
983 26896 24709 10880 37625
984 26456 25004 10688 38075
985 26403 24815 10639 37840
986 26203 24649 10506 37641
987 26009 24382 10850 37269
988 25879 24790 10574 37507
989 26054 24384 10496 37309
990 25839 24543 10402 37226
991 25383 24283 10430 37084
992 25743 23934 10387 36363
993 25684 23996 10466 36776
994 25569 23976 10319 36575
995 25196 23899 10369 36471
996 25024 23833 10196 36253
997 25151 23674 10158 35906
998 25223 23596 10336 35934
999 25066 23714 10298 35876
1000 24759 23555 10230 36127
1001 24809 23495 10000 35716
1002 24960 23190 10088 35439
1003 24776 23366 9972 35654
1004 24729 23194 10228 35320
1005 24395 23349 9997 35419
1006 24149 22805 9944 34815
1007 24093 22701 9793 34663
1008 24333 22707 9740 34676
1009 24020 22822 9979 34503
1010 24049 22490 9763 34176
1011 23989 22565 9847 34417
1012 23771 22541 9589 34281
1013 24044 22258 9535 34039
1014 23871 22383 9632 34039
1015 23728 22275 9685 34012
1016 23614 22369 9542 34101
1017 23458 22071 9644 33521
1018 23294 22061 9499 33781
1019 23227 21738 9381 33309
1020 23472 21871 9590 33220
1021 23219 22018 9323 33570
1022 23226 21872 9345 33320
1023 23015 21681 9309 33083
1024 22783 21500 9384 32887
1025 23099 21496 9217 32653
1026 23149 21529 9271 32840
1027 22781 21446 9381 32596
1028 22943 21431 9038 32517
1029 22761 21443 9164 32629
1030 22557 21146 8981 32164
1031 22900 20707 9171 31770
1032 22567 21212 9011 32434
1033 22240 21147 8973 32325
1034 22383 20966 8932 31907
1035 22318 21056 8800 31958
1036 22226 20905 8924 31886
1037 22093 20824 9008 31652
1038 22165 20718 8972 31714
1039 21716 20659 8803 31424
1040 21716 20251 8778 31098
1041 21729 20339 8902 30972
1042 21387 20379 8806 31072
1043 21733 20182 8632 30786
1044 21703 20507 8725 31053
1045 21619 20337 8845 30906
1046 21381 20329 8627 30920
1047 21424 20087 8603 30567
1048 21257 19941 8718 30396
1049 21053 19912 8566 30465
1050 20944 19821 8524 30032
1051 20740 19531 8478 29894
1052 20581 19458 8297 29705
1053 20552 19173 8540 29290
1054 20655 19389 8202 29552
1055 20753 19315 8290 29453
1056 20681 19223 8381 29383
1057 20654 19262 8227 29400
1058 20441 19283 8143 29304
1059 20015 19025 8236 29088
1060 20336 18850 8166 28622
1061 20292 19054 8224 28896
1062 20301 18758 8247 28607
1063 20484 18949 8193 28862
1064 20473 19175 8175 29058
1065 20551 18985 8216 28897
1066 20331 19086 8104 28923
1067 20031 18871 8048 28787
1068 19750 18627 7923 28629
1069 19808 18367 7957 28082
1070 19794 18655 7819 28422
1071 19616 18489 7975 28016
1072 19715 18192 7825 27639
1073 19590 18261 7948 27726
1074 19734 18185 7866 27631
1075 19478 18480 7801 28138
1076 19258 18342 7792 27857
1077 19117 18027 7650 27471
1078 19039 17642 7851 27041
1079 18683 17775 7527 27244
1080 18863 17536 7648 26758
1081 18706 17575 7630 26819
1082 18302 17491 7633 26772
1083 18657 17370 7418 26531
1084 18504 17545 7527 26350
1085 18635 17138 7596 26295
1086 18770 17398 7559 26524
1087 18532 17632 7626 26901
1088 18304 17497 7485 26525
1089 18496 17221 7530 26144
1090 18331 17257 7418 26310
1091 18219 17160 7349 26164
1092 18352 17083 7289 26147
1093 18272 17075 7398 26158
1094 18265 17171 7241 26033
1095 18212 17017 7348 25896
1096 18133 17124 7305 26032
1097 18005 17012 7294 25695
1098 17730 16735 7160 25431
1099 17756 16524 7220 25416
1100 17703 16683 7074 25269
1101 17393 16495 7137 25244
1102 17642 16333 7114 25100
1103 17656 16479 7223 25189
1104 17716 16520 7076 25010
1105 17521 16476 6969 25066
1106 17051 16239 6924 24845
1107 17208 16063 6922 24421
1108 17236 16129 6956 24507
1109 17132 16139 6809 24622
1110 17036 15913 6886 24336
1111 16982 15960 6922 24351
1112 16845 16133 6756 24390
1113 16810 15832 6816 24189
1114 16830 15961 6733 24226
1115 16707 15883 6722 24043
1116 16568 15773 6695 24065
1117 16729 15645 6694 23915
1118 16966 15860 6920 24012
1119 16817 16094 6659 24161
1120 16835 15724 6699 23858
1121 16737 15716 6639 23931
1122 16558 15578 6728 23687
1123 16457 15515 6546 23719
1124 16099 15538 6498 23542
1125 16164 15146 6483 22984
1126 16072 15037 6593 22894
1127 16094 15200 6368 23069
1128 16132 15074 6387 22882
1129 16055 14973 6488 23044
1130 16236 14979 6337 22684
1131 15986 14974 6421 22804
1132 16081 15011 6269 22763
1133 15993 14924 6396 22886
1134 15709 14973 6272 22556
1135 15601 14608 6225 22418
1136 15560 14658 6368 22221
1137 15340 14620 6387 22171
1138 15309 14595 6060 22212
1139 15542 14445 6128 22002
1140 15305 14496 6094 22101
1141 15333 14335 6114 21898
1142 15371 14362 6081 21756
1143 15352 14238 6094 21737
1144 15152 14284 6136 21751
1145 15117 14239 6063 21538
1146 14941 14086 6063 21536
1147 14832 14095 5936 21465
1148 14876 13877 5955 21229
1149 14904 13795 6087 21038
1150 15023 14050 5904 21275
1151 14744 13901 6051 21100
1152 14691 13665 5894 20847
1153 14695 13670 5985 21015
1154 14776 13791 5900 20980
1155 14722 13768 5882 20953
1156 14431 13761 5794 21103
1157 14521 13587 5856 20695
1158 14487 13585 5808 20620
1159 14437 13453 5767 20656
1160 14664 13573 5862 20607
1161 14340 13729 5745 20857
1162 14341 13506 5841 20433
1163 14433 13576 5701 20489
1164 14312 13432 5797 20346
1165 14240 13475 5678 20469
1166 14153 13362 5561 20403
1167 14073 13141 5763 20078
1168 14089 13123 5598 19977
1169 14149 13075 5527 19939
1170 13996 13087 5561 19933
1171 13819 13216 5508 20093
1172 13740 13021 5480 19704
1173 13812 12937 5332 19793
1174 13685 12977 5558 19646
1175 13653 12840 5310 19494
1176 13596 12748 5339 19528
1177 13362 12796 5499 19402
1178 13532 12664 5377 19244
1179 13451 12719 5452 19297
1180 13430 12622 5386 19282
1181 13210 12700 5328 19218
1182 13144 12488 5253 18951
1183 13268 12319 5334 18642
1184 13020 12393 5353 18855
1185 13085 12265 5303 18706
1186 13099 12207 5393 18565
1187 13227 12196 5330 18668
1188 13258 12427 5259 18883
1189 13296 12438 5218 18913
1190 13261 12464 5268 18842
1191 13167 12438 5271 18797
1192 12883 12328 5251 18693
1193 12754 12121 5121 18338
1194 12986 11935 5160 18259
1195 12639 12082 5194 18283
1196 12899 11830 5123 18052
1197 12713 12094 5114 18305
1198 13104 11959 5125 18076
1199 12564 12184 5204 18492
1200 12562 11907 5013 18232
1201 12650 11872 5149 18035
1202 12607 12012 5078 18044
1203 12579 11897 4960 17995
1204 12669 11808 4977 17992
1205 12564 11804 4944 17910
1206 12280 11636 4977 17560
1207 12102 11415 5002 17499
1208 12266 11521 4918 17575
1209 12326 11652 4762 17538
1210 12393 11449 4861 17497
1211 12266 11455 4962 17336
1212 12312 11445 4785 17386
1213 12048 11317 4848 17270
1214 12121 11219 4620 17035
1215 12059 11185 4849 16954
1216 11772 11191 4722 16949
1217 11829 10966 4639 16768
1218 11721 11040 4650 16881
1219 11688 10878 4694 16639
1220 11752 11121 4629 16805
1221 11550 11068 4595 16870
1222 11483 10968 4567 16614
1223 11542 10860 4587 16480
1224 11352 10915 4646 16522
1225 11448 10710 4628 16194
1226 11517 10660 4588 16253
1227 11257 10773 4578 16361
1228 11381 10517 4508 16094
1229 11130 10827 4489 16367
1230 11241 10611 4346 16048
1231 10999 10537 4479 16033
1232 11156 10424 4370 15824
1233 11123 10356 4391 15717
1234 11062 10280 4459 15747
1235 11052 10268 4393 15783
1236 11086 10397 4316 15753
1237 10891 10252 4395 15686
1238 10774 10226 4385 15640
1239 10811 10234 4321 15606
1240 10752 10203 4336 15422
1241 10552 10187 4180 15476
1242 10881 9928 4245 15147
1243 10664 10196 4246 15484
1244 10672 9981 4244 15178
1245 10652 10038 4238 15263
1246 10409 10053 4216 15242
1247 10541 9740 4234 14808
1248 10609 9913 4212 15016
1249 10556 9893 4259 15060
1250 10580 9851 4206 15003
1251 10714 9930 4117 15094
1252 10508 10020 4215 15142
1253 10386 9773 4053 14875
1254 10434 9583 4055 14710
1255 10498 9625 4038 14695
1256 10375 9670 4076 14757
1257 10358 9538 3991 14527
1258 10251 9496 3995 14579
1259 10047 9539 4029 14416
1260 10245 9356 4050 14238
1261 9808 9630 4009 14609
1262 10010 9291 3900 14156
1263 10036 9473 3939 14341
1264 10026 9467 3906 14378
1265 9991 9527 3887 14277
1266 9918 9232 3925 14189
1267 9965 9337 3886 14249
1268 10014 9368 3993 14112
1269 9995 9404 3952 14182
1270 9931 9325 3914 14104
1271 9706 9296 3941 14171
1272 9733 9031 3827 13819
1273 9583 9194 3853 13914
1274 9552 9000 3854 13655
1275 9627 8994 3777 13686
1276 9739 8968 3764 13714
1277 9663 9083 3780 13805
1278 9455 8923 3747 13602
1279 9323 8743 3732 13403
1280 9274 8753 3736 13327
1281 9153 8835 3659 13395
1282 9407 8772 3689 13278
1283 9170 8836 3614 13423
1284 9241 8647 3593 13078
1285 9253 8576 3621 13123
1286 9054 8657 3776 13152
1287 9121 8469 3665 12814
1288 9090 8514 3661 13057
1289 9110 8479 3606 13068
1290 9185 8516 3586 13060
1291 9115 8625 3648 13096
1292 8919 8570 3593 12925
1293 9042 8324 3559 12760
1294 9150 8426 3635 12715
1295 8943 8433 3505 12930
1296 8942 8370 3543 12674
1297 8946 8332 3617 12693
1298 8997 8309 3459 12640
1299 8837 8280 3605 12550
1300 8619 8232 3628 12548
1301 8621 8136 3383 12456
1302 8773 8102 3413 12329
1303 8969 8204 3503 12428
1304 8703 8338 3485 12599
1305 8674 8180 3354 12320
1306 8813 8006 3408 12237
1307 8667 8145 3467 12341
1308 8502 8128 3424 12339
1309 8505 8034 3357 12261
1310 8519 7904 3410 11995
1311 8338 7827 3335 12074
1312 8282 7821 3342 11952
1313 8048 7782 3295 12017
1314 8253 7630 3393 11654
1315 8410 7822 3334 11868
1316 8241 7890 3243 11945
1317 8305 7759 3281 11767
1318 8349 7675 3307 11630
1319 8191 7737 3299 11809
1320 8079 7661 3220 11676
1321 8169 7593 3275 11585
1322 8149 7708 3288 11652
1323 8173 7697 3219 11670
1324 8195 7729 3268 11633
1325 8212 7757 3260 11786
1326 8189 7798 3267 11818
1327 8146 7672 3163 11557
1328 8035 7590 3195 11627
1329 7874 7628 3201 11493
1330 7895 7538 3136 11363
1331 7880 7466 3082 11269
1332 8062 7316 3110 11246
1333 7820 7530 3056 11410
1334 7738 7269 3132 11187
1335 7696 7289 2964 11188
1336 7806 7234 3116 11206
1337 7621 7350 3091 11100
1338 7696 7214 3092 10950
1339 7588 7260 3059 11010
1340 7454 7057 2984 10807
1341 7455 6955 2996 10649
1342 7623 7040 2951 10610
1343 7690 7040 3071 10756
1344 7611 7175 3030 10818
1345 7666 7136 3012 10919
1346 7547 7204 2965 10843
1347 7512 6965 3035 10660
1348 7496 7039 2998 10614
1349 7297 6998 2984 10461
1350 7506 6768 2943 10293
1351 7474 6974 2958 10568
1352 7573 7005 2899 10575
1353 7316 7019 2909 10607
1354 7471 6826 2879 10420
1355 7186 7017 2880 10615
1356 7222 6748 2892 10296
1357 7284 6824 2835 10271
1358 7185 6783 2928 10417
1359 7231 6805 2800 10385
1360 7247 6792 2851 10327
1361 7184 6891 2904 10357
1362 6985 6823 2789 10296
1363 7102 6557 2759 10011
1364 7245 6642 2823 10161
1365 7080 6708 2835 10233
1366 7007 6703 2796 10052
1367 7134 6567 2730 9957
1368 7115 6619 2799 10026
1369 7075 6498 2720 9932
1370 6984 6531 2827 9920
1371 6885 6564 2688 9911
1372 6896 6416 2703 9801
1373 6900 6384 2695 9737
1374 6728 6434 2717 9759
1375 6842 6358 2680 9661
1376 6812 6378 2757 9624
1377 6928 6383 2645 9638
1378 6967 6384 2713 9716
1379 6886 6368 2601 9680
1380 6799 6249 2661 9565
1381 6776 6228 2687 9601
1382 6563 6338 2643 9600
1383 6569 6203 2644 9387
1384 6638 6142 2558 9368
1385 6533 6219 2618 9368
1386 6510 6092 2642 9225
1387 6632 6087 2586 9354
1388 6696 6293 2655 9458
1389 6587 6176 2591 9307
1390 6429 6051 2612 9269
1391 6494 6015 2583 9228
1392 6441 6093 2521 9350
1393 6420 6083 2480 9227
1394 6403 5962 2580 9027
1395 6282 5996 2502 9008
1396 6229 5833 2557 8898
1397 6212 5898 2497 8938
1398 6221 5890 2510 8918
1399 6108 5834 2540 8853
1400 6240 5772 2431 8759
1401 6391 5754 2558 8711
1402 6378 5851 2557 8896
1403 6283 5932 2486 9041
1404 6210 5941 2444 9034
1405 6337 5819 2495 8827
1406 6214 5926 2349 8923
1407 5973 5757 2387 8877
1408 6022 5550 2373 8502
1409 6052 5581 2376 8578
1410 6112 5731 2418 8645
1411 6128 5788 2401 8727
1412 5991 5835 2409 8761
1413 5918 5670 2399 8548
1414 5837 5476 2391 8394
1415 5939 5386 2392 8240
1416 6057 5519 2267 8451
1417 6033 5594 2401 8535
1418 6091 5574 2261 8386
1419 5953 5565 2366 8485
1420 5949 5535 2341 8359
1421 5968 5527 2309 8379
1422 5950 5583 2356 8526
1423 5882 5502 2320 8373
1424 5812 5536 2271 8354
1425 5740 5473 2247 8272
1426 5745 5353 2275 8207
1427 5618 5433 2249 8248
1428 5635 5288 2269 8037
1429 5533 5301 2299 8000
1430 5677 5268 2185 7972
1431 5493 5214 2272 7933
1432 5696 5115 2201 7835
1433 5645 5336 2245 8152
1434 5618 5304 2179 8028
1435 5711 5301 2240 8081
1436 5562 5405 2214 8094
1437 5634 5338 2153 8006
1438 5690 5265 2183 7949
1439 5624 5248 2144 7957
1440 5467 5156 2208 7857
1441 5535 5117 2180 7780
1442 5557 5171 2201 7796
1443 5461 5197 2171 7964
1444 5506 5132 2060 7819
1445 5521 5193 2223 7902
1446 5411 5215 2098 7857
1447 5372 5111 2164 7754
1448 5178 5076 2045 7652
1449 5251 4819 2109 7408
1450 5411 5000 2122 7550
1451 5265 5143 2111 7740
1452 5265 5024 2075 7675
1453 5388 5023 2025 7572
1454 5176 5067 2124 7696
1455 5202 4970 2037 7503
1456 5192 4984 2052 7463
1457 5084 4940 2060 7364
1458 5252 4832 2004 7346
1459 5237 4906 2071 7427
1460 5129 4909 1997 7396
1461 5129 4895 2061 7402
1462 5164 4847 2081 7365
1463 5208 4901 2099 7427
1464 4949 4939 2057 7444
1465 5126 4826 1925 7262
1466 5053 4863 2040 7371
1467 4962 4867 2000 7257
1468 5014 4665 2011 7178
1469 5012 4763 1939 7194
1470 5102 4729 1902 7228
1471 4906 4779 2047 7224
1472 4926 4718 1979 7100
1473 4906 4644 1906 7025
1474 4927 4540 1926 6963
1475 4881 4620 1959 6962
1476 4930 4498 1959 6815
1477 4869 4588 1895 6938
1478 4904 4556 1891 6939
1479 4940 4503 1897 6919
1480 4989 4638 2011 6982
1481 4949 4636 1929 7072
1482 4893 4678 1882 7009
1483 4858 4597 1888 6862
1484 4772 4562 1849 6892
1485 4853 4460 1902 6772
1486 4723 4635 1883 6901
1487 4771 4532 1872 6840
1488 4758 4516 1766 6859
1489 4722 4454 1824 6778
1490 4777 4477 1843 6729
1491 4605 4508 1915 6673
1492 4591 4383 1841 6713
1493 4656 4415 1743 6695
1494 4667 4333 1776 6633
1495 4576 4359 1858 6656
1496 4468 4411 1748 6670
1497 4500 4221 1792 6386
1498 4608 4200 1745 6367
1499 4490 4197 1758 6432
1500 4419 4100 1753 6232
1501 4402 4107 1739 6306
1502 4434 4165 1781 6305
1503 4448 4220 1744 6441
1504 4398 4265 1731 6441
1505 4342 4219 1736 6346
1506 4338 4140 1670 6221
1507 4362 3994 1692 6120
1508 4341 4041 1694 6181
1509 4338 4182 1713 6349
1510 4307 4127 1741 6191
1511 4373 4110 1678 6232
1512 4397 4110 1712 6154
1513 4375 4050 1641 6203
1514 4362 4066 1717 6125
1515 4326 4078 1687 6199
1516 4365 4100 1737 6190
1517 4234 4154 1764 6213
1518 4442 4041 1627 6101
1519 4288 4210 1704 6303
1520 4311 4107 1625 6153
1521 4260 4005 1676 6031
1522 4299 3925 1669 6032
1523 4159 3980 1679 6097
1524 4273 3929 1609 5923
1525 4295 3882 1700 5882
1526 4144 3930 1641 6045
1527 4140 3950 1676 5959
1528 4146 3927 1591 5961
1529 4160 3918 1599 5881
1530 4083 3922 1589 5964
1531 4191 3792 1614 5734
1532 4163 3870 1557 5889
1533 4108 3845 1541 5863
1534 4070 3724 1626 5680
1535 3970 3724 1597 5713
1536 3995 3786 1618 5709
1537 3936 3769 1542 5673
1538 3957 3602 1573 5542
1539 3923 3627 1573 5544
1540 4001 3608 1498 5536
1541 3876 3672 1590 5550
1542 3961 3609 1479 5475
1543 3965 3694 1526 5584
1544 3789 3646 1526 5551
1545 3784 3541 1566 5397
1546 3806 3593 1490 5441
1547 3791 3596 1465 5430
1548 3771 3598 1544 5402
1549 3872 3562 1517 5392
1550 3903 3637 1478 5407
1551 3938 3609 1566 5464
1552 3787 3700 1554 5577
1553 3813 3648 1462 5510
1554 3823 3603 1443 5466
1555 3850 3575 1466 5452
1556 3787 3498 1505 5355
1557 3880 3430 1513 5299
1558 3835 3595 1506 5463
1559 3636 3615 1477 5432
1560 3649 3451 1444 5285
1561 3728 3457 1439 5258
1562 3720 3469 1421 5217
1563 3765 3477 1494 5329
1564 3707 3583 1364 5328
1565 3706 3401 1449 5238
1566 3678 3453 1308 5210
1567 3714 3349 1401 5109
1568 3705 3294 1446 5151
1569 3606 3497 1414 5254
1570 3641 3392 1417 5079
1571 3567 3406 1452 5130
1572 3607 3332 1381 5054
1573 3717 3331 1353 5047
1574 3675 3380 1380 5162
1575 3587 3358 1375 5101
1576 3593 3323 1367 5059
1577 3567 3276 1327 4910
1578 3472 3280 1423 4958
1579 3571 3180 1344 4807
1580 3549 3302 1383 5043
1581 3486 3333 1360 5045
1582 3483 3312 1371 5036
1583 3528 3303 1361 4971
1584 3490 3288 1349 4979
1585 3495 3232 1356 4970
1586 3409 3281 1379 4881
1587 3423 3172 1309 4795
1588 3353 3174 1319 4894
1589 3437 3180 1355 4853
1590 3382 3255 1290 4907
1591 3388 3199 1343 4806
1592 3363 3156 1299 4811
1593 3246 3148 1315 4821
1594 3263 3027 1239 4643
1595 3103 3058 1286 4643
1596 3259 3006 1240 4520
1597 3346 3055 1240 4539
1598 3277 3067 1266 4694
1599 3198 3074 1220 4612
1600 3309 2941 1260 4491
1601 3244 3042 1272 4634
1602 3236 3037 1254 4584
1603 3188 2991 1189 4535
1604 3178 2961 1187 4564
1605 3133 2969 1214 4479
1606 3104 2944 1284 4455
1607 3061 2914 1213 4423
1608 3092 2887 1277 4428
1609 3065 2841 1275 4357
1610 3165 2904 1196 4367
1611 3198 2923 1223 4475
1612 3117 2971 1183 4449
1613 3034 2896 1163 4390
1614 3007 2786 1205 4271
1615 2926 2786 1212 4264
1616 2968 2805 1177 4276
1617 3050 2864 1191 4306
1618 3063 2872 1147 4298
1619 3000 2857 1225 4326
1620 2992 2842 1127 4319
1621 2904 2775 1196 4181
1622 2955 2729 1145 4167
1623 2870 2782 1151 4179
1624 2928 2655 1109 4144
1625 2937 2769 1141 4223
1626 3032 2779 1184 4213
1627 2991 2866 1167 4271
1628 2983 2761 1091 4203
1629 3002 2781 1130 4190
1630 2916 2760 1154 4162
1631 3001 2701 1081 4128
1632 2932 2692 1116 4067
1633 2809 2681 1099 4116
1634 2878 2615 1088 4004
1635 2789 2747 1060 4114
1636 2851 2589 1058 3950
1637 2949 2706 1136 4082
1638 3017 2796 1076 4180
1639 2967 2745 1106 4120
1640 2906 2698 1125 4095
1641 2901 2637 1138 3994
1642 2841 2625 1064 3971
1643 2846 2558 1102 3923
1644 2729 2653 1076 4134
1645 2718 2572 1064 3901
1646 2677 2535 1045 3849
1647 2783 2478 1080 3816
1648 2788 2664 1076 3964
1649 2791 2706 1054 3966
1650 2859 2620 1026 3961
1651 2736 2609 1095 3956
1652 2707 2572 1015 3848
1653 2724 2503 1012 3810
1654 2786 2482 1054 3756
1655 2767 2516 1068 3808
1656 2657 2553 1015 3870
1657 2643 2455 1089 3708
1658 2513 2439 1057 3762
1659 2686 2389 994 3649
1660 2594 2475 946 3780
1661 2555 2399 969 3632
1662 2549 2392 1017 3590
1663 2604 2372 993 3628
1664 2648 2432 1019 3692
1665 2613 2520 1024 3767
1666 2731 2448 956 3692
1667 2636 2504 1031 3813
1668 2567 2498 965 3722
1669 2625 2363 1006 3572
1670 2646 2409 951 3646
1671 2499 2418 966 3738
1672 2480 2355 1052 3621
1673 2573 2369 967 3601
1674 2465 2377 987 3598
1675 2541 2272 976 3470
1676 2607 2399 963 3588
1677 2536 2385 1006 3528
1678 2442 2305 924 3513
1679 2395 2232 947 3424
1680 2330 2250 943 3432
1681 2357 2262 918 3433
1682 2365 2275 931 3416
1683 2400 2266 916 3447
1684 2372 2249 929 3356
1685 2464 2174 982 3329
1686 2456 2326 951 3461
1687 2418 2305 911 3509
1688 2423 2271 967 3383
1689 2445 2202 929 3363
1690 2367 2257 972 3406
1691 2391 2212 938 3344
1692 2410 2187 953 3363
1693 2454 2218 920 3435
1694 2384 2296 920 3453
1695 2360 2279 874 3426
1696 2372 2185 842 3360
1697 2314 2198 977 3328
1698 2294 2147 905 3317
1699 2370 2181 900 3318
1700 2327 2248 943 3339
1701 2326 2202 920 3286
1702 2268 2181 873 3310
1703 2265 2155 886 3283
1704 2206 2222 828 3335
1705 2092 2110 877 3148
1706 2190 1974 828 2976
1707 2133 2008 847 3120
1708 2193 1958 822 3067
1709 2168 2024 829 3073
1710 2186 2085 832 3117
1711 2180 2065 811 3070
1712 2158 2008 828 3077
1713 2131 1996 885 3065
1714 2056 1986 801 2999
1715 2039 1900 762 2957
1716 2131 1899 811 2912
1717 2199 1957 783 2977
1718 2120 1995 874 3017
1719 2141 1988 845 3066
1720 2150 2063 853 3125
1721 2148 2075 858 3067
1722 2173 2015 799 3063
1723 2137 2005 829 3042
1724 2113 2043 838 3089
1725 1979 2031 859 3069
1726 2110 1968 788 2993
1727 2124 2049 823 3035
1728 2056 2073 800 3081
1729 2008 1949 742 2999
1730 2049 1869 775 2818
1731 2067 1896 785 2844
1732 2064 1864 857 2796
1733 2079 1906 797 2935
1734 2132 1950 792 2939
1735 1947 1920 857 2924
1736 1962 1842 777 2800
1737 1966 1892 728 2866
1738 2004 1856 774 2804
1739 1936 1843 794 2840
1740 1968 1793 746 2727
1741 1954 1798 786 2723
1742 1920 1774 731 2722
1743 1924 1753 777 2664
1744 1925 1754 825 2720
1745 1899 1799 760 2751
1746 1909 1818 730 2747
1747 1901 1786 725 2784
1748 1895 1795 739 2754
1749 1923 1813 717 2777
1750 2003 1782 743 2673
1751 2010 1813 770 2810
1752 1913 1889 728 2813
1753 1849 1807 756 2721
1754 1836 1746 752 2677
1755 1873 1714 741 2588
1756 1828 1777 740 2729
1757 1951 1767 703 2669
1758 1840 1853 749 2774
1759 1889 1710 731 2597
1760 1874 1768 747 2747
1761 1882 1813 684 2720
1762 1815 1731 750 2647
1763 1846 1731 733 2638
1764 1870 1758 713 2643
1765 1893 1723 722 2600
1766 1903 1766 766 2642
1767 1856 1783 734 2657
1768 1901 1757 734 2663
1769 1876 1792 715 2692
1770 1797 1732 727 2637
1771 1792 1655 735 2537
1772 1807 1679 702 2542
1773 1891 1736 696 2631
1774 1823 1781 703 2725
1775 1805 1738 712 2616
1776 1773 1763 671 2652
1777 1744 1738 670 2557
1778 1821 1647 709 2450
1779 1839 1671 711 2502
1780 1782 1672 674 2562
1781 1767 1651 668 2514
1782 1748 1676 716 2525
1783 1780 1695 658 2517
1784 1754 1660 672 2500
1785 1792 1624 655 2497
1786 1805 1646 720 2498
1787 1814 1635 712 2465
1788 1745 1710 667 2550
1789 1731 1626 674 2412
1790 1735 1600 631 2408
1791 1739 1557 641 2389
1792 1760 1629 635 2477
1793 1718 1700 638 2518
1794 1592 1609 628 2349
1795 1664 1440 641 2224
1796 1623 1525 632 2323
1797 1597 1520 626 2307
1798 1566 1488 587 2256
1799 1608 1418 672 2197
1800 1680 1475 615 2295
1801 1645 1569 623 2397
1802 1660 1560 612 2338
1803 1641 1584 643 2379
1804 1608 1591 632 2345
1805 1658 1529 612 2315
1806 1669 1534 657 2339
1807 1617 1546 643 2329
1808 1596 1534 638 2334
1809 1588 1480 637 2266
1810 1488 1487 617 2264
1811 1453 1409 572 2138
1812 1526 1358 586 2101
1813 1562 1437 598 2169
1814 1542 1481 583 2232
1815 1552 1495 575 2227
1816 1524 1465 599 2205
1817 1455 1425 595 2116
1818 1477 1404 565 2182
1819 1504 1434 580 2100
1820 1458 1404 565 2123
1821 1518 1329 596 2028
1822 1510 1383 570 2064
1823 1459 1339 605 2102
1824 1481 1368 609 2077
1825 1559 1378 559 2123
1826 1579 1462 569 2215
1827 1473 1517 658 2188
1828 1504 1402 590 2079
1829 1508 1371 581 2101
1830 1499 1368 608 2099
1831 1480 1381 563 2119
1832 1463 1381 597 2100
1833 1428 1392 576 2068
1834 1449 1336 581 2011
1835 1504 1316 588 2058
1836 1438 1394 569 2098
1837 1392 1374 561 2084
1838 1431 1355 560 2064
1839 1440 1380 540 2059
1840 1447 1348 545 2023
1841 1389 1320 551 2028
1842 1337 1284 537 1978
1843 1369 1237 538 1897
1844 1339 1307 533 1970
1845 1313 1326 492 1992
1846 1336 1229 534 1895
1847 1426 1249 517 1915
1848 1431 1329 534 1995
1849 1324 1381 548 2038
1850 1450 1255 523 1941
1851 1380 1361 531 2007
1852 1321 1289 546 1956
1853 1337 1271 522 1903
1854 1340 1246 528 1902
1855 1301 1281 535 1895
1856 1302 1282 531 1892
1857 1345 1276 534 1901
1858 1362 1343 515 1968
1859 1455 1284 523 1923
1860 1402 1296 532 1932
1861 1350 1246 539 1897
1862 1296 1245 483 1949
1863 1249 1223 480 1865
1864 1337 1175 475 1819
1865 1271 1249 521 1904
1866 1267 1227 527 1829
1867 1263 1190 515 1783
1868 1309 1197 505 1840
1869 1296 1264 528 1879
1870 1255 1257 482 1891
1871 1282 1214 506 1803
1872 1262 1203 475 1842
1873 1249 1190 508 1843
1874 1264 1206 494 1821
1875 1312 1209 493 1830
1876 1218 1215 504 1819
1877 1243 1129 454 1716
1878 1249 1095 488 1713
1879 1292 1121 489 1743
1880 1184 1193 479 1808
1881 1238 1162 473 1743
1882 1294 1156 459 1752
1883 1223 1163 451 1801
1884 1234 1082 473 1692
1885 1159 1132 438 1741
1886 1169 1065 450 1625
1887 1144 1102 431 1689
1888 1146 1023 465 1641
1889 1206 1110 446 1632
1890 1182 1118 454 1681
1891 1143 1085 443 1626
1892 1184 1011 449 1538
1893 1114 1060 460 1635
1894 1127 1039 407 1578
1895 1093 1053 456 1616
1896 1096 1052 424 1587
1897 1083 1056 429 1591
1898 1131 1025 426 1545
1899 1162 1047 412 1612
1900 1152 1071 434 1608
1901 1074 1031 419 1569
1902 1104 967 439 1494
1903 1129 1024 474 1578
1904 1170 1096 424 1645
1905 1158 1073 438 1606
1906 1141 1040 478 1575
1907 1162 1070 435 1641
1908 1134 1107 435 1654
1909 1112 1075 429 1637
1910 1113 1053 467 1550
1911 1131 1056 424 1597
1912 1153 1077 440 1602
1913 1093 1067 442 1587
1914 1078 1003 429 1572
1915 1090 1048 427 1586
1916 1097 999 423 1530
1917 1083 1035 408 1539
1918 1088 998 428 1506
1919 1097 985 422 1467
1920 1073 994 385 1517
1921 1060 994 448 1516
1922 1053 982 408 1501
1923 1088 982 427 1507
1924 1073 1051 401 1541
1925 1034 1043 395 1552
1926 1064 952 426 1454
1927 1129 979 409 1495
1928 1059 1058 409 1581
1929 1063 979 431 1483
1930 1118 1002 479 1508
1931 1132 1078 397 1617
1932 1083 1075 442 1587
1933 1087 1006 440 1500
1934 1082 1050 414 1554
1935 1019 1019 414 1525
1936 1056 992 408 1474
1937 1060 1004 399 1492
1938 1014 995 453 1482
1939 1063 975 407 1472
1940 1079 995 400 1528
1941 1061 1011 437 1545
1942 1051 1032 390 1529
1943 1003 983 415 1466
1944 1012 912 370 1447
1945 997 946 382 1445
1946 1004 923 387 1428
1947 985 956 344 1435
1948 953 930 351 1381
1949 968 885 395 1354
1950 961 914 372 1376
1951 1015 902 399 1372
1952 1046 966 361 1430
1953 985 945 404 1434
1954 946 916 383 1389
1955 953 901 369 1347
1956 965 890 363 1369
1957 980 908 350 1363
1958 962 909 366 1401
1959 915 897 419 1327
1960 1007 864 383 1331
1961 994 936 385 1407
1962 981 933 331 1380
1963 925 863 382 1333
1964 926 882 350 1327
1965 969 823 361 1261
1966 982 860 362 1341
1967 998 878 364 1316
1968 895 902 356 1357
1969 921 813 356 1280
1970 927 858 353 1336
1971 970 861 324 1319
1972 920 867 360 1325
1973 873 874 316 1305
1974 847 805 345 1230
1975 909 798 350 1260
1976 865 850 354 1270
1977 874 835 332 1240
1978 933 809 365 1253
1979 928 890 335 1313
1980 862 864 356 1284
1981 920 778 352 1245
1982 851 861 317 1281
1983 851 798 324 1211
1984 851 810 314 1277
1985 879 850 354 1285
1986 844 893 306 1289
1987 804 826 346 1208
1988 835 783 344 1197
1989 826 785 310 1191
1990 861 751 332 1159
1991 905 804 351 1222
1992 878 840 329 1270
1993 860 826 296 1211
1994 801 766 325 1171
1995 806 746 332 1131
1996 846 787 304 1207
1997 825 817 342 1217
1998 817 821 304 1227
1999 842 797 348 1197
2000 813 780 332 1204
2001 797 776 334 1175
2002 800 786 315 1170
2003 842 787 320 1187
2004 831 802 296 1182
2005 807 753 302 1158
2006 823 743 330 1130
2007 770 770 296 1161
2008 707 692 299 1091
2009 702 661 290 1026
2010 752 639 287 1007
2011 719 700 299 1095
2012 804 696 301 1045
2013 807 730 312 1149
2014 782 749 296 1115
2015 819 715 302 1127
2016 778 781 322 1223
2017 750 766 304 1144
2018 761 741 323 1126
2019 753 771 283 1146
2020 758 736 286 1101
2021 782 713 304 1069
2022 764 734 293 1094
2023 812 684 300 1057
2024 810 731 328 1153
2025 803 789 293 1173
2026 772 746 297 1136
2027 751 741 301 1151
2028 763 708 288 1063
2029 782 712 233 1093
2030 798 687 303 1041
2031 805 703 305 1082
2032 760 747 253 1109
2033 788 712 323 1058
2034 725 719 265 1062
2035 700 641 288 1006
2036 734 635 295 998
2037 718 690 297 1008
2038 774 663 276 1027
2039 720 721 273 1088
2040 692 691 269 1046
2041 675 669 259 1008
2042 677 638 279 957
2043 658 609 259 978
2044 663 627 274 954
2045 653 630 286 976
2046 689 650 245 996
2047 676 644 259 971
2048 643 616 291 926
2049 645 610 281 936
2050 683 618 267 986
2051 729 683 255 1021
2052 738 688 260 993
2053 698 671 276 1027
2054 696 654 254 987
2055 717 647 287 1021
2056 709 685 299 1010
2057 714 680 278 1050
2058 734 701 283 1055
2059 717 678 261 1039
2060 720 654 275 1026
2061 711 642 290 996
2062 723 663 259 983
2063 664 651 263 999
2064 673 641 239 964
2065 665 632 246 947
2066 670 617 257 966
2067 620 637 255 962
2068 644 592 246 936
2069 611 602 243 934
2070 641 594 227 892
2071 610 580 250 923
2072 635 615 215 912
2073 635 608 274 903
2074 623 620 222 943
2075 615 607 228 897
2076 588 565 242 854
2077 597 535 257 810
2078 615 547 254 848
2079 639 594 230 881
2080 639 587 220 918
2081 635 600 240 913
2082 616 597 249 893
2083 635 593 244 874
2084 574 589 261 886
2085 618 569 260 899
2086 572 610 218 900
2087 597 523 214 817
2088 614 544 218 844
2089 553 570 264 846
2090 516 562 200 837
2091 530 497 205 756
2092 589 492 213 786
2093 619 527 214 809
2094 599 566 215 844
2095 578 557 225 864
2096 528 575 206 848
2097 574 515 217 774
2098 556 558 225 831
2099 566 572 222 838
2100 586 552 206 841
2101 527 536 259 819
2102 581 532 205 774
2103 529 538 223 823
2104 520 497 201 761
2105 552 487 211 732
2106 553 511 200 788
2107 551 509 191 768
2108 621 491 206 780
2109 558 563 199 863
2110 572 505 239 759
2111 569 506 201 748
2112 573 491 225 733
2113 565 497 230 789
2114 532 520 211 775
2115 539 491 192 783
2116 558 491 213 779
2117 568 518 210 802
2118 529 524 185 817
2119 553 497 226 760
2120 577 492 230 752
2121 523 524 233 789
2122 537 515 214 765
2123 566 524 190 788
2124 566 535 200 809
2125 533 529 213 781
2126 528 500 174 757
2127 530 477 182 744
2128 499 464 189 733
2129 519 441 199 672
2130 502 473 216 744
2131 508 482 203 717
2132 532 482 210 738
2133 511 494 218 766
2134 550 475 196 702
2135 563 494 201 732
2136 542 505 223 771
2137 538 536 183 802
2138 527 503 222 755
2139 491 493 186 775
2140 523 482 216 748
2141 540 497 189 761
2142 501 525 202 790
2143 458 487 189 752
2144 465 457 187 709
2145 472 471 177 702
2146 451 452 176 695
2147 470 444 164 680
2148 490 446 175 658
2149 501 442 176 680
2150 516 448 182 655
2151 458 448 213 686
2152 502 441 191 634
2153 467 471 191 711
2154 435 442 189 677
2155 463 401 181 610
2156 468 437 188 685
2157 451 446 214 638
2158 470 437 181 654
2159 446 446 174 671
2160 488 426 186 649
2161 475 417 185 643
2162 466 415 180 655
2163 430 429 181 662
2164 434 398 176 623
2165 439 372 192 589
2166 474 429 181 646
2167 475 424 152 635
2168 492 407 179 667
2169 500 459 194 665
2170 516 470 189 686
2171 460 473 182 683
2172 450 425 186 657
2173 457 449 183 666
2174 471 433 170 648
2175 434 435 179 660
2176 456 434 163 642
2177 467 438 161 647
2178 485 407 175 628
2179 467 414 183 650
2180 433 426 156 655
2181 448 403 182 636
2182 462 424 155 635
2183 402 444 186 654
2184 470 397 168 598
2185 472 432 168 644
2186 452 430 168 635
2187 488 401 195 615
2188 462 435 202 648
2189 437 426 177 642
2190 436 414 158 630
2191 454 408 183 591
2192 488 404 193 589
2193 447 463 182 653
2194 435 407 184 638
2195 420 433 173 647
2196 444 418 162 633
2197 445 426 181 651
2198 477 431 170 624
2199 462 449 162 675
2200 437 399 164 631
2201 437 379 175 599
2202 440 416 155 650
2203 458 407 178 598
2204 435 447 159 630
2205 428 398 143 588
2206 410 381 185 612
2207 390 390 160 581
2208 383 389 158 586
2209 412 385 173 566
2210 402 414 141 597
2211 426 394 168 595
2212 414 406 164 617
2213 397 382 176 570
2214 399 386 153 579
2215 377 380 143 558
2216 428 342 130 559
2217 433 391 161 584
2218 408 396 157 593
2219 400 390 144 578
2220 468 372 152 553
2221 413 422 167 636
2222 404 409 171 613
2223 405 412 146 597
2224 410 407 147 594
2225 384 377 146 580
2226 349 347 144 551
2227 379 318 128 530
2228 371 368 176 562
2229 347 373 148 544
2230 374 360 163 548
2231 355 366 158 546
2232 354 358 116 556
2233 363 333 121 512
2234 380 319 144 524
2235 383 351 145 519
2236 342 381 120 571
2237 390 316 139 465
2238 374 355 168 528
2239 367 342 155 517
2240 364 335 155 526
2241 347 341 155 542
2242 391 342 120 489
2243 371 361 128 547
2244 414 324 129 514
2245 364 352 122 558
2246 374 324 141 513
2247 385 353 133 527
2248 355 352 139 541
2249 359 338 140 532
2250 363 343 131 522
2251 342 352 146 534
2252 381 352 138 500
2253 369 365 144 538
2254 362 344 138 502
2255 385 317 137 497
2256 373 353 137 520
2257 367 338 137 480
2258 339 306 143 488
2259 323 333 127 510
2260 322 341 138 493
2261 312 321 112 484
2262 317 308 113 468
2263 316 307 124 451
2264 295 298 104 449
2265 299 277 111 431
2266 313 288 128 431
2267 304 286 110 438
2268 322 269 134 435
2269 325 311 109 459
2270 322 302 125 453
2271 328 306 134 451
2272 296 320 128 452
2273 309 272 139 404
2274 333 291 131 447
2275 313 309 132 455
2276 298 302 111 453
2277 315 270 137 422
2278 328 299 132 463
2279 319 283 118 432
2280 333 280 113 448
2281 351 293 125 452
2282 340 333 134 501
2283 327 358 147 511
2284 341 342 127 492
2285 326 347 114 497
2286 328 312 123 458
2287 302 309 125 491
2288 318 304 111 434
2289 312 305 137 465
2290 367 313 120 463
2291 331 339 146 515
2292 333 330 143 478
2293 330 325 147 484
2294 325 322 147 474
2295 344 310 118 476
2296 338 331 133 489
2297 353 321 122 485
2298 330 305 136 477
2299 323 319 106 488
2300 358 315 111 458
2301 306 316 126 476
2302 306 291 128 434
2303 316 299 121 434
2304 297 291 111 426
2305 291 264 116 422
2306 293 270 116 414
2307 289 300 119 442
2308 301 292 98 429
2309 306 267 111 403
2310 305 283 123 440
2311 319 286 119 420
2312 322 290 106 442
2313 299 289 117 424
2314 300 279 117 419
2315 299 281 122 416
2316 276 271 113 405
2317 287 230 110 370
2318 304 264 105 399
2319 334 270 121 405
2320 286 295 101 435
2321 309 249 108 380
2322 250 283 109 424
2323 276 236 111 350
2324 278 252 117 382
2325 249 248 116 379
2326 299 254 98 387
2327 327 265 101 400
2328 339 267 115 431
2329 342 301 111 415
2330 292 282 132 428
2331 283 267 115 403
2332 315 269 109 417
2333 283 286 103 437
2334 280 272 105 400
2335 269 247 95 375
2336 237 219 115 366
2337 262 239 93 368
2338 245 259 133 372
2339 274 258 96 381
2340 275 270 128 405
2341 282 292 111 427
2342 257 281 97 400
2343 260 247 85 381
2344 257 246 114 356
2345 253 243 117 386
2346 255 257 93 410
2347 264 270 100 395
2348 271 259 90 392
2349 300 259 98 415
2350 309 289 95 428
2351 286 301 107 436
2352 288 278 91 404
2353 252 275 98 396
2354 248 243 93 360
2355 238 205 110 338
2356 266 228 100 367
2357 286 261 94 368
2358 245 260 99 378
2359 259 221 99 343
2360 277 233 95 349
2361 252 264 103 388
2362 287 229 96 334
2363 261 237 92 356
2364 243 216 101 348
2365 258 223 87 331
2366 243 234 98 349
2367 259 227 92 345
2368 246 248 97 366
2369 251 224 84 350
2370 256 228 92 335
2371 271 235 94 360
2372 263 253 93 370
2373 261 244 84 366
2374 234 218 103 326
2375 268 229 83 340
2376 245 218 95 354
2377 235 196 91 313
2378 235 200 105 327
2379 249 215 83 315
2380 259 213 94 330
2381 278 242 90 343
2382 271 243 104 348
2383 249 253 84 363
2384 277 232 96 351
2385 259 254 77 367
2386 237 233 108 350
2387 207 220 73 320
2388 236 183 90 305
2389 253 213 95 328
2390 232 225 93 358
2391 212 218 100 312
2392 261 197 80 302
2393 260 238 97 340
2394 228 222 93 336
2395 277 210 88 309
2396 242 253 97 370
2397 260 221 70 312
2398 220 205 87 340
2399 201 216 93 324
2400 215 185 77 267
2401 220 194 89 318
2402 210 209 82 296
2403 220 200 102 297
2404 200 195 85 297
2405 236 184 78 289
2406 221 213 87 323
2407 225 204 92 307
2408 208 215 78 337
2409 199 206 90 307
2410 188 197 74 292
2411 178 195 81 299
2412 197 206 71 289
2413 249 191 74 289
2414 211 233 78 325
2415 202 189 80 306
2416 208 205 71 284
2417 198 179 81 272
2418 176 169 69 289
2419 206 159 83 254
2420 210 186 66 297
2421 206 184 65 289
2422 167 168 76 278
2423 179 147 67 241
2424 151 174 88 271
2425 168 160 72 243
2426 168 174 66 253
2427 200 166 68 267
2428 205 178 82 271
2429 183 182 80 281
2430 209 163 77 267
2431 213 190 90 297
2432 214 211 81 307
2433 191 191 96 295
2434 186 181 58 265
2435 192 165 84 250
2436 208 172 75 248
2437 191 203 58 316
2438 181 203 79 284
2439 175 179 63 258
2440 183 164 75 254
2441 193 168 53 251
2442 179 163 79 259
2443 156 171 80 242
2444 194 148 63 231
2445 206 173 71 269
2446 196 173 75 260
2447 194 164 83 268
2448 182 181 80 278
2449 204 192 87 283
2450 192 218 66 303
2451 199 185 74 270
2452 189 183 85 269
2453 188 168 79 263
2454 212 168 75 264
2455 192 207 70 303
2456 190 189 57 295
2457 191 166 80 250
2458 183 169 68 260
2459 183 170 67 257
2460 176 165 69 256
2461 192 177 55 259
2462 164 168 78 243
2463 182 149 67 237
2464 173 165 76 248
2465 174 164 77 261
2466 188 185 58 262
2467 201 177 59 257
2468 189 193 64 272
2469 161 177 58 273
2470 200 155 65 235
2471 181 184 58 266
2472 178 159 70 224
2473 174 141 75 230
2474 173 150 42 242
2475 153 156 71 240
2476 154 135 43 213
2477 175 140 59 212
2478 162 168 62 233
2479 155 159 53 247
2480 157 157 44 230
2481 145 143 75 203
2482 146 135 65 205
2483 175 127 55 201
2484 176 140 61 224
2485 161 123 67 198
2486 142 148 66 224
2487 159 140 53 205
2488 167 138 56 228
2489 160 158 67 227
2490 150 149 58 226
2491 150 145 55 227
2492 153 141 56 222
2493 160 148 47 226
2494 161 150 60 227
2495 171 154 59 208
2496 165 149 57 222
2497 141 150 54 228
2498 134 139 51 208
2499 156 131 60 201
2500 165 141 53 219
2501 148 140 58 195
2502 144 124 54 197
2503 149 124 62 202
2504 131 152 61 219
2505 134 130 57 199
2506 165 139 58 205
2507 157 156 59 224
2508 132 126 59 195
2509 141 103 44 192
2510 142 112 51 194
2511 152 149 58 221
2512 139 157 48 221
2513 148 131 58 182
2514 166 119 66 196
2515 144 168 51 252
2516 146 160 67 230
2517 139 154 53 211
2518 147 137 48 211
2519 149 152 54 209
2520 165 123 55 191
2521 147 142 58 207
2522 134 125 50 206
2523 140 127 57 187
2524 133 132 74 187
2525 130 141 54 202
2526 152 126 53 205
2527 151 132 56 203
2528 135 137 52 214
2529 167 136 51 211
2530 171 151 43 218
2531 146 152 54 225
2532 138 133 43 190
2533 134 120 58 177
2534 117 130 49 191
2535 123 103 46 168
2536 113 106 50 168
2537 106 108 44 172
2538 130 101 36 173
2539 131 118 57 175
2540 131 138 47 206
2541 135 137 49 190
2542 133 115 50 178
2543 162 120 53 171
2544 144 135 57 204
2545 123 137 53 204
2546 114 120 41 188
2547 127 117 47 172
2548 132 124 43 197
2549 118 134 38 195
2550 119 118 38 177
2551 123 114 50 186
2552 125 124 56 181
2553 130 121 49 180
2554 124 119 43 185
2555 128 124 49 180
2556 132 114 51 168
2557 131 116 46 174
2558 133 111 52 167
2559 111 118 57 175
2560 96 106 49 161
2561 118 106 45 162
2562 131 125 43 170
2563 123 113 48 175
2564 119 98 53 155
2565 107 111 47 175
2566 110 116 46 162
2567 117 109 39 168
2568 95 112 36 166
2569 99 92 44 151
2570 101 102 44 152
2571 100 117 41 162
2572 105 111 41 160
2573 99 101 39 150
2574 110 99 58 148
2575 107 106 47 156
2576 122 107 52 157
2577 115 117 50 165
2578 109 100 48 156
2579 124 99 45 163
2580 120 116 50 170
2581 120 117 45 169
2582 127 111 49 171
2583 100 120 42 170
2584 113 95 40 154
2585 119 99 37 149
2586 121 103 40 161
2587 105 107 37 151
2588 110 92 41 142
2589 136 96 49 147
2590 114 114 51 173
2591 119 99 38 159
2592 136 102 44 171
2593 129 127 43 178
2594 118 116 41 178
2595 108 105 49 166
2596 128 101 44 153
2597 128 96 44 148
2598 120 97 49 167
2599 129 106 48 149
2600 114 92 57 146
2601 109 104 43 166
2602 94 98 40 149
2603 102 82 31 132
2604 108 93 41 133
2605 102 98 39 145
2606 115 98 50 141
2607 101 117 38 168
2608 97 96 41 148
2609 103 108 35 155
2610 127 96 56 137
2611 119 116 44 172
2612 110 112 42 176
2613 104 108 37 150
2614 104 94 40 138
2615 114 97 32 150
2616 114 98 32 149
2617 105 89 33 141
2618 96 84 30 138
2619 110 84 34 126
2620 98 88 31 133
2621 95 80 37 133
2622 104 81 39 135
2623 91 110 41 148
2624 111 98 43 140
2625 102 102 36 146
2626 98 94 34 138
2627 101 90 34 146
2628 126 100 38 142
2629 124 115 49 163
2630 117 119 46 184
2631 109 125 45 175
2632 100 107 53 152
2633 119 102 38 149
2634 108 112 46 172
2635 113 103 34 151
2636 105 94 40 145
2637 111 81 37 134
2638 94 93 42 143
2639 93 82 48 133
2640 86 87 44 136
2641 84 83 32 145
2642 80 87 43 130
2643 102 82 33 117
2644 93 92 32 139
2645 106 90 45 144
2646 120 101 38 144
2647 136 106 44 163
2648 110 117 51 158
2649 104 102 39 157
2650 114 91 32 131
2651 84 100 34 151
2652 97 77 32 121
2653 86 87 36 125
2654 82 78 47 118
2655 84 82 35 113
2656 90 83 36 122
2657 103 83 33 133
2658 109 105 36 151
2659 113 104 40 146
2660 88 99 39 141
2661 85 68 38 119
2662 71 79 28 137
2663 86 71 25 104
2664 83 78 39 127
2665 87 88 47 127
2666 105 101 36 132
2667 95 105 40 158
2668 83 98 41 142
2669 92 84 38 121
2670 85 94 37 145
2671 75 93 38 126
2672 91 71 34 117
2673 77 80 40 118
2674 84 70 37 114
2675 104 78 37 115
2676 88 88 27 143
2677 99 63 40 106
2678 98 75 41 126
2679 78 92 33 134
2680 83 71 31 118
2681 93 80 34 125
2682 98 74 26 121
2683 83 82 34 125
2684 90 72 43 106
2685 92 85 35 128
2686 89 81 37 120
2687 84 76 24 121
2688 75 74 24 114
2689 87 65 30 106
2690 92 72 38 105
2691 82 83 34 122
2692 74 75 34 117
2693 74 72 27 108
2694 87 72 40 116
2695 77 87 38 133
2696 89 70 29 123
2697 88 75 22 120
2698 82 68 39 119
2699 84 84 21 124
2700 97 84 26 131
2701 90 102 28 138
2702 70 77 31 125
2703 82 73 28 108
2704 63 68 24 110
2705 66 60 27 90
2706 73 58 25 89
2707 67 64 33 98
2708 60 65 27 98
2709 69 51 36 94
2710 70 76 32 113
2711 72 76 25 115
2712 78 80 25 117
2713 76 71 28 98
2714 84 66 21 112
2715 66 71 30 112
2716 86 53 27 85
2717 73 74 24 119
2718 79 65 32 99
2719 70 74 33 111
2720 74 64 30 96
2721 83 66 26 99
2722 74 63 20 104
2723 76 57 23 99
2724 57 67 26 102
2725 55 56 19 92
2726 52 52 22 87
2727 66 52 29 84
2728 63 70 23 93
2729 64 56 28 91
2730 67 61 19 97
2731 58 54 22 98
2732 64 51 31 83
2733 58 72 25 101
2734 69 57 24 88
2735 81 70 20 100
2736 63 59 25 94
2737 80 52 31 87
2738 55 62 18 101
2739 61 44 22 88
2740 64 61 28 90
2741 63 73 21 109
2742 63 61 23 88
2743 58 55 18 97
2744 74 63 16 98
2745 68 62 27 90
2746 55 58 25 95
2747 61 57 20 79
2748 65 54 26 85
2749 75 59 24 91
2750 59 78 28 110
2751 54 67 24 94
2752 53 54 20 72
2753 55 55 16 88
2754 70 54 26 76
2755 70 68 21 109
2756 50 75 22 96
2757 57 46 22 73
2758 66 61 20 86
2759 53 62 20 84
2760 59 52 18 82
2761 69 61 19 84
2762 64 62 27 94
2763 72 62 31 97
2764 75 81 14 103
2765 60 76 24 104
2766 82 56 27 95
2767 67 76 15 98
2768 66 52 23 85
2769 59 65 27 87
2770 74 55 23 76
2771 69 62 22 94
2772 68 62 16 95
2773 52 65 26 97
2774 61 54 15 73
2775 53 52 29 82
2776 69 51 26 74
2777 67 61 23 86
2778 64 56 23 92
2779 52 61 18 93
2780 56 50 25 80
2781 64 58 20 78
2782 52 55 24 90
2783 48 45 27 74
2784 58 50 21 74
2785 63 56 32 81
2786 65 74 24 99
2787 50 66 24 81
2788 53 57 20 80
2789 49 56 15 86
2790 69 45 16 71
2791 69 52 27 80
2792 55 52 15 89
2793 58 50 23 70
2794 60 50 19 75
2795 52 53 26 84
2796 54 52 15 68
2797 52 37 24 75
2798 62 45 19 74
2799 68 55 26 74
2800 60 53 17 84
2801 45 55 27 86
2802 49 46 19 71
2803 51 47 25 74
2804 48 50 24 86
2805 54 49 22 72
2806 72 50 28 69
2807 59 67 18 99
2808 58 61 26 90
2809 49 58 15 87
2810 51 45 26 69
2811 50 43 16 71
2812 56 37 22 63
2813 51 46 21 73
2814 54 48 24 74
2815 47 59 15 80
2816 59 48 15 74
2817 59 51 15 73
2818 60 51 22 72
2819 49 50 18 70
2820 45 37 23 60
2821 45 41 11 66
2822 43 30 22 52
2823 44 37 16 61
2824 46 43 21 64
2825 41 48 23 68
2826 38 40 14 62
2827 45 41 12 60
2828 49 46 17 72
2829 39 46 17 65
2830 40 36 18 57
2831 40 38 14 57
2832 39 39 21 61
2833 32 33 17 57
2834 37 30 11 50
2835 45 27 23 46
2836 47 44 15 61
2837 37 37 17 69
2838 30 46 25 70
2839 43 38 21 53
2840 45 41 13 56
2841 55 34 19 63
2842 65 55 22 80
2843 47 66 22 92
2844 51 55 17 82
2845 52 52 23 79
2846 36 54 26 82
2847 49 55 24 72
2848 50 54 12 76
2849 59 47 22 70
2850 53 52 22 84
2851 58 45 25 63
2852 47 47 20 76
2853 45 40 23 60
2854 51 42 13 63
2855 46 44 9 64
2856 53 35 20 51
2857 58 40 24 63
2858 56 46 20 74
2859 48 50 17 81
2860 56 42 14 73
2861 45 51 24 69
2862 37 44 13 67
2863 39 39 18 64
2864 47 43 11 64
2865 52 49 18 61
2866 44 40 14 62
2867 47 34 19 61
2868 54 45 20 64
2869 48 46 13 72
2870 43 42 19 59
2871 47 40 19 51
2872 40 47 23 72
2873 39 52 18 66
2874 38 40 12 63
2875 39 24 20 39
2876 35 33 18 53
2877 33 43 11 67
2878 44 34 16 45
2879 63 47 18 58
2880 54 52 18 78
2881 47 41 19 56
2882 48 46 19 64
2883 50 38 12 64
2884 49 44 24 61
2885 49 46 24 65
2886 44 44 21 65
2887 58 39 15 64
2888 54 48 21 68
2889 61 43 14 67
2890 49 55 14 83
2891 49 44 21 62
2892 62 44 19 67
2893 63 52 18 83
2894 50 58 22 81
2895 70 51 21 78
2896 47 58 14 90
2897 48 43 17 72
2898 47 52 15 77
2899 37 43 18 66
2900 37 41 12 59
2901 44 36 19 58
2902 64 40 23 60
2903 54 52 21 91
2904 44 59 21 81
2905 38 46 18 68
2906 31 33 12 49
2907 36 22 11 40
2908 35 36 9 60
2909 44 34 18 51
2910 37 41 12 63
2911 52 32 12 45
2912 40 40 17 61
2913 41 35 16 54
2914 51 44 10 58
2915 39 36 14 57
2916 33 32 9 56
2917 32 37 11 58
2918 24 34 15 48
2919 33 27 12 42
2920 57 31 8 51
2921 41 50 9 76
2922 52 40 15 55
2923 34 46 14 71
2924 41 39 12 49
2925 29 39 9 66
2926 34 31 8 44
2927 40 35 22 53
2928 30 40 10 56
2929 26 29 11 39
2930 42 18 12 30
2931 39 40 12 63
2932 35 41 13 60
2933 37 40 8 65
2934 33 32 13 48
2935 23 33 8 57
2936 29 28 13 40
2937 36 34 11 54
2938 29 36 14 48
2939 24 29 10 42
2940 32 23 9 44
2941 44 35 8 47
2942 32 35 19 50
2943 22 28 9 41
2944 19 23 14 36
2945 27 26 7 41
2946 32 24 9 40
2947 26 24 7 38
2948 25 22 9 41
2949 25 29 9 37
2950 28 22 12 34
2951 29 31 15 41
2952 26 37 17 52
2953 22 35 16 41
2954 31 29 12 37
2955 32 26 17 41
2956 30 29 9 45
2957 39 28 14 37
2958 35 26 17 47
2959 40 34 13 56
2960 36 40 11 55
2961 29 31 12 44
2962 28 26 9 37
2963 38 20 9 30
2964 38 21 13 40
2965 28 27 10 43
2966 29 24 15 38
2967 22 31 10 43
2968 30 25 9 37
2969 26 29 8 38
2970 36 21 15 42
2971 29 32 13 49
2972 21 30 12 51
2973 38 25 17 34
2974 35 34 12 51
2975 36 31 6 47
2976 33 31 11 48
2977 22 26 13 40
2978 14 21 7 35
2979 28 12 7 28
2980 28 24 10 35
2981 22 16 10 30
2982 29 20 6 32
2983 32 23 13 28
2984 30 24 7 34
2985 18 21 7 39
2986 23 19 5 32
2987 31 25 8 44
2988 23 33 8 44
2989 29 23 12 28
2990 21 27 10 39
2991 24 24 6 37
2992 15 27 20 36
2993 30 19 6 34
2994 38 26 7 43
2995 29 29 10 43
2996 32 22 17 33
2997 34 28 17 41
2998 41 30 15 44
2999 26 36 11 56
3000 32 19 9 38
3001 31 29 13 46
3002 35 23 12 38
3003 25 30 12 46
3004 25 24 8 37
3005 36 16 6 27
3006 32 25 8 39
3007 18 21 18 37
3008 37 19 7 33
3009 30 30 9 49
3010 25 18 12 29
3011 34 19 9 32
3012 32 19 10 38
3013 26 28 12 44
3014 31 28 8 43
3015 29 31 13 48
3016 28 21 18 27
3017 38 24 13 38
3018 32 36 9 52
3019 27 26 12 44
3020 36 23 15 36
3021 32 40 15 47
3022 25 24 21 42
3023 30 28 11 47
3024 34 30 4 47
3025 33 26 14 42
3026 33 28 13 44
3027 34 31 8 50
3028 38 31 16 44
3029 36 34 14 51
3030 27 36 11 51
3031 36 27 12 37
3032 32 35 10 56
3033 33 38 17 45
3034 28 34 5 49
3035 23 24 10 36
3036 19 19 14 36
3037 17 22 5 31
3038 18 16 10 30
3039 23 19 6 28
3040 21 21 12 24
3041 23 14 9 34
3042 27 22 4 34
3043 31 22 6 34
3044 25 24 10 35
3045 20 18 12 28
3046 19 20 7 27
3047 19 17 13 26
3048 23 19 5 33
3049 20 17 7 28
3050 32 17 5 31
3051 24 27 10 40
3052 17 26 13 32
3053 25 16 6 27
3054 41 15 6 24
3055 39 20 6 38
3056 20 26 8 46
3057 25 16 6 28
3058 25 27 10 35
3059 26 23 13 31
3060 20 20 4 33
3061 25 16 11 28
3062 29 27 8 35
3063 24 30 12 36
3064 28 22 12 31
3065 16 24 15 35
3066 27 20 12 36
3067 27 33 7 47
3068 30 27 5 47
3069 24 33 13 45
3070 20 31 5 41
3071 24 25 12 35
3072 30 23 3 34
3073 36 27 7 41
3074 26 34 12 45
3075 43 27 5 39
3076 37 38 10 53
3077 27 30 8 41
3078 26 21 13 32
3079 24 24 10 37
3080 25 28 10 37
3081 15 24 10 34
3082 25 14 5 25
3083 23 23 9 37
3084 25 23 13 32
3085 29 22 10 34
3086 26 26 9 43
3087 23 29 12 39
3088 27 25 6 39
3089 24 26 14 32
3090 24 21 11 37
3091 25 21 9 37
3092 24 21 7 36
3093 24 23 10 37
3094 23 26 10 38
3095 20 24 8 30
3096 20 13 3 24
3097 24 12 5 25
3098 13 17 8 26
3099 16 13 4 28
3100 31 20 7 30
3101 17 28 7 40
3102 19 17 12 30
3103 25 18 7 29
3104 24 24 7 37
3105 19 28 7 38
3106 15 24 6 31
3107 16 17 7 27
3108 19 21 7 32
3109 21 20 6 27
3110 16 21 3 29
3111 14 14 7 22
3112 19 19 2 24
3113 22 17 7 28
3114 21 18 8 27
3115 21 17 6 26
3116 16 16 7 28
3117 21 11 9 21
3118 28 17 9 30
3119 28 26 9 36
3120 28 23 8 33
3121 18 24 9 30
3122 29 14 4 21
3123 16 25 10 32
3124 22 12 8 22
3125 29 17 10 24
3126 22 20 9 34
3127 29 20 7 28
3128 33 31 10 45
3129 29 36 5 51
3130 24 27 11 40
3131 19 26 6 40
3132 16 21 6 27
3133 16 12 6 24
3134 13 19 10 26
3135 14 17 11 29
3136 21 19 5 25
3137 26 20 7 35
3138 10 30 9 34
3139 20 17 4 21
3140 15 23 8 32
3141 10 23 1 27
3142 11 12 2 19
3143 17 15 6 18
3144 8 16 5 23
3145 15 10 4 16
3146 11 18 7 23
3147 11 12 3 17
3148 10 9 7 18
3149 19 14 2 24
3150 14 14 11 20
3151 14 17 5 30
3152 17 16 9 22
3153 17 15 4 24
3154 25 13 4 21
3155 19 20 7 25
3156 24 14 3 25
3157 20 19 4 31
3158 21 16 8 23
3159 13 17 5 25
3160 15 14 6 24
3161 10 14 5 20
3162 13 6 5 17
3163 15 16 6 20
3164 13 15 5 19
3165 10 14 7 19
3166 16 15 3 21
3167 19 18 8 25
3168 14 17 6 26
3169 18 15 5 23
3170 16 17 4 26
3171 14 11 9 15
3172 10 10 6 20
3173 17 14 6 22
3174 23 20 4 28
3175 23 19 11 35
3176 13 28 6 37
3177 13 17 7 23
3178 10 17 6 24
3179 20 17 4 25
3180 20 21 10 29
3181 19 17 1 23
3182 17 10 13 23
3183 8 20 7 27
3184 16 16 6 25
3185 11 25 5 29
3186 6 10 1 21
3187 7 8 2 13
3188 7 9 2 13
3189 7 9 1 15
3190 14 7 6 9
3191 16 15 1 25
3192 18 17 3 23
3193 12 19 5 24
3194 10 8 2 12
3195 13 6 6 11
3196 13 13 6 16
3197 17 16 3 21
3198 13 13 6 20
3199 15 10 5 17
3200 16 10 6 19
3201 9 16 4 24
3202 7 8 4 10
3203 7 4 6 12
3204 14 7 8 12
3205 10 13 3 24
3206 11 12 8 14
3207 15 10 3 16
3208 13 10 7 22
3209 10 14 6 21
3210 13 15 3 27
3211 17 13 4 22
3212 15 14 4 19
3213 12 11 4 24
3214 17 12 3 20
3215 7 13 2 21
3216 7 5 1 9
3217 5 5 1 10
3218 10 4 4 7
3219 14 8 5 15
3220 8 6 5 13
3221 8 6 4 15
3222 8 11 3 13
3223 5 8 2 13
3224 11 4 3 10
3225 12 9 4 16
3226 14 10 3 15
3227 11 8 5 15
3228 12 9 3 17
3229 11 11 5 19
3230 13 13 3 17
3231 9 13 4 18
3232 11 10 3 14
3233 8 10 4 15
3234 5 8 2 12
3235 11 6 4 11
3236 10 12 3 16
3237 8 13 4 17
3238 7 8 4 16
3239 15 5 2 9
3240 11 12 7 17
3241 13 10 3 12
3242 11 9 5 15
3243 8 6 9 12
3244 20 8 5 12
3245 31 20 5 28
3246 19 29 7 37
3247 14 19 5 28
3248 16 16 3 22
3249 10 15 9 25
3250 15 16 2 20
3251 21 18 4 21
3252 8 16 8 24
3253 10 9 7 16
3254 10 10 3 16
3255 16 7 5 12
3256 9 13 6 23
3257 5 9 2 16
3258 10 7 4 11
3259 13 9 2 14
3260 6 9 6 14
3261 8 7 3 8
3262 7 8 2 14
3263 10 6 0 12
3264 5 9 6 13
3265 3 7 3 8
3266 6 6 2 11
3267 8 9 1 11
3268 13 5 6 11
3269 11 11 6 18
3270 11 11 4 16
3271 7 10 4 18
3272 13 11 3 14
3273 10 13 0 19
3274 16 4 6 5
3275 20 11 7 17
3276 9 17 3 24
3277 11 8 4 12
3278 9 10 6 15
3279 9 13 2 17
3280 9 6 5 15
3281 10 7 6 15
3282 12 10 1 13
3283 19 8 6 15
3284 18 12 4 20
3285 16 16 3 22
3286 13 13 3 19
3287 8 12 5 18
3288 7 8 3 10
3289 8 7 2 14
3290 8 6 0 8
3291 9 5 4 8
3292 8 4 3 9
3293 7 6 4 9
3294 9 6 6 9
3295 9 8 5 16
3296 7 10 4 13
3297 10 5 4 10
3298 9 9 3 12
3299 7 11 3 13
3300 3 5 7 7
3301 4 3 5 6
3302 4 7 2 10
3303 14 6 3 7
3304 11 9 4 13
3305 6 6 3 10
3306 10 2 2 7
3307 6 7 1 12
3308 15 8 3 9
3309 9 13 3 17
3310 17 6 2 9
3311 13 8 4 16
3312 12 10 3 14
3313 8 9 4 15
3314 7 9 4 13
3315 10 5 5 7
3316 11 6 2 13
3317 11 10 6 15
3318 10 11 5 17
3319 10 9 5 12
3320 4 9 3 11
3321 10 2 3 6
3322 8 6 7 13
3323 10 8 4 13
3324 6 9 4 17
3325 7 3 2 9
3326 10 5 3 11
3327 9 8 5 13
3328 6 10 2 14
3329 4 3 3 9
3330 8 4 3 9
3331 9 11 2 16
3332 12 11 2 15
3333 16 10 3 15
3334 16 14 5 20
3335 10 18 3 25
3336 13 13 2 18
3337 16 11 4 18
3338 13 15 5 21
3339 12 15 3 19
3340 5 11 1 22
3341 7 8 2 11
3342 6 6 2 10
3343 6 7 1 10
3344 6 9 1 11
3345 7 6 4 10
3346 12 7 2 12
3347 8 11 5 14
3348 7 9 7 11
3349 9 7 1 11
3350 12 11 4 14
3351 3 14 1 19
3352 3 7 1 11
3353 7 6 0 7
3354 5 5 4 7
3355 10 5 0 8
3356 8 8 4 11
3357 5 7 1 10
3358 10 3 3 5
3359 9 6 3 8
3360 6 5 3 6
3361 7 1 3 4
3362 4 4 4 8
3363 6 6 4 10
3364 10 7 1 10
3365 3 10 2 14
3366 3 3 4 5
3367 2 2 2 6
3368 6 4 4 9
3369 9 9 0 11
3370 8 6 2 9
3371 5 4 3 6
3372 3 1 3 4
3373 7 4 4 5
3374 9 4 3 9
3375 7 6 2 6
3376 6 5 1 10
3377 6 6 4 8
3378 12 7 2 8
3379 9 7 4 12
3380 12 7 5 13
3381 6 12 2 18
3382 11 7 2 11
3383 10 11 4 16
3384 12 11 2 15
3385 7 7 3 9
3386 5 5 6 8
3387 11 4 4 6
3388 12 7 3 11
3389 7 7 6 11
3390 10 7 2 10
3391 12 5 1 11
3392 14 5 5 9
3393 8 8 6 15
3394 12 6 4 8
3395 12 6 2 14
3396 9 12 5 20
3397 18 7 3 9
3398 10 16 7 22
3399 9 13 7 15
3400 14 12 2 15
3401 10 16 3 22
3402 7 10 3 17
3403 11 9 3 12
3404 11 11 2 14
3405 10 9 3 14
3406 6 11 1 12
3407 7 4 3 11
3408 6 12 2 16
3409 6 9 2 13
3410 4 7 2 13
3411 1 9 1 12
3412 1 3 0 4
3413 5 1 2 2
3414 3 3 3 4
3415 5 4 4 6
3416 8 6 1 8
3417 1 6 4 9
3418 9 3 2 5
3419 8 10 2 14
3420 4 8 5 12
3421 5 6 5 7
3422 10 8 2 10
3423 10 12 5 17
3424 11 12 5 16
3425 9 15 1 18
3426 8 9 2 12
3427 6 8 1 11
3428 10 4 1 8
3429 4 7 1 12
3430 6 4 5 9
3431 7 10 3 13
3432 6 12 2 14
3433 2 6 3 8
3434 0 1 2 4
3435 2 2 3 3
3436 3 3 3 5
3437 6 5 0 7
3438 9 8 2 12
3439 8 10 3 10
3440 2 6 2 9
3441 3 2 2 4
3442 6 4 5 9
3443 10 9 2 9
3444 6 9 3 14
3445 7 7 1 10
3446 6 6 6 7
3447 5 8 4 9
3448 3 5 3 7
3449 5 4 1 7
3450 4 5 1 7
3451 6 3 5 8
3452 6 7 3 9
3453 14 6 1 10
3454 10 6 4 12
3455 13 8 4 15
3456 7 15 4 19
3457 4 10 2 17
3458 7 7 3 12
3459 3 9 4 9
3460 5 3 1 5
3461 2 3 1 8
3462 2 3 2 7
3463 6 2 1 2
3464 5 4 1 5
3465 7 4 4 7
3466 2 7 0 9
3467 8 2 1 4
3468 4 7 3 10
3469 5 4 2 5
3470 6 2 2 7
3471 8 6 5 7
3472 12 9 4 10
3473 5 10 4 15
3474 8 7 2 9
3475 11 8 3 12
3476 7 9 3 13
3477 8 5 0 8
3478 8 5 2 10
3479 5 9 2 11
3480 5 6 2 6
3481 2 5 2 7
3482 5 2 2 4
3483 2 4 3 6
3484 2 2 0 4
3485 4 2 1 5
3486 7 4 2 5
3487 6 7 1 8
3488 1 5 1 10
3489 3 3 0 4
3490 4 1 1 2
3491 5 3 3 6
3492 7 6 2 6
3493 4 6 3 8
3494 2 3 4 5
3495 5 2 4 4
3496 3 7 1 11
3497 2 5 2 6
3498 5 2 2 3
3499 2 5 2 8
3500 2 1 1 4
3501 3 5 0 6
3502 4 4 3 5
3503 0 3 5 3
3504 0 1 1 2
3505 2 2 1 3
3506 4 1 1 2
3507 4 2 3 4
3508 4 4 1 6
3509 1 4 2 7
3510 3 1 2 2
3511 4 3 4 5
3512 3 5 4 8
3513 9 3 2 4
3514 5 9 0 11
3515 4 4 2 4
3516 2 4 1 5
3517 1 2 0 4
3518 0 0 1 0
3519 5 0 2 2
3520 10 5 1 7
3521 2 8 5 12
3522 4 2 0 2
3523 6 2 1 10
3524 6 9 0 14
3525 10 8 2 10
3526 5 12 3 14
3527 4 5 5 6
3528 4 6 1 10
3529 4 5 5 6
3530 4 3 0 9
3531 4 7 3 10
3532 10 8 3 9
3533 7 10 0 13
3534 7 3 0 9
3535 8 2 4 5
3536 9 6 2 12
3537 5 7 5 9
3538 4 1 1 4
3539 3 3 1 9
3540 4 2 2 5
3541 3 5 1 8
3542 5 3 0 5
3543 6 6 5 8
3544 4 7 2 8
3545 5 3 1 5
3546 10 3 4 5
3547 14 7 1 11
3548 12 10 3 14
3549 6 8 6 12
3550 3 3 2 9
3551 11 4 3 8
3552 7 11 1 16
3553 14 5 3 9
3554 13 10 5 14
3555 3 13 5 18
3556 6 4 0 8
3557 8 5 2 7
3558 5 4 1 6
3559 2 2 3 5
3560 4 2 1 2
3561 3 1 4 1
3562 7 2 2 4
3563 4 6 1 8
3564 2 2 0 4
3565 3 0 1 4
3566 2 3 0 4
3567 2 2 0 3
3568 5 2 0 3
3569 3 2 2 7
3570 3 3 1 5
3571 4 4 1 5
3572 4 4 1 6
3573 8 1 2 1
3574 4 4 6 6
3575 5 4 0 5
3576 3 4 4 6
3577 4 2 2 3
3578 6 3 2 4
3579 5 6 3 8
3580 4 5 1 9
3581 6 4 2 5
3582 7 5 1 7
3583 1 5 1 9
3584 3 2 2 2
3585 4 2 0 3
3586 5 0 3 3
3587 11 4 0 6
3588 5 7 3 9
3589 6 2 1 5
3590 2 3 1 5
3591 4 1 0 4
3592 3 1 0 3
3593 9 1 1 3
3594 7 8 0 11
3595 2 7 3 8
3596 3 3 1 4
3597 1 2 1 4
3598 5 2 2 4
3599 8 5 0 6
3600 4 7 2 9
3601 3 4 2 5
3602 5 2 3 4
3603 4 6 1 9
3604 10 6 0 8
3605 9 7 3 12
3606 8 8 3 9
3607 8 6 4 7
3608 7 5 2 10
3609 9 7 1 12
3610 7 9 0 12
3611 5 5 0 7
3612 2 2 1 4
3613 2 0 0 1
3614 0 1 2 3
3615 3 2 2 3
3616 4 8 1 10
3617 2 4 1 5
3618 3 4 4 5
3619 2 8 2 8
3620 2 5 0 8
3621 3 7 1 9
3622 3 5 1 7
3623 1 2 0 3
3624 1 0 0 2
3625 2 0 0 0
3626 0 1 0 2
3627 1 0 1 0
3628 1 0 0 0
3629 1 0 2 0
3630 2 1 0 2
3631 1 3 1 3
3632 1 0 1 0
3633 1 1 0 1
3634 0 0 1 2
3635 1 1 0 1
3636 0 2 0 2
3637 2 0 0 0
3638 2 1 0 2
3639 1 2 0 3
3640 1 0 0 1
3641 2 1 0 1
3642 2 1 0 1
3643 0 0 1 2
3644 1 1 0 1
3645 1 1 0 2
3646 2 1 1 1
3647 1 1 1 1
3648 1 1 1 3
3649 1 1 0 2
3650 1 0 2 0
3651 1 0 3 1
3652 1 1 0 1
3653 1 0 0 2
3654 1 0 0 1
3655 0 0 2 1
3656 2 1 3 3
3657 1 5 1 5
3658 2 4 0 6
3659 2 3 2 5
3660 3 5 0 6
3661 0 3 1 3
3662 0 0 1 1
3663 2 1 0 2
3664 1 4 1 4
3665 3 2 1 2
3666 0 3 1 4
3667 3 0 0 0
3668 1 0 2 1
3669 3 0 0 3
3670 1 3 2 3
3671 1 1 0 1
3672 4 1 0 1
3673 1 2 1 4
3674 2 2 0 3
3675 2 1 0 2
3676 0 0 0 2
3677 0 0 1 0
3678 1 1 0 2
3679 3 0 0 0
3680 4 1 0 3
3681 7 1 1 4
3682 3 7 1 7
3683 5 2 1 3
3684 5 5 1 6
3685 2 7 1 8
3686 1 2 1 4
3687 0 2 2 3
3688 1 0 0 1
3689 2 0 1 3
3690 1 3 0 4
3691 3 1 0 2
3692 4 1 0 2
3693 4 2 2 2
3694 2 2 2 2
3695 2 1 2 4
3696 3 3 1 3
3697 1 4 1 5
3698 2 2 0 3
3699 2 1 1 1
3700 6 1 2 4
3701 1 4 2 7
3702 2 2 1 4
3703 1 4 1 6
3704 0 3 0 3
3705 1 1 0 3
3706 0 1 1 1
3707 1 1 1 3
3708 2 1 1 1
3709 3 1 1 3
3710 1 3 1 4
3711 0 3 1 3
3713 0 0 0 1
3714 0 1 0 1
3715 2 1 1 1
3716 2 1 0 2
3717 0 1 2 1
3719 0 0 1 0
3720 0 0 2 0
3721 0 0 1 0
3722 3 0 0 1
3723 2 2 1 3
3724 0 2 1 5
3725 1 3 0 4
3726 1 0 2 0
3727 0 1 2 2
3728 1 1 2 2
3729 7 4 0 6
3730 5 8 3 10
3731 1 4 2 5
3732 7 2 0 3
3733 8 6 1 9
3734 3 5 1 10
3735 2 2 3 4
3736 7 3 1 3
3737 0 9 0 11
3738 0 2 0 3
3739 1 0 0 0
3740 3 0 1 0
3741 0 2 2 3
3742 3 0 0 0
3743 2 0 0 2
3744 4 1 3 1
3745 4 2 1 5
3746 5 3 2 5
3747 5 5 1 9
3748 2 7 1 9
3749 2 3 2 4
3750 3 3 1 5
3751 6 2 1 4
3752 2 3 1 7
3753 1 2 2 3
3754 3 1 0 3
3755 3 3 3 4
3756 3 5 0 6
3757 5 3 1 5
3758 0 6 1 8
3759 1 2 1 2
3760 1 1 0 1
3761 2 0 0 1
3762 1 1 2 1
3763 7 2 0 5
3764 2 9 3 10
3765 0 6 2 8
3766 1 3 1 3
3767 3 4 3 5
3768 4 5 0 7
3769 3 4 0 6
3770 5 3 0 4
3771 3 4 1 7
3772 2 2 0 2
3773 2 0 1 1
3774 2 1 2 1
3775 5 1 0 3
3776 1 5 1 6
3777 4 0 0 1
3778 3 3 2 5
3779 0 3 0 4
3780 1 1 1 1
3781 2 1 0 2
3782 2 3 0 5
3783 4 3 0 5
3784 4 2 1 3
3785 2 3 3 3
3786 1 1 1 1
3787 4 1 1 2
3788 0 4 1 5
3790 0 0 0 3
3791 4 1 1 1
3792 2 4 2 4
3793 5 2 2 2
3794 4 4 0 5
3795 3 2 1 5
3796 4 3 2 3
3797 5 4 0 6
3798 4 2 2 3
3799 6 3 1 6
3800 2 5 1 7
3801 4 2 1 4
3802 4 4 2 5
3803 5 3 2 3
3804 5 5 1 6
3805 1 3 3 7
3806 0 3 0 3
3807 2 0 2 1
3808 0 2 3 3
3809 3 0 0 1
3810 1 1 1 5
3811 0 2 2 4
3812 2 0 1 0
3813 2 0 1 3
3814 3 0 0 4
3815 2 3 3 5
3816 2 3 2 3
3817 3 4 1 4
3818 3 4 0 6
3819 2 5 1 7
3820 4 4 0 6
3821 8 6 0 7
3822 4 6 2 9
3823 5 4 0 5
3824 5 3 1 5
3825 3 4 0 5
3826 4 2 0 4
3827 2 4 2 5
3828 1 3 0 5
3829 4 1 0 3
3830 1 2 0 6
3831 1 1 0 2
3832 4 0 1 2
3833 1 5 1 6
3834 3 3 0 4
3835 2 3 0 3
3836 0 2 0 3
3837 3 1 0 2
3838 6 1 3 3
3839 5 6 1 7
3840 2 5 4 6
3841 2 2 1 4
3842 1 3 0 3
3843 1 1 3 2
3844 2 2 0 5
3845 1 2 0 5
3846 2 2 0 4
3847 0 3 1 3
3848 3 1 1 1
3849 4 3 1 5
3850 4 2 1 4
3851 2 4 0 8
3852 3 4 0 5
3853 2 2 2 2
3854 0 1 2 3
3855 1 1 0 1
3856 2 2 1 4
3857 0 3 0 3
3860 2 0 0 1
3861 2 1 0 2
3862 2 1 1 1
3863 0 2 0 2
3864 0 0 0 1
3866 1 0 0 0
3867 1 0 2 0
3868 0 2 0 3
3869 0 2 0 2
3870 2 2 0 3
3871 0 5 0 5
3873 0 0 0 1
3874 1 1 0 1
3875 1 1 1 2
3876 3 1 0 2
3877 1 3 0 4
3878 0 2 0 2
3879 4 0 0 0
3880 4 3 4 4
3881 1 6 1 7
3882 1 4 2 4
3883 1 2 0 3
3884 3 1 1 3
3885 2 3 1 3
3886 5 1 0 2
3887 2 2 1 6
3888 0 4 1 6
3889 0 2 0 2
3890 1 0 1 2
3891 2 1 1 1
3892 0 1 1 3
3893 2 1 0 1
3894 2 2 0 2
3895 1 1 2 1
3896 0 1 0 1
3897 1 0 1 1
3898 1 1 0 1
3899 0 0 0 1
3900 1 0 0 0
3901 0 1 0 2
3903 0 0 1 1
3907 2 0 0 0
3908 0 0 2 1
3909 1 1 0 2
3910 0 1 0 1
3913 0 0 0 1
3914 0 1 0 1
3915 0 1 0 1
3918 1 0 0 0
3919 0 0 0 1
3921 2 0 0 0
3922 3 1 1 2
3923 1 2 1 2
3924 0 0 1 0
3925 0 0 0 2
3926 1 1 0 2
3927 0 0 1 0
3928 1 0 0 1
3929 1 1 1 1
3930 1 2 0 4
3931 4 3 1 3
3932 2 5 1 6
3933 1 3 2 4
3934 0 2 3 3
3935 0 4 0 5
3936 1 1 0 1
3937 1 1 0 2
3938 2 0 1 0
3939 0 1 1 1
3941 0 0 1 0
3942 0 1 1 1
3943 0 0 2 0
3944 2 1 0 1
3945 0 0 2 1
3946 2 0 0 0
3947 1 1 2 4
3948 7 3 0 3
3949 1 6 1 6
3950 0 1 0 2
3953 2 0 0 2
3954 1 1 0 1
3955 1 0 0 1
3956 0 1 0 1
3958 2 0 1 0
3959 0 3 0 4
3960 0 0 0 1
3961 0 0 2 0
3962 0 1 1 1
3963 2 1 0 1
3964 3 2 0 4
3965 2 3 1 5
3966 4 3 1 3
3967 4 4 2 4
3968 0 5 0 6
3969 0 1 0 3
3970 2 0 0 0
3971 1 1 1 2
3972 0 2 0 2
3973 1 0 0 0
3974 2 0 0 0
3975 1 0 3 1
3976 0 1 2 1
3977 1 0 0 1
3978 1 1 0 2
3979 1 0 1 0
3980 2 1 0 1
3981 3 1 3 4
3982 2 4 0 6
3983 0 3 0 3
3984 1 0 0 2
3985 1 1 0 1
3986 0 0 1 0
3987 0 0 1 0
3988 2 1 2 1
3989 4 1 0 2
3990 6 3 2 4
3991 2 6 1 9
3992 1 3 1 3
3993 1 1 2 1
3994 0 1 1 1
3995 1 1 0 4
3996 0 3 1 3
3997 0 3 0 3
3998 1 1 0 1
3999 1 0 0 2
4000 0 0 0 1
4005 0 0 1 0
4006 0 0 0 1
4007 1 1 0 1
4008 0 2 0 3
4010 0 0 0 1
4011 0 1 0 1
4017 1 0 0 0
4018 2 0 2 0
4019 1 3 0 3
4020 0 0 1 0
4022 1 0 0 1
4023 0 2 0 2
4024 1 1 0 1
4025 1 1 0 1
4026 2 1 0 1
4027 1 1 0 2
4028 1 0 0 0
4029 1 0 0 0
4030 1 0 0 0
4031 1 0 0 1
4032 0 1 0 1
4033 2 0 0 0
4034 1 0 2 0
4035 0 0 1 1
4037 1 0 0 1
4038 2 0 0 0
4039 2 0 1 1
4040 1 1 0 3
4041 0 2 1 2
4042 1 1 1 1
4043 2 2 1 2
4044 0 3 1 4
4045 1 1 0 1
4046 3 0 0 0
4047 1 2 0 2
4048 0 0 0 1
4053 1 0 0 0
4054 1 1 0 1
4055 2 1 1 1
4056 0 1 0 2
4057 1 0 2 0
4058 0 1 0 2
4059 1 0 1 0
4060 5 0 0 0
4061 1 2 1 5
4062 0 2 1 2
4063 1 1 1 1
4064 1 3 1 3
4065 0 2 1 3
4066 5 0 2 0
4067 1 4 0 5
4068 1 1 0 3
4069 2 1 0 3
4070 0 2 0 3
4071 3 0 0 0
4072 3 2 0 4
4073 1 4 0 4
4074 3 1 0 1
4075 3 1 2 1
4076 1 3 1 6
4077 4 2 0 3
4078 5 3 1 3
4079 5 1 0 3
4080 1 3 1 4
4081 2 0 0 1
4082 2 1 0 2
4083 3 0 0 1
4084 2 1 0 3
4085 1 2 1 2
4086 1 1 0 2
4087 0 2 0 2
4089 1 0 1 1
4090 1 1 0 1
4091 1 1 0 2
4092 3 0 1 1
4093 0 3 1 4
4094 0 0 1 0
4095 1 1 0 1
4096 2 2 0 2
4097 1 3 1 5
4098 2 2 1 2
4099 0 3 2 6
4100 0 3 0 3
4101 1 3 0 4
4102 3 2 0 2
4103 2 1 2 1
4104 0 2 0 2
4105 1 0 1 2
4106 1 2 1 2
4107 1 1 0 1
4108 0 1 1 3
4109 1 0 0 0
4110 0 0 0 1
4114 1 0 0 0
4115 0 0 0 1
4118 2 0 0 2
4119 2 2 0 3
4120 2 1 0 1
4121 0 1 0 3
4125 0 0 0 1
4126 0 1 1 1
4132 1 0 0 0
4133 1 1 0 1
4134 2 1 1 2
4135 2 3 0 3
4136 0 3 0 4
4137 0 1 0 1
4138 0 1 0 1
4140 0 0 0 2
4141 0 1 1 1
4142 1 1 1 2
4143 4 2 0 2
4144 1 3 2 3
4145 2 0 0 1
4146 1 2 1 2
4147 0 0 1 1
4148 3 0 0 0
4149 1 2 0 4
4150 1 2 0 3
4151 0 1 0 2
4152 1 0 0 0
4153 1 0 1 0
4154 0 0 0 1
4155 1 0 1 0
4156 5 2 0 2
4157 2 5 0 5
4158 2 1 0 1
4159 2 1 0 1
4160 2 1 0 1
4161 0 1 1 2
4163 2 0 0 1
4164 3 1 0 1
4165 4 0 1 0
4166 2 0 0 3
4167 0 0 1 1
4169 0 0 1 0
4170 0 1 0 1
4176 1 0 0 1
4177 1 2 0 2
4178 1 1 0 2
4179 0 1 0 1
4181 3 0 0 1
4182 3 3 2 4
4183 5 3 1 3
4184 10 2 1 4
4185 4 7 2 8
4186 4 2 1 4
4187 5 1 0 2
4188 1 2 3 3
4189 0 0 2 0
4190 6 0 0 2
4191 2 6 2 8
4192 1 4 0 4
4193 0 1 0 3
4194 0 2 0 2
4195 0 0 0 1
4196 0 1 0 2
4197 1 1 1 1
4198 3 2 0 3
4199 0 4 0 5
4200 5 2 1 2
4201 0 6 1 6
4202 4 0 0 0
4203 1 2 2 4
4204 1 0 0 0
4205 2 0 0 1
4206 1 0 1 2
4207 0 2 0 2
4210 0 0 1 0
4212 0 0 1 0
4216 1 0 1 0
4217 0 1 0 1
4218 0 0 0 1
4219 1 0 0 0
4220 3 0 0 1
4221 1 3 0 3
4222 1 0 0 1
4223 1 0 0 0
4224 0 0 1 1
4225 1 0 1 0
4226 0 2 1 2
4228 1 0 0 0
4229 2 0 2 0
4230 1 2 0 3
4231 0 2 0 2
4238 0 0 0 1
4239 0 1 0 1
4240 0 1 0 1
4242 0 0 0 1
4243 1 1 1 1
4244 0 1 0 1
4245 1 0 1 0
4246 1 2 0 2
4247 0 2 0 2
4248 0 0 0 1
4249 0 1 0 1
4250 0 1 0 1
4251 0 1 0 1
4257 0 0 0 2
4258 0 1 0 1
4259 0 1 0 1
4260 1 0 0 0
4261 0 0 0 1
4264 2 0 0 0
4265 0 1 2 1
4267 2 0 0 1
4268 0 2 1 3
4270 3 0 0 1
4271 0 2 2 3
4272 0 1 1 1
4273 2 1 0 1
4274 3 1 0 1
4275 0 1 1 3
4276 0 0 1 1
4277 0 1 0 1
4278 1 0 0 0
4279 1 0 0 1
4280 0 1 0 2
4289 1 0 0 0
4290 1 0 0 0
4291 2 0 1 0
4292 2 2 0 2
4293 1 1 0 2
4294 1 0 0 0
4295 2 0 0 0
4296 2 0 0 1
4297 2 1 0 1
4298 1 0 1 0
4299 0 0 0 1
4302 0 0 1 0
4303 1 0 0 1
4304 0 2 0 2
4305 0 1 1 1
4306 1 1 1 1
4307 0 1 0 2
4308 1 0 0 0
4309 0 1 1 2
4310 1 0 0 0
4311 0 1 0 2
4314 0 0 0 1
4315 1 1 0 1
4316 0 1 0 1
4322 1 0 0 0
4323 0 1 0 2
4325 0 0 0 1
4326 0 1 0 1
4327 0 1 0 1
4334 0 0 0 1
4335 1 0 0 0
4336 2 0 0 0
4337 2 1 0 1
4338 1 1 1 1
4339 1 0 0 1
4340 0 1 0 1
4343 1 0 0 0
4344 0 0 0 1
4346 2 0 0 0
4347 2 2 1 2
4348 2 2 0 3
4349 2 2 1 3
4350 2 1 1 1
4351 0 2 0 2
4352 3 0 0 1
4353 0 2 0 3
4356 1 0 0 0
4357 0 0 0 1
4358 0 0 1 0
4360 2 0 0 1
4361 1 2 0 2
4362 0 1 0 1
4363 1 0 1 0
4364 0 2 0 2
4366 1 0 0 1
4367 0 0 0 1
4370 1 0 0 0
4371 0 0 1 0
4378 0 0 0 1
4385 1 0 0 0
4386 0 0 0 1
4392 0 0 1 0
4393 0 1 0 1
4394 1 1 0 1
4395 0 1 0 2
4396 1 0 1 0
4397 1 1 1 1
4398 0 1 0 2
4400 1 0 0 0
4401 1 0 0 1
4402 0 1 0 1
4413 0 0 0 1
4428 0 0 1 0
4429 0 1 0 1
4430 0 0 0 1
4431 2 1 0 1
4432 0 2 0 2
4448 1 0 0 0
4449 2 0 0 0
4450 3 1 0 1
4451 3 2 1 3
4452 2 3 0 3
4453 0 2 0 2
4456 0 0 0 1
4457 0 1 0 1
4458 0 1 0 1
4459 0 1 0 1
4462 1 0 0 0
4463 0 0 1 0
4464 0 0 0 1
4465 1 1 0 1
4466 0 1 0 1
4469 1 0 0 0
4470 3 1 0 1
4471 3 3 0 4
4472 1 4 0 4
4473 0 1 0 1
4507 0 0 1 0
4509 1 0 0 0
4510 1 0 0 0
4511 2 0 0 1
4512 3 1 0 2
4513 2 3 1 3
4514 0 2 0 3
4515 0 1 0 1
4517 1 0 0 0
4518 2 0 0 0
4519 1 1 1 1
4520 0 1 1 1
4521 0 1 0 1
4522 1 0 1 0
4523 1 0 0 0
4524 1 0 0 1
4525 1 0 1 0
4526 0 0 1 1
4528 0 0 0 1
4529 1 0 0 0
4530 0 0 0 1
4537 0 0 0 1
4541 0 0 0 1
4542 0 1 0 1
4543 2 1 0 1
4544 0 2 0 2
4548 0 0 0 1
4552 0 0 0 1
4553 0 1 0 1
4572 0 0 1 0
4573 1 1 0 1
4574 2 0 0 0
4575 1 1 0 2
4576 0 1 0 1
4579 0 0 0 1
4581 0 0 1 0
4583 0 0 0 1
4584 0 0 0 1
4586 1 0 0 0
4587 1 1 0 2
4588 0 2 0 2
4589 0 1 0 1
4592 0 0 1 0
4594 0 0 1 0
4595 1 0 0 1
4596 0 1 0 1
4604 1 0 0 0
4605 1 1 0 1
4606 0 0 0 1
4626 0 0 1 0
4628 1 0 0 0
4629 1 0 1 0
4630 1 0 0 0
4631 0 0 1 0
4634 1 0 0 0
4635 2 1 0 2
4636 0 2 0 2
4639 1 0 0 0
4640 1 0 0 0
4641 1 0 1 0
4642 1 0 1 0
4643 2 1 0 1
4644 0 2 0 3
4645 0 1 0 1
4692 1 0 0 0
4693 2 1 0 1
4694 2 1 0 1
4695 1 1 0 1
4696 1 0 0 0
4697 2 0 0 0
4698 0 0 1 1
4747 1 0 0 0
4748 1 0 0 0
4749 1 0 0 0
4750 1 0 0 2
4751 1 1 0 1
4752 0 1 0 1
4758 0 0 0 1
4759 1 1 0 1
4760 1 2 0 2
4761 0 2 0 2
5164 0 0 1 0
5165 0 1 0 1
5166 0 1 0 1
5167 0 1 0 1
5168 0 1 0 1
5169 0 1 0 1
5170 1 1 0 1
5171 1 2 0 2
5172 0 1 0 1
5181 1 0 0 0
5182 0 0 1 1
5183 0 1 0 1
5184 1 1 0 2
5185 1 3 0 3
5186 1 2 0 2
5187 0 2 0 2
5188 0 1 0 1
5190 0 0 0 1
5191 1 1 0 1
5192 0 1 0 1
5245 0 0 1 0
5247 1 0 0 0
5248 0 0 1 0
5337 1 0 0 0
5338 1 0 0 0
5339 1 0 0 0
5340 0 0 1 0
5342 0 0 0 1
5343 1 1 1 1
5344 1 0 0 0
5345 1 0 0 1
5346 2 0 0 0
5347 3 0 0 0
5348 1 0 2 0
5349 0 0 0 1
5361 0 0 1 0
5362 3 0 0 0
5363 2 2 0 2
5364 1 0 2 0
5365 0 0 0 1
5367 1 0 0 1
5368 1 2 0 2
5369 0 2 0 2
5378 0 0 1 0
5384 1 0 0 0
5385 0 0 0 1
5387 0 0 0 1
5388 1 0 0 0
5389 0 0 0 1
5398 0 0 1 0
5404 1 0 0 0
5405 3 1 0 1
5406 2 2 0 2
5407 2 1 0 1
5408 0 1 1 1
5415 1 0 0 0
5416 1 0 0 0
5417 1 0 1 0
5418 0 1 0 1
5421 1 0 0 0
5422 2 0 0 0
5423 1 1 0 2
5424 0 1 0 1
5430 0 0 1 0
5431 0 1 0 1
5448 0 0 0 1
5459 1 0 0 0
5460 0 0 1 0
5461 0 0 1 0
5462 1 0 1 0
5463 0 1 1 1
5464 0 1 0 1
5465 0 1 0 1
5466 1 0 0 0
5467 0 0 0 1
5519 0 0 1 0
5520 0 1 0 1
5539 1 0 0 0
5540 0 0 1 0
5557 1 0 0 0
5558 0 0 1 0
5569 0 0 1 0
5571 1 0 0 0
5572 0 0 2 0
5573 0 0 0 1
5575 0 0 0 1
5576 1 1 0 1
5577 0 1 0 1
5578 0 0 0 1
5579 0 1 0 1
5581 0 0 1 0
5583 1 0 0 0
5584 0 0 0 1
5604 2 0 0 0
5605 0 2 0 3
5606 0 1 0 1
5607 0 1 0 1
5624 1 0 0 0
5625 0 0 1 0
5627 1 0 0 0
5628 1 0 0 0
5629 0 0 0 1
