1 62039
2 19993
3 11935
4 7806
5 5622
6 4203
7 3457
8 2753
9 2257
10 1893
11 1680
12 1507
13 1325
14 1152
15 997
16 972
17 874
18 760
19 728
20 629
21 657
22 551
23 496
24 510
25 466
26 467
27 365
28 393
29 335
30 331
31 311
32 319
33 285
34 293
35 272
36 256
37 235
38 243
39 242
40 224
41 185
42 190
43 180
44 191
45 166
46 156
47 155
48 168
49 160
50 133
51 147
52 132
53 124
54 131
55 141
56 127
57 117
58 125
59 110
60 105
61 103
62 100
63 101
64 89
65 104
66 96
67 105
68 95
69 88
70 82
71 73
72 79
73 81
74 78
75 77
76 64
77 49
78 69
79 52
80 70
81 63
82 58
83 61
84 48
85 58
86 67
87 50
88 55
89 48
90 59
91 54
92 61
93 54
94 57
95 56
96 46
97 44
98 37
99 33
100 43
101 59
102 42
103 40
104 45
105 48
106 43
107 42
108 47
109 35
110 46
111 50
112 40
113 41
114 27
115 41
116 43
117 31
118 22
119 33
120 38
121 31
122 38
123 31
124 23
125 29
126 24
127 35
128 24
129 37
130 24
131 21
132 33
133 18
134 28
135 27
136 26
137 31
138 40
139 26
140 31
141 27
142 21
143 24
144 10
145 29
146 24
147 20
148 34
149 21
150 23
151 17
152 20
153 18
154 21
155 17
156 12
157 28
158 23
159 15
160 13
161 25
162 18
163 26
164 18
165 24
166 29
167 23
168 15
169 21
170 12
171 13
172 14
173 21
174 14
175 17
176 17
177 13
178 18
179 15
180 18
181 15
182 13
183 10
184 17
185 18
186 23
187 18
188 20
189 16
190 17
191 12
192 20
193 12
194 12
195 12
196 19
197 14
198 8
199 18
200 8
201 15
202 14
203 11
204 14
205 10
206 16
207 14
208 14
209 8
210 13
211 6
212 7
213 7
214 9
215 9
216 7
217 12
218 8
219 13
220 3
221 11
222 7
223 8
224 15
225 4
226 5
227 11
228 4
229 3
230 8
231 14
232 9
233 9
234 11
235 12
236 9
237 9
238 7
239 14
240 3
241 8
242 4
243 14
244 4
245 4
246 5
247 12
248 4
249 9
250 10
251 8
252 13
253 8
254 6
255 7
256 10
257 6
258 8
259 9
260 7
261 5
262 8
263 10
264 9
265 3
266 11
267 6
268 5
269 6
270 9
271 8
272 5
273 2
274 6
275 6
276 7
277 6
278 7
279 7
280 6
281 6
282 5
283 4
284 5
285 2
286 4
287 8
288 8
289 8
290 3
291 8
292 2
293 9
294 6
295 5
296 6
297 4
298 7
299 5
300 7
301 8
302 3
303 7
304 4
305 4
306 6
307 6
308 2
309 2
310 6
311 9
312 5
313 2
314 5
315 7
316 2
317 3
318 3
319 6
320 8
321 1
322 8
323 1
324 2
325 5
326 5
327 3
328 5
329 6
330 1
331 8
332 7
333 4
334 6
335 4
336 2
337 6
338 3
339 2
340 8
341 6
342 3
343 5
344 3
345 4
346 2
347 4
348 5
349 6
350 2
351 3
352 5
353 7
354 5
355 5
356 4
357 3
358 4
359 4
360 1
361 2
362 6
363 2
364 8
365 2
366 3
367 4
368 8
369 1
370 4
371 2
372 3
373 3
374 3
375 3
376 3
377 1
378 4
379 3
380 4
381 4
382 2
383 3
384 7
385 1
386 3
387 4
388 1
389 1
390 4
391 2
392 1
393 6
394 1
395 3
396 3
397 1
398 2
399 2
400 6
401 4
402 2
403 4
404 4
405 2
406 1
407 4
408 3
409 1
410 2
411 6
412 3
413 5
414 3
415 4
416 4
417 4
418 2
419 3
420 0
421 0
422 4
423 0
424 3
425 1
426 1
427 2
428 0
429 2
430 5
431 4
432 2
433 1
434 3
435 1
436 3
437 1
438 2
439 2
440 1
441 3
442 0
443 2
444 4
445 1
446 3
447 2
448 2
449 3
450 1
451 2
452 0
453 0
454 1
455 1
456 0
457 0
458 2
459 4
460 2
461 3
462 1
463 0
464 0
465 0
466 2
467 3
468 3
469 2
470 2
471 1
472 0
473 2
474 1
475 1
476 2
477 1
478 1
479 2
480 5
481 1
482 1
483 4
484 2
485 1
486 0
487 0
488 1
489 3
490 1
491 2
492 3
493 2
494 2
495 2
496 2
497 1
498 3
499 0
500 1
501 2
502 1
503 1
504 2
505 3
506 2
507 0
508 1
509 3
510 1
511 2
512 1
513 2
514 3
515 2
516 3
517 0
518 1
519 1
520 3
521 0
522 1
523 2
524 2
525 0
526 2
527 3
528 1
529 0
530 1
531 1
532 2
533 1
534 0
535 3
536 2
537 2
538 1
539 0
540 0
541 2
542 1
543 1
544 0
545 2
546 3
547 1
548 1
549 1
550 2
551 3
552 1
553 2
554 1
555 1
556 1
557 0
558 1
559 0
560 1
561 1
562 1
563 0
564 0
565 2
566 4
567 1
568 1
569 0
570 1
571 2
572 0
573 0
574 0
575 2
576 1
577 2
578 1
579 1
580 0
581 1
582 2
583 1
584 0
585 0
586 0
587 1
588 0
589 1
590 2
591 2
592 1
593 0
594 2
595 0
596 1
597 2
598 0
599 0
600 0
601 1
602 0
603 0
604 2
605 0
606 1
607 1
608 3
609 0
610 0
611 1
612 1
613 1
614 0
615 1
616 1
617 1
618 3
619 0
620 1
621 0
622 0
623 0
624 2
625 0
626 1
627 1
628 1
629 1
630 0
631 0
632 0
633 0
634 0
635 0
636 1
637 0
638 0
639 0
640 0
641 3
642 1
643 0
644 0
645 0
646 0
647 1
648 0
649 0
650 0
651 0
652 1
653 0
654 1
655 2
656 0
657 0
658 0
659 1
660 0
661 2
662 0
663 1
664 1
665 1
666 1
667 0
668 0
669 0
670 0
671 2
672 0
673 0
674 0
675 2
676 2
677 1
678 1
679 0
680 1
681 0
682 1
683 2
684 1
685 2
686 0
687 1
688 0
689 1
690 2
691 0
692 0
693 1
694 1
695 0
696 1
697 0
698 0
699 0
700 1
701 1
702 0
703 0
704 0
705 0
706 0
707 0
708 0
709 1
710 0
711 0
712 1
713 0
714 2
715 0
716 0
717 0
718 0
719 0
720 0
721 1
722 0
723 0
724 0
725 0
726 0
727 2
728 0
729 1
730 0
731 1
732 0
733 0
734 1
735 1
736 2
737 1
738 0
739 1
740 2
741 0
742 1
743 0
744 1
745 0
746 0
747 0
748 1
749 1
750 0
751 0
752 1
753 0
754 2
755 1
756 0
757 1
758 0
759 0
760 0
761 0
762 0
763 0
764 0
765 1
766 0
767 0
768 0
769 0
770 0
771 0
772 0
773 0
774 0
775 0
776 1
777 0
778 1
779 0
780 0
781 0
782 0
783 0
784 0
785 0
786 0
787 1
788 0
789 0
790 0
791 0
792 0
793 0
794 0
795 2
796 0
797 1
798 0
799 0
800 0
801 1
802 1
803 1
804 0
805 0
806 0
807 0
808 0
809 0
810 1
811 0
812 0
813 0
814 0
815 1
816 0
817 1
818 0
819 0
820 0
821 0
822 0
823 0
824 0
825 0
826 0
827 0
828 1
829 0
830 1
831 0
832 0
833 0
834 0
835 1
836 0
837 0
838 0
839 1
840 0
841 1
842 0
843 0
844 0
845 0
846 0
847 0
848 0
849 0
850 0
851 1
852 0
853 1
854 3
855 0
856 0
857 1
858 0
859 0
860 0
861 0
862 0
863 0
864 0
865 1
866 1
867 0
868 1
869 0
870 0
871 0
872 0
873 0
874 1
875 0
876 0
877 0
878 0
879 0
880 0
881 0
882 2
883 0
884 1
885 1
886 0
887 0
888 0
889 0
890 0
891 0
892 0
893 0
894 1
895 0
896 0
897 0
898 0
899 0
900 1
901 0
902 1
903 0
904 0
905 0
906 1
907 1
908 1
909 0
910 0
911 0
912 1
913 0
914 0
915 1
916 0
917 0
918 0
919 0
920 0
921 0
922 1
923 0
924 0
925 0
926 0
927 0
928 0
929 0
930 0
931 0
932 0
933 0
934 0
935 0
936 0
937 0
938 0
939 0
940 1
941 0
942 0
943 0
944 0
945 0
946 0
947 0
948 0
949 0
950 0
951 1
952 1
953 0
954 0
955 1
956 1
957 0
958 0
959 0
960 0
961 0
962 0
963 0
964 0
965 0
966 0
967 0
968 0
969 0
970 0
971 1
972 0
973 0
974 0
975 0
976 0
977 1
978 0
979 0
980 0
981 2
982 0
983 0
984 1
985 1
986 0
987 0
988 0
989 0
990 0
991 0
992 0
993 0
994 1
995 1
996 0
997 0
998 1
999 0
1000 0
1001 0
1002 1
1003 1
1004 0
1005 0
1006 0
1007 0
1008 0
1009 0
1010 0
1011 0
1012 0
1013 0
1014 0
1015 0
1016 0
1017 0
1018 1
1019 0
1020 2
1021 0
1022 1
1023 0
1024 0
1025 0
1026 0
1027 0
1028 0
1029 0
1030 0
1031 0
1032 0
1033 0
1034 0
1035 0
1036 1
1037 0
1038 0
1039 0
1040 0
1041 0
1042 0
1043 0
1044 0
1045 0
1046 0
1047 0
1048 0
1049 0
1050 1
1051 0
1052 1
1053 0
1054 0
1055 0
1056 0
1057 0
1058 0
1059 0
1060 0
1061 1
1062 0
1063 0
1064 0
1065 0
1066 0
1067 0
1068 0
1069 1
1070 0
1071 1
1072 0
1073 0
1074 0
1075 0
1076 0
1077 0
1078 1
1079 0
1080 0
1081 0
1082 0
1083 0
1084 0
1085 0
1086 0
1087 0
1088 0
1089 0
1090 0
1091 0
1092 1
1093 0
1094 0
1095 0
1096 0
1097 1
1098 0
1099 0
1100 0
1101 0
1102 0
1103 0
1104 0
1105 0
1106 0
1107 0
1108 0
1109 0
1110 0
1111 0
1112 0
1113 0
1114 0
1115 0
1116 0
1117 0
1118 0
1119 0
1120 0
1121 0
1122 0
1123 0
1124 0
1125 0
1126 0
1127 0
1128 0
1129 0
1130 0
1131 0
1132 0
1133 0
1134 0
1135 0
1136 0
1137 0
1138 0
1139 0
1140 0
1141 0
1142 0
1143 0
1144 0
1145 0
1146 0
1147 0
1148 0
1149 0
1150 0
1151 0
1152 0
1153 0
1154 0
1155 0
1156 0
1157 0
1158 0
1159 0
1160 0
1161 0
1162 0
1163 0
1164 0
1165 0
1166 0
1167 0
1168 0
1169 0
1170 0
1171 0
1172 0
1173 0
1174 0
1175 0
1176 0
1177 0
1178 0
1179 0
1180 0
1181 0
1182 0
1183 0
1184 0
1185 0
1186 0
1187 0
1188 0
1189 0
1190 0
1191 0
1192 0
1193 2
1194 0
1195 0
1196 0
1197 0
1198 1
1199 0
1200 0
1201 0
1202 0
1203 0
1204 0
1205 0
1206 0
1207 0
1208 0
1209 0
1210 0
1211 0
1212 0
1213 0
1214 1
1215 0
1216 0
1217 0
1218 0
1219 0
1220 1
1221 0
1222 0
1223 0
1224 0
1225 1
1226 0
1227 0
1228 1
1229 0
1230 0
1231 0
1232 0
1233 0
1234 0
1235 0
1236 0
1237 0
1238 0
1239 0
1240 0
1241 0
1242 0
1243 0
1244 0
1245 0
1246 0
1247 0
1248 0
1249 0
1250 0
1251 0
1252 0
1253 0
1254 0
1255 1
1256 0
1257 0
1258 0
1259 0
1260 0
1261 0
1262 0
1263 0
1264 0
1265 0
1266 0
1267 0
1268 0
1269 0
1270 0
1271 0
1272 0
1273 0
1274 0
1275 0
1276 0
1277 0
1278 0
1279 0
1280 0
1281 0
1282 1
1283 0
1284 0
1285 0
1286 0
1287 0
1288 0
1289 0
1290 0
1291 0
1292 1
1293 0
1294 0
1295 0
1296 0
1297 0
1298 0
1299 0
1300 0
1301 0
1302 0
1303 0
1304 0
1305 0
1306 0
1307 0
1308 0
1309 0
1310 0
1311 0
1312 0
1313 0
1314 0
1315 0
1316 0
1317 0
1318 0
1319 0
1320 0
1321 0
1322 0
1323 0
1324 0
1325 0
1326 0
1327 0
1328 1
1329 0
1330 0
1331 0
1332 0
1333 0
1334 0
1335 0
1336 0
1337 0
1338 0
1339 0
1340 0
1341 0
1342 0
1343 0
1344 0
1345 0
1346 0
1347 0
1348 0
1349 0
1350 1
1351 0
1352 1
1353 0
1354 0
1355 0
1356 0
1357 0
1358 0
1359 0
1360 0
1361 0
1362 0
1363 0
1364 0
1365 0
1366 0
1367 0
1368 0
1369 0
1370 0
1371 0
1372 0
1373 0
1374 0
1375 0
1376 0
1377 0
1378 0
1379 0
1380 0
1381 0
1382 0
1383 0
1384 0
1385 0
1386 0
1387 0
1388 0
1389 0
1390 0
1391 0
1392 0
1393 0
1394 0
1395 0
1396 0
1397 0
1398 0
1399 0
1400 0
1401 0
1402 0
1403 0
1404 0
1405 0
1406 0
1407 0
1408 0
1409 0
1410 0
1411 0
1412 0
1413 0
1414 0
1415 0
1416 0
1417 0
1418 0
1419 0
1420 0
1421 0
1422 0
1423 0
1424 0
1425 0
1426 0
1427 0
1428 0
1429 0
1430 0
1431 0
1432 0
1433 0
1434 0
1435 0
1436 0
1437 0
1438 0
1439 0
1440 0
1441 0
1442 0
1443 1
1444 0
1445 0
1446 0
1447 0
1448 0
1449 0
1450 0
1451 0
1452 0
1453 0
1454 0
1455 0
1456 0
1457 0
1458 0
1459 0
1460 0
1461 0
1462 0
1463 0
1464 0
1465 0
1466 0
1467 0
1468 0
1469 0
1470 0
1471 0
1472 0
1473 0
1474 0
1475 0
1476 0
1477 0
1478 0
1479 0
1480 0
1481 0
1482 0
1483 0
1484 0
1485 0
1486 0
1487 0
1488 0
1489 0
1490 0
1491 0
1492 0
1493 0
1494 0
1495 0
1496 0
1497 1
1498 0
1499 0
1500 0
1501 0
1502 0
1503 0
1504 0
1505 0
1506 0
1507 0
1508 0
1509 0
1510 0
1511 0
1512 0
1513 0
1514 0
1515 0
1516 0
1517 0
1518 0
1519 0
1520 0
1521 0
1522 0
1523 0
1524 0
1525 0
1526 0
1527 0
1528 0
1529 0
1530 0
1531 0
1532 0
1533 0
1534 0
1535 0
1536 0
1537 0
1538 0
1539 0
1540 0
1541 0
1542 0
1543 0
1544 0
1545 0
1546 0
1547 0
1548 0
1549 0
1550 0
1551 0
1552 0
1553 0
1554 0
1555 0
1556 0
1557 0
1558 0
1559 0
1560 0
1561 0
1562 0
1563 0
1564 0
1565 0
1566 0
1567 0
1568 0
1569 0
1570 0
1571 0
1572 0
1573 0
1574 1
1575 0
1576 0
1577 0
1578 0
1579 0
1580 0
1581 0
1582 0
1583 0
1584 0
1585 0
1586 0
1587 1
1588 0
1589 0
1590 0
1591 0
1592 0
1593 0
1594 0
1595 0
1596 0
1597 0
1598 0
1599 0
1600 0
1601 0
1602 0
1603 0
1604 0
1605 0
1606 0
1607 0
1608 0
1609 0
1610 0
1611 0
1612 0
1613 0
1614 0
1615 0
1616 0
1617 0
1618 0
1619 0
1620 0
1621 0
1622 0
1623 0
1624 0
1625 0
1626 0
1627 0
1628 0
1629 0
1630 0
1631 0
1632 0
1633 0
1634 0
1635 0
1636 0
1637 0
1638 0
1639 0
1640 0
1641 0
1642 0
1643 0
1644 0
1645 0
1646 0
1647 0
1648 0
1649 0
1650 0
1651 0
1652 0
1653 0
1654 0
1655 0
1656 0
1657 0
1658 0
1659 0
1660 0
1661 0
1662 0
1663 0
1664 0
1665 0
1666 0
1667 0
1668 0
1669 0
1670 0
1671 1
1672 0
1673 0
1674 0
1675 0
1676 0
1677 0
1678 0
1679 0
1680 0
1681 0
1682 1
1683 0
1684 0
1685 0
1686 0
1687 0
1688 0
1689 0
1690 0
1691 0
1692 0
1693 0
1694 0
1695 0
1696 0
1697 0
1698 0
1699 0
1700 0
1701 0
1702 1
1703 0
1704 0
1705 0
1706 0
1707 0
1708 0
1709 0
1710 0
1711 0
1712 0
1713 0
1714 0
1715 0
1716 0
1717 0
1718 0
1719 0
1720 0
1721 0
1722 0
1723 0
1724 0
1725 0
1726 0
1727 0
1728 0
1729 0
1730 0
1731 0
1732 0
1733 0
1734 0
1735 0
1736 0
1737 0
1738 0
1739 0
1740 0
1741 0
1742 0
1743 0
1744 0
1745 0
1746 0
1747 0
1748 0
1749 0
1750 0
1751 0
1752 0
1753 0
1754 0
1755 0
1756 0
1757 0
1758 0
1759 0
1760 0
1761 0
1762 0
1763 0
1764 0
1765 0
1766 0
1767 1
