1 0.1983 0.8017
2 0.3793 0.6207
3 0.4244 0.5756
4 0.451 0.549
5 0.4681 0.5319
6 0.4785 0.5215
7 0.4869 0.5131
8 0.492 0.508
9 0.4963 0.5037
10 0.4998 0.5002
11 0.502 0.498
12 0.505 0.495
13 0.5075 0.4925
14 0.5074 0.4926
15 0.5094 0.4906
16 0.5104 0.4896
17 0.5127 0.4873
18 0.5125 0.4875
19 0.5134 0.4866
20 0.5142 0.4858
21 0.5141 0.4859
22 0.5158 0.4842
23 0.5155 0.4845
24 0.5171 0.4829
25 0.5154 0.4846
26 0.515 0.485
27 0.517 0.483
28 0.5162 0.4838
29 0.5166 0.4834
30 0.5174 0.4826
31 0.5168 0.4832
32 0.518 0.482
33 0.5187 0.4813
34 0.5174 0.4826
35 0.5168 0.4832
36 0.5185 0.4815
37 0.5166 0.4834
38 0.519 0.481
39 0.5161 0.4839
40 0.5159 0.4841
41 0.5169 0.4831
42 0.5193 0.4807
43 0.5189 0.4811
44 0.5179 0.4821
45 0.5185 0.4815
46 0.5174 0.4826
47 0.5185 0.4815
48 0.5178 0.4822
49 0.5181 0.4819
50 0.517 0.483
51 0.5166 0.4834
52 0.5187 0.4813
53 0.5182 0.4818
54 0.5211 0.4789
55 0.5185 0.4815
56 0.5186 0.4814
57 0.5188 0.4812
58 0.5184 0.4816
59 0.5177 0.4823
60 0.5187 0.4813
61 0.5185 0.4815
62 0.5177 0.4823
63 0.5186 0.4814
64 0.5192 0.4808
65 0.5184 0.4816
66 0.5197 0.4803
67 0.5174 0.4826
68 0.5195 0.4805
69 0.5178 0.4822
70 0.5177 0.4823
71 0.5186 0.4814
72 0.5186 0.4814
73 0.5199 0.4801
74 0.518 0.482
75 0.5177 0.4823
76 0.518 0.482
77 0.5182 0.4818
78 0.5193 0.4807
79 0.5165 0.4835
80 0.5184 0.4816
81 0.5185 0.4815
82 0.5173 0.4827
83 0.5169 0.4831
84 0.5184 0.4816
85 0.5178 0.4822
86 0.5172 0.4828
87 0.5181 0.4819
88 0.5177 0.4823
89 0.5162 0.4838
90 0.5174 0.4826
91 0.5175 0.4825
92 0.5178 0.4822
93 0.5189 0.4811
94 0.5191 0.4809
95 0.5163 0.4837
96 0.5178 0.4822
97 0.5183 0.4817
98 0.5167 0.4833
99 0.5195 0.4805
100 0.5188 0.4812
101 0.518 0.482
102 0.5181 0.4819
103 0.5189 0.4811
104 0.5185 0.4815
105 0.5191 0.4809
106 0.5193 0.4807
107 0.517 0.483
108 0.519 0.481
109 0.5182 0.4818
110 0.5161 0.4839
111 0.5177 0.4823
112 0.5154 0.4846
113 0.5174 0.4826
114 0.5172 0.4828
115 0.5188 0.4812
116 0.5157 0.4843
117 0.5184 0.4816
118 0.5178 0.4822
119 0.5166 0.4834
120 0.5175 0.4825
121 0.5155 0.4845
122 0.5171 0.4829
123 0.5188 0.4812
124 0.5145 0.4855
125 0.5159 0.4841
126 0.5152 0.4848
127 0.5169 0.4831
128 0.5162 0.4838
129 0.5156 0.4844
130 0.5176 0.4824
131 0.515 0.485
132 0.5167 0.4833
133 0.5168 0.4832
134 0.5163 0.4837
135 0.5162 0.4838
136 0.5162 0.4838
137 0.5157 0.4843
138 0.5177 0.4823
139 0.5169 0.4831
140 0.5153 0.4847
141 0.5156 0.4844
142 0.5168 0.4832
143 0.5162 0.4838
144 0.5169 0.4831
145 0.515 0.485
146 0.518 0.482
147 0.5165 0.4835
148 0.5163 0.4837
149 0.5175 0.4825
150 0.5162 0.4838
151 0.5158 0.4842
152 0.5193 0.4807
153 0.5167 0.4833
154 0.5155 0.4845
155 0.5158 0.4842
156 0.5148 0.4852
157 0.5149 0.4851
158 0.5166 0.4834
159 0.5156 0.4844
160 0.5162 0.4838
161 0.515 0.485
162 0.5161 0.4839
163 0.5156 0.4844
164 0.5135 0.4865
165 0.514 0.486
166 0.5172 0.4828
167 0.5156 0.4844
168 0.5158 0.4842
169 0.5171 0.4829
170 0.5152 0.4848
171 0.5175 0.4825
172 0.515 0.485
173 0.5147 0.4853
174 0.5183 0.4817
175 0.5171 0.4829
176 0.5149 0.4851
177 0.5163 0.4837
178 0.5165 0.4835
179 0.5156 0.4844
180 0.5171 0.4829
181 0.5165 0.4835
182 0.5167 0.4833
183 0.5145 0.4855
184 0.5161 0.4839
185 0.5192 0.4808
186 0.5134 0.4866
187 0.5148 0.4852
188 0.5153 0.4847
189 0.5161 0.4839
190 0.5151 0.4849
191 0.5153 0.4847
192 0.5161 0.4839
193 0.5169 0.4831
194 0.5134 0.4866
195 0.5167 0.4833
196 0.5126 0.4874
197 0.5147 0.4853
198 0.5085 0.4915
199 0.5167 0.4833
200 0.5154 0.4846
201 0.5191 0.4809
202 0.5145 0.4855
203 0.5169 0.4831
204 0.5156 0.4844
205 0.5179 0.4821
206 0.5148 0.4852
207 0.5162 0.4838
208 0.5158 0.4842
209 0.5164 0.4836
210 0.5176 0.4824
211 0.515 0.485
212 0.5143 0.4857
213 0.5162 0.4838
214 0.5119 0.4881
215 0.5158 0.4842
216 0.5158 0.4842
217 0.5177 0.4823
218 0.5167 0.4833
219 0.5158 0.4842
220 0.5173 0.4827
221 0.5173 0.4827
222 0.5154 0.4846
223 0.5152 0.4848
224 0.5142 0.4858
225 0.5147 0.4853
226 0.5125 0.4875
227 0.5153 0.4847
228 0.5148 0.4852
229 0.5134 0.4866
230 0.5109 0.4891
231 0.5154 0.4846
232 0.5154 0.4846
233 0.5133 0.4867
234 0.5129 0.4871
235 0.5142 0.4858
236 0.5128 0.4872
237 0.514 0.486
238 0.5139 0.4861
239 0.5141 0.4859
240 0.5148 0.4852
241 0.5136 0.4864
242 0.5188 0.4812
243 0.5147 0.4853
244 0.5147 0.4853
245 0.5157 0.4843
246 0.5148 0.4852
247 0.5189 0.4811
248 0.5125 0.4875
249 0.5117 0.4883
250 0.5134 0.4866
251 0.5133 0.4867
252 0.5138 0.4862
253 0.5137 0.4863
254 0.5148 0.4852
255 0.514 0.486
256 0.5125 0.4875
257 0.5167 0.4833
258 0.5156 0.4844
259 0.5149 0.4851
260 0.5125 0.4875
261 0.517 0.483
262 0.5174 0.4826
263 0.5109 0.4891
264 0.5144 0.4856
265 0.5139 0.4861
266 0.5147 0.4853
267 0.513 0.487
268 0.5138 0.4862
269 0.5155 0.4845
270 0.5138 0.4862
271 0.5165 0.4835
272 0.5139 0.4861
273 0.5142 0.4858
274 0.5131 0.4869
275 0.5135 0.4865
276 0.5129 0.4871
277 0.5135 0.4865
278 0.5131 0.4869
279 0.5171 0.4829
280 0.517 0.483
281 0.5144 0.4856
282 0.5128 0.4872
283 0.5136 0.4864
284 0.515 0.485
285 0.515 0.485
286 0.5141 0.4859
287 0.5143 0.4857
288 0.5158 0.4842
289 0.5148 0.4852
290 0.5111 0.4889
291 0.5149 0.4851
292 0.5153 0.4847
293 0.5154 0.4846
294 0.5154 0.4846
295 0.5113 0.4887
296 0.5162 0.4838
297 0.5149 0.4851
298 0.515 0.485
299 0.5168 0.4832
300 0.5149 0.4851
301 0.514 0.486
302 0.5154 0.4846
303 0.5166 0.4834
304 0.514 0.486
305 0.5134 0.4866
306 0.5102 0.4898
307 0.5112 0.4888
308 0.5166 0.4834
309 0.5178 0.4822
310 0.516 0.484
311 0.5122 0.4878
312 0.5137 0.4863
313 0.5163 0.4837
314 0.5155 0.4845
315 0.5132 0.4868
316 0.5137 0.4863
317 0.5115 0.4885
318 0.5144 0.4856
319 0.5143 0.4857
320 0.5148 0.4852
321 0.5172 0.4828
322 0.5143 0.4857
323 0.5154 0.4846
324 0.5144 0.4856
325 0.5147 0.4853
326 0.5157 0.4843
327 0.5157 0.4843
328 0.5136 0.4864
329 0.5175 0.4825
330 0.5126 0.4874
331 0.5147 0.4853
332 0.5146 0.4854
333 0.5168 0.4832
334 0.5134 0.4866
335 0.5119 0.4881
336 0.5143 0.4857
337 0.5129 0.4871
338 0.5107 0.4893
339 0.5154 0.4846
340 0.5148 0.4852
341 0.5119 0.4881
342 0.5133 0.4867
343 0.5129 0.4871
344 0.5164 0.4836
345 0.5142 0.4858
346 0.5137 0.4863
347 0.513 0.487
348 0.5139 0.4861
349 0.512 0.488
350 0.5139 0.4861
351 0.5135 0.4865
352 0.5115 0.4885
353 0.5124 0.4876
354 0.5154 0.4846
355 0.5172 0.4828
356 0.5133 0.4867
357 0.5118 0.4882
358 0.5111 0.4889
359 0.5148 0.4852
360 0.5122 0.4878
361 0.5141 0.4859
362 0.5161 0.4839
363 0.5143 0.4857
364 0.513 0.487
365 0.5132 0.4868
366 0.5169 0.4831
367 0.517 0.483
368 0.5146 0.4854
369 0.5122 0.4878
370 0.513 0.487
371 0.5107 0.4893
372 0.5139 0.4861
373 0.5135 0.4865
374 0.5146 0.4854
375 0.5148 0.4852
376 0.5144 0.4856
377 0.5127 0.4873
378 0.5129 0.4871
379 0.5152 0.4848
380 0.5131 0.4869
381 0.5126 0.4874
382 0.5136 0.4864
383 0.5148 0.4852
384 0.5132 0.4868
385 0.5138 0.4862
386 0.5155 0.4845
387 0.5136 0.4864
388 0.514 0.486
389 0.5149 0.4851
390 0.5156 0.4844
391 0.5092 0.4908
392 0.5144 0.4856
393 0.5159 0.4841
394 0.5165 0.4835
395 0.5164 0.4836
396 0.5157 0.4843
397 0.5153 0.4847
398 0.5109 0.4891
399 0.5102 0.4898
400 0.5162 0.4838
401 0.5169 0.4831
402 0.5144 0.4856
403 0.5111 0.4889
404 0.5129 0.4871
405 0.511 0.489
406 0.5136 0.4864
407 0.5123 0.4877
408 0.5161 0.4839
409 0.5143 0.4857
410 0.5121 0.4879
411 0.5142 0.4858
412 0.5121 0.4879
413 0.515 0.485
414 0.5102 0.4898
415 0.5128 0.4872
416 0.5101 0.4899
417 0.5107 0.4893
418 0.5115 0.4885
419 0.5121 0.4879
420 0.5171 0.4829
421 0.5154 0.4846
422 0.5134 0.4866
423 0.5143 0.4857
424 0.5128 0.4872
425 0.5121 0.4879
426 0.5143 0.4857
427 0.5124 0.4876
428 0.5152 0.4848
429 0.5148 0.4852
430 0.5138 0.4862
431 0.5139 0.4861
432 0.5126 0.4874
433 0.5154 0.4846
434 0.5105 0.4895
435 0.5072 0.4928
436 0.5122 0.4878
437 0.5175 0.4825
438 0.5154 0.4846
439 0.5137 0.4863
440 0.5106 0.4894
441 0.5136 0.4864
442 0.5122 0.4878
443 0.5172 0.4828
444 0.5145 0.4855
445 0.5142 0.4858
446 0.5108 0.4892
447 0.5146 0.4854
448 0.5124 0.4876
449 0.511 0.489
450 0.5096 0.4904
451 0.5144 0.4856
452 0.5115 0.4885
453 0.5119 0.4881
454 0.5097 0.4903
455 0.5138 0.4862
456 0.5135 0.4865
457 0.5142 0.4858
458 0.5137 0.4863
459 0.5134 0.4866
460 0.5165 0.4835
461 0.5089 0.4911
462 0.5133 0.4867
463 0.5166 0.4834
464 0.5155 0.4845
465 0.5181 0.4819
466 0.513 0.487
467 0.5158 0.4842
468 0.5129 0.4871
469 0.5129 0.4871
470 0.5081 0.4919
471 0.5149 0.4851
472 0.5116 0.4884
473 0.5133 0.4867
474 0.5136 0.4864
475 0.5159 0.4841
476 0.5147 0.4853
477 0.5182 0.4818
478 0.5109 0.4891
479 0.5097 0.4903
480 0.5175 0.4825
481 0.5138 0.4862
482 0.5129 0.4871
483 0.5105 0.4895
484 0.5146 0.4854
485 0.5126 0.4874
486 0.5139 0.4861
487 0.5152 0.4848
488 0.5122 0.4878
489 0.5117 0.4883
490 0.5144 0.4856
491 0.5165 0.4835
492 0.5132 0.4868
493 0.5129 0.4871
494 0.5116 0.4884
495 0.5134 0.4866
496 0.5129 0.4871
497 0.5134 0.4866
498 0.516 0.484
499 0.5131 0.4869
500 0.5151 0.4849
501 0.5125 0.4875
502 0.5089 0.4911
503 0.5157 0.4843
504 0.5119 0.4881
505 0.5147 0.4853
506 0.5099 0.4901
507 0.5145 0.4855
508 0.5141 0.4859
509 0.5129 0.4871
510 0.5149 0.4851
511 0.5102 0.4898
512 0.515 0.485
513 0.5132 0.4868
514 0.5132 0.4868
515 0.5127 0.4873
516 0.5105 0.4895
517 0.5122 0.4878
518 0.5135 0.4865
519 0.5137 0.4863
520 0.5127 0.4873
521 0.5146 0.4854
522 0.5125 0.4875
523 0.5122 0.4878
524 0.5107 0.4893
525 0.5101 0.4899
526 0.5121 0.4879
527 0.5106 0.4894
528 0.5162 0.4838
529 0.5106 0.4894
530 0.5097 0.4903
531 0.5143 0.4857
532 0.514 0.486
533 0.5109 0.4891
534 0.5191 0.4809
535 0.511 0.489
536 0.5113 0.4887
537 0.521 0.479
538 0.5174 0.4826
539 0.5081 0.4919
540 0.5126 0.4874
541 0.511 0.489
542 0.5168 0.4832
543 0.5127 0.4873
544 0.5097 0.4903
545 0.5176 0.4824
546 0.5148 0.4852
547 0.5131 0.4869
548 0.5133 0.4867
549 0.5147 0.4853
550 0.5132 0.4868
551 0.5142 0.4858
552 0.5097 0.4903
553 0.5148 0.4852
554 0.5107 0.4893
555 0.5139 0.4861
556 0.507 0.493
557 0.5096 0.4904
558 0.5151 0.4849
559 0.5121 0.4879
560 0.5163 0.4837
561 0.5134 0.4866
562 0.5109 0.4891
563 0.5128 0.4872
564 0.5124 0.4876
565 0.5114 0.4886
566 0.5124 0.4876
567 0.5136 0.4864
568 0.5085 0.4915
569 0.5139 0.4861
570 0.5167 0.4833
571 0.5117 0.4883
572 0.5127 0.4873
573 0.5148 0.4852
574 0.5138 0.4862
575 0.5133 0.4867
576 0.5125 0.4875
577 0.5131 0.4869
578 0.5098 0.4902
579 0.5097 0.4903
580 0.5146 0.4854
581 0.5114 0.4886
582 0.5094 0.4906
583 0.514 0.486
584 0.5167 0.4833
585 0.5109 0.4891
586 0.5041 0.4959
587 0.5101 0.4899
588 0.5117 0.4883
589 0.5141 0.4859
590 0.5114 0.4886
591 0.5136 0.4864
592 0.5145 0.4855
593 0.5154 0.4846
594 0.5187 0.4813
595 0.514 0.486
596 0.5113 0.4887
597 0.5134 0.4866
598 0.5155 0.4845
599 0.5158 0.4842
600 0.5122 0.4878
601 0.5135 0.4865
602 0.5138 0.4862
603 0.5109 0.4891
604 0.5117 0.4883
605 0.5104 0.4896
606 0.5152 0.4848
607 0.5122 0.4878
608 0.511 0.489
609 0.511 0.489
610 0.5121 0.4879
611 0.5122 0.4878
612 0.5135 0.4865
613 0.5087 0.4913
614 0.5137 0.4863
615 0.5145 0.4855
616 0.5105 0.4895
617 0.5127 0.4873
618 0.514 0.486
619 0.5143 0.4857
620 0.5132 0.4868
621 0.5124 0.4876
622 0.5128 0.4872
623 0.51 0.49
624 0.5111 0.4889
625 0.5101 0.4899
626 0.5161 0.4839
627 0.5123 0.4877
628 0.5106 0.4894
629 0.5125 0.4875
630 0.5084 0.4916
631 0.5131 0.4869
632 0.5085 0.4915
633 0.5188 0.4812
634 0.5072 0.4928
635 0.5113 0.4887
636 0.5128 0.4872
637 0.5105 0.4895
638 0.514 0.486
639 0.5139 0.4861
640 0.5098 0.4902
641 0.5161 0.4839
642 0.5104 0.4896
643 0.5109 0.4891
644 0.5119 0.4881
645 0.5172 0.4828
646 0.5146 0.4854
647 0.5136 0.4864
648 0.5118 0.4882
649 0.5105 0.4895
650 0.5103 0.4897
651 0.5112 0.4888
652 0.5063 0.4937
653 0.5112 0.4888
654 0.5132 0.4868
655 0.5155 0.4845
656 0.51 0.49
657 0.51 0.49
658 0.5119 0.4881
659 0.5093 0.4907
660 0.5101 0.4899
661 0.5102 0.4898
662 0.5128 0.4872
663 0.5091 0.4909
664 0.513 0.487
665 0.5093 0.4907
666 0.5131 0.4869
667 0.5149 0.4851
668 0.5134 0.4866
669 0.5132 0.4868
670 0.5145 0.4855
671 0.5132 0.4868
672 0.5118 0.4882
673 0.5137 0.4863
674 0.5161 0.4839
675 0.5105 0.4895
676 0.5132 0.4868
677 0.5153 0.4847
678 0.5149 0.4851
679 0.5094 0.4906
680 0.5169 0.4831
681 0.5062 0.4938
682 0.5165 0.4835
683 0.5136 0.4864
684 0.5101 0.4899
685 0.5156 0.4844
686 0.5152 0.4848
687 0.5095 0.4905
688 0.5138 0.4862
689 0.5109 0.4891
690 0.5141 0.4859
691 0.5114 0.4886
692 0.5129 0.4871
693 0.5133 0.4867
694 0.5112 0.4888
695 0.5105 0.4895
696 0.5112 0.4888
697 0.5099 0.4901
698 0.5147 0.4853
699 0.5069 0.4931
700 0.5092 0.4908
701 0.5082 0.4918
702 0.5089 0.4911
703 0.5167 0.4833
704 0.5136 0.4864
705 0.5135 0.4865
706 0.5134 0.4866
707 0.5128 0.4872
708 0.5118 0.4882
709 0.5174 0.4826
710 0.5128 0.4872
711 0.5132 0.4868
712 0.5135 0.4865
713 0.5061 0.4939
714 0.5137 0.4863
715 0.5107 0.4893
716 0.512 0.488
717 0.5152 0.4848
718 0.5152 0.4848
719 0.5136 0.4864
720 0.5123 0.4877
721 0.5122 0.4878
722 0.5108 0.4892
723 0.5072 0.4928
724 0.5109 0.4891
725 0.5086 0.4914
726 0.5133 0.4867
727 0.5113 0.4887
728 0.5152 0.4848
729 0.5108 0.4892
730 0.512 0.488
731 0.5122 0.4878
732 0.5118 0.4882
733 0.5126 0.4874
734 0.5156 0.4844
735 0.5111 0.4889
736 0.5105 0.4895
737 0.5091 0.4909
738 0.513 0.487
739 0.5175 0.4825
740 0.5061 0.4939
741 0.5149 0.4851
742 0.5161 0.4839
743 0.5061 0.4939
744 0.5117 0.4883
745 0.5078 0.4922
746 0.5204 0.4796
747 0.5084 0.4916
748 0.5072 0.4928
749 0.5093 0.4907
750 0.5149 0.4851
751 0.5146 0.4854
752 0.5165 0.4835
753 0.5129 0.4871
754 0.514 0.486
755 0.5112 0.4888
756 0.508 0.492
757 0.5098 0.4902
758 0.5069 0.4931
759 0.514 0.486
760 0.5113 0.4887
761 0.5128 0.4872
762 0.5129 0.4871
763 0.5185 0.4815
764 0.514 0.486
765 0.5116 0.4884
766 0.5146 0.4854
767 0.5091 0.4909
768 0.5105 0.4895
769 0.5133 0.4867
770 0.5098 0.4902
771 0.513 0.487
772 0.5128 0.4872
773 0.5125 0.4875
774 0.5127 0.4873
775 0.5083 0.4917
776 0.5061 0.4939
777 0.5177 0.4823
778 0.5073 0.4927
779 0.5097 0.4903
780 0.5123 0.4877
781 0.5153 0.4847
782 0.508 0.492
783 0.51 0.49
784 0.5184 0.4816
785 0.511 0.489
786 0.512 0.488
787 0.511 0.489
788 0.5145 0.4855
789 0.5127 0.4873
790 0.5084 0.4916
791 0.5099 0.4901
792 0.5088 0.4912
793 0.5102 0.4898
794 0.5077 0.4923
795 0.5148 0.4852
796 0.5143 0.4857
797 0.5104 0.4896
798 0.5161 0.4839
799 0.5153 0.4847
800 0.5116 0.4884
801 0.5129 0.4871
802 0.5113 0.4887
803 0.5146 0.4854
804 0.5135 0.4865
805 0.511 0.489
806 0.5106 0.4894
807 0.515 0.485
808 0.516 0.484
809 0.5109 0.4891
810 0.5077 0.4923
811 0.5131 0.4869
812 0.5188 0.4812
813 0.5141 0.4859
814 0.5115 0.4885
815 0.5098 0.4902
816 0.5139 0.4861
817 0.5125 0.4875
818 0.5133 0.4867
819 0.5177 0.4823
820 0.5112 0.4888
821 0.5151 0.4849
822 0.516 0.484
823 0.5079 0.4921
824 0.5144 0.4856
825 0.5121 0.4879
826 0.5126 0.4874
827 0.5119 0.4881
828 0.5083 0.4917
829 0.5162 0.4838
830 0.5138 0.4862
831 0.5136 0.4864
832 0.5151 0.4849
833 0.5134 0.4866
834 0.5117 0.4883
835 0.5123 0.4877
836 0.5175 0.4825
837 0.5149 0.4851
838 0.5148 0.4852
839 0.5139 0.4861
840 0.5113 0.4887
841 0.5149 0.4851
842 0.5153 0.4847
843 0.5127 0.4873
844 0.5105 0.4895
845 0.5164 0.4836
846 0.5131 0.4869
847 0.5089 0.4911
848 0.5156 0.4844
849 0.5106 0.4894
850 0.5104 0.4896
851 0.5135 0.4865
852 0.5173 0.4827
853 0.517 0.483
854 0.5079 0.4921
855 0.5088 0.4912
856 0.515 0.485
857 0.5078 0.4922
858 0.5108 0.4892
859 0.5132 0.4868
860 0.5151 0.4849
861 0.5118 0.4882
862 0.5122 0.4878
863 0.5139 0.4861
864 0.5087 0.4913
865 0.5155 0.4845
866 0.515 0.485
867 0.5041 0.4959
868 0.5113 0.4887
869 0.5071 0.4929
870 0.5057 0.4943
871 0.5116 0.4884
872 0.5143 0.4857
873 0.5153 0.4847
874 0.512 0.488
875 0.509 0.491
876 0.5107 0.4893
877 0.5122 0.4878
878 0.5108 0.4892
879 0.5146 0.4854
880 0.5103 0.4897
881 0.5124 0.4876
882 0.5164 0.4836
883 0.5078 0.4922
884 0.508 0.492
885 0.5138 0.4862
886 0.5117 0.4883
887 0.5132 0.4868
888 0.5126 0.4874
889 0.5146 0.4854
890 0.5135 0.4865
891 0.5142 0.4858
892 0.5079 0.4921
893 0.5112 0.4888
894 0.5153 0.4847
895 0.515 0.485
896 0.5163 0.4837
897 0.509 0.491
898 0.5132 0.4868
899 0.5156 0.4844
900 0.5106 0.4894
901 0.5152 0.4848
902 0.5058 0.4942
903 0.5151 0.4849
904 0.509 0.491
905 0.518 0.482
906 0.5111 0.4889
907 0.5137 0.4863
908 0.5149 0.4851
909 0.5127 0.4873
910 0.5119 0.4881
911 0.5144 0.4856
912 0.5092 0.4908
913 0.5143 0.4857
914 0.5118 0.4882
915 0.5103 0.4897
916 0.5153 0.4847
917 0.5174 0.4826
918 0.5207 0.4793
919 0.513 0.487
920 0.5099 0.4901
921 0.5143 0.4857
922 0.5043 0.4957
923 0.5094 0.4906
924 0.5064 0.4936
925 0.5077 0.4923
926 0.5094 0.4906
927 0.5131 0.4869
928 0.5047 0.4953
929 0.5151 0.4849
930 0.5147 0.4853
931 0.5076 0.4924
932 0.5072 0.4928
933 0.5162 0.4838
934 0.5085 0.4915
935 0.5151 0.4849
936 0.5096 0.4904
937 0.514 0.486
938 0.5093 0.4907
939 0.5128 0.4872
940 0.5139 0.4861
941 0.5108 0.4892
942 0.5063 0.4937
943 0.5089 0.4911
944 0.5169 0.4831
945 0.5129 0.4871
946 0.5127 0.4873
947 0.5119 0.4881
948 0.51 0.49
949 0.5076 0.4924
950 0.5144 0.4856
951 0.5127 0.4873
952 0.5063 0.4937
953 0.5067 0.4933
954 0.5135 0.4865
955 0.5146 0.4854
956 0.5153 0.4847
957 0.5153 0.4847
958 0.5124 0.4876
959 0.5089 0.4911
960 0.5199 0.4801
961 0.5092 0.4908
962 0.5137 0.4863
963 0.5148 0.4852
964 0.5085 0.4915
965 0.5157 0.4843
966 0.5061 0.4939
967 0.5093 0.4907
968 0.5116 0.4884
969 0.5141 0.4859
970 0.5127 0.4873
971 0.5078 0.4922
972 0.5076 0.4924
973 0.511 0.489
974 0.5091 0.4909
975 0.507 0.493
976 0.5145 0.4855
977 0.5083 0.4917
978 0.5098 0.4902
979 0.5069 0.4931
980 0.514 0.486
981 0.5141 0.4859
982 0.5057 0.4943
983 0.5117 0.4883
984 0.5103 0.4897
985 0.5156 0.4844
986 0.5157 0.4843
987 0.5116 0.4884
988 0.5077 0.4923
989 0.518 0.482
990 0.5116 0.4884
991 0.5135 0.4865
992 0.5071 0.4929
993 0.5136 0.4864
994 0.498 0.502
995 0.5084 0.4916
996 0.5127 0.4873
997 0.5031 0.4969
998 0.5092 0.4908
999 0.514 0.486
1000 0.5134 0.4866
1001 0.5094 0.4906
1002 0.5093 0.4907
1003 0.5176 0.4824
1004 0.5127 0.4873
1005 0.5077 0.4923
1006 0.5171 0.4829
1007 0.5085 0.4915
1008 0.515 0.485
1009 0.5087 0.4913
1010 0.5122 0.4878
1011 0.5179 0.4821
1012 0.5051 0.4949
1013 0.5088 0.4912
1014 0.5136 0.4864
1015 0.5066 0.4934
1016 0.5076 0.4924
1017 0.5041 0.4959
1018 0.5083 0.4917
1019 0.5151 0.4849
1020 0.5162 0.4838
1021 0.5129 0.4871
1022 0.512 0.488
1023 0.5132 0.4868
1024 0.5146 0.4854
1025 0.5053 0.4947
1026 0.5145 0.4855
1027 0.5112 0.4888
1028 0.5147 0.4853
1029 0.5081 0.4919
1030 0.5117 0.4883
1031 0.5128 0.4872
1032 0.5075 0.4925
1033 0.5109 0.4891
1034 0.5063 0.4937
1035 0.5102 0.4898
1036 0.5058 0.4942
1037 0.5069 0.4931
1038 0.5122 0.4878
1039 0.51 0.49
1040 0.5047 0.4953
1041 0.5156 0.4844
1042 0.5132 0.4868
1043 0.5107 0.4893
1044 0.5154 0.4846
1045 0.5024 0.4976
1046 0.5082 0.4918
1047 0.511 0.489
1048 0.5201 0.4799
1049 0.5154 0.4846
1050 0.5114 0.4886
1051 0.5112 0.4888
1052 0.5099 0.4901
1053 0.51 0.49
1054 0.511 0.489
1055 0.5132 0.4868
1056 0.5167 0.4833
1057 0.5083 0.4917
1058 0.5098 0.4902
1059 0.5085 0.4915
1060 0.514 0.486
1061 0.5142 0.4858
1062 0.5118 0.4882
1063 0.5081 0.4919
1064 0.5102 0.4898
1065 0.5148 0.4852
1066 0.5111 0.4889
1067 0.5122 0.4878
1068 0.511 0.489
1069 0.5127 0.4873
1070 0.5127 0.4873
1071 0.5055 0.4945
1072 0.5091 0.4909
1073 0.5062 0.4938
1074 0.511 0.489
1075 0.5036 0.4964
1076 0.508 0.492
1077 0.5074 0.4926
1078 0.505 0.495
1079 0.5118 0.4882
1080 0.509 0.491
1081 0.514 0.486
1082 0.505 0.495
1083 0.5183 0.4817
1084 0.5063 0.4937
1085 0.5138 0.4862
1086 0.505 0.495
1087 0.512 0.488
1088 0.519 0.481
1089 0.5172 0.4828
1090 0.5183 0.4817
1091 0.5185 0.4815
1092 0.5089 0.4911
1093 0.5014 0.4986
1094 0.5102 0.4898
1095 0.5027 0.4973
1096 0.5155 0.4845
1097 0.5109 0.4891
1098 0.5195 0.4805
1099 0.5142 0.4858
1100 0.5157 0.4843
1101 0.5134 0.4866
1102 0.5108 0.4892
1103 0.5155 0.4845
1104 0.5142 0.4858
1105 0.5118 0.4882
1106 0.5102 0.4898
1107 0.5205 0.4795
1108 0.5069 0.4931
1109 0.5073 0.4927
1110 0.5181 0.4819
1111 0.5158 0.4842
1112 0.5096 0.4904
1113 0.5118 0.4882
1114 0.4998 0.5002
1115 0.5152 0.4848
1116 0.5038 0.4962
1117 0.5107 0.4893
1118 0.5101 0.4899
1119 0.5109 0.4891
1120 0.4985 0.5015
1121 0.5123 0.4877
1122 0.5082 0.4918
1123 0.5064 0.4936
1124 0.5079 0.4921
1125 0.5109 0.4891
1126 0.5096 0.4904
1127 0.5041 0.4959
1128 0.5174 0.4826
1129 0.5158 0.4842
1130 0.5006 0.4994
1131 0.509 0.491
1132 0.5129 0.4871
1133 0.5109 0.4891
1134 0.5141 0.4859
1135 0.5051 0.4949
1136 0.5079 0.4921
1137 0.5069 0.4931
1138 0.5117 0.4883
1139 0.4997 0.5003
1140 0.5148 0.4852
1141 0.5135 0.4865
1142 0.5063 0.4937
1143 0.5078 0.4922
1144 0.5155 0.4845
1145 0.5041 0.4959
1146 0.5221 0.4779
1147 0.5075 0.4925
1148 0.5014 0.4986
1149 0.5148 0.4852
1150 0.5035 0.4965
1151 0.509 0.491
1152 0.5125 0.4875
1153 0.5103 0.4897
1154 0.501 0.499
1155 0.517 0.483
1156 0.5071 0.4929
1157 0.5152 0.4848
1158 0.5018 0.4982
1159 0.5068 0.4932
1160 0.5054 0.4946
1161 0.5186 0.4814
1162 0.5096 0.4904
1163 0.5154 0.4846
1164 0.5122 0.4878
1165 0.5041 0.4959
1166 0.5144 0.4856
1167 0.5073 0.4927
1168 0.4984 0.5016
1169 0.5038 0.4962
1170 0.5065 0.4935
1171 0.5077 0.4923
1172 0.5105 0.4895
1173 0.5042 0.4958
1174 0.516 0.484
1175 0.5074 0.4926
1176 0.519 0.481
1177 0.516 0.484
1178 0.5102 0.4898
1179 0.5097 0.4903
1180 0.5129 0.4871
1181 0.5066 0.4934
1182 0.5138 0.4862
1183 0.5098 0.4902
1184 0.501 0.499
1185 0.5122 0.4878
1186 0.5142 0.4858
1187 0.5011 0.4989
1188 0.5029 0.4971
1189 0.5121 0.4879
1190 0.5151 0.4849
1191 0.5146 0.4854
1192 0.51 0.49
1193 0.5114 0.4886
1194 0.5179 0.4821
1195 0.513 0.487
1196 0.5051 0.4949
1197 0.5108 0.4892
1198 0.5061 0.4939
1199 0.5097 0.4903
1200 0.5128 0.4872
1201 0.4983 0.5017
1202 0.516 0.484
1203 0.5171 0.4829
1204 0.5136 0.4864
1205 0.5109 0.4891
1206 0.5147 0.4853
1207 0.5094 0.4906
1208 0.5181 0.4819
1209 0.5138 0.4862
1210 0.5173 0.4827
1211 0.5156 0.4844
1212 0.5178 0.4822
1213 0.5031 0.4969
1214 0.5017 0.4983
1215 0.5172 0.4828
1216 0.5076 0.4924
1217 0.5021 0.4979
1218 0.5056 0.4944
1219 0.5123 0.4877
1220 0.5052 0.4948
1221 0.5076 0.4924
1222 0.5089 0.4911
1223 0.5062 0.4938
1224 0.5114 0.4886
1225 0.5082 0.4918
1226 0.5092 0.4908
1227 0.51 0.49
1228 0.5085 0.4915
1229 0.5135 0.4865
1230 0.5092 0.4908
1231 0.5147 0.4853
1232 0.4998 0.5002
1233 0.5112 0.4888
1234 0.5096 0.4904
1235 0.5127 0.4873
1236 0.5036 0.4964
1237 0.5219 0.4781
1238 0.515 0.485
1239 0.5065 0.4935
1240 0.5197 0.4803
1241 0.5123 0.4877
1242 0.5131 0.4869
1243 0.5119 0.4881
1244 0.5104 0.4896
1245 0.5136 0.4864
1246 0.5115 0.4885
1247 0.5085 0.4915
1248 0.5037 0.4963
1249 0.5166 0.4834
1250 0.5144 0.4856
1251 0.5045 0.4955
1252 0.5051 0.4949
1253 0.5174 0.4826
1254 0.5143 0.4857
1255 0.521 0.479
1256 0.509 0.491
1257 0.5149 0.4851
1258 0.5222 0.4778
1259 0.5141 0.4859
1260 0.5128 0.4872
1261 0.5177 0.4823
1262 0.5173 0.4827
1263 0.5065 0.4935
1264 0.5139 0.4861
1265 0.5007 0.4993
1266 0.5064 0.4936
1267 0.5107 0.4893
1268 0.5054 0.4946
1269 0.5141 0.4859
1270 0.517 0.483
1271 0.5236 0.4764
1272 0.5224 0.4776
1273 0.503 0.497
1274 0.5118 0.4882
1275 0.5094 0.4906
1276 0.5022 0.4978
1277 0.5102 0.4898
1278 0.5229 0.4771
1279 0.5111 0.4889
1280 0.5134 0.4866
1281 0.4966 0.5034
1282 0.5159 0.4841
1283 0.5036 0.4964
1284 0.5018 0.4982
1285 0.5003 0.4997
1286 0.5106 0.4894
1287 0.5111 0.4889
1288 0.4977 0.5023
1289 0.5142 0.4858
1290 0.507 0.493
1291 0.5086 0.4914
1292 0.5297 0.4703
1293 0.5157 0.4843
1294 0.5034 0.4966
1295 0.5125 0.4875
1296 0.5165 0.4835
1297 0.5058 0.4942
1298 0.5174 0.4826
1299 0.5106 0.4894
1300 0.5086 0.4914
1301 0.5163 0.4837
1302 0.5147 0.4853
1303 0.5203 0.4797
1304 0.5107 0.4893
1305 0.5159 0.4841
1306 0.5105 0.4895
1307 0.5131 0.4869
1308 0.5126 0.4874
1309 0.5098 0.4902
1310 0.4996 0.5004
1311 0.5075 0.4925
1312 0.5135 0.4865
1313 0.5078 0.4922
1314 0.51 0.49
1315 0.5017 0.4983
1316 0.513 0.487
1317 0.5124 0.4876
1318 0.5086 0.4914
1319 0.5161 0.4839
1320 0.5147 0.4853
1321 0.5041 0.4959
1322 0.5066 0.4934
1323 0.5213 0.4787
1324 0.5036 0.4964
1325 0.5075 0.4925
1326 0.5092 0.4908
1327 0.5104 0.4896
1328 0.509 0.491
1329 0.5123 0.4877
1330 0.5144 0.4856
1331 0.5168 0.4832
1332 0.5015 0.4985
1333 0.5226 0.4774
1334 0.5124 0.4876
1335 0.5164 0.4836
1336 0.5032 0.4968
1337 0.5027 0.4973
1338 0.5052 0.4948
1339 0.5199 0.4801
1340 0.5208 0.4792
1341 0.5155 0.4845
1342 0.5056 0.4944
1343 0.5087 0.4913
1344 0.5134 0.4866
1345 0.5098 0.4902
1346 0.5026 0.4974
1347 0.5029 0.4971
1348 0.5186 0.4814
1349 0.5101 0.4899
1350 0.5086 0.4914
1351 0.5099 0.4901
1352 0.5131 0.4869
1353 0.5187 0.4813
1354 0.5172 0.4828
1355 0.5072 0.4928
1356 0.5125 0.4875
1357 0.5012 0.4988
1358 0.5017 0.4983
1359 0.5071 0.4929
1360 0.5039 0.4961
1361 0.5191 0.4809
1362 0.5177 0.4823
1363 0.5005 0.4995
1364 0.5181 0.4819
1365 0.5217 0.4783
1366 0.5135 0.4865
1367 0.5133 0.4867
1368 0.512 0.488
1369 0.5074 0.4926
1370 0.5026 0.4974
1371 0.5114 0.4886
1372 0.5089 0.4911
1373 0.5105 0.4895
1374 0.5118 0.4882
1375 0.5043 0.4957
1376 0.5114 0.4886
1377 0.5153 0.4847
1378 0.5064 0.4936
1379 0.5182 0.4818
1380 0.5164 0.4836
1381 0.5096 0.4904
1382 0.5079 0.4921
1383 0.5082 0.4918
1384 0.5214 0.4786
1385 0.5095 0.4905
1386 0.5057 0.4943
1387 0.5152 0.4848
1388 0.5102 0.4898
1389 0.5073 0.4927
1390 0.5211 0.4789
1391 0.5302 0.4698
1392 0.5194 0.4806
1393 0.5251 0.4749
1394 0.5145 0.4855
1395 0.507 0.493
1396 0.5136 0.4864
1397 0.5128 0.4872
1398 0.5165 0.4835
1399 0.507 0.493
1400 0.504 0.496
1401 0.5172 0.4828
1402 0.5047 0.4953
1403 0.5152 0.4848
1404 0.5202 0.4798
1405 0.5119 0.4881
1406 0.5206 0.4794
1407 0.5181 0.4819
1408 0.5119 0.4881
1409 0.4985 0.5015
1410 0.5091 0.4909
1411 0.508 0.492
1412 0.5142 0.4858
1413 0.5083 0.4917
1414 0.516 0.484
1415 0.5075 0.4925
1416 0.5068 0.4932
1417 0.5178 0.4822
1418 0.5101 0.4899
1419 0.5051 0.4949
1420 0.5172 0.4828
1421 0.5033 0.4967
1422 0.4957 0.5043
1423 0.5112 0.4888
1424 0.5085 0.4915
1425 0.52 0.48
1426 0.5038 0.4962
1427 0.511 0.489
1428 0.5182 0.4818
1429 0.5087 0.4913
1430 0.5028 0.4972
1431 0.4981 0.5019
1432 0.5082 0.4918
1433 0.5192 0.4808
1434 0.5109 0.4891
1435 0.505 0.495
1436 0.5094 0.4906
1437 0.5152 0.4848
1438 0.5062 0.4938
1439 0.4979 0.5021
1440 0.5088 0.4912
1441 0.5054 0.4946
1442 0.5163 0.4837
1443 0.5107 0.4893
1444 0.5075 0.4925
1445 0.5149 0.4851
1446 0.512 0.488
1447 0.5159 0.4841
1448 0.5042 0.4958
1449 0.5034 0.4966
1450 0.5106 0.4894
1451 0.5142 0.4858
1452 0.5206 0.4794
1453 0.5155 0.4845
1454 0.5132 0.4868
1455 0.5184 0.4816
1456 0.5115 0.4885
1457 0.5154 0.4846
1458 0.5134 0.4866
1459 0.5122 0.4878
1460 0.5172 0.4828
1461 0.5078 0.4922
1462 0.5028 0.4972
1463 0.5108 0.4892
1464 0.5075 0.4925
1465 0.5154 0.4846
1466 0.4964 0.5036
1467 0.5034 0.4966
1468 0.5165 0.4835
1469 0.4993 0.5007
1470 0.5124 0.4876
1471 0.5145 0.4855
1472 0.524 0.476
1473 0.5169 0.4831
1474 0.5072 0.4928
1475 0.5068 0.4932
1476 0.5277 0.4723
1477 0.5167 0.4833
1478 0.5029 0.4971
1479 0.4882 0.5118
1480 0.5117 0.4883
1481 0.515 0.485
1482 0.5062 0.4938
1483 0.5012 0.4988
1484 0.4956 0.5044
1485 0.5178 0.4822
1486 0.5122 0.4878
1487 0.51 0.49
1488 0.507 0.493
1489 0.5027 0.4973
1490 0.5023 0.4977
1491 0.5129 0.4871
1492 0.5136 0.4864
1493 0.5086 0.4914
1494 0.5013 0.4987
1495 0.5045 0.4955
1496 0.5256 0.4744
1497 0.5092 0.4908
1498 0.5059 0.4941
1499 0.506 0.494
1500 0.5108 0.4892
1501 0.525 0.475
1502 0.5125 0.4875
1503 0.5057 0.4943
1504 0.5121 0.4879
1505 0.5216 0.4784
1506 0.5104 0.4896
1507 0.5092 0.4908
1508 0.5049 0.4951
1509 0.4987 0.5013
1510 0.5195 0.4805
1511 0.5144 0.4856
1512 0.5208 0.4792
1513 0.5187 0.4813
1514 0.5062 0.4938
1515 0.5134 0.4866
1516 0.5107 0.4893
1517 0.5204 0.4796
1518 0.4974 0.5026
1519 0.514 0.486
1520 0.512 0.488
1521 0.5177 0.4823
1522 0.5095 0.4905
1523 0.5055 0.4945
1524 0.5229 0.4771
1525 0.518 0.482
1526 0.5177 0.4823
1527 0.5079 0.4921
1528 0.5097 0.4903
1529 0.5241 0.4759
1530 0.5134 0.4866
1531 0.5203 0.4797
1532 0.5205 0.4795
1533 0.5085 0.4915
1534 0.5006 0.4994
1535 0.5148 0.4852
1536 0.5014 0.4986
1537 0.5064 0.4936
1538 0.5096 0.4904
1539 0.5109 0.4891
1540 0.517 0.483
1541 0.5141 0.4859
1542 0.5086 0.4914
1543 0.506 0.494
1544 0.5153 0.4847
1545 0.5092 0.4908
1546 0.5016 0.4984
1547 0.5127 0.4873
1548 0.5244 0.4756
1549 0.5094 0.4906
1550 0.5183 0.4817
1551 0.4983 0.5017
1552 0.5126 0.4874
1553 0.5068 0.4932
1554 0.5053 0.4947
1555 0.5115 0.4885
1556 0.51 0.49
1557 0.5147 0.4853
1558 0.5082 0.4918
1559 0.5195 0.4805
1560 0.5128 0.4872
1561 0.5227 0.4773
1562 0.5065 0.4935
1563 0.511 0.489
1564 0.5183 0.4817
1565 0.5108 0.4892
1566 0.5193 0.4807
1567 0.5011 0.4989
1568 0.5076 0.4924
1569 0.5176 0.4824
1570 0.5174 0.4826
1571 0.5136 0.4864
1572 0.5184 0.4816
1573 0.5126 0.4874
1574 0.5055 0.4945
1575 0.5068 0.4932
1576 0.5061 0.4939
1577 0.5181 0.4819
1578 0.5122 0.4878
1579 0.5071 0.4929
1580 0.5136 0.4864
1581 0.5184 0.4816
1582 0.5088 0.4912
1583 0.5223 0.4777
1584 0.5134 0.4866
1585 0.516 0.484
1586 0.513 0.487
1587 0.519 0.481
1588 0.5111 0.4889
1589 0.5116 0.4884
1590 0.509 0.491
1591 0.5174 0.4826
1592 0.5032 0.4968
1593 0.5176 0.4824
1594 0.5023 0.4977
1595 0.5066 0.4934
1596 0.5054 0.4946
1597 0.5021 0.4979
1598 0.5154 0.4846
1599 0.5153 0.4847
1600 0.5139 0.4861
1601 0.5136 0.4864
1602 0.5013 0.4987
1603 0.504 0.496
1604 0.511 0.489
1605 0.5082 0.4918
1606 0.4989 0.5011
1607 0.502 0.498
1608 0.5113 0.4887
1609 0.4967 0.5033
1610 0.5156 0.4844
1611 0.5141 0.4859
1612 0.5056 0.4944
1613 0.5053 0.4947
1614 0.5052 0.4948
1615 0.5059 0.4941
1616 0.5174 0.4826
1617 0.5212 0.4788
1618 0.5056 0.4944
1619 0.509 0.491
1620 0.5043 0.4957
1621 0.502 0.498
1622 0.5132 0.4868
1623 0.5117 0.4883
1624 0.5143 0.4857
1625 0.5017 0.4983
1626 0.5214 0.4786
1627 0.5191 0.4809
1628 0.5096 0.4904
1629 0.5106 0.4894
1630 0.5063 0.4937
1631 0.5113 0.4887
1632 0.515 0.485
1633 0.5122 0.4878
1634 0.5191 0.4809
1635 0.4906 0.5094
1636 0.5117 0.4883
1637 0.4999 0.5001
1638 0.5071 0.4929
1639 0.5062 0.4938
1640 0.5192 0.4808
1641 0.5079 0.4921
1642 0.5133 0.4867
1643 0.5049 0.4951
1644 0.501 0.499
1645 0.5322 0.4678
1646 0.5068 0.4932
1647 0.5179 0.4821
1648 0.516 0.484
1649 0.5206 0.4794
1650 0.5037 0.4963
1651 0.5059 0.4941
1652 0.5105 0.4895
1653 0.5112 0.4888
1654 0.4983 0.5017
1655 0.5084 0.4916
1656 0.5028 0.4972
1657 0.5048 0.4952
1658 0.5092 0.4908
1659 0.5157 0.4843
1660 0.5168 0.4832
1661 0.5004 0.4996
1662 0.51 0.49
1663 0.5088 0.4912
1664 0.4964 0.5036
1665 0.5001 0.4999
1666 0.5108 0.4892
1667 0.5057 0.4943
1668 0.491 0.509
1669 0.5062 0.4938
1670 0.5047 0.4953
1671 0.5101 0.4899
1672 0.5153 0.4847
1673 0.5172 0.4828
1674 0.5076 0.4924
1675 0.5113 0.4887
1676 0.5044 0.4956
1677 0.5131 0.4869
1678 0.5132 0.4868
1679 0.5256 0.4744
1680 0.5139 0.4861
1681 0.5083 0.4917
1682 0.5212 0.4788
1683 0.5087 0.4913
1684 0.5045 0.4955
1685 0.5137 0.4863
1686 0.5149 0.4851
1687 0.5179 0.4821
1688 0.5124 0.4876
1689 0.4991 0.5009
1690 0.4953 0.5047
1691 0.5182 0.4818
1692 0.5066 0.4934
1693 0.4925 0.5075
1694 0.5148 0.4852
1695 0.5017 0.4983
1696 0.5038 0.4962
1697 0.5017 0.4983
1698 0.5149 0.4851
1699 0.4914 0.5086
1700 0.4972 0.5028
1701 0.4994 0.5006
1702 0.5104 0.4896
1703 0.5062 0.4938
1704 0.5238 0.4762
1705 0.4983 0.5017
1706 0.5219 0.4781
1707 0.495 0.505
1708 0.5195 0.4805
1709 0.523 0.477
1710 0.5066 0.4934
1711 0.5123 0.4877
1712 0.5137 0.4863
1713 0.5078 0.4922
1714 0.5285 0.4715
1715 0.5055 0.4945
1716 0.5329 0.4671
1717 0.5161 0.4839
1718 0.5254 0.4746
1719 0.5134 0.4866
1720 0.506 0.494
1721 0.5052 0.4948
1722 0.508 0.492
1723 0.5099 0.4901
1724 0.5114 0.4886
1725 0.5224 0.4776
1726 0.521 0.479
1727 0.512 0.488
1728 0.5024 0.4976
1729 0.503 0.497
1730 0.5093 0.4907
1731 0.5132 0.4868
1732 0.5051 0.4949
1733 0.5071 0.4929
1734 0.5098 0.4902
1735 0.5328 0.4672
1736 0.5204 0.4796
1737 0.5074 0.4926
1738 0.5085 0.4915
1739 0.5272 0.4728
1740 0.5165 0.4835
1741 0.5192 0.4808
1742 0.5228 0.4772
1743 0.5173 0.4827
1744 0.5125 0.4875
1745 0.5247 0.4753
1746 0.5108 0.4892
1747 0.5099 0.4901
1748 0.5027 0.4973
1749 0.5142 0.4858
1750 0.5165 0.4835
1751 0.5109 0.4891
1752 0.5113 0.4887
1753 0.5239 0.4761
1754 0.5235 0.4765
1755 0.5235 0.4765
1756 0.507 0.493
1757 0.4926 0.5074
1758 0.5345 0.4655
1759 0.5102 0.4898
1760 0.516 0.484
1761 0.4972 0.5028
1762 0.5124 0.4876
1763 0.5069 0.4931
1764 0.5094 0.4906
1765 0.5081 0.4919
1766 0.5025 0.4975
1767 0.5063 0.4937
1768 0.5051 0.4949
1769 0.5145 0.4855
1770 0.4991 0.5009
1771 0.5046 0.4954
1772 0.5163 0.4837
1773 0.5124 0.4876
1774 0.5032 0.4968
1775 0.5202 0.4798
1776 0.5077 0.4923
1777 0.4978 0.5022
1778 0.5086 0.4914
1779 0.5031 0.4969
1780 0.5151 0.4849
1781 0.5151 0.4849
1782 0.5176 0.4824
1783 0.5143 0.4857
1784 0.5136 0.4864
1785 0.513 0.487
1786 0.5254 0.4746
1787 0.5103 0.4897
1788 0.5062 0.4938
1789 0.5098 0.4902
1790 0.5179 0.4821
1791 0.5229 0.4771
1792 0.499 0.501
1793 0.5242 0.4758
1794 0.5097 0.4903
1795 0.5189 0.4811
1796 0.5051 0.4949
1797 0.5138 0.4862
1798 0.507 0.493
1799 0.5154 0.4846
1800 0.51 0.49
1801 0.5116 0.4884
1802 0.5079 0.4921
1803 0.5112 0.4888
1804 0.5097 0.4903
1805 0.5148 0.4852
1806 0.5199 0.4801
1807 0.5142 0.4858
1808 0.5036 0.4964
1809 0.5086 0.4914
1810 0.497 0.503
1811 0.515 0.485
1812 0.4957 0.5043
1813 0.5057 0.4943
1814 0.5115 0.4885
1815 0.5171 0.4829
1816 0.4871 0.5129
1817 0.527 0.473
1818 0.5339 0.4661
1819 0.502 0.498
1820 0.5065 0.4935
1821 0.5025 0.4975
1822 0.5075 0.4925
1823 0.5193 0.4807
1824 0.5189 0.4811
1825 0.5127 0.4873
1826 0.5067 0.4933
1827 0.5168 0.4832
1828 0.5107 0.4893
1829 0.5293 0.4707
1830 0.5174 0.4826
1831 0.4989 0.5011
1832 0.5002 0.4998
1833 0.5068 0.4932
1834 0.5059 0.4941
1835 0.5201 0.4799
1836 0.5255 0.4745
1837 0.5072 0.4928
1838 0.5167 0.4833
1839 0.5138 0.4862
1840 0.5037 0.4963
1841 0.5083 0.4917
1842 0.5122 0.4878
1843 0.5221 0.4779
1844 0.508 0.492
1845 0.5023 0.4977
1846 0.5019 0.4981
1847 0.5135 0.4865
1848 0.5056 0.4944
1849 0.5075 0.4925
1850 0.5106 0.4894
1851 0.5173 0.4827
1852 0.5137 0.4863
1853 0.5174 0.4826
1854 0.508 0.492
1855 0.5101 0.4899
1856 0.5188 0.4812
1857 0.5075 0.4925
1858 0.512 0.488
1859 0.5171 0.4829
1860 0.5222 0.4778
1861 0.5091 0.4909
1862 0.5171 0.4829
1863 0.4914 0.5086
1864 0.5113 0.4887
1865 0.5276 0.4724
1866 0.5053 0.4947
1867 0.5126 0.4874
1868 0.5044 0.4956
1869 0.531 0.469
1870 0.5015 0.4985
1871 0.5315 0.4685
1872 0.5041 0.4959
1873 0.5191 0.4809
1874 0.5391 0.4609
1875 0.5147 0.4853
1876 0.4962 0.5038
1877 0.5121 0.4879
1878 0.5041 0.4959
1879 0.4952 0.5048
1880 0.4975 0.5025
1881 0.4965 0.5035
1882 0.5283 0.4717
1883 0.5033 0.4967
1884 0.5331 0.4669
1885 0.5015 0.4985
1886 0.5008 0.4992
1887 0.5005 0.4995
1888 0.5158 0.4842
1889 0.5315 0.4685
1890 0.508 0.492
1891 0.5027 0.4973
1892 0.5193 0.4807
1893 0.5047 0.4953
1894 0.5231 0.4769
1895 0.5149 0.4851
1896 0.506 0.494
1897 0.5025 0.4975
1898 0.5079 0.4921
1899 0.5067 0.4933
1900 0.5252 0.4748
1901 0.5197 0.4803
1902 0.517 0.483
1903 0.514 0.486
1904 0.4964 0.5036
1905 0.5122 0.4878
1906 0.5143 0.4857
1907 0.5081 0.4919
1908 0.506 0.494
1909 0.5149 0.4851
1910 0.5126 0.4874
1911 0.5206 0.4794
1912 0.5161 0.4839
1913 0.5111 0.4889
1914 0.5179 0.4821
1915 0.5203 0.4797
1916 0.5044 0.4956
1917 0.5257 0.4743
1918 0.4962 0.5038
1919 0.5099 0.4901
1920 0.4976 0.5024
1921 0.5085 0.4915
1922 0.523 0.477
1923 0.5143 0.4857
1924 0.5133 0.4867
1925 0.5049 0.4951
1926 0.4852 0.5148
1927 0.5061 0.4939
1928 0.515 0.485
1929 0.5133 0.4867
1930 0.5027 0.4973
1931 0.5055 0.4945
1932 0.5186 0.4814
1933 0.5145 0.4855
1934 0.4917 0.5083
1935 0.5122 0.4878
1936 0.5207 0.4793
1937 0.5218 0.4782
1938 0.4926 0.5074
1939 0.5106 0.4894
1940 0.5063 0.4937
1941 0.4867 0.5133
1942 0.5021 0.4979
1943 0.5142 0.4858
1944 0.5337 0.4663
1945 0.5292 0.4708
1946 0.5124 0.4876
1947 0.5084 0.4916
1948 0.5124 0.4876
1949 0.507 0.493
1950 0.5315 0.4685
1951 0.5199 0.4801
1952 0.5125 0.4875
1953 0.4885 0.5115
1954 0.5013 0.4987
1955 0.5052 0.4948
1956 0.5037 0.4963
1957 0.5075 0.4925
1958 0.4813 0.5187
1959 0.527 0.473
1960 0.5033 0.4967
1961 0.5172 0.4828
1962 0.5162 0.4838
1963 0.4851 0.5149
1964 0.4968 0.5032
1965 0.5246 0.4754
1966 0.5109 0.4891
1967 0.5169 0.4831
1968 0.5099 0.4901
1969 0.5016 0.4984
1970 0.511 0.489
1971 0.5354 0.4646
1972 0.4849 0.5151
1973 0.5463 0.4537
1974 0.5247 0.4753
1975 0.5163 0.4837
1976 0.5137 0.4863
1977 0.5227 0.4773
1978 0.4983 0.5017
1979 0.5117 0.4883
1980 0.5173 0.4827
1981 0.5116 0.4884
1982 0.5163 0.4837
1983 0.5047 0.4953
1984 0.5177 0.4823
1985 0.5037 0.4963
1986 0.4946 0.5054
1987 0.5062 0.4938
1988 0.5293 0.4707
1989 0.5041 0.4959
1990 0.5276 0.4724
1991 0.5349 0.4651
1992 0.5213 0.4787
1993 0.5074 0.4926
1994 0.523 0.477
1995 0.5152 0.4848
1996 0.5189 0.4811
1997 0.5032 0.4968
1998 0.4844 0.5156
1999 0.5302 0.4698
2000 0.4921 0.5079
2001 0.5099 0.4901
2002 0.5106 0.4894
2003 0.5171 0.4829
2004 0.5053 0.4947
2005 0.4853 0.5147
2006 0.5099 0.4901
2007 0.5274 0.4726
2008 0.5198 0.4802
2009 0.5035 0.4965
2010 0.4963 0.5037
2011 0.5139 0.4861
2012 0.5337 0.4663
2013 0.5216 0.4784
2014 0.4887 0.5113
2015 0.5032 0.4968
2016 0.5214 0.4786
2017 0.4876 0.5124
2018 0.4867 0.5133
2019 0.512 0.488
2020 0.4831 0.5169
2021 0.5251 0.4749
2022 0.4762 0.5238
2023 0.5354 0.4646
2024 0.5161 0.4839
2025 0.4947 0.5053
2026 0.5108 0.4892
2027 0.5107 0.4893
2028 0.5157 0.4843
2029 0.5004 0.4996
2030 0.5216 0.4784
2031 0.5138 0.4862
2032 0.4961 0.5039
2033 0.5189 0.4811
2034 0.5079 0.4921
2035 0.5246 0.4754
2036 0.4981 0.5019
2037 0.497 0.503
2038 0.4907 0.5093
2039 0.5016 0.4984
2040 0.5151 0.4849
2041 0.5268 0.4732
2042 0.515 0.485
2043 0.5008 0.4992
2044 0.5244 0.4756
2045 0.4988 0.5012
2046 0.526 0.474
2047 0.5142 0.4858
2048 0.5025 0.4975
2049 0.5168 0.4832
2050 0.4958 0.5042
2051 0.5343 0.4657
2052 0.511 0.489
2053 0.5122 0.4878
2054 0.4989 0.5011
2055 0.5352 0.4648
2056 0.5055 0.4945
2057 0.5179 0.4821
2058 0.5048 0.4952
2059 0.5255 0.4745
2060 0.5124 0.4876
2061 0.5139 0.4861
2062 0.5108 0.4892
2063 0.4944 0.5056
2064 0.5218 0.4782
2065 0.5146 0.4854
2066 0.49 0.51
2067 0.5304 0.4696
2068 0.5049 0.4951
2069 0.5309 0.4691
2070 0.5202 0.4798
2071 0.5095 0.4905
2072 0.486 0.514
2073 0.5247 0.4753
2074 0.4854 0.5146
2075 0.5296 0.4704
2076 0.5116 0.4884
2077 0.5205 0.4795
2078 0.5161 0.4839
2079 0.5093 0.4907
2080 0.5041 0.4959
2081 0.5007 0.4993
2082 0.5084 0.4916
2083 0.4807 0.5193
2084 0.525 0.475
2085 0.5134 0.4866
2086 0.5094 0.4906
2087 0.5308 0.4692
2088 0.5212 0.4788
2089 0.5354 0.4646
2090 0.5091 0.4909
2091 0.5201 0.4799
2092 0.5139 0.4861
2093 0.5083 0.4917
2094 0.5137 0.4863
2095 0.5187 0.4813
2096 0.5265 0.4735
2097 0.507 0.493
2098 0.5076 0.4924
2099 0.5292 0.4708
2100 0.5267 0.4733
2101 0.5276 0.4724
2102 0.5092 0.4908
2103 0.5273 0.4727
2104 0.4768 0.5232
2105 0.5072 0.4928
2106 0.5387 0.4613
2107 0.5 0.5
2108 0.5087 0.4913
2109 0.5045 0.4955
2110 0.5346 0.4654
2111 0.5151 0.4849
2112 0.5149 0.4851
2113 0.5136 0.4864
2114 0.5114 0.4886
2115 0.5032 0.4968
2116 0.5316 0.4684
2117 0.5113 0.4887
2118 0.5165 0.4835
2119 0.512 0.488
2120 0.5119 0.4881
2121 0.5067 0.4933
2122 0.5307 0.4693
2123 0.4939 0.5061
2124 0.5221 0.4779
2125 0.5056 0.4944
2126 0.5046 0.4954
2127 0.5218 0.4782
2128 0.5041 0.4959
2129 0.5138 0.4862
2130 0.4792 0.5208
2131 0.5062 0.4938
2132 0.5234 0.4766
2133 0.511 0.489
2134 0.5299 0.4701
2135 0.5143 0.4857
2136 0.5015 0.4985
2137 0.5106 0.4894
2138 0.5019 0.4981
2139 0.5093 0.4907
2140 0.503 0.497
2141 0.4988 0.5012
2142 0.5266 0.4734
2143 0.5202 0.4798
2144 0.5128 0.4872
2145 0.4978 0.5022
2146 0.5084 0.4916
2147 0.512 0.488
2148 0.5105 0.4895
2149 0.5061 0.4939
2150 0.5329 0.4671
2151 0.5068 0.4932
2152 0.5259 0.4741
2153 0.508 0.492
2154 0.5068 0.4932
2155 0.515 0.485
2156 0.5014 0.4986
2157 0.4785 0.5215
2158 0.5108 0.4892
2159 0.5149 0.4851
2160 0.5111 0.4889
2161 0.496 0.504
2162 0.4989 0.5011
2163 0.5141 0.4859
2164 0.5106 0.4894
2165 0.5096 0.4904
2166 0.4931 0.5069
2167 0.5228 0.4772
2168 0.4792 0.5208
2169 0.5146 0.4854
2170 0.5048 0.4952
2171 0.533 0.467
2172 0.5117 0.4883
2173 0.5196 0.4804
2174 0.4851 0.5149
2175 0.5114 0.4886
2176 0.5245 0.4755
2177 0.5021 0.4979
2178 0.4882 0.5118
2179 0.4776 0.5224
2180 0.5046 0.4954
2181 0.5486 0.4514
2182 0.5158 0.4842
2183 0.499 0.501
2184 0.5331 0.4669
2185 0.5176 0.4824
2186 0.52 0.48
2187 0.5146 0.4854
2188 0.5038 0.4962
2189 0.5137 0.4863
2190 0.5344 0.4656
2191 0.4986 0.5014
2192 0.4859 0.5141
2193 0.5276 0.4724
2194 0.5178 0.4822
2195 0.51 0.49
2196 0.5034 0.4966
2197 0.4857 0.5143
2198 0.4995 0.5005
2199 0.5259 0.4741
2200 0.5166 0.4834
2201 0.519 0.481
2202 0.5264 0.4736
2203 0.5346 0.4654
2204 0.5304 0.4696
2205 0.5306 0.4694
2206 0.4995 0.5005
2207 0.4743 0.5257
2208 0.5064 0.4936
2209 0.5098 0.4902
2210 0.4958 0.5042
2211 0.52 0.48
2212 0.4985 0.5015
2213 0.4888 0.5112
2214 0.501 0.499
2215 0.5091 0.4909
2216 0.5206 0.4794
2217 0.4856 0.5144
2218 0.5104 0.4896
2219 0.5116 0.4884
2220 0.5216 0.4784
2221 0.5117 0.4883
2222 0.5046 0.4954
2223 0.5152 0.4848
2224 0.5064 0.4936
2225 0.5079 0.4921
2226 0.5225 0.4775
2227 0.5087 0.4913
2228 0.5066 0.4934
2229 0.4966 0.5034
2230 0.4984 0.5016
2231 0.5033 0.4967
2232 0.5116 0.4884
2233 0.5368 0.4632
2234 0.5108 0.4892
2235 0.5161 0.4839
2236 0.532 0.468
2237 0.5091 0.4909
2238 0.4985 0.5015
2239 0.5115 0.4885
2240 0.4983 0.5017
2241 0.5172 0.4828
2242 0.543 0.457
2243 0.4994 0.5006
2244 0.4732 0.5268
2245 0.4967 0.5033
2246 0.5093 0.4907
2247 0.5088 0.4912
2248 0.4825 0.5175
2249 0.4841 0.5159
2250 0.5093 0.4907
2251 0.5023 0.4977
2252 0.525 0.475
2253 0.5148 0.4852
2254 0.4922 0.5078
2255 0.5082 0.4918
2256 0.5315 0.4685
2257 0.5043 0.4957
2258 0.5252 0.4748
2259 0.5129 0.4871
2260 0.5129 0.4871
2261 0.5229 0.4771
2262 0.5152 0.4848
2263 0.4845 0.5155
2264 0.5096 0.4904
2265 0.5201 0.4799
2266 0.5144 0.4856
2267 0.4838 0.5162
2268 0.5008 0.4992
2269 0.5119 0.4881
2270 0.5075 0.4925
2271 0.5105 0.4895
2272 0.4993 0.5007
2273 0.5289 0.4711
2274 0.5045 0.4955
2275 0.5317 0.4683
2276 0.4681 0.5319
2277 0.5204 0.4796
2278 0.4929 0.5071
2279 0.4671 0.5329
2280 0.5304 0.4696
2281 0.5 0.5
2282 0.5338 0.4662
2283 0.5169 0.4831
2284 0.5582 0.4418
2285 0.5327 0.4673
2286 0.5402 0.4598
2287 0.5032 0.4968
2288 0.4946 0.5054
2289 0.463 0.537
2290 0.4855 0.5145
2291 0.4858 0.5142
2292 0.5351 0.4649
2293 0.5159 0.4841
2294 0.4972 0.5028
2295 0.487 0.513
2296 0.4892 0.5108
2297 0.534 0.466
2298 0.5007 0.4993
2299 0.4893 0.5107
2300 0.5123 0.4877
2301 0.4992 0.5008
2302 0.5372 0.4628
2303 0.5113 0.4887
2304 0.5104 0.4896
2305 0.4963 0.5037
2306 0.5134 0.4866
2307 0.4964 0.5036
2308 0.5228 0.4772
2309 0.479 0.521
2310 0.4757 0.5243
2311 0.5083 0.4917
2312 0.5207 0.4793
2313 0.5089 0.4911
2314 0.4882 0.5118
2315 0.4984 0.5016
2316 0.5023 0.4977
2317 0.5023 0.4977
2318 0.5077 0.4923
2319 0.5252 0.4748
2320 0.4791 0.5209
2321 0.4778 0.5222
2322 0.4983 0.5017
2323 0.5211 0.4789
2324 0.4831 0.5169
2325 0.4867 0.5133
2326 0.5198 0.4802
2327 0.5307 0.4693
2328 0.5258 0.4742
2329 0.4703 0.5297
2330 0.5222 0.4778
2331 0.5474 0.4526
2332 0.5211 0.4789
2333 0.5092 0.4908
2334 0.5327 0.4673
2335 0.582 0.418
2336 0.5225 0.4775
2337 0.4858 0.5142
2338 0.4847 0.5153
2339 0.4883 0.5117
2340 0.5032 0.4968
2341 0.5056 0.4944
2342 0.4966 0.5034
2343 0.5047 0.4953
2344 0.5333 0.4667
2345 0.5164 0.4836
2346 0.5099 0.4901
2347 0.5166 0.4834
2348 0.5106 0.4894
2349 0.5385 0.4615
2350 0.5349 0.4651
2351 0.5396 0.4604
2352 0.55 0.45
2353 0.5089 0.4911
2354 0.5195 0.4805
2355 0.5081 0.4919
2356 0.5187 0.4813
2357 0.501 0.499
2358 0.4885 0.5115
2359 0.5102 0.4898
2360 0.5457 0.4543
2361 0.4935 0.5065
2362 0.5081 0.4919
2363 0.5191 0.4809
2364 0.5202 0.4798
2365 0.484 0.516
2366 0.5323 0.4677
2367 0.5256 0.4744
2368 0.5179 0.4821
2369 0.4861 0.5139
2370 0.5249 0.4751
2371 0.5156 0.4844
2372 0.511 0.489
2373 0.5198 0.4802
2374 0.508 0.492
2375 0.519 0.481
2376 0.5133 0.4867
2377 0.5099 0.4901
2378 0.4811 0.5189
2379 0.5385 0.4615
2380 0.5303 0.4697
2381 0.5201 0.4799
2382 0.5058 0.4942
2383 0.4631 0.5369
2384 0.4914 0.5086
2385 0.4463 0.5537
2386 0.5188 0.4812
2387 0.5192 0.4808
2388 0.5284 0.4716
2389 0.5402 0.4598
2390 0.493 0.507
2391 0.4821 0.5179
2392 0.5372 0.4628
2393 0.5568 0.4432
2394 0.4973 0.5027
2395 0.5349 0.4651
2396 0.5353 0.4647
2397 0.5149 0.4851
2398 0.5079 0.4921
2399 0.5042 0.4958
2400 0.5112 0.4888
2401 0.4725 0.5275
2402 0.499 0.501
2403 0.5 0.5
2404 0.5057 0.4943
2405 0.5022 0.4978
2406 0.4931 0.5069
2407 0.4639 0.5361
2408 0.5579 0.4421
2409 0.5298 0.4702
2410 0.4934 0.5066
2411 0.5111 0.4889
2412 0.4874 0.5126
2413 0.5245 0.4755
2414 0.4954 0.5046
2415 0.4673 0.5327
2416 0.4887 0.5113
2417 0.4924 0.5076
2418 0.5016 0.4984
2419 0.5373 0.4627
2420 0.5109 0.4891
2421 0.5307 0.4693
2422 0.5127 0.4873
2423 0.4942 0.5058
2424 0.5511 0.4489
2425 0.5026 0.4974
2426 0.4761 0.5239
2427 0.5468 0.4532
2428 0.5036 0.4964
2429 0.5012 0.4988
2430 0.5051 0.4949
2431 0.463 0.537
2432 0.4494 0.5506
2433 0.5088 0.4912
2434 0.4945 0.5055
2435 0.4669 0.5331
2436 0.5455 0.4545
2437 0.5548 0.4452
2438 0.5 0.5
2439 0.5398 0.4602
2440 0.4851 0.5149
2441 0.5136 0.4864
2442 0.5184 0.4816
2443 0.5248 0.4752
2444 0.5288 0.4712
2445 0.5248 0.4752
2446 0.4822 0.5178
2447 0.4903 0.5097
2448 0.5788 0.4212
2449 0.5332 0.4668
2450 0.5225 0.4775
2451 0.5102 0.4898
2452 0.536 0.464
2453 0.4602 0.5398
2454 0.5339 0.4661
2455 0.527 0.473
2456 0.5037 0.4963
2457 0.5246 0.4754
2458 0.5202 0.4798
2459 0.54 0.46
2460 0.482 0.518
2461 0.4559 0.5441
2462 0.483 0.517
2463 0.5227 0.4773
2464 0.4943 0.5057
2465 0.4833 0.5167
2466 0.5269 0.4731
2467 0.509 0.491
2468 0.453 0.547
2469 0.5224 0.4776
2470 0.5404 0.4596
2471 0.5309 0.4691
2472 0.4972 0.5028
2473 0.4594 0.5406
2474 0.4672 0.5328
2475 0.5273 0.4727
2476 0.4811 0.5189
2477 0.5551 0.4449
2478 0.5 0.5
2479 0.5255 0.4745
2480 0.5336 0.4664
2481 0.5608 0.4392
2482 0.5033 0.4967
2483 0.488 0.512
2484 0.518 0.482
2485 0.488 0.512
2486 0.5148 0.4852
2487 0.4881 0.5119
2488 0.5181 0.4819
2489 0.5351 0.4649
2490 0.5518 0.4482
2491 0.5549 0.4451
2492 0.4784 0.5216
2493 0.5175 0.4825
2494 0.4481 0.5519
2495 0.4729 0.5271
2496 0.5083 0.4917
2497 0.5156 0.4844
2498 0.5079 0.4921
2499 0.5124 0.4876
2500 0.5039 0.4961
2501 0.4395 0.5605
2502 0.5263 0.4737
2503 0.5251 0.4749
2504 0.5851 0.4149
2505 0.5192 0.4808
2506 0.588 0.412
2507 0.4938 0.5062
2508 0.523 0.477
2509 0.4952 0.5048
2510 0.5 0.5
2511 0.4789 0.5211
2512 0.4528 0.5472
2513 0.4749 0.5251
2514 0.4904 0.5096
2515 0.4531 0.5469
2516 0.5118 0.4882
2517 0.5061 0.4939
2518 0.5344 0.4656
2519 0.4462 0.5538
2520 0.5654 0.4346
2521 0.4444 0.5556
2522 0.5086 0.4914
2523 0.5574 0.4426
2524 0.4975 0.5025
2525 0.534 0.466
2526 0.4774 0.5226
2527 0.559 0.441
2528 0.5493 0.4507
2529 0.5059 0.4941
2530 0.4458 0.5542
2531 0.5505 0.4495
2532 0.4563 0.5437
2533 0.5285 0.4715
2534 0.5167 0.4833
2535 0.518 0.482
2536 0.5143 0.4857
2537 0.5198 0.4802
2538 0.5261 0.4739
2539 0.5431 0.4569
2540 0.5484 0.4516
2541 0.4552 0.5448
2542 0.566 0.434
2543 0.485 0.515
2544 0.5177 0.4823
2545 0.4853 0.5147
2546 0.5171 0.4829
2547 0.4908 0.5092
2548 0.4943 0.5057
2549 0.498 0.502
2550 0.504 0.496
2551 0.5668 0.4332
2552 0.5616 0.4384
2553 0.4778 0.5222
2554 0.5 0.5
2555 0.488 0.512
2556 0.4958 0.5042
2557 0.5197 0.4803
2558 0.5113 0.4887
2559 0.5205 0.4795
2560 0.5385 0.4615
2561 0.5 0.5
2562 0.5 0.5
2563 0.4842 0.5158
2564 0.5 0.5
2565 0.4949 0.5051
2566 0.5317 0.4683
2567 0.4456 0.5544
2568 0.5333 0.4667
2569 0.4785 0.5215
2570 0.557 0.443
2571 0.4483 0.5517
2572 0.55 0.45
2573 0.5482 0.4518
2574 0.5185 0.4815
2575 0.4628 0.5372
2576 0.5287 0.4713
2577 0.5028 0.4972
2578 0.5685 0.4315
2579 0.555 0.445
2580 0.5668 0.4332
2581 0.4861 0.5139
2582 0.5556 0.4444
2583 0.5502 0.4498
2584 0.5149 0.4851
2585 0.4932 0.5068
2586 0.4635 0.5365
2587 0.5445 0.4555
2588 0.4677 0.5323
2589 0.4946 0.5054
2590 0.5081 0.4919
2591 0.5505 0.4495
2592 0.5139 0.4861
2593 0.4651 0.5349
2594 0.4762 0.5238
2595 0.5 0.5
2596 0.5197 0.4803
2597 0.5641 0.4359
2598 0.494 0.506
2599 0.5207 0.4793
2600 0.4487 0.5513
2601 0.5667 0.4333
2602 0.4641 0.5359
2603 0.5486 0.4514
2604 0.5583 0.4417
2605 0.4907 0.5093
2606 0.581 0.419
2607 0.4819 0.5181
2608 0.5398 0.4602
2609 0.506 0.494
2610 0.5163 0.4837
2611 0.5756 0.4244
2612 0.5442 0.4558
2613 0.4882 0.5118
2614 0.4923 0.5077
2615 0.4643 0.5357
2616 0.4845 0.5155
2617 0.5294 0.4706
2618 0.5326 0.4674
2619 0.4921 0.5079
2620 0.5401 0.4599
2621 0.3964 0.6036
2622 0.4173 0.5827
2623 0.5897 0.4103
2624 0.5449 0.4551
2625 0.5291 0.4709
2626 0.4497 0.5503
2627 0.5909 0.4091
2628 0.4969 0.5031
2629 0.5032 0.4968
2630 0.5128 0.4872
2631 0.5549 0.4451
2632 0.4923 0.5077
2633 0.5128 0.4872
2634 0.5303 0.4697
2635 0.4928 0.5072
2636 0.5438 0.4562
2637 0.5112 0.4888
2638 0.4928 0.5072
2639 0.5285 0.4715
2640 0.5467 0.4533
2641 0.4978 0.5022
2642 0.4785 0.5215
2643 0.474 0.526
2644 0.5031 0.4969
2645 0.544 0.456
2646 0.5459 0.4541
2647 0.5288 0.4712
2648 0.5417 0.4583
2649 0.5321 0.4679
2650 0.486 0.514
2651 0.5137 0.4863
2652 0.5309 0.4691
2653 0.5118 0.4882
2654 0.5136 0.4864
2655 0.4683 0.5317
2656 0.4865 0.5135
2657 0.5147 0.4853
2658 0.4847 0.5153
2659 0.5303 0.4697
2660 0.5396 0.4604
2661 0.5667 0.4333
2662 0.502 0.498
2663 0.5197 0.4803
2664 0.5224 0.4776
2665 0.4908 0.5092
2666 0.5 0.5
2667 0.5071 0.4929
2668 0.4794 0.5206
2669 0.5154 0.4846
2670 0.5152 0.4848
2671 0.5635 0.4365
2672 0.478 0.522
2673 0.486 0.514
2674 0.5294 0.4706
2675 0.4506 0.5494
2676 0.5174 0.4826
2677 0.4909 0.5091
2678 0.55 0.45
2679 0.4961 0.5039
2680 0.4837 0.5163
2681 0.525 0.475
2682 0.5098 0.4902
2683 0.5414 0.4586
2684 0.5106 0.4894
2685 0.5442 0.4558
2686 0.4742 0.5258
2687 0.5374 0.4626
2688 0.4963 0.5037
2689 0.4863 0.5137
2690 0.5179 0.4821
2691 0.5367 0.4633
2692 0.5269 0.4731
2693 0.5192 0.4808
2694 0.4813 0.5187
2695 0.5489 0.4511
2696 0.4895 0.5105
2697 0.559 0.441
2698 0.5041 0.4959
2699 0.556 0.444
2700 0.5057 0.4943
2701 0.4728 0.5272
2702 0.547 0.453
2703 0.4903 0.5097
2704 0.4754 0.5246
2705 0.4554 0.5446
2706 0.5278 0.4722
2707 0.4518 0.5482
2708 0.5346 0.4654
2709 0.5842 0.4158
2710 0.4773 0.5227
2711 0.5153 0.4847
2712 0.508 0.492
2713 0.4875 0.5125
2714 0.5355 0.4645
2715 0.5778 0.4222
2716 0.4368 0.5632
2717 0.5509 0.4491
2718 0.463 0.537
2719 0.5274 0.4726
2720 0.5074 0.4926
2721 0.4628 0.5372
2722 0.4771 0.5229
2723 0.5763 0.4237
2724 0.5197 0.4803
2725 0.4741 0.5259
2726 0.5917 0.4083
2727 0.5156 0.4844
2728 0.4679 0.5321
2729 0.6529 0.3471
2730 0.5177 0.4823
2731 0.5039 0.4961
2732 0.5339 0.4661
2733 0.5802 0.4198
2734 0.5298 0.4702
2735 0.4897 0.5103
2736 0.4519 0.5481
2737 0.5493 0.4507
2738 0.5247 0.4753
2739 0.5148 0.4852
2740 0.512 0.488
2741 0.4843 0.5157
2742 0.5302 0.4698
2743 0.5098 0.4902
2744 0.5217 0.4783
2745 0.5028 0.4972
2746 0.4765 0.5235
2747 0.4403 0.5597
2748 0.5308 0.4692
2749 0.5224 0.4776
2750 0.5605 0.4395
2751 0.5029 0.4971
2752 0.5033 0.4967
2753 0.5621 0.4379
2754 0.5034 0.4966
2755 0.5515 0.4485
2756 0.5252 0.4748
2757 0.4683 0.5317
2758 0.4906 0.5094
2759 0.47 0.53
2760 0.5392 0.4608
2761 0.5785 0.4215
2762 0.4758 0.5242
2763 0.5299 0.4701
2764 0.4904 0.5096
2765 0.5269 0.4731
2766 0.53 0.47
2767 0.495 0.505
2768 0.5688 0.4312
2769 0.5345 0.4655
2770 0.4907 0.5093
2771 0.4632 0.5368
2772 0.4943 0.5057
2773 0.5625 0.4375
2774 0.5508 0.4492
2775 0.4425 0.5575
2776 0.5 0.5
2777 0.5909 0.4091
2778 0.5392 0.4608
2779 0.4842 0.5158
2780 0.4651 0.5349
2781 0.5341 0.4659
2782 0.5 0.5
2783 0.4516 0.5484
2784 0.5395 0.4605
2785 0.5278 0.4722
2786 0.589 0.411
2787 0.4225 0.5775
2788 0.597 0.403
2789 0.6333 0.3667
2790 0.4848 0.5152
2791 0.5361 0.4639
2792 0.4545 0.5455
2793 0.573 0.427
2794 0.5676 0.4324
2795 0.5259 0.4741
2796 0.4911 0.5089
2797 0.4815 0.5185
2798 0.4842 0.5158
2799 0.4324 0.5676
2800 0.6286 0.3714
2801 0.5957 0.4043
2802 0.5446 0.4554
2803 0.5091 0.4909
2804 0.531 0.469
2805 0.42 0.58
2806 0.5361 0.4639
2807 0.5273 0.4727
2808 0.5122 0.4878
2809 0.5194 0.4806
2810 0.4286 0.5714
2811 0.4805 0.5195
2812 0.4658 0.5342
2813 0.5067 0.4933
2814 0.5 0.5
2815 0.5248 0.4752
2816 0.5098 0.4902
2817 0.5243 0.4757
2818 0.4727 0.5273
2819 0.4904 0.5096
2820 0.5575 0.4425
2821 0.4524 0.5476
2822 0.4912 0.5088
2823 0.49 0.51
2824 0.5385 0.4615
2825 0.5294 0.4706
2826 0.5479 0.4521
2827 0.4808 0.5192
2828 0.3934 0.6066
2829 0.4444 0.5556
2830 0.6173 0.3827
2831 0.5258 0.4742
2832 0.5566 0.4434
2833 0.3918 0.6082
2834 0.5506 0.4494
2835 0.5321 0.4679
2836 0.4958 0.5042
2837 0.5044 0.4956
2838 0.5306 0.4694
2839 0.5816 0.4184
2840 0.5053 0.4947
2841 0.5914 0.4086
2842 0.5053 0.4947
2843 0.5417 0.4583
2844 0.6211 0.3789
2845 0.5 0.5
2846 0.4773 0.5227
2847 0.4932 0.5068
2848 0.5783 0.4217
2849 0.5368 0.4632
2850 0.5566 0.4434
2851 0.5046 0.4954
2852 0.4815 0.5185
2853 0.4 0.6
2854 0.4416 0.5584
2855 0.5467 0.4533
2856 0.5 0.5
2857 0.4697 0.5303
2858 0.5147 0.4853
2859 0.493 0.507
2860 0.4848 0.5152
2861 0.5246 0.4754
2862 0.386 0.614
2863 0.4894 0.5106
2864 0.5319 0.4681
2865 0.5082 0.4918
2866 0.4426 0.5574
2867 0.4118 0.5882
2868 0.4615 0.5385
2869 0.65 0.35
2870 0.6226 0.3774
2871 0.5192 0.4808
2872 0.6508 0.3492
2873 0.4769 0.5231
2874 0.537 0.463
2875 0.3261 0.6739
2876 0.625 0.375
2877 0.463 0.537
2878 0.5357 0.4643
2879 0.5536 0.4464
2880 0.4717 0.5283
2881 0.5455 0.4545
2882 0.5714 0.4286
2883 0.4769 0.5231
2884 0.4754 0.5246
2885 0.4118 0.5882
2886 0.6522 0.3478
2887 0.5 0.5
2888 0.5581 0.4419
2889 0.5 0.5
2890 0.6042 0.3958
2891 0.5455 0.4545
2892 0.5465 0.4535
2893 0.4835 0.5165
2894 0.4225 0.5775
2895 0.5 0.5
2896 0.5536 0.4464
2897 0.5517 0.4483
2898 0.3585 0.6415
2899 0.5636 0.4364
2900 0.5479 0.4521
2901 0.5181 0.4819
2902 0.4691 0.5309
2903 0.5952 0.4048
2904 0.5213 0.4787
2905 0.5208 0.4792
2906 0.4598 0.5402
2907 0.5 0.5
2908 0.5376 0.4624
2909 0.5545 0.4455
2910 0.4444 0.5556
2911 0.5208 0.4792
2912 0.4875 0.5125
2913 0.5895 0.4105
2914 0.4479 0.5521
2915 0.4651 0.5349
2916 0.5581 0.4419
2917 0.5258 0.4742
2918 0.4831 0.5169
2919 0.4474 0.5526
2920 0.4286 0.5714
2921 0.5902 0.4098
2922 0.5211 0.4789
2923 0.5823 0.4177
2924 0.614 0.386
2925 0.4648 0.5352
2926 0.4622 0.5378
2927 0.5283 0.4717
2928 0.5213 0.4787
2929 0.4557 0.5443
2930 0.5075 0.4925
2931 0.5143 0.4857
2932 0.5876 0.4124
2933 0.5413 0.4587
2934 0.5043 0.4957
2935 0.4343 0.5657
2936 0.5784 0.4216
2937 0.4423 0.5577
2938 0.5727 0.4273
2939 0.5676 0.4324
2940 0.5092 0.4908
2941 0.4444 0.5556
2942 0.5152 0.4848
2943 0.438 0.562
2944 0.5492 0.4508
2945 0.4737 0.5263
2946 0.5379 0.4621
2947 0.5533 0.4467
2948 0.5 0.5
2949 0.5309 0.4691
2950 0.5193 0.4807
2951 0.5236 0.4764
2952 0.5354 0.4646
2953 0.495 0.505
2954 0.4762 0.5238
2955 0.4756 0.5244
2956 0.5139 0.4861
2957 0.4701 0.5299
2958 0.5461 0.4539
2959 0.5208 0.4792
2960 0.4889 0.5111
2961 0.5214 0.4786
2962 0.568 0.432
2963 0.5255 0.4745
2964 0.5517 0.4483
2965 0.5449 0.4551
2966 0.5585 0.4415
2967 0.4712 0.5288
2968 0.4759 0.5241
2969 0.5531 0.4469
2970 0.4869 0.5131
2971 0.6019 0.3981
2972 0.4669 0.5331
2973 0.4762 0.5238
2974 0.4863 0.5137
2975 0.5 0.5
2976 0.5325 0.4675
2977 0.5622 0.4378
2978 0.4489 0.5511
2979 0.5592 0.4408
2980 0.4848 0.5152
2981 0.5132 0.4868
2982 0.4643 0.5357
2983 0.5886 0.4114
2984 0.4655 0.5345
2985 0.5153 0.4847
2986 0.491 0.509
2987 0.4744 0.5256
2988 0.4889 0.5111
2989 0.4444 0.5556
2990 0.4957 0.5043
2991 0.5378 0.4622
2992 0.5782 0.4218
2993 0.4444 0.5556
2994 0.6014 0.3986
2995 0.4528 0.5472
2996 0.4853 0.5147
2997 0.5035 0.4965
2998 0.5214 0.4786
2999 0.4412 0.5588
3000 0.5078 0.4922
3001 0.5145 0.4855
3002 0.4538 0.5462
3003 0.5085 0.4915
3004 0.5 0.5
3005 0.381 0.619
3006 0.5532 0.4468
3007 0.4851 0.5149
3008 0.495 0.505
3009 0.3864 0.6136
3010 0.3636 0.6364
3011 0.4255 0.5745
3012 0.5789 0.4211
3013 0.5342 0.4658
3014 0.6421 0.3579
3015 0.4563 0.5437
3016 0.4731 0.5269
3017 0.4706 0.5294
3018 0.4085 0.5915
3019 0.4655 0.5345
3020 0.5873 0.4127
3021 0.5125 0.4875
3022 0.4714 0.5286
3023 0.5588 0.4412
3024 0.4615 0.5385
3025 0.5 0.5
3026 0.5106 0.4894
3027 0.5417 0.4583
3028 0.3714 0.6286
3029 0.5238 0.4762
3030 0.68 0.32
3031 0.5429 0.4571
3032 0.5641 0.4359
3033 0.4878 0.5122
3034 0.4167 0.5833
3035 0.5385 0.4615
3036 0.52 0.48
3037 0.5556 0.4444
3038 0.5588 0.4412
3039 0.4571 0.5429
3040 0.4242 0.5758
3041 0.6744 0.3256
3042 0.4655 0.5345
3043 0.4783 0.5217
3044 0.3947 0.6053
3045 0.4857 0.5143
3046 0.4722 0.5278
3047 0.6531 0.3469
3048 0.5574 0.4426
3049 0.5 0.5
3050 0.4528 0.5472
3051 0.5636 0.4364
3052 0.5821 0.4179
3053 0.6076 0.3924
3054 0.6075 0.3925
3055 0.5 0.5
3056 0.5786 0.4214
3057 0.4965 0.5035
3058 0.4215 0.5785
3059 0.5433 0.4567
3060 0.472 0.528
3061 0.3725 0.6275
3062 0.3733 0.6267
3063 0.4576 0.5424
3064 0.375 0.625
3065 0.5455 0.4545
3066 0.5238 0.4762
3067 0.4688 0.5312
3068 0.5312 0.4688
3069 0.4912 0.5088
3070 0.6625 0.3375
3071 0.4949 0.5051
3072 0.5 0.5
3073 0.4815 0.5185
3074 0.5287 0.4713
3075 0.4881 0.5119
3076 0.5495 0.4505
3077 0.4713 0.5287
3078 0.4815 0.5185
3079 0.5368 0.4632
3080 0.4955 0.5045
3081 0.4909 0.5091
3082 0.5421 0.4579
3083 0.4796 0.5204
3084 0.5233 0.4767
3085 0.5119 0.4881
3086 0.5652 0.4348
3087 0.5347 0.4653
3088 0.4839 0.5161
3089 0.5366 0.4634
3090 0.5122 0.4878
3091 0.4946 0.5054
3092 0.5155 0.4845
3093 0.5269 0.4731
3094 0.5258 0.4742
3095 0.5149 0.4851
3096 0.5521 0.4479
3097 0.5408 0.4592
3098 0.5377 0.4623
3099 0.514 0.486
3100 0.5046 0.4954
3101 0.5321 0.4679
3102 0.5299 0.4701
3103 0.4696 0.5304
3104 0.5243 0.4757
3105 0.4455 0.5545
3106 0.4048 0.5952
3107 0.5417 0.4583
3108 0.5342 0.4658
3109 0.557 0.443
3110 0.5233 0.4767
3111 0.4416 0.5584
3112 0.5696 0.4304
3113 0.4384 0.5616
3114 0.629 0.371
3115 0.5714 0.4286
3116 0.5412 0.4588
3117 0.5488 0.4512
3118 0.56 0.44
3119 0.4769 0.5231
3120 0.463 0.537
3121 0.6491 0.3509
3122 0.5526 0.4474
3123 0.5455 0.4545
3124 0.4483 0.5517
3125 0.5938 0.4062
3126 0.4796 0.5204
3127 0.4891 0.5109
3128 0.4875 0.5125
3129 0.5139 0.4861
3130 0.4328 0.5672
3131 0.4464 0.5536
3132 0.5 0.5
3133 0.5962 0.4038
3134 0.5094 0.4906
3135 0.5 0.5
3136 0.625 0.375
3137 0.4151 0.5849
3138 0.4146 0.5854
3139 0.6 0.4
3140 0.5 0.5
3141 0.3947 0.6053
3142 0.5455 0.4545
3143 0.5152 0.4848
3144 0.5349 0.4651
3145 0.4615 0.5385
3146 0.5476 0.4524
3147 0.537 0.463
3148 0.5172 0.4828
3149 0.4364 0.5636
3150 0.5192 0.4808
3151 0.55 0.45
3152 0.4925 0.5075
3153 0.5753 0.4247
3154 0.493 0.507
3155 0.5429 0.4571
3156 0.6 0.4
3157 0.4865 0.5135
3158 0.5783 0.4217
3159 0.5566 0.4434
3160 0.4712 0.5288
3161 0.6356 0.3644
3162 0.5111 0.4889
3163 0.5203 0.4797
3164 0.5339 0.4661
3165 0.5635 0.4365
3166 0.5827 0.4173
3167 0.5901 0.4099
3168 0.4906 0.5094
3169 0.5419 0.4581
3170 0.4752 0.5248
3171 0.5547 0.4453
3172 0.5818 0.4182
3173 0.4826 0.5174
3174 0.5325 0.4675
3175 0.4474 0.5526
3176 0.4228 0.5772
3177 0.5 0.5
3178 0.5 0.5
3179 0.4421 0.5579
3180 0.5189 0.4811
3181 0.5794 0.4206
3182 0.48 0.52
3183 0.5659 0.4341
3184 0.5532 0.4468
3185 0.4726 0.5274
3186 0.5669 0.4331
3187 0.4688 0.5312
3188 0.5443 0.4557
3189 0.5614 0.4386
3190 0.5196 0.4804
3191 0.5096 0.4904
3192 0.5329 0.4671
3193 0.5741 0.4259
3194 0.4521 0.5479
3195 0.5041 0.4959
3196 0.5045 0.4955
3197 0.5317 0.4683
3198 0.5175 0.4825
3199 0.5882 0.4118
3200 0.4961 0.5039
3201 0.5042 0.4958
3202 0.5546 0.4454
3203 0.4609 0.5391
3204 0.5354 0.4646
3205 0.5616 0.4384
3206 0.4967 0.5033
3207 0.5395 0.4605
3208 0.482 0.518
3209 0.4622 0.5378
3210 0.5437 0.4563
3211 0.5656 0.4344
3212 0.5862 0.4138
3213 0.5395 0.4605
3214 0.4437 0.5563
3215 0.536 0.464
3216 0.4914 0.5086
3217 0.5714 0.4286
3218 0.5556 0.4444
3219 0.5164 0.4836
3220 0.5789 0.4211
3221 0.5132 0.4868
3222 0.4965 0.5035
3223 0.4237 0.5763
3224 0.4819 0.5181
3225 0.5909 0.4091
3226 0.5784 0.4216
3227 0.5263 0.4737
3228 0.5581 0.4419
3229 0.5405 0.4595
3230 0.5247 0.4753
3231 0.5569 0.4431
3232 0.4884 0.5116
3233 0.4774 0.5226
3234 0.471 0.529
3235 0.513 0.487
3236 0.5833 0.4167
3237 0.4926 0.5074
3238 0.5328 0.4672
3239 0.4957 0.5043
3240 0.5484 0.4516
3241 0.5959 0.4041
3242 0.5188 0.4812
3243 0.6 0.4
3244 0.5303 0.4697
3245 0.5359 0.4641
3246 0.4656 0.5344
3247 0.4812 0.5188
3248 0.5556 0.4444
3249 0.471 0.529
3250 0.5145 0.4855
3251 0.4737 0.5263
3252 0.5217 0.4783
3253 0.566 0.434
3254 0.5 0.5
3255 0.5505 0.4495
3256 0.5138 0.4862
3257 0.5 0.5
3258 0.5229 0.4771
3259 0.4914 0.5086
3260 0.5096 0.4904
3261 0.5 0.5
3262 0.5 0.5
3263 0.475 0.525
3264 0.5385 0.4615
3265 0.3871 0.6129
3266 0.4167 0.5833
3267 0.5455 0.4545
3268 0.5269 0.4731
3269 0.4565 0.5435
3270 0.5122 0.4878
3271 0.5222 0.4778
3272 0.53 0.47
3273 0.5333 0.4667
3274 0.5189 0.4811
3275 0.5464 0.4536
3276 0.5543 0.4457
3277 0.5567 0.4433
3278 0.5 0.5
3279 0.4881 0.5119
3280 0.4878 0.5122
3281 0.5125 0.4875
3282 0.5 0.5
3283 0.3973 0.6027
3284 0.5735 0.4265
3285 0.5556 0.4444
3286 0.5577 0.4423
3287 0.4775 0.5225
3288 0.4615 0.5385
3289 0.55 0.45
3290 0.5315 0.4685
3291 0.5259 0.4741
3292 0.5085 0.4915
3293 0.5207 0.4793
3294 0.5043 0.4957
3295 0.5317 0.4683
3296 0.4583 0.5417
3297 0.5243 0.4757
3298 0.4804 0.5196
3299 0.4526 0.5474
3300 0.4831 0.5169
3301 0.3896 0.6104
3302 0.4921 0.5079
3303 0.575 0.425
3304 0.4556 0.5444
3305 0.5185 0.4815
3306 0.5 0.5
3307 0.4306 0.5694
3308 0.5278 0.4722
3309 0.5395 0.4605
3310 0.5068 0.4932
3311 0.5679 0.4321
3312 0.5577 0.4423
3313 0.5126 0.4874
3314 0.4872 0.5128
3315 0.4762 0.5238
3316 0.5439 0.4561
3317 0.5161 0.4839
3318 0.4554 0.5446
3319 0.5495 0.4505
3320 0.5437 0.4563
3321 0.3908 0.6092
3322 0.5417 0.4583
3323 0.4865 0.5135
3324 0.5976 0.4024
3325 0.4286 0.5714
3326 0.5303 0.4697
3327 0.4516 0.5484
3328 0.5909 0.4091
3329 0.5072 0.4928
3330 0.5889 0.4111
3331 0.5189 0.4811
3332 0.3933 0.6067
3333 0.5119 0.4881
3334 0.4225 0.5775
3335 0.5672 0.4328
3336 0.593 0.407
3337 0.5481 0.4519
3338 0.4639 0.5361
3339 0.4756 0.5244
3340 0.5395 0.4605
3341 0.5405 0.4595
3342 0.5195 0.4805
3343 0.5854 0.4146
3344 0.4024 0.5976
3345 0.4366 0.5634
3346 0.589 0.411
3347 0.5604 0.4396
3348 0.537 0.463
3349 0.479 0.521
3350 0.4957 0.5043
3351 0.3878 0.6122
3352 0.5181 0.4819
3353 0.5625 0.4375
3354 0.4314 0.5686
3355 0.4536 0.5464
3356 0.5 0.5
3357 0.4412 0.5588
3358 0.4545 0.5455
3359 0.5686 0.4314
3360 0.4364 0.5636
3361 0.5185 0.4815
3362 0.5441 0.4559
3363 0.56 0.44
3364 0.527 0.473
3365 0.5417 0.4583
3366 0.5802 0.4198
3367 0.5119 0.4881
3368 0.5625 0.4375
3369 0.4382 0.5618
3370 0.5114 0.4886
3371 0.4125 0.5875
3372 0.5 0.5
3373 0.6184 0.3816
3374 0.3947 0.6053
3375 0.5857 0.4143
3376 0.443 0.557
3377 0.5309 0.4691
3378 0.4706 0.5294
3379 0.5213 0.4787
3380 0.5192 0.4808
3381 0.4674 0.5326
3382 0.5238 0.4762
3383 0.573 0.427
3384 0.5684 0.4316
3385 0.53 0.47
3386 0.5385 0.4615
3387 0.4592 0.5408
3388 0.5488 0.4512
3389 0.5349 0.4651
3390 0.4533 0.5467
3391 0.6282 0.3718
3392 0.4941 0.5059
3393 0.5185 0.4815
3394 0.5217 0.4783
3395 0.4953 0.5047
3396 0.4821 0.5179
3397 0.4404 0.5596
3398 0.4535 0.5465
3399 0.4559 0.5441
3400 0.5167 0.4833
3401 0.4928 0.5072
3402 0.5068 0.4932
3403 0.5366 0.4634
3404 0.4881 0.5119
3405 0.4143 0.5857
3406 0.5082 0.4918
3407 0.4521 0.5479
3408 0.377 0.623
3409 0.58 0.42
3410 0.5286 0.4714
3411 0.3889 0.6111
3412 0.46 0.54
3413 0.5962 0.4038
3414 0.5254 0.4746
3415 0.5455 0.4545
3416 0.5467 0.4533
3417 0.5294 0.4706
3418 0.4828 0.5172
3419 0.4691 0.5309
3420 0.5325 0.4675
3421 0.4533 0.5467
3422 0.6098 0.3902
3423 0.4889 0.5111
3424 0.4744 0.5256
3425 0.5263 0.4737
3426 0.481 0.519
3427 0.622 0.378
3428 0.5435 0.4565
3429 0.5435 0.4565
3430 0.5542 0.4458
3431 0.5062 0.4938
3432 0.5568 0.4432
3433 0.5596 0.4404
3434 0.4327 0.5673
3435 0.4872 0.5128
3436 0.4857 0.5143
3437 0.5217 0.4783
3438 0.5342 0.4658
3439 0.4857 0.5143
3440 0.4545 0.5455
3441 0.4737 0.5263
3442 0.5507 0.4493
3443 0.4638 0.5362
3444 0.4828 0.5172
3445 0.5246 0.4754
3446 0.4603 0.5397
3447 0.4545 0.5455
3448 0.5263 0.4737
3449 0.5775 0.4225
3450 0.5465 0.4535
3451 0.5981 0.4019
3452 0.4907 0.5093
3453 0.5392 0.4608
3454 0.505 0.495
3455 0.5351 0.4649
3456 0.4495 0.5505
3457 0.4767 0.5233
3458 0.6 0.4
3459 0.5196 0.4804
3460 0.48 0.52
3461 0.45 0.55
3462 0.5915 0.4085
3463 0.5062 0.4938
3464 0.5211 0.4789
3465 0.6 0.4
3466 0.5227 0.4773
3467 0.5176 0.4824
3468 0.5422 0.4578
3469 0.5543 0.4457
3470 0.6055 0.3945
3471 0.4878 0.5122
3472 0.5547 0.4453
3473 0.4688 0.5312
3474 0.5591 0.4409
3475 0.5035 0.4965
3476 0.4932 0.5068
3477 0.543 0.457
3478 0.5414 0.4586
3479 0.497 0.503
3480 0.5 0.5
3481 0.4366 0.5634
3482 0.4874 0.5126
3483 0.5078 0.4922
3484 0.4359 0.5641
3485 0.4624 0.5376
3486 0.4828 0.5172
3487 0.4643 0.5357
3488 0.4865 0.5135
3489 0.5 0.5
3490 0.4839 0.5161
3491 0.5373 0.4627
3492 0.5541 0.4459
3493 0.4328 0.5672
3494 0.4444 0.5556
3495 0.4884 0.5116
3496 0.5 0.5
3497 0.4688 0.5312
3498 0.4828 0.5172
3499 0.5217 0.4783
3500 0.6957 0.3043
3501 0.5484 0.4516
3502 0.5625 0.4375
3503 0.6512 0.3488
3504 0.5536 0.4464
3505 0.4 0.6
3506 0.4468 0.5532
3507 0.4681 0.5319
3508 0.3721 0.6279
3509 0.4651 0.5349
3510 0.5577 0.4423
3511 0.5246 0.4754
3512 0.3333 0.6667
3513 0.5862 0.4138
3514 0.5556 0.4444
3515 0.56 0.44
3516 0.383 0.617
3517 0.5667 0.4333
3518 0.6389 0.3611
3519 0.4889 0.5111
3520 0.5116 0.4884
3521 0.5957 0.4043
3522 0.5714 0.4286
3523 0.5256 0.4744
3524 0.4762 0.5238
3525 0.4286 0.5714
3526 0.614 0.386
3527 0.5556 0.4444
3528 0.6027 0.3973
3529 0.557 0.443
3530 0.5513 0.4487
3531 0.5349 0.4651
3532 0.3846 0.6154
3533 0.569 0.431
3534 0.4677 0.5323
3535 0.5085 0.4915
3536 0.5439 0.4561
3537 0.5424 0.4576
3538 0.5867 0.4133
3539 0.4588 0.5412
3540 0.5541 0.4459
3541 0.5152 0.4848
3542 0.3673 0.6327
3543 0.5952 0.4048
3544 0.4474 0.5526
3545 0.6809 0.3191
3546 0.4828 0.5172
3547 0.4 0.6
3548 0.4839 0.5161
3549 0.625 0.375
3550 0.4062 0.5938
3551 0.56 0.44
3552 0.5862 0.4138
3553 0.6829 0.3171
3554 0.625 0.375
3555 0.4918 0.5082
3556 0.5167 0.4833
3557 0.4483 0.5517
3558 0.6353 0.3647
3559 0.5 0.5
3560 0.5 0.5
3561 0.4 0.6
3562 0.4082 0.5918
3563 0.5 0.5
3564 0.5349 0.4651
3565 0.5455 0.4545
3566 0.5172 0.4828
3567 0.4667 0.5333
3568 0.5814 0.4186
3569 0.5435 0.4565
3570 0.54 0.46
3571 0.3721 0.6279
3572 0.4516 0.5484
3573 0.4848 0.5152
3574 0.5778 0.4222
3575 0.5472 0.4528
3576 0.6301 0.3699
3577 0.3973 0.6027
3578 0.5263 0.4737
3579 0.5522 0.4478
3580 0.5147 0.4853
3581 0.4769 0.5231
3582 0.5469 0.4531
3583 0.4138 0.5862
3584 0.3636 0.6364
3585 0.5172 0.4828
3586 0.5333 0.4667
3587 0.4857 0.5143
3588 0.5263 0.4737
3589 0.3929 0.6071
3590 0.4231 0.5769
3591 0.5 0.5
3592 0.4167 0.5833
3593 0.4118 0.5882
3594 0.5294 0.4706
3595 0.5 0.5
3596 0.5909 0.4091
3597 0.5417 0.4583
3598 0.6176 0.3824
3599 0.6458 0.3542
3600 0.4921 0.5079
3601 0.4815 0.5185
3602 0.4255 0.5745
3603 0.5641 0.4359
3604 0.5294 0.4706
3605 0.4667 0.5333
3606 0.5789 0.4211
3607 0.4286 0.5714
3608 0.641 0.359
3609 0.6207 0.3793
3610 0.4848 0.5152
3611 0.5 0.5
3612 0.4048 0.5952
3613 0.52 0.48
3614 0.7742 0.2258
3615 0.475 0.525
3616 0.4474 0.5526
3617 0.5135 0.4865
3618 0.5 0.5
3619 0.4722 0.5278
3620 0.3571 0.6429
3621 0.5238 0.4762
3622 0.6154 0.3846
3623 0.4333 0.5667
3624 0.4667 0.5333
3625 0.3158 0.6842
3626 0.4545 0.5455
3627 0.5 0.5
3628 0.2 0.8
3629 0.75 0.25
3630 0.875 0.125
3631 0.4545 0.5455
3632 0.5714 0.4286
3633 0.6667 0.3333
3634 0.4848 0.5152
3635 0.4231 0.5769
3636 0.6571 0.3429
3637 0.5 0.5
3638 0.4634 0.5366
3639 0.4737 0.5263
3640 0.5854 0.4146
3641 0.4186 0.5814
3642 0.5333 0.4667
3643 0.4 0.6
3644 0.5758 0.4242
3645 0.5833 0.4167
3646 0.5909 0.4091
3647 0.4912 0.5088
3648 0.4603 0.5397
3649 0.5823 0.4177
3650 0.5 0.5
3651 0.5349 0.4651
3652 0.4945 0.5055
3653 0.4177 0.5823
3654 0.4921 0.5079
3655 0.5385 0.4615
3656 0.3966 0.6034
3657 0.375 0.625
3658 0.561 0.439
3659 0.3421 0.6579
3660 0.5161 0.4839
3661 0.4516 0.5484
3662 0.5 0.5
3663 0.4348 0.5652
3664 0.5238 0.4762
3665 0.4118 0.5882
3666 0.7727 0.2273
3667 0.5625 0.4375
3668 0.4516 0.5484
3669 0.4783 0.5217
3670 0.5294 0.4706
3671 0.4444 0.5556
3672 0.4286 0.5714
3673 0.6667 0.3333
3674 0.6 0.4
3675 0.6 0.4
3676 0.6471 0.3529
3677 0.4706 0.5294
3678 0.7 0.3
3679 0.5556 0.4444
3680 0.5185 0.4815
3681 0.4762 0.5238
3682 0.5385 0.4615
3683 0.3793 0.6207
3684 0.2353 0.7647
3685 0.4286 0.5714
3686 0.25 0.75
3687 0.6 0.4
3688 0.4 0.6
3689 0.5 0.5
3690 0.3333 0.6667
3691 0.75 0.25
3692 0.25 0.75
3693 0.5 0.5
3694 0.0 1.0
3696 0.75 0.25
3697 0.6667 0.3333
3698 0.4286 0.5714
3699 0.5385 0.4615
3700 0.4615 0.5385
3701 0.4545 0.5455
3702 0.6 0.4
3703 0.3333 0.6667
3704 0.1667 0.8333
3705 0.0 1.0
3707 0.0 1.0
3709 1.0 0.0
3710 0.5 0.5
3711 1.0 0.0
3712 0.6667 0.3333
3713 1.0 0.0
3714 0.6 0.4
3715 0.4545 0.5455
3716 0.4615 0.5385
3717 0.4545 0.5455
3718 0.5 0.5
3719 0.5 0.5
3720 0.4 0.6
3721 1.0 0.0
3722 1.0 0.0
3726 1.0 0.0
3727 0.6667 0.3333
3728 0.75 0.25
3729 0.6667 0.3333
3730 1.0 0.0
3731 0.4444 0.5556
3732 0.7273 0.2727
3733 0.5833 0.4167
3734 0.5556 0.4444
3735 0.5 0.5
3736 0.5455 0.4545
3737 0.5385 0.4615
3738 0.6471 0.3529
3739 0.3846 0.6154
3740 0.5385 0.4615
3741 0.3333 0.6667
3742 0.5556 0.4444
3743 0.4 0.6
3744 0.6667 0.3333
3745 0.6 0.4
3746 0.7143 0.2857
3747 0.5625 0.4375
3748 0.5294 0.4706
3749 0.625 0.375
3750 0.5 0.5
3751 0.5 0.5
3752 0.625 0.375
3753 0.6667 0.3333
3754 0.6667 0.3333
3755 0.75 0.25
3756 0.4615 0.5385
3757 0.6 0.4
3758 0.6667 0.3333
3759 0.3333 0.6667
3760 0.2727 0.7273
3761 0.0 1.0
3763 0.0 1.0
3764 0.0 1.0
3770 1.0 0.0
3771 0.6667 0.3333
3772 0.5 0.5
3773 0.4 0.6
3774 0.6 0.4
3775 0.5 0.5
3776 0.5 0.5
3777 0.5455 0.4545
3778 0.5455 0.4545
3779 0.6923 0.3077
3780 0.5 0.5
3781 0.3077 0.6923
3782 0.5714 0.4286
3783 0.5385 0.4615
3784 0.2857 0.7143
3785 0.4 0.6
3786 0.6364 0.3636
3787 0.5333 0.4667
3788 0.4667 0.5333
3789 0.6818 0.3182
3790 0.4138 0.5862
3791 0.25 0.75
3792 0.4 0.6
3793 0.5 0.5
3794 0.5 0.5
3795 0.8889 0.1111
3796 0.6875 0.3125
3797 0.5909 0.4091
3798 0.4167 0.5833
3799 0.4375 0.5625
3800 0.6667 0.3333
3801 0.3889 0.6111
3802 0.3846 0.6154
3803 0.6 0.4
3804 0.375 0.625
3805 0.4615 0.5385
3806 0.4545 0.5455
3807 0.1429 0.8571
3808 0.3333 0.6667
3809 0.0 1.0
3810 0.5 0.5
3811 0.5 0.5
3812 0.5714 0.4286
3813 0.8 0.2
3814 0.4545 0.5455
3815 0.3333 0.6667
3816 0.4 0.6
3817 0.4615 0.5385
3818 0.4 0.6
3819 0.5556 0.4444
3820 0.6 0.4
3821 0.25 0.75
3822 0.0 1.0
3823 0.0 1.0
3824 0.0 1.0
3825 0.5 0.5
3826 0.6 0.4
3827 0.6667 0.3333
3828 0.5455 0.4545
3829 0.5 0.5
3830 0.5714 0.4286
3831 0.2857 0.7143
3832 0.5 0.5
3833 0.3333 0.6667
3834 0.6 0.4
3835 0.3333 0.6667
3836 1.0 0.0
3837 1.0 0.0
3838 1.0 0.0
3839 0.3333 0.6667
3840 0.75 0.25
3841 0.0 1.0
3843 1.0 0.0
3844 1.0 0.0
3845 0.5 0.5
3846 0.5 0.5
3847 0.75 0.25
3848 0.8333 0.1667
3849 0.3333 0.6667
3850 0.6667 0.3333
3851 0.5 0.5
3852 0.6 0.4
3853 0.4286 0.5714
3854 0.3333 0.6667
3855 0.6 0.4
3856 0.3333 0.6667
3857 0.5 0.5
3858 0.5 0.5
3859 0.0 1.0
3874 0.0 1.0
3875 0.5 0.5
3876 1.0 0.0
3877 1.0 0.0
3878 0.0 1.0
3903 1.0 0.0
3904 0.4286 0.5714
3905 0.5556 0.4444
3906 0.25 0.75
3907 0.25 0.75
3908 0.4 0.6
3909 0.25 0.75
3910 0.6667 0.3333
3911 0.6667 0.3333
3912 0.5833 0.4167
3913 0.6316 0.3684
3914 0.5172 0.4828
3915 0.3182 0.6818
3916 0.25 0.75
3917 0.375 0.625
3918 0.2857 0.7143
3919 0.4 0.6
3920 0.4 0.6
3921 0.0 1.0
3923 0.0 1.0
3924 0.0 1.0
3925 0.0 1.0
3926 0.0 1.0
3927 0.5 0.5
3928 0.8 0.2
3929 0.6 0.4
3930 0.5714 0.4286
3931 0.5263 0.4737
3932 0.55 0.45
3933 0.4286 0.5714
3934 0.5833 0.4167
3935 0.75 0.25
3936 0.5882 0.4118
3937 0.625 0.375
3938 0.6522 0.3478
3939 0.3636 0.6364
3940 0.2727 0.7273
3941 0.4 0.6
3942 0.5 0.5
3943 0.25 0.75
3944 0.5 0.5
3945 0.0 1.0
3963 1.0 0.0
3964 0.0 1.0
3965 0.0 1.0
3966 1.0 0.0
3967 0.75 0.25
3968 0.25 0.75
3969 0.3333 0.6667
3970 0.0 1.0
3971 0.0 1.0
3972 0.0 1.0
3974 0.5 0.5
3975 0.8571 0.1429
3976 0.3333 0.6667
3977 0.2857 0.7143
3978 0.5 0.5
3979 0.7143 0.2857
3980 0.2 0.8
3981 0.5 0.5
3982 1.0 0.0
3983 0.6 0.4
3984 0.0 1.0
3986 1.0 0.0
3987 0.6667 0.3333
3988 0.5 0.5
3989 0.8 0.2
3990 0.5714 0.4286
3991 0.5 0.5
3992 0.625 0.375
3993 0.6 0.4
3994 0.3333 0.6667
3995 0.5 0.5
3996 0.8 0.2
3997 0.6667 0.3333
3998 0.6667 0.3333
3999 0.5789 0.4211
4000 0.65 0.35
4001 0.5 0.5
4002 0.5 0.5
4003 0.6316 0.3684
4004 0.3333 0.6667
4005 0.5333 0.4667
4006 0.4615 0.5385
4007 0.1 0.9
4008 0.75 0.25
4009 0.5625 0.4375
4010 0.2857 0.7143
4011 0.4545 0.5455
4012 0.625 0.375
4013 0.4118 0.5882
4014 0.5385 0.4615
4015 0.7 0.3
4016 0.6216 0.3784
4017 0.5294 0.4706
4018 0.5172 0.4828
4019 0.4082 0.5918
4020 0.5962 0.4038
4021 0.5652 0.4348
4022 0.4638 0.5362
4023 0.4583 0.5417
4024 0.3429 0.6571
4025 0.4091 0.5909
4026 0.2308 0.7692
4027 0.5714 0.4286
4028 0.3333 0.6667
4029 0.7222 0.2778
4030 0.4828 0.5172
4031 0.36 0.64
4032 0.3333 0.6667
4033 0.375 0.625
4034 0.4706 0.5294
4035 0.5294 0.4706
4036 0.3846 0.6154
4037 0.3333 0.6667
4038 0.625 0.375
4039 0.6667 0.3333
4040 0.5625 0.4375
4041 0.5263 0.4737
4042 0.4375 0.5625
4043 0.6316 0.3684
4044 0.4118 0.5882
4045 0.7 0.3
4046 0.6 0.4
4047 0.5385 0.4615
4048 0.619 0.381
4049 0.5714 0.4286
4050 0.4231 0.5769
4051 0.6667 0.3333
4052 0.4 0.6
4053 0.5385 0.4615
4054 0.44 0.56
4055 0.3333 0.6667
4056 0.5385 0.4615
4057 0.3846 0.6154
4058 0.2222 0.7778
4059 0.0 1.0
4112 1.0 0.0
4113 0.625 0.375
4114 0.3333 0.6667
4115 0.6667 0.3333
4116 0.6667 0.3333
4117 0.0 1.0
4119 1.0 0.0
4120 1.0 0.0
4121 1.0 0.0
4129 0.0 1.0
4133 1.0 0.0
4134 0.0 1.0
4135 0.6667 0.3333
4136 0.5 0.5
4137 0.375 0.625
4138 0.2 0.8
4139 0.6 0.4
4140 0.8 0.2
4141 0.75 0.25
4142 0.4 0.6
4143 0.5 0.5
4144 0.3636 0.6364
4145 0.4545 0.5455
4146 0.3333 0.6667
4147 0.3333 0.6667
4148 0.5556 0.4444
4149 0.25 0.75
4150 0.0 1.0
4277 1.0 0.0
4278 0.75 0.25
4279 0.4286 0.5714
4280 0.5556 0.4444
4281 0.4545 0.5455
4282 0.5556 0.4444
4283 0.5 0.5
4284 0.4545 0.5455
4285 0.6667 0.3333
4286 0.4167 0.5833
4287 0.5385 0.4615
4288 0.3636 0.6364
4289 0.0 1.0
4290 0.0 1.0
4318 1.0 0.0
4319 0.6667 0.3333
4320 0.5 0.5
4321 0.3333 0.6667
4322 0.3333 0.6667
4323 0.0 1.0
4380 1.0 0.0
4381 0.75 0.25
4382 0.6 0.4
4383 0.3333 0.6667
4384 1.0 0.0
4385 1.0 0.0
4386 0.6 0.4
4387 0.5 0.5
4388 0.3333 0.6667
4389 0.75 0.25
4390 0.25 0.75
4391 0.5 0.5
4392 0.0 1.0
4393 0.5 0.5
4394 1.0 0.0
4395 1.0 0.0
4396 1.0 0.0
4397 0.6667 0.3333
4398 0.5 0.5
4399 1.0 0.0
4400 0.3333 0.6667
4401 1.0 0.0
4402 1.0 0.0
4403 1.0 0.0
4410 0.0 1.0
4411 0.0 1.0
4412 0.0 1.0
4427 1.0 0.0
4428 0.0 1.0
4429 0.0 1.0
4430 0.0 1.0
4431 0.6667 0.3333
4432 0.6667 0.3333
4433 0.4 0.6
4434 0.25 0.75
4435 0.0 1.0
4446 1.0 0.0
4447 0.5 0.5
4448 0.75 0.25
4449 0.25 0.75
4450 0.5 0.5
4451 0.5 0.5
4452 0.5 0.5
4453 0.5 0.5
4454 0.0 1.0
4553 1.0 0.0
4554 0.75 0.25
4555 0.5 0.5
4556 0.6 0.4
4557 0.5714 0.4286
4558 0.6364 0.3636
4559 0.5 0.5
4560 0.4444 0.5556
4561 0.2 0.8
4562 0.0 1.0
4672 1.0 0.0
4673 0.6667 0.3333
4674 0.5 0.5
4675 0.6 0.4
4676 0.5 0.5
4677 0.6667 0.3333
4678 0.5 0.5
4679 1.0 0.0
4680 1.0 0.0
4681 1.0 0.0
4682 0.3333 0.6667
4683 0.6667 0.3333
4684 0.6 0.4
4685 0.25 0.75
4686 0.3333 0.6667
4687 0.0 1.0
4688 0.0 1.0
4689 0.0 1.0
4690 0.5 0.5
4691 0.0 1.0
4733 1.0 0.0
4734 0.8333 0.1667
4735 0.6364 0.3636
4736 0.5 0.5
4737 0.4444 0.5556
4738 0.7 0.3
4739 0.4545 0.5455
4740 0.5 0.5
4741 0.875 0.125
4742 0.375 0.625
4743 0.75 0.25
4744 0.6667 0.3333
4745 1.0 0.0
4746 1.0 0.0
4747 0.8 0.2
4748 0.875 0.125
4749 0.7 0.3
4750 0.4348 0.5652
4751 0.4706 0.5294
4752 0.5 0.5
4753 0.6923 0.3077
4754 0.5385 0.4615
4755 0.4615 0.5385
4756 0.6923 0.3077
4757 0.6667 0.3333
4758 0.52 0.48
4759 0.5 0.5
4760 0.3333 0.6667
4761 0.6875 0.3125
4762 0.4545 0.5455
4763 0.5 0.5
4764 0.5 0.5
4765 0.5 0.5
4766 0.5455 0.4545
4767 0.5 0.5
4768 0.5 0.5
4769 0.4286 0.5714
4770 0.5714 0.4286
4771 0.5 0.5
4772 0.0 1.0
4773 0.5 0.5
4774 0.0 1.0
4775 0.6667 0.3333
4776 0.7143 0.2857
4777 0.5 0.5
4778 0.6842 0.3158
4779 0.5 0.5
4780 0.5 0.5
4781 0.7222 0.2778
4782 0.4545 0.5455
4783 0.3125 0.6875
4784 0.2857 0.7143
4785 0.4 0.6
4786 0.25 0.75
4787 0.3333 0.6667
4788 0.75 0.25
4789 0.7143 0.2857
4790 0.3333 0.6667
4791 0.0 1.0
4852 1.0 0.0
4853 0.75 0.25
4854 0.5 0.5
4855 0.5 0.5
4856 0.5 0.5
4857 0.0 1.0
4859 1.0 0.0
4860 0.6 0.4
4861 0.5 0.5
4862 0.5 0.5
4863 0.4286 0.5714
4864 0.75 0.25
4865 0.6 0.4
4866 0.6667 0.3333
4867 0.7273 0.2727
4868 0.4667 0.5333
4869 0.5 0.5
4870 0.5 0.5
4871 0.2 0.8
4872 0.5 0.5
4873 0.0 1.0
4876 0.5 0.5
4877 0.5 0.5
4878 0.0 1.0
4935 1.0 0.0
4936 0.5 0.5
4937 0.5 0.5
4938 0.6667 0.3333
4939 0.4 0.6
4940 0.8 0.2
4941 0.5 0.5
4942 0.6 0.4
4943 0.6667 0.3333
4944 0.1667 0.8333
4945 1.0 0.0
4947 1.0 0.0
4948 1.0 0.0
4949 0.8 0.2
4950 0.25 0.75
4953 1.0 0.0
4954 0.75 0.25
4955 0.4286 0.5714
4956 0.0 1.0
4957 0.25 0.75
4958 0.4286 0.5714
4959 0.7143 0.2857
4960 0.5 0.5
4961 0.6 0.4
4962 0.6 0.4
4963 0.5 0.5
4964 0.75 0.25
4965 0.5 0.5
4966 0.25 0.75
4967 0.0 1.0
4973 1.0 0.0
4974 0.6667 0.3333
4975 0.3333 0.6667
4976 0.5 0.5
4977 1.0 0.0
4978 0.625 0.375
4979 0.5 0.5
4980 0.25 0.75
4981 0.6667 0.3333
4982 0.3333 0.6667
4983 0.6667 0.3333
4984 0.7143 0.2857
4985 0.4 0.6
4986 1.0 0.0
4987 0.75 0.25
4988 0.6 0.4
4989 0.2 0.8
4990 0.6667 0.3333
4991 0.4444 0.5556
4992 0.4 0.6
4993 0.2857 0.7143
4994 0.5 0.5
4995 0.3333 0.6667
4996 0.625 0.375
4997 0.1429 0.8571
4998 0.0 1.0
4999 0.5 0.5
5000 0.0 1.0
5003 0.0 1.0
5004 0.0 1.0
5005 0.8571 0.1429
5006 0.4 0.6
5007 0.5714 0.4286
5008 0.5556 0.4444
5009 0.4444 0.5556
5010 0.6923 0.3077
5011 0.4667 0.5333
5012 0.2222 0.7778
5013 0.5 0.5
5014 1.0 0.0
5017 0.0 1.0
5020 1.0 0.0
5021 1.0 0.0
5022 0.25 0.75
5023 0.0 1.0
5025 1.0 0.0
5026 0.0 1.0
5027 0.0 1.0
5028 0.0 1.0
5029 0.3333 0.6667
5030 0.0 1.0
5077 1.0 0.0
5078 0.75 0.25
5079 0.25 0.75
5080 0.0 1.0
5081 0.0 1.0
5082 0.0 1.0
5086 1.0 0.0
5087 0.75 0.25
5088 0.4545 0.5455
5089 0.1667 0.8333
5090 0.5 0.5
5091 0.0 1.0
5145 1.0 0.0
5146 0.75 0.25
5147 0.5 0.5
5148 0.75 0.25
5149 0.5 0.5
5150 0.3333 0.6667
5152 1.0 0.0
5153 1.0 0.0
5154 1.0 0.0
5156 1.0 0.0
5157 1.0 0.0
5159 1.0 0.0
5160 0.0 1.0
5161 0.0 1.0
5162 0.6667 0.3333
5163 0.5 0.5
5181 1.0 0.0
5182 0.0 1.0
5183 0.0 1.0
5184 0.0 1.0
5185 0.5 0.5
5186 0.6667 0.3333
5187 0.8 0.2
5188 0.1667 0.8333
5189 0.0 1.0
5192 1.0 0.0
5193 0.3333 0.6667
5194 0.5 0.5
5195 0.5 0.5
5196 0.5 0.5
5197 1.0 0.0
5198 0.0 1.0
5199 1.0 0.0
5200 0.8 0.2
5201 0.6 0.4
5202 0.8182 0.1818
5203 0.2308 0.7692
5204 0.6 0.4
5205 0.6 0.4
5206 0.3333 0.6667
5207 0.8333 0.1667
5208 0.2 0.8
5209 1.0 0.0
5210 0.6667 0.3333
5211 0.4 0.6
5212 0.25 0.75
5213 0.0 1.0
