0 0.003509521484375
1 0.005096435546875
2 0.011444091796875
3 0.0196533203125
4 0.0023651123046875
5 0.004913330078125
6 0.0072021484375
7 0.005859375
8 0.0
9 0.0069732666015625
10 0.0
11 0.0
12 0.0176239013671875
13 0.0012054443359375
14 0.0186920166015625
15 0.006591796875
16 0.0096282958984375
17 0.0068511962890625
18 0.003143310546875
19 0.0012969970703125
20 0.000823974609375
21 0.006195068359375
22 0.0
23 0.00030517578125
24 0.01092529296875
25 0.023529052734375
26 0.025634765625
27 0.00262451171875
28 0.011260986328125
29 0.0068206787109375
30 0.009124755859375
31 0.009002685546875
32 0.0167388916015625
33 0.0091705322265625
34 0.0
35 0.00634765625
36 0.0030670166015625
37 0.0113372802734375
38 0.009002685546875
39 0.018951416015625
40 0.0238494873046875
41 0.004364013671875
42 0.0
43 0.009490966796875
44 0.0
45 0.0108184814453125
46 0.000152587890625
47 0.0057830810546875
48 0.014068603515625
49 0.01312255859375
50 0.000762939453125
51 0.0003814697265625
52 0.001312255859375
53 0.014190673828125
54 0.0026397705078125
55 0.00872802734375
56 0.01416015625
57 0.026123046875
58 0.01678466796875
59 0.008514404296875
60 0.00421142578125
61 0.012176513671875
62 0.00592041015625
63 0.014190673828125
