0 55583195 0 0 0
1 26626533 55581391 10122237 55581391
2 16479983 26626936 10356024 26626936
3 13525132 16482902 10473380 24722390
4 11486121 13524079 9812400 22073571
5 9972612 11489629 9189556 19938639
6 8887494 9976713 8518465 18052542
7 8074517 8885724 7943347 16587091
8 7446622 8068632 7443432 15393428
9 6937356 7440803 7005783 14399027
10 6515287 6935854 6613187 13552587
11 6159739 6517216 6276792 12819835
12 5852591 6160476 5971996 12176341
13 5585494 5855196 5691528 11612804
14 5349056 5586969 5443787 11105465
15 5137708 5351062 5223589 10650268
16 4945054 5139900 5012759 10235241
17 4772740 4947092 4823798 9860671
18 4618891 4771911 4651769 9512509
19 4476059 4621673 4489347 9202735
20 4339277 4473194 4343894 8909518
21 4217992 4340471 4205321 8638662
22 4105596 4219821 4071202 8385798
23 3993246 4103602 3950517 8152521
24 3895554 3993074 3840109 7930634
25 3804396 3899168 3729500 7724225
26 3712908 3803691 3631992 7533553
27 3628637 3715169 3535314 7348457
28 3551365 3627239 3447420 7166541
29 3477133 3550159 3359922 7007317
30 3402745 3476784 3279532 6852761
31 3335395 3403961 3200059 6699359
32 3270984 3335443 3129949 6560619
33 3209555 3270902 3057747 6423438
34 3148686 3206008 2994267 6292915
35 3092684 3148862 2928789 6165889
36 3039052 3090344 2865824 6049467
37 2985347 3036170 2801919 5940807
38 2936950 2982850 2752575 5827789
39 2887032 2935031 2696368 5725122
40 2838380 2886683 2645447 5625586
41 2792853 2840540 2594059 5525365
42 2752657 2792989 2545687 5431093
43 2708620 2749296 2503127 5343989
44 2663803 2708547 2454883 5258492
45 2625747 2664751 2411675 5169517
46 2587616 2627864 2367359 5089564
47 2549683 2586154 2329445 5007546
48 2514207 2550659 2289010 4932151
49 2479033 2513705 2253736 4858995
50 2445975 2479845 2210386 4786392
51 2418099 2443733 2178847 4713609
52 2380745 2413933 2145882 4648860
53 2348999 2379815 2107866 4581246
54 2319492 2349677 2074509 4519865
55 2291089 2318393 2042309 4456246
56 2259267 2290671 2014601 4395656
57 2229822 2260385 1980761 4335841
58 2203919 2230442 1954131 4276230
59 2173555 2203464 1924907 4220924
60 2149714 2174506 1897897 4161761
61 2125120 2150111 1869524 4112789
62 2098097 2127029 1843109 4061020
63 2072414 2099564 1816877 4009375
64 2049846 2072766 1790094 3954844
65 2026623 2047632 1770303 3905603
66 2000479 2026087 1742934 3857444
67 1976529 2001141 1718028 3809467
68 1954030 1976081 1698136 3764073
69 1933126 1953710 1674220 3716157
70 1911245 1933041 1652024 3676844
71 1890658 1912109 1630382 3631209
72 1869924 1892114 1608949 3591756
73 1849512 1871498 1589015 3548066
74 1830337 1850713 1568833 3510954
75 1809283 1831624 1548603 3469509
76 1791368 1810353 1529169 3427522
77 1774584 1791652 1509650 3390019
78 1753866 1773591 1490585 3353479
79 1737309 1753994 1473661 3316495
80 1720579 1737193 1456773 3280490
81 1701746 1718712 1439071 3243088
82 1684784 1699526 1420348 3208574
83 1665347 1682743 1406311 3174932
84 1649190 1665017 1388254 3141270
85 1630945 1649157 1374279 3107794
86 1617059 1632855 1354786 3072946
87 1601462 1616686 1341425 3042850
88 1584277 1601366 1325765 3011322
89 1572418 1585490 1309959 2980337
90 1555379 1572871 1294174 2955346
91 1540574 1554566 1280493 2920806
92 1528319 1540809 1265415 2893188
93 1511520 1527023 1254864 2861982
94 1494938 1510252 1239353 2832706
95 1480496 1496948 1224252 2805283
96 1469833 1480920 1211436 2776731
97 1454871 1470330 1199054 2753080
98 1439923 1454543 1184116 2724922
99 1427900 1440535 1173305 2696811
100 1414215 1428661 1159252 2671496
101 1404307 1413999 1147213 2644393
102 1387446 1402586 1136314 2622718
103 1378469 1389274 1123016 2595899
104 1364413 1377031 1113755 2572834
105 1349376 1365553 1102333 2547016
106 1338841 1350786 1088302 2522468
107 1328371 1338451 1077172 2498877
108 1316763 1328239 1066136 2477627
109 1302806 1317645 1054662 2454220
110 1291597 1303836 1044016 2429175
111 1280304 1289522 1036361 2404401
112 1272180 1279092 1022125 2384317
113 1258929 1269265 1014471 2363046
114 1246185 1258380 1004976 2342402
115 1235886 1248045 993234 2320352
116 1224515 1237501 984234 2299863
117 1213870 1226100 974353 2278137
118 1203538 1214262 964804 2257286
119 1193612 1203644 955940 2237168
120 1183372 1193576 944261 2218450
121 1173963 1183725 936464 2197271
122 1164410 1174622 927104 2180681
123 1153823 1164184 918793 2160881
124 1145728 1155763 909802 2143624
125 1133660 1147725 900644 2125279
126 1125476 1134647 893254 2103673
127 1116343 1124982 882565 2086188
128 1106458 1115805 874405 2067871
129 1098055 1106009 868629 2049587
130 1090036 1097305 860484 2031016
131 1080153 1089987 852540 2016249
132 1071912 1080837 842982 1999903
133 1062019 1071885 835926 1982894
134 1053038 1061204 828725 1963249
135 1046236 1051800 821035 1946307
136 1035706 1044729 813434 1932807
137 1027438 1036983 804184 1915178
138 1020515 1026741 797802 1899203
139 1011265 1019256 792487 1882217
140 1003222 1012584 783143 1871222
141 997216 1005343 775751 1853348
142 988543 996026 768779 1838673
143 980205 988113 762726 1821348
144 972468 978754 755139 1805916
145 963803 973366 748040 1794128
146 954836 964440 742373 1775358
147 947779 954466 735475 1761480
148 939210 948845 728032 1747843
149 932536 940419 720583 1733487
150 926416 932005 715682 1718180
151 919413 926605 709461 1705182
152 912332 920273 703838 1691540
153 905630 913531 697540 1681307
154 896670 906456 691064 1665054
155 892143 897118 682603 1649242
156 886263 890673 679049 1638205
157 877233 884002 673282 1625247
158 871325 877448 667907 1613260
159 861437 870584 661750 1599212
160 855082 862770 654937 1585522
161 850841 856653 648871 1573512
162 843949 849920 644135 1562707
163 835398 844398 638641 1549851
164 829619 835262 631938 1534888
165 824232 828553 627945 1522254
166 816526 824403 622494 1514284
167 812413 817032 615937 1499609
168 805803 811663 610553 1489047
169 798578 806089 607044 1477946
170 793321 798573 600366 1464408
171 788309 792382 595562 1452750
172 780026 788396 591787 1443299
173 774485 779525 586180 1429844
174 769347 774971 580881 1419823
175 762695 770189 576739 1410424
176 758112 763532 569858 1398681
177 752160 757614 566767 1387210
178 746099 751483 561724 1377090
179 740923 745600 556231 1365705
180 734306 740072 553795 1354565
181 731916 735005 549443 1344448
182 725746 731880 544443 1337512
183 718120 726835 539617 1328722
184 712786 720163 534799 1316355
185 709465 714390 529551 1305905
186 702716 709127 526537 1295453
187 696711 703201 521940 1285142
188 691518 697158 516926 1275344
189 687382 691879 513772 1264784
190 683805 687537 507625 1256027
191 679168 683158 505655 1247248
192 672302 679144 502718 1239580
193 667177 674074 497395 1228887
194 661805 668131 493457 1219184
195 657945 661891 489144 1208860
196 653318 659535 484793 1201999
197 647954 653653 480363 1192119
198 643079 647098 477549 1181279
199 639980 643396 473971 1172870
200 634742 638897 469891 1166320
201 628659 634104 466336 1158126
202 624933 628585 461043 1147438
203 620437 624087 458829 1138514
204 616510 620032 454382 1129802
205 613226 615148 451419 1121934
206 606375 612771 449009 1115404
207 603797 606446 444610 1106113
208 600007 603323 441695 1098771
209 594101 600507 438548 1092684
210 589523 595527 435157 1083771
211 584817 591750 430599 1075534
212 582562 587526 426541 1068555
213 577433 581463 423739 1058280
214 573780 577397 420268 1050626
215 570225 573320 417959 1043337
216 564520 569370 414647 1036145
217 561057 565169 410151 1028127
218 558093 561742 407985 1021105
219 552931 557898 405358 1014460
220 547526 553807 400425 1006844
221 545639 547829 397518 996094
222 540580 544722 395129 992148
223 538853 541460 392284 983716
224 534606 538461 389919 978516
225 531277 534954 386010 972096
226 527154 531886 382750 965540
227 523594 528486 379662 957933
228 519627 524091 376947 950979
229 515063 520393 374496 943244
230 510609 515212 371224 934742
231 506441 510692 368398 927189
232 505693 506783 365417 920567
233 502805 505036 362512 916402
234 497841 501984 360434 910240
235 494303 495768 357616 900592
236 492053 493201 355117 896011
237 488238 491688 352585 890919
238 484080 487725 350310 884140
239 481919 483315 347374 876679
240 477695 481657 344353 873163
241 474200 477867 341636 865882
242 471498 474114 338822 860301
243 468779 471544 335907 853828
244 464295 468295 334566 848660
245 460981 464410 331265 841175
246 458723 460567 329381 833891
247 455110 457559 327338 828262
248 451304 454784 323318 825622
249 447911 451157 320932 817036
250 444396 447553 318720 811371
251 441436 444980 316605 805419
252 439086 441644 314583 799760
253 436643 439734 311878 795089
254 433270 435943 309269 788781
255 430931 432387 307051 784036
256 426630 430401 305735 778308
257 425059 425506 302738 771488
258 421150 424392 300443 769338
259 418451 421385 298836 762788
260 415080 418687 295311 756896
261 411541 414877 294286 750712
262 409624 411596 291225 745642
263 406587 409253 289350 740789
264 404222 405935 286716 735180
265 401082 403448 285812 730398
266 399564 400239 282371 723740
267 396288 398430 281286 720954
268 393611 395939 278921 715343
269 389480 392684 277529 709925
270 386764 389658 273936 703891
271 385126 386366 273170 698550
272 381888 385200 270036 695570
273 379072 382653 269051 691049
274 377784 379058 265697 684723
275 375020 376265 264763 682008
276 371872 374311 262381 676308
277 369069 371279 261045 671133
278 366724 368052 258071 665014
279 365606 365910 257332 661436
280 361929 365296 254912 658898
281 359409 361418 253714 652521
282 356395 359082 252202 648774
283 353956 357598 249172 645249
284 352622 353948 248064 639183
285 349351 352169 245766 635264
286 347734 348679 244095 630046
287 346637 346629 243069 626504
288 342962 345960 240706 622976
289 339693 343051 240034 618324
290 338321 340610 238090 614396
291 335856 338913 234970 610320
292 334070 335661 233283 606178
293 331351 333685 232225 602477
294 328881 330991 230364 598003
295 326169 329097 229208 593499
296 324360 326461 226848 589001
297 322018 324050 225627 584542
298 320998 321222 223374 580263
299 318314 320666 222807 577536
300 315779 317750 220953 574008
301 314587 316460 218995 569162
302 310546 313753 217113 565777
303 309713 310667 215882 560409
304 307105 309128 214331 557551
305 305730 306882 212638 553669
306 303902 305612 211688 549274
307 300710 303207 210669 546058
308 298820 300811 208205 542401
309 296637 299216 207459 538773
310 295695 297440 205466 535141
311 293973 295624 204569 531821
312 292605 293803 202435 528257
313 290050 292022 201398 525297
314 288266 290063 200668 521553
315 285978 288667 198771 519000
316 283385 286756 197269 515491
317 282411 283888 196365 510864
318 280392 282985 194642 508938
319 279352 281328 193679 505882
320 277466 280064 191701 503085
321 273701 277830 189857 499150
322 273256 273925 189134 493273
323 272488 273344 187668 492255
324 270477 272378 186791 489166
325 267324 270016 185849 485541
326 266285 268109 183290 482150
327 264845 265647 181932 477724
328 262141 264124 181099 475840
329 260349 262484 179563 471913
330 258850 261434 178266 470749
331 255961 259417 178028 465378
332 255320 256408 175369 461285
333 254470 254835 174472 458616
334 252319 253542 173394 455965
335 250228 251545 172004 452012
336 248344 250145 171999 449667
337 247003 249749 170385 448003
338 245431 247835 168686 444051
339 242618 245749 167437 440343
340 241570 243134 166445 436999
341 239787 242027 165127 434261
342 238183 240138 163884 432187
343 236884 238548 162850 428110
344 235227 237049 161584 425761
345 233373 235425 160670 423424
346 232553 234224 159500 420935
347 231563 232781 158859 417534
348 229850 231049 157417 414944
349 228334 228965 156624 411932
350 226318 228278 154908 409618
351 224781 226267 153668 406863
352 223675 225005 152422 404003
353 221693 223487 151804 401185
354 220692 222655 150175 398517
355 219151 220420 150102 396181
356 217998 219474 148368 393381
357 217061 218058 148101 391190
358 215559 216674 146989 388920
359 213902 216031 145891 386535
360 212483 213646 144910 383272
361 210188 212096 143427 380796
362 209551 209843 142499 376521
363 208670 208708 142292 374756
364 206548 208349 140759 373588
365 204924 206602 139371 370633
366 203240 204699 138594 367861
367 200960 202983 137205 364559
368 199952 201207 135827 362211
369 198800 200117 135666 359775
370 197831 198970 134882 356698
371 196996 197296 134463 354944
372 195726 197558 132710 353632
373 194135 195962 132208 352056
374 192713 194887 131073 348606
375 191882 192511 130469 345387
376 190941 191773 129763 343501
377 189044 191050 129040 342182
378 188235 189495 127530 339056
379 187220 187991 126989 336716
380 185517 186432 126751 334532
381 183646 185563 125180 332795
382 183519 184238 123454 330141
383 183162 182739 124033 327982
384 182068 182399 122918 326596
385 179513 181489 122094 325116
386 179207 179729 120385 322069
387 178123 179450 120921 321134
388 176920 177690 119645 318624
389 175313 176952 118120 316656
390 174534 175704 117591 314463
391 173115 174408 116899 312621
392 172438 173451 115443 310480
393 170642 171908 115317 307419
394 169172 169952 114446 304629
395 167750 168639 113443 302795
396 167189 168015 112403 301310
397 166077 167661 112061 299924
398 165177 166544 111680 297738
399 164535 165298 109984 295646
400 162968 164183 110591 293820
401 161498 163413 109205 292331
402 160260 162007 108243 290515
403 159719 160765 107053 288039
404 159515 159688 106465 285530
405 158361 159164 106111 285474
406 157511 158294 105498 282619
407 156025 157337 104915 281348
408 154483 156045 104191 278572
409 153732 154691 103432 276492
410 152787 153788 102666 274682
411 151781 152430 101857 273111
412 150099 151843 100877 271820
413 149185 149822 100489 268391
414 148929 149123 100062 267324
415 148088 148440 99479 265842
416 146899 147825 98670 264352
417 145974 146311 97680 262537
418 145244 145651 97694 260882
419 144504 145448 96253 260209
420 143870 144156 96558 258027
421 142455 143594 95673 256950
422 141703 142702 94852 255161
423 140794 141754 93863 253568
424 139902 140624 93635 251956
425 138919 140125 92263 250503
426 138465 138700 92376 248565
427 137341 138771 91392 247739
428 136092 137067 90694 245469
429 135697 136547 89925 244088
430 134150 136275 89379 242562
431 133417 133629 89034 239097
432 131895 133288 88093 238549
433 131428 132229 87454 236515
434 131041 131314 87472 235002
435 130284 130799 86522 233811
436 128816 130570 86547 233332
437 128437 129299 85312 230801
438 128160 128122 84518 229294
439 127176 127194 84553 227577
440 125951 126572 83152 226408
441 125601 125315 83260 224805
442 124630 125194 82557 223864
443 124398 124221 82089 222050
444 123267 124105 81329 221841
445 122299 123924 81094 220803
446 121332 122909 80483 218811
447 120897 121098 80350 216120
448 119631 120863 79045 215983
449 118806 119213 79090 213324
450 118115 118874 78112 212666
451 118049 118066 77548 211172
452 116659 117737 77088 209834
453 116171 116666 76619 208314
454 115287 116122 76269 206891
455 113943 115585 75311 206353
456 112802 114130 75240 203590
457 112452 112639 74723 201840
458 111516 112429 74452 201422
459 111218 112302 73721 200002
460 110813 111754 73511 199429
461 110569 111417 73199 198075
462 109794 110737 72454 197508
463 109182 109662 72281 195670
464 107579 108791 71674 194342
465 107476 108157 70845 192911
466 106783 107684 70650 191858
467 105457 107039 69761 190778
468 105490 105505 69232 188435
469 104605 105523 68775 188209
470 103733 104544 68309 185914
471 103345 103517 67870 184963
472 102734 103214 67856 184447
473 101609 102784 66735 183078
474 100477 101602 66383 181682
475 99549 100909 66022 179816
476 99040 100096 65318 178948
477 98766 99516 65545 177469
478 98609 98848 65026 176066
479 97557 98514 64880 175969
480 97369 98068 63465 174418
481 96381 97647 63490 173991
482 95900 96319 63614 171760
483 95738 95965 63099 170811
484 95239 95687 62694 170410
485 94914 95207 61994 169649
486 94226 94476 61772 168291
487 93205 93571 61131 166753
488 92706 92924 60366 166470
489 91625 92539 60340 164992
490 91723 91935 59760 163823
491 91141 91239 59568 162566
492 90278 90496 59425 161714
493 89610 90484 58691 161268
494 88845 89970 58410 160239
495 88819 89092 57992 158282
496 87970 88654 57988 158051
497 87399 88054 56975 157072
498 86426 87745 57348 156011
499 86635 86953 56412 154443
500 86205 86156 56327 153827
501 85654 85803 55898 152774
502 84466 85602 55295 152264
503 84112 84409 54633 151039
504 83950 84104 54665 149576
505 82862 84036 54404 148798
506 82417 82927 53970 148100
507 81799 82463 53925 146661
508 81241 81736 53695 146073
509 80799 81850 53012 145062
510 80445 81026 52346 144364
511 79890 80255 51962 143010
512 79664 79835 51934 142291
513 78810 79500 51918 141549
514 77958 79001 51051 140607
515 77124 77973 50637 138900
516 77214 77277 50646 137571
517 76174 77041 50087 137246
518 76610 75988 50087 135931
519 75977 76347 49448 136348
520 75664 75734 49202 135111
521 75329 75630 49083 134447
522 74359 75262 48510 133732
523 74273 74776 47963 132984
524 73489 74205 48190 131946
525 73258 73466 47654 130904
526 72239 72593 47639 129586
527 72427 72145 47014 128765
528 71821 72297 46854 128603
529 71461 71861 46450 128158
530 70735 71593 46420 127399
531 69800 71022 46089 126409
532 69825 70611 45383 125666
533 69556 70574 45197 125420
534 68935 70042 45066 124477
535 68635 69063 44637 122651
536 68377 68827 44580 122636
537 67981 68114 43849 121497
538 67766 67713 43892 120695
539 67189 67332 43406 120162
540 66625 67142 43111 119490
541 66251 66875 42587 118228
542 65490 66060 42771 117535
543 65349 65648 42070 116822
544 65299 65385 42373 116173
545 64439 65006 42019 115687
546 64071 64903 42049 114969
547 63416 64250 41237 114239
548 63055 63674 40602 113161
549 62514 63190 41021 112400
550 62142 62861 40360 111359
551 61911 62356 40194 110666
552 62123 62049 39993 110514
553 61615 61987 39841 110298
554 60831 61150 39788 108646
555 60240 60952 39495 108434
556 59972 60638 39130 107798
557 60194 60236 38610 107004
558 59501 60106 38253 106857
559 59061 59490 38099 105878
560 58752 59023 38073 105045
561 58300 58696 37701 104309
562 57716 58322 37815 103837
563 57575 58159 37497 103001
564 57149 57659 36625 102326
565 56553 57432 36694 102055
566 56654 56905 36284 100633
567 56385 56502 35942 100045
568 56147 55672 36072 99498
569 55676 55763 35890 99119
570 54991 55679 35389 98718
571 54473 55259 35142 97949
572 54677 54767 34917 97291
573 53980 54415 34662 96724
574 53519 53933 34781 96133
575 53623 53988 34032 95563
576 53150 53787 34044 95515
577 52764 53063 34269 94328
578 52161 52703 33711 93591
579 51844 52307 33322 92983
580 51639 51935 33279 92176
581 51364 51878 32942 91881
582 50720 51498 32871 91014
583 50356 50692 32449 90684
584 50419 50937 32382 90289
585 50138 50943 31951 89488
586 50277 49818 32074 88813
587 49443 50057 32166 89075
588 49092 49399 31462 87808
589 49248 49201 31363 87430
590 48909 49189 31200 87225
591 48263 48907 30762 87066
592 47905 48062 31049 85438
593 47911 47930 30602 85050
594 47715 47670 30659 84425
595 47518 47499 30102 84413
596 46985 46939 30215 83806
597 46809 47086 29800 83458
598 46058 46615 29798 82664
599 46304 46252 29076 82146
600 45309 46102 29242 82132
601 44774 45374 28842 80851
602 44783 44960 28765 80233
603 44656 45041 28758 79717
604 44716 44884 28214 79499
605 44633 44639 28479 79121
606 43947 44316 28209 78625
607 43591 43808 27962 78012
608 43576 43708 27757 77534
609 43318 43577 27695 77389
610 43235 43228 27464 76128
611 42685 42513 27624 76043
612 42471 42560 27191 75488
613 41989 42574 27245 75433
614 41986 42050 26881 74716
615 41463 41973 26693 74238
616 40739 41302 26402 73617
617 41050 40763 26142 72622
618 40759 40927 26285 73196
619 40656 40940 25679 72380
620 40652 40296 25947 71559
621 39679 40504 25841 71830
622 39423 40110 25151 71116
623 39200 39535 25128 70295
624 39233 39420 24999 70128
625 39415 39191 24673 69364
626 38851 38971 24785 69203
627 38299 38842 24652 69111
628 38214 38501 24489 68407
629 37772 38318 24339 67745
630 37511 37831 23760 67398
631 37130 37719 23920 67282
632 36932 37495 23743 66594
633 36570 37223 23593 65704
634 36473 36552 23487 65152
635 36299 36676 23023 65086
636 36150 36483 23241 64663
637 35657 36166 22824 64206
638 35714 35980 22722 63608
639 35384 35666 22537 63189
640 35195 35319 22589 62898
641 34925 35189 22121 62389
642 34848 34904 22331 62053
643 35033 34773 22154 61855
644 34521 35074 21852 61955
645 33938 34772 21856 61278
646 33893 34036 21662 60502
647 33642 33849 21487 60045
648 33384 33635 21566 59513
649 33125 33293 21372 59246
650 33033 33110 20908 58737
651 32964 32796 20927 58342
652 33176 32720 20983 58244
653 32857 32924 20770 58201
654 32364 32646 20795 58030
655 31936 32315 20396 57464
656 32090 31957 20248 56743
657 31831 31963 20181 56734
658 31612 31906 20018 56430
659 31438 31624 19793 56143
660 30948 31360 19928 55486
661 30616 31071 19618 55238
662 30455 30929 19345 55029
663 30554 30679 19402 54678
664 30457 30482 19507 54323
665 30251 30569 19327 54217
666 30111 30456 19129 53850
667 29999 30338 18751 53465
668 29488 29967 18842 53082
669 29555 29508 18686 52512
670 29415 29503 18571 52383
671 29161 29347 18533 51867
672 28792 28939 18392 51506
673 28668 28758 18373 51483
674 28781 29039 18095 51164
675 28497 28709 18247 50894
676 28239 28765 17875 50722
677 28465 28271 17890 50348
678 28081 28273 17956 50061
679 27775 28159 17655 49686
680 27781 27837 17578 49279
681 27177 27808 17526 49100
682 27059 27054 17309 48138
683 27120 27042 17043 48028
684 27170 26914 17046 47678
685 26647 26812 16908 47695
686 26550 26467 16933 47065
687 26246 26569 16628 46940
688 26096 26187 16596 46605
689 25766 26199 16466 46249
690 25706 25908 16128 46003
691 25639 25789 16373 45844
692 25381 25695 16236 45326
693 25335 25324 16115 45164
694 25203 25298 15946 45086
695 25235 25194 15717 44800
696 25004 25025 15852 44385
697 24925 24877 15743 44118
698 24590 24904 15785 44235
699 24513 24934 15583 43979
700 24654 24465 15200 43392
701 24513 24604 15449 43510
702 24165 24445 15333 43095
703 24023 24030 15038 42859
704 23756 23974 15157 42414
705 23689 23918 14881 42340
706 23482 23799 14783 42088
707 23155 23543 14701 41607
708 23246 23185 14550 41146
709 23172 23228 14406 41348
710 23184 22976 14564 40676
711 22510 23043 14204 40902
712 22583 22429 14506 39973
713 22262 22566 14059 39811
714 22248 22180 14108 39564
715 22360 22303 13943 39457
716 21907 22087 14068 39123
717 21796 21832 13609 38849
718 21548 21838 13801 38411
719 21531 21535 13544 38237
720 21576 21250 13483 37915
721 21656 21507 13318 38188
722 21367 21235 13415 37685
723 21192 21139 13357 37532
724 20884 21069 13122 37451
725 20812 20879 13100 37270
726 20643 20747 12999 36808
727 20523 20669 12849 36563
728 20276 20494 12665 36534
729 20039 20329 12574 36095
730 19921 20310 12483 35801
731 20069 20048 12592 35351
732 19568 20289 12530 35543
733 19856 19692 12338 34935
734 19654 19813 12047 35111
735 19469 19537 12262 34602
736 19405 19497 12058 34460
737 19234 19242 12078 34313
738 18950 19275 12088 34027
739 18823 18942 11634 33479
740 18741 18785 12021 33615
741 18380 18878 11815 33211
742 18379 18400 11807 32714
743 18520 18532 11604 32771
744 18470 18627 11648 32917
745 18190 18411 11548 32713
746 17998 18145 11360 32276
747 18007 18135 11263 32109
748 17994 18114 11334 31913
749 18017 17979 11215 31839
750 17673 17936 11279 31661
751 17461 17751 11172 31515
752 17443 17537 10936 31120
753 17506 17486 11037 30915
754 17332 17534 10848 31085
755 17405 17408 11019 30810
756 17379 17456 10707 30812
757 17056 17455 10847 30726
758 16962 17098 10799 30122
759 17036 16962 10720 29864
760 17064 16963 10376 30078
761 16626 16815 10517 29640
762 16414 16480 10492 29277
763 16346 16566 10273 29483
764 16290 16354 10373 29019
765 16238 16314 10241 28885
766 16101 16207 10175 28681
767 15896 16194 9845 28609
768 16056 15912 10012 28210
769 15732 15905 9965 28230
770 15807 15738 9928 27770
771 15558 15671 9656 27853
772 15520 15692 9747 27795
773 15764 15673 9649 27783
774 15522 15760 9678 27807
775 15289 15463 9624 27267
776 15112 15309 9475 27202
777 15005 15217 9521 26797
778 14909 15056 9447 26727
779 14729 15038 9457 26499
780 14659 14828 9182 26180
781 14576 14684 9056 25970
782 14600 14609 9218 25823
783 14475 14533 9099 25747
784 14643 14437 8997 25665
785 14428 14550 9014 25618
786 14151 14331 8930 25280
787 14235 14139 8790 25055
788 14130 14028 8862 24883
789 14004 14183 8762 24797
790 13934 13994 8702 24756
791 13794 14058 8519 24765
792 13662 13793 8414 24389
793 13650 13603 8489 24151
794 13559 13532 8470 24103
795 13320 13595 8186 24042
796 13368 13279 8466 23775
797 13271 13529 8207 23541
798 13406 13265 8189 23618
799 13216 13441 8219 23503
800 13013 13316 8163 23408
801 12886 13112 8067 22848
802 12773 12847 7961 22868
803 13011 12824 7976 22783
804 12751 12947 7948 22694
805 12763 12767 7943 22469
806 12299 12836 7839 22704
807 12364 12457 7734 21991
808 12474 12519 7815 22041
809 12332 12459 7612 22013
810 12238 12318 7681 21960
811 12229 12344 7509 21777
812 12139 12228 7532 21615
813 11907 12166 7397 21481
814 11932 11955 7361 21130
815 11947 11930 7453 20927
816 11523 11929 7332 21133
817 11630 11651 7097 20645
818 11726 11613 7237 20533
819 11485 11588 7206 20673
820 11571 11539 7065 20280
821 11406 11430 7128 20374
822 11500 11430 7072 20012
823 11448 11443 7018 20302
824 11410 11494 7123 20293
825 11177 11449 6954 20042
826 11117 11214 6921 19709
827 11122 11090 6706 19826
828 10935 11016 6898 19490
829 10885 10872 6598 19287
830 10893 10812 6766 19164
831 10723 10751 6677 18944
832 10634 10545 6683 18766
833 10558 10535 6529 18711
834 10594 10615 6452 18766
835 10458 10448 6564 18463
836 10316 10466 6620 18516
837 10244 10406 6360 18312
838 10219 10214 6488 18190
839 10313 10321 6460 18128
840 10273 10398 6431 18176
841 10318 10350 6408 18007
842 10139 10153 6262 18073
843 10003 10067 6409 17749
844 10047 10078 6282 17611
845 9962 10022 6047 17908
846 9947 9976 6173 17644
847 9925 9921 6090 17611
848 9654 9933 5983 17564
849 9551 9654 6125 17152
850 9536 9582 5914 17124
851 9435 9638 5847 17103
852 9315 9496 5815 16797
853 9371 9305 5949 16566
854 9334 9326 5930 16508
855 9347 9389 5780 16557
856 9258 9431 5727 16499
857 9043 9175 5764 16221
858 9205 9050 5649 16141
859 8987 9245 5601 16265
860 9030 8913 5562 15855
861 9053 9018 5474 15751
862 9030 8897 5517 15752
863 8887 8913 5627 15722
864 8901 8932 5564 15670
865 8927 9020 5532 15926
866 8776 9025 5480 15834
867 8623 8951 5389 15651
868 8651 8646 5263 15157
869 8589 8629 5287 15196
870 8561 8565 5201 15249
871 8502 8462 5281 14994
872 8415 8523 5231 15012
873 8465 8436 5133 14931
874 8307 8456 5110 14967
875 8241 8337 5250 14721
876 8173 8233 5057 14578
877 8129 8179 5018 14541
878 7941 8165 4992 14301
879 7874 8029 4957 14074
880 7841 7872 4899 13960
881 7769 7746 4810 13813
882 7779 7697 4804 13767
883 7705 7742 4887 13538
884 7672 7696 4697 13608
885 7680 7625 4813 13577
886 7642 7652 4676 13572
887 7584 7590 4641 13436
888 7427 7472 4651 13353
889 7440 7516 4642 13301
890 7354 7417 4617 13125
891 7332 7330 4490 13073
892 7138 7278 4555 13056
893 7132 7281 4467 12723
894 7080 7154 4424 12742
895 7087 7101 4425 12607
896 7202 7061 4367 12559
897 6928 7111 4305 12636
898 7118 6959 4377 12457
899 6972 7207 4309 12564
900 6865 6966 4374 12352
901 6887 6911 4346 12107
902 6841 6968 4285 12210
903 6818 6934 4334 12155
904 6833 6938 4320 12136
905 7027 6891 4185 12124
906 6818 6972 4161 12195
907 6797 6797 4086 11906
908 6786 6655 4159 11640
909 6629 6621 4085 11752
910 6569 6577 3998 11754
911 6417 6570 4081 11596
912 6438 6522 3967 11523
913 6381 6507 4052 11551
914 6538 6597 3881 11431
915 6438 6514 3873 11455
916 6382 6444 3916 11364
917 6472 6496 3733 11380
918 6390 6343 3846 11182
919 6311 6332 3994 11033
920 6148 6301 3745 11058
921 6173 6191 3811 10921
922 6102 6255 3773 11101
923 6287 6224 3760 10840
924 6075 6122 3808 10755
925 6015 6032 3815 10726
926 5955 6042 3638 10730
927 5890 6080 3614 10710
928 5912 5955 3660 10492
929 5828 5911 3562 10435
930 5839 5899 3560 10404
931 5762 5937 3496 10436
932 5797 5700 3581 10135
933 5649 5881 3522 10341
934 5835 5775 3523 10142
935 5742 5808 3474 10130
936 5611 5734 3536 10085
937 5373 5625 3422 9923
938 5515 5557 3410 9823
939 5499 5589 3245 9824
940 5508 5453 3505 9600
941 5477 5491 3352 9683
942 5284 5461 3303 9658
943 5407 5270 3301 9319
944 5380 5387 3247 9505
945 5299 5498 3304 9603
946 5535 5489 3213 9460
947 5375 5520 3295 9602
948 5238 5278 3267 9417
949 5292 5186 3128 9246
950 5210 5249 3312 9324
951 4999 5226 3129 9217
952 5058 5101 3114 9027
953 5021 5102 3033 8915
954 4933 5036 3182 8883
955 4927 5000 2992 8715
956 4935 4923 3114 8665
957 5023 4864 3014 8581
958 4994 4925 3104 8742
959 5061 4957 2996 8739
960 4868 5020 2966 8660
961 4868 4721 2958 8477
962 4764 4826 2990 8451
963 4780 4660 2980 8346
964 4765 4673 3005 8382
965 4834 4788 2882 8375
966 4673 4728 2913 8448
967 4671 4686 2922 8117
968 4613 4566 2790 8167
969 4658 4561 2776 8070
970 4637 4601 2899 8173
971 4695 4687 2719 8221
972 4543 4640 2823 8171
973 4387 4565 2785 8046
974 4552 4418 2731 7905
975 4534 4629 2762 8069
976 4578 4598 2852 8021
977 4505 4621 2644 8025
978 4506 4390 2773 7876
979 4452 4578 2663 7857
980 4412 4420 2667 7763
981 4490 4362 2603 7669
982 4324 4466 2686 7875
983 4297 4282 2631 7547
984 4239 4217 2640 7451
985 4164 4150 2586 7417
986 4280 4235 2509 7469
987 4274 4280 2628 7464
988 4203 4320 2520 7504
989 4134 4179 2474 7392
990 4065 4169 2457 7337
991 3941 4118 2540 7161
992 4041 3913 2287 7028
993 3928 3936 2488 7044
994 3858 3995 2335 7001
995 3869 3866 2437 6834
996 3916 3894 2444 6914
997 3901 3982 2283 6919
998 3832 3863 2349 6785
999 3800 3727 2279 6774
1000 3614 3779 2325 6693
1001 3784 3695 2211 6474
1002 3796 3748 2239 6585
1003 3686 3738 2350 6509
1004 3624 3688 2287 6528
1005 3680 3649 2261 6424
1006 3719 3660 2330 6407
1007 3584 3752 2159 6636
1008 3671 3635 2249 6360
1009 3728 3704 2089 6531
1010 3698 3679 2247 6351
1011 3589 3650 2200 6386
1012 3467 3599 2145 6267
1013 3503 3489 2107 6157
1014 3484 3426 2204 6057
1015 3477 3481 2076 6064
1016 3455 3369 2146 6074
1017 3374 3429 2121 5978
1018 3304 3373 2091 5971
1019 3310 3365 2021 5965
1020 3315 3347 2103 5902
1021 3256 3348 1986 5936
1022 3222 3299 2038 5804
1023 3251 3253 2064 5764
1024 3265 3186 2031 5638
1025 3264 3206 1930 5761
1026 3210 3232 1979 5699
1027 3206 3212 1999 5700
1028 3313 3265 1958 5723
1029 3188 3359 2012 5859
1030 3263 3309 2010 5753
1031 3176 3303 1917 5719
1032 3138 3099 1949 5502
1033 3197 3098 1941 5513
1034 3055 3233 1891 5651
1035 3071 3139 1838 5526
1036 3068 3117 1859 5472
1037 2998 3041 1900 5360
1038 2931 3018 1862 5315
1039 2980 2998 1798 5259
1040 2984 3053 1789 5407
1041 3043 2994 1709 5267
1042 2899 2984 1815 5205
1043 2872 2876 1749 5168
1044 2772 2926 1781 5064
1045 2802 2850 1714 5006
1046 2901 2858 1699 4976
1047 2815 2888 1708 5021
1048 2835 2816 1724 4988
1049 2841 2885 1686 4970
1050 2846 2847 1646 4896
1051 2738 2796 1663 4987
1052 2752 2773 1630 4900
1053 2736 2765 1634 4780
1054 2694 2692 1618 4803
1055 2695 2719 1618 4788
1056 2644 2696 1642 4663
1057 2714 2573 1639 4599
1058 2597 2691 1625 4714
1059 2626 2637 1633 4673
1060 2586 2634 1567 4616
1061 2506 2567 1629 4559
1062 2577 2557 1576 4510
1063 2533 2592 1571 4566
1064 2568 2597 1561 4514
1065 2521 2575 1642 4506
1066 2551 2568 1501 4520
1067 2481 2487 1516 4383
1068 2435 2414 1449 4378
1069 2481 2470 1541 4356
1070 2478 2549 1490 4451
1071 2514 2514 1552 4282
1072 2455 2536 1451 4481
1073 2376 2394 1451 4305
1074 2368 2428 1430 4280
1075 2385 2416 1443 4212
1076 2333 2394 1448 4216
1077 2365 2308 1400 4091
1078 2380 2384 1375 4128
1079 2304 2357 1415 4106
1080 2309 2269 1392 4018
1081 2235 2308 1405 4026
1082 2319 2280 1392 3983
1083 2245 2302 1407 4070
1084 2117 2307 1312 3926
1085 2158 2177 1338 3875
1086 2111 2167 1365 3810
1087 2262 2153 1363 3786
1088 2266 2282 1357 3968
1089 2247 2271 1406 3975
1090 2182 2282 1343 3987
1091 2267 2289 1256 3995
1092 2190 2285 1334 3944
1093 2125 2168 1316 3858
1094 2088 2171 1294 3789
1095 2080 2117 1254 3742
1096 2127 2052 1278 3655
1097 2071 2154 1227 3737
1098 2022 2097 1233 3692
1099 2075 2066 1278 3611
1100 2056 2042 1201 3615
1101 1981 2088 1247 3614
1102 1993 1981 1167 3579
1103 2004 1967 1210 3446
1104 2048 1994 1201 3508
1105 2066 2022 1201 3510
1106 1952 1998 1226 3529
1107 1949 1958 1177 3474
1108 1947 2004 1182 3480
1109 1916 1992 1112 3545
1110 1916 1962 1206 3361
1111 1872 1951 1136 3334
1112 1836 1841 1082 3328
1113 1921 1836 1179 3234
1114 1898 1904 1151 3341
1115 1818 1883 1105 3361
1116 1813 1856 1086 3194
1117 1807 1772 1096 3210
1118 1842 1818 1132 3123
1119 1732 1771 1124 3147
1120 1778 1760 1063 3114
1121 1823 1788 1115 3142
1122 1780 1798 1106 3171
1123 1905 1781 1070 3172
1124 1852 1863 1123 3251
1125 1765 1843 1040 3210
1126 1648 1739 1029 3052
1127 1650 1690 1055 3067
1128 1625 1701 996 3009
1129 1663 1634 985 2977
1130 1611 1654 985 2899
1131 1613 1564 1008 2829
1132 1614 1577 996 2787
1133 1660 1598 1020 2895
1134 1690 1617 1034 2833
1135 1659 1667 1026 2949
1136 1686 1711 976 2943
1137 1657 1704 1069 2994
1138 1522 1736 1023 2941
1139 1578 1581 945 2829
1140 1523 1593 963 2819
1141 1558 1511 937 2746
1142 1597 1565 953 2782
1143 1512 1598 936 2812
1144 1573 1507 976 2695
1145 1510 1563 957 2770
1146 1595 1585 928 2743
1147 1567 1572 917 2781
1148 1483 1502 952 2686
1149 1575 1508 936 2708
1150 1548 1572 981 2719
1151 1540 1604 915 2741
1152 1552 1562 920 2720
1153 1503 1550 924 2672
1154 1492 1502 867 2654
1155 1482 1476 885 2657
1156 1424 1463 872 2585
1157 1475 1423 898 2512
1158 1430 1479 841 2573
1159 1472 1417 852 2523
1160 1414 1425 895 2535
1161 1314 1402 880 2455
1162 1362 1330 810 2357
1163 1392 1374 853 2405
1164 1426 1413 873 2401
1165 1321 1409 820 2429
1166 1270 1324 828 2322
1167 1284 1293 820 2275
1168 1363 1288 798 2286
1169 1342 1369 761 2369
1170 1304 1352 763 2368
1171 1352 1309 798 2343
1172 1352 1336 796 2334
1173 1328 1332 803 2387
1174 1211 1324 764 2369
1175 1298 1250 735 2231
1176 1304 1244 822 2198
1177 1246 1283 786 2264
1178 1297 1257 770 2268
1179 1285 1367 735 2313
1180 1299 1262 750 2267
1181 1188 1274 732 2245
1182 1246 1218 727 2082
1183 1220 1210 765 2167
1184 1183 1251 710 2178
1185 1143 1202 729 2091
1186 1127 1164 674 2024
1187 1118 1138 722 2004
1188 1125 1116 716 2022
1189 1065 1141 714 2042
1190 1148 1092 725 1944
1191 1204 1159 689 2071
1192 1210 1193 705 2040
1193 1151 1158 663 2060
1194 1149 1130 689 1994
1195 1153 1158 677 1969
1196 1092 1093 656 1973
1197 1127 1077 675 1957
1198 1139 1116 685 1899
1199 1109 1082 682 1923
1200 1040 1045 657 1872
1201 1081 1037 649 1880
1202 1031 1113 655 1931
1203 1038 1042 648 1862
1204 1031 1071 649 1868
1205 1046 1049 635 1828
1206 1027 1058 629 1867
1207 988 1065 633 1869
1208 963 1013 623 1844
1209 998 1005 609 1795
1210 1064 1032 587 1810
1211 1056 1048 643 1844
1212 1023 1081 599 1853
1213 992 995 604 1752
1214 1051 992 556 1739
1215 1060 998 602 1695
1216 1012 967 612 1754
1217 1024 961 609 1715
1218 1031 989 589 1752
1219 993 1044 629 1753
1220 994 968 560 1707
1221 947 927 575 1675
1222 953 893 559 1607
1223 936 890 603 1639
1224 925 959 539 1714
1225 967 956 549 1653
1226 920 958 595 1695
1227 904 984 573 1708
1228 908 946 532 1621
1229 917 911 581 1606
1230 890 915 529 1604
1231 948 920 548 1627
1232 927 926 545 1591
1233 893 909 558 1661
1234 919 903 542 1655
1235 914 941 566 1594
1236 900 910 570 1606
1237 943 911 514 1601
1238 915 945 533 1626
1239 885 890 527 1532
1240 865 862 537 1522
1241 838 871 527 1523
1242 847 866 496 1563
1243 852 884 516 1505
1244 858 847 499 1491
1245 829 874 472 1550
1246 829 808 477 1441
1247 778 773 490 1437
1248 817 772 508 1369
1249 832 795 481 1462
1250 801 834 466 1476
1251 791 856 493 1458
1252 782 778 500 1439
1253 781 813 486 1429
1254 779 811 462 1394
1255 789 781 493 1403
1256 779 806 453 1399
1257 781 799 463 1440
1258 752 825 438 1423
1259 772 773 471 1363
1260 741 746 493 1317
1261 743 766 459 1315
1262 762 740 414 1319
1263 729 763 494 1297
1264 727 728 425 1306
1265 723 727 440 1313
1266 710 742 416 1328
1267 685 721 410 1282
1268 674 701 420 1236
1269 718 691 408 1240
1270 723 726 423 1265
1271 694 700 420 1298
1272 722 716 422 1284
1273 730 690 405 1257
1274 659 709 399 1253
1275 570 659 396 1148
1276 629 571 407 1055
1277 620 599 410 1115
1278 666 647 385 1149
1279 617 687 395 1198
1280 596 672 382 1147
1281 680 607 389 1137
1282 670 660 377 1147
1283 655 646 392 1130
1284 691 631 404 1142
1285 655 664 412 1158
1286 615 671 386 1183
1287 589 631 366 1117
1288 621 625 386 1093
1289 631 669 357 1127
1290 623 635 384 1088
1291 578 624 358 1098
1292 620 599 384 1053
1293 610 642 347 1085
1294 628 575 374 1031
1295 639 600 331 1051
1296 600 579 371 1058
1297 589 588 313 1064
1298 618 549 364 977
1299 610 584 376 1039
1300 602 602 353 1082
1301 609 608 321 1034
1302 583 581 342 984
1303 551 571 355 1013
1304 538 551 365 969
1305 574 557 358 973
1306 588 533 324 966
1307 572 547 333 952
1308 550 561 329 970
1309 564 581 315 970
1310 546 523 354 909
1311 549 537 300 952
1312 539 540 316 953
1313 525 509 344 894
1314 487 524 329 890
1315 531 494 301 885
1316 547 511 330 905
1317 535 532 324 918
1318 541 518 288 943
1319 519 510 339 926
1320 534 536 300 909
1321 517 525 332 886
1322 526 505 294 907
1323 511 515 315 906
1324 513 507 316 896
1325 506 485 302 885
1326 555 514 290 902
1327 503 534 304 950
1328 485 506 302 887
1329 485 519 294 893
1330 479 484 298 840
1331 449 490 307 887
1332 455 509 284 888
1333 473 507 303 865
1334 482 499 283 845
1335 463 500 281 861
1336 498 483 288 828
1337 480 496 298 839
1338 481 466 310 792
1339 470 491 297 866
1340 457 500 251 859
1341 454 457 250 815
1342 418 423 234 744
1343 433 392 258 727
1344 410 423 268 736
1345 437 419 248 741
1346 400 427 272 755
1347 439 409 255 704
1348 456 441 262 793
1349 459 485 265 813
1350 421 472 251 808
1351 447 472 258 785
1352 452 442 285 763
1353 456 433 253 771
1354 449 452 291 769
1355 423 451 263 782
1356 430 408 261 705
1357 396 418 221 752
1358 407 398 227 740
1359 417 409 233 751
1360 415 417 252 707
1361 377 397 247 705
1362 398 355 246 691
1363 390 406 218 717
1364 414 395 207 691
1365 372 394 222 676
1366 411 352 246 641
1367 392 390 237 667
1368 349 379 242 670
1369 369 363 236 655
1370 352 368 222 661
1371 362 375 203 656
1372 353 351 232 635
1373 366 338 231 602
1374 362 363 223 664
1375 375 364 221 655
1376 384 373 234 675
1377 353 376 216 663
1378 374 373 223 635
1379 393 381 201 617
1380 369 355 229 624
1381 339 365 218 599
1382 353 333 179 613
1383 362 329 216 603
1384 344 333 227 603
1385 333 371 221 652
1386 363 347 200 590
1387 330 325 209 571
1388 289 338 200 599
1389 296 314 202 553
1390 341 298 193 524
1391 340 295 202 541
1392 359 331 177 568
1393 337 375 195 648
1394 306 350 209 556
1395 320 300 192 532
1396 290 316 188 555
1397 340 315 157 545
1398 300 327 208 548
1399 289 289 187 498
1400 326 305 180 551
1401 303 322 165 584
1402 292 291 171 519
1403 255 311 187 539
1404 318 284 176 500
1405 293 332 184 562
1406 315 311 167 536
1407 284 290 179 505
1408 274 267 177 490
1409 292 290 185 529
1410 235 330 155 542
1411 277 259 147 455
1412 272 272 191 482
1413 272 290 155 532
1414 279 306 165 511
1415 278 298 186 543
1416 277 300 158 508
1417 290 290 146 504
1418 292 300 175 505
1419 273 298 171 501
1420 251 273 165 485
1421 273 272 141 485
1422 267 265 152 474
1423 244 251 165 454
1424 221 239 143 442
1425 247 220 151 392
1426 264 227 159 406
1427 215 244 138 447
1428 258 213 140 401
1429 221 254 173 440
1430 239 256 141 444
1431 235 253 142 463
1432 260 260 153 458
1433 276 272 144 434
1434 246 241 169 425
1435 264 229 133 410
1436 217 251 143 426
1437 241 215 148 385
1438 249 232 142 400
1439 244 223 144 402
1440 240 223 145 413
1441 241 241 148 417
1442 242 248 164 420
1443 233 262 152 439
1444 225 247 158 443
1445 236 250 129 425
1446 234 237 120 437
1447 239 236 130 425
1448 215 234 129 414
1449 227 218 128 387
1450 255 204 141 374
1451 238 253 149 447
1452 236 236 153 416
1453 240 258 122 439
1454 232 247 151 418
1455 226 240 140 431
1456 257 236 146 425
1457 243 262 134 442
1458 241 231 135 422
1459 225 233 123 398
1460 221 211 145 401
1461 246 243 124 412
1462 245 242 130 412
1463 244 246 126 430
1464 219 237 135 387
1465 210 193 124 367
1466 242 204 132 368
1467 216 231 148 414
1468 203 232 132 402
1469 222 219 145 354
1470 217 225 131 401
1471 217 238 123 393
1472 216 197 149 353
1473 186 221 109 361
1474 200 207 100 358
1475 221 209 115 366
1476 210 225 124 399
1477 187 232 99 386
1478 194 186 116 332
1479 200 186 121 329
1480 196 196 108 349
1481 226 200 102 342
1482 209 200 120 357
1483 190 199 132 347
1484 169 201 113 350
1485 199 185 129 321
1486 182 209 119 353
1487 201 172 108 307
1488 177 195 115 340
1489 178 156 121 287
1490 181 177 125 305
1491 197 181 132 321
1492 213 199 106 341
1493 212 188 108 334
1494 191 198 106 355
1495 182 190 108 324
1496 174 182 120 343
1497 180 187 106 321
1498 181 181 110 327
1499 171 161 101 288
1500 167 167 111 316
1501 144 164 94 306
1502 183 159 111 274
1503 185 194 93 299
1504 170 166 92 309
1505 196 182 88 309
1506 162 171 104 306
1507 166 164 86 290
1508 169 167 90 281
1509 161 158 89 276
1510 147 159 79 292
1511 155 162 85 264
1512 154 159 103 273
1513 166 148 110 253
1514 165 157 101 277
1515 147 152 91 276
1516 139 148 88 254
1517 154 136 89 255
1518 166 155 88 268
1519 142 149 94 276
1520 135 158 79 273
1521 125 134 80 254
1522 118 130 72 240
1523 119 124 73 213
1524 137 114 73 212
1525 144 134 72 235
1526 164 136 87 222
1527 166 135 85 249
1528 172 151 88 239
1529 122 152 89 254
1530 146 129 92 223
1531 134 144 82 244
1532 139 129 97 226
1533 126 154 89 248
1534 136 143 93 254
1535 128 154 65 265
1536 137 139 73 246
1537 134 148 56 225
1538 150 111 90 200
1539 136 135 75 222
1540 108 104 75 212
1541 118 110 63 193
1542 118 101 74 221
1543 123 120 69 218
1544 110 122 76 226
1545 111 109 61 222
1546 102 120 76 216
1547 105 118 68 215
1548 113 115 67 206
1549 116 109 67 211
1550 96 114 70 198
1551 124 108 59 201
1552 105 122 65 207
1553 95 98 54 204
1554 113 107 59 199
1555 129 115 66 197
1556 115 131 82 215
1557 108 120 71 192
1558 105 116 76 203
1559 107 110 55 200
1560 109 108 68 189
1561 103 104 68 201
1562 105 123 56 223
1563 94 108 67 183
1564 92 99 54 185
1565 100 84 66 157
1566 92 93 67 197
1567 104 99 54 183
1568 111 112 60 190
1569 90 103 60 174
1570 115 83 51 167
1571 95 105 68 188
1572 97 88 54 171
1573 104 89 62 172
1574 114 105 54 181
1575 122 93 50 177
1576 110 108 68 198
1577 96 99 80 179
1578 97 105 55 175
1579 100 107 65 190
1580 131 126 56 194
1581 110 122 70 205
1582 102 111 62 185
1583 91 103 53 178
1584 93 94 48 174
1585 113 88 57 162
1586 94 105 66 187
1587 104 98 64 153
1588 112 96 59 170
1589 112 106 70 177
1590 103 105 67 173
1591 93 99 60 182
1592 93 102 54 187
1593 107 96 57 171
1594 73 105 47 170
1595 91 73 44 134
1596 83 83 51 159
1597 85 76 45 135
1598 65 83 44 159
1599 75 81 42 126
1600 79 81 49 145
1601 72 74 50 139
1602 60 84 46 150
1603 71 71 43 120
1604 93 67 44 122
1605 88 83 55 136
1606 67 79 41 143
1607 82 60 44 117
1608 90 70 57 130
1609 90 97 50 157
1610 86 96 61 163
1611 71 106 48 166
1612 84 86 53 144
1613 75 95 53 160
1614 107 86 52 136
1615 85 88 56 166
1616 72 88 55 154
1617 80 76 55 132
1618 93 75 42 137
1619 96 82 55 152
1620 70 101 55 159
1621 84 87 56 149
1622 77 90 66 145
1623 88 99 46 169
1624 77 91 49 148
1625 77 77 50 132
1626 71 78 55 124
1627 78 67 43 119
1628 86 71 43 142
1629 86 94 42 153
1630 75 92 53 150
1631 84 76 36 118
1632 76 74 58 139
1633 70 73 37 123
1634 82 60 46 129
1635 59 69 61 131
1636 77 74 50 125
1637 76 83 40 136
1638 96 87 41 146
1639 81 92 43 155
1640 77 67 43 128
1641 81 71 55 127
1642 80 92 52 146
1643 79 95 49 139
1644 77 93 35 137
1645 80 69 49 121
1646 70 71 44 141
1647 81 76 38 123
1648 80 72 42 130
1649 68 71 42 124
1650 77 66 44 115
1651 60 69 31 135
1652 71 53 40 99
1653 84 57 42 106
1654 65 76 46 130
1655 77 67 43 115
1656 66 79 51 125
1657 58 75 35 126
1658 74 69 33 124
1659 66 78 37 128
1660 70 73 38 125
1661 70 60 39 128
1662 67 76 37 126
1663 61 73 37 112
1664 50 57 26 118
1665 55 61 30 110
1666 63 57 27 101
1667 59 51 31 94
1668 50 49 36 108
1669 62 57 41 93
1670 65 71 42 109
1671 72 70 27 124
1672 54 66 38 104
1673 52 52 39 107
1674 62 57 23 99
1675 52 47 42 93
1676 72 48 37 95
1677 73 62 38 102
1678 49 61 38 113
1679 54 50 26 91
1680 51 55 32 113
1681 52 70 33 99
1682 65 54 31 106
1683 54 64 40 104
1684 57 56 28 98
1685 69 48 31 95
1686 70 54 40 87
1687 60 48 44 90
1688 58 57 42 98
1689 49 60 41 103
1690 58 67 27 104
1691 55 59 35 93
1692 53 56 32 99
1693 44 55 30 91
1694 50 48 36 86
1695 40 54 37 90
1696 65 48 30 89
1697 64 68 40 108
1698 54 73 22 124
1699 63 52 38 87
1700 73 66 36 106
1701 60 63 44 104
1702 55 62 32 94
1703 66 46 35 92
1704 61 56 40 93
1705 62 53 24 94
1706 60 58 42 106
1707 63 53 31 86
1708 51 57 33 106
1709 59 50 42 90
1710 44 62 29 113
1711 67 47 37 91
1712 69 71 34 114
1713 63 56 34 107
1714 50 53 31 95
1715 50 49 32 92
1716 47 63 24 101
1717 46 46 35 83
1718 46 49 27 82
1719 57 42 34 80
1720 45 51 25 93
1721 52 48 23 89
1722 64 49 30 83
1723 61 54 35 98
1724 54 52 31 90
1725 51 52 34 99
1726 43 50 30 81
1727 50 34 33 68
1728 39 46 34 89
1729 63 40 30 73
1730 42 58 34 93
1731 53 36 28 65
1732 65 47 45 86
1733 56 59 42 98
1734 50 59 26 108
1735 50 56 28 91
1736 34 45 24 84
1737 31 38 24 74
1738 45 44 19 70
1739 42 47 22 80
1740 37 40 27 71
1741 41 41 28 78
1742 34 56 22 83
1743 38 44 11 73
1744 42 43 33 70
1745 60 49 23 78
1746 45 65 38 92
1747 43 46 26 72
1748 35 44 22 74
1749 40 36 19 77
1750 37 37 26 64
1751 44 28 30 54
1752 49 38 25 65
1753 39 45 10 70
1754 31 36 18 66
1755 27 27 18 48
1756 36 21 19 47
1757 41 34 21 58
1758 31 30 24 58
1759 29 33 21 57
1760 31 32 21 55
1761 30 27 30 60
1762 30 26 27 48
1763 44 33 15 59
1764 34 39 30 69
1765 36 34 18 54
1766 46 34 20 56
1767 42 37 22 63
1768 40 47 21 71
1769 39 43 23 64
1770 38 35 24 59
1771 37 40 24 73
1772 34 31 24 59
1773 38 31 8 68
1774 41 36 29 68
1775 41 41 25 69
1776 42 45 18 72
1777 44 40 24 63
1778 35 42 25 63
1779 43 23 18 62
1780 35 47 21 67
1781 38 30 17 56
1782 30 31 18 57
1783 38 29 23 54
1784 30 31 30 59
1785 34 40 19 63
1786 35 38 19 63
1787 26 33 12 60
1788 26 30 14 60
1789 35 27 12 45
1790 34 27 14 54
1791 28 34 20 55
1792 32 27 21 43
1793 31 33 11 63
1794 27 43 14 62
1795 28 29 13 47
1796 29 23 15 44
1797 34 25 17 52
1798 42 34 14 59
1799 39 34 23 62
1800 39 35 17 59
1801 35 31 20 46
1802 33 26 13 50
1803 43 29 21 50
1804 31 33 26 56
1805 33 37 13 66
1806 36 38 23 55
1807 30 38 18 56
1808 22 30 15 52
1809 31 27 19 50
1810 26 35 21 56
1811 37 30 22 52
1812 29 30 23 55
1813 26 30 24 59
1814 28 30 19 54
1815 32 33 16 60
1816 27 33 21 56
1817 25 33 25 48
1818 26 35 19 57
1819 29 26 15 51
1820 24 28 14 50
1821 18 24 16 43
1822 27 21 19 39
1823 29 27 22 43
1824 37 32 17 55
1825 33 31 10 54
1826 18 22 20 52
1827 25 21 23 43
1828 25 25 16 46
1829 23 24 17 43
1830 30 21 11 40
1831 29 31 16 53
1832 26 31 12 56
1833 21 33 11 65
1834 19 25 10 37
1835 22 20 11 37
1836 19 19 18 41
1837 28 21 14 39
1838 19 30 15 46
1839 27 27 12 43
1840 21 28 11 47
1841 19 19 9 30
1842 26 14 8 34
1843 25 15 17 29
1844 19 16 17 33
1845 28 20 11 37
1846 29 27 19 49
1847 26 33 13 48
1848 26 25 10 37
1849 22 23 11 46
1850 24 22 18 40
1851 25 19 17 34
1852 22 29 13 53
1853 27 30 16 45
1854 16 26 9 40
1855 21 16 8 33
1856 21 19 12 33
1857 15 26 13 42
1858 18 20 12 35
1859 24 15 13 29
1860 19 23 10 44
1861 22 19 7 35
1862 17 18 15 33
1863 12 16 8 30
1864 24 11 14 15
1865 12 15 10 32
1866 16 11 8 25
1867 12 16 5 33
1868 16 16 10 26
1869 12 23 9 39
1870 10 13 8 23
1871 12 7 4 23
1872 12 12 7 24
1873 16 10 12 25
1874 20 21 9 35
1875 20 21 10 30
1876 11 15 11 25
1877 12 9 7 16
1878 10 17 8 29
1879 14 16 11 21
1880 13 16 14 24
1881 21 15 10 22
1882 19 18 14 31
1883 10 14 14 26
1884 10 15 5 29
1885 13 13 9 20
1886 13 9 6 19
1887 11 14 9 25
1888 14 14 7 25
1889 17 21 10 27
1890 14 18 9 26
1891 15 12 11 21
1892 10 16 9 26
1893 16 14 7 20
1894 22 10 14 21
1895 14 19 11 31
1896 11 14 9 24
1897 19 17 3 32
1898 14 19 5 29
1899 12 13 8 21
1900 13 9 5 21
1901 11 12 6 23
1902 11 10 10 21
1903 19 10 10 17
1904 9 21 8 36
1905 13 13 9 21
1906 12 15 17 25
1907 17 16 6 25
1908 12 19 7 32
1909 15 10 5 24
1910 11 16 5 24
1911 9 7 10 17
1912 16 12 3 22
1913 9 15 10 29
1914 13 11 3 20
1915 13 12 8 23
1916 12 11 6 19
1917 12 13 11 20
1918 10 9 4 15
1919 16 11 11 18
1920 16 17 7 24
1921 9 15 11 26
1922 12 14 7 19
1923 15 12 10 25
1924 11 14 4 23
1925 7 8 5 15
1926 12 7 8 16
1927 19 15 9 22
1928 18 21 6 31
1929 8 14 8 31
1930 14 11 8 17
1931 13 11 7 24
1932 9 13 11 31
1933 16 20 6 30
1934 9 11 6 17
1935 11 10 5 17
1936 19 12 12 16
1937 8 17 7 30
1938 18 11 9 20
1939 16 19 9 34
1940 17 20 6 33
1941 15 21 11 34
1942 12 20 7 29
1943 15 13 6 21
1944 17 11 8 23
1945 17 16 6 23
1946 17 12 9 25
1947 15 14 10 26
1948 7 11 9 22
1949 11 11 7 27
1950 8 12 9 22
1951 20 11 11 21
1952 14 17 8 27
1953 12 9 14 22
1954 11 18 4 30
1955 18 14 8 24
1956 16 16 9 32
1957 18 16 5 27
1958 12 22 5 34
1959 15 20 9 28
1960 13 13 9 23
1961 15 11 6 20
1962 14 14 9 26
1963 14 16 8 22
1964 8 13 4 21
1965 11 12 2 19
1966 14 10 7 18
1967 13 13 7 22
1968 11 14 6 19
1969 12 10 12 18
1970 11 11 10 18
1971 11 11 6 24
1972 6 10 9 22
1973 6 8 2 22
1974 15 7 4 19
1975 14 13 12 20
1976 11 11 8 19
1977 12 13 8 20
1978 9 11 4 20
1979 5 6 7 16
1980 9 9 5 17
1981 5 8 9 14
1982 9 6 4 11
1983 8 8 6 14
1984 8 8 5 11
1985 7 8 3 18
1986 8 5 7 10
1987 12 8 5 16
1988 9 10 7 23
1989 6 9 9 18
1990 16 9 6 13
1991 7 12 11 23
1992 8 7 6 14
1993 9 6 4 13
1994 6 7 12 17
1995 7 8 7 14
1996 12 13 4 20
1997 11 10 5 17
1998 14 6 3 15
1999 9 11 8 21
2000 11 7 6 11
2001 10 12 4 17
2002 9 9 6 16
2003 10 11 4 16
2004 4 12 9 19
2005 9 10 0 12
2006 6 5 5 14
2007 4 7 1 16
2008 6 7 7 11
2009 7 11 2 15
2010 7 12 4 19
2011 8 8 2 10
2012 8 7 3 15
2013 15 7 3 11
2014 9 14 6 22
2015 6 12 5 18
2016 6 9 2 14
2017 10 6 2 11
2018 5 5 3 11
2019 10 1 7 2
2020 8 5 1 13
2021 4 7 3 12
2022 4 4 3 8
2023 12 3 1 5
2024 8 6 5 12
2025 8 7 7 12
2026 4 10 6 16
2027 9 6 4 10
2028 7 8 9 14
2029 6 12 5 17
2030 13 7 4 12
2031 13 9 4 20
2032 10 9 3 13
2033 11 2 7 9
2034 13 9 2 14
2035 4 11 4 21
2036 6 11 1 13
2037 10 7 3 8
2038 9 4 6 8
2039 2 7 3 10
2040 1 1 2 5
2041 4 0 1 4
2042 4 2 3 6
2043 5 1 3 5
2044 7 6 4 8
2045 7 4 3 10
2046 5 4 6 4
2047 11 4 0 6
2048 6 7 8 13
2049 6 6 4 12
2050 9 6 5 10
2051 5 9 6 14
2052 13 12 1 18
2053 10 15 8 21
2054 4 9 2 11
2055 4 3 8 9
2056 5 9 2 12
2057 11 5 2 6
2058 7 6 8 13
2059 5 6 4 10
2060 5 4 3 9
2061 5 4 2 10
2062 4 3 1 8
2063 8 4 2 8
2064 4 6 3 10
2065 4 3 2 5
2066 6 2 4 5
2067 6 5 6 7
2068 5 7 7 10
2069 7 5 5 9
2070 6 9 4 11
2071 6 4 6 7
2072 7 6 2 19
2073 8 5 8 7
2074 7 5 5 14
2075 4 7 4 13
2076 6 8 5 15
2077 1 9 3 11
2078 3 3 2 10
2079 5 3 3 7
2080 3 2 6 6
2081 3 3 1 5
2082 5 2 4 6
2083 6 4 5 8
2084 2 6 4 10
2085 7 4 2 7
2086 6 4 3 7
2087 9 4 2 8
2088 5 7 3 14
2089 7 4 2 7
2090 11 4 1 6
2091 7 5 2 12
2092 4 5 3 7
2093 3 5 2 10
2094 4 5 3 6
2095 4 8 3 14
2096 1 6 1 8
2097 5 2 2 5
2098 4 3 4 6
2099 2 2 2 6
2100 4 3 1 4
2101 4 3 6 5
2102 2 3 4 8
2103 8 3 3 10
2104 2 9 5 13
2105 5 7 1 13
2106 5 7 4 10
2107 5 4 1 9
2108 4 5 4 10
2109 2 5 1 9
2110 2 2 1 2
2111 5 1 1 2
2112 5 3 1 7
2113 3 2 0 7
2114 4 0 2 2
2115 2 2 1 5
2116 7 1 0 4
2117 7 6 2 13
2118 2 8 4 11
2119 3 4 2 5
2120 2 3 2 4
2121 1 2 1 3
2122 4 1 3 4
2123 3 4 2 9
2124 2 4 2 8
2125 5 2 1 6
2126 9 1 3 2
2127 4 6 4 9
2128 4 3 1 7
2129 8 4 0 7
2130 5 6 2 12
2131 3 3 1 4
2132 5 1 2 5
2133 7 5 2 5
2134 6 5 4 10
2135 5 7 2 12
2136 0 8 5 10
2137 2 2 1 2
2138 3 4 2 7
2139 3 2 2 6
2140 0 3 1 7
2141 1 2 1 5
2142 5 0 2 0
2143 4 4 3 8
2144 5 5 3 7
2145 4 5 1 7
2146 3 5 3 6
2147 3 3 0 6
2148 6 4 2 5
2149 5 7 3 11
2150 3 7 2 10
2151 3 3 4 8
2152 3 4 3 4
2153 3 4 3 7
2154 6 3 2 7
2155 7 5 3 9
2156 8 7 1 9
2157 3 4 2 7
2158 3 2 4 6
2159 3 3 3 7
2160 4 4 2 6
2161 3 6 3 7
2162 7 3 3 8
2163 8 6 4 10
2164 4 6 2 11
2165 5 6 1 6
2166 5 1 2 5
2167 2 5 1 7
2168 3 3 2 5
2169 4 4 1 4
2170 4 1 0 4
2171 6 2 2 4
2172 1 4 2 5
2173 0 2 0 2
2174 0 1 3 2
2175 0 2 2 3
2176 2 1 0 1
2177 5 3 2 5
2178 4 4 8 4
2179 1 7 1 9
2180 2 3 2 4
2181 9 1 1 1
2182 4 6 3 11
2183 2 7 2 9
2184 2 6 0 9
2185 3 6 2 7
2186 5 3 3 7
2187 4 8 2 10
2188 4 2 2 4
2189 1 2 2 7
2190 2 3 2 4
2191 3 2 1 6
2192 1 1 2 2
2193 2 0 1 2
2194 0 2 1 3
2195 0 2 0 3
2196 1 0 0 1
2197 1 1 0 1
2198 3 1 4 2
2199 2 3 0 6
2200 7 2 1 2
2201 1 4 5 5
2202 4 1 2 3
2203 0 4 1 5
2204 4 0 2 0
2205 5 2 3 2
2206 2 4 0 8
2207 2 2 5 4
2208 0 1 2 2
2209 0 1 2 3
2210 0 1 1 2
2212 2 0 0 1
2213 2 1 0 2
2214 3 1 1 1
2215 4 1 1 2
2216 4 2 2 4
2217 3 3 2 3
2218 6 0 1 1
2219 4 2 3 6
2220 3 4 3 7
2221 3 1 4 4
2222 6 4 2 6
2223 7 8 2 11
2224 5 5 2 8
2225 6 4 3 6
2226 1 7 3 8
2227 2 2 2 3
2228 3 4 2 5
2229 3 6 1 8
2230 3 2 0 2
2231 2 2 1 7
2232 1 4 2 4
2233 3 2 0 3
2234 1 0 2 4
2235 1 1 3 3
2236 1 4 1 4
2237 4 1 2 3
2238 0 3 3 5
2239 0 1 0 2
2240 1 2 0 3
2241 3 1 0 2
2242 3 3 0 3
2243 0 0 0 4
2244 0 1 1 1
2245 0 1 1 2
2246 1 0 0 1
2247 1 0 0 1
2248 3 1 1 3
2249 2 2 1 3
2250 3 1 1 3
2251 2 4 1 6
2252 0 3 0 4
2254 1 0 0 2
2255 0 2 2 2
2256 1 1 1 2
2257 4 4 1 6
2258 1 7 2 7
2259 0 2 1 3
2260 1 0 1 0
2261 2 1 3 2
2262 1 2 2 9
2263 0 3 1 5
2264 1 0 0 4
2265 0 0 2 2
2266 1 1 0 3
2267 2 2 2 3
2268 3 1 1 2
2269 2 0 0 2
2270 2 0 0 2
2271 1 1 1 3
2272 1 0 2 2
2273 0 2 0 3
2274 1 0 1 0
2275 1 1 0 1
2276 1 0 3 0
2277 0 0 1 1
2278 0 1 0 3
2279 0 0 0 1
2280 0 0 1 1
2281 0 0 2 0
2282 1 0 1 1
2283 0 0 2 0
2284 3 1 1 1
2285 1 4 0 6
2286 0 2 0 3
2287 0 1 0 2
2289 0 0 2 2
2290 0 2 0 3
2291 0 1 0 2
2293 1 0 0 0
2294 0 0 2 1
2295 0 0 1 0
2297 1 0 1 2
2298 2 1 1 1
2299 3 0 0 2
2300 6 3 0 5
2301 3 4 0 8
2302 1 3 1 5
2303 0 3 0 3
2304 1 1 1 1
2305 2 0 1 0
2306 1 2 0 3
2307 1 0 1 1
2308 0 0 1 1
2309 1 0 0 2
2310 2 1 0 2
2311 1 1 2 2
2312 1 3 0 3
2313 0 1 2 2
2314 0 1 0 1
2315 0 1 0 6
2316 0 2 0 2
2317 1 1 0 4
2318 1 1 1 1
2319 2 1 0 2
2320 3 1 0 2
2321 0 2 0 4
2322 0 0 1 0
2323 1 0 1 0
2324 0 2 0 2
2325 0 1 0 2
2326 0 1 0 1
2327 1 0 0 0
2328 1 1 1 1
2329 2 2 0 2
2330 1 2 0 3
2331 3 1 0 1
2332 1 2 1 2
2333 2 0 0 1
2334 0 1 0 2
2336 0 0 0 1
2337 2 0 0 1
2338 0 2 1 4
2339 0 1 0 1
2342 2 0 1 1
2343 0 3 0 3
2346 1 0 0 1
2347 0 1 1 1
2351 0 0 0 1
2352 0 1 0 2
2353 1 1 0 1
2354 0 0 2 0
2355 5 0 1 1
2356 5 4 1 5
2357 6 3 1 5
2358 4 3 1 5
2359 1 1 0 3
2360 1 0 0 0
2361 0 0 1 1
2362 2 0 0 1
2363 1 1 1 1
2364 2 0 0 1
2365 3 1 1 2
2366 2 3 1 3
2367 1 1 0 2
2368 2 0 1 1
2369 1 2 0 3
2370 2 0 0 1
2371 1 1 0 2
2372 0 0 0 1
2374 0 0 1 0
2375 2 0 1 0
2376 1 0 0 3
2377 1 0 2 1
2378 1 2 0 2
2379 0 1 0 2
2381 1 0 1 0
2382 0 0 0 2
2383 0 0 0 1
2385 1 0 0 0
2386 0 0 0 2
2387 0 0 2 0
2388 0 1 0 1
2390 2 0 0 0
2391 4 1 1 1
2392 2 3 2 3
2393 1 2 0 2
2394 1 0 1 1
2395 1 0 1 1
2396 0 1 0 1
2397 3 0 2 0
2398 1 3 1 5
2399 0 2 0 3
2402 0 0 2 0
2406 1 0 0 0
2407 2 1 0 1
2408 2 1 0 1
2409 1 1 2 1
2410 0 0 0 1
2411 0 0 1 0
2412 1 0 1 1
2413 2 2 0 3
2414 1 3 1 3
2415 4 2 0 3
2416 6 3 3 4
2417 2 6 4 7
2418 2 2 0 2
2419 1 1 1 4
2420 1 1 0 2
2421 3 0 1 2
2422 1 2 0 4
2423 0 0 1 0
2424 1 0 0 0
2425 2 0 0 1
2426 1 1 0 3
2427 1 0 0 0
2428 0 0 0 1
2430 0 0 1 0
2431 0 0 0 2
2433 0 0 1 2
2434 0 3 0 3
2435 0 2 1 2
2436 0 2 1 2
2437 2 1 1 1
2438 7 1 2 2
2439 8 5 1 5
2440 8 5 1 7
2441 4 5 1 6
2442 1 2 1 5
2443 3 0 0 1
2444 0 3 1 5
2445 2 2 1 2
2446 1 3 2 3
2447 0 2 2 2
2448 2 0 1 0
2449 1 1 1 1
2450 0 0 1 0
2451 1 0 1 1
2452 2 1 0 2
2453 5 0 0 1
2454 1 0 1 3
2455 1 0 0 0
2456 0 0 1 0
2457 0 0 0 1
2458 1 1 1 1
2459 1 1 0 1
2460 2 1 2 2
2461 0 3 0 4
2462 1 1 0 2
2463 0 2 0 3
2465 1 0 0 0
2466 0 0 1 0
2471 0 0 1 0
2473 0 0 1 0
2476 1 0 0 0
2477 2 1 2 1
2478 2 3 1 3
2479 0 3 0 3
2480 1 0 0 0
2481 0 1 1 1
2483 1 0 0 0
2484 1 1 0 2
2485 0 2 1 2
2487 0 0 0 1
2488 0 1 0 1
2493 0 0 1 0
2494 1 0 0 0
2495 1 0 0 0
2496 0 0 0 1
2497 2 0 1 1
2498 0 2 0 3
2500 0 0 0 1
2502 1 0 0 0
2503 2 0 0 0
2504 0 1 1 1
2505 1 0 1 2
2506 1 1 1 1
2507 0 1 0 2
2508 2 0 0 0
2509 1 0 0 2
2510 0 0 0 2
2511 0 1 0 2
2513 1 0 0 0
2514 0 0 0 1
2515 0 0 0 1
2518 0 0 2 0
2519 0 1 0 1
2520 1 1 1 2
2521 1 1 0 1
2522 0 1 0 2
2523 0 0 1 0
2526 2 0 0 0
2527 1 1 0 1
2528 1 0 0 1
2529 0 1 0 1
2536 0 0 1 0
2537 0 1 0 1
2546 0 0 1 1
2547 0 2 0 2
2549 0 0 1 0
2553 2 0 0 0
2554 0 1 0 2
2556 1 0 0 0
2557 0 1 0 2
2559 0 0 1 0
2562 2 0 0 0
2563 2 2 0 2
2564 1 1 2 1
2565 0 2 0 3
2567 1 0 0 1
2568 1 0 0 1
2569 1 0 0 1
2570 0 1 0 1
2586 0 0 1 0
2587 0 1 0 1
2605 0 0 1 0
2611 0 0 1 0
2614 0 0 1 0
2616 0 0 0 1
2618 1 0 0 1
2619 1 2 0 3
2620 0 1 0 1
2626 0 0 0 1
2627 0 1 0 1
2631 1 0 1 1
2632 2 1 0 1
2633 1 2 0 3
2634 0 1 0 1
2635 0 0 0 1
2637 0 0 1 0
2639 0 0 0 1
2679 1 0 0 0
2680 0 0 1 0
2684 0 0 0 1
2685 0 1 0 1
2718 1 0 1 0
2719 0 0 1 1
2720 1 0 0 1
2721 0 0 0 2
2723 0 0 1 0
2724 1 0 0 0
2725 1 0 0 1
2726 0 0 0 1
2747 2 0 0 1
2748 0 2 0 2
2758 1 0 0 0
2759 0 1 1 1
2760 0 1 0 1
2762 0 0 1 0
2763 1 1 0 1
2764 1 0 0 0
2765 1 0 0 1
2766 0 1 0 1
2767 0 0 1 0
2768 1 1 0 1
2769 0 1 0 1
2771 1 0 0 0
2772 0 0 0 1
2781 0 0 0 1
2784 0 0 0 1
2945 1 0 0 1
2946 0 2 0 2
2947 0 1 0 1
2948 0 1 0 1
