-1181 1
-1180 0
-1179 0
-1178 0
-1177 0
-1176 0
-1175 0
-1174 0
-1173 0
-1172 0
-1171 0
-1170 0
-1169 0
-1168 0
-1167 0
-1166 0
-1165 0
-1164 0
-1163 0
-1162 0
-1161 0
-1160 1
-1159 0
-1158 0
-1157 0
-1156 0
-1155 0
-1154 0
-1153 0
-1152 0
-1151 0
-1150 0
-1149 0
-1148 0
-1147 0
-1146 0
-1145 0
-1144 0
-1143 0
-1142 0
-1141 0
-1140 0
-1139 0
-1138 0
-1137 0
-1136 0
-1135 0
-1134 0
-1133 0
-1132 0
-1131 0
-1130 0
-1129 0
-1128 0
-1127 0
-1126 0
-1125 0
-1124 0
-1123 0
-1122 0
-1121 0
-1120 0
-1119 1
-1118 0
-1117 0
-1116 0
-1115 0
-1114 0
-1113 0
-1112 0
-1111 0
-1110 0
-1109 0
-1108 0
-1107 0
-1106 0
-1105 0
-1104 0
-1103 0
-1102 0
-1101 0
-1100 1
-1099 0
-1098 0
-1097 0
-1096 0
-1095 0
-1094 0
-1093 0
-1092 0
-1091 1
-1090 0
-1089 0
-1088 0
-1087 0
-1086 0
-1085 0
-1084 0
-1083 0
-1082 0
-1081 0
-1080 0
-1079 0
-1078 0
-1077 0
-1076 0
-1075 0
-1074 0
-1073 0
-1072 0
-1071 0
-1070 0
-1069 0
-1068 0
-1067 0
-1066 0
-1065 0
-1064 0
-1063 0
-1062 0
-1061 1
-1060 0
-1059 0
-1058 0
-1057 0
-1056 0
-1055 0
-1054 1
-1053 0
-1052 0
-1051 0
-1050 0
-1049 0
-1048 0
-1047 0
-1046 1
-1045 0
-1044 0
-1043 0
-1042 0
-1041 0
-1040 0
-1039 0
-1038 0
-1037 0
-1036 0
-1035 0
-1034 0
-1033 0
-1032 0
-1031 0
-1030 1
-1029 0
-1028 0
-1027 0
-1026 0
-1025 0
-1024 0
-1023 0
-1022 0
-1021 1
-1020 0
-1019 0
-1018 0
-1017 1
-1016 0
-1015 0
-1014 0
-1013 0
-1012 1
-1011 0
-1010 0
-1009 0
-1008 0
-1007 0
-1006 0
-1005 0
-1004 0
-1003 0
-1002 0
-1001 0
-1000 0
-999 0
-998 0
-997 0
-996 0
-995 1
-994 0
-993 0
-992 0
-991 1
-990 0
-989 0
-988 0
-987 0
-986 0
-985 0
-984 0
-983 0
-982 2
-981 1
-980 0
-979 0
-978 0
-977 1
-976 1
-975 0
-974 0
-973 0
-972 0
-971 0
-970 0
-969 3
-968 0
-967 2
-966 1
-965 0
-964 0
-963 0
-962 0
-961 1
-960 0
-959 0
-958 1
-957 0
-956 0
-955 0
-954 0
-953 1
-952 0
-951 1
-950 0
-949 0
-948 0
-947 0
-946 0
-945 0
-944 1
-943 1
-942 0
-941 0
-940 0
-939 1
-938 1
-937 1
-936 1
-935 0
-934 0
-933 0
-932 0
-931 1
-930 0
-929 1
-928 0
-927 0
-926 0
-925 0
-924 0
-923 0
-922 0
-921 0
-920 0
-919 1
-918 0
-917 0
-916 0
-915 0
-914 0
-913 0
-912 0
-911 1
-910 0
-909 0
-908 3
-907 2
-906 0
-905 3
-904 0
-903 0
-902 0
-901 1
-900 1
-899 1
-898 0
-897 1
-896 0
-895 0
-894 0
-893 1
-892 0
-891 0
-890 0
-889 0
-888 0
-887 1
-886 1
-885 0
-884 0
-883 1
-882 0
-881 1
-880 1
-879 0
-878 0
-877 1
-876 3
-875 1
-874 1
-873 0
-872 0
-871 1
-870 0
-869 2
-868 0
-867 1
-866 2
-865 0
-864 1
-863 1
-862 1
-861 1
-860 0
-859 1
-858 0
-857 4
-856 1
-855 1
-854 3
-853 1
-852 1
-851 1
-850 1
-849 0
-848 0
-847 1
-846 3
-845 1
-844 1
-843 5
-842 1
-841 1
-840 1
-839 2
-838 1
-837 1
-836 2
-835 1
-834 0
-833 0
-832 1
-831 3
-830 1
-829 0
-828 0
-827 2
-826 1
-825 4
-824 0
-823 0
-822 0
-821 2
-820 3
-819 1
-818 2
-817 2
-816 1
-815 3
-814 1
-813 1
-812 0
-811 1
-810 0
-809 1
-808 0
-807 2
-806 1
-805 0
-804 1
-803 3
-802 0
-801 2
-800 0
-799 1
-798 3
-797 2
-796 2
-795 0
-794 3
-793 2
-792 4
-791 4
-790 3
-789 2
-788 1
-787 4
-786 1
-785 3
-784 0
-783 1
-782 0
-781 3
-780 1
-779 2
-778 6
-777 2
-776 1
-775 6
-774 1
-773 2
-772 1
-771 1
-770 2
-769 5
-768 1
-767 1
-766 4
-765 4
-764 2
-763 5
-762 3
-761 4
-760 3
-759 0
-758 6
-757 2
-756 1
-755 0
-754 3
-753 4
-752 3
-751 1
-750 2
-749 0
-748 6
-747 4
-746 3
-745 4
-744 3
-743 5
-742 6
-741 2
-740 7
-739 2
-738 5
-737 2
-736 4
-735 6
-734 8
-733 3
-732 6
-731 5
-730 4
-729 4
-728 5
-727 7
-726 1
-725 6
-724 5
-723 2
-722 2
-721 9
-720 5
-719 4
-718 2
-717 9
-716 12
-715 4
-714 5
-713 8
-712 5
-711 6
-710 7
-709 4
-708 7
-707 6
-706 6
-705 5
-704 3
-703 7
-702 3
-701 10
-700 8
-699 5
-698 6
-697 7
-696 9
-695 7
-694 6
-693 12
-692 6
-691 4
-690 5
-689 12
-688 6
-687 4
-686 10
-685 8
-684 10
-683 10
-682 10
-681 6
-680 11
-679 6
-678 8
-677 9
-676 5
-675 6
-674 7
-673 15
-672 13
-671 18
-670 10
-669 12
-668 16
-667 12
-666 10
-665 14
-664 8
-663 10
-662 11
-661 20
-660 11
-659 17
-658 14
-657 11
-656 10
-655 8
-654 11
-653 12
-652 10
-651 15
-650 14
-649 19
-648 17
-647 17
-646 12
-645 16
-644 17
-643 11
-642 17
-641 20
-640 17
-639 17
-638 23
-637 21
-636 21
-635 20
-634 18
-633 19
-632 19
-631 20
-630 19
-629 12
-628 20
-627 14
-626 18
-625 16
-624 14
-623 25
-622 24
-621 27
-620 22
-619 16
-618 26
-617 26
-616 30
-615 24
-614 29
-613 22
-612 24
-611 29
-610 22
-609 23
-608 23
-607 27
-606 25
-605 35
-604 28
-603 30
-602 22
-601 24
-600 47
-599 18
-598 26
-597 36
-596 28
-595 22
-594 29
-593 39
-592 39
-591 32
-590 32
-589 39
-588 33
-587 35
-586 35
-585 34
-584 31
-583 35
-582 44
-581 38
-580 31
-579 37
-578 46
-577 41
-576 40
-575 54
-574 43
-573 45
-572 45
-571 42
-570 51
-569 54
-568 38
-567 51
-566 48
-565 57
-564 50
-563 47
-562 58
-561 40
-560 57
-559 59
-558 52
-557 61
-556 52
-555 49
-554 61
-553 62
-552 68
-551 63
-550 69
-549 52
-548 68
-547 76
-546 51
-545 71
-544 68
-543 61
-542 67
-541 65
-540 66
-539 72
-538 67
-537 62
-536 75
-535 78
-534 77
-533 82
-532 83
-531 84
-530 106
-529 78
-528 79
-527 95
-526 84
-525 85
-524 102
-523 71
-522 82
-521 96
-520 99
-519 90
-518 92
-517 104
-516 99
-515 93
-514 110
-513 111
-512 110
-511 97
-510 122
-509 101
-508 129
-507 121
-506 118
-505 117
-504 131
-503 127
-502 114
-501 123
-500 144
-499 124
-498 158
-497 129
-496 143
-495 141
-494 138
-493 144
-492 143
-491 148
-490 152
-489 160
-488 152
-487 155
-486 141
-485 173
-484 171
-483 156
-482 159
-481 165
-480 199
-479 160
-478 161
-477 180
-476 161
-475 197
-474 222
-473 197
-472 189
-471 184
-470 189
-469 200
-468 207
-467 210
-466 201
-465 202
-464 208
-463 215
-462 215
-461 242
-460 205
-459 216
-458 226
-457 237
-456 262
-455 247
-454 284
-453 265
-452 270
-451 298
-450 292
-449 263
-448 297
-447 288
-446 310
-445 285
-444 299
-443 322
-442 309
-441 293
-440 317
-439 327
-438 341
-437 322
-436 315
-435 355
-434 387
-433 334
-432 392
-431 334
-430 393
-429 320
-428 392
-427 383
-426 389
-425 431
-424 374
-423 415
-422 429
-421 422
-420 439
-419 421
-418 435
-417 439
-416 461
-415 451
-414 475
-413 475
-412 446
-411 509
-410 509
-409 509
-408 486
-407 530
-406 563
-405 531
-404 532
-403 581
-402 583
-401 579
-400 546
-399 595
-398 599
-397 590
-396 629
-395 577
-394 657
-393 654
-392 662
-391 672
-390 691
-389 685
-388 667
-387 696
-386 712
-385 698
-384 705
-383 704
-382 780
-381 748
-380 807
-379 805
-378 842
-377 829
-376 944
-375 836
-374 887
-373 858
-372 853
-371 827
-370 958
-369 902
-368 931
-367 973
-366 980
-365 1010
-364 982
-363 1093
-362 1074
-361 1067
-360 1100
-359 1099
-358 1070
-357 1095
-356 1113
-355 1151
-354 1176
-353 1174
-352 1255
-351 1231
-350 1261
-349 1248
-348 1253
-347 1309
-346 1383
-345 1341
-344 1384
-343 1405
-342 1414
-341 1489
-340 1476
-339 1484
-338 1488
-337 1538
-336 1635
-335 1601
-334 1601
-333 1640
-332 1672
-331 1799
-330 1709
-329 1783
-328 1840
-327 1883
-326 1819
-325 1961
-324 1894
-323 1975
-322 1878
-321 1960
-320 2035
-319 2043
-318 2024
-317 2117
-316 2207
-315 2200
-314 2254
-313 2251
-312 2262
-311 2369
-310 2421
-309 2437
-308 2508
-307 2538
-306 2494
-305 2600
-304 2601
-303 2637
-302 2752
-301 2827
-300 2868
-299 2910
-298 2922
-297 3023
-296 2983
-295 3074
-294 3080
-293 3137
-292 3184
-291 3352
-290 3352
-289 3453
-288 3397
-287 3603
-286 3578
-285 3577
-284 3760
-283 3786
-282 3781
-281 4047
-280 3975
-279 4099
-278 3998
-277 4121
-276 4156
-275 4312
-274 4396
-273 4430
-272 4465
-271 4693
-270 4620
-269 4750
-268 4921
-267 4971
-266 5074
-265 4979
-264 5165
-263 5239
-262 5315
-261 5348
-260 5639
-259 5708
-258 5791
-257 5909
-256 5990
-255 6086
-254 6082
-253 6368
-252 6269
-251 6410
-250 6513
-249 6713
-248 6768
-247 6897
-246 6776
-245 7413
-244 7237
-243 7351
-242 7436
-241 7590
-240 7940
-239 7969
-238 7982
-237 8382
-236 8182
-235 8571
-234 8663
-233 8915
-232 8960
-231 9279
-230 9404
-229 9425
-228 9725
-227 9990
-226 10208
-225 10310
-224 10359
-223 10477
-222 10954
-221 10893
-220 11179
-219 11416
-218 11659
-217 11924
-216 12036
-215 12168
-214 12438
-213 12846
-212 13101
-211 13214
-210 13206
-209 13750
-208 13971
-207 14141
-206 14509
-205 14821
-204 14837
-203 15357
-202 15651
-201 15962
-200 16352
-199 16296
-198 16939
-197 17227
-196 17291
-195 17873
-194 18218
-193 18527
-192 18664
-191 19265
-190 19690
-189 19884
-188 20259
-187 20458
-186 21197
-185 21493
-184 21961
-183 22157
-182 22712
-181 23248
-180 23603
-179 23930
-178 24632
-177 25130
-176 25751
-175 26173
-174 26288
-173 27053
-172 27662
-171 28256
-170 28948
-169 29187
-168 30146
-167 30740
-166 30984
-165 32050
-164 32564
-163 33485
-162 33673
-161 34587
-160 35245
-159 36022
-158 36898
-157 37366
-156 38250
-155 38910
-154 40123
-153 40589
-152 41863
-151 42134
-150 43249
-149 44409
-148 45204
-147 45863
-146 47135
-145 48163
-144 48978
-143 50147
-142 51580
-141 52537
-140 54107
-139 54927
-138 56199
-137 57196
-136 58511
-135 59727
-134 60658
-133 62269
-132 64178
-131 66066
-130 66438
-129 68270
-128 69797
-127 71351
-126 73566
-125 74567
-124 76611
-123 78348
-122 79918
-121 81310
-120 83998
-119 85619
-118 87723
-117 89880
-116 92868
-115 93732
-114 96627
-113 98996
-112 101478
-111 103663
-110 106367
-109 109409
-108 111646
-107 114665
-106 117049
-105 120550
-104 123050
-103 125762
-102 129727
-101 132874
-100 136557
-99 140550
-98 143996
-97 146619
-96 151284
-95 155209
-94 159239
-93 163953
-92 168656
-91 172045
-90 177223
-89 182381
-88 186318
-87 192519
-86 197522
-85 203221
-84 208378
-83 215571
-82 221503
-81 228640
-80 235151
-79 241929
-78 248372
-77 255877
-76 264250
-75 271835
-74 280544
-73 288284
-72 297719
-71 307644
-70 316705
-69 326904
-68 336850
-67 348318
-66 360986
-65 372457
-64 384922
-63 398689
-62 412146
-61 425632
-60 440681
-59 457620
-58 473873
-57 490134
-56 508380
-55 528196
-54 546641
-53 567785
-52 590387
-51 612787
-50 638852
-49 664879
-48 689726
-47 718665
-46 750255
-45 784638
-44 817782
-43 854900
-42 891520
-41 933258
-40 976872
-39 1023537
-38 1075169
-37 1128007
-36 1185317
-35 1247697
-34 1315487
-33 1387835
-32 1465832
-31 1548988
-30 1640143
-29 1738614
-28 1848615
-27 1965816
-26 2098053
-25 2241637
-24 2402508
-23 2579927
-22 2778963
-21 3001183
-20 3252504
-19 3535044
-18 3861699
-17 4231010
-16 4666317
-15 5168590
-14 5767929
-13 6476519
-12 7342988
-11 8412522
-10 9749442
-9 11460735
-8 13728891
-7 16833098
-6 21334598
-5 28112583
-4 39692933
-3 64039184
-2 126719881
-1 598757770
0 0
1 598757791
2 126708594
3 64051433
4 39696296
5 28119978
6 21328716
7 16831817
8 13723030
9 11465815
10 9749085
11 8413328
12 7340592
13 6476652
14 5766158
15 5166431
16 4663021
17 4232254
18 3859815
19 3539893
20 3252714
21 3004129
22 2780542
23 2581424
24 2403538
25 2238854
26 2098021
27 1968191
28 1847953
29 1738225
30 1637523
31 1548427
32 1464440
33 1388223
34 1315400
35 1246196
36 1185231
37 1129452
38 1075059
39 1024416
40 977299
41 933801
42 892599
43 854304
44 817865
45 783266
46 750163
47 718580
48 690647
49 664388
50 637049
51 613829
52 590687
53 568902
54 547593
55 527444
56 508302
57 490435
58 473466
59 457475
60 441052
61 425535
62 411963
63 398345
64 385194
65 372072
66 360467
67 349184
68 338350
69 326596
70 317215
71 306427
72 298593
73 288605
74 279414
75 272209
76 264031
77 256384
78 248622
79 241049
80 235145
81 227839
82 221392
83 215207
84 208753
85 202922
86 197275
87 193125
88 187696
89 182531
90 177237
91 173079
92 168064
93 163282
94 159181
95 155002
96 151369
97 147124
98 143836
99 140315
100 136322
101 132603
102 129231
103 126251
104 122907
105 120021
106 117822
107 114940
108 111448
109 109810
110 106569
111 103455
112 101005
113 98383
114 97203
115 94503
116 92407
117 89302
118 87708
119 85386
120 83629
121 82397
122 80021
123 78585
124 76631
125 74539
126 73173
127 71482
128 69549
129 68069
130 66971
131 65298
132 64135
133 62643
134 61007
135 59753
136 57937
137 57365
138 55778
139 54697
140 53223
141 52264
142 51273
143 50672
144 49527
145 48221
146 47129
147 46330
148 45313
149 44420
150 43448
151 42391
152 41829
153 40681
154 39991
155 39445
156 38406
157 37387
158 37075
159 35554
160 35501
161 34720
162 33869
163 32934
164 32681
165 32106
166 31167
167 30682
168 29810
169 29638
170 28806
171 28236
172 27420
173 27275
174 26653
175 26305
176 25476
177 25178
178 24331
179 24167
180 23336
181 23245
182 22902
183 22471
184 21570
185 21379
186 20929
187 20689
188 20173
189 19923
190 19621
191 18975
192 18764
193 18535
194 18212
195 17567
196 17455
197 17336
198 16955
199 16354
200 16186
201 15840
202 15413
203 15393
204 15499
205 14741
206 14421
207 14429
208 13814
209 13767
210 13451
211 13328
212 12977
213 12684
214 12392
215 12432
216 11846
217 11828
218 11591
219 11431
220 11227
221 10986
222 10697
223 10547
224 10318
225 10123
226 9864
227 10008
228 9745
229 9626
230 9314
231 9199
232 9041
233 8876
234 8715
235 8454
236 8507
237 8158
238 8145
239 7798
240 7877
241 7644
242 7640
243 7368
244 7303
245 7315
246 6883
247 6728
248 6770
249 6665
250 6560
251 6507
252 6412
253 6071
254 5962
255 5988
256 5943
257 5850
258 5682
259 5837
260 5435
261 5356
262 5356
263 5234
264 5078
265 5238
266 4911
267 4997
268 4795
269 4737
270 4666
271 4603
272 4462
273 4471
274 4283
275 4304
276 4163
277 4198
278 4088
279 4060
280 3985
281 3857
282 3766
283 3752
284 3735
285 3711
286 3520
287 3359
288 3463
289 3430
290 3251
291 3354
292 3204
293 3200
294 3089
295 3042
296 3022
297 3002
298 2812
299 2920
300 2871
301 2820
302 2754
303 2601
304 2671
305 2565
306 2580
307 2433
308 2400
309 2437
310 2387
311 2314
312 2310
313 2337
314 2190
315 2195
316 2203
317 2151
318 2135
319 2061
320 1992
321 2028
322 2033
323 1956
324 1954
325 1898
326 1889
327 1905
328 1862
329 1775
330 1728
331 1699
332 1680
333 1612
334 1581
335 1705
336 1598
337 1506
338 1433
339 1509
340 1490
341 1531
342 1418
343 1443
344 1413
345 1429
346 1272
347 1346
348 1295
349 1230
350 1268
351 1184
352 1227
353 1194
354 1260
355 1118
356 1175
357 1114
358 1160
359 1087
360 1046
361 1065
362 1032
363 1058
364 979
365 992
366 983
367 986
368 1001
369 898
370 897
371 932
372 906
373 889
374 871
375 870
376 852
377 844
378 766
379 793
380 768
381 749
382 795
383 766
384 774
385 736
386 708
387 709
388 679
389 702
390 661
391 685
392 652
393 666
394 666
395 611
396 638
397 602
398 538
399 611
400 548
401 600
402 561
403 546
404 532
405 505
406 532
407 541
408 494
409 549
410 503
411 495
412 470
413 444
414 500
415 470
416 463
417 513
418 422
419 445
420 402
421 417
422 406
423 428
424 418
425 375
426 377
427 387
428 373
429 377
430 393
431 345
432 360
433 343
434 347
435 353
436 347
437 315
438 340
439 333
440 324
441 288
442 335
443 253
444 294
445 306
446 309
447 259
448 297
449 265
450 307
451 278
452 274
453 257
454 246
455 270
456 270
457 223
458 248
459 243
460 247
461 243
462 246
463 236
464 224
465 216
466 192
467 213
468 191
469 206
470 196
471 217
472 195
473 189
474 190
475 195
476 164
477 160
478 186
479 176
480 154
481 161
482 181
483 153
484 150
485 161
486 176
487 178
488 165
489 130
490 152
491 141
492 143
493 159
494 135
495 127
496 134
497 128
498 134
499 135
500 117
501 121
502 120
503 113
504 142
505 139
506 136
507 92
508 118
509 114
510 100
511 104
512 103
513 121
514 98
515 118
516 87
517 118
518 110
519 90
520 98
521 93
522 95
523 86
524 89
525 93
526 97
527 88
528 72
529 74
530 86
531 103
532 101
533 72
534 83
535 70
536 79
537 75
538 83
539 75
540 75
541 88
542 58
543 69
544 65
545 67
546 53
547 71
548 65
549 59
550 64
551 74
552 76
553 63
554 54
555 51
556 54
557 62
558 63
559 58
560 46
561 51
562 26
563 61
564 61
565 40
566 38
567 41
568 47
569 43
570 39
571 50
572 47
573 52
574 50
575 51
576 53
577 42
578 34
579 25
580 36
581 41
582 33
583 40
584 35
585 37
586 28
587 30
588 45
589 27
590 39
591 38
592 32
593 41
594 40
595 31
596 42
597 21
598 25
599 33
600 36
601 34
602 31
603 30
604 31
605 39
606 27
607 25
608 32
609 19
610 25
611 24
612 38
613 16
614 27
615 17
616 22
617 18
618 23
619 19
620 21
621 21
622 25
623 21
624 13
625 14
626 13
627 17
628 23
629 18
630 23
631 26
632 22
633 22
634 20
635 21
636 11
637 20
638 27
639 13
640 19
641 23
642 20
643 17
644 21
645 12
646 15
647 14
648 15
649 13
650 13
651 15
652 13
653 16
654 12
655 12
656 10
657 12
658 11
659 15
660 12
661 14
662 6
663 14
664 15
665 14
666 11
667 11
668 11
669 4
670 14
671 6
672 7
673 14
674 10
675 9
676 13
677 8
678 5
679 17
680 11
681 10
682 8
683 12
684 8
685 13
686 9
687 10
688 9
689 10
690 3
691 1
692 10
693 9
694 7
695 7
696 6
697 5
698 4
699 7
700 9
701 5
702 9
703 8
704 7
705 6
706 9
707 3
708 9
709 6
710 4
711 5
712 6
713 7
714 4
715 6
716 3
717 2
718 6
719 5
720 5
721 3
722 4
723 2
724 2
725 4
726 7
727 6
728 1
729 7
730 1
731 2
732 4
733 2
734 7
735 4
736 2
737 2
738 4
739 7
740 7
741 5
742 3
743 6
744 4
745 7
746 4
747 6
748 4
749 1
750 3
751 9
752 3
753 1
754 2
755 4
756 5
757 3
758 1
759 2
760 2
761 0
762 4
763 0
764 1
765 4
766 6
767 1
768 1
769 3
770 2
771 1
772 3
773 1
774 1
775 3
776 5
777 2
778 4
779 6
780 1
781 1
782 2
783 6
784 3
785 0
786 2
787 7
788 2
789 2
790 1
791 1
792 2
793 2
794 1
795 3
796 1
797 5
798 2
799 1
800 1
801 1
802 4
803 4
804 4
805 3
806 1
807 2
808 0
809 3
810 1
811 1
812 1
813 1
814 0
815 1
816 2
817 1
818 1
819 2
820 1
821 1
822 3
823 1
824 2
825 4
826 1
827 3
828 0
829 2
830 1
831 0
832 3
833 2
834 1
835 1
836 2
837 0
838 2
839 2
840 2
841 2
842 2
843 2
844 0
845 0
846 0
847 0
848 0
849 0
850 3
851 2
852 2
853 2
854 1
855 1
856 1
857 2
858 1
859 3
860 0
861 0
862 2
863 0
864 0
865 3
866 0
867 1
868 1
869 1
870 1
871 0
872 1
873 1
874 1
875 1
876 0
877 2
878 0
879 0
880 0
881 1
882 0
883 1
884 2
885 1
886 0
887 0
888 0
889 0
890 1
891 1
892 0
893 1
894 0
895 1
896 0
897 0
898 1
899 1
900 1
901 0
902 1
903 0
904 2
905 0
906 1
907 1
908 1
909 1
910 2
911 1
912 0
913 0
914 0
915 1
916 0
917 0
918 1
919 0
920 4
921 0
922 0
923 0
924 0
925 0
926 0
927 0
928 2
929 0
930 0
931 0
932 0
933 0
934 0
935 0
936 0
937 0
938 0
939 0
940 0
941 0
942 0
943 0
944 1
945 2
946 0
947 0
948 0
949 1
950 0
951 0
952 1
953 1
954 1
955 0
956 1
957 1
958 0
959 1
960 0
961 0
962 0
963 0
964 2
965 0
966 0
967 0
968 1
969 0
970 0
971 0
972 0
973 0
974 0
975 0
976 0
977 0
978 0
979 0
980 0
981 1
982 0
983 0
984 0
985 0
986 0
987 0
988 0
989 1
990 0
991 0
992 0
993 0
994 0
995 1
996 0
997 0
998 0
999 0
1000 0
1001 1
1002 0
1003 0
1004 0
1005 0
1006 0
1007 0
1008 0
1009 0
1010 0
1011 0
1012 0
1013 0
1014 1
1015 0
1016 0
1017 0
1018 0
1019 0
1020 0
1021 0
1022 0
1023 1
1024 0
1025 0
1026 0
1027 1
1028 0
1029 0
1030 1
1031 0
1032 0
1033 0
1034 0
1035 0
1036 0
1037 0
1038 0
1039 0
1040 0
1041 1
1042 0
1043 0
1044 0
1045 0
1046 0
1047 0
1048 0
1049 1
1050 0
1051 0
1052 0
1053 0
1054 0
1055 0
1056 0
1057 0
1058 0
1059 0
1060 0
1061 0
1062 0
1063 0
1064 1
1065 0
1066 0
1067 0
1068 0
1069 0
1070 1
1071 0
1072 0
1073 0
1074 0
1075 0
1076 0
1077 0
1078 0
1079 0
1080 0
1081 0
1082 0
1083 0
1084 0
1085 0
1086 0
1087 0
1088 0
1089 0
1090 0
1091 0
1092 0
1093 0
1094 0
1095 0
1096 0
1097 0
1098 0
1099 0
1100 0
1101 0
1102 0
1103 0
1104 0
1105 0
1106 0
1107 0
1108 0
1109 0
1110 0
1111 0
1112 0
1113 0
1114 0
1115 0
1116 0
1117 0
1118 0
1119 0
1120 0
1121 0
1122 0
1123 0
1124 0
1125 0
1126 0
1127 0
1128 0
1129 0
1130 0
1131 0
1132 0
1133 0
1134 0
1135 0
1136 0
1137 0
1138 0
1139 0
1140 0
1141 0
1142 0
1143 0
1144 0
1145 0
1146 0
1147 0
1148 0
1149 0
1150 0
1151 0
1152 0
1153 0
1154 0
1155 0
1156 0
1157 0
1158 0
1159 0
1160 0
1161 0
1162 0
1163 0
1164 0
1165 0
1166 0
1167 0
1168 0
1169 0
1170 0
1171 0
1172 0
1173 0
1174 0
1175 0
1176 0
1177 0
1178 0
1179 0
1180 1
1181 0
1182 0
1183 0
1184 0
1185 0
1186 0
1187 0
1188 0
1189 0
1190 0
1191 0
1192 0
1193 0
1194 0
1195 0
1196 0
1197 0
1198 0
1199 0
1200 0
1201 0
1202 0
1203 0
1204 0
1205 0
1206 0
1207 0
1208 0
1209 0
1210 0
1211 0
1212 0
1213 0
1214 0
1215 0
1216 0
1217 0
1218 0
1219 0
1220 0
1221 0
1222 0
1223 0
1224 0
1225 0
1226 0
1227 0
1228 0
1229 0
1230 0
1231 0
1232 0
1233 0
1234 0
1235 0
1236 0
1237 0
1238 0
1239 0
1240 0
1241 0
1242 0
1243 0
1244 0
1245 0
1246 0
1247 0
1248 0
1249 0
1250 0
1251 0
1252 0
1253 0
1254 0
1255 0
1256 0
1257 0
1258 0
1259 0
1260 0
1261 0
1262 0
1263 0
1264 0
1265 0
1266 0
1267 0
1268 0
1269 0
1270 0
1271 0
1272 0
1273 0
1274 0
1275 0
1276 0
1277 0
1278 0
1279 0
1280 0
1281 0
1282 0
1283 1
