0 1.0 0.0
1 0.398 0.602
2 0.502 0.498
3 0.4926 0.5074
4 0.4911 0.5089
5 0.4901 0.5099
6 0.4909 0.5091
7 0.4913 0.5087
8 0.4917 0.5083
9 0.492 0.508
10 0.4921 0.5079
11 0.4924 0.5076
12 0.4927 0.5073
13 0.4927 0.5073
14 0.4929 0.5071
15 0.4931 0.5069
16 0.4931 0.5069
17 0.4932 0.5068
18 0.4936 0.5064
19 0.4935 0.5065
20 0.4936 0.5064
21 0.4937 0.5063
22 0.4937 0.5063
23 0.4935 0.5065
24 0.4938 0.5062
25 0.4938 0.5062
26 0.4937 0.5063
27 0.4936 0.5064
28 0.4941 0.5059
29 0.4939 0.5061
30 0.4937 0.5063
31 0.4938 0.5062
32 0.4938 0.5062
33 0.4938 0.5062
34 0.494 0.506
35 0.4941 0.5059
36 0.494 0.506
37 0.4935 0.5065
38 0.494 0.506
39 0.4937 0.5063
40 0.4936 0.5064
41 0.4937 0.5063
42 0.4938 0.5062
43 0.4937 0.5063
44 0.4933 0.5067
45 0.4935 0.5065
46 0.4933 0.5067
47 0.4935 0.5065
48 0.4934 0.5066
49 0.4934 0.5066
50 0.4931 0.5069
51 0.4937 0.5063
52 0.4933 0.5067
53 0.4931 0.5069
54 0.4929 0.5071
55 0.493 0.507
56 0.493 0.507
57 0.4927 0.5073
58 0.493 0.507
59 0.4926 0.5074
60 0.493 0.507
61 0.4927 0.5073
62 0.4925 0.5075
63 0.4924 0.5076
64 0.4926 0.5074
65 0.4929 0.5071
66 0.4925 0.5075
67 0.4923 0.5077
68 0.4925 0.5075
69 0.4926 0.5074
70 0.4922 0.5078
71 0.4923 0.5077
72 0.492 0.508
73 0.4922 0.5078
74 0.4919 0.5081
75 0.4918 0.5082
76 0.4921 0.5079
77 0.4921 0.5079
78 0.4917 0.5083
79 0.4919 0.5081
80 0.492 0.508
81 0.492 0.508
82 0.4918 0.5082
83 0.4917 0.5083
84 0.4916 0.5084
85 0.4916 0.5084
86 0.4916 0.5084
87 0.4916 0.5084
88 0.4914 0.5086
89 0.4916 0.5084
90 0.4909 0.5091
91 0.4913 0.5087
92 0.4913 0.5087
93 0.4915 0.5085
94 0.4912 0.5088
95 0.4909 0.5091
96 0.4913 0.5087
97 0.4908 0.5092
98 0.4906 0.5094
99 0.491 0.509
100 0.4907 0.5093
101 0.4911 0.5089
102 0.4904 0.5096
103 0.4907 0.5093
104 0.4906 0.5094
105 0.4905 0.5095
106 0.4904 0.5096
107 0.4905 0.5095
108 0.4903 0.5097
109 0.4899 0.5101
110 0.4902 0.5098
111 0.4907 0.5093
112 0.4904 0.5096
113 0.4903 0.5097
114 0.4901 0.5099
115 0.49 0.51
116 0.4899 0.5101
117 0.4899 0.5101
118 0.49 0.51
119 0.49 0.51
120 0.4896 0.5104
121 0.4899 0.5101
122 0.4896 0.5104
123 0.4896 0.5104
124 0.4895 0.5105
125 0.4891 0.5109
126 0.4897 0.5103
127 0.4893 0.5107
128 0.4893 0.5107
129 0.4897 0.5103
130 0.4899 0.5101
131 0.4894 0.5106
132 0.4891 0.5109
133 0.4891 0.5109
134 0.4894 0.5106
135 0.4896 0.5104
136 0.4889 0.5111
137 0.4888 0.5112
138 0.4891 0.5109
139 0.4894 0.5106
140 0.4884 0.5116
141 0.4889 0.5111
142 0.4887 0.5113
143 0.489 0.511
144 0.4889 0.5111
145 0.4883 0.5117
146 0.4887 0.5113
147 0.4886 0.5114
148 0.4882 0.5118
149 0.4881 0.5119
150 0.4887 0.5113
151 0.4886 0.5114
152 0.4886 0.5114
153 0.4881 0.5119
154 0.4881 0.5119
155 0.4884 0.5116
156 0.4886 0.5114
157 0.4882 0.5118
158 0.4883 0.5117
159 0.4878 0.5122
160 0.4878 0.5122
161 0.488 0.512
162 0.4878 0.5122
163 0.4875 0.5125
164 0.4878 0.5122
165 0.4882 0.5118
166 0.4873 0.5127
167 0.4878 0.5122
168 0.4875 0.5125
169 0.4875 0.5125
170 0.4876 0.5124
171 0.4879 0.5121
172 0.4873 0.5127
173 0.4876 0.5124
174 0.4874 0.5126
175 0.4871 0.5129
176 0.487 0.513
177 0.4874 0.5126
178 0.4871 0.5129
179 0.4871 0.5129
180 0.4874 0.5126
181 0.488 0.512
182 0.4871 0.5129
183 0.4863 0.5137
184 0.4866 0.5134
185 0.4869 0.5131
186 0.4869 0.5131
187 0.4867 0.5133
188 0.4865 0.5135
189 0.4871 0.5129
190 0.4868 0.5132
191 0.4872 0.5128
192 0.4866 0.5134
193 0.4866 0.5134
194 0.4865 0.5135
195 0.4869 0.5131
196 0.4863 0.5137
197 0.4863 0.5137
198 0.4868 0.5132
199 0.4871 0.5129
200 0.4864 0.5136
201 0.486 0.514
202 0.4862 0.5138
203 0.4866 0.5134
204 0.4866 0.5134
205 0.4869 0.5131
206 0.4862 0.5138
207 0.4866 0.5134
208 0.4867 0.5133
209 0.4859 0.5141
210 0.486 0.514
211 0.4856 0.5144
212 0.4857 0.5143
213 0.4861 0.5139
214 0.4862 0.5138
215 0.4864 0.5136
216 0.4859 0.5141
217 0.4858 0.5142
218 0.4862 0.5138
219 0.4858 0.5142
220 0.4849 0.5151
221 0.4864 0.5136
222 0.4854 0.5146
223 0.4863 0.5137
224 0.4858 0.5142
225 0.4855 0.5145
226 0.4852 0.5148
227 0.4853 0.5147
228 0.4853 0.5147
229 0.4854 0.5146
230 0.4854 0.5146
231 0.4855 0.5145
232 0.4862 0.5138
233 0.4857 0.5143
234 0.4853 0.5147
235 0.4861 0.5139
236 0.486 0.514
237 0.4855 0.5145
238 0.4855 0.5145
239 0.4861 0.5139
240 0.4849 0.5151
241 0.4851 0.5149
242 0.485 0.515
243 0.4852 0.5148
244 0.4849 0.5151
245 0.485 0.515
246 0.4859 0.5141
247 0.4858 0.5142
248 0.4841 0.5159
249 0.4848 0.5152
250 0.4847 0.5153
251 0.4848 0.5152
252 0.4852 0.5148
253 0.4849 0.5151
254 0.4849 0.5151
255 0.4849 0.5151
256 0.4848 0.5152
257 0.4854 0.5146
258 0.484 0.516
259 0.4846 0.5154
260 0.4842 0.5158
261 0.4846 0.5154
262 0.4845 0.5155
263 0.4844 0.5156
264 0.4845 0.5155
265 0.4847 0.5153
266 0.4851 0.5149
267 0.4845 0.5155
268 0.4846 0.5154
269 0.4844 0.5156
270 0.4842 0.5158
271 0.4852 0.5148
272 0.4838 0.5162
273 0.484 0.516
274 0.4845 0.5155
275 0.484 0.516
276 0.484 0.516
277 0.4842 0.5158
278 0.4844 0.5156
279 0.485 0.515
280 0.4835 0.5165
281 0.4844 0.5156
282 0.484 0.516
283 0.4831 0.5169
284 0.4845 0.5155
285 0.4837 0.5163
286 0.4844 0.5156
287 0.4849 0.5151
288 0.4837 0.5163
289 0.4839 0.5161
290 0.4841 0.5159
291 0.4833 0.5167
292 0.4835 0.5165
293 0.4833 0.5167
294 0.4833 0.5167
295 0.4834 0.5166
296 0.4834 0.5166
297 0.4837 0.5163
298 0.484 0.516
299 0.4837 0.5163
300 0.4832 0.5168
301 0.4839 0.5161
302 0.4826 0.5174
303 0.484 0.516
304 0.4833 0.5167
305 0.4835 0.5165
306 0.4842 0.5158
307 0.4836 0.5164
308 0.4831 0.5169
309 0.4834 0.5166
310 0.4836 0.5164
311 0.4839 0.5161
312 0.4838 0.5162
313 0.4834 0.5166
314 0.4839 0.5161
315 0.4829 0.5171
316 0.4825 0.5175
317 0.4838 0.5162
318 0.4828 0.5172
319 0.4832 0.5168
320 0.4826 0.5174
321 0.4815 0.5185
322 0.4838 0.5162
323 0.4831 0.5169
324 0.4831 0.5169
325 0.4828 0.5172
326 0.4825 0.5175
327 0.4833 0.5167
328 0.4823 0.5177
329 0.4825 0.5175
330 0.4815 0.5185
331 0.4825 0.5175
332 0.4828 0.5172
333 0.4833 0.5167
334 0.4828 0.5172
335 0.483 0.517
336 0.4831 0.5169
337 0.4823 0.5177
338 0.4826 0.5174
339 0.4822 0.5178
340 0.4828 0.5172
341 0.4825 0.5175
342 0.4819 0.5181
343 0.4829 0.5171
344 0.4824 0.5176
345 0.482 0.518
346 0.4822 0.5178
347 0.4832 0.5168
348 0.4827 0.5173
349 0.4831 0.5169
350 0.482 0.518
351 0.4819 0.5181
352 0.4821 0.5179
353 0.4821 0.5179
354 0.482 0.518
355 0.4824 0.5176
356 0.4822 0.5178
357 0.4828 0.5172
358 0.4825 0.5175
359 0.4821 0.5179
360 0.4825 0.5175
361 0.4815 0.5185
362 0.4832 0.5168
363 0.4836 0.5164
364 0.4818 0.5182
365 0.4816 0.5184
366 0.4817 0.5183
367 0.4812 0.5188
368 0.4811 0.5189
369 0.4818 0.5182
370 0.4826 0.5174
371 0.4829 0.5171
372 0.4815 0.5185
373 0.481 0.519
374 0.4815 0.5185
375 0.4828 0.5172
376 0.4828 0.5172
377 0.4818 0.5182
378 0.4822 0.5178
379 0.4827 0.5173
380 0.4828 0.5172
381 0.4813 0.5187
382 0.4818 0.5182
383 0.4836 0.5164
384 0.4829 0.5171
385 0.4812 0.5188
386 0.4819 0.5181
387 0.4822 0.5178
388 0.4821 0.5179
389 0.481 0.519
390 0.4816 0.5184
391 0.4812 0.5188
392 0.4811 0.5189
393 0.4819 0.5181
394 0.4821 0.5179
395 0.4815 0.5185
396 0.4813 0.5187
397 0.4812 0.5188
398 0.4818 0.5182
399 0.4815 0.5185
400 0.4821 0.5179
401 0.4808 0.5192
402 0.4803 0.5197
403 0.4808 0.5192
404 0.4823 0.5177
405 0.4809 0.5191
406 0.482 0.518
407 0.4812 0.5188
408 0.4815 0.5185
409 0.4819 0.5181
410 0.4819 0.5181
411 0.4815 0.5185
412 0.4801 0.5199
413 0.4819 0.5181
414 0.4822 0.5178
415 0.4822 0.5178
416 0.4816 0.5184
417 0.4813 0.5187
418 0.4822 0.5178
419 0.4806 0.5194
420 0.4823 0.5177
421 0.481 0.519
422 0.4811 0.5189
423 0.4806 0.5194
424 0.481 0.519
425 0.4799 0.5201
426 0.4815 0.5185
427 0.4801 0.5199
428 0.4802 0.5198
429 0.4803 0.5197
430 0.4796 0.5204
431 0.482 0.518
432 0.4798 0.5202
433 0.4806 0.5194
434 0.4818 0.5182
435 0.4811 0.5189
436 0.48 0.52
437 0.4808 0.5192
438 0.4812 0.5188
439 0.482 0.518
440 0.4801 0.5199
441 0.4816 0.5184
442 0.4807 0.5193
443 0.4818 0.5182
444 0.4798 0.5202
445 0.4795 0.5205
446 0.4798 0.5202
447 0.4822 0.5178
448 0.4791 0.5209
449 0.4812 0.5188
450 0.4799 0.5201
451 0.4809 0.5191
452 0.4801 0.5199
453 0.4806 0.5194
454 0.4808 0.5192
455 0.4784 0.5216
456 0.4801 0.5199
457 0.4812 0.5188
458 0.4801 0.5199
459 0.4804 0.5196
460 0.4803 0.5197
461 0.4813 0.5187
462 0.4799 0.5201
463 0.4812 0.5188
464 0.4798 0.5202
465 0.4803 0.5197
466 0.4805 0.5195
467 0.4787 0.5213
468 0.4811 0.5189
469 0.4795 0.5205
470 0.4806 0.5194
471 0.4807 0.5193
472 0.4805 0.5195
473 0.479 0.521
474 0.4787 0.5213
475 0.4794 0.5206
476 0.4788 0.5212
477 0.4808 0.5192
478 0.4817 0.5183
479 0.48 0.52
480 0.4797 0.5203
481 0.4789 0.5211
482 0.4815 0.5185
483 0.4818 0.5182
484 0.481 0.519
485 0.4805 0.5195
486 0.481 0.519
487 0.4807 0.5193
488 0.479 0.521
489 0.4794 0.5206
490 0.4804 0.5196
491 0.4811 0.5189
492 0.4807 0.5193
493 0.4791 0.5209
494 0.4789 0.5211
495 0.4812 0.5188
496 0.4801 0.5199
497 0.4789 0.5211
498 0.4796 0.5204
499 0.4808 0.5192
500 0.4809 0.5191
501 0.4809 0.5191
502 0.4786 0.5214
503 0.4788 0.5212
504 0.481 0.519
505 0.4798 0.5202
506 0.4794 0.5206
507 0.4806 0.5194
508 0.4802 0.5198
509 0.4798 0.5202
510 0.4791 0.5209
511 0.4797 0.5203
512 0.4805 0.5195
513 0.4801 0.5199
514 0.4785 0.5215
515 0.4791 0.5209
516 0.4817 0.5183
517 0.4792 0.5208
518 0.4824 0.5176
519 0.4791 0.5209
520 0.4803 0.5197
521 0.4806 0.5194
522 0.4788 0.5212
523 0.4789 0.5211
524 0.4798 0.5202
525 0.4802 0.5198
526 0.4805 0.5195
527 0.4812 0.5188
528 0.4799 0.5201
529 0.4792 0.5208
530 0.4791 0.5209
531 0.4783 0.5217
532 0.4783 0.5217
533 0.4778 0.5222
534 0.478 0.522
535 0.4801 0.5199
536 0.4795 0.5205
537 0.4793 0.5207
538 0.4806 0.5194
539 0.4793 0.5207
540 0.4787 0.5213
541 0.4793 0.5207
542 0.4795 0.5205
543 0.479 0.521
544 0.481 0.519
545 0.4792 0.5208
546 0.48 0.52
547 0.4781 0.5219
548 0.4781 0.5219
549 0.4795 0.5205
550 0.4793 0.5207
551 0.4799 0.5201
552 0.4803 0.5197
553 0.4791 0.5209
554 0.4808 0.5192
555 0.4791 0.5209
556 0.479 0.521
557 0.4801 0.5199
558 0.4778 0.5222
559 0.4785 0.5215
560 0.4796 0.5204
561 0.4793 0.5207
562 0.4792 0.5208
563 0.48 0.52
564 0.4782 0.5218
565 0.4775 0.5225
566 0.4801 0.5199
567 0.4799 0.5201
568 0.481 0.519
569 0.4802 0.5198
570 0.478 0.522
571 0.4778 0.5222
572 0.4794 0.5206
573 0.4782 0.5218
574 0.4788 0.5212
575 0.4784 0.5216
576 0.4772 0.5228
577 0.4799 0.5201
578 0.4785 0.5215
579 0.4781 0.5219
580 0.4795 0.5205
581 0.4785 0.5215
582 0.4787 0.5213
583 0.4773 0.5227
584 0.4784 0.5216
585 0.4784 0.5216
586 0.4811 0.5189
587 0.4781 0.5219
588 0.4785 0.5215
589 0.4797 0.5203
590 0.4787 0.5213
591 0.4758 0.5242
592 0.4803 0.5197
593 0.48 0.52
594 0.4814 0.5186
595 0.479 0.521
596 0.4795 0.5205
597 0.4786 0.5214
598 0.4785 0.5215
599 0.4785 0.5215
600 0.4758 0.5242
601 0.4766 0.5234
602 0.4783 0.5217
603 0.4794 0.5206
604 0.4785 0.5215
605 0.4803 0.5197
606 0.4785 0.5215
607 0.4784 0.5216
608 0.4792 0.5208
609 0.4785 0.5215
610 0.4815 0.5185
611 0.4804 0.5196
612 0.4799 0.5201
613 0.4786 0.5214
614 0.4796 0.5204
615 0.4786 0.5214
616 0.477 0.523
617 0.4806 0.5194
618 0.4781 0.5219
619 0.4782 0.5218
620 0.482 0.518
621 0.477 0.523
622 0.4759 0.5241
623 0.4778 0.5222
624 0.4781 0.5219
625 0.4802 0.5198
626 0.479 0.521
627 0.4767 0.5233
628 0.4782 0.5218
629 0.4783 0.5217
630 0.4762 0.5238
631 0.4757 0.5243
632 0.4767 0.5233
633 0.478 0.522
634 0.4793 0.5207
635 0.4768 0.5232
636 0.4788 0.5212
637 0.4767 0.5233
638 0.4788 0.5212
639 0.4783 0.5217
640 0.4788 0.5212
641 0.4776 0.5224
642 0.4796 0.5204
643 0.4804 0.5196
644 0.4764 0.5236
645 0.4766 0.5234
646 0.4787 0.5213
647 0.4787 0.5213
648 0.4801 0.5199
649 0.4791 0.5209
650 0.4787 0.5213
651 0.4802 0.5198
652 0.4818 0.5182
653 0.4795 0.5205
654 0.4781 0.5219
655 0.4766 0.5234
656 0.4798 0.5202
657 0.4783 0.5217
658 0.4778 0.5222
659 0.4771 0.5229
660 0.4783 0.5217
661 0.4763 0.5237
662 0.4751 0.5249
663 0.4774 0.5226
664 0.4791 0.5209
665 0.4777 0.5223
666 0.4776 0.5224
667 0.4769 0.5231
668 0.4766 0.5234
669 0.4788 0.5212
670 0.4781 0.5219
671 0.479 0.521
672 0.4781 0.5219
673 0.4775 0.5225
674 0.4781 0.5219
675 0.4787 0.5213
676 0.4762 0.5238
677 0.4794 0.5206
678 0.4791 0.5209
679 0.4776 0.5224
680 0.4793 0.5207
681 0.4766 0.5234
682 0.4796 0.5204
683 0.479 0.521
684 0.4812 0.5188
685 0.4773 0.5227
686 0.4802 0.5198
687 0.4774 0.5226
688 0.4781 0.5219
689 0.4773 0.5227
690 0.4763 0.5237
691 0.4782 0.5218
692 0.4787 0.5213
693 0.4786 0.5214
694 0.4772 0.5228
695 0.4776 0.5224
696 0.4793 0.5207
697 0.4797 0.5203
698 0.4772 0.5228
699 0.4769 0.5231
700 0.4787 0.5213
701 0.4787 0.5213
702 0.4782 0.5218
703 0.4768 0.5232
704 0.4785 0.5215
705 0.4767 0.5233
706 0.4762 0.5238
707 0.4764 0.5236
708 0.4788 0.5212
709 0.4761 0.5239
710 0.4813 0.5187
711 0.473 0.527
712 0.4813 0.5187
713 0.4771 0.5229
714 0.4789 0.5211
715 0.4792 0.5208
716 0.479 0.521
717 0.4768 0.5232
718 0.4792 0.5208
719 0.4784 0.5216
720 0.4804 0.5196
721 0.478 0.522
722 0.48 0.52
723 0.4793 0.5207
724 0.4759 0.5241
725 0.4764 0.5236
726 0.4775 0.5225
727 0.4772 0.5228
728 0.4741 0.5259
729 0.4747 0.5253
730 0.4751 0.5249
731 0.4802 0.5198
732 0.4745 0.5255
733 0.4796 0.5204
734 0.4745 0.5255
735 0.4784 0.5216
736 0.4773 0.5227
737 0.4771 0.5229
738 0.477 0.523
739 0.4764 0.5236
740 0.4778 0.5222
741 0.4762 0.5238
742 0.4799 0.5201
743 0.479 0.521
744 0.4778 0.5222
745 0.4762 0.5238
746 0.4763 0.5237
747 0.4769 0.5231
748 0.4789 0.5211
749 0.4787 0.5213
750 0.4777 0.5223
751 0.476 0.524
752 0.477 0.523
753 0.4801 0.5199
754 0.4755 0.5245
755 0.4799 0.5201
756 0.4769 0.5231
757 0.4759 0.5241
758 0.4796 0.5204
759 0.4817 0.5183
760 0.4771 0.5229
761 0.478 0.522
762 0.4789 0.5211
763 0.4745 0.5255
764 0.4788 0.5212
765 0.4783 0.5217
766 0.4781 0.5219
767 0.4736 0.5264
768 0.4803 0.5197
769 0.4765 0.5235
770 0.481 0.519
771 0.4751 0.5249
772 0.4762 0.5238
773 0.4777 0.5223
774 0.4754 0.5246
775 0.4774 0.5226
776 0.4748 0.5252
777 0.4779 0.5221
778 0.4768 0.5232
779 0.4772 0.5228
780 0.4766 0.5234
781 0.4764 0.5236
782 0.4798 0.5202
783 0.478 0.522
784 0.4795 0.5205
785 0.4778 0.5222
786 0.4773 0.5227
787 0.4789 0.5211
788 0.4803 0.5197
789 0.4786 0.5214
790 0.4776 0.5224
791 0.474 0.526
792 0.4751 0.5249
793 0.4783 0.5217
794 0.4775 0.5225
795 0.4722 0.5278
796 0.4787 0.5213
797 0.4771 0.5229
798 0.4776 0.5224
799 0.477 0.523
800 0.475 0.525
801 0.4784 0.5216
802 0.4755 0.5245
803 0.4795 0.5205
804 0.477 0.523
805 0.4796 0.5204
806 0.4701 0.5299
807 0.4775 0.5225
808 0.4793 0.5207
809 0.4753 0.5247
810 0.4756 0.5244
811 0.4754 0.5246
812 0.4765 0.5235
813 0.4733 0.5267
814 0.4773 0.5227
815 0.4811 0.5189
816 0.4715 0.5285
817 0.4756 0.5244
818 0.4801 0.5199
819 0.4748 0.5252
820 0.4789 0.5211
821 0.4764 0.5236
822 0.4813 0.5187
823 0.4763 0.5237
824 0.4773 0.5227
825 0.475 0.525
826 0.4779 0.5221
827 0.4735 0.5265
828 0.4778 0.5222
829 0.4755 0.5245
830 0.4796 0.5204
831 0.4788 0.5212
832 0.4799 0.5201
833 0.4773 0.5227
834 0.476 0.524
835 0.4797 0.5203
836 0.4777 0.5223
837 0.4755 0.5245
838 0.4788 0.5212
839 0.4806 0.5194
840 0.4789 0.5211
841 0.4816 0.5184
842 0.4757 0.5243
843 0.4804 0.5196
844 0.4811 0.5189
845 0.472 0.528
846 0.4774 0.5226
847 0.4763 0.5237
848 0.471 0.529
849 0.4775 0.5225
850 0.4743 0.5257
851 0.4719 0.5281
852 0.4739 0.5261
853 0.4805 0.5195
854 0.4804 0.5196
855 0.4774 0.5226
856 0.476 0.524
857 0.4772 0.5228
858 0.4792 0.5208
859 0.4728 0.5272
860 0.4793 0.5207
861 0.4798 0.5202
862 0.4801 0.5199
863 0.48 0.52
864 0.48 0.52
865 0.4759 0.5241
866 0.4738 0.5262
867 0.4724 0.5276
868 0.4786 0.5214
869 0.4773 0.5227
870 0.4744 0.5256
871 0.479 0.521
872 0.4762 0.5238
873 0.4766 0.5234
874 0.4727 0.5273
875 0.4782 0.5218
876 0.4758 0.5242
877 0.4748 0.5252
878 0.4749 0.5251
879 0.4769 0.5231
880 0.4772 0.5228
881 0.4766 0.5234
882 0.4775 0.5225
883 0.4819 0.5181
884 0.4762 0.5238
885 0.4792 0.5208
886 0.4758 0.5242
887 0.4764 0.5236
888 0.4749 0.5251
889 0.476 0.524
890 0.477 0.523
891 0.4749 0.5251
892 0.4725 0.5275
893 0.4769 0.5231
894 0.4745 0.5255
895 0.4773 0.5227
896 0.4795 0.5205
897 0.4706 0.5294
898 0.4799 0.5201
899 0.4731 0.5269
900 0.4764 0.5236
901 0.4813 0.5187
902 0.4768 0.5232
903 0.4785 0.5215
904 0.4789 0.5211
905 0.4805 0.5195
906 0.4738 0.5262
907 0.4776 0.5224
908 0.4846 0.5154
909 0.4769 0.5231
910 0.4734 0.5266
911 0.4752 0.5248
912 0.4745 0.5255
913 0.4746 0.5254
914 0.4768 0.5232
915 0.4737 0.5263
916 0.4754 0.5246
917 0.4728 0.5272
918 0.4779 0.5221
919 0.4829 0.5171
920 0.4722 0.5278
921 0.4776 0.5224
922 0.4708 0.5292
923 0.481 0.519
924 0.4789 0.5211
925 0.4782 0.5218
926 0.472 0.528
927 0.4702 0.5298
928 0.4771 0.5229
929 0.4736 0.5264
930 0.4746 0.5254
931 0.4701 0.5299
932 0.4806 0.5194
933 0.47 0.53
934 0.4799 0.5201
935 0.4764 0.5236
936 0.4756 0.5244
937 0.4699 0.5301
938 0.4761 0.5239
939 0.4709 0.5291
940 0.4842 0.5158
941 0.4769 0.5231
942 0.4706 0.5294
943 0.4831 0.5169
944 0.4758 0.5242
945 0.4725 0.5275
946 0.4804 0.5196
947 0.4745 0.5255
948 0.4746 0.5254
949 0.4766 0.5234
950 0.4775 0.5225
951 0.4686 0.5314
952 0.4751 0.5249
953 0.4746 0.5254
954 0.4774 0.5226
955 0.4761 0.5239
956 0.4816 0.5184
957 0.4836 0.5164
958 0.4809 0.5191
959 0.4797 0.5203
960 0.475 0.525
961 0.48 0.52
962 0.4785 0.5215
963 0.4818 0.5182
964 0.4811 0.5189
965 0.4795 0.5205
966 0.4731 0.5269
967 0.4833 0.5167
968 0.4755 0.5245
969 0.4795 0.5205
970 0.4797 0.5203
971 0.4742 0.5258
972 0.4741 0.5259
973 0.4713 0.5287
974 0.4795 0.5205
975 0.4748 0.5252
976 0.4809 0.5191
977 0.4711 0.5289
978 0.4803 0.5197
979 0.4752 0.5248
980 0.477 0.523
981 0.4805 0.5195
982 0.4709 0.5291
983 0.4786 0.5214
984 0.48 0.52
985 0.4765 0.5235
986 0.4762 0.5238
987 0.4804 0.5196
988 0.4726 0.5274
989 0.472 0.528
990 0.4706 0.5294
991 0.4751 0.5249
992 0.4738 0.5262
993 0.4767 0.5233
994 0.4694 0.5306
995 0.4799 0.5201
996 0.4791 0.5209
997 0.472 0.528
998 0.4767 0.5233
999 0.473 0.527
1000 0.4702 0.5298
1001 0.4808 0.5192
1002 0.4782 0.5218
1003 0.4811 0.5189
1004 0.4752 0.5248
1005 0.4805 0.5195
1006 0.4856 0.5144
1007 0.4639 0.5361
1008 0.4821 0.5179
1009 0.4711 0.5289
1010 0.4835 0.5165
1011 0.4755 0.5245
1012 0.4724 0.5276
1013 0.4768 0.5232
1014 0.4843 0.5157
1015 0.478 0.522
1016 0.4797 0.5203
1017 0.479 0.521
1018 0.4747 0.5253
1019 0.4719 0.5281
1020 0.4786 0.5214
1021 0.469 0.531
1022 0.4754 0.5246
1023 0.4797 0.5203
1024 0.4844 0.5156
1025 0.4741 0.5259
1026 0.4766 0.5234
1027 0.4773 0.5227
1028 0.4794 0.5206
1029 0.4702 0.5298
1030 0.4782 0.5218
1031 0.4711 0.5289
1032 0.4804 0.5196
1033 0.4824 0.5176
1034 0.4667 0.5333
1035 0.4704 0.5296
1036 0.4738 0.5262
1037 0.4775 0.5225
1038 0.4742 0.5258
1039 0.476 0.524
1040 0.4689 0.5311
1041 0.4743 0.5257
1042 0.4752 0.5248
1043 0.4721 0.5279
1044 0.4734 0.5266
1045 0.4743 0.5257
1046 0.4804 0.5196
1047 0.4739 0.5261
1048 0.4775 0.5225
1049 0.4767 0.5233
1050 0.4785 0.5215
1051 0.4688 0.5312
1052 0.4721 0.5279
1053 0.4776 0.5224
1054 0.4731 0.5269
1055 0.4739 0.5261
1056 0.4789 0.5211
1057 0.4863 0.5137
1058 0.4725 0.5275
1059 0.4768 0.5232
1060 0.4736 0.5264
1061 0.4756 0.5244
1062 0.4794 0.5206
1063 0.4734 0.5266
1064 0.4777 0.5223
1065 0.4802 0.5198
1066 0.4727 0.5273
1067 0.477 0.523
1068 0.4701 0.5299
1069 0.4801 0.5199
1070 0.4713 0.5287
1071 0.4871 0.5129
1072 0.4657 0.5343
1073 0.4706 0.5294
1074 0.4702 0.5298
1075 0.4761 0.5239
1076 0.4728 0.5272
1077 0.4793 0.5207
1078 0.4763 0.5237
1079 0.4753 0.5247
1080 0.4795 0.5205
1081 0.4748 0.5252
1082 0.4823 0.5177
1083 0.4729 0.5271
1084 0.4662 0.5338
1085 0.4743 0.5257
1086 0.4771 0.5229
1087 0.4891 0.5109
1088 0.4773 0.5227
1089 0.4789 0.5211
1090 0.4692 0.5308
1091 0.4686 0.5314
1092 0.4719 0.5281
1093 0.4714 0.5286
1094 0.4716 0.5284
1095 0.4712 0.5288
1096 0.4823 0.5177
1097 0.4688 0.5312
1098 0.4685 0.5315
1099 0.4815 0.5185
1100 0.474 0.526
1101 0.4718 0.5282
1102 0.4689 0.5311
1103 0.4826 0.5174
1104 0.4808 0.5192
1105 0.4821 0.5179
1106 0.4738 0.5262
1107 0.4736 0.5264
1108 0.4734 0.5266
1109 0.4607 0.5393
1110 0.4816 0.5184
1111 0.4743 0.5257
1112 0.4672 0.5328
1113 0.4894 0.5106
1114 0.4772 0.5228
1115 0.4651 0.5349
1116 0.4758 0.5242
1117 0.4749 0.5251
1118 0.4878 0.5122
1119 0.4758 0.5242
1120 0.4771 0.5229
1121 0.4832 0.5168
1122 0.4765 0.5235
1123 0.484 0.516
1124 0.4778 0.5222
1125 0.4663 0.5337
1126 0.4673 0.5327
1127 0.4686 0.5314
1128 0.4655 0.5345
1129 0.4708 0.5292
1130 0.4724 0.5276
1131 0.4809 0.5191
1132 0.4836 0.5164
1133 0.4807 0.5193
1134 0.4902 0.5098
1135 0.4766 0.5234
1136 0.4749 0.5251
1137 0.4766 0.5234
1138 0.4639 0.5361
1139 0.4714 0.5286
1140 0.4686 0.5314
1141 0.4761 0.5239
1142 0.4782 0.5218
1143 0.4654 0.5346
1144 0.4861 0.5139
1145 0.4711 0.5289
1146 0.4791 0.5209
1147 0.4718 0.5282
1148 0.4755 0.5245
1149 0.4811 0.5189
1150 0.4819 0.5181
1151 0.4725 0.5275
1152 0.4761 0.5239
1153 0.476 0.524
1154 0.4706 0.5294
1155 0.4711 0.5289
1156 0.4704 0.5296
1157 0.4858 0.5142
1158 0.4688 0.5312
1159 0.4795 0.5205
1160 0.4767 0.5233
1161 0.4719 0.5281
1162 0.4796 0.5204
1163 0.4828 0.5172
1164 0.4891 0.5109
1165 0.4685 0.5315
1166 0.4747 0.5253
1167 0.4805 0.5195
1168 0.4859 0.5141
1169 0.4703 0.5297
1170 0.4661 0.5339
1171 0.4785 0.5215
1172 0.4793 0.5207
1173 0.4717 0.5283
1174 0.4547 0.5453
1175 0.4768 0.5232
1176 0.4917 0.5083
1177 0.473 0.527
1178 0.4768 0.5232
1179 0.4662 0.5338
1180 0.4747 0.5253
1181 0.461 0.539
1182 0.4866 0.5134
1183 0.4781 0.5219
1184 0.465 0.535
1185 0.4724 0.5276
1186 0.4708 0.5292
1187 0.4787 0.5213
1188 0.4766 0.5234
1189 0.4656 0.5344
1190 0.4907 0.5093
1191 0.4775 0.5225
1192 0.4842 0.5158
1193 0.4682 0.5318
1194 0.4796 0.5204
1195 0.4817 0.5183
1196 0.4698 0.5302
1197 0.4794 0.5206
1198 0.4899 0.5101
1199 0.4822 0.5178
1200 0.4755 0.5245
1201 0.4792 0.5208
1202 0.4661 0.5339
1203 0.4752 0.5248
1204 0.4735 0.5265
1205 0.4791 0.5209
1206 0.4701 0.5299
1207 0.4645 0.5355
1208 0.4624 0.5376
1209 0.4724 0.5276
1210 0.477 0.523
1211 0.4795 0.5205
1212 0.4668 0.5332
1213 0.4767 0.5233
1214 0.4803 0.5197
1215 0.4951 0.5049
1216 0.4808 0.5192
1217 0.4878 0.5122
1218 0.4804 0.5196
1219 0.4806 0.5194
1220 0.4765 0.5235
1221 0.4761 0.5239
1222 0.4848 0.5152
1223 0.4843 0.5157
1224 0.4607 0.5393
1225 0.4784 0.5216
1226 0.472 0.528
1227 0.4637 0.5363
1228 0.4704 0.5296
1229 0.4826 0.5174
1230 0.4694 0.5306
1231 0.479 0.521
1232 0.4806 0.5194
1233 0.4663 0.5337
1234 0.4689 0.5311
1235 0.4815 0.5185
1236 0.4779 0.5221
1237 0.4765 0.5235
1238 0.471 0.529
1239 0.4796 0.5204
1240 0.4795 0.5205
1241 0.4726 0.5274
1242 0.4621 0.5379
1243 0.4762 0.5238
1244 0.4765 0.5235
1245 0.4563 0.5437
1246 0.4754 0.5246
1247 0.4688 0.5312
1248 0.4918 0.5082
1249 0.4732 0.5268
1250 0.4619 0.5381
1251 0.4683 0.5317
1252 0.4712 0.5288
1253 0.47 0.53
1254 0.471 0.529
1255 0.4775 0.5225
1256 0.4683 0.5317
1257 0.4635 0.5365
1258 0.4554 0.5446
1259 0.477 0.523
1260 0.4837 0.5163
1261 0.4776 0.5224
1262 0.4713 0.5287
1263 0.4853 0.5147
1264 0.4687 0.5313
1265 0.4697 0.5303
1266 0.4588 0.5412
1267 0.4607 0.5393
1268 0.4695 0.5305
1269 0.4759 0.5241
1270 0.4753 0.5247
1271 0.4619 0.5381
1272 0.4712 0.5288
1273 0.4745 0.5255
1274 0.4578 0.5422
1275 0.457 0.543
1276 0.4955 0.5045
1277 0.4802 0.5198
1278 0.4777 0.5223
1279 0.4579 0.5421
1280 0.4602 0.5398
1281 0.4846 0.5154
1282 0.4772 0.5228
1283 0.4809 0.5191
1284 0.4895 0.5105
1285 0.4796 0.5204
1286 0.4583 0.5417
1287 0.4609 0.5391
1288 0.4795 0.5205
1289 0.4671 0.5329
1290 0.4807 0.5193
1291 0.4602 0.5398
1292 0.4881 0.5119
1293 0.4687 0.5313
1294 0.4929 0.5071
1295 0.48 0.52
1296 0.4786 0.5214
1297 0.4588 0.5412
1298 0.5013 0.4987
1299 0.4869 0.5131
1300 0.4688 0.5312
1301 0.4735 0.5265
1302 0.4845 0.5155
1303 0.4721 0.5279
1304 0.4824 0.5176
1305 0.4892 0.5108
1306 0.4856 0.5144
1307 0.4873 0.5127
1308 0.4754 0.5246
1309 0.4754 0.5246
1310 0.4975 0.5025
1311 0.4714 0.5286
1312 0.4729 0.5271
1313 0.4929 0.5071
1314 0.4783 0.5217
1315 0.4846 0.5154
1316 0.4921 0.5079
1317 0.4834 0.5166
1318 0.4678 0.5322
1319 0.4809 0.5191
1320 0.4785 0.5215
1321 0.4893 0.5107
1322 0.4748 0.5252
1323 0.4769 0.5231
1324 0.4806 0.5194
1325 0.4773 0.5227
1326 0.4837 0.5163
1327 0.4593 0.5407
1328 0.4701 0.5299
1329 0.4659 0.5341
1330 0.4805 0.5195
1331 0.4601 0.5399
1332 0.4542 0.5458
1333 0.4729 0.5271
1334 0.4752 0.5248
1335 0.4636 0.5364
1336 0.487 0.513
1337 0.4811 0.5189
1338 0.4997 0.5003
1339 0.4697 0.5303
1340 0.4518 0.5482
1341 0.4635 0.5365
1342 0.467 0.533
1343 0.4873 0.5127
1344 0.4795 0.5205
1345 0.4804 0.5196
1346 0.4709 0.5291
1347 0.4964 0.5036
1348 0.4752 0.5248
1349 0.471 0.529
1350 0.4541 0.5459
1351 0.4732 0.5268
1352 0.4913 0.5087
1353 0.4791 0.5209
1354 0.4904 0.5096
1355 0.4673 0.5327
1356 0.495 0.505
1357 0.4507 0.5493
1358 0.4614 0.5386
1359 0.464 0.536
1360 0.4854 0.5146
1361 0.4695 0.5305
1362 0.4824 0.5176
1363 0.4589 0.5411
1364 0.4733 0.5267
1365 0.4677 0.5323
1366 0.5062 0.4938
1367 0.4853 0.5147
1368 0.4687 0.5313
1369 0.4802 0.5198
1370 0.4648 0.5352
1371 0.4627 0.5373
1372 0.4795 0.5205
1373 0.4979 0.5021
1374 0.4684 0.5316
1375 0.4764 0.5236
1376 0.478 0.522
1377 0.4619 0.5381
1378 0.4846 0.5154
1379 0.4905 0.5095
1380 0.4894 0.5106
1381 0.4818 0.5182
1382 0.4646 0.5354
1383 0.4894 0.5106
1384 0.4864 0.5136
1385 0.4594 0.5406
1386 0.4883 0.5117
1387 0.4856 0.5144
1388 0.4494 0.5506
1389 0.4738 0.5262
1390 0.5047 0.4953
1391 0.5005 0.4995
1392 0.4855 0.5145
1393 0.4508 0.5492
1394 0.4809 0.5191
1395 0.4904 0.5096
1396 0.4627 0.5373
1397 0.477 0.523
1398 0.4811 0.5189
1399 0.4887 0.5113
1400 0.4787 0.5213
1401 0.4449 0.5551
1402 0.4715 0.5285
1403 0.4506 0.5494
1404 0.497 0.503
1405 0.4591 0.5409
1406 0.4735 0.5265
1407 0.4783 0.5217
1408 0.4793 0.5207
1409 0.4742 0.5258
1410 0.4185 0.5815
1411 0.4824 0.5176
1412 0.4899 0.5101
1413 0.4453 0.5547
1414 0.4649 0.5351
1415 0.4608 0.5392
1416 0.4613 0.5387
1417 0.4638 0.5362
1418 0.4805 0.5195
1419 0.4698 0.5302
1420 0.4617 0.5383
1421 0.4605 0.5395
1422 0.4692 0.5308
1423 0.4739 0.5261
1424 0.4516 0.5484
1425 0.5038 0.4962
1426 0.5103 0.4897
1427 0.4412 0.5588
1428 0.4981 0.5019
1429 0.4724 0.5276
1430 0.4612 0.5388
1431 0.4488 0.5512
1432 0.4742 0.5258
1433 0.4918 0.5082
1434 0.494 0.506
1435 0.4919 0.5081
1436 0.458 0.542
1437 0.5026 0.4974
1438 0.4943 0.5057
1439 0.4911 0.5089
1440 0.4825 0.5175
1441 0.4826 0.5174
1442 0.4915 0.5085
1443 0.4672 0.5328
1444 0.4637 0.5363
1445 0.462 0.538
1446 0.4475 0.5525
1447 0.4647 0.5353
1448 0.4538 0.5462
1449 0.4784 0.5216
1450 0.5143 0.4857
1451 0.464 0.536
1452 0.4832 0.5168
1453 0.4519 0.5481
1454 0.4782 0.5218
1455 0.4592 0.5408
1456 0.4867 0.5133
1457 0.4603 0.5397
1458 0.4712 0.5288
1459 0.4665 0.5335
1460 0.4772 0.5228
1461 0.4731 0.5269
1462 0.4765 0.5235
1463 0.4625 0.5375
1464 0.4777 0.5223
1465 0.4765 0.5235
1466 0.504 0.496
1467 0.4679 0.5321
1468 0.4545 0.5455
1469 0.509 0.491
1470 0.4646 0.5354
1471 0.4638 0.5362
1472 0.5084 0.4916
1473 0.4497 0.5503
1474 0.4559 0.5441
1475 0.4786 0.5214
1476 0.4557 0.5443
1477 0.4256 0.5744
1478 0.4829 0.5171
1479 0.4938 0.5062
1480 0.4655 0.5345
1481 0.4896 0.5104
1482 0.4796 0.5204
1483 0.4813 0.5187
1484 0.4462 0.5538
1485 0.5054 0.4946
1486 0.4602 0.5398
1487 0.5016 0.4984
1488 0.462 0.538
1489 0.5102 0.4898
1490 0.5008 0.4992
1491 0.5062 0.4938
1492 0.4833 0.5167
1493 0.4893 0.5107
1494 0.4555 0.5445
1495 0.4723 0.5277
1496 0.4615 0.5385
1497 0.4712 0.5288
1498 0.4709 0.5291
1499 0.4857 0.5143
1500 0.468 0.532
1501 0.4375 0.5625
1502 0.5176 0.4824
1503 0.4818 0.5182
1504 0.4588 0.5412
1505 0.4789 0.5211
1506 0.465 0.535
1507 0.4649 0.5351
1508 0.4796 0.5204
1509 0.4753 0.5247
1510 0.4363 0.5637
1511 0.4762 0.5238
1512 0.4849 0.5151
1513 0.5217 0.4783
1514 0.4899 0.5101
1515 0.463 0.537
1516 0.4719 0.5281
1517 0.488 0.512
1518 0.4866 0.5134
1519 0.4609 0.5391
1520 0.4394 0.5606
1521 0.4466 0.5534
1522 0.4419 0.5581
1523 0.4741 0.5259
1524 0.4976 0.5024
1525 0.4789 0.5211
1526 0.5307 0.4693
1527 0.502 0.498
1528 0.521 0.479
1529 0.4538 0.5462
1530 0.5163 0.4837
1531 0.4696 0.5304
1532 0.5108 0.4892
1533 0.4644 0.5356
1534 0.4741 0.5259
1535 0.4214 0.5786
1536 0.4605 0.5395
1537 0.4578 0.5422
1538 0.5455 0.4545
1539 0.4873 0.5127
1540 0.4633 0.5367
1541 0.484 0.516
1542 0.4649 0.5351
1543 0.4683 0.5317
1544 0.4515 0.5485
1545 0.4365 0.5635
1546 0.4518 0.5482
1547 0.4459 0.5541
1548 0.4663 0.5337
1549 0.4645 0.5355
1550 0.456 0.544
1551 0.4766 0.5234
1552 0.4509 0.5491
1553 0.4221 0.5779
1554 0.4636 0.5364
1555 0.4974 0.5026
1556 0.4782 0.5218
1557 0.4825 0.5175
1558 0.4714 0.5286
1559 0.4475 0.5525
1560 0.4836 0.5164
1561 0.4597 0.5403
1562 0.4193 0.5807
1563 0.468 0.532
1564 0.4411 0.5589
1565 0.5139 0.4861
1566 0.4466 0.5534
1567 0.4633 0.5367
1568 0.4737 0.5263
1569 0.463 0.537
1570 0.4985 0.5015
1571 0.4644 0.5356
1572 0.4689 0.5311
1573 0.4911 0.5089
1574 0.4814 0.5186
1575 0.4928 0.5072
1576 0.4734 0.5266
1577 0.4958 0.5042
1578 0.4648 0.5352
1579 0.4648 0.5352
1580 0.4908 0.5092
1581 0.4675 0.5325
1582 0.4699 0.5301
1583 0.4472 0.5528
1584 0.4476 0.5524
1585 0.512 0.488
1586 0.4611 0.5389
1587 0.5234 0.4766
1588 0.5015 0.4985
1589 0.507 0.493
1590 0.4956 0.5044
1591 0.4567 0.5433
1592 0.4401 0.5599
1593 0.4896 0.5104
1594 0.4138 0.5862
1595 0.5019 0.4981
1596 0.4573 0.5427
1597 0.4906 0.5094
1598 0.4067 0.5933
1599 0.4815 0.5185
1600 0.4689 0.5311
1601 0.4674 0.5326
1602 0.4141 0.5859
1603 0.4872 0.5128
1604 0.529 0.471
1605 0.5125 0.4875
1606 0.4303 0.5697
1607 0.5185 0.4815
1608 0.5307 0.4693
1609 0.4714 0.5286
1610 0.4742 0.5258
1611 0.4175 0.5825
1612 0.4875 0.5125
1613 0.4444 0.5556
1614 0.539 0.461
1615 0.4593 0.5407
1616 0.452 0.548
1617 0.5056 0.4944
1618 0.4963 0.5037
1619 0.4983 0.5017
1620 0.4401 0.5599
1621 0.4844 0.5156
1622 0.4965 0.5035
1623 0.4422 0.5578
1624 0.4599 0.5401
1625 0.4903 0.5097
1626 0.504 0.496
1627 0.5042 0.4958
1628 0.476 0.524
1629 0.4555 0.5445
1630 0.4604 0.5396
1631 0.5042 0.4958
1632 0.4908 0.5092
1633 0.4652 0.5348
1634 0.4981 0.5019
1635 0.4781 0.5219
1636 0.504 0.496
1637 0.4603 0.5397
1638 0.4841 0.5159
1639 0.4444 0.5556
1640 0.4839 0.5161
1641 0.5171 0.4829
1642 0.4748 0.5252
1643 0.4794 0.5206
1644 0.4498 0.5502
1645 0.516 0.484
1646 0.4471 0.5529
1647 0.4917 0.5083
1648 0.4841 0.5159
1649 0.4701 0.5299
1650 0.5127 0.4873
1651 0.4027 0.5973
1652 0.5286 0.4714
1653 0.5431 0.4569
1654 0.4606 0.5394
1655 0.5106 0.4894
1656 0.4835 0.5165
1657 0.4247 0.5753
1658 0.4632 0.5368
1659 0.4459 0.5541
1660 0.4635 0.5365
1661 0.4599 0.5401
1662 0.4522 0.5478
1663 0.4667 0.5333
1664 0.3918 0.6082
1665 0.4359 0.5641
1666 0.4712 0.5288
1667 0.4891 0.5109
1668 0.4433 0.5567
1669 0.5255 0.4745
1670 0.4954 0.5046
1671 0.4439 0.5561
1672 0.4694 0.5306
1673 0.4596 0.5404
1674 0.462 0.538
1675 0.5027 0.4973
1676 0.5343 0.4657
1677 0.5211 0.4789
1678 0.435 0.565
1679 0.4678 0.5322
1680 0.4235 0.5765
1681 0.462 0.538
1682 0.4752 0.5248
1683 0.4747 0.5253
1684 0.4645 0.5355
1685 0.5128 0.4872
1686 0.5584 0.4416
1687 0.5361 0.4639
1688 0.5051 0.4949
1689 0.4663 0.5337
1690 0.4497 0.5503
1691 0.4918 0.5082
1692 0.462 0.538
1693 0.4485 0.5515
1694 0.5 0.5
1695 0.4611 0.5389
1696 0.5163 0.4837
1697 0.4906 0.5094
1698 0.38 0.62
1699 0.5372 0.4628
1700 0.507 0.493
1701 0.5 0.5
1702 0.4807 0.5193
1703 0.5233 0.4767
1704 0.5206 0.4794
1705 0.4778 0.5222
1706 0.4904 0.5096
1707 0.5222 0.4778
1708 0.4421 0.5579
1709 0.5288 0.4712
1710 0.3925 0.6075
1711 0.5333 0.4667
1712 0.4747 0.5253
1713 0.4755 0.5245
1714 0.4602 0.5398
1715 0.4713 0.5287
1716 0.4128 0.5872
1717 0.4939 0.5061
1718 0.471 0.529
1719 0.5322 0.4678
1720 0.4294 0.5706
1721 0.4573 0.5427
1722 0.5311 0.4689
1723 0.4948 0.5052
1724 0.4857 0.5143
1725 0.462 0.538
1726 0.474 0.526
1727 0.5497 0.4503
1728 0.4506 0.5494
1729 0.5602 0.4398
1730 0.4497 0.5503
1731 0.5548 0.4452
1732 0.5612 0.4388
1733 0.5 0.5
1734 0.413 0.587
1735 0.4615 0.5385
1736 0.4085 0.5915
1737 0.4264 0.5736
1738 0.4776 0.5224
1739 0.4444 0.5556
1740 0.4741 0.5259
1741 0.4694 0.5306
1742 0.4029 0.5971
1743 0.4016 0.5984
1744 0.5172 0.4828
1745 0.5155 0.4845
1746 0.4743 0.5257
1747 0.4894 0.5106
1748 0.4351 0.5649
1749 0.4338 0.5662
1750 0.4961 0.5039
1751 0.5781 0.4219
1752 0.5324 0.4676
1753 0.4118 0.5882
1754 0.4261 0.5739
1755 0.4839 0.5161
1756 0.5392 0.4608
1757 0.5167 0.4833
1758 0.4867 0.5133
1759 0.4673 0.5327
1760 0.486 0.514
1761 0.5 0.5
1762 0.5429 0.4571
1763 0.5 0.5
1764 0.4812 0.5188
1765 0.5 0.5
1766 0.541 0.459
1767 0.5039 0.4961
1768 0.4621 0.5379
1769 0.4921 0.5079
1770 0.5124 0.4876
1771 0.4552 0.5448
1772 0.4957 0.5043
1773 0.4035 0.5965
1774 0.5072 0.4928
1775 0.4889 0.5111
1776 0.4545 0.5455
1777 0.5191 0.4809
1778 0.4878 0.5122
1779 0.4959 0.5041
1780 0.4553 0.5447
1781 0.4955 0.5045
1782 0.4571 0.5429
1783 0.5304 0.4696
1784 0.5042 0.4958
1785 0.4569 0.5431
1786 0.4615 0.5385
1787 0.3878 0.6122
1788 0.4 0.6
1789 0.5109 0.4891
1790 0.4706 0.5294
1791 0.466 0.534
1792 0.5521 0.4479
1793 0.4 0.6
1794 0.3981 0.6019
1795 0.4659 0.5341
1796 0.5 0.5
1797 0.4951 0.5049
1798 0.487 0.513
1799 0.5 0.5
1800 0.487 0.513
1801 0.5446 0.4554
1802 0.4792 0.5208
1803 0.5614 0.4386
1804 0.5044 0.4956
1805 0.4107 0.5893
1806 0.5175 0.4825
1807 0.4615 0.5385
1808 0.4157 0.5843
1809 0.5 0.5
1810 0.4563 0.5437
1811 0.5315 0.4685
1812 0.486 0.514
1813 0.4587 0.5413
1814 0.4653 0.5347
1815 0.4444 0.5556
1816 0.4615 0.5385
1817 0.5102 0.4898
1818 0.4412 0.5588
1819 0.4632 0.5368
1820 0.4318 0.5682
1821 0.4416 0.5584
1822 0.5412 0.4588
1823 0.5426 0.4574
1824 0.4954 0.5046
1825 0.4433 0.5567
1826 0.4222 0.5778
1827 0.5275 0.4725
1828 0.4713 0.5287
1829 0.4819 0.5181
1830 0.5062 0.4938
1831 0.4592 0.5408
1832 0.4043 0.5957
1833 0.3299 0.6701
1834 0.4394 0.5606
1835 0.4714 0.5286
1836 0.4744 0.5256
1837 0.5185 0.4815
1838 0.425 0.575
1839 0.4756 0.5244
1840 0.4051 0.5949
1841 0.4828 0.5172
1842 0.5 0.5
1843 0.5915 0.4085
1844 0.5217 0.4783
1845 0.5132 0.4868
1846 0.4948 0.5052
1847 0.4483 0.5517
1848 0.4932 0.5068
1849 0.4177 0.5823
1850 0.5122 0.4878
1851 0.5526 0.4474
1852 0.3977 0.6023
1853 0.4886 0.5114
1854 0.3846 0.6154
1855 0.4677 0.5323
1856 0.5 0.5
1857 0.4 0.6
1858 0.4615 0.5385
1859 0.5606 0.4394
1860 0.3973 0.6027
1861 0.4531 0.5469
1862 0.4923 0.5077
1863 0.4 0.6
1864 0.717 0.283
1865 0.4074 0.5926
1866 0.4898 0.5102
1867 0.34 0.66
1868 0.5 0.5
1869 0.35 0.65
1870 0.439 0.561
1871 0.4103 0.5897
1872 0.4419 0.5581
1873 0.5283 0.4717
1874 0.4531 0.5469
1875 0.5 0.5
1876 0.4681 0.5319
1877 0.5429 0.4571
1878 0.383 0.617
1879 0.5435 0.4565
1880 0.5294 0.4706
1881 0.5849 0.4151
1882 0.5156 0.4844
1883 0.48 0.52
1884 0.3409 0.6591
1885 0.5238 0.4762
1886 0.5 0.5
1887 0.4444 0.5556
1888 0.4565 0.5435
1889 0.5 0.5
1890 0.4694 0.5306
1891 0.5532 0.4468
1892 0.4222 0.5778
1893 0.5349 0.4651
1894 0.6316 0.3684
1895 0.4464 0.5536
1896 0.4545 0.5455
1897 0.4074 0.5926
1898 0.3958 0.6042
1899 0.4878 0.5122
1900 0.4615 0.5385
1901 0.425 0.575
1902 0.5 0.5
1903 0.6304 0.3696
1904 0.3208 0.6792
1905 0.5116 0.4884
1906 0.537 0.463
1907 0.4792 0.5208
1908 0.3725 0.6275
1909 0.4545 0.5455
1910 0.4 0.6
1911 0.5278 0.4722
1912 0.4634 0.5366
1913 0.3958 0.6042
1914 0.4444 0.5556
1915 0.4773 0.5227
1916 0.4865 0.5135
1917 0.5349 0.4651
1918 0.4828 0.5172
1919 0.6 0.4
1920 0.4894 0.5106
1921 0.4348 0.5652
1922 0.5 0.5
1923 0.5 0.5
1924 0.3947 0.6053
1925 0.4444 0.5556
1926 0.5556 0.4444
1927 0.56 0.44
1928 0.4364 0.5636
1929 0.3404 0.6596
1930 0.5641 0.4359
1931 0.4545 0.5455
1932 0.3922 0.6078
1933 0.4231 0.5769
1934 0.4688 0.5312
1935 0.4848 0.5152
1936 0.6596 0.3404
1937 0.3333 0.6667
1938 0.5745 0.4255
1939 0.4237 0.5763
1940 0.4107 0.5893
1941 0.4333 0.5667
1942 0.3958 0.6042
1943 0.5 0.5
1944 0.5208 0.4792
1945 0.5 0.5
1946 0.5098 0.4902
1947 0.4902 0.5098
1948 0.4211 0.5789
1949 0.4 0.6
1950 0.4359 0.5641
1951 0.5962 0.4038
1952 0.449 0.551
1953 0.5417 0.4583
1954 0.3333 0.6667
1955 0.52 0.48
1956 0.4386 0.5614
1957 0.46 0.54
1958 0.3333 0.6667
1959 0.4615 0.5385
1960 0.4889 0.5111
1961 0.5122 0.4878
1962 0.4694 0.5306
1963 0.5 0.5
1964 0.3636 0.6364
1965 0.4062 0.5938
1966 0.5385 0.4615
1967 0.4762 0.5238
1968 0.4722 0.5278
1969 0.5714 0.4286
1970 0.5385 0.4615
1971 0.4146 0.5854
1972 0.4054 0.5946
1973 0.2667 0.7333
1974 0.5 0.5
1975 0.5652 0.4348
1976 0.5 0.5
1977 0.5 0.5
1978 0.3939 0.6061
1979 0.4286 0.5714
1980 0.4516 0.5484
1981 0.5 0.5
1982 0.5417 0.4583
1983 0.5 0.5
1984 0.5417 0.4583
1985 0.3571 0.6429
1986 0.6 0.4
1987 0.5152 0.4848
1988 0.4103 0.5897
1989 0.4545 0.5455
1990 0.6286 0.3714
1991 0.439 0.561
1992 0.5 0.5
1993 0.5 0.5
1994 0.5143 0.4857
1995 0.5 0.5
1996 0.4444 0.5556
1997 0.4848 0.5152
1998 0.5312 0.4688
1999 0.4474 0.5526
2000 0.6071 0.3929
2001 0.4516 0.5484
2002 0.4839 0.5161
2003 0.4667 0.5333
2004 0.4062 0.5938
2005 0.4286 0.5714
2006 0.44 0.56
2007 0.2381 0.7619
2008 0.5417 0.4583
2009 0.375 0.625
2010 0.3667 0.6333
2011 0.5 0.5
2012 0.4231 0.5769
2013 0.6207 0.3793
2014 0.4054 0.5946
2015 0.3793 0.6207
2016 0.3636 0.6364
2017 0.5217 0.4783
2018 0.4211 0.5789
2019 0.8947 0.1053
2020 0.4091 0.5909
2021 0.3684 0.6316
2022 0.4667 0.5333
2023 0.7222 0.2778
2024 0.52 0.48
2025 0.5556 0.4444
2026 0.3846 0.6154
2027 0.5652 0.4348
2028 0.5333 0.4667
2029 0.3929 0.6071
2030 0.5862 0.4138
2031 0.4595 0.5405
2032 0.5 0.5
2033 0.6667 0.3333
2034 0.5172 0.4828
2035 0.2759 0.7241
2036 0.35 0.65
2037 0.619 0.381
2038 0.6522 0.3478
2039 0.3333 0.6667
2040 0.375 0.625
2041 0.5556 0.4444
2042 0.5385 0.4615
2043 0.6154 0.3846
2044 0.5789 0.4211
2045 0.5 0.5
2046 0.7333 0.2667
2047 0.6471 0.3529
2048 0.5185 0.4815
2049 0.4545 0.5455
2050 0.5833 0.4167
2051 0.44 0.56
2052 0.4375 0.5625
2053 0.4615 0.5385
2054 0.3529 0.6471
2055 0.5714 0.4286
2056 0.3684 0.6316
2057 0.6842 0.3158
2058 0.5357 0.4643
2059 0.4737 0.5263
2060 0.4706 0.5294
2061 0.4118 0.5882
2062 0.3846 0.6154
2063 0.5556 0.4444
2064 0.4118 0.5882
2065 0.5455 0.4545
2066 0.6667 0.3333
2067 0.6316 0.3684
2068 0.5455 0.4545
2069 0.5714 0.4286
2070 0.4762 0.5238
2071 0.6316 0.3684
2072 0.3214 0.6786
2073 0.6957 0.3043
2074 0.4615 0.5385
2075 0.381 0.619
2076 0.4231 0.5769
2077 0.2667 0.7333
2078 0.3333 0.6667
2079 0.5333 0.4667
2080 0.6 0.4
2081 0.4444 0.5556
2082 0.6 0.4
2083 0.5789 0.4211
2084 0.375 0.625
2085 0.5625 0.4375
2086 0.5625 0.4375
2087 0.5789 0.4211
2088 0.3636 0.6364
2089 0.5625 0.4375
2090 0.6667 0.3333
2091 0.4286 0.5714
2092 0.5 0.5
2093 0.3333 0.6667
2094 0.5385 0.4615
2095 0.3333 0.6667
2096 0.2 0.8
2097 0.5833 0.4167
2098 0.5714 0.4286
2099 0.4 0.6
2100 0.5556 0.4444
2101 0.6667 0.3333
2102 0.4286 0.5714
2103 0.5238 0.4762
2104 0.35 0.65
2105 0.3158 0.6842
2106 0.4737 0.5263
2107 0.4 0.6
2108 0.4444 0.5556
2109 0.25 0.75
2110 0.6 0.4
2111 0.75 0.25
2112 0.4615 0.5385
2113 0.3 0.7
2114 0.75 0.25
2115 0.375 0.625
2116 0.6364 0.3636
2117 0.4091 0.5909
2118 0.3529 0.6471
2119 0.5 0.5
2120 0.5 0.5
2121 0.4 0.6
2122 0.6364 0.3636
2123 0.3571 0.6429
2124 0.3333 0.6667
2125 0.5 0.5
2126 0.8571 0.1429
2127 0.4706 0.5294
2128 0.4167 0.5833
2129 0.5333 0.4667
2130 0.3684 0.6316
2131 0.5 0.5
2132 0.5833 0.4167
2133 0.6429 0.3571
2134 0.5 0.5
2135 0.3684 0.6316
2136 0.3333 0.6667
2137 0.6 0.4
2138 0.4167 0.5833
2139 0.4545 0.5455
2140 0.125 0.875
2141 0.2857 0.7143
2142 1.0 0.0
2143 0.4667 0.5333
2144 0.5333 0.4667
2145 0.4167 0.5833
2146 0.5 0.5
2147 0.3333 0.6667
2148 0.6154 0.3846
2149 0.4211 0.5789
2150 0.3333 0.6667
2151 0.4667 0.5333
2152 0.6 0.4
2153 0.4615 0.5385
2154 0.5333 0.4667
2155 0.5263 0.4737
2156 0.5 0.5
2157 0.4167 0.5833
2158 0.5385 0.4615
2159 0.4615 0.5385
2160 0.5 0.5
2161 0.4615 0.5385
2162 0.5556 0.4444
2163 0.5455 0.4545
2164 0.3529 0.6471
2165 0.5 0.5
2166 0.5833 0.4167
2167 0.3 0.7
2168 0.5 0.5
2169 0.5556 0.4444
2170 0.5 0.5
2171 0.6667 0.3333
2172 0.375 0.625
2173 0.0 1.0
2174 0.6 0.4
2175 0.4 0.6
2176 0.6667 0.3333
2177 0.5833 0.4167
2178 0.75 0.25
2179 0.1818 0.8182
2180 0.5 0.5
2181 0.9091 0.0909
2182 0.3889 0.6111
2183 0.3077 0.6923
2184 0.1818 0.8182
2185 0.4167 0.5833
2186 0.5333 0.4667
2187 0.375 0.625
2188 0.6 0.4
2189 0.3 0.7
2190 0.5 0.5
2191 0.4 0.6
2192 0.6 0.4
2193 0.6 0.4
2194 0.25 0.75
2195 0.0 1.0
2196 0.5 0.5
2197 0.5 0.5
2198 0.7778 0.2222
2199 0.25 0.75
2200 0.8 0.2
2201 0.5455 0.4545
2202 0.6667 0.3333
2203 0.1667 0.8333
2204 1.0 0.0
2205 0.8 0.2
2206 0.2 0.8
2207 0.6364 0.3636
2208 0.5 0.5
2209 0.4 0.6
2210 0.3333 0.6667
2212 0.6667 0.3333
2213 0.5 0.5
2214 0.8 0.2
2215 0.7143 0.2857
2216 0.6 0.4
2217 0.625 0.375
2218 0.875 0.125
2219 0.5385 0.4615
2220 0.4615 0.5385
2221 0.6364 0.3636
2222 0.5714 0.4286
2223 0.45 0.55
2224 0.4667 0.5333
2225 0.6 0.4
2226 0.3333 0.6667
2227 0.5714 0.4286
2228 0.5 0.5
2229 0.3333 0.6667
2230 0.6 0.4
2231 0.3 0.7
2232 0.4286 0.5714
2233 0.5 0.5
2234 0.4286 0.5714
2235 0.5714 0.4286
2236 0.3333 0.6667
2237 0.6667 0.3333
2238 0.375 0.625
2239 0.0 1.0
2240 0.25 0.75
2241 0.6 0.4
2242 0.5 0.5
2243 0.0 1.0
2244 0.5 0.5
2245 0.3333 0.6667
2246 0.5 0.5
2247 0.5 0.5
2248 0.5714 0.4286
2249 0.5 0.5
2250 0.5714 0.4286
2251 0.3333 0.6667
2252 0.0 1.0
2254 0.3333 0.6667
2255 0.5 0.5
2256 0.5 0.5
2257 0.4545 0.5455
2258 0.3 0.7
2259 0.25 0.75
2260 1.0 0.0
2261 0.7143 0.2857
2262 0.25 0.75
2263 0.1667 0.8333
2264 0.2 0.8
2265 0.5 0.5
2266 0.25 0.75
2267 0.5714 0.4286
2268 0.6667 0.3333
2269 0.5 0.5
2270 0.5 0.5
2271 0.4 0.6
2272 0.6 0.4
2273 0.0 1.0
2274 1.0 0.0
2275 0.5 0.5
2276 1.0 0.0
2277 0.5 0.5
2278 0.0 1.0
2279 0.0 1.0
2280 0.5 0.5
2281 1.0 0.0
2282 0.6667 0.3333
2283 1.0 0.0
2284 0.8 0.2
2285 0.1429 0.8571
2286 0.0 1.0
2287 0.0 1.0
2289 0.5 0.5
2290 0.0 1.0
2291 0.0 1.0
2293 1.0 0.0
2294 0.6667 0.3333
2295 1.0 0.0
2297 0.5 0.5
2298 0.75 0.25
2299 0.6 0.4
2300 0.5455 0.4545
2301 0.2727 0.7273
2302 0.2857 0.7143
2303 0.0 1.0
2304 0.6667 0.3333
2305 1.0 0.0
2306 0.25 0.75
2307 0.6667 0.3333
2308 0.5 0.5
2309 0.3333 0.6667
2310 0.5 0.5
2311 0.6 0.4
2312 0.25 0.75
2313 0.5 0.5
2314 0.0 1.0
2315 0.0 1.0
2316 0.0 1.0
2317 0.2 0.8
2318 0.6667 0.3333
2319 0.5 0.5
2320 0.6 0.4
2321 0.0 1.0
2322 1.0 0.0
2323 1.0 0.0
2324 0.0 1.0
2325 0.0 1.0
2326 0.0 1.0
2327 1.0 0.0
2328 0.6667 0.3333
2329 0.5 0.5
2330 0.25 0.75
2331 0.75 0.25
2332 0.5 0.5
2333 0.6667 0.3333
2334 0.0 1.0
2336 0.0 1.0
2337 0.6667 0.3333
2338 0.2 0.8
2339 0.0 1.0
2342 0.75 0.25
2343 0.0 1.0
2346 0.5 0.5
2347 0.5 0.5
2351 0.0 1.0
2352 0.0 1.0
2353 0.5 0.5
2354 1.0 0.0
2355 0.8571 0.1429
2356 0.5455 0.4545
2357 0.5833 0.4167
2358 0.5 0.5
2359 0.25 0.75
2360 1.0 0.0
2361 0.5 0.5
2362 0.6667 0.3333
2363 0.6667 0.3333
2364 0.6667 0.3333
2365 0.6667 0.3333
2366 0.5 0.5
2367 0.3333 0.6667
2368 0.75 0.25
2369 0.25 0.75
2370 0.6667 0.3333
2371 0.3333 0.6667
2372 0.0 1.0
2374 1.0 0.0
2375 1.0 0.0
2376 0.25 0.75
2377 0.75 0.25
2378 0.3333 0.6667
2379 0.0 1.0
2381 1.0 0.0
2382 0.0 1.0
2383 0.0 1.0
2385 1.0 0.0
2386 0.0 1.0
2387 1.0 0.0
2388 0.0 1.0
2390 1.0 0.0
2391 0.8333 0.1667
2392 0.5714 0.4286
2393 0.3333 0.6667
2394 0.6667 0.3333
2395 0.6667 0.3333
2396 0.0 1.0
2397 1.0 0.0
2398 0.2857 0.7143
2399 0.0 1.0
2402 1.0 0.0
2406 1.0 0.0
2407 0.6667 0.3333
2408 0.6667 0.3333
2409 0.75 0.25
2410 0.0 1.0
2411 1.0 0.0
2412 0.6667 0.3333
2413 0.4 0.6
2414 0.4 0.6
2415 0.5714 0.4286
2416 0.6923 0.3077
2417 0.4615 0.5385
2418 0.5 0.5
2419 0.3333 0.6667
2420 0.3333 0.6667
2421 0.6667 0.3333
2422 0.2 0.8
2423 1.0 0.0
2424 1.0 0.0
2425 0.6667 0.3333
2426 0.25 0.75
2427 1.0 0.0
2428 0.0 1.0
2430 1.0 0.0
2431 0.0 1.0
2433 0.3333 0.6667
2434 0.0 1.0
2435 0.3333 0.6667
2436 0.3333 0.6667
2437 0.75 0.25
2438 0.8182 0.1818
2439 0.6429 0.3571
2440 0.5625 0.4375
2441 0.4545 0.5455
2442 0.2857 0.7143
2443 0.75 0.25
2444 0.1667 0.8333
2445 0.6 0.4
2446 0.5 0.5
2447 0.5 0.5
2448 1.0 0.0
2449 0.6667 0.3333
2450 1.0 0.0
2451 0.6667 0.3333
2452 0.5 0.5
2453 0.8333 0.1667
2454 0.4 0.6
2455 1.0 0.0
2456 1.0 0.0
2457 0.0 1.0
2458 0.6667 0.3333
2459 0.5 0.5
2460 0.6667 0.3333
2461 0.0 1.0
2462 0.3333 0.6667
2463 0.0 1.0
2465 1.0 0.0
2466 1.0 0.0
2471 1.0 0.0
2473 1.0 0.0
2476 1.0 0.0
2477 0.8 0.2
2478 0.5 0.5
2479 0.0 1.0
2480 1.0 0.0
2481 0.5 0.5
2483 1.0 0.0
2484 0.3333 0.6667
2485 0.3333 0.6667
2487 0.0 1.0
2488 0.0 1.0
2493 1.0 0.0
2494 1.0 0.0
2495 1.0 0.0
2496 0.0 1.0
2497 0.75 0.25
2498 0.0 1.0
2500 0.0 1.0
2502 1.0 0.0
2503 1.0 0.0
2504 0.5 0.5
2505 0.5 0.5
2506 0.6667 0.3333
2507 0.0 1.0
2508 1.0 0.0
2509 0.3333 0.6667
2510 0.0 1.0
2511 0.0 1.0
2513 1.0 0.0
2514 0.0 1.0
2515 0.0 1.0
2518 1.0 0.0
2519 0.0 1.0
2520 0.5 0.5
2521 0.5 0.5
2522 0.0 1.0
2523 1.0 0.0
2526 1.0 0.0
2527 0.5 0.5
2528 0.5 0.5
2529 0.0 1.0
2536 1.0 0.0
2537 0.0 1.0
2546 0.5 0.5
2547 0.0 1.0
2549 1.0 0.0
2553 1.0 0.0
2554 0.0 1.0
2556 1.0 0.0
2557 0.0 1.0
2559 1.0 0.0
2562 1.0 0.0
2563 0.5 0.5
2564 0.75 0.25
2565 0.0 1.0
2567 0.5 0.5
2568 0.5 0.5
2569 0.5 0.5
2570 0.0 1.0
2586 1.0 0.0
2587 0.0 1.0
2605 1.0 0.0
2611 1.0 0.0
2614 1.0 0.0
2616 0.0 1.0
2618 0.5 0.5
2619 0.25 0.75
2620 0.0 1.0
2626 0.0 1.0
2627 0.0 1.0
2631 0.6667 0.3333
2632 0.6667 0.3333
2633 0.25 0.75
2634 0.0 1.0
2635 0.0 1.0
2637 1.0 0.0
2639 0.0 1.0
2679 1.0 0.0
2680 1.0 0.0
2684 0.0 1.0
2685 0.0 1.0
2718 1.0 0.0
2719 0.5 0.5
2720 0.5 0.5
2721 0.0 1.0
2723 1.0 0.0
2724 1.0 0.0
2725 0.5 0.5
2726 0.0 1.0
2747 0.6667 0.3333
2748 0.0 1.0
2758 1.0 0.0
2759 0.5 0.5
2760 0.0 1.0
2762 1.0 0.0
2763 0.5 0.5
2764 1.0 0.0
2765 0.5 0.5
2766 0.0 1.0
2767 1.0 0.0
2768 0.5 0.5
2769 0.0 1.0
2771 1.0 0.0
2772 0.0 1.0
2781 0.0 1.0
2784 0.0 1.0
2945 0.5 0.5
2946 0.0 1.0
2947 0.0 1.0
2948 0.0 1.0
