0 0.52276611328125
1 0.5226898193359375
2 0.5209197998046875
3 0.5213165283203125
4 0.5194854736328125
5 0.5197601318359375
6 0.5190277099609375
7 0.52008056640625
8 0.522308349609375
9 0.520965576171875
10 0.5220489501953125
11 0.51922607421875
12 0.5230712890625
13 0.517059326171875
14 0.5175018310546875
15 0.52325439453125
16 0.515472412109375
17 0.519622802734375
18 0.5217132568359375
19 0.5165557861328125
20 0.5201263427734375
21 0.5229644775390625
22 0.5166015625
23 0.5186920166015625
24 0.51837158203125
25 0.5208587646484375
26 0.5192108154296875
27 0.5196075439453125
28 0.5231170654296875
29 0.5234527587890625
30 0.5206451416015625
31 0.5214080810546875
32 0.5186309814453125
33 0.519927978515625
34 0.5191192626953125
35 0.52459716796875
36 0.5196685791015625
37 0.5189666748046875
38 0.521484375
39 0.5185546875
40 0.518585205078125
41 0.5209197998046875
42 0.518310546875
43 0.5181121826171875
44 0.5224456787109375
45 0.5222015380859375
46 0.5217437744140625
47 0.524261474609375
48 0.52197265625
49 0.52197265625
50 0.521484375
51 0.516754150390625
52 0.52294921875
53 0.52130126953125
54 0.5240936279296875
55 0.519927978515625
56 0.5185089111328125
57 0.5180206298828125
58 0.5182342529296875
59 0.522796630859375
60 0.5236968994140625
61 0.52105712890625
62 0.5196533203125
63 0.521881103515625
