0 0 0
1 2.1953607884221267 0.0
2 2.3930909642183997 0.0
3 2.7154052671022955 -0.6666828411243674
4 3.0451981192658613 -0.8570806971787648
5 3.353118891015315 -1.0373232398164913
6 3.641825834196287 -1.1702551478194338
7 3.9151127948543922 -1.3222425772125834
8 4.173462319094655 -1.4431437476915738
9 4.421148667863073 -1.5756090196438828
10 4.655770894037482 -1.6825924051894872
11 4.879127252017062 -1.799306672810194
12 5.093087368278386 -1.898630585667093
13 5.298674683183736 -2.0059232472056565
14 5.498193720223221 -2.0981721684258545
15 5.686104305030193 -2.1975503374903407
16 5.866809377897665 -2.2860024632192117
17 6.039644019593074 -2.379800756853535
18 6.209061354329508 -2.462834277563827
19 6.370009602917513 -2.553031866911294
20 6.528952838520431 -2.6328039889910215
21 6.6798862367656575 -2.7185487692684465
22 6.816922949531932 -2.79775523942521
23 6.956897842655331 -2.877030238913906
24 7.090409381095617 -2.9544748384223745
25 7.218042367007676 -3.0332145078011368
26 7.34222856442938 -3.105986971843555
27 7.4622555957981875 -3.182648875399476
28 7.573676354088158 -3.2546694038964668
29 7.684395544605557 -3.3313869411441717
30 7.791682315784747 -3.3994569907585785
31 7.901007309670583 -3.4763041072081355
32 7.993260359039714 -3.544474550426391
33 8.086480801016297 -3.613280342380021
34 8.180576439312023 -3.6836563552436017
35 8.26659367979416 -3.7528415806623947
36 8.349862038293844 -3.816238503619239
37 8.441407991436625 -3.886154988493891
38 8.50872548864945 -3.9466163671089416
39 8.589234743048973 -4.01594947171234
40 8.669529897800277 -4.080496878427836
41 8.736862533692722 -4.14900145721997
42 8.796271146668506 -4.209198459592298
43 8.856121791099863 -4.272345797020875
44 8.914647001999361 -4.337684573863708
45 8.981450023377318 -4.396453061692698
46 9.039594005756133 -4.458527745273534
47 9.090209543982612 -4.524270747300394
48 9.140014531611076 -4.5822122516830674
49 9.19949265834981 -4.647065954127608
50 9.24350922212977 -4.70239486879425
51 9.282835871680753 -4.763361495008101
52 9.328196948776721 -4.822799953625798
53 9.384366108404564 -4.874060988072792
54 9.425419244208022 -4.937714762700552
55 9.45535392273326 -5.002714221987095
56 9.492215401507211 -5.050405183366822
57 9.53073688869219 -5.116619193108282
58 9.572279737219516 -5.174025100851636
59 9.594186216964932 -5.233264269975158
60 9.630817830271624 -5.292805582181357
61 9.683303173347953 -5.344758106924027
62 9.678704410341142 -5.405750167600674
63 9.722140399979734 -5.449243479287148
64 9.72743613417276 -5.5091681849173435
65 9.740674332378498 -5.563322142030547
66 9.804740682264711 -5.618880153247
67 9.801776813894607 -5.678550595153773
68 9.802383023263452 -5.743524638324175
69 9.858822571218823 -5.778674250058716
70 9.864323049719564 -5.839039478512379
71 9.888836886644082 -5.897426538749344
72 9.908123377671338 -5.94912111936225
73 9.910998137692664 -5.998962027754975
74 9.952538795449417 -6.054234061379962
75 9.99178435839028 -6.1098697552586785
76 9.983900715826282 -6.156200968225415
77 9.974495260596436 -6.230567014367359
78 9.973100452058201 -6.265443358424446
79 10.015125141778151 -6.315656497100452
80 10.0306857701118 -6.370582951085531
81 10.019807649063328 -6.416341333913859
82 10.031734668675885 -6.484002908144969
83 10.062328158039836 -6.517796152667117
84 10.041762441015546 -6.593281233885548
85 10.060795454545454 -6.630600531513158
86 10.047830971668311 -6.6683957107476415
87 10.065249566523107 -6.705470463941489
88 10.077584463101644 -6.786065610031732
89 10.09165997821144 -6.8244117820927315
90 10.111139316290487 -6.875037897884847
91 10.078955632317976 -6.922289792279116
92 10.057553789794127 -6.961319093483164
93 10.133796442592484 -7.039165234283864
94 10.106408277184803 -7.045384024372518
95 10.117896114227083 -7.119665509133733
96 10.110961165831187 -7.170885392401846
97 10.111045779344364 -7.241039282332529
98 10.109213562363799 -7.2735981305763415
99 10.11566811062979 -7.324157585564531
100 10.13730317679558 -7.375100792150519
101 10.12003926117605 -7.410663999789457
102 10.071735181821552 -7.455528888231931
103 10.093599098615732 -7.506298716108346
104 10.12748228640422 -7.566152832619636
105 10.111166983352362 -7.601203885672553
106 10.110446044391429 -7.654409754822148
107 10.126325446814517 -7.684801571166637
108 10.131998645792349 -7.7504853766857
109 10.11956846473029 -7.807322870993867
110 10.128467512041679 -7.830135254107081
111 10.102386572787665 -7.887423698147677
112 10.06079576999339 -7.956496307270113
113 10.135668451249117 -8.021457193735275
114 10.134876766944545 -8.049672208915295
115 10.11893691588785 -8.0656953850366
116 10.076105050702147 -8.088690642211
117 10.054945261889218 -8.167119784917954
118 10.140989261308167 -8.22836528293822
119 10.104088391827263 -8.284408459937206
120 10.087112604385952 -8.371403250475279
121 10.076263874892154 -8.329928013289853
122 10.028264865878821 -8.398459533481983
123 10.063224569932686 -8.449370184342705
124 10.05784607495954 -8.478314505850213
125 10.03596661845627 -8.517873884729843
126 10.050124643106676 -8.578363702359347
127 10.046517826206701 -8.607285429141717
128 10.06333234684818 -8.635535646703355
129 10.077582827365301 -8.698019036824276
130 10.020861100415642 -8.736119126167928
131 10.028777125979406 -8.845452759907515
132 10.024334188097848 -8.842273351036338
133 9.95556188889376 -8.926580407469913
134 10.0392443176673 -8.908540363816076
135 10.088450085082247 -8.971269985201236
136 9.923515329744443 -9.08092673376713
137 9.977111880740852 -9.06539273488818
138 9.944213144802305 -9.147871951855846
139 10.02542521479923 -9.175747712365554
140 9.957778836186367 -9.23250861753012
141 9.950873077925463 -9.254339655122944
142 9.892089249492901 -9.257779391575973
143 9.969978191267227 -9.355035793631203
144 9.883204400340961 -9.400714312209546
145 9.953295234275783 -9.459084718507457
146 9.9846368956172 -9.493192423361865
147 9.828003182179794 -9.491886041886042
148 9.980417587636776 -9.504659232925246
149 9.929114596173175 -9.576125683299624
150 9.798093178690781 -9.686707840684916
151 9.896414504405733 -9.709295342319498
152 9.945234512430325 -9.685363480133342
153 9.929719226234662 -9.774481263992104
154 9.951946732874394 -9.818832603187033
155 9.916228547606364 -9.916853710311875
156 9.898475314617619 -9.855376462795318
157 9.947139989964876 -9.977079491489466
158 9.905498193082085 -9.981234032540003
159 9.780303846568257 -10.01302812295618
160 9.761004718290314 -9.967304416787577
161 9.778108626563977 -10.025022599554532
162 9.910317507595163 -10.106433807592644
163 9.887823058593511 -10.184257656259328
164 9.866566151526573 -10.236111537791977
165 9.762646300337234 -10.17944790137021
166 9.660938623215692 -10.300990749356833
167 9.867685282753776 -10.398980010017759
168 9.696498769242073 -10.357290849711456
169 9.66162202659674 -10.468263894791805
170 9.676699552952059 -10.557586745228383
171 9.774320314379661 -10.451920714756726
172 9.65881283068783 -10.529108810230891
173 9.986884680098365 -10.535614351018147
174 9.786952044060358 -10.693960842513842
175 9.760777645004136 -10.775636867555136
176 9.753624575338533 -10.646413489197625
177 9.677570554568778 -10.703989298922023
178 9.688307644402927 -10.760782077393076
179 9.805892547660312 -10.822095514431755
180 9.607027529965519 -10.89729871035204
181 9.723179259764626 -10.946177017009072
182 9.73381252921926 -10.731357196122296
183 9.73654949784792 -11.009940664252138
184 9.746771969412059 -10.967328469481322
185 9.76862515453185 -10.993491828857682
186 9.584900644646773 -11.21164854340008
187 9.566233766233767 -11.198550087873462
188 9.683802270643818 -11.121130370270453
189 9.941518744936289 -11.371141939388297
190 9.606630756391777 -11.317089436703585
191 9.489249880554228 -11.306153846153846
192 9.597130512757806 -11.368818170152702
193 9.640120714225835 -11.306774719837385
194 9.429617862501104 -11.415609137055837
195 9.572841971498594 -11.291412349183819
196 9.799367206402382 -11.519952599614872
197 9.713218892444962 -11.468668880169032
198 9.323579010018847 -11.815630315630315
199 9.614329896907217 -11.630029183198348
200 9.493406239948536 -11.751266481027946
201 9.529360017594017 -11.695980511571255
202 9.698205919323506 -11.612192843799397
203 9.433615650721698 -11.70913203069964
204 9.206500488758554 -11.856830055316534
205 9.529958020608065 -12.090272068898024
206 9.684661302880873 -12.01176853850226
207 9.815155147156744 -11.84328451101614
208 9.635706182643222 -11.990330832935872
209 9.458222615884264 -12.124960355217253
210 9.509593594198519 -11.882319713801545
211 9.546040226272785 -12.270028092608738
212 9.645699614890885 -11.882025570318376
213 9.465888240200167 -12.22789256198347
214 9.647139197267293 -12.274393158761354
215 9.741871744206934 -12.464356218468962
216 9.426349496797805 -12.583634797588285
217 9.231457323891167 -12.429421468127725
218 9.559631227932522 -12.550410528857764
219 9.556544608537326 -12.096569489821563
220 9.453382838283828 -12.328285769753446
221 9.911416899591485 -12.420200930483446
222 9.586512261580381 -12.492307692307692
223 9.25873311597578 -12.645326967592593
224 9.634385461501674 -12.511799850634802
225 9.27807357212004 -12.622506471752702
226 8.991264131551901 -12.799482839680302
227 9.929838288993219 -12.546258724233079
228 9.196640044064996 -12.798646934460887
229 9.442093222762368 -12.630291296312594
230 9.355708720407552 -12.840158045977011
231 9.349030470914128 -12.887333026255181
232 9.695652173913043 -12.64107263432044
233 9.57918552036199 -12.931571072319201
234 9.617095205003475 -12.667285287143004
235 9.30675487465181 -13.343626031950253
236 9.606884057971014 -12.884658081705151
237 9.842375366568914 -12.862002275312856
238 9.540581351453378 -13.546753246753246
239 9.752623083131558 -12.887256748273698
240 9.428921568627452 -13.874810701665826
241 9.853276955602537 -13.51551189245088
242 9.415913978494624 -12.908516483516484
243 9.682025547445255 -13.316346153846155
244 9.653726015171799 -13.55065693430657
245 9.27891156462585 -13.625347985347986
246 9.43535749265426 -13.413095956547979
247 9.506653019447288 -13.759561974289795
248 9.173798203909138 -13.425185424056757
249 9.688674181427805 -12.569981736676075
250 9.425578831312018 -13.676524644945697
251 9.487917146144994 -13.411559888579387
252 9.230313795145056 -13.680519956060051
253 9.233204134366925 -14.05340909090909
254 9.088800530152419 -14.087939698492463
255 9.73421052631579 -13.910393541876893
256 9.12431693989071 -13.569006737665724
257 9.267241379310345 -13.395930103959302
258 9.498456790123457 -14.515632183908046
259 8.835284933645589 -13.90792780443226
260 9.290064102564102 -13.780047505938242
261 8.573409461663948 -13.952598225602028
262 8.56176961602671 -13.364002011060835
263 9.555263157894737 -14.173889922892847
264 9.863557858376511 -13.646852202107539
265 8.804990757855823 -13.665004156275977
266 9.784986098239111 -14.778807180081065
267 10.017029328287606 -13.023126463700235
268 9.35609756097561 -13.860688799255351
269 8.9171974522293 -14.562834645669291
270 9.213756613756614 -14.22702176031179
271 9.289115646258503 -13.355909244835761
272 9.066125290023201 -14.192307692307692
273 8.75527950310559 -14.228325859491779
274 9.3653603034134 -15.263987983477282
275 9.786103542234333 -14.331402085747392
276 9.331529093369419 -15.515455950540959
277 9.055033557046979 -14.352674897119341
278 9.287087912087912 -14.683915480810695
279 8.151745068285281 -14.696
280 10.106606606606606 -15.375646450399623
281 9.477848101265822 -14.654188114178755
282 10.017543859649123 -14.053998981151299
283 9.655844155844155 -15.012729124236252
284 9.639655172413793 -15.059292476332836
285 9.646964856230031 -14.06868131868132
286 8.826923076923077 -14.525395958492627
287 9.471153846153847 -14.692613636363637
288 8.889328063241107 -13.63641425389755
289 8.121649484536082 -14.215543412264724
290 9.180645161290322 -14.634328358208956
291 9.008830022075054 -16.005208333333332
292 10.255369928400954 -15.854195323246218
293 8.703370786516855 -15.75332866152768
294 8.559493670886075 -15.123318385650224
295 9.038860103626943 -15.374339622641509
296 11.103535353535353 -14.06013179571664
297 8.041782729805014 -16.354632587859424
298 8.671270718232044 -14.210387323943662
299 9.406685236768801 -15.98037542662116
300 9.817891373801917 -14.620811287477954
301 9.227405247813412 -15.678075855689176
302 9.6327868852459 -16.068673565380998
303 9.625766871165645 -17.199029126213592
304 9.951851851851853 -14.179732313575526
305 8.784053156146179 -16.770284510010537
306 8.733788395904437 -16.440871369294605
307 8.50187265917603 -16.552
308 8.897540983606557 -14.207568807339449
309 7.891891891891892 -16.539379474940333
310 8.548523206751055 -18.265895953757227
311 9.314410480349345 -15.184795321637427
312 10.625 -14.3975
313 8.529411764705882 -14.535211267605634
314 9.05 -16.568047337278106
315 10.538461538461538 -17.07703488372093
316 8.16580310880829 -16.373873873873872
317 11.099476439790577 -15.420974889217135
318 7.475675675675675 -17.784126984126985
319 10.035714285714286 -16.73634945397816
320 9.233333333333333 -15.100511073253832
321 9.417142857142856 -17.133913043478262
322 10.937931034482759 -15.088724584103511
323 8.296511627906977 -16.368324125230203
324 8.143790849673202 -15.92931392931393
325 9.626760563380282 -16.233739837398375
326 9.04635761589404 -16.866807610993657
327 10.40268456375839 -18.56644880174292
328 9.752 -18.096491228070175
329 10.651515151515152 -16.914489311163894
330 10.88888888888889 -18.42763157894737
331 9.669291338582678 -18.51413881748072
332 8.385245901639344 -14.139088729016786
333 10.818181818181818 -15.48768472906404
334 10.106194690265486 -15.263565891472869
335 6.479591836734694 -13.858333333333333
336 8.177570093457945 -18.42671009771987
337 8.901785714285714 -20.811046511627907
338 11.516483516483516 -16.2332361516035
339 8.376470588235295 -18.414772727272727
340 7.494623655913978 -22.241496598639454
341 8.76 -17.154716981132076
342 8.793103448275861 -17.006944444444443
343 6.931506849315069 -11.757085020242915
344 9.215384615384615 -20.984615384615385
345 9.694444444444445 -18.021897810218977
346 9.094594594594595 -18.273469387755103
347 10.119402985074627 -18.51528384279476
348 8.275 -15.453333333333333
349 12.924528301886792 -14.028436018957345
350 10.931034482758621 -18.405
351 8.294117647058824 -13.387665198237885
352 8.753623188405797 -15.122340425531915
353 13.961538461538462 -14.837209302325581
354 10.722222222222221 -15.414507772020725
355 9.714285714285714 -16.865168539325843
356 10.16 -21.348993288590606
357 9.661016949152541 -14.65
358 10.052631578947368 -14.104046242774567
359 6.592592592592593 -17.24342105263158
360 6.796296296296297 -14.916666666666666
361 8.163934426229508 -14.874074074074073
362 8.742857142857142 -22.463768115942027
363 12.0625 -14.72972972972973
364 11.85 -18.42241379310345
365 10.55813953488372 -11.418604651162791
366 10.974358974358974 -15.19548872180451
367 9.736842105263158 -16.793893129770993
368 7.40625 -13.86259541984733
369 8.0 -15.932203389830509
370 8.28 -18.75438596491228
371 9.766666666666667 -18.068627450980394
372 8.857142857142858 -21.042735042735043
373 12.36 -23.30851063829787
374 14.485714285714286 -23.25
375 6.962962962962963 -15.288659793814434
376 9.458333333333334 -28.22826086956522
377 12.548387096774194 -18.121951219512194
378 6.782608695652174 -24.9873417721519
379 6.921052631578948 -15.662337662337663
380 6.76 -14.423076923076923
381 8.555555555555555 -20.620689655172413
382 5.333333333333333 -19.484848484848484
383 7.291666666666667 -19.04
384 12.26086956521739 -13.05
385 7.666666666666667 -20.756410256410255
386 7.75 -19.57894736842105
387 6.636363636363637 -15.136363636363637
388 8.842105263157896 -13.26388888888889
389 6.090909090909091 -14.533333333333333
390 8.277777777777779 -15.392857142857142
391 12.357142857142858 -17.982758620689655
392 9.133333333333333 -13.10909090909091
393 6.666666666666667 -22.163636363636364
394 20.72222222222222 -10.333333333333334
395 19.0 -13.621621621621621
396 10.45 -12.18421052631579
397 5.1875 -30.040816326530614
398 10.166666666666666 -15.355555555555556
399 6.6875 -19.21153846153846
400 8.777777777777779 -17.510204081632654
401 5.076923076923077 -13.591836734693878
402 6.9 -22.724137931034484
403 5.714285714285714 -8.862745098039216
404 5.8 -25.81578947368421
405 11.583333333333334 -18.03030303030303
406 12.764705882352942 -12.3
407 10.941176470588236 -17.12280701754386
408 6.285714285714286 -17.06896551724138
409 3.75 -7.568965517241379
410 3.7777777777777777 -14.342857142857143
411 9.833333333333334 -16.333333333333332
412 6.75 -23.705882352941178
413 10.785714285714286 -7.0588235294117645
414 15.588235294117647 -8.714285714285714
415 9.571428571428571 -20.533333333333335
416 7.75 -16.884615384615383
417 5.571428571428571 -16.416666666666668
418 13.666666666666666 -24.074074074074073
419 10.666666666666666 -12.625
420 3.0 -13.321428571428571
421 13.875 -21.133333333333333
422 8.846153846153847 -21.846153846153847
423 3.8 -33.25
424 12.857142857142858 -10.08695652173913
425 5.1 -23.545454545454547
426 4.428571428571429 -3.32
427 28.0 -21.61904761904762
428 20.714285714285715 -9.9375
429 19.25 -15.05
430 9.0 -32.63636363636363
431 19.428571428571427 -35.95
432 8.75 -13.19047619047619
433 3.0 -33.07142857142857
434 9.0 -17.307692307692307
435 6.909090909090909 -4.230769230769231
436 23.0 -27.11764705882353
437 9.538461538461538 -9.304347826086957
438 11.666666666666666 -12.875
439 14.0 -2.3076923076923075
440 6.0 -52.8235294117647
441 5.833333333333333 -10.307692307692308
442 2.0 -21.545454545454547
443 9.333333333333334 -25.7
444 4.333333333333333 -30.523809523809526
445 8.666666666666666 -11.227272727272727
446 3.3333333333333335 -16.63157894736842
447 13.5 -8.461538461538462
448 20.4 -28.733333333333334
449 3.0 -8.538461538461538
450 8.0 -32.23076923076923
451 15.0 -35.375
452 3.5 -20.333333333333332
453 4.0 -15.5
454 3.75 -8.2
455 19.75 -28.875
456 0 -17.727272727272727
457 2.5 -6.666666666666667
458 2.0 -29.545454545454547
459 6.0 -3.4444444444444446
460 7.0 -7.0
461 2.0 -24.333333333333332
462 0 -31.666666666666668
463 6.0 -49.5
464 19.0 -65.0
465 15.666666666666666 -99.0
466 21.0 -5.4
467 8.0 0.0
468 2.0 -38.25
469 7.666666666666667 -51.333333333333336
470 4.0 -46.75
471 2.5 -39.0
472 5.5 -11.714285714285714
473 0 -27.875
474 6.0 -2.0
475 3.0 -1.8
476 0 0.0
477 4.333333333333333 -1.5
478 0 -11.5
479 0 -14.666666666666666
480 0 -24.6
481 4.0 0.0
482 0 -1.0
483 0 0.0
484 3.5 -148.66666666666666
485 0 -9.2
486 0 -1.5
487 6.0 0.0
488 0 0.0
489 8.0 0
490 10.0 -37.333333333333336
491 3.0 -54.333333333333336
492 2.0 -1.6666666666666667
493 6.0 -1.0
494 6.666666666666667 0.0
495 0 -5.0
496 14.0 0
497 4.0 -69.0
498 5.0 0.0
499 0 0.0
500 0 -4.333333333333333
501 0 -1.0
502 12.0 -103.33333333333333
503 0 -57.333333333333336
504 40.0 0
505 3.0 0.0
506 3.0 0.0
507 0 -18.0
508 0 -2.0
509 2.0 -14.0
510 4.0 -90.33333333333333
511 0 -1.2
512 2.0 -12.0
513 0 -66.33333333333333
514 0 -10.666666666666666
515 7.0 -4.2
516 0 0.0
517 8.0 -3.0
518 0 -2.0
519 0 -18.0
521 5.0 0
522 0 -50.0
524 0 0
525 3.0 0.0
526 0 -4.0
527 8.0 0.0
528 2.0 -32.0
530 0 -128.0
531 0 0.0
534 0 0
535 0 -62.0
538 0 0
539 0 -14.0
541 0 -16.0
543 2.0 0
544 0 0.0
545 0 -4.0
546 0 0
547 8.0 0.0
548 20.0 0
549 19.0 -2.0
550 0 0.0
551 0 0.0
555 0 -87.0
563 0 -223.0
566 0 -19.0
567 0 0.0
568 0 -2.5
