0 0.4523162841796875
1 0.4524078369140625
2 0.4524078369140625
3 0.4497222900390625
4 0.4489593505859375
5 0.4532012939453125
6 0.4483642578125
7 0.447296142578125
8 0.4503936767578125
9 0.447662353515625
10 0.4494781494140625
11 0.4508514404296875
12 0.449798583984375
13 0.44873046875
14 0.44903564453125
15 0.449188232421875
16 0.4485931396484375
17 0.449981689453125
18 0.4498291015625
19 0.447265625
20 0.44818115234375
21 0.4482879638671875
22 0.4481048583984375
23 0.447784423828125
24 0.450408935546875
25 0.4525146484375
26 0.4517974853515625
27 0.4516754150390625
28 0.4533233642578125
29 0.447784423828125
30 0.4498138427734375
31 0.44708251953125
32 0.451568603515625
33 0.446502685546875
34 0.4490814208984375
35 0.4515380859375
36 0.4521331787109375
37 0.4519500732421875
38 0.4506988525390625
39 0.4481353759765625
40 0.4510498046875
41 0.4514312744140625
42 0.45166015625
43 0.451904296875
44 0.44586181640625
45 0.4470672607421875
46 0.45172119140625
47 0.451202392578125
48 0.450225830078125
49 0.4503021240234375
50 0.45013427734375
51 0.449981689453125
52 0.4502716064453125
53 0.449188232421875
54 0.4499664306640625
55 0.45013427734375
56 0.4490966796875
57 0.450439453125
58 0.451507568359375
59 0.4510345458984375
60 0.449005126953125
61 0.4508819580078125
62 0.4469757080078125
63 0.4511260986328125
