0 1.0 0.0
1 0.4296 0.5704
2 0.5115 0.4885
3 0.5001 0.4999
4 0.496 0.504
5 0.4934 0.5066
6 0.4921 0.5079
7 0.4905 0.5095
8 0.4893 0.5107
9 0.4883 0.5117
10 0.4868 0.5132
11 0.486 0.514
12 0.485 0.515
13 0.484 0.516
14 0.4831 0.5169
15 0.4823 0.5177
16 0.4813 0.5187
17 0.4804 0.5196
18 0.4797 0.5203
19 0.4788 0.5212
20 0.4781 0.5219
21 0.4774 0.5226
22 0.4767 0.5233
23 0.476 0.524
24 0.4753 0.5247
25 0.4745 0.5255
26 0.4737 0.5263
27 0.4732 0.5268
28 0.4726 0.5274
29 0.4721 0.5279
30 0.4715 0.5285
31 0.4707 0.5293
32 0.4702 0.5298
33 0.4697 0.5303
34 0.4692 0.5308
35 0.4687 0.5313
36 0.4681 0.5319
37 0.4676 0.5324
38 0.4673 0.5327
39 0.4666 0.5334
40 0.4659 0.5341
41 0.4656 0.5344
42 0.4651 0.5349
43 0.4648 0.5352
44 0.4641 0.5359
45 0.4638 0.5362
46 0.4634 0.5366
47 0.4629 0.5371
48 0.4624 0.5376
49 0.462 0.538
50 0.4615 0.5385
51 0.461 0.539
52 0.4608 0.5392
53 0.4608 0.5392
54 0.46 0.54
55 0.4598 0.5402
56 0.4592 0.5408
57 0.4591 0.5409
58 0.4589 0.5411
59 0.4585 0.5415
60 0.458 0.542
61 0.4578 0.5422
62 0.4578 0.5422
63 0.4574 0.5426
64 0.4572 0.5428
65 0.4567 0.5433
66 0.4561 0.5439
67 0.456 0.544
68 0.4555 0.5445
69 0.4552 0.5448
70 0.4556 0.5444
71 0.4548 0.5452
72 0.4549 0.5451
73 0.454 0.546
74 0.4546 0.5454
75 0.4538 0.5462
76 0.4535 0.5465
77 0.453 0.547
78 0.4533 0.5467
79 0.4527 0.5473
80 0.4526 0.5474
81 0.4521 0.5479
82 0.4525 0.5475
83 0.4522 0.5478
84 0.4515 0.5485
85 0.4512 0.5488
86 0.4519 0.5481
87 0.4512 0.5488
88 0.4513 0.5487
89 0.4513 0.5487
90 0.4505 0.5495
91 0.4497 0.5503
92 0.4507 0.5493
93 0.4492 0.5508
94 0.45 0.55
95 0.4495 0.5505
96 0.4496 0.5504
97 0.4491 0.5509
98 0.4495 0.5505
99 0.4485 0.5515
100 0.4488 0.5512
101 0.4486 0.5514
102 0.4484 0.5516
103 0.4476 0.5524
104 0.4485 0.5515
105 0.4484 0.5516
106 0.4487 0.5513
107 0.4476 0.5524
108 0.4476 0.5524
109 0.4474 0.5526
110 0.4473 0.5527
111 0.4463 0.5537
112 0.4469 0.5531
113 0.4465 0.5535
114 0.4463 0.5537
115 0.4469 0.5531
116 0.4457 0.5543
117 0.447 0.553
118 0.4461 0.5539
119 0.4459 0.5541
120 0.4459 0.5541
121 0.4455 0.5545
122 0.4459 0.5541
123 0.4447 0.5553
124 0.4466 0.5534
125 0.4456 0.5544
126 0.4449 0.5551
127 0.4459 0.5541
128 0.4439 0.5561
129 0.4448 0.5552
130 0.4448 0.5552
131 0.4446 0.5554
132 0.4449 0.5551
133 0.4446 0.5554
134 0.445 0.555
135 0.4433 0.5567
136 0.4441 0.5559
137 0.4443 0.5557
138 0.4439 0.5561
139 0.4441 0.5559
140 0.4443 0.5557
141 0.442 0.558
142 0.4436 0.5564
143 0.4449 0.5551
144 0.4428 0.5572
145 0.4428 0.5572
146 0.4421 0.5579
147 0.443 0.557
148 0.4444 0.5556
149 0.443 0.557
150 0.442 0.558
151 0.4422 0.5578
152 0.4415 0.5585
153 0.4427 0.5573
154 0.4421 0.5579
155 0.442 0.558
156 0.442 0.558
157 0.4421 0.5579
158 0.442 0.558
159 0.4415 0.5585
160 0.4418 0.5582
161 0.4409 0.5591
162 0.4422 0.5578
163 0.4425 0.5575
164 0.4414 0.5586
165 0.4391 0.5609
166 0.4399 0.5601
167 0.4422 0.5578
168 0.4403 0.5597
169 0.4419 0.5581
170 0.4445 0.5555
171 0.4422 0.5578
172 0.4419 0.5581
173 0.4419 0.5581
174 0.4406 0.5594
175 0.4398 0.5602
176 0.442 0.558
177 0.4393 0.5607
178 0.4383 0.5617
179 0.44 0.56
180 0.4398 0.5602
181 0.4399 0.5601
182 0.4406 0.5594
183 0.4406 0.5594
184 0.4398 0.5602
185 0.4392 0.5608
186 0.4417 0.5583
187 0.4407 0.5593
188 0.4403 0.5597
189 0.4418 0.5582
190 0.4365 0.5635
191 0.4371 0.5629
192 0.4372 0.5628
193 0.4402 0.5598
194 0.4395 0.5605
195 0.4359 0.5641
196 0.4422 0.5578
197 0.4362 0.5638
198 0.4405 0.5595
199 0.4423 0.5577
200 0.4376 0.5624
201 0.4413 0.5587
202 0.4392 0.5608
203 0.4377 0.5623
204 0.4396 0.5604
205 0.4355 0.5645
206 0.4393 0.5607
207 0.4359 0.5641
208 0.4324 0.5676
209 0.4338 0.5662
210 0.4376 0.5624
211 0.4376 0.5624
212 0.4385 0.5615
213 0.4389 0.5611
214 0.4383 0.5617
215 0.435 0.565
216 0.4422 0.5578
217 0.444 0.556
218 0.4363 0.5637
219 0.4402 0.5598
220 0.4394 0.5606
221 0.4366 0.5634
222 0.4389 0.5611
223 0.4395 0.5605
224 0.4415 0.5585
225 0.4401 0.5599
226 0.4359 0.5641
227 0.4386 0.5614
228 0.4367 0.5633
229 0.436 0.564
230 0.4331 0.5669
231 0.4334 0.5666
232 0.432 0.568
233 0.4363 0.5637
234 0.4317 0.5683
235 0.4368 0.5632
236 0.4375 0.5625
237 0.4388 0.5612
238 0.4372 0.5628
239 0.4464 0.5536
240 0.4363 0.5637
241 0.4321 0.5679
242 0.4451 0.5549
243 0.4328 0.5672
244 0.4481 0.5519
245 0.4321 0.5679
246 0.4336 0.5664
247 0.4381 0.5619
248 0.4398 0.5602
249 0.4454 0.5546
250 0.4357 0.5643
251 0.4335 0.5665
252 0.4387 0.5613
253 0.4385 0.5615
254 0.4322 0.5678
255 0.4307 0.5693
256 0.443 0.557
257 0.4347 0.5653
258 0.4424 0.5576
259 0.4319 0.5681
260 0.4341 0.5659
261 0.4463 0.5537
262 0.4316 0.5684
263 0.4382 0.5618
264 0.4374 0.5626
265 0.4318 0.5682
266 0.4475 0.5525
267 0.4352 0.5648
268 0.4432 0.5568
269 0.4375 0.5625
270 0.4371 0.5629
271 0.4297 0.5703
272 0.4357 0.5643
273 0.4356 0.5644
274 0.4353 0.5647
275 0.434 0.566
276 0.4278 0.5722
277 0.4368 0.5632
278 0.4367 0.5633
279 0.4284 0.5716
280 0.4461 0.5539
281 0.4378 0.5622
282 0.46 0.54
283 0.4444 0.5556
284 0.4276 0.5724
285 0.4554 0.5446
286 0.4349 0.5651
287 0.4432 0.5568
288 0.4255 0.5745
289 0.4432 0.5568
290 0.4332 0.5668
291 0.4264 0.5736
292 0.4248 0.5752
293 0.4406 0.5594
294 0.4321 0.5679
295 0.4262 0.5738
296 0.4588 0.5412
297 0.4262 0.5738
298 0.4549 0.5451
299 0.4346 0.5654
300 0.4361 0.5639
301 0.4393 0.5607
302 0.4303 0.5697
303 0.4483 0.5517
304 0.414 0.586
305 0.4489 0.5511
306 0.4339 0.5661
307 0.4476 0.5524
308 0.4327 0.5673
309 0.4447 0.5553
310 0.4199 0.5801
311 0.4148 0.5852
312 0.4113 0.5887
313 0.4584 0.5416
314 0.4459 0.5541
315 0.4243 0.5757
316 0.4473 0.5527
317 0.4311 0.5689
318 0.444 0.556
319 0.4015 0.5985
320 0.4447 0.5553
321 0.4374 0.5626
322 0.4311 0.5689
323 0.426 0.574
324 0.4267 0.5733
325 0.4325 0.5675
326 0.4402 0.5598
327 0.445 0.555
328 0.4459 0.5541
329 0.4623 0.5377
330 0.4078 0.5922
331 0.4642 0.5358
332 0.4319 0.5681
333 0.4587 0.5413
334 0.435 0.565
335 0.4249 0.5751
336 0.4652 0.5348
337 0.4469 0.5531
338 0.4359 0.5641
339 0.3899 0.6101
340 0.4073 0.5927
341 0.4289 0.5711
342 0.3885 0.6115
343 0.4462 0.5538
344 0.4384 0.5616
345 0.3991 0.6009
346 0.4039 0.5961
347 0.4232 0.5768
348 0.4389 0.5611
349 0.4056 0.5944
350 0.4709 0.5291
351 0.3914 0.6086
352 0.4268 0.5732
353 0.4397 0.5603
354 0.4222 0.5778
355 0.362 0.638
356 0.4754 0.5246
357 0.4286 0.5714
358 0.3843 0.6157
359 0.4704 0.5296
360 0.4783 0.5217
361 0.4886 0.5114
362 0.4274 0.5726
363 0.3782 0.6218
364 0.4605 0.5395
365 0.4647 0.5353
366 0.4388 0.5612
367 0.4254 0.5746
368 0.3935 0.6065
369 0.43 0.57
370 0.3968 0.6032
371 0.4545 0.5455
372 0.371 0.629
373 0.4268 0.5732
374 0.4615 0.5385
375 0.3899 0.6101
376 0.3741 0.6259
377 0.4384 0.5616
378 0.4357 0.5643
379 0.4539 0.5461
380 0.4507 0.5493
381 0.42 0.58
382 0.4803 0.5197
383 0.4828 0.5172
384 0.4444 0.5556
385 0.4222 0.5778
386 0.4865 0.5135
387 0.3889 0.6111
388 0.3898 0.6102
389 0.4286 0.5714
390 0.44 0.56
391 0.3958 0.6042
392 0.4554 0.5446
393 0.4388 0.5612
394 0.4474 0.5526
395 0.4394 0.5606
396 0.5476 0.4524
397 0.4731 0.5269
398 0.4828 0.5172
399 0.4348 0.5652
400 0.3875 0.6125
401 0.3875 0.6125
402 0.383 0.617
403 0.378 0.622
404 0.4648 0.5352
405 0.4923 0.5077
406 0.5506 0.4494
407 0.4242 0.5758
408 0.383 0.617
409 0.275 0.725
410 0.4355 0.5645
411 0.4923 0.5077
412 0.4333 0.5667
413 0.4769 0.5231
414 0.4531 0.5469
415 0.4118 0.5882
416 0.381 0.619
417 0.4419 0.5581
418 0.2895 0.7105
419 0.4419 0.5581
420 0.3778 0.6222
421 0.3878 0.6122
422 0.5 0.5
423 0.4286 0.5714
424 0.54 0.46
425 0.45 0.55
426 0.4318 0.5682
427 0.3824 0.6176
428 0.5152 0.4848
429 0.4286 0.5714
430 0.3714 0.6286
431 0.4595 0.5405
432 0.3 0.7
433 0.3636 0.6364
434 0.48 0.52
435 0.5357 0.4643
436 0.4688 0.5312
437 0.4889 0.5111
438 0.4839 0.5161
439 0.48 0.52
440 0.2609 0.7391
441 0.5667 0.4333
442 0.3333 0.6667
443 0.4286 0.5714
444 0.4474 0.5526
445 0.3529 0.6471
446 0.3667 0.6333
447 0.4348 0.5652
448 0.4231 0.5769
449 0.381 0.619
450 0.35 0.65
451 0.5294 0.4706
452 0.25 0.75
453 0.4545 0.5455
454 0.4444 0.5556
455 0.5 0.5
456 0.2667 0.7333
457 0.7692 0.2308
458 0.4211 0.5789
459 0.3571 0.6429
460 0.5385 0.4615
461 0.3333 0.6667
462 0.25 0.75
463 0.4545 0.5455
464 0.4 0.6
465 0.8 0.2
466 0.4444 0.5556
467 0.4444 0.5556
468 0.2 0.8
469 0.7 0.3
470 0.4286 0.5714
471 0.7143 0.2857
472 0.3636 0.6364
473 0.1111 0.8889
474 0.5556 0.4444
475 0.5455 0.4545
476 0.4286 0.5714
477 0.4286 0.5714
478 0.5 0.5
479 0.1 0.9
480 0.2857 0.7143
481 0.5 0.5
482 0.2 0.8
483 0.3333 0.6667
484 0.4 0.6
485 0.1667 0.8333
486 0.3333 0.6667
487 0.5 0.5
488 0.5 0.5
489 1.0 0.0
490 0.25 0.75
491 0.25 0.75
492 0.4 0.6
493 0.4444 0.5556
494 0.7 0.3
495 0.0 1.0
496 1.0 0.0
497 0.5 0.5
498 0.5 0.5
499 0.75 0.25
500 0.4 0.6
501 0.6 0.4
502 0.4 0.6
503 0.0 1.0
504 1.0 0.0
505 0.6667 0.3333
506 0.5 0.5
507 0.5 0.5
508 0.0 1.0
509 0.8 0.2
510 0.625 0.375
511 0.375 0.625
512 0.5 0.5
513 0.25 0.75
514 0.625 0.375
515 0.375 0.625
516 0.3333 0.6667
517 0.6667 0.3333
518 0.0 1.0
519 0.0 1.0
521 1.0 0.0
522 0.0 1.0
524 1.0 0.0
525 0.6667 0.3333
526 0.75 0.25
527 0.6 0.4
528 0.3333 0.6667
530 0.5 0.5
531 0.0 1.0
534 1.0 0.0
535 0.0 1.0
538 1.0 0.0
539 0.0 1.0
541 0.0 1.0
543 1.0 0.0
544 0.0 1.0
545 0.0 1.0
546 1.0 0.0
547 0.6667 0.3333
548 1.0 0.0
549 0.5 0.5
550 0.5 0.5
551 0.0 1.0
555 0.0 1.0
563 0.0 1.0
566 0.0 1.0
567 0.0 1.0
568 0.0 1.0
