0 94997244 0 0 0
1 51716391 95001809 19840742 95001809
2 32635361 51714580 21510469 51714580
3 26935964 32643666 22043240 48966093
4 22853693 26937252 20816552 44369395
5 19833432 22851693 19468763 40352767
6 17583086 19824340 18009850 36742936
7 15860328 17584994 16681878 33800611
8 14499216 15862260 15492356 31301087
9 13386715 14495307 14428209 29150907
10 12421919 13388254 13462836 27283235
11 11602315 12429732 12592822 25592246
12 10874115 11599148 11805200 24082777
13 10231823 10875889 11090103 22732801
14 9656887 10235197 10433046 21491641
15 9135898 9656405 9834751 20362805
16 8656671 9133103 9277943 19328365
17 8225297 8662228 8762280 18371322
18 7819528 8224955 8291542 17477018
19 7449834 7819031 7844491 16649527
20 7101222 7448844 7441412 15876496
21 6777040 7097490 7057113 15144773
22 6478515 6774902 6702555 14470051
23 6191026 6475890 6370702 13829961
24 5926740 6192245 6056606 13230947
25 5671986 5927792 5766893 12670397
26 5432823 5677240 5486348 12130189
27 5206366 5435951 5230219 11618659
28 4996009 5209620 4984849 11136807
29 4795519 4993970 4756571 10679588
30 4602401 4795780 4542322 10249181
31 4418722 4602011 4333027 9839701
32 4249673 4419267 4135977 9448842
33 4081632 4248471 3953178 9072492
34 3925620 4078839 3778854 8716385
35 3776928 3922462 3615262 8380107
36 3632869 3775010 3458206 8056666
37 3497161 3632178 3310844 7751969
38 3366983 3495009 3169450 7452153
39 3239031 3364984 3036026 7174595
40 3116942 3236032 2904411 6902131
41 3002827 3116170 2782500 6640727
42 2890916 3001557 2667737 6392853
43 2785236 2890056 2557691 6151470
44 2683763 2783420 2450283 5927505
45 2587801 2683726 2350569 5709995
46 2493072 2587392 2257766 5500991
47 2402882 2491938 2164128 5299569
48 2317285 2402039 2074099 5104817
49 2236647 2315817 1992740 4924923
50 2153838 2236392 1915718 4747734
51 2075883 2155202 1836825 4575012
52 2003223 2077439 1764276 4407623
53 1933142 2003672 1697530 4247683
54 1866789 1934336 1627035 4100747
55 1798809 1863737 1566599 3954356
56 1733592 1799585 1502775 3811731
57 1672153 1733811 1446080 3673975
58 1614559 1672737 1390362 3542828
59 1558377 1615715 1337064 3420048
60 1505291 1559887 1285230 3301935
61 1453039 1506753 1236738 3185271
62 1403392 1451936 1191087 3072780
63 1355538 1403733 1144758 2965550
64 1310730 1355229 1100432 2862944
65 1263662 1309653 1060219 2764349
66 1219389 1264349 1018461 2668633
67 1179157 1220241 980294 2576561
68 1137912 1177986 943927 2488278
69 1097608 1139787 908573 2401388
70 1063364 1098686 874887 2316450
71 1025382 1061929 841844 2238425
72 989550 1023689 811719 2158086
73 956344 989379 779141 2086761
74 925321 955472 753310 2013882
75 892979 924069 724350 1946259
76 861924 892194 697795 1879521
77 833269 861825 671287 1816409
78 805759 833022 647483 1752679
79 778235 805502 623333 1694402
80 752039 777230 599822 1635283
81 725822 751440 578110 1580177
82 702187 726101 558758 1525371
83 678409 703030 538649 1474476
84 655123 678090 518145 1425351
85 633549 656451 499840 1378329
86 614003 633995 482428 1330022
87 592871 613890 464846 1286326
88 572864 592438 449871 1243255
89 555528 572550 432337 1201043
90 537057 555836 417575 1164313
91 517862 537236 401238 1124923
92 501330 517310 387620 1083532
93 482935 500883 373418 1050115
94 466640 483485 360799 1011303
95 451120 466428 346958 977366
96 436438 451186 334937 944440
97 421470 435881 323137 913515
98 408350 421266 312040 882411
99 394434 408581 300100 854063
100 381794 394083 289600 824717
101 369042 381430 280175 797937
102 357203 368820 269770 771231
103 342997 356509 260932 745390
104 333430 343184 251784 719493
105 322738 333186 242617 695581
106 313160 322475 234730 673144
107 301346 312044 226716 651745
108 290918 301623 218578 628893
109 282034 291402 210875 608723
110 272618 282578 203460 588374
111 262766 272888 196139 569285
112 254333 262695 189125 548781
113 246467 254708 182489 531803
114 237950 246404 176576 514352
115 230199 237773 171200 496732
116 222292 230466 163997 480434
117 215585 222295 159304 463823
118 208100 215324 153650 449197
119 201579 208948 148249 434755
120 194329 200994 143458 419754
121 188531 194672 137929 406325
122 182865 188875 133275 392868
123 176162 182744 128352 380270
124 170834 175454 124814 366397
125 165220 170544 120306 355183
126 160064 165054 115931 344375
127 155118 159891 112559 332664
128 149213 154804 108128 322358
129 144206 149269 104585 310556
130 138868 143850 101289 299783
131 134777 138803 97508 290209
132 130882 135087 93983 280555
133 126505 130383 91228 271971
134 122569 126417 88344 263045
135 118215 122626 84624 254751
136 114418 118254 82291 246198
137 110467 114096 79692 237794
138 107223 110613 76380 229976
139 104066 107031 74139 223047
140 100958 103858 71386 215549
141 96582 100376 69066 209118
142 93731 96883 66555 201044
143 91170 93359 64653 194448
144 87775 90587 62177 188713
145 85475 87947 59844 182829
146 82523 85684 57931 177229
147 79387 82514 56565 170940
148 77098 79224 54743 164834
149 74296 76916 52733 159703
150 71989 74379 50870 155114
151 69530 72164 49254 149860
152 67335 69881 47183 144891
153 65257 67409 45802 139811
154 62979 65209 44305 135361
155 60933 62776 43177 131431
156 59126 61414 41320 126812
157 57241 58791 39860 122554
158 55531 57453 38740 118992
159 53545 55497 37124 114675
160 51786 53433 36030 110963
161 49707 51955 34927 107303
162 48711 50197 33574 103811
163 47033 48774 32734 100506
164 45339 47315 31836 97653
165 43866 45994 30246 94657
166 42539 44099 29213 91345
167 41183 42389 28470 87844
168 39984 41067 27219 85429
169 38505 39514 26695 82351
170 37612 38339 25948 79428
171 36384 37374 24938 77341
172 35002 36055 24192 74754
173 33982 34726 23179 72190
174 32862 33848 22333 70076
175 31492 32537 21758 67832
176 30871 31517 20899 65356
177 29521 30746 20268 63545
178 28631 29679 19269 61375
179 27544 28578 19041 59279
180 26773 27721 18271 57380
181 25955 26791 17589 55441
182 25129 26059 17112 53640
183 24154 24946 16728 51908
184 23437 24365 15954 50166
185 22771 23639 15369 48708
186 22132 22637 15047 46993
187 21236 21933 14630 45520
188 20806 21642 14181 44481
189 20422 21097 13577 42962
190 19342 20241 13181 41985
191 18735 19446 12558 40300
192 18008 18866 12267 38965
193 17471 18168 11929 37389
194 17092 17577 11331 36248
195 16205 17088 11017 35225
196 16014 16427 10746 33755
197 15318 16054 10311 33130
198 14917 15243 10081 31746
199 14490 14645 9700 30497
200 13867 14467 9327 29807
201 13606 13913 9094 28735
202 13046 13657 8751 27836
203 12610 13058 8383 26971
204 12236 12603 8184 26032
205 11844 12252 7861 25545
206 11534 11950 7706 24557
207 11118 11758 7509 24101
208 10517 11238 7052 23063
209 10136 10658 6774 22071
210 9914 10278 6619 21244
211 9700 10034 6364 20646
212 9341 9628 6232 19945
213 9150 9360 5995 19360
214 8833 9017 5855 18827
215 8472 8836 5567 18236
216 8342 8396 5465 17415
217 8188 8302 5366 16974
218 7723 7971 5098 16564
219 7574 7714 4943 15916
220 7262 7515 4848 15453
221 6840 7168 4651 14831
222 6730 6929 4404 14235
223 6547 6666 4294 13824
224 6404 6495 4182 13390
225 6193 6322 4132 13134
226 5969 6193 3892 12762
227 5794 6059 3834 12322
228 5537 5747 3631 11825
229 5287 5508 3497 11363
230 5171 5406 3337 11136
231 5054 5331 3249 10855
232 4779 5048 3105 10367
233 4666 4856 3094 10025
234 4489 4715 2878 9699
235 4361 4490 2872 9327
236 4246 4385 2760 9008
237 4146 4324 2728 8790
238 3932 4051 2649 8470
239 3944 3903 2478 7965
240 3686 3797 2448 7924
241 3520 3705 2365 7736
242 3514 3569 2325 7280
243 3363 3537 2192 7280
244 3320 3264 2241 6850
245 3135 3309 2058 6825
246 3031 3196 2042 6628
247 2958 3044 1954 6301
248 2977 3022 1893 6202
249 2975 3041 1863 6023
250 2807 2882 1814 5985
251 2657 2809 1738 5744
252 2580 2651 1689 5462
253 2576 2577 1548 5280
254 2430 2516 1509 5174
255 2229 2398 1520 4955
256 2195 2244 1464 4601
257 2084 2184 1392 4521
258 2155 2068 1296 4350
259 2046 2167 1281 4377
260 1982 2080 1248 4210
261 1954 1943 1226 3945
262 1823 1939 1198 3978
263 1794 1816 1140 3761
264 1719 1813 1158 3701
265 1661 1781 1082 3609
266 1719 1697 1079 3454
267 1575 1708 1057 3416
268 1540 1581 1025 3223
269 1527 1537 942 3175
270 1446 1519 945 3079
271 1343 1476 882 2953
272 1306 1367 862 2808
273 1260 1280 805 2676
274 1262 1277 791 2663
275 1251 1275 734 2589
276 1196 1236 739 2588
277 1140 1206 745 2430
278 1070 1162 728 2319
279 1027 1071 659 2250
280 1047 1033 666 2127
281 1032 1047 632 2137
282 988 994 684 1963
283 955 917 616 1964
284 919 947 580 2007
285 896 926 626 1820
286 889 892 520 1831
287 881 851 520 1760
288 824 847 506 1796
289 826 811 485 1647
290 764 764 465 1608
291 689 752 453 1536
292 655 693 419 1454
293 679 687 445 1427
294 623 670 395 1338
295 598 622 386 1325
296 633 623 396 1214
297 571 592 359 1252
298 586 551 362 1136
299 542 568 359 1172
300 564 553 313 1134
301 504 535 343 1081
302 498 511 305 1063
303 511 485 326 1030
304 469 530 270 1046
305 472 471 301 949
306 446 463 293 964
307 442 432 267 875
308 421 401 244 872
309 412 405 259 838
310 389 398 237 865
311 377 420 229 855
312 335 413 224 800
313 363 360 238 710
314 324 354 220 676
315 325 330 182 688
316 346 327 193 666
317 322 328 191 677
318 318 317 185 630
319 262 295 168 641
320 290 276 180 587
321 272 291 175 575
322 265 286 145 541
323 231 250 172 543
324 205 245 153 481
325 233 225 142 492
326 221 235 151 473
327 219 221 149 459
328 242 218 125 456
329 230 223 132 421
330 179 201 135 456
331 210 188 127 389
332 195 216 122 417
333 223 194 121 406
334 185 216 113 387
335 168 179 98 360
336 160 140 107 307
337 166 158 112 344
338 174 168 91 343
339 140 169 85 352
340 109 133 93 294
341 124 123 75 265
342 125 124 58 288
343 126 125 73 247
344 138 105 65 260
345 110 129 72 274
346 92 118 74 245
347 101 114 67 229
348 96 117 80 225
349 91 102 53 211
350 120 92 58 200
351 95 119 51 227
352 71 107 69 188
353 83 89 52 172
354 87 105 54 193
355 52 97 49 178
356 85 61 50 149
357 76 87 59 180
358 70 78 38 173
359 81 81 54 152
360 78 77 54 144
361 68 69 61 135
362 68 64 35 138
363 42 63 48 148
364 59 61 40 116
365 69 69 43 129
366 65 70 39 133
367 59 71 38 131
368 53 70 32 131
369 60 63 29 118
370 50 61 25 114
371 55 45 30 102
372 48 55 21 117
373 45 49 25 94
374 37 41 35 84
375 35 45 27 97
376 31 48 24 92
377 33 37 31 82
378 38 35 23 79
379 26 38 38 77
380 39 45 25 78
381 36 39 27 87
382 37 37 24 66
383 46 34 24 75
384 41 41 23 80
385 39 36 18 78
386 52 40 20 76
387 34 50 22 88
388 27 40 19 72
389 23 28 22 60
390 26 24 18 56
391 24 27 14 58
392 31 28 15 55
393 25 24 18 55
394 16 23 18 42
395 16 20 13 37
396 26 13 20 38
397 28 27 16 49
398 24 22 18 45
399 24 23 16 52
400 22 23 9 49
401 18 19 13 49
402 26 27 10 58
403 17 30 14 51
404 18 19 15 38
405 20 17 12 33
406 32 17 17 40
407 25 31 17 57
408 29 28 7 58
409 14 33 8 58
410 18 22 9 35
411 20 18 12 33
412 18 16 8 34
413 17 17 14 34
414 12 21 17 35
415 14 15 7 30
416 8 14 8 26
417 12 12 7 24
418 8 13 3 27
419 10 13 9 24
420 15 15 2 28
421 11 12 8 30
422 13 15 13 26
423 13 12 5 24
424 20 12 7 23
425 17 12 10 33
426 12 17 7 25
427 9 11 4 21
428 10 7 7 16
429 11 12 4 20
430 7 9 6 22
431 10 7 7 20
432 5 10 4 21
433 6 7 2 14
434 5 6 7 13
435 4 8 11 13
436 13 9 2 17
437 9 13 13 23
438 9 7 6 16
439 8 8 4 13
440 2 5 4 17
441 11 5 6 13
442 9 14 2 22
443 9 8 6 20
444 14 10 3 21
445 9 15 3 22
446 8 10 3 19
447 8 7 2 13
448 6 6 5 15
449 6 8 2 13
450 4 6 3 13
451 6 2 3 8
452 2 3 2 12
453 2 3 3 6
454 4 5 4 10
455 4 5 4 8
456 4 5 0 11
457 8 2 2 3
458 7 6 1 11
459 3 5 2 9
460 6 3 1 6
461 2 2 1 6
462 2 2 0 6
463 3 2 2 6
464 1 2 1 3
465 1 0 3 1
466 2 3 2 5
467 3 5 1 5
468 1 3 1 8
469 4 1 3 3
470 2 1 1 4
471 3 0 2 2
472 2 2 2 7
473 1 4 0 8
474 2 2 3 4
475 4 3 2 5
476 3 4 0 4
477 0 2 3 4
478 4 2 0 4
479 1 5 0 9
480 2 1 0 5
481 2 3 1 3
482 1 3 0 4
483 1 2 0 2
484 0 0 2 3
485 1 3 0 5
486 2 3 0 4
487 2 3 1 3
488 1 1 0 1
489 2 0 2 0
490 0 1 1 3
491 0 1 1 3
492 1 2 1 3
493 3 3 1 5
494 4 3 3 3
495 0 3 0 6
496 0 0 1 0
497 0 0 1 1
498 0 1 1 1
499 3 1 0 1
500 2 2 0 3
501 3 1 0 2
502 1 1 1 3
503 0 0 0 3
504 1 0 1 0
505 0 1 2 1
506 0 1 1 1
507 1 0 0 1
508 0 0 0 1
509 3 0 1 1
510 2 1 3 3
511 3 3 0 5
512 2 1 1 3
513 1 2 0 3
514 5 1 0 3
515 2 4 1 5
516 1 2 0 2
517 1 0 1 1
518 0 0 0 1
519 0 0 0 1
521 0 0 1 0
522 0 1 0 2
524 1 0 0 0
525 1 1 1 1
526 3 0 0 1
527 2 2 1 2
528 0 1 1 2
530 1 0 0 1
531 0 1 0 1
534 1 0 0 0
535 0 1 0 2
538 1 0 0 0
539 0 1 0 2
541 0 0 0 1
543 0 0 1 0
544 0 1 0 1
545 0 0 0 1
546 1 0 0 0
547 1 1 1 1
548 1 0 1 0
549 0 0 1 1
550 1 1 0 1
551 0 1 0 1
555 0 0 0 1
563 0 0 0 1
566 0 0 0 1
567 0 1 0 1
568 0 1 0 2
