1 562027 1396784 121885 0
2 437647 717592 136686 0
3 381329 410595 138404 175332
4 329245 327694 128696 161668
5 292019 274661 119308 150703
6 262879 239731 109271 138099
7 238695 215561 101518 127931
8 219505 195766 94132 118294
9 204684 180197 88377 109657
10 191575 168855 82961 101631
11 182028 158655 78080 95774
12 171942 150985 74132 90147
13 164121 143304 70455 85050
14 156760 137191 67329 80781
15 150836 131682 64590 77008
16 145900 127107 61945 73110
17 140309 123360 59649 70818
18 135526 119197 57291 67490
19 131627 114670 55263 64980
20 127826 111728 53323 62323
21 123886 108647 51417 60171
22 120646 105735 50023 58520
23 117928 103520 48440 56170
24 115512 100771 47018 54475
25 112186 98489 45346 52800
26 109567 95525 44623 51778
27 107051 94438 43368 50033
28 105033 92253 42071 48729
29 103342 90555 41198 47468
30 101046 89460 40299 46364
31 99578 87518 39536 45338
32 97675 86105 38775 44102
33 95488 84709 37641 43604
34 94026 82890 36910 42274
35 92185 81668 36400 41693
36 91165 80790 35279 40762
37 90068 79512 35051 39451
38 87966 78589 34422 38983
39 87398 77256 33811 38241
40 85551 76502 32956 37883
41 84444 75198 32175 37061
42 83228 73942 31714 36335
43 82436 72879 31342 35777
44 80833 72176 30743 35051
45 80025 71076 30285 34389
46 78901 70293 30050 33870
47 77929 69861 29223 33482
48 76752 68759 28969 32881
49 75949 67756 28977 32552
50 74788 67436 27987 31907
51 74459 66352 27774 31461
52 73374 65883 27350 30793
53 73183 65048 26824 30436
54 71992 64604 26501 30134
55 71038 63400 26193 29859
56 70719 62937 26169 29328
57 69302 62911 25877 28943
58 69223 61555 25109 28775
59 68322 61480 24981 28330
60 67758 60435 24853 27943
61 67611 60506 24347 27195
62 66454 59780 24233 27256
63 66525 58952 23551 26905
64 65913 58930 23834 26631
65 64503 58457 23321 26584
66 63320 57861 23059 25973
67 62503 56936 22725 25471
68 62536 56218 22411 25300
69 62062 55816 21982 24967
70 61931 55329 21853 24540
71 61362 54675 22188 24458
72 61183 54435 21635 24380
73 60321 54265 21399 23998
74 59924 53526 21043 24219
75 59260 52890 21404 23590
76 58280 52962 20418 23414
77 58104 51872 20427 23168
78 57966 51683 20377 22998
79 57090 51763 20308 22454
80 56691 51158 19990 22474
81 56474 51065 19813 22341
82 56126 50607 19625 22146
83 55750 50244 19364 21836
84 55021 49864 19322 21749
85 55088 49578 19046 21305
86 54795 49562 18899 21095
87 54070 49050 18757 21281
88 53316 48597 18676 20718
89 53042 47883 18328 20649
90 52252 47875 18220 20301
91 52044 46899 17692 20268
92 51977 46476 17985 20212
93 51339 46570 17822 19859
94 51019 45998 17858 19629
95 50986 46017 17209 19500
96 50308 45724 17444 19455
97 50268 45286 17099 19220
98 49822 45195 17050 19159
99 49454 44884 16914 18852
100 49189 44617 16751 18905
101 49226 44561 16551 18785
102 49293 44538 16714 18499
103 48598 44512 16486 18489
104 48054 43829 16359 18620
105 47746 43645 16088 18175
106 47686 43057 15903 18107
107 47169 42907 15960 17895
108 46953 42047 15691 17997
109 46700 42202 15757 17763
110 46434 42005 15681 17582
111 45600 41896 15608 17487
112 45667 40841 15353 17131
113 45451 40850 15358 17287
114 45271 40894 15459 17062
115 45269 41050 15082 16952
116 45292 40819 14974 16878
117 44930 40783 14994 16825
118 44214 40394 14831 16897
119 44427 39931 14806 16502
120 43853 39996 14477 16420
121 43381 39592 14413 16326
122 42927 39141 14253 15874
123 42748 38556 14402 16144
124 42870 38615 14277 15796
125 42777 38583 14168 15696
126 42577 38470 14253 15930
127 42245 38750 13969 15688
128 42332 38436 13680 15730
129 41514 38359 13979 15574
130 41341 37844 13728 15411
131 41044 37596 13547 15174
132 41096 37265 13558 15185
133 40623 36954 13535 15018
134 40431 36904 13342 14854
135 40162 36701 13330 14876
136 39965 36414 13060 14969
137 39729 36136 13033 14854
138 39410 35881 12861 14811
139 39283 35511 12875 14596
140 39333 35411 13020 14568
141 39082 35589 13016 14455
142 38783 35341 12736 14369
143 38650 34963 12665 14348
144 38483 35034 12978 14331
145 38317 35043 12368 13867
146 38597 34866 12306 13910
147 38192 34560 12450 14042
148 37935 34495 12372 13970
149 37441 34631 12243 13696
150 37127 34146 12236 13477
151 37340 33905 11952 13446
152 37549 33998 12051 13515
153 37727 33931 12213 13397
154 37401 33998 12041 13740
155 37221 33846 11958 13489
156 36766 33716 11897 13404
157 36903 33512 11924 13483
158 36461 33500 11812 13189
159 36463 33070 11551 13418
160 36272 33171 11615 13108
161 35692 32769 11510 12886
162 35788 32371 11197 12807
163 35524 32432 11262 12809
164 35559 32169 11440 12682
165 35215 32202 11103 12685
166 35154 31739 11220 12629
167 35160 31824 11177 12409
168 35018 31622 11161 12602
169 34683 31954 11214 12508
170 34713 31613 11137 12422
171 34663 31535 11180 12315
172 34010 31545 11072 12298
173 34202 31186 10828 12285
174 34307 31185 10828 12096
175 34179 30901 11010 12322
176 33906 31044 10948 12191
177 34032 30991 10807 12165
178 33905 30898 10833 12187
179 33479 31032 10576 12126
180 33218 30482 10474 11966
181 33267 30196 10530 11948
182 33225 30196 10430 11690
183 32748 30224 10266 11774
184 32565 29748 10318 11655
185 32503 29743 10329 11718
186 32604 29622 10307 11336
187 32317 29745 10297 11610
188 32507 29642 10180 11408
189 32054 29701 9959 11434
190 31893 29168 10069 11182
191 31444 29063 9814 11491
192 31388 28733 9875 11162
193 31115 28517 9878 11229
194 30901 28351 9725 11175
195 30917 28185 9580 10918
196 30755 28115 9612 11012
197 30559 27878 9557 10926
198 30281 27776 9443 10920
199 30251 27527 9433 10605
200 30424 27354 9568 10863
201 30407 27621 9344 10584
202 30055 27663 9565 10522
203 29928 27501 9502 10662
204 30239 27254 9440 10627
205 29980 27681 9404 10680
206 29976 27423 9155 10436
207 29674 27178 9411 10611
208 29364 27053 9161 10369
209 29035 26498 9186 10441
210 29129 26551 9092 10454
211 29177 26574 8964 10204
212 29137 26432 9090 10240
213 28951 26412 9019 10236
214 28547 26249 8895 10308
215 28623 25806 8946 9971
216 28415 25886 8932 10079
217 28506 25976 8731 9846
218 28275 25822 8811 9879
219 28555 25819 8641 9670
220 28294 25760 8667 9982
221 28037 25602 8789 9901
222 27953 25615 8654 9802
223 28052 25555 8643 9801
224 28097 25581 8506 9867
225 28083 25548 8652 9993
226 27636 25850 8381 9722
227 27474 25179 8507 9457
228 27292 24874 8503 9668
229 27461 24878 8595 9665
230 27606 25171 8527 9713
231 27683 25397 8501 9358
232 27479 25171 8515 9590
233 27326 25200 8384 9450
234 26775 24944 8397 9436
235 26935 24499 8063 9482
236 26893 24626 8183 9349
237 26496 24556 8147 9314
238 26482 24157 8276 9267
239 26445 24306 8008 9154
240 26465 24253 8021 9149
241 26353 24100 8148 9075
242 26189 24071 7930 9072
243 26243 23764 7738 9024
244 26060 23602 8105 9057
245 25804 23715 7980 8948
246 26002 23661 7817 8834
247 25775 23580 7648 8969
248 25681 23216 7891 8946
249 25567 23367 7766 8805
250 25696 23058 7842 8848
251 26023 23257 7759 8889
252 26072 23548 7779 8752
253 25617 23575 7753 9068
254 25227 23465 7514 8821
255 25021 22899 7659 8728
256 24905 22710 7636 8695
257 25058 22733 7692 8514
258 24991 22942 7530 8583
259 25077 22636 7545 8541
260 24895 22808 7580 8700
261 24902 22735 7601 8625
262 24902 22750 7484 8464
263 24916 22757 7429 8563
264 24788 22749 7439 8446
265 24521 22458 7576 8445
266 24114 22361 7392 8481
267 24200 22112 7252 8399
268 24345 22123 7266 8285
269 24710 22136 7276 8244
270 24287 22482 7330 8416
271 24144 22117 7136 8299
272 23885 21863 7290 8216
273 23913 21568 7083 8226
274 23832 21682 7136 8124
275 23972 21706 7157 8131
276 23777 21947 7022 8160
277 23502 21841 7104 8114
278 23423 21725 7143 8184
279 23109 21712 7033 7856
280 22798 21258 6954 7909
281 22954 20893 6910 7852
282 23112 21034 6913 7946
283 22838 21273 6853 7858
284 22888 20812 6782 7903
285 22841 20983 6642 7763
286 22558 20804 6821 7648
287 22519 20546 6702 7828
288 22578 20768 6564 7654
289 22344 20590 6607 7734
290 22291 20379 6681 7683
291 22225 20328 6710 7537
292 22216 20320 6751 7413
293 22042 20174 6681 7567
294 22121 20148 6680 7537
295 22319 20287 6613 7595
296 22131 20455 6553 7564
297 21913 20113 6680 7506
298 22122 19980 6465 7441
299 22099 20104 6555 7385
300 21927 19831 6660 7365
301 21891 19901 6313 7474
302 21957 19945 6471 7496
303 21553 20025 6336 7375
304 21519 19715 6309 7303
305 21398 19670 6446 7186
306 21256 19489 6345 7285
307 21204 19397 6192 7403
308 21340 19275 6274 7204
309 20958 19463 6315 7258
310 20755 19348 6254 7212
311 20998 19208 6202 6938
312 20916 19193 6087 7086
313 21140 18948 6211 7019
314 21010 19184 6262 7046
315 20739 19057 6220 6831
316 20812 18968 6147 7125
317 20620 19012 6216 6898
318 20681 18699 6054 7014
319 20500 18917 6156 7115
320 20775 18805 5981 6925
321 20682 18856 5977 6856
322 20531 18583 6088 6843
323 20436 18519 5969 6968
324 20004 18565 5927 6939
325 20083 18347 5835 6708
326 20294 18314 5923 6638
327 20115 18383 5918 6931
328 20047 18474 5944 6752
329 19955 18507 5770 6606
330 19656 18329 5840 6705
331 19644 17922 5775 6596
332 19474 17963 5875 6668
333 19222 17829 5799 6604
334 19425 17554 5721 6648
335 19451 17882 5712 6575
336 19586 17794 5863 6491
337 19576 17690 5879 6515
338 19464 17974 5667 6568
339 19327 17817 5721 6571
340 19426 17625 5685 6405
341 19273 17774 5708 6456
342 19184 17563 5682 6476
343 18915 17587 5631 6600
344 18816 17499 5558 6377
345 18843 17335 5537 6361
346 18754 17205 5612 6370
347 18578 17270 5417 6436
348 18645 17086 5564 6367
349 18757 17202 5429 6132
350 18659 17000 5545 6231
351 18608 17092 5476 6095
352 18407 16983 5464 6138
353 18513 16717 5503 6360
354 18583 17094 5513 6092
355 18390 17043 5231 6162
356 18169 16769 5380 6265
357 18386 16563 5342 6170
358 18289 16721 5274 6191
359 18263 16781 5407 6110
360 17979 16912 5342 6186
361 18259 16754 5256 6078
362 18272 16806 5368 6147
363 18187 16764 5267 5997
364 18253 16453 5145 6012
365 18225 16443 5209 6095
366 17616 16487 5350 6149
367 18019 16179 5225 5940
368 17740 16597 5306 5804
369 17559 16261 5060 5992
370 17703 15943 5096 5828
371 17763 15911 5137 6012
372 17565 16099 5209 5940
373 17746 15998 5072 5936
374 17311 16301 5098 5876
375 17468 15928 5029 5913
376 17314 16028 5068 5931
377 17350 15820 5006 5899
378 17347 16029 5064 5652
379 17259 15836 5109 5830
380 17334 16011 4946 5772
381 17169 15941 4925 5725
382 17002 15660 4984 5782
383 16960 15598 4825 5618
384 16748 15342 4832 5817
385 16928 15308 4770 5631
386 16669 15224 4867 5728
387 16916 15130 4821 5582
388 16847 15290 4933 5662
389 16690 15246 4804 5575
390 16908 15296 4880 5578
391 16958 15441 4826 5487
392 16918 15424 4802 5709
393 16690 15416 4823 5539
394 16604 15378 4792 5455
395 16550 15278 4797 5544
396 16207 15122 4718 5423
397 16397 14862 4648 5483
398 16331 14991 4832 5408
399 16242 14897 4736 5369
400 15938 14985 4663 5461
401 15946 14822 4587 5286
402 15955 14634 4543 5398
403 15937 14652 4599 5354
404 15897 14574 4673 5339
405 15742 14474 4712 5259
406 15926 14449 4591 5283
407 15926 14616 4576 5239
408 15781 14482 4591 5268
409 15892 14555 4549 5234
410 15926 14610 4493 5155
411 15801 14583 4555 5176
412 15977 14490 4428 5069
413 15794 14543 4572 5192
414 15818 14434 4586 5051
415 15742 14444 4544 5247
416 15474 14368 4433 5171
417 15611 14166 4352 5075
418 15490 14034 4390 5062
419 15350 13825 4452 5233
420 15171 14003 4367 5020
421 15470 13842 4396 5101
422 15406 14117 4456 5076
423 15146 14101 4456 5070
424 15131 13943 4368 5026
425 15193 14019 4341 4910
426 15027 13856 4293 5061
427 14869 13708 4321 4984
428 15098 13738 4220 4914
429 14993 13761 4347 4946
430 14768 13637 4234 4990
431 14696 13534 4197 4855
432 14593 13373 4233 4903
433 14549 13325 4107 4935
434 14540 13225 4150 4899
435 14694 13232 4194 5043
436 14962 13530 4225 4740
437 14641 13622 4148 4839
438 14646 13372 4230 4820
439 14395 13468 4153 4863
440 14378 13129 4132 4829
441 14354 13193 3999 4699
442 14174 13171 4142 4779
443 14021 13042 4106 4738
444 14074 13008 3988 4635
445 14093 13032 4040 4604
446 14032 12932 3947 4625
447 14207 12667 4027 4729
448 13935 12906 3962 4672
449 14040 12678 3994 4560
450 14114 12709 4018 4662
451 14040 12985 3938 4580
452 13844 12821 3974 4654
453 13991 12742 3900 4545
454 13983 12784 3965 4431
455 13842 12660 4010 4595
456 13929 12629 4014 4507
457 13740 12787 3906 4565
458 13667 12661 3839 4509
459 13766 12646 3950 4601
460 13666 12767 3919 4491
461 13680 12525 3925 4450
462 13430 12573 3815 4527
463 13455 12305 3933 4453
464 13714 12330 3796 4474
465 13709 12651 3796 4391
466 13512 12313 3863 4462
467 13336 12255 3785 4578
468 13239 12333 3799 4378
469 13179 12263 3790 4344
470 13549 12180 3833 4230
471 13486 12275 3911 4406
472 13299 12379 3800 4427
473 13268 12244 3830 4373
474 13279 12236 3762 4269
475 13388 12151 3695 4322
476 13291 12103 3759 4404
477 13332 12007 3782 4431
478 13245 12170 3805 4445
479 13004 12170 3753 4361
480 13057 11979 3646 4207
481 13199 11913 3653 4413
482 12979 12158 3690 4374
483 12886 11910 3561 4261
484 12887 11765 3656 4267
485 13036 11687 3595 4184
486 13000 11809 3778 4249
487 12967 12041 3614 4234
488 12950 11863 3630 4227
489 12791 11807 3678 4217
490 12753 11645 3671 4168
491 12836 11607 3687 4203
492 12492 11752 3565 4204
493 12502 11460 3529 4210
494 12635 11557 3666 4018
495 12801 11447 3617 4172
496 12706 11733 3565 4167
497 12723 11708 3567 4090
498 12869 11646 3507 4227
499 12647 11835 3596 4078
500 12442 11643 3685 4107
501 12430 11507 3519 4101
502 12533 11480 3460 4063
503 12812 11466 3549 4158
504 12745 11679 3468 3949
505 12643 11662 3478 4150
506 12580 11622 3470 3950
507 12348 11443 3611 4050
508 12240 11432 3432 4082
509 12205 11379 3416 4046
510 11928 11249 3455 3964
511 12306 11010 3518 3955
512 12011 11305 3540 3940
513 12137 11138 3361 3853
514 12188 11077 3339 3949
515 12093 11037 3424 3912
516 11943 10943 3470 3926
517 12024 10971 3402 3875
518 11983 10969 3383 3946
519 11961 10994 3308 3915
520 12102 10867 3372 3890
521 12097 11084 3321 3817
522 11989 11139 3301 3982
523 11966 10956 3341 3860
524 11698 11017 3207 3932
525 11654 10712 3252 3647
526 11872 10540 3240 3770
527 11894 10583 3274 3885
528 11831 10879 3325 3886
529 11832 10812 3326 3762
530 11587 10714 3303 3807
531 11662 10566 3223 3810
532 11791 10639 3214 3669
533 11794 10690 3177 3727
534 11535 10558 3304 3848
535 11425 10546 3290 3656
536 11350 10474 3195 3785
537 11246 10390 3143 3717
538 11428 10249 3129 3689
539 11217 10429 3212 3775
540 11358 10373 3134 3570
541 11370 10365 3078 3711
542 11398 10405 3221 3673
543 11290 10493 3163 3605
544 11110 10327 3123 3685
545 11202 10282 3102 3541
546 11196 10307 3057 3762
547 11134 10281 3067 3711
548 11244 10256 3147 3634
549 11103 10431 3144 3601
550 10689 10263 3065 3539
551 10911 9905 3037 3615
552 10788 10109 3028 3455
553 10856 9800 3005 3636
554 10792 9955 2954 3573
555 10603 9996 2989 3565
556 10560 9818 2951 3560
557 10732 9878 2941 3498
558 10637 9906 2966 3502
559 10482 9750 2992 3521
560 10580 9648 2919 3468
561 10518 9678 3015 3409
562 10439 9619 2905 3544
563 10441 9613 2943 3482
564 10411 9696 2983 3455
565 10480 9675 2943 3452
566 10508 9591 2796 3426
567 10557 9629 2939 3392
568 10459 9662 2865 3458
569 10218 9704 2819 3379
570 10249 9389 2884 3413
571 10167 9475 2886 3263
572 10378 9291 2821 3311
573 10308 9537 2872 3335
574 10242 9399 2856 3280
575 10388 9342 2907 3419
576 10267 9584 2919 3332
577 10119 9430 2839 3378
578 10043 9314 2829 3375
579 10139 9269 2838 3357
580 10153 9419 2861 3257
581 10342 9274 2790 3340
582 10210 9515 2817 3285
583 10154 9316 2823 3258
584 10175 9358 2757 3291
585 10169 9326 2839 3174
586 9956 9315 2779 3319
587 9871 9121 2837 3386
588 9844 9190 2633 3196
589 9855 9039 2783 3263
590 9976 9008 2751 3192
591 10098 9120 2831 3138
592 10033 9177 2729 3247
593 10115 9074 2762 3230
594 9987 9107 2755 3129
595 9878 9041 2799 3193
596 9681 9032 2743 3266
597 9761 9020 2725 3244
598 9854 9142 2674 3045
599 10001 9144 2609 3134
600 9993 9122 2764 3176
601 9916 9055 2792 3231
602 9700 9168 2656 3228
603 9668 9092 2661 3040
604 9457 8851 2695 3130
605 9478 8717 2594 3110
606 9496 8678 2582 3146
607 9527 8704 2626 3120
608 9519 8820 2657 3033
609 9335 8737 2545 3156
610 9332 8627 2544 3028
611 9444 8620 2643 2965
612 9141 8741 2518 3055
613 9241 8455 2555 3095
614 9098 8572 2529 3051
615 9143 8456 2505 3002
616 9110 8448 2532 2994
617 9166 8378 2534 2990
618 9228 8556 2524 2932
619 9052 8544 2501 2951
620 9265 8295 2442 2994
621 9231 8527 2493 3019
622 9265 8396 2539 2983
623 9238 8382 2471 2935
624 8904 8359 2526 3037
625 8802 8152 2467 3023
626 8736 8004 2575 2877
627 8998 7971 2528 2913
628 9021 8254 2458 2846
629 9053 8247 2496 3048
630 8894 8420 2495 2866
631 8832 8282 2416 2909
632 9134 8187 2573 2810
633 9081 8417 2490 2901
634 8954 8363 2500 2891
635 9041 8200 2448 2883
636 8847 8333 2439 2948
637 8927 8217 2405 2800
638 8958 8201 2515 2849
639 8832 8242 2419 2766
640 8876 8132 2372 2865
641 8765 8159 2408 2819
642 8647 8102 2436 2708
643 8833 7943 2407 2752
644 8649 8033 2414 2830
645 8712 7855 2319 2840
646 8835 7848 2435 2798
647 8636 8054 2294 2811
648 8539 7928 2419 2745
649 8566 7802 2365 2793
650 8328 7855 2413 2747
651 8467 7644 2319 2759
652 8737 7733 2241 2654
653 8672 7940 2369 2760
654 8584 7977 2359 2646
655 8532 7869 2261 2723
656 8611 7752 2300 2756
657 8422 7817 2360 2759
658 8369 7721 2304 2787
659 8380 7704 2363 2735
660 8415 7781 2252 2775
661 8269 7796 2278 2772
662 8505 7644 2250 2641
663 8442 7816 2238 2677
664 8353 7695 2325 2655
665 8306 7607 2250 2723
666 8217 7594 2273 2721
667 8364 7502 2372 2698
668 8429 7768 2320 2727
669 8490 7775 2242 2674
670 8446 7761 2251 2706
671 8249 7746 2287 2708
672 8267 7609 2262 2688
673 8421 7515 2308 2696
674 8264 7650 2185 2698
675 8245 7579 2209 2732
676 8057 7567 2212 2592
677 8134 7525 2191 2648
678 8055 7560 2131 2561
679 8088 7330 2125 2621
680 7965 7279 2211 2745
681 7957 7323 2150 2545
682 8065 7212 2170 2582
683 7895 7368 2166 2587
684 7930 7243 2243 2516
685 7952 7387 2195 2592
686 7864 7418 2218 2586
687 7745 7353 2085 2579
688 7797 7275 2098 2631
689 8028 7287 2106 2590
690 8039 7320 2195 2596
691 7961 7415 2165 2499
692 7907 7295 2092 2545
693 7800 7247 2146 2595
694 7661 7265 2171 2466
695 7687 7099 2182 2384
696 7665 7100 2124 2608
697 7663 7098 2016 2554
698 7663 6998 2098 2489
699 7621 6999 2113 2421
700 7774 6909 2078 2469
701 7843 7008 2172 2448
702 7866 7073 2150 2482
703 7775 7143 2065 2453
704 7673 7029 2122 2494
705 7508 7118 2089 2426
706 7609 7011 1979 2378
707 7681 6951 2069 2458
708 7532 6991 2156 2424
709 7534 6860 2066 2430
710 7529 6906 2137 2392
711 7479 6920 2130 2409
712 7427 6835 2074 2446
713 7640 6926 1990 2437
714 7602 7039 2061 2407
715 7651 7047 2000 2351
716 7541 7039 2052 2427
717 7386 6916 2049 2338
718 7456 6788 1981 2275
719 7438 6747 1993 2408
720 7338 6724 2092 2369
721 7490 6807 2034 2396
722 7458 6936 2040 2366
723 7396 6836 1964 2375
724 7280 6782 1975 2395
725 7247 6727 1947 2410
726 7168 6676 1976 2370
727 7110 6617 1996 2342
728 7213 6630 1980 2242
729 7379 6726 1936 2304
730 7178 6797 1947 2354
731 7129 6596 1883 2349
732 6977 6594 1922 2298
733 7008 6397 1921 2263
734 7060 6433 1933 2159
735 7205 6455 1918 2257
736 7148 6551 1905 2244
737 7253 6474 1847 2252
738 6912 6526 1940 2315
739 6972 6428 1932 2203
740 7022 6390 1920 2162
741 6883 6518 1916 2252
742 6912 6359 1793 2129
743 6907 6292 1911 2249
744 6884 6348 1909 2174
745 7031 6401 1897 2157
746 7096 6531 1919 2261
747 7025 6581 1922 2245
748 6945 6490 1902 2207
749 6994 6423 1883 2246
750 7093 6456 1797 2221
751 7046 6462 1877 2080
752 6948 6398 1896 2314
753 6983 6466 1881 2135
754 6923 6370 1927 2177
755 6960 6291 1875 2237
756 6756 6457 1900 2136
757 6775 6170 1887 2251
758 6701 6354 1859 2129
759 6624 6240 1922 2188
760 6602 6226 1898 2112
761 6700 6244 1762 2134
762 6646 6124 1775 2079
763 6657 6006 1770 2195
764 6741 6113 1757 2184
765 6741 6246 1713 2188
766 6581 6174 1771 2064
767 6517 6008 1755 2078
768 6577 5929 1726 2154
769 6547 6016 1790 2086
770 6530 6097 1764 2076
771 6505 6051 1750 2137
772 6397 5993 1744 2024
773 6441 5856 1717 2065
774 6561 5909 1778 2075
775 6541 5971 1723 2049
776 6534 5896 1717 2045
777 6493 5930 1749 2148
778 6327 6006 1733 2055
779 6466 5882 1613 2097
780 6598 5972 1766 2040
781 6576 6074 1659 2070
782 6305 6032 1755 2063
783 6339 5844 1698 1997
784 6333 5886 1661 1979
785 6347 5860 1681 1958
786 6296 5801 1720 2033
787 6279 5807 1652 1996
788 6192 5773 1669 2042
789 6052 5732 1693 2005
790 6181 5569 1702 1986
791 6140 5632 1601 2024
792 6089 5563 1717 2075
793 6207 5671 1655 1994
794 6076 5693 1671 2064
795 6083 5628 1648 1985
796 6228 5608 1611 1936
797 6056 5717 1656 2007
798 6032 5762 1523 1915
799 6027 5566 1629 1923
800 6084 5506 1636 1935
801 6174 5591 1574 1969
802 6004 5645 1629 1964
803 5975 5459 1605 1907
804 5853 5469 1615 1900
805 6008 5332 1582 1933
806 6008 5512 1637 1850
807 6020 5523 1574 1924
808 6104 5536 1608 1888
809 5974 5608 1579 1917
810 5966 5471 1555 1873
811 5835 5430 1575 1887
812 5806 5385 1568 1889
813 5753 5375 1532 1866
814 5726 5330 1552 1857
815 5655 5263 1544 1853
816 5871 5219 1571 1836
817 5762 5452 1569 1851
818 5719 5323 1568 1801
819 5757 5276 1511 1794
820 5719 5226 1537 1763
821 5721 5225 1523 1860
822 5749 5226 1555 1829
823 5920 5221 1600 1763
824 5839 5462 1643 1761
825 5953 5342 1490 1818
826 5679 5497 1544 1814
827 5740 5226 1594 1868
828 5590 5337 1546 1794
829 5671 5179 1545 1737
830 5736 5210 1527 1814
831 5676 5283 1493 1830
832 5555 5212 1573 1823
833 5557 5155 1554 1837
834 5655 5165 1484 1760
835 5762 5133 1512 1876
836 5608 5232 1455 1834
837 5648 5090 1491 1797
838 5685 5180 1457 1764
839 5648 5190 1494 1776
840 5444 5186 1430 1786
841 5441 5022 1475 1772
842 5463 4994 1421 1707
843 5427 4864 1478 1728
844 5493 4949 1508 1754
845 5436 5098 1516 1754
846 5427 5074 1405 1738
847 5401 5015 1466 1738
848 5337 4965 1472 1790
849 5309 4994 1451 1669
850 5384 4926 1401 1710
851 5470 4958 1378 1705
852 5385 4984 1457 1761
853 5258 4959 1430 1695
854 5347 4883 1453 1670
855 5303 4917 1450 1681
856 5245 4894 1470 1692
857 5152 4843 1379 1680
858 5265 4699 1467 1649
859 5213 4809 1512 1660
860 5173 4829 1436 1722
861 5263 4794 1403 1693
862 5300 4928 1413 1717
863 5376 4859 1387 1671
864 5411 4882 1463 1684
865 5288 4948 1430 1704
866 5250 4881 1375 1675
867 5148 4776 1457 1669
868 5027 4756 1420 1665
869 5150 4713 1420 1640
870 5186 4763 1397 1630
871 5165 4786 1433 1606
872 5246 4683 1399 1669
873 5138 4805 1465 1703
874 5020 4774 1396 1586
875 5097 4622 1377 1706
876 5152 4760 1358 1635
877 5133 4801 1321 1561
878 5160 4678 1346 1676
879 5256 4714 1404 1610
880 5204 4815 1379 1661
881 5214 4786 1377 1562
882 5143 4721 1486 1692
883 5133 4791 1398 1575
884 5088 4816 1351 1626
885 5098 4708 1364 1602
886 4975 4690 1337 1616
887 5022 4585 1317 1653
888 4922 4710 1338 1563
889 4936 4557 1357 1516
890 4900 4613 1324 1612
891 5074 4580 1278 1549
892 5024 4618 1327 1588
893 5043 4623 1377 1498
894 4984 4675 1296 1582
895 5044 4554 1277 1581
896 4992 4602 1323 1592
897 5046 4631 1354 1585
898 5024 4668 1318 1550
899 4860 4683 1286 1518
900 4712 4490 1298 1547
901 4733 4411 1230 1517
902 4700 4389 1285 1552
903 4848 4337 1229 1486
904 4790 4425 1322 1526
905 4595 4382 1271 1442
906 4703 4189 1262 1485
907 4730 4302 1264 1525
908 4887 4377 1260 1505
909 4797 4428 1252 1508
910 4904 4355 1237 1489
911 4894 4481 1241 1521
912 4852 4497 1299 1474
913 4767 4478 1333 1488
914 4747 4420 1248 1494
915 4608 4349 1269 1526
916 4688 4257 1218 1526
917 4687 4392 1273 1518
918 4739 4369 1243 1433
919 4702 4352 1263 1572
920 4588 4366 1164 1485
921 4543 4227 1219 1425
922 4460 4114 1172 1460
923 4430 4039 1220 1447
924 4470 4084 1260 1422
925 4493 4114 1222 1457
926 4532 4172 1215 1499
927 4420 4204 1224 1388
928 4513 4112 1198 1425
929 4511 4187 1178 1400
930 4462 4083 1239 1418
931 4466 4127 1248 1451
932 4423 4236 1156 1419
933 4187 4124 1165 1416
934 4197 3962 1150 1415
935 4300 4016 1112 1399
936 4301 4036 1137 1416
937 4154 4011 1176 1386
938 4294 3880 1203 1320
939 4327 4070 1117 1393
940 4454 4057 1205 1381
941 4519 4171 1175 1475
942 4461 4247 1225 1373
943 4357 4140 1129 1415
944 4317 4017 1167 1402
945 4435 3987 1164 1335
946 4404 4073 1146 1451
947 4348 4106 1150 1382
948 4384 3896 1115 1372
949 4358 3939 1165 1414
950 4301 3936 1203 1350
951 4306 3943 1088 1483
952 4319 4005 1160 1329
953 4173 4014 1128 1385
954 4199 3911 1126 1311
955 4288 3901 1143 1356
956 4250 4049 1162 1359
957 4311 3946 1134 1333
958 4219 3917 1098 1389
959 4170 3919 1092 1334
960 4190 3820 1120 1282
961 4176 3806 1082 1313
962 4198 3766 1120 1272
963 4094 3857 1093 1377
964 4021 3815 1058 1360
965 4074 3790 1095 1256
966 4154 3710 1113 1306
967 4088 3818 1133 1289
968 3968 3800 1089 1312
969 3986 3727 1042 1321
970 3933 3764 1135 1251
971 4043 3662 1120 1303
972 4205 3813 1112 1190
973 4138 3881 1107 1223
974 4105 3713 1085 1305
975 4075 3718 1082 1331
976 3990 3755 1109 1240
977 3955 3772 1109 1232
978 4078 3705 1050 1229
979 4034 3715 1090 1240
980 4081 3625 1143 1308
981 4083 3692 1060 1285
982 4174 3634 1144 1296
983 4066 3728 1103 1289
984 4043 3757 1081 1306
985 4165 3660 1075 1310
986 4303 3737 1083 1317
987 4126 3850 1042 1336
988 4195 3692 1060 1335
989 4142 3738 1097 1311
990 4142 3735 1126 1289
991 4030 3751 1090 1274
992 4077 3640 1016 1298
993 4079 3681 1069 1312
994 4076 3758 1015 1309
995 4055 3748 1068 1280
996 4025 3657 1080 1256
997 3999 3685 1083 1263
998 3981 3634 1076 1271
999 3970 3652 1016 1251
1000 3870 3582 1083 1268
1001 3777 3558 1022 1311
1002 3914 3562 1032 1206
1003 3984 3560 1035 1261
1004 3825 3625 994 1290
1005 3817 3477 1006 1210
1006 3928 3466 992 1172
1007 3993 3503 996 1256
1008 3751 3597 1016 1229
1009 3825 3431 957 1222
1010 3738 3474 1012 1216
1011 3707 3475 1041 1192
1012 3704 3499 1024 1222
1013 3761 3493 943 1187
1014 3782 3488 984 1196
1015 3736 3528 988 1206
1016 3650 3482 988 1217
1017 3676 3401 926 1199
1018 3658 3319 1031 1193
1019 3635 3404 921 1230
1020 3695 3406 971 1159
1021 3676 3427 1000 1147
1022 3784 3377 916 1191
1023 3815 3381 1066 1155
1024 3838 3436 1000 1173
1025 3719 3490 1018 1218
1026 3755 3417 950 1184
1027 3627 3419 983 1169
1028 3769 3347 894 1179
1029 3808 3466 1030 1172
1030 3663 3522 999 1188
1031 3653 3414 918 1107
1032 3725 3317 966 1144
1033 3727 3379 914 1116
1034 3606 3305 960 1162
1035 3631 3320 917 1114
1036 3749 3317 948 1173
1037 3633 3495 938 1175
1038 3756 3390 902 1098
1039 3668 3390 997 1166
1040 3621 3380 938 1109
1041 3613 3306 927 1126
1042 3553 3288 959 1143
1043 3557 3240 951 1130
1044 3502 3294 955 1113
1045 3420 3247 920 1124
1046 3534 3168 909 1099
1047 3287 3301 974 1070
1048 3331 3072 918 1043
1049 3327 3100 887 1076
1050 3342 3126 887 1104
1051 3435 3083 904 1099
1052 3418 3155 913 1090
1053 3471 3120 915 1113
1054 3462 3235 998 1096
1055 3570 3277 900 1060
1056 3542 3322 909 1079
1057 3578 3299 921 1075
1058 3481 3305 936 1072
1059 3473 3182 934 1097
1060 3331 3202 880 1133
1061 3392 3074 884 1073
1062 3480 3074 894 1055
1063 3366 3118 898 1062
1064 3352 3039 920 1106
1065 3369 3144 921 1022
1066 3343 3099 862 1058
1067 3374 3093 904 1110
1068 3325 3134 893 1027
1069 3318 3086 830 1066
1070 3351 3060 903 1030
1071 3413 3071 860 1030
1072 3385 3084 913 1054
1073 3388 3132 891 1074
1074 3444 3132 867 974
1075 3354 3117 883 1080
1076 3197 2989 914 1075
1077 3096 2931 860 998
1078 3170 2847 850 1015
1079 3306 2979 876 1001
1080 3313 3048 852 1016
1081 3151 3006 913 1081
1082 3223 2895 805 1011
1083 3352 2928 870 1066
1084 3405 3075 866 1037
1085 3313 3073 895 1110
1086 3282 3071 841 1064
1087 3241 3065 871 975
1088 3249 2945 814 969
1089 3244 2879 823 1005
1090 3167 2830 896 1035
1091 3144 2857 828 992
1092 3108 2824 812 1014
1093 3237 2770 829 960
1094 3205 2892 834 1005
1095 3207 2850 859 994
1096 3227 2912 795 997
1097 3234 2884 867 1009
1098 3224 2914 805 1005
1099 3127 2928 826 989
1100 3151 2866 853 991
1101 3171 2873 815 1013
1102 3142 2944 801 1035
1103 3110 2911 777 945
1104 3176 2841 873 950
1105 3115 2934 811 1017
1106 3162 2854 841 997
1107 3156 2927 802 1042
1108 3054 2946 808 1042
1109 3077 2928 794 993
1110 3059 2934 776 949
1111 3094 2884 784 974
1112 3140 2818 796 926
1113 3070 2786 859 959
1114 2990 2772 762 1037
1115 3079 2731 799 990
1116 3024 2859 793 958
1117 2898 2705 826 928
1118 3035 2632 769 923
1119 2975 2744 776 964
1120 2962 2721 829 872
1121 2957 2693 791 935
1122 2931 2732 827 920
1123 2918 2679 812 905
1124 2877 2648 802 927
1125 2869 2652 745 930
1126 2900 2589 792 929
1127 2891 2663 756 931
1128 2848 2645 778 952
1129 2938 2555 715 956
1130 3023 2685 726 927
1131 2929 2712 761 948
1132 2818 2651 782 953
1133 2748 2601 744 905
1134 2939 2485 764 854
1135 2931 2645 811 880
1136 2882 2635 768 893
1137 2867 2590 770 949
1138 2854 2654 814 864
1139 2943 2603 766 897
1140 2971 2671 744 910
1141 2889 2656 752 946
1142 2859 2616 773 942
1143 2791 2623 760 912
1144 2779 2640 706 887
1145 2837 2603 741 827
1146 3018 2591 760 853
1147 2920 2743 735 917
1148 2857 2659 841 887
1149 2784 2675 786 884
1150 2848 2603 757 876
1151 2803 2643 708 861
1152 2775 2546 804 917
1153 2714 2537 751 883
1154 2754 2538 710 870
1155 2952 2578 737 879
1156 2973 2704 733 864
1157 2862 2656 765 924
1158 2822 2606 713 909
1159 2736 2589 749 867
1160 2748 2477 715 871
1161 2723 2493 696 905
1162 2743 2501 720 868
1163 2725 2519 680 846
1164 2715 2493 737 837
1165 2686 2439 750 833
1166 2741 2482 684 870
1167 2634 2516 678 863
1168 2695 2348 732 808
1169 2641 2467 695 924
1170 2686 2472 707 801
1171 2763 2500 724 863
1172 2699 2588 694 840
1173 2697 2442 680 868
1174 2724 2430 663 860
1175 2731 2470 678 844
1176 2644 2441 680 809
1177 2625 2339 686 839
1178 2662 2349 712 853
1179 2619 2464 656 835
1180 2625 2385 672 854
1181 2583 2378 710 849
1182 2544 2357 673 849
1183 2639 2364 654 835
1184 2628 2427 680 827
1185 2549 2416 695 812
1186 2569 2344 657 831
1187 2645 2289 698 865
1188 2663 2431 681 843
1189 2672 2469 658 846
1190 2551 2460 675 846
1191 2516 2360 678 852
1192 2510 2397 624 786
1193 2554 2336 628 819
1194 2471 2383 617 827
1195 2478 2270 697 779
1196 2546 2294 639 783
1197 2488 2334 674 817
1198 2501 2302 682 789
1199 2566 2333 651 759
1200 2502 2330 660 867
1201 2533 2305 682 809
1202 2418 2344 683 798
1203 2588 2231 676 743
1204 2598 2334 725 805
1205 2571 2419 665 797
1206 2608 2377 653 810
1207 2456 2410 677 805
1208 2539 2339 632 740
1209 2614 2328 639 757
1210 2554 2409 630 793
1211 2546 2352 608 795
1212 2547 2311 661 791
1213 2434 2327 629 789
1214 2467 2205 649 829
1215 2474 2271 650 749
1216 2499 2261 627 800
1217 2534 2290 656 796
1218 2553 2311 642 811
1219 2541 2267 635 761
1220 2544 2241 646 776
1221 2467 2304 652 772
1222 2450 2248 642 735
1223 2499 2216 642 768
1224 2529 2241 667 768
1225 2583 2263 640 849
1226 2514 2338 663 807
1227 2405 2306 633 794
1228 2380 2199 609 794
1229 2466 2173 628 731
1230 2391 2211 606 780
1231 2484 2172 595 750
1232 2417 2255 622 718
1233 2374 2144 652 735
1234 2372 2140 616 755
1235 2412 2183 626 724
1236 2386 2188 606 727
1237 2307 2167 621 723
1238 2407 2164 658 737
1239 2388 2242 630 764
1240 2409 2219 627 710
1241 2462 2203 634 757
1242 2447 2224 658 763
1243 2426 2207 666 757
1244 2394 2243 643 755
1245 2403 2217 629 725
1246 2428 2178 574 775
1247 2300 2189 644 758
1248 2298 2136 580 706
1249 2295 2104 617 715
1250 2350 2096 612 694
1251 2270 2112 639 721
1252 2259 2085 590 738
1253 2295 2108 548 701
1254 2429 2090 586 714
1255 2317 2158 612 757
1256 2271 2163 623 679
1257 2314 2114 589 711
1258 2327 2127 577 731
1259 2375 2130 633 700
1260 2297 2205 620 717
1261 2275 2168 606 714
1262 2298 2145 576 728
1263 2256 2150 550 743
1264 2317 2153 576 696
1265 2196 2177 607 685
1266 2197 2067 572 712
1267 2225 2061 564 681
1268 2216 2082 541 681
1269 2241 2065 595 699
1270 2249 2135 572 658
1271 2237 2097 594 717
1272 2260 2113 596 681
1273 2139 2179 556 693
1274 2167 2015 562 671
1275 2119 2017 523 649
1276 2115 1917 541 716
1277 2246 1927 496 644
1278 2181 1993 494 711
1279 2103 1972 580 656
1280 2067 1933 566 660
1281 2110 1875 525 644
1282 2206 1936 570 689
1283 2137 2035 551 701
1284 2149 1989 534 637
1285 2163 1983 553 643
1286 2099 2000 544 634
1287 2102 1905 581 651
1288 2138 1924 578 671
1289 2156 1969 587 630
1290 2119 1960 546 677
1291 2139 1905 591 647
1292 2192 1950 550 678
1293 2132 1977 590 651
1294 2162 1943 533 661
1295 2076 1957 569 722
1296 2073 1898 586 635
1297 2089 1942 543 672
1298 2099 1953 501 645
1299 2091 1940 519 691
1300 2039 1909 535 664
1301 2058 1864 544 657
1302 1985 1891 551 609
1303 2082 1842 526 644
1304 2039 1957 522 645
1305 2052 1894 505 639
1306 1984 1843 543 631
1307 1992 1857 512 622
1308 1967 1844 506 610
1309 1943 1825 487 626
1310 1954 1776 490 585
1311 2007 1730 503 605
1312 2014 1831 507 617
1313 2053 1846 536 618
1314 1978 1890 502 659
1315 2050 1856 514 614
1316 1993 1924 534 584
1317 2035 1817 477 632
1318 2084 1871 472 672
1319 1945 1908 549 616
1320 2020 1786 517 601
1321 2053 1849 495 602
1322 2070 1784 547 670
1323 1961 1880 528 611
1324 1954 1794 529 643
1325 1981 1846 501 626
1326 1996 1865 523 629
1327 1921 1909 496 616
1328 1948 1806 478 625
1329 1928 1823 486 581
1330 1898 1745 523 605
1331 1990 1760 500 605
1332 2009 1809 501 657
1333 1998 1867 494 607
1334 1960 1834 522 585
1335 1896 1809 466 615
1336 1934 1734 513 589
1337 1995 1735 471 622
1338 1988 1826 434 584
1339 1955 1797 529 607
1340 1893 1784 490 535
1341 1902 1701 482 631
1342 1905 1737 483 591
1343 2022 1715 504 575
1344 1881 1798 492 626
1345 1839 1719 510 619
1346 1912 1687 481 541
1347 1915 1731 469 593
1348 1926 1763 458 636
1349 1898 1836 476 605
1350 1902 1856 505 561
1351 1793 1778 500 578
1352 1890 1694 484 584
1353 1922 1725 493 597
1354 1875 1805 480 637
1355 1895 1796 505 565
1356 1868 1793 470 534
1357 1827 1756 455 545
1358 1852 1668 459 590
1359 1791 1694 450 598
1360 1762 1645 485 559
1361 1777 1621 497 554
1362 1819 1654 461 540
1363 1884 1668 444 562
1364 1867 1681 505 569
1365 1842 1664 492 550
1366 1695 1632 489 588
1367 1893 1548 461 621
1368 1971 1754 444 548
1369 1961 1751 452 611
1370 1977 1735 476 607
1371 1941 1789 450 592
1372 1874 1757 488 573
1373 1821 1710 496 577
1374 1768 1656 477 592
1375 1767 1660 460 559
1376 1826 1700 442 549
1377 1811 1667 461 514
1378 1865 1622 435 539
1379 1881 1634 448 565
1380 1871 1637 459 590
1381 1854 1642 470 554
1382 1827 1666 495 581
1383 1924 1740 462 574
1384 1895 1763 474 561
1385 1862 1726 476 603
1386 1887 1707 478 570
1387 1894 1735 470 572
1388 1817 1693 456 538
1389 1860 1628 467 599
1390 1847 1677 438 549
1391 1851 1632 489 566
1392 1753 1669 491 584
1393 1746 1610 442 548
1394 1793 1585 446 590
1395 1674 1620 438 574
1396 1707 1528 451 526
1397 1733 1551 426 561
1398 1680 1595 474 548
1399 1727 1561 451 497
1400 1713 1546 471 543
1401 1741 1562 446 492
1402 1787 1574 442 547
1403 1748 1620 428 559
1404 1717 1621 436 542
1405 1685 1569 425 520
1406 1618 1525 478 538
1407 1695 1511 427 464
1408 1723 1546 424 549
1409 1678 1554 419 542
1410 1644 1558 450 541
1411 1681 1544 427 508
1412 1647 1594 438 506
1413 1686 1556 432 513
1414 1660 1556 423 522
1415 1576 1505 433 507
1416 1618 1461 411 528
1417 1629 1511 407 494
1418 1643 1511 400 521
1419 1597 1517 436 473
1420 1616 1440 421 465
1421 1529 1477 411 516
1422 1481 1415 411 495
1423 1551 1341 395 471
1424 1633 1394 394 495
1425 1608 1455 416 515
1426 1602 1468 420 516
1427 1615 1484 412 453
1428 1620 1456 400 574
1429 1513 1491 403 461
1430 1594 1359 406 455
1431 1587 1398 440 492
1432 1595 1424 397 488
1433 1625 1443 409 504
1434 1631 1477 365 503
1435 1699 1442 423 490
1436 1661 1496 390 506
1437 1670 1503 443 488
1438 1616 1528 423 488
1439 1639 1458 441 490
1440 1658 1493 373 516
1441 1598 1519 391 539
1442 1506 1477 381 475
1443 1473 1342 378 488
1444 1442 1348 390 475
1445 1427 1345 351 412
1446 1550 1272 391 467
1447 1484 1394 408 478
1448 1458 1387 380 444
1449 1447 1323 340 470
1450 1447 1295 370 473
1451 1424 1337 377 461
1452 1429 1285 396 441
1453 1473 1327 391 444
1454 1509 1351 385 464
1455 1499 1399 380 493
1456 1465 1381 369 419
1457 1485 1299 359 486
1458 1483 1349 349 461
1459 1477 1329 388 444
1460 1468 1309 352 484
1461 1440 1337 381 460
1462 1446 1327 384 462
1463 1542 1322 343 431
1464 1558 1404 396 461
1465 1547 1397 405 472
1466 1462 1419 416 427
1467 1471 1331 396 486
1468 1508 1378 377 457
1469 1530 1397 388 453
1470 1562 1402 370 485
1471 1530 1461 403 452
1472 1538 1401 359 446
1473 1546 1389 394 459
1474 1579 1359 390 466
1475 1542 1385 370 504
1476 1562 1383 392 513
1477 1552 1449 346 447
1478 1504 1409 405 473
1479 1442 1377 404 476
1480 1367 1353 351 469
1481 1407 1295 346 442
1482 1523 1306 361 435
1483 1374 1410 367 444
1484 1509 1281 341 453
1485 1394 1361 363 444
1486 1467 1238 347 443
1487 1454 1297 353 448
1488 1427 1308 388 439
1489 1383 1331 384 439
1490 1444 1287 354 451
1491 1482 1345 344 454
1492 1471 1347 358 481
1493 1438 1362 343 462
1494 1464 1294 350 447
1495 1408 1326 340 512
1496 1402 1294 380 428
1497 1350 1272 380 465
1498 1320 1258 389 421
1499 1371 1255 356 451
1500 1422 1280 359 431
1501 1407 1298 361 455
1502 1479 1325 352 421
1503 1445 1355 364 439
1504 1359 1313 357 446
1505 1381 1248 375 437
1506 1371 1306 370 425
1507 1397 1268 337 394
1508 1378 1218 342 429
1509 1364 1234 385 424
1510 1364 1268 328 416
1511 1345 1254 361 441
1512 1300 1256 353 428
1513 1348 1236 367 417
1514 1344 1264 290 430
1515 1323 1240 346 458
1516 1346 1270 358 395
1517 1360 1249 340 429
1518 1385 1284 348 438
1519 1380 1287 349 416
1520 1287 1240 341 430
1521 1352 1219 331 407
1522 1291 1246 354 418
1523 1348 1208 336 390
1524 1330 1265 313 424
1525 1293 1255 348 396
1526 1287 1190 337 427
1527 1230 1231 280 423
1528 1294 1179 346 399
1529 1252 1252 330 370
1530 1212 1160 344 414
1531 1295 1118 315 416
1532 1312 1204 343 419
1533 1321 1257 321 421
1534 1247 1272 353 419
1535 1320 1235 330 388
1536 1324 1252 329 408
1537 1294 1242 304 362
1538 1259 1136 327 393
1539 1332 1115 351 433
1540 1280 1218 309 431
1541 1236 1199 344 417
1542 1215 1147 315 380
1543 1244 1142 318 367
1544 1238 1150 339 363
1545 1314 1109 332 413
1546 1322 1222 332 394
1547 1292 1218 339 399
1548 1240 1209 317 423
1549 1248 1168 343 382
1550 1350 1171 323 376
1551 1382 1180 333 420
1552 1324 1200 317 400
1553 1312 1163 337 423
1554 1317 1186 353 393
1555 1273 1236 365 403
1556 1308 1197 322 413
1557 1307 1243 332 373
1558 1301 1209 347 364
1559 1289 1195 346 418
1560 1290 1227 323 400
1561 1295 1245 314 405
1562 1333 1195 331 393
1563 1337 1225 353 415
1564 1311 1262 306 380
1565 1277 1226 358 429
1566 1293 1193 314 403
1567 1242 1205 318 395
1568 1288 1162 295 379
1569 1220 1202 318 392
1570 1147 1161 281 386
1571 1133 1067 301 355
1572 1152 1053 299 374
1573 1152 1087 294 383
1574 1129 1073 295 362
1575 1153 1084 293 332
1576 1283 1077 307 351
1577 1219 1185 283 389
1578 1211 1109 320 372
1579 1164 1089 314 383
1580 1173 1070 293 353
1581 1179 1105 273 373
1582 1166 1085 296 343
1583 1127 1061 296 366
1584 1151 1010 268 354
1585 1145 1040 285 400
1586 1138 1081 317 348
1587 1144 1067 271 338
1588 1136 1075 275 353
1589 1146 1029 313 360
1590 1137 1055 293 351
1591 1127 1062 266 353
1592 1095 1061 290 365
1593 1115 1022 270 339
1594 1148 1007 295 368
1595 1070 1052 267 327
1596 1120 995 292 352
1597 1156 1024 295 324
1598 1142 1055 275 330
1599 1149 1017 292 371
1600 1151 1053 303 379
1601 1114 1089 281 349
1602 1183 1019 286 334
1603 1146 1065 304 391
1604 1140 1065 270 343
1605 1128 1064 301 343
1606 1242 1058 299 355
1607 1197 1157 292 361
1608 1179 1143 284 365
1609 1148 1095 312 344
1610 1082 1070 294 356
1611 1112 990 248 380
1612 1150 1037 273 356
1613 1171 1046 294 348
1614 1107 1072 290 337
1615 1134 1056 270 376
1616 1180 1073 289 334
1617 1161 1093 267 330
1618 1115 1071 286 354
1619 1120 1039 267 343
1620 1174 1006 308 345
1621 1174 1082 273 366
1622 1117 1049 277 342
1623 1084 998 268 356
1624 1107 999 272 349
1625 1072 1057 289 328
1626 1134 1000 262 328
1627 1102 1056 282 356
1628 1093 1020 239 320
1629 1109 973 291 341
1630 1055 1019 252 325
1631 1058 960 239 304
1632 1072 966 273 321
1633 1101 968 282 308
1634 1149 1017 298 335
1635 1109 1072 268 303
1636 1115 1002 286 351
1637 1099 1038 285 347
1638 1079 1034 265 319
1639 1007 990 269 342
1640 989 941 274 304
1641 898 947 258 299
1642 964 867 254 301
1643 1002 933 261 296
1644 1026 965 221 306
1645 1040 939 246 311
1646 1032 960 249 320
1647 1079 966 270 326
1648 1016 1013 268 294
1649 1036 919 262 344
1650 1047 948 232 356
1651 1008 981 254 334
1652 1005 925 285 323
1653 1059 952 233 299
1654 1063 955 242 335
1655 1012 937 240 332
1656 924 927 259 308
1657 984 888 229 311
1658 887 970 255 279
1659 974 850 234 288
1660 979 921 254 304
1661 967 935 244 300
1662 946 903 247 275
1663 935 877 259 297
1664 951 869 231 296
1665 964 871 240 286
1666 963 877 242 285
1667 923 887 243 325
1668 1001 898 257 276
1669 1048 918 249 272
1670 1046 936 229 305
1671 1027 942 263 324
1672 1014 959 225 326
1673 997 960 243 277
1674 917 950 279 292
1675 1038 877 215 294
1676 1051 939 249 323
1677 1023 939 240 334
1678 938 937 248 301
1679 977 858 257 295
1680 917 886 262 313
1681 936 889 229 285
1682 942 927 245 309
1683 960 910 259 255
1684 1060 890 228 297
1685 1015 950 264 303
1686 1010 905 232 297
1687 969 915 245 300
1688 1042 886 248 285
1689 1025 915 246 302
1690 1021 896 259 303
1691 1037 910 243 310
1692 967 949 262 291
1693 994 899 234 331
1694 949 909 236 286
1695 940 869 237 295
1696 903 849 234 299
1697 892 815 225 273
1698 940 806 238 293
1699 858 845 248 292
1700 859 821 235 264
1701 963 765 236 265
1702 960 875 247 308
1703 975 888 202 289
1704 971 880 234 279
1705 955 854 231 301
1706 863 872 226 320
1707 929 822 194 306
1708 887 891 226 278
1709 846 815 219 268
1710 885 770 221 247
1711 824 805 219 275
1712 838 785 207 269
1713 804 765 221 251
1714 872 728 218 262
1715 885 819 229 293
1716 878 849 236 284
1717 886 838 224 244
1718 921 829 217 317
1719 873 906 207 246
1720 895 824 238 247
1721 885 859 187 287
1722 845 830 222 245
1723 863 756 215 285
1724 944 808 201 293
1725 898 874 224 250
1726 904 790 210 277
1727 839 823 215 270
1728 960 750 218 284
1729 915 868 209 274
1730 853 820 209 264
1731 842 762 203 327
1732 835 796 204 244
1733 847 750 217 278
1734 817 775 224 279
1735 803 776 221 268
1736 841 775 188 247
1737 874 770 221 244
1738 876 779 215 293
1739 834 820 210 264
1740 852 765 217 250
1741 783 754 210 277
1742 792 740 212 276
1743 777 756 195 237
1744 714 709 203 237
1745 750 666 189 237
1746 801 690 214 229
1747 820 730 212 254
1748 798 770 206 215
1749 778 709 210 254
1750 790 697 203 256
1751 790 734 202 250
1752 808 723 191 251
1753 788 720 208 218
1754 765 710 212 272
1755 804 731 196 249
1756 807 728 208 256
1757 802 751 168 240
1758 760 711 207 247
1759 738 701 206 238
1760 738 697 184 252
1761 708 707 194 259
1762 734 675 165 229
1763 756 685 211 218
1764 772 710 205 238
1765 808 757 192 231
1766 776 755 163 251
1767 686 663 210 259
1768 674 646 189 232
1769 730 664 177 242
1770 819 703 184 225
1771 814 750 197 235
1772 771 730 216 253
1773 812 709 194 261
1774 839 750 198 246
1775 874 760 207 253
1776 796 771 222 269
1777 809 726 203 247
1778 766 753 182 247
1779 787 723 185 241
1780 814 732 179 219
1781 814 752 202 254
1782 805 766 213 231
1783 848 742 214 227
1784 779 790 187 262
1785 700 736 213 234
1786 776 671 179 241
1787 786 720 178 235
1788 787 721 210 274
1789 783 735 201 231
1790 826 786 183 235
1791 792 759 206 235
1792 744 723 191 231
1793 742 689 206 214
1794 743 707 163 237
1795 730 662 175 235
1796 752 618 197 256
1797 718 699 177 239
1798 729 698 165 226
1799 781 642 161 221
1800 732 696 174 240
1801 732 671 174 214
1802 740 674 184 214
1803 712 668 200 228
1804 728 663 163 221
1805 718 665 180 238
1806 759 670 197 227
1807 712 725 188 229
1808 725 681 163 223
1809 784 626 171 219
1810 732 699 203 242
1811 810 659 169 226
1812 780 742 192 218
1813 759 693 172 247
1814 712 705 161 218
1815 662 645 196 207
1816 689 634 183 204
1817 679 633 173 197
1818 731 585 159 222
1819 690 654 169 216
1820 720 648 158 227
1821 701 668 171 194
1822 671 637 174 208
1823 652 588 169 196
1824 745 574 143 227
1825 695 657 195 182
1826 682 613 169 224
1827 750 612 164 204
1828 771 649 166 223
1829 743 723 162 249
1830 698 712 186 184
1831 697 675 181 206
1832 723 701 183 213
1833 723 720 172 193
1834 726 667 149 208
1835 703 651 159 224
1836 702 638 190 205
1837 669 646 167 232
1838 711 608 152 220
1839 614 663 159 190
1840 655 556 174 200
1841 627 600 160 218
1842 641 593 155 207
1843 656 610 154 226
1844 667 640 176 192
1845 649 636 149 189
1846 698 605 172 187
1847 692 632 168 211
1848 651 620 183 206
1849 659 616 135 223
1850 678 601 144 185
1851 633 630 158 204
1852 629 603 177 176
1853 612 597 155 178
1854 659 543 146 197
1855 646 594 167 203
1856 644 620 157 190
1857 612 577 171 165
1858 604 548 168 222
1859 631 578 152 178
1860 607 580 148 196
1861 640 569 152 181
1862 632 595 164 173
1863 628 587 151 180
1864 596 547 173 209
1865 652 555 169 199
1866 636 600 162 196
1867 634 588 137 205
1868 593 601 156 200
1869 582 567 144 193
1870 564 538 160 187
1871 581 505 150 211
1872 605 521 139 189
1873 584 558 150 205
1874 584 561 143 232
1875 606 555 131 185
1876 592 556 143 205
1877 571 545 141 166
1878 590 523 155 182
1879 612 555 154 175
1880 597 556 149 192
1881 624 553 152 162
1882 557 561 134 198
1883 573 513 135 191
1884 579 539 141 156
1885 586 546 143 182
1886 591 551 141 177
1887 569 574 141 187
1888 593 556 123 187
1889 570 568 137 157
1890 554 536 120 193
1891 596 539 123 172
1892 555 538 142 179
1893 582 508 130 204
1894 538 556 159 163
1895 527 524 142 185
1896 548 524 150 153
1897 605 532 157 149
1898 597 551 137 178
1899 589 531 138 195
1900 611 533 136 177
1901 583 542 139 189
1902 562 533 142 167
1903 543 514 129 175
1904 545 491 148 186
1905 578 503 142 169
1906 553 512 140 192
1907 552 510 118 171
1908 530 476 140 157
1909 550 458 142 156
1910 564 476 151 164
1911 575 489 134 178
1912 562 522 126 193
1913 520 519 133 163
1914 514 491 138 150
1915 524 473 123 157
1916 522 478 118 166
1917 553 460 135 166
1918 561 495 129 178
1919 576 510 126 150
1920 560 522 131 181
1921 554 499 145 171
1922 554 502 137 175
1923 593 522 137 150
1924 576 528 136 159
1925 615 535 150 167
1926 572 560 140 166
1927 527 510 152 197
1928 581 527 130 184
1929 571 560 116 159
1930 567 506 150 195
1931 579 541 146 190
1932 530 548 125 162
1933 556 513 147 155
1934 541 520 130 155
1935 501 496 148 183
1936 500 481 120 159
1937 513 468 142 176
1938 550 484 125 158
1939 535 495 119 163
1940 502 475 134 173
1941 529 442 127 177
1942 566 498 142 151
1943 536 534 113 162
1944 553 483 120 166
1945 546 498 126 174
1946 529 477 119 160
1947 502 464 126 177
1948 526 484 117 159
1949 555 485 131 158
1950 536 517 131 142
1951 495 488 119 146
1952 463 439 127 141
1953 525 419 123 147
1954 547 466 146 156
1955 550 504 135 163
1956 528 498 134 185
1957 528 493 139 164
1958 537 482 136 168
1959 546 497 116 154
1960 567 498 129 170
1961 518 506 133 152
1962 535 458 135 164
1963 560 511 136 156
1964 569 527 124 147
1965 537 512 133 167
1966 527 475 141 169
1967 494 455 119 192
1968 494 454 103 145
1969 482 425 110 154
1970 491 427 122 157
1971 492 463 105 155
1972 489 456 112 150
1973 521 458 115 171
1974 493 488 114 140
1975 525 451 130 151
1976 532 494 128 158
1977 544 521 130 152
1978 603 508 127 154
1979 498 551 125 180
1980 511 460 116 161
1981 468 468 116 152
1982 487 419 111 176
1983 482 434 127 140
1984 482 445 122 169
1985 485 484 114 137
1986 466 448 113 137
1987 465 425 114 169
1988 441 452 101 131
1989 430 409 117 147
1990 429 379 100 143
1991 454 382 122 117
1992 484 401 118 138
1993 476 435 139 148
1994 469 439 107 143
1995 494 441 116 143
1996 505 436 118 150
1997 416 448 107 174
1998 448 401 114 132
1999 443 420 101 138
2000 432 417 102 139
2001 436 389 128 130
2002 427 433 106 138
2003 424 422 96 153
2004 417 413 102 156
2005 440 410 113 142
2006 487 428 108 139
2007 492 468 86 132
2008 456 433 126 139
2009 457 413 99 140
2010 432 418 110 147
2011 412 409 108 117
2012 430 371 88 143
2013 436 382 107 118
2014 442 385 106 138
2015 411 400 114 143
2016 450 397 90 129
2017 442 405 125 114
2018 464 373 104 138
2019 443 398 122 163
2020 487 436 91 126
2021 489 458 123 120
2022 476 445 112 132
2023 464 443 89 147
2024 458 438 121 140
2025 458 431 105 139
2026 460 406 106 146
2027 449 441 102 140
2028 416 435 94 117
2029 457 377 109 123
2030 458 373 118 130
2031 472 395 120 163
2032 468 430 92 120
2033 431 406 100 142
2034 445 375 116 125
2035 449 390 112 123
2036 408 397 113 133
2037 410 371 95 128
2038 444 371 112 127
2039 442 398 118 124
2040 460 389 115 136
2041 453 391 113 168
2042 415 428 108 138
2043 390 400 100 163
2044 385 398 95 118
2045 417 364 93 123
2046 438 397 106 150
2047 403 441 92 126
2048 410 406 96 129
2049 399 392 95 115
2050 403 379 98 107
2051 400 361 87 125
2052 394 343 112 117
2053 408 353 100 123
2054 393 370 97 121
2055 424 364 103 120
2056 419 368 96 124
2057 402 372 89 145
2058 440 381 97 113
2059 416 400 86 130
2060 402 362 99 124
2061 390 377 108 117
2062 395 354 100 124
2063 391 336 104 109
2064 382 330 101 135
2065 381 338 115 128
2066 442 349 102 121
2067 443 401 118 135
2068 456 404 101 123
2069 459 426 118 139
2070 492 424 116 125
2071 457 461 107 159
2072 406 437 105 115
2073 428 359 106 123
2074 396 377 102 138
2075 441 360 103 126
2076 409 407 111 136
2077 433 381 98 121
2078 406 397 103 125
2079 390 371 96 115
2080 407 337 93 113
2081 410 348 91 141
2082 369 364 101 130
2083 351 351 75 116
2084 382 324 100 113
2085 387 369 74 114
2086 373 339 104 105
2087 399 327 95 107
2088 360 333 91 129
2089 376 297 87 125
2090 378 337 115 114
2091 411 338 92 112
2092 447 365 121 114
2093 398 392 93 154
2094 427 382 92 122
2095 395 398 107 119
2096 438 384 93 126
2097 410 408 123 107
2098 375 393 92 114
2099 356 358 95 125
2100 377 335 91 120
2101 381 355 96 120
2102 373 351 82 108
2103 372 345 96 116
2104 352 355 91 104
2105 356 331 93 108
2106 386 354 80 96
2107 351 357 91 100
2108 355 319 70 122
2109 355 328 90 100
2110 354 321 81 99
2111 358 305 76 104
2112 378 319 74 107
2113 380 335 93 88
2114 404 334 108 110
2115 412 366 91 109
2116 400 354 97 117
2117 409 349 123 125
2118 396 396 82 109
2119 359 359 98 125
2120 408 330 98 115
2121 400 380 96 110
2122 388 364 95 136
2123 381 351 82 115
2124 360 329 77 138
2125 359 338 86 110
2126 365 336 102 108
2127 404 377 91 118
2128 354 393 91 128
2129 333 345 77 98
2130 363 318 98 110
2131 372 340 79 85
2132 351 327 94 119
2133 352 331 82 106
2134 323 330 82 113
2135 357 300 80 86
2136 370 316 88 108
2137 352 343 91 104
2138 357 321 95 105
2139 350 343 82 103
2140 341 339 90 112
2141 373 321 92 108
2142 379 350 89 111
2143 357 356 90 113
2144 314 334 87 102
2145 319 286 69 118
2146 295 284 97 97
2147 327 280 75 108
2148 334 325 76 87
2149 308 321 87 110
2150 296 305 81 90
2151 338 284 66 99
2152 315 304 81 92
2153 338 288 85 101
2154 309 326 80 107
2155 316 287 82 104
2156 316 307 86 119
2157 304 325 86 92
2158 305 302 70 94
2159 318 267 85 109
2160 327 307 75 110
2161 317 315 86 107
2162 316 305 69 84
2163 331 300 80 99
2164 335 303 80 111
2165 314 318 87 97
2166 298 285 103 91
2167 321 287 81 117
2168 328 321 87 111
2169 277 328 76 98
2170 311 275 76 98
2171 313 280 85 99
2172 309 297 78 91
2173 331 285 81 92
2174 328 304 78 95
2175 337 286 91 87
2176 303 283 103 112
2177 334 302 66 99
2178 349 319 68 104
2179 309 310 91 95
2180 352 275 76 111
2181 355 330 69 85
2182 340 314 81 123
2183 347 306 76 101
2184 343 293 72 114
2185 325 294 83 96
2186 314 308 79 91
2187 298 285 64 85
2188 319 263 69 101
2189 322 280 73 96
2190 298 298 80 94
2191 262 295 69 76
2192 259 252 71 75
2193 288 239 73 83
2194 296 264 58 94
2195 313 260 70 101
2196 300 293 71 88
2197 258 283 76 95
2198 279 266 74 81
2199 300 264 55 96
2200 313 267 64 97
2201 303 269 59 98
2202 291 274 79 99
2203 309 291 67 95
2204 304 299 79 80
2205 313 270 85 90
2206 315 295 76 99
2207 332 282 87 104
2208 348 311 83 98
2209 379 326 91 106
2210 356 359 85 111
2211 299 336 75 101
2212 278 286 63 102
2213 269 267 79 92
2214 299 258 70 91
2215 302 277 76 83
2216 341 272 70 94
2217 313 306 67 89
2218 310 261 67 110
2219 299 294 77 97
2220 286 294 53 89
2221 260 263 64 83
2222 274 234 83 77
2223 283 265 59 98
2224 293 271 63 92
2225 262 288 64 98
2226 239 260 71 75
2227 284 254 80 80
2228 318 297 69 79
2229 322 315 72 88
2230 322 301 73 87
2231 301 291 77 86
2232 285 263 63 100
2233 303 258 63 103
2234 293 265 71 85
2235 291 263 74 110
2236 337 277 64 82
2237 277 289 78 95
2238 253 251 49 86
2239 274 217 82 72
2240 304 243 69 92
2241 297 269 61 84
2242 297 278 82 68
2243 285 275 72 77
2244 242 265 48 97
2245 236 230 52 76
2246 268 212 60 82
2247 233 235 73 70
2248 278 217 64 76
2249 274 262 77 69
2250 280 246 61 79
2251 234 268 67 73
2252 252 222 75 83
2253 257 249 48 75
2254 260 235 80 84
2255 224 240 64 65
2256 267 202 60 68
2257 258 231 61 89
2258 255 220 67 78
2259 243 238 69 73
2260 264 224 65 78
2261 246 241 66 99
2262 258 240 62 67
2263 259 239 65 102
2264 295 268 53 75
2265 305 287 66 84
2266 305 287 55 85
2267 291 297 61 91
2268 285 273 65 76
2269 304 257 58 80
2270 277 270 63 91
2271 269 240 53 92
2272 254 235 65 93
2273 272 248 59 85
2274 280 273 58 75
2275 286 278 70 74
2276 262 268 66 71
2277 269 251 69 87
2278 261 267 47 69
2279 277 235 54 87
2280 247 252 48 83
2281 236 217 47 76
2282 213 211 55 87
2283 215 211 58 69
2284 255 196 49 61
2285 234 238 65 69
2286 246 212 60 66
2287 285 221 73 65
2288 249 267 67 75
2289 279 242 48 73
2290 294 266 60 69
2291 232 276 52 101
2292 207 243 48 78
2293 219 210 68 62
2294 207 208 55 67
2295 245 201 48 79
2296 210 231 50 66
2297 198 197 57 71
2298 215 193 46 71
2299 203 198 65 53
2300 198 185 48 50
2301 169 163 54 67
2302 189 139 45 76
2303 219 163 55 59
2304 235 185 44 62
2305 254 198 61 69
2306 259 212 49 67
2307 257 206 50 67
2308 267 210 51 71
2309 220 229 62 75
2310 232 195 52 76
2311 208 217 66 74
2312 218 210 41 52
2313 219 193 43 69
2314 192 193 60 66
2315 190 187 53 63
2316 179 174 47 61
2317 237 173 50 55
2318 235 219 69 70
2319 234 224 66 51
2320 238 233 58 63
2321 232 228 57 79
2322 243 216 43 61
2323 239 227 52 83
2324 223 227 55 60
2325 224 212 49 60
2326 193 214 36 63
2327 197 176 59 58
2328 216 200 47 62
2329 204 199 50 60
2330 208 190 59 71
2331 203 199 54 60
2332 198 191 53 79
2333 210 191 35 61
2334 228 184 72 68
2335 222 233 48 67
2336 217 213 56 67
2337 219 198 48 64
2338 241 203 55 65
2339 234 230 54 67
2340 235 210 55 78
2341 213 227 61 60
2342 198 207 44 62
2343 204 187 52 68
2344 182 201 37 65
2345 179 177 44 70
2346 174 184 44 60
2347 192 167 47 55
2348 199 190 45 51
2349 208 175 37 60
2350 233 183 45 69
2351 213 206 45 52
2352 222 184 55 57
2353 191 189 48 67
2354 218 184 40 51
2355 232 219 48 69
2356 214 222 50 50
2357 182 189 47 68
2358 163 164 47 59
2359 177 153 35 70
2360 204 169 47 49
2361 198 172 43 59
2362 255 161 53 63
2363 231 220 56 55
2364 208 212 54 66
2365 183 203 40 66
2366 183 184 37 61
2367 231 156 47 68
2368 190 199 44 57
2369 214 161 60 61
2370 203 197 51 64
2371 202 184 48 55
2372 195 187 40 64
2373 184 179 33 57
2374 185 169 57 66
2375 163 187 44 51
2376 179 170 35 60
2377 155 190 29 51
2378 189 150 40 46
2379 179 165 52 52
2380 198 164 36 54
2381 204 174 36 53
2382 210 163 38 51
2383 216 164 52 61
2384 226 184 39 58
2385 206 198 51 52
2386 226 172 47 50
2387 221 199 54 59
2388 173 202 55 60
2389 184 169 54 64
2390 176 190 42 49
2391 190 174 45 63
2392 192 189 47 59
2393 239 186 34 58
2394 230 207 43 58
2395 236 184 46 68
2396 211 200 51 71
2397 214 187 40 53
2398 208 177 44 66
2399 197 185 42 57
2400 187 163 52 45
2401 184 155 47 52
2402 167 167 47 62
2403 170 158 52 57
2404 164 181 37 45
2405 176 155 37 52
2406 163 171 50 41
2407 183 146 42 54
2408 188 164 44 76
2409 155 170 41 55
2410 173 144 42 55
2411 168 162 35 54
2412 178 166 44 35
2413 188 151 44 56
2414 176 165 26 59
2415 179 156 38 51
2416 151 157 38 53
2417 149 133 44 50
2418 148 138 31 52
2419 142 143 29 41
2420 176 126 38 36
2421 151 147 37 43
2422 178 131 43 47
2423 192 168 38 44
2424 197 156 51 49
2425 176 168 48 54
2426 179 169 36 47
2427 209 171 40 52
2428 172 189 42 56
2429 172 151 34 45
2430 159 148 46 54
2431 162 150 40 48
2432 146 151 32 40
2433 158 128 38 54
2434 173 133 30 44
2435 185 148 32 47
2436 186 164 41 53
2437 181 168 40 41
2438 151 156 50 50
2439 152 143 40 45
2440 160 153 47 53
2441 177 172 40 44
2442 193 170 46 58
2443 174 194 48 45
2444 165 176 43 52
2445 168 166 41 46
2446 169 156 34 54
2447 163 148 33 58
2448 148 150 47 49
2449 159 144 43 34
2450 171 153 31 37
2451 171 154 37 53
2452 180 146 42 46
2453 127 170 36 51
2454 133 121 40 49
2455 135 144 44 39
2456 128 148 31 40
2457 149 126 37 43
2458 149 133 23 47
2459 169 118 35 50
2460 153 146 35 46
2461 172 145 39 37
2462 144 153 35 39
2463 153 125 35 49
2464 161 134 32 42
2465 139 134 38 54
2466 135 127 32 39
2467 122 113 29 39
2468 134 99 33 33
2469 135 103 36 59
2470 127 129 39 47
2471 125 133 29 42
2472 136 120 34 34
2473 156 117 44 37
2474 166 143 25 45
2475 144 156 34 46
2476 161 135 30 42
2477 162 138 43 59
2478 134 148 47 42
2479 128 136 38 41
2480 153 139 25 32
2481 131 142 44 46
2482 136 115 41 37
2483 123 120 27 58
2484 135 123 28 44
2485 140 122 45 41
2486 146 126 22 43
2487 147 124 31 48
2488 143 121 45 46
2489 167 118 31 56
2490 133 146 24 62
2491 143 139 37 40
2492 116 143 34 39
2493 113 122 36 55
2494 128 118 19 42
2495 126 103 36 35
2496 127 102 30 59
2497 156 121 32 42
2498 144 132 34 41
2499 148 117 34 40
2500 153 118 32 38
2501 144 128 27 55
2502 157 142 38 41
2503 146 144 29 42
2504 121 130 43 49
2505 108 117 37 41
2506 140 106 31 41
2507 142 131 35 45
2508 118 141 31 38
2509 131 118 35 37
2510 145 127 40 40
2511 130 136 31 54
2512 116 126 29 31
2513 130 111 27 40
2514 163 135 30 41
2515 163 151 29 30
2516 133 134 30 47
2517 137 115 22 35
2518 144 114 27 47
2519 130 122 36 37
2520 144 119 25 33
2521 131 121 38 34
2522 121 113 27 35
2523 123 102 28 39
2524 115 100 31 37
2525 119 107 16 51
2526 112 112 30 24
2527 107 88 30 43
2528 99 95 37 28
2529 112 104 28 42
2530 118 123 27 31
2531 123 121 29 43
2532 146 114 26 35
2533 134 129 29 36
2534 131 115 26 49
2535 100 135 37 38
2536 82 113 28 29
2537 133 90 26 28
2538 125 122 33 43
2539 130 122 32 30
2540 135 124 30 41
2541 140 117 26 41
2542 124 110 34 51
2543 147 113 33 37
2544 138 132 35 42
2545 138 115 25 41
2546 137 111 44 41
2547 134 123 31 36
2548 152 122 33 52
2549 153 149 37 41
2550 125 150 38 39
2551 142 129 31 47
2552 138 137 34 40
2553 133 149 29 45
2554 140 129 31 38
2555 125 139 28 43
2556 123 123 28 33
2557 141 117 35 41
2558 151 123 35 43
2559 139 146 24 39
2560 146 128 25 39
2561 146 133 39 28
2562 148 122 41 49
2563 116 138 37 37
2564 119 102 39 40
2565 134 104 30 32
2566 128 115 32 51
2567 125 127 30 46
2568 133 132 24 37
2569 118 134 25 41
2570 126 118 17 37
2571 113 118 20 42
2572 124 106 33 30
2573 103 116 30 30
2574 146 110 30 37
2575 138 137 29 41
2576 142 124 45 34
2577 152 121 37 35
2578 147 145 28 44
2579 138 126 33 37
2580 136 118 35 45
2581 134 120 39 52
2582 122 139 31 42
2583 130 129 24 48
2584 120 128 32 43
2585 130 114 28 39
2586 143 116 31 48
2587 139 134 28 50
2588 131 136 29 42
2589 160 125 25 42
2590 145 146 32 39
2591 149 132 30 47
2592 141 139 32 45
2593 131 128 26 45
2594 111 127 27 34
2595 103 112 34 38
2596 113 103 22 27
2597 113 93 27 29
2598 100 90 25 46
2599 82 88 24 43
2600 98 72 20 34
2601 116 88 21 31
2602 115 103 20 36
2603 92 107 27 36
2604 111 98 15 22
2605 109 105 23 43
2606 109 100 23 24
2607 98 96 22 40
2608 105 84 34 33
2609 101 96 23 36
2610 100 105 24 32
2611 87 109 34 30
2612 99 104 23 25
2613 77 103 16 27
2614 110 70 13 30
2615 111 93 24 27
2616 107 96 27 37
2617 89 104 25 27
2618 88 92 14 25
2619 111 86 16 26
2620 117 105 19 33
2621 92 105 29 33
2622 95 95 29 27
2623 88 106 28 32
2624 86 97 29 17
2625 84 81 21 32
2626 105 80 19 28
2627 95 84 17 28
2628 90 73 27 29
2629 104 83 21 20
2630 98 86 26 26
2631 83 89 25 37
2632 95 77 29 25
2633 96 90 26 30
2634 110 95 29 29
2635 112 113 25 28
2636 95 104 29 26
2637 122 90 23 33
2638 98 105 31 27
2639 108 94 17 38
2640 98 95 26 38
2641 88 98 22 37
2642 102 98 20 33
2643 94 96 25 26
2644 98 87 32 33
2645 115 95 26 31
2646 114 113 26 29
2647 99 110 28 30
2648 104 97 24 26
2649 107 102 25 34
2650 117 102 26 38
2651 109 117 29 36
2652 111 104 24 28
2653 82 100 18 30
2654 74 69 21 24
2655 92 68 24 29
2656 108 85 35 22
2657 110 109 22 35
2658 113 109 13 26
2659 123 105 19 24
2660 112 105 23 38
2661 120 101 28 29
2662 106 107 22 29
2663 90 100 18 35
2664 106 88 24 31
2665 104 107 27 26
2666 93 92 20 27
2667 82 79 16 31
2668 91 68 27 29
2669 84 82 25 25
2670 101 84 19 36
2671 104 101 18 34
2672 102 94 27 27
2673 93 81 20 27
2674 94 72 16 27
2675 93 64 23 33
2676 85 73 21 34
2677 106 71 17 19
2678 92 76 27 35
2679 102 90 21 41
2680 74 102 18 30
2681 80 76 22 22
2682 73 81 19 18
2683 78 69 20 20
2684 74 74 24 34
2685 72 87 21 21
2686 72 82 12 21
2687 70 69 15 26
2688 92 63 20 27
2689 104 96 14 16
2690 77 92 22 22
2691 85 63 12 23
2692 79 69 22 22
2693 79 73 18 21
2694 88 78 11 19
2695 88 67 18 33
2696 110 80 22 29
2697 96 102 18 25
2698 94 84 11 19
2699 86 81 24 26
2700 82 80 24 17
2701 67 79 21 25
2702 72 73 16 24
2703 71 70 18 19
2704 70 61 16 23
2705 79 63 15 27
2706 77 74 20 33
2707 59 71 18 16
2708 72 55 27 26
2709 73 82 13 21
2710 70 74 16 19
2711 54 62 19 19
2712 51 49 14 25
2713 61 42 12 19
2714 53 52 15 20
2715 84 45 22 23
2716 83 84 18 24
2717 89 78 16 18
2718 82 71 18 25
2719 92 65 12 36
2720 75 83 23 19
2721 79 71 23 19
2722 75 77 16 18
2723 94 75 20 17
2724 96 85 23 26
2725 86 85 29 12
2726 83 70 12 28
2727 69 74 21 26
2728 67 66 18 19
2729 72 67 17 18
2730 81 66 21 18
2731 77 75 14 21
2732 88 75 29 14
2733 87 83 12 19
2734 63 72 24 20
2735 70 53 18 14
2736 70 55 27 22
2737 74 61 17 21
2738 81 63 15 13
2739 69 68 17 17
2740 67 55 8 16
2741 86 50 19 18
2742 78 77 14 15
2743 79 65 14 22
2744 66 60 21 34
2745 71 52 20 23
2746 64 62 10 27
2747 66 62 9 22
2748 55 58 12 20
2749 54 51 18 21
2750 58 54 26 21
2751 80 56 16 23
2752 98 81 18 23
2753 79 92 26 19
2754 69 82 17 24
2755 64 69 17 16
2756 71 65 18 17
2757 61 68 15 17
2758 58 57 19 17
2759 74 59 14 23
2760 65 65 16 22
2761 59 59 9 18
2762 66 47 9 24
2763 70 51 18 16
2764 76 56 15 18
2765 58 69 19 16
2766 54 59 16 12
2767 58 46 15 17
2768 64 54 17 20
2769 63 61 11 20
2770 71 61 12 21
2771 74 66 19 11
2772 62 67 14 23
2773 65 64 20 18
2774 73 66 23 20
2775 72 67 25 23
2776 65 65 15 18
2777 74 58 14 22
2778 53 67 21 31
2779 64 60 17 18
2780 49 70 19 17
2781 52 57 18 9
2782 74 48 17 17
2783 91 65 16 28
2784 90 85 20 18
2785 64 81 14 25
2786 69 59 15 20
2787 67 71 11 18
2788 65 61 17 16
2789 64 56 15 12
2790 57 53 20 21
2791 47 49 8 20
2792 53 35 13 26
2793 66 48 9 16
2794 50 49 20 14
2795 56 48 12 17
2796 64 50 17 15
2797 77 59 12 22
2798 64 72 23 13
2799 72 63 13 19
2800 67 68 16 17
2801 65 56 17 18
2802 60 70 17 22
2803 60 53 12 17
2804 53 57 18 14
2805 53 44 14 26
2806 55 54 13 20
2807 66 57 15 15
2808 69 69 15 21
2809 69 72 10 19
2810 58 64 15 23
2811 67 63 10 21
2812 57 69 10 14
2813 59 52 13 17
2814 52 59 14 21
2815 43 58 20 14
2816 59 48 13 12
2817 77 53 11 16
2818 65 57 28 16
2819 81 63 19 20
2820 72 87 7 19
2821 65 74 13 17
2822 55 55 9 21
2823 70 52 17 15
2824 76 63 11 17
2825 74 69 22 15
2826 65 68 16 24
2827 71 63 22 15
2828 79 75 10 28
2829 69 71 14 17
2830 54 60 13 23
2831 53 53 8 17
2832 54 49 9 17
2833 69 46 16 20
2834 74 67 16 23
2835 75 62 10 22
2836 81 62 16 27
2837 82 67 21 24
2838 57 81 13 16
2839 64 56 14 18
2840 59 60 9 19
2841 49 52 16 11
2842 43 47 8 15
2843 45 37 12 15
2844 52 40 12 22
2845 61 59 12 21
2846 49 68 18 17
2847 53 52 12 12
2848 54 53 16 20
2849 71 55 12 16
2850 72 75 14 17
2851 55 69 15 11
2852 66 42 10 16
2853 61 53 14 23
2854 52 55 9 22
2855 55 53 11 19
2856 64 57 12 11
2857 63 57 12 21
2858 53 54 14 17
2859 50 47 17 22
2860 51 48 12 28
2861 44 56 12 15
2862 35 41 17 15
2863 51 41 12 9
2864 57 53 15 8
2865 66 53 15 15
2866 64 72 13 16
2867 50 60 13 22
2868 52 53 12 18
2869 43 55 10 21
2870 52 47 12 10
2871 59 49 16 12
2872 54 47 7 21
2873 63 52 11 14
2874 60 52 12 15
2875 56 54 13 17
2876 45 44 10 17
2877 41 41 13 12
2878 49 32 12 11
2879 45 40 10 12
2880 52 43 13 8
2881 38 45 11 14
2882 44 31 11 16
2883 52 41 12 16
2884 56 56 7 8
2885 40 56 15 22
2886 50 55 6 17
2887 43 56 15 11
2888 46 45 12 9
2889 67 42 9 14
2890 66 66 15 20
2891 46 59 15 14
2892 42 43 10 12
2893 35 39 6 16
2894 36 30 9 17
2895 31 33 12 13
2896 40 28 6 11
2897 50 35 7 15
2898 53 45 10 13
2899 48 49 11 15
2900 43 43 5 13
2901 47 36 6 14
2902 45 46 6 15
2903 29 39 17 12
2904 46 27 7 12
2905 40 39 13 13
2906 42 36 9 14
2907 44 36 5 15
2908 58 33 9 13
2909 57 41 14 9
2910 43 40 14 18
2911 42 44 8 13
2912 33 40 14 10
2913 48 30 4 13
2914 35 37 4 13
2915 43 25 11 20
2916 39 40 7 10
2917 45 36 6 14
2918 45 41 9 13
2919 41 43 8 12
2920 45 32 10 12
2921 38 36 10 14
2922 47 33 13 13
2923 51 40 6 10
2924 62 32 10 16
2925 40 45 8 15
2926 48 24 8 16
2927 50 41 11 12
2928 43 42 9 17
2929 44 45 4 12
2930 29 45 8 12
2931 39 30 6 7
2932 49 33 8 9
2933 47 43 9 12
2934 38 40 8 9
2935 36 28 11 13
2936 29 36 16 9
2937 33 29 9 9
2938 44 28 8 6
2939 46 36 7 17
2940 42 42 9 13
2941 53 41 8 9
2942 44 44 7 14
2943 28 38 5 8
2944 35 22 11 12
2945 36 35 13 9
2946 39 33 8 9
2947 37 37 15 9
2948 34 35 8 8
2949 43 34 12 5
2950 42 37 9 10
2951 38 39 13 6
2952 46 27 6 12
2953 44 41 17 9
2954 45 47 4 8
2955 40 48 7 12
2956 39 42 8 10
2957 44 37 11 10
2958 46 42 11 11
2959 54 43 11 15
2960 53 48 8 15
2961 44 44 14 11
2962 41 41 9 13
2963 43 40 11 5
2964 36 34 7 9
2965 40 24 9 14
2966 50 28 7 11
2967 49 41 12 16
2968 37 47 9 6
2969 44 39 6 12
2970 50 38 5 15
2971 38 45 8 11
2972 28 39 8 9
2973 29 30 4 8
2974 28 27 8 12
2975 21 32 9 6
2976 21 22 5 10
2977 27 19 9 8
2978 27 21 9 12
2979 22 30 7 11
2980 34 19 9 8
2981 37 34 7 17
2982 42 40 10 6
2983 44 40 8 14
2984 35 44 5 9
2985 35 33 6 11
2986 40 29 5 7
2987 36 30 9 10
2988 34 27 9 10
2989 36 23 6 8
2990 38 28 9 12
2991 45 28 3 13
2992 33 35 12 9
2993 34 27 3 9
2994 43 28 10 10
2995 35 33 9 11
2996 25 35 6 10
2997 23 20 8 17
2998 28 27 6 13
2999 24 35 4 7
3000 32 27 8 5
3001 21 32 5 9
3002 34 26 8 8
3003 33 33 9 9
3004 38 32 6 10
3005 38 31 8 12
3006 37 39 11 11
3007 29 35 5 12
3008 32 25 7 10
3009 32 36 9 8
3010 25 39 10 6
3011 31 28 8 9
3012 39 28 8 9
3013 28 30 11 13
3014 32 26 13 9
3015 28 28 11 13
3016 30 33 9 10
3017 30 31 9 8
3018 29 34 4 9
3019 37 25 10 8
3020 30 32 6 12
3021 29 30 7 7
3022 38 27 6 9
3023 34 35 4 6
3024 18 29 5 8
3025 28 10 5 13
3026 35 23 6 8
3027 34 29 5 12
3028 21 30 13 15
3029 21 32 2 3
3030 28 20 7 11
3031 25 24 7 7
3032 32 21 10 10
3033 27 29 6 7
3034 37 27 2 7
3035 33 36 10 10
3036 29 36 8 9
3037 22 31 4 5
3038 26 21 9 8
3039 27 31 3 7
3040 16 25 8 12
3041 17 22 3 6
3042 25 20 4 5
3043 23 18 8 6
3044 21 21 4 10
3045 30 17 6 6
3046 36 23 7 7
3047 28 25 7 11
3048 36 26 2 10
3049 28 33 7 10
3050 25 32 7 10
3051 29 34 7 6
3052 37 30 8 6
3053 32 34 3 13
3054 39 29 7 12
3055 38 36 4 10
3056 25 33 9 10
3057 24 28 5 11
3058 23 28 5 4
3059 13 26 3 6
3060 16 12 4 8
3061 17 18 4 4
3062 16 16 2 6
3063 24 11 2 5
3064 17 16 7 8
3065 12 16 3 3
3066 20 11 4 6
3067 15 18 1 7
3068 11 15 2 5
3069 15 13 4 3
3070 21 20 5 4
3071 30 18 10 4
3072 31 29 4 8
3073 30 23 7 7
3074 28 22 5 11
3075 29 24 6 8
3076 29 22 4 7
3077 23 25 7 11
3078 24 25 6 5
3079 22 24 1 10
3080 11 20 6 6
3081 14 13 5 5
3082 10 14 7 3
3083 11 10 3 5
3084 27 8 6 6
3085 24 16 8 2
3086 22 18 6 4
3087 20 18 9 5
3088 24 21 7 2
3089 27 19 8 5
3090 29 19 6 8
3091 30 26 6 5
3092 28 26 2 8
3093 25 24 7 8
3094 23 20 4 11
3095 18 19 5 7
3096 24 19 12 4
3097 26 28 3 4
3098 24 26 3 7
3099 25 22 3 6
3100 21 18 6 2
3101 25 15 10 5
3102 28 23 10 6
3103 24 29 4 8
3104 26 27 5 9
3105 21 26 5 12
3106 28 22 6 5
3107 26 23 5 13
3108 22 25 7 11
3109 21 28 2 7
3110 20 23 3 5
3111 18 16 5 7
3112 26 13 4 11
3113 25 20 0 7
3114 27 14 7 7
3115 26 23 5 3
3116 22 23 6 8
3117 22 23 3 1
3118 14 17 6 4
3119 15 13 2 6
3120 16 12 2 5
3121 19 15 6 9
3122 20 20 4 5
3123 20 16 5 3
3124 12 17 4 4
3125 20 12 6 6
3126 23 20 3 2
3127 25 20 3 5
3128 21 17 4 7
3129 24 17 4 6
3130 17 19 5 5
3131 18 16 5 6
3132 14 18 5 6
3133 19 20 4 5
3134 23 14 5 6
3135 12 17 5 7
3136 12 12 5 7
3137 14 14 3 7
3138 5 13 2 5
3139 13 7 2 3
3140 19 14 4 5
3141 17 23 1 7
3142 15 20 5 6
3143 18 18 4 3
3144 22 16 4 3
3145 18 19 4 7
3146 10 16 3 8
3147 7 13 3 4
3148 15 11 4 2
3149 26 20 4 3
3150 21 26 4 6
3151 12 23 7 2
3152 10 17 3 4
3153 14 13 2 3
3154 17 15 1 4
3155 20 16 5 5
3156 14 22 3 7
3157 18 19 3 4
3158 18 20 7 1
3159 11 14 3 5
3160 10 7 1 10
3161 9 12 4 4
3162 10 12 2 2
3163 16 9 7 7
3164 14 17 3 6
3165 17 15 0 4
3166 11 13 5 4
3167 7 7 4 6
3168 16 7 3 5
3169 17 18 4 8
3170 17 19 2 5
3171 12 18 3 8
3172 15 13 9 1
3173 20 16 6 7
3174 20 25 6 8
3175 26 23 2 3
3176 26 21 4 4
3177 30 22 5 6
3178 28 28 5 11
3179 26 31 3 3
3180 23 26 6 8
3181 30 25 7 5
3182 26 28 5 8
3183 26 27 0 6
3184 15 24 1 8
3185 10 13 4 1
3186 17 7 2 1
3187 11 16 1 4
3188 14 8 4 4
3189 12 11 2 5
3190 11 10 4 3
3191 11 9 8 2
3192 23 13 3 3
3193 29 20 6 4
3194 29 20 6 3
3195 23 21 3 14
3196 22 17 5 6
3197 32 18 6 7
3198 21 26 6 6
3199 17 18 5 2
3200 19 13 4 7
3201 24 15 1 4
3202 21 16 5 10
3203 15 17 6 6
3204 18 16 1 7
3205 23 15 5 7
3206 22 24 5 7
3207 17 21 6 8
3208 18 22 4 3
3209 8 19 1 5
3210 9 6 1 3
3211 10 5 2 4
3212 2 8 3 5
3213 6 6 2 3
3214 5 8 2 2
3215 7 6 0 4
3216 11 6 2 2
3217 10 6 2 4
3218 4 7 1 3
3219 7 2 2 1
3220 8 4 1 2
3221 5 4 2 4
3222 2 3 2 1
3223 7 2 1 2
3224 4 8 7 2
3225 7 7 2 4
3226 10 10 1 3
3227 14 8 2 3
3228 21 11 2 4
3229 18 18 4 3
3230 15 12 1 6
3231 19 12 3 3
3232 17 17 2 2
3233 5 15 1 0
3234 7 2 3 2
3235 11 9 3 1
3236 22 8 3 3
3237 16 18 4 4
3238 15 17 4 4
3239 13 19 0 3
3240 19 12 2 1
3241 14 13 3 4
3242 9 10 3 4
3243 7 6 2 3
3244 7 6 1 5
3245 8 7 3 1
3246 5 6 2 1
3247 2 3 2 3
3248 2 4 1 2
3249 2 3 3 1
3250 9 2 2 3
3251 14 9 2 6
3252 4 16 3 2
3253 7 4 1 6
3254 7 9 3 2
3255 1 10 2 1
3256 10 4 4 3
3257 14 14 4 1
3258 10 15 2 2
3259 22 7 2 4
3260 9 20 7 6
3261 4 14 1 1
3262 16 8 3 3
3263 14 18 5 3
3264 16 17 3 1
3265 9 17 3 2
3266 12 8 1 5
3267 20 9 1 3
3268 16 16 3 3
3269 8 13 5 5
3270 7 7 4 3
3271 11 7 2 1
3272 5 9 7 7
3273 6 6 1 3
3274 13 9 2 1
3275 17 12 2 4
3276 19 10 3 6
3277 17 17 4 4
3278 12 15 4 7
3279 5 13 4 6
3280 9 9 1 3
3281 12 11 1 2
3282 9 14 3 4
3283 8 13 0 2
3284 9 7 2 3
3285 8 7 1 3
3286 3 8 1 4
3287 5 3 0 1
3288 4 4 1 5
3289 6 3 2 0
3290 8 3 0 2
3291 13 5 2 2
3292 18 11 1 1
3293 15 13 3 5
3294 13 12 2 4
3295 13 12 5 1
3296 10 8 2 1
3297 6 8 4 2
3298 8 9 0 2
3299 15 9 3 3
3300 14 11 7 1
3301 23 14 2 5
3302 21 22 1 3
3303 7 17 5 4
3304 10 5 2 1
3305 14 10 4 8
3306 12 17 1 2
3307 8 12 4 2
3308 8 6 2 2
3309 4 6 1 3
3310 8 4 2 1
3311 9 6 2 2
3312 10 8 0 3
3313 11 7 0 5
3314 10 7 6 3
3315 11 7 2 3
3316 17 9 2 6
3317 17 17 2 4
3318 17 17 3 3
3319 19 17 5 1
3320 12 18 4 1
3321 10 14 2 4
3322 11 9 0 1
3323 13 5 1 7
3324 10 11 1 2
3325 15 9 1 1
3326 12 10 2 6
3327 9 12 2 2
3328 8 10 0 3
3329 3 5 0 3
3330 3 1 1 4
3331 3 4 2 3
3332 4 6 3 1
3333 3 6 1 1
3334 4 4 1 2
3335 3 6 2 2
3336 6 5 1 1
3337 2 5 0 2
3338 2 2 1 1
3339 7 2 0 1
3340 2 6 3 2
3341 3 4 1 1
3342 2 5 1 1
3343 4 3 0 2
3344 1 4 2 2
3345 4 3 0 0
3346 7 3 1 3
3347 4 6 2 1
3348 9 2 0 0
3349 7 7 4 2
3350 4 6 4 3
3351 6 5 2 1
3352 4 9 2 1
3353 7 2 1 1
3354 5 3 4 3
3355 5 4 5 2
3356 9 5 2 2
3357 5 11 1 4
3358 9 8 2 4
3359 7 9 2 3
3360 11 5 1 3
3361 12 10 0 3
3362 11 12 1 3
3363 8 11 2 2
3364 11 9 2 6
3365 11 13 1 1
3366 15 9 3 4
3367 14 13 1 6
3368 10 14 3 3
3369 8 13 1 3
3370 7 8 1 1
3371 7 4 1 6
3372 7 10 3 2
3373 10 8 1 0
3374 5 8 1 4
3375 9 4 2 1
3376 4 7 0 2
3377 9 1 2 1
3378 4 9 1 3
3379 6 4 0 1
3380 8 5 4 0
3381 9 8 2 2
3382 14 12 2 2
3383 7 13 3 1
3384 9 8 1 4
3385 9 11 1 2
3386 10 11 1 2
3387 6 9 1 3
3388 3 6 1 1
3389 2 2 2 2
3390 1 1 2 0
3391 2 2 0 2
3392 0 3 0 1
3393 3 0 1 1
3394 3 3 0 1
3395 5 2 3 1
3396 9 7 2 0
3397 8 9 1 3
3398 9 6 1 2
3399 8 7 3 2
3400 7 7 2 1
3401 9 6 1 2
3402 3 8 4 1
3403 8 5 1 1
3404 4 10 1 3
3405 1 4 2 2
3406 1 2 0 1
3407 3 1 1 1
3408 11 4 0 0
3409 12 11 1 3
3410 10 13 2 2
3411 4 8 2 5
3412 6 5 1 6
3413 3 7 0 2
3414 6 3 1 3
3415 7 2 2 3
3416 6 6 1 3
3417 3 8 1 1
3418 5 3 1 1
3419 4 5 1 1
3420 3 2 2 0
3421 3 1 1 3
3422 6 4 2 1
3423 3 7 0 1
3424 7 4 3 1
3425 5 6 3 2
3426 4 5 1 1
3427 6 4 1 1
3428 6 3 2 3
3429 0 5 0 3
3430 2 0 0 1
3431 1 2 0 0
3432 5 0 0 0
3433 5 2 4 0
3434 2 4 0 0
3435 4 0 0 2
3436 8 3 0 2
3437 6 5 3 1
3438 10 2 1 4
3439 9 8 0 6
3440 3 8 1 4
3441 2 5 0 2
3442 1 2 0 2
3443 2 0 0 1
3444 2 0 0 1
3445 1 1 0 1
3446 1 1 1 0
3447 1 2 0 0
3448 4 2 2 1
3449 1 6 0 0
3450 0 2 0 0
3451 0 0 0 2
3453 0 0 0 2
3454 0 1 0 1
3455 0 1 0 1
3456 2 1 0 1
3457 2 2 4 0
3458 5 6 2 2
3459 10 8 0 0
3460 10 12 1 2
3461 5 10 1 1
3462 2 4 2 3
3463 1 4 0 0
3464 1 2 1 0
3465 4 0 0 0
3466 4 1 1 1
3467 3 1 1 1
3468 4 0 2 0
3469 2 3 1 1
3470 3 3 0 0
3471 3 2 0 2
3472 2 3 2 1
3473 3 2 2 2
3474 7 6 0 1
3475 2 8 1 1
3476 0 2 1 3
3477 1 0 1 1
3478 1 2 1 1
3479 3 1 2 0
3480 10 4 0 1
3481 4 9 1 4
3482 4 4 1 2
3483 4 4 1 1
3484 5 3 0 1
3485 9 2 0 0
3486 4 5 1 2
3487 2 3 2 2
3488 0 3 0 1
3490 2 0 1 1
3491 1 2 1 0
3492 3 2 1 0
3493 4 3 2 1
3494 4 5 2 0
3495 0 4 2 1
3496 0 2 0 3
3497 1 1 0 0
3498 0 1 2 1
3499 3 2 1 0
3500 2 3 1 2
3501 2 2 1 0
3502 4 1 3 0
3503 3 5 0 0
3504 5 2 0 1
3505 4 3 0 1
3506 5 2 0 2
3507 5 2 1 0
3508 1 2 1 2
3509 3 1 1 0
3510 2 1 2 0
3511 3 2 1 1
3512 3 2 1 3
3513 2 3 0 1
3514 0 2 0 2
3515 1 0 0 1
3516 0 1 0 0
3519 1 0 1 0
3520 3 1 0 0
3521 4 2 2 3
3522 2 6 0 0
3523 2 1 1 0
3524 2 0 2 2
3525 2 0 1 1
3526 1 2 1 1
3527 3 2 0 1
3528 3 2 1 1
3529 3 3 0 0
3530 5 0 0 0
3531 0 2 1 3
3533 0 0 0 1
3534 0 1 0 0
3536 1 0 0 1
3537 2 1 1 0
3538 2 1 1 1
3539 1 3 1 1
3540 2 2 1 0
3541 1 2 0 1
3542 2 0 2 1
3543 1 2 0 2
3544 2 2 0 1
3545 1 4 1 1
3546 3 2 0 0
3547 2 3 0 0
3548 4 1 1 1
3549 0 2 1 2
3550 1 1 0 2
3551 1 2 0 1
3552 2 1 0 0
3553 2 0 0 1
3554 1 1 0 0
3555 1 0 0 0
3556 2 0 0 0
3557 0 0 1 1
3558 1 0 0 0
3559 1 1 0 0
3560 2 0 1 0
3561 1 1 0 0
3562 5 0 0 0
3563 2 3 2 0
3564 0 2 0 0
3566 1 0 1 0
3567 1 1 0 0
3568 0 1 1 0
3570 4 0 0 0
3571 5 4 0 0
3572 3 4 0 1
3573 2 2 1 0
3574 1 2 0 0
3575 1 0 0 0
3576 1 0 0 0
3577 0 0 0 1
3580 0 0 1 0
3581 0 1 0 0
3611 1 0 0 0
3612 1 1 1 0
3613 0 2 1 1
3614 2 2 1 1
3615 5 4 0 0
3616 8 4 0 2
3617 6 5 1 1
3618 3 4 1 0
3619 1 2 0 0
3620 1 0 1 1
3621 2 0 0 0
3622 1 1 0 2
3623 0 1 0 0
3632 3 0 0 0
3633 1 2 1 1
3634 3 2 0 0
3635 1 3 1 1
3636 1 3 0 0
3637 1 2 0 0
3638 2 1 0 2
3639 0 3 0 0
3640 4 0 0 0
3641 4 2 1 1
3642 5 4 1 3
3643 4 5 1 1
3644 3 4 1 0
3645 2 1 0 3
3646 5 1 1 2
3647 3 4 0 2
3648 5 4 0 0
3649 5 5 0 0
3650 4 4 0 1
3651 3 4 0 0
3652 5 1 1 1
3653 4 4 0 2
3654 2 4 0 1
3655 2 2 0 0
3656 0 1 1 0
3660 1 0 1 0
3661 0 1 0 0
3663 3 0 0 0
3664 3 2 0 0
3665 3 2 0 0
3666 5 2 1 1
3667 3 5 0 0
3668 7 3 2 0
3669 4 7 0 1
3670 3 5 0 1
3671 0 2 0 1
3672 1 0 0 0
3673 2 1 0 0
3674 4 1 0 0
3675 2 2 0 1
3676 0 1 0 1
3679 1 0 0 0
3680 1 0 0 0
3681 1 0 1 0
3682 3 1 1 0
3683 2 4 0 0
3684 2 2 0 1
3685 1 2 2 0
3686 1 0 0 0
3687 1 0 2 1
3688 0 2 0 0
3689 0 0 0 1
3690 0 1 0 0
3691 0 0 0 1
3692 0 1 0 0
3693 0 1 0 0
3694 0 1 0 1
3695 2 0 0 0
3696 3 2 0 1
3697 3 3 0 1
3698 2 3 1 0
3699 0 3 0 0
3700 1 0 0 0
3701 3 0 0 2
3702 1 2 0 1
3703 1 0 0 0
3704 1 0 0 0
3705 3 0 0 0
3706 1 1 0 1
3707 1 0 0 0
3708 1 0 1 0
3709 0 1 0 0
3711 0 0 1 0
3716 1 0 0 0
3717 2 0 0 0
3718 1 1 1 0
3719 2 0 0 0
3720 1 1 1 0
3721 0 0 1 0
3734 1 0 0 0
3735 1 0 0 0
3736 1 0 1 1
3737 2 1 1 0
3738 1 3 0 0
3739 2 1 0 0
3740 2 1 0 0
3741 2 0 0 1
3742 2 1 0 0
3743 1 0 0 1
3744 0 0 1 0
3745 1 0 1 0
3746 2 1 1 0
3747 3 3 2 0
3748 1 3 0 1
3749 2 1 0 1
3750 3 2 0 0
3751 3 3 1 0
3752 7 2 1 1
3753 6 5 0 2
3754 2 4 1 2
3755 1 2 1 0
3756 3 1 0 1
3757 4 4 1 0
3758 2 3 2 0
3759 1 2 0 1
3760 1 1 1 1
3761 1 1 1 1
3762 2 3 0 0
3763 2 2 1 1
3764 3 1 1 0
3765 3 3 0 1
3766 4 2 0 1
3767 2 3 1 0
3768 4 1 0 2
3769 2 3 0 1
3770 0 1 0 1
3774 1 0 0 0
3775 1 0 0 0
3776 1 0 0 0
3777 1 0 0 0
3778 0 0 1 0
3779 1 0 0 1
3780 2 1 0 0
3781 0 2 0 1
3782 1 1 0 0
3783 0 1 0 0
3795 0 0 1 0
3796 6 1 0 0
3797 3 6 1 0
3798 2 4 0 0
3799 0 3 0 1
3802 3 0 0 0
3803 1 3 0 1
3804 5 1 0 0
3805 3 4 0 1
3806 1 1 1 2
3807 0 1 0 2
3808 1 0 0 1
3809 1 1 0 0
3810 1 1 0 1
3811 0 2 1 0
3812 0 2 0 0
3813 0 1 0 0
3822 1 0 0 0
3823 0 0 1 0
3825 0 0 1 0
3826 0 1 0 0
3827 0 0 1 0
3828 1 0 0 1
3829 0 1 0 0
3830 2 0 0 1
3831 0 2 0 0
3844 1 0 0 0
3845 2 0 2 0
3846 2 3 0 0
3847 1 3 0 0
3848 1 0 0 0
3849 3 0 0 0
3850 4 1 0 0
3851 2 2 1 1
3852 2 2 0 0
3853 1 2 1 0
3854 0 2 1 0
3855 0 1 0 0
3856 1 1 0 0
3857 2 2 0 0
3858 1 2 0 1
3859 2 0 0 0
3860 0 1 1 0
3861 1 0 0 1
3862 1 2 0 0
3863 0 1 0 0
3867 1 0 0 0
3868 0 0 0 1
3899 3 0 0 0
3900 1 3 1 0
3901 0 2 0 0
3965 1 0 0 0
3966 1 0 0 0
3967 1 0 0 0
3968 2 0 0 0
3969 1 0 1 0
3970 0 0 1 0
3971 0 0 0 1
3972 0 1 0 0
3973 0 0 1 0
3974 1 1 1 0
3975 0 2 0 0
3976 1 1 0 0
3977 2 0 0 0
3978 2 1 0 0
3979 0 0 1 1
3981 1 0 0 0
3982 2 1 0 0
3983 2 1 0 0
3984 0 1 1 0
3991 0 0 0 1
