-1880 1
-1879 0
-1878 0
-1877 0
-1876 0
-1875 0
-1874 0
-1873 0
-1872 0
-1871 0
-1870 0
-1869 0
-1868 0
-1867 0
-1866 0
-1865 0
-1864 0
-1863 0
-1862 0
-1861 0
-1860 0
-1859 0
-1858 0
-1857 0
-1856 0
-1855 0
-1854 0
-1853 0
-1852 0
-1851 0
-1850 0
-1849 0
-1848 0
-1847 0
-1846 0
-1845 0
-1844 0
-1843 0
-1842 0
-1841 0
-1840 0
-1839 0
-1838 0
-1837 0
-1836 0
-1835 0
-1834 0
-1833 0
-1832 0
-1831 0
-1830 0
-1829 0
-1828 0
-1827 0
-1826 0
-1825 0
-1824 0
-1823 0
-1822 0
-1821 0
-1820 0
-1819 0
-1818 0
-1817 0
-1816 0
-1815 0
-1814 0
-1813 0
-1812 0
-1811 0
-1810 0
-1809 0
-1808 0
-1807 0
-1806 0
-1805 0
-1804 0
-1803 0
-1802 0
-1801 0
-1800 0
-1799 0
-1798 0
-1797 0
-1796 0
-1795 0
-1794 0
-1793 0
-1792 0
-1791 0
-1790 0
-1789 0
-1788 0
-1787 0
-1786 0
-1785 0
-1784 0
-1783 0
-1782 0
-1781 0
-1780 0
-1779 0
-1778 0
-1777 0
-1776 0
-1775 0
-1774 0
-1773 0
-1772 0
-1771 0
-1770 0
-1769 0
-1768 0
-1767 0
-1766 0
-1765 0
-1764 0
-1763 0
-1762 0
-1761 0
-1760 0
-1759 0
-1758 0
-1757 0
-1756 0
-1755 0
-1754 0
-1753 0
-1752 0
-1751 0
-1750 0
-1749 0
-1748 0
-1747 0
-1746 0
-1745 0
-1744 0
-1743 0
-1742 0
-1741 0
-1740 0
-1739 0
-1738 0
-1737 0
-1736 0
-1735 0
-1734 0
-1733 0
-1732 0
-1731 0
-1730 0
-1729 0
-1728 0
-1727 0
-1726 0
-1725 0
-1724 0
-1723 0
-1722 0
-1721 0
-1720 0
-1719 0
-1718 0
-1717 0
-1716 0
-1715 0
-1714 0
-1713 0
-1712 0
-1711 1
-1710 0
-1709 0
-1708 0
-1707 0
-1706 0
-1705 0
-1704 0
-1703 0
-1702 0
-1701 0
-1700 0
-1699 0
-1698 0
-1697 0
-1696 0
-1695 0
-1694 0
-1693 0
-1692 0
-1691 0
-1690 0
-1689 0
-1688 0
-1687 0
-1686 0
-1685 0
-1684 0
-1683 0
-1682 0
-1681 0
-1680 0
-1679 0
-1678 0
-1677 0
-1676 0
-1675 0
-1674 0
-1673 0
-1672 0
-1671 0
-1670 0
-1669 0
-1668 0
-1667 0
-1666 0
-1665 0
-1664 0
-1663 0
-1662 0
-1661 0
-1660 0
-1659 0
-1658 0
-1657 0
-1656 0
-1655 0
-1654 0
-1653 0
-1652 0
-1651 0
-1650 0
-1649 0
-1648 0
-1647 0
-1646 0
-1645 0
-1644 0
-1643 0
-1642 0
-1641 0
-1640 0
-1639 0
-1638 0
-1637 0
-1636 0
-1635 0
-1634 0
-1633 0
-1632 0
-1631 0
-1630 0
-1629 0
-1628 0
-1627 0
-1626 0
-1625 0
-1624 0
-1623 0
-1622 0
-1621 0
-1620 1
-1619 0
-1618 0
-1617 0
-1616 0
-1615 0
-1614 0
-1613 0
-1612 0
-1611 0
-1610 0
-1609 1
-1608 0
-1607 0
-1606 0
-1605 0
-1604 0
-1603 0
-1602 0
-1601 0
-1600 0
-1599 0
-1598 0
-1597 0
-1596 0
-1595 0
-1594 0
-1593 0
-1592 0
-1591 0
-1590 0
-1589 0
-1588 0
-1587 0
-1586 0
-1585 0
-1584 0
-1583 0
-1582 0
-1581 0
-1580 0
-1579 0
-1578 0
-1577 0
-1576 0
-1575 0
-1574 0
-1573 0
-1572 0
-1571 0
-1570 0
-1569 0
-1568 0
-1567 0
-1566 0
-1565 1
-1564 0
-1563 0
-1562 0
-1561 0
-1560 0
-1559 0
-1558 0
-1557 0
-1556 0
-1555 0
-1554 0
-1553 0
-1552 0
-1551 0
-1550 0
-1549 0
-1548 0
-1547 0
-1546 1
-1545 0
-1544 0
-1543 0
-1542 1
-1541 0
-1540 0
-1539 0
-1538 0
-1537 0
-1536 0
-1535 0
-1534 0
-1533 0
-1532 0
-1531 0
-1530 0
-1529 0
-1528 0
-1527 0
-1526 0
-1525 0
-1524 0
-1523 0
-1522 1
-1521 0
-1520 0
-1519 0
-1518 0
-1517 0
-1516 1
-1515 0
-1514 0
-1513 0
-1512 0
-1511 0
-1510 0
-1509 0
-1508 0
-1507 0
-1506 0
-1505 0
-1504 0
-1503 0
-1502 0
-1501 0
-1500 0
-1499 0
-1498 0
-1497 0
-1496 0
-1495 0
-1494 0
-1493 0
-1492 0
-1491 0
-1490 0
-1489 0
-1488 0
-1487 0
-1486 0
-1485 0
-1484 0
-1483 0
-1482 0
-1481 0
-1480 0
-1479 0
-1478 0
-1477 0
-1476 0
-1475 0
-1474 0
-1473 0
-1472 0
-1471 1
-1470 0
-1469 1
-1468 0
-1467 1
-1466 0
-1465 0
-1464 1
-1463 0
-1462 0
-1461 0
-1460 1
-1459 0
-1458 0
-1457 0
-1456 0
-1455 0
-1454 0
-1453 0
-1452 0
-1451 0
-1450 0
-1449 0
-1448 0
-1447 0
-1446 0
-1445 0
-1444 0
-1443 0
-1442 0
-1441 0
-1440 0
-1439 0
-1438 0
-1437 0
-1436 0
-1435 1
-1434 0
-1433 0
-1432 0
-1431 0
-1430 0
-1429 1
-1428 0
-1427 0
-1426 0
-1425 0
-1424 1
-1423 0
-1422 0
-1421 0
-1420 0
-1419 0
-1418 0
-1417 0
-1416 0
-1415 0
-1414 0
-1413 0
-1412 0
-1411 1
-1410 0
-1409 0
-1408 0
-1407 1
-1406 0
-1405 0
-1404 0
-1403 0
-1402 0
-1401 0
-1400 0
-1399 0
-1398 0
-1397 0
-1396 0
-1395 0
-1394 0
-1393 0
-1392 0
-1391 0
-1390 0
-1389 0
-1388 0
-1387 1
-1386 0
-1385 1
-1384 1
-1383 0
-1382 1
-1381 0
-1380 0
-1379 0
-1378 0
-1377 1
-1376 1
-1375 0
-1374 0
-1373 0
-1372 1
-1371 0
-1370 0
-1369 0
-1368 0
-1367 1
-1366 0
-1365 0
-1364 0
-1363 0
-1362 1
-1361 0
-1360 1
-1359 1
-1358 0
-1357 0
-1356 0
-1355 1
-1354 0
-1353 0
-1352 0
-1351 0
-1350 0
-1349 0
-1348 0
-1347 0
-1346 0
-1345 0
-1344 0
-1343 0
-1342 0
-1341 0
-1340 0
-1339 0
-1338 1
-1337 0
-1336 0
-1335 0
-1334 1
-1333 0
-1332 0
-1331 1
-1330 0
-1329 0
-1328 0
-1327 1
-1326 0
-1325 0
-1324 1
-1323 0
-1322 1
-1321 0
-1320 2
-1319 1
-1318 1
-1317 0
-1316 0
-1315 0
-1314 1
-1313 0
-1312 0
-1311 0
-1310 1
-1309 0
-1308 0
-1307 0
-1306 1
-1305 1
-1304 0
-1303 1
-1302 1
-1301 3
-1300 0
-1299 0
-1298 0
-1297 1
-1296 0
-1295 0
-1294 0
-1293 1
-1292 1
-1291 0
-1290 1
-1289 2
-1288 1
-1287 0
-1286 0
-1285 1
-1284 1
-1283 0
-1282 0
-1281 0
-1280 0
-1279 1
-1278 1
-1277 0
-1276 1
-1275 0
-1274 1
-1273 0
-1272 0
-1271 1
-1270 0
-1269 1
-1268 0
-1267 0
-1266 0
-1265 0
-1264 0
-1263 0
-1262 0
-1261 1
-1260 0
-1259 2
-1258 0
-1257 0
-1256 0
-1255 0
-1254 0
-1253 1
-1252 1
-1251 1
-1250 0
-1249 0
-1248 0
-1247 0
-1246 2
-1245 2
-1244 1
-1243 1
-1242 2
-1241 1
-1240 1
-1239 0
-1238 1
-1237 1
-1236 0
-1235 1
-1234 1
-1233 0
-1232 0
-1231 0
-1230 0
-1229 0
-1228 0
-1227 0
-1226 0
-1225 1
-1224 1
-1223 1
-1222 1
-1221 1
-1220 0
-1219 3
-1218 1
-1217 0
-1216 0
-1215 2
-1214 0
-1213 1
-1212 0
-1211 1
-1210 1
-1209 0
-1208 0
-1207 2
-1206 3
-1205 1
-1204 0
-1203 1
-1202 1
-1201 0
-1200 0
-1199 1
-1198 2
-1197 1
-1196 0
-1195 1
-1194 1
-1193 1
-1192 1
-1191 1
-1190 1
-1189 1
-1188 0
-1187 0
-1186 2
-1185 1
-1184 3
-1183 1
-1182 2
-1181 3
-1180 1
-1179 2
-1178 4
-1177 0
-1176 1
-1175 0
-1174 1
-1173 0
-1172 1
-1171 1
-1170 3
-1169 1
-1168 0
-1167 0
-1166 0
-1165 0
-1164 1
-1163 1
-1162 2
-1161 3
-1160 1
-1159 1
-1158 2
-1157 2
-1156 2
-1155 0
-1154 0
-1153 3
-1152 2
-1151 3
-1150 1
-1149 2
-1148 1
-1147 2
-1146 2
-1145 1
-1144 0
-1143 1
-1142 0
-1141 1
-1140 5
-1139 0
-1138 2
-1137 3
-1136 2
-1135 1
-1134 2
-1133 4
-1132 1
-1131 1
-1130 3
-1129 2
-1128 0
-1127 1
-1126 4
-1125 1
-1124 0
-1123 1
-1122 6
-1121 1
-1120 2
-1119 4
-1118 4
-1117 0
-1116 4
-1115 3
-1114 1
-1113 3
-1112 4
-1111 1
-1110 0
-1109 1
-1108 1
-1107 2
-1106 1
-1105 3
-1104 1
-1103 1
-1102 1
-1101 2
-1100 0
-1099 2
-1098 3
-1097 3
-1096 4
-1095 4
-1094 0
-1093 2
-1092 2
-1091 1
-1090 3
-1089 0
-1088 3
-1087 1
-1086 5
-1085 3
-1084 1
-1083 2
-1082 4
-1081 2
-1080 4
-1079 0
-1078 1
-1077 1
-1076 3
-1075 3
-1074 3
-1073 3
-1072 1
-1071 5
-1070 3
-1069 1
-1068 3
-1067 4
-1066 3
-1065 3
-1064 3
-1063 0
-1062 3
-1061 3
-1060 2
-1059 3
-1058 1
-1057 7
-1056 0
-1055 2
-1054 1
-1053 3
-1052 1
-1051 2
-1050 3
-1049 1
-1048 1
-1047 2
-1046 2
-1045 5
-1044 5
-1043 5
-1042 6
-1041 2
-1040 4
-1039 3
-1038 7
-1037 4
-1036 3
-1035 4
-1034 1
-1033 7
-1032 2
-1031 3
-1030 0
-1029 2
-1028 7
-1027 2
-1026 2
-1025 4
-1024 3
-1023 3
-1022 8
-1021 4
-1020 1
-1019 2
-1018 9
-1017 3
-1016 6
-1015 5
-1014 2
-1013 3
-1012 5
-1011 3
-1010 3
-1009 3
-1008 4
-1007 4
-1006 3
-1005 5
-1004 3
-1003 5
-1002 8
-1001 8
-1000 4
-999 4
-998 2
-997 3
-996 7
-995 1
-994 3
-993 2
-992 4
-991 6
-990 1
-989 5
-988 6
-987 4
-986 4
-985 1
-984 0
-983 2
-982 5
-981 4
-980 7
-979 3
-978 4
-977 4
-976 4
-975 4
-974 5
-973 2
-972 6
-971 2
-970 6
-969 6
-968 8
-967 6
-966 1
-965 4
-964 8
-963 6
-962 6
-961 7
-960 6
-959 3
-958 9
-957 7
-956 2
-955 6
-954 5
-953 5
-952 2
-951 7
-950 8
-949 2
-948 6
-947 6
-946 4
-945 6
-944 8
-943 7
-942 1
-941 5
-940 11
-939 8
-938 5
-937 4
-936 6
-935 11
-934 5
-933 9
-932 4
-931 6
-930 8
-929 4
-928 10
-927 3
-926 8
-925 9
-924 5
-923 8
-922 6
-921 8
-920 10
-919 6
-918 11
-917 6
-916 9
-915 5
-914 5
-913 7
-912 7
-911 5
-910 11
-909 5
-908 9
-907 10
-906 9
-905 11
-904 3
-903 7
-902 11
-901 7
-900 7
-899 6
-898 8
-897 5
-896 4
-895 16
-894 5
-893 12
-892 5
-891 5
-890 5
-889 9
-888 3
-887 7
-886 5
-885 12
-884 9
-883 11
-882 8
-881 7
-880 13
-879 8
-878 13
-877 13
-876 7
-875 13
-874 12
-873 8
-872 10
-871 8
-870 13
-869 8
-868 8
-867 12
-866 5
-865 11
-864 15
-863 8
-862 10
-861 12
-860 11
-859 10
-858 8
-857 7
-856 10
-855 10
-854 9
-853 10
-852 5
-851 11
-850 12
-849 12
-848 15
-847 9
-846 4
-845 11
-844 8
-843 17
-842 6
-841 16
-840 15
-839 6
-838 18
-837 14
-836 15
-835 12
-834 13
-833 14
-832 14
-831 11
-830 11
-829 11
-828 11
-827 17
-826 12
-825 11
-824 13
-823 15
-822 13
-821 22
-820 6
-819 17
-818 12
-817 6
-816 8
-815 12
-814 17
-813 7
-812 10
-811 11
-810 9
-809 9
-808 15
-807 17
-806 10
-805 22
-804 17
-803 16
-802 14
-801 18
-800 14
-799 24
-798 14
-797 10
-796 15
-795 20
-794 17
-793 13
-792 15
-791 16
-790 16
-789 18
-788 20
-787 20
-786 14
-785 19
-784 9
-783 10
-782 17
-781 13
-780 18
-779 14
-778 14
-777 16
-776 22
-775 12
-774 18
-773 14
-772 14
-771 20
-770 11
-769 21
-768 20
-767 13
-766 15
-765 18
-764 16
-763 21
-762 20
-761 19
-760 20
-759 31
-758 18
-757 28
-756 21
-755 26
-754 21
-753 23
-752 14
-751 24
-750 18
-749 19
-748 25
-747 22
-746 23
-745 24
-744 27
-743 20
-742 26
-741 21
-740 31
-739 21
-738 32
-737 21
-736 18
-735 25
-734 19
-733 28
-732 22
-731 30
-730 32
-729 29
-728 20
-727 21
-726 20
-725 18
-724 22
-723 21
-722 29
-721 21
-720 26
-719 19
-718 25
-717 29
-716 33
-715 22
-714 26
-713 23
-712 29
-711 25
-710 28
-709 28
-708 26
-707 30
-706 27
-705 27
-704 33
-703 38
-702 28
-701 22
-700 22
-699 30
-698 25
-697 28
-696 40
-695 25
-694 28
-693 27
-692 21
-691 30
-690 42
-689 29
-688 27
-687 31
-686 27
-685 37
-684 30
-683 32
-682 37
-681 19
-680 37
-679 47
-678 29
-677 32
-676 37
-675 42
-674 34
-673 36
-672 27
-671 31
-670 38
-669 49
-668 39
-667 32
-666 42
-665 34
-664 38
-663 27
-662 37
-661 43
-660 35
-659 38
-658 39
-657 30
-656 33
-655 39
-654 45
-653 37
-652 20
-651 42
-650 49
-649 36
-648 35
-647 37
-646 49
-645 46
-644 41
-643 30
-642 39
-641 33
-640 47
-639 41
-638 42
-637 51
-636 37
-635 36
-634 35
-633 30
-632 48
-631 36
-630 54
-629 38
-628 42
-627 59
-626 40
-625 54
-624 33
-623 42
-622 68
-621 54
-620 48
-619 39
-618 35
-617 53
-616 33
-615 50
-614 50
-613 53
-612 44
-611 41
-610 45
-609 62
-608 47
-607 46
-606 49
-605 55
-604 43
-603 66
-602 62
-601 55
-600 52
-599 57
-598 34
-597 49
-596 51
-595 45
-594 55
-593 51
-592 64
-591 54
-590 41
-589 53
-588 56
-587 65
-586 71
-585 57
-584 56
-583 54
-582 55
-581 61
-580 51
-579 57
-578 53
-577 55
-576 65
-575 66
-574 75
-573 64
-572 60
-571 69
-570 63
-569 65
-568 70
-567 77
-566 65
-565 72
-564 76
-563 62
-562 64
-561 61
-560 72
-559 66
-558 87
-557 75
-556 67
-555 77
-554 74
-553 81
-552 79
-551 73
-550 61
-549 73
-548 77
-547 70
-546 62
-545 79
-544 85
-543 70
-542 83
-541 84
-540 76
-539 78
-538 81
-537 73
-536 77
-535 75
-534 87
-533 91
-532 84
-531 89
-530 94
-529 86
-528 75
-527 81
-526 75
-525 87
-524 102
-523 87
-522 85
-521 86
-520 93
-519 101
-518 89
-517 84
-516 104
-515 96
-514 89
-513 83
-512 94
-511 96
-510 89
-509 111
-508 98
-507 122
-506 116
-505 104
-504 100
-503 102
-502 97
-501 115
-500 87
-499 114
-498 109
-497 95
-496 103
-495 117
-494 87
-493 112
-492 111
-491 122
-490 117
-489 109
-488 125
-487 99
-486 111
-485 111
-484 135
-483 144
-482 106
-481 110
-480 134
-479 135
-478 123
-477 119
-476 129
-475 118
-474 110
-473 135
-472 124
-471 133
-470 134
-469 121
-468 122
-467 118
-466 139
-465 128
-464 140
-463 130
-462 131
-461 135
-460 116
-459 106
-458 140
-457 134
-456 122
-455 129
-454 131
-453 124
-452 127
-451 146
-450 153
-449 141
-448 148
-447 139
-446 116
-445 130
-444 131
-443 164
-442 183
-441 149
-440 150
-439 170
-438 152
-437 151
-436 153
-435 144
-434 171
-433 159
-432 160
-431 147
-430 160
-429 181
-428 138
-427 174
-426 185
-425 176
-424 166
-423 165
-422 188
-421 171
-420 168
-419 172
-418 190
-417 191
-416 167
-415 192
-414 170
-413 195
-412 195
-411 190
-410 210
-409 185
-408 188
-407 189
-406 192
-405 198
-404 195
-403 215
-402 187
-401 208
-400 212
-399 193
-398 221
-397 214
-396 246
-395 199
-394 198
-393 227
-392 216
-391 201
-390 222
-389 238
-388 198
-387 240
-386 233
-385 239
-384 236
-383 211
-382 240
-381 236
-380 236
-379 230
-378 247
-377 252
-376 223
-375 271
-374 271
-373 235
-372 251
-371 256
-370 239
-369 274
-368 277
-367 298
-366 244
-365 271
-364 283
-363 270
-362 288
-361 275
-360 260
-359 259
-358 246
-357 277
-356 261
-355 304
-354 263
-353 331
-352 300
-351 271
-350 324
-349 275
-348 320
-347 338
-346 300
-345 325
-344 328
-343 323
-342 317
-341 331
-340 316
-339 362
-338 326
-337 337
-336 342
-335 312
-334 346
-333 334
-332 338
-331 334
-330 388
-329 339
-328 360
-327 387
-326 357
-325 350
-324 394
-323 375
-322 379
-321 369
-320 366
-319 355
-318 424
-317 403
-316 376
-315 377
-314 413
-313 384
-312 385
-311 403
-310 413
-309 431
-308 400
-307 475
-306 471
-305 423
-304 443
-303 453
-302 474
-301 408
-300 458
-299 485
-298 448
-297 458
-296 497
-295 460
-294 533
-293 480
-292 492
-291 495
-290 546
-289 489
-288 461
-287 489
-286 519
-285 474
-284 518
-283 546
-282 495
-281 527
-280 564
-279 524
-278 538
-277 546
-276 573
-275 567
-274 547
-273 564
-272 550
-271 591
-270 604
-269 601
-268 562
-267 625
-266 566
-265 614
-264 612
-263 624
-262 643
-261 588
-260 624
-259 688
-258 682
-257 699
-256 665
-255 678
-254 645
-253 691
-252 640
-251 654
-250 720
-249 709
-248 711
-247 695
-246 744
-245 743
-244 743
-243 787
-242 762
-241 762
-240 760
-239 753
-238 800
-237 861
-236 786
-235 824
-234 800
-233 847
-232 881
-231 809
-230 870
-229 841
-228 909
-227 899
-226 871
-225 895
-224 905
-223 901
-222 969
-221 889
-220 920
-219 905
-218 952
-217 983
-216 1004
-215 1037
-214 995
-213 1019
-212 1007
-211 1031
-210 1010
-209 1061
-208 1020
-207 1052
-206 1075
-205 1051
-204 1166
-203 1136
-202 1138
-201 1110
-200 1087
-199 1186
-198 1167
-197 1175
-196 1175
-195 1204
-194 1200
-193 1292
-192 1337
-191 1296
-190 1265
-189 1367
-188 1286
-187 1330
-186 1410
-185 1340
-184 1358
-183 1355
-182 1353
-181 1421
-180 1406
-179 1455
-178 1446
-177 1446
-176 1514
-175 1563
-174 1508
-173 1532
-172 1560
-171 1605
-170 1530
-169 1688
-168 1662
-167 1645
-166 1659
-165 1735
-164 1766
-163 1778
-162 1767
-161 1803
-160 1836
-159 1877
-158 1947
-157 1824
-156 1941
-155 1855
-154 1948
-153 2001
-152 1999
-151 2046
-150 2047
-149 2135
-148 2216
-147 2171
-146 2160
-145 2158
-144 2214
-143 2334
-142 2322
-141 2331
-140 2321
-139 2373
-138 2400
-137 2456
-136 2479
-135 2457
-134 2477
-133 2524
-132 2577
-131 2690
-130 2801
-129 2812
-128 2750
-127 2857
-126 2886
-125 2935
-124 3060
-123 3004
-122 3038
-121 3176
-120 3177
-119 3173
-118 3309
-117 3360
-116 3371
-115 3359
-114 3500
-113 3511
-112 3697
-111 3579
-110 3627
-109 3683
-108 3766
-107 3876
-106 3945
-105 4126
-104 4235
-103 4168
-102 4193
-101 4187
-100 4269
-99 4431
-98 4598
-97 4632
-96 4629
-95 4860
-94 4850
-93 4963
-92 5099
-91 5160
-90 5141
-89 5281
-88 5380
-87 5634
-86 5788
-85 5651
-84 5968
-83 5982
-82 6216
-81 6260
-80 6392
-79 6769
-78 6672
-77 6949
-76 7149
-75 7187
-74 7289
-73 7450
-72 7705
-71 7755
-70 8051
-69 8098
-68 8427
-67 8609
-66 8919
-65 9130
-64 9369
-63 9548
-62 9849
-61 10015
-60 10260
-59 10598
-58 11037
-57 11154
-56 11529
-55 11760
-54 12320
-53 12446
-52 12960
-51 13193
-50 13724
-49 14381
-48 14945
-47 14972
-46 15727
-45 16186
-44 16654
-43 17596
-42 18146
-41 18928
-40 19759
-39 20396
-38 21137
-37 22240
-36 22735
-35 24165
-34 25140
-33 26455
-32 27612
-31 29035
-30 30244
-29 32126
-28 33966
-27 35778
-26 37772
-25 40554
-24 42929
-23 46010
-22 48737
-21 52451
-20 56477
-19 61258
-18 66323
-17 72599
-16 79813
-15 87623
-14 97482
-13 109070
-12 122614
-11 140440
-10 163234
-9 193464
-8 233469
-7 288290
-6 370951
-5 502521
-4 747619
-3 1295992
-2 3235622
-1 24526816
0 0
1 25605620
2 2501355
3 1094347
4 681104
5 474173
6 355196
7 280011
8 228276
9 188928
10 160897
11 138530
12 121151
13 108161
14 96449
15 86312
16 78911
17 72087
18 65815
19 60627
20 56261
21 52516
22 48829
23 45757
24 42480
25 39871
26 37768
27 36124
28 33837
29 32251
30 30281
31 28731
32 27502
33 26377
34 25110
35 24024
36 22815
37 21918
38 21102
39 20309
40 19628
41 18759
42 18145
43 17757
44 16646
45 16105
46 15568
47 15229
48 14724
49 14196
50 13757
51 13225
52 12924
53 12494
54 12163
55 11735
56 11573
57 11366
58 10864
59 10666
60 10155
61 10017
62 9889
63 9610
64 9315
65 9097
66 8889
67 8645
68 8557
69 8039
70 8031
71 7731
72 7651
73 7521
74 7344
75 7175
76 7084
77 6903
78 6587
79 6609
80 6390
81 6286
82 6122
83 6007
84 5950
85 5886
86 5689
87 5698
88 5435
89 5359
90 5366
91 5186
92 5110
93 4840
94 4840
95 4761
96 4691
97 4674
98 4607
99 4448
100 4367
101 4354
102 4247
103 4109
104 4091
105 4117
106 3905
107 3871
108 3665
109 3611
110 3637
111 3704
112 3660
113 3539
114 3451
115 3413
116 3386
117 3350
118 3228
119 3242
120 3244
121 3116
122 3093
123 3033
124 2952
125 2902
126 2857
127 2787
128 2739
129 2782
130 2722
131 2676
132 2553
133 2565
134 2575
135 2470
136 2473
137 2445
138 2417
139 2361
140 2332
141 2324
142 2296
143 2249
144 2273
145 2194
146 2128
147 2067
148 2142
149 2062
150 2135
151 2040
152 2047
153 2014
154 2019
155 1983
156 2000
157 1897
158 1811
159 1835
160 1863
161 1792
162 1810
163 1800
164 1752
165 1748
166 1707
167 1718
168 1646
169 1650
170 1637
171 1638
172 1553
173 1544
174 1596
175 1515
176 1484
177 1447
178 1434
179 1478
180 1445
181 1445
182 1373
183 1321
184 1387
185 1327
186 1309
187 1330
188 1312
189 1230
190 1288
191 1324
192 1222
193 1264
194 1247
195 1238
196 1209
197 1138
198 1127
199 1177
200 1126
201 1122
202 1200
203 1150
204 1058
205 1083
206 1087
207 1082
208 1060
209 1055
210 1026
211 1032
212 975
213 940
214 977
215 983
216 1007
217 986
218 903
219 937
220 896
221 894
222 977
223 951
224 895
225 929
226 913
227 836
228 859
229 902
230 794
231 858
232 783
233 844
234 816
235 780
236 819
237 809
238 801
239 713
240 727
241 762
242 755
243 777
244 700
245 749
246 764
247 726
248 740
249 693
250 665
251 703
252 722
253 771
254 646
255 687
256 670
257 612
258 685
259 614
260 603
261 617
262 656
263 625
264 609
265 589
266 593
267 597
268 592
269 626
270 582
271 549
272 599
273 558
274 578
275 566
276 569
277 583
278 574
279 533
280 538
281 517
282 527
283 528
284 532
285 501
286 473
287 503
288 526
289 473
290 503
291 458
292 451
293 443
294 435
295 499
296 471
297 444
298 461
299 430
300 435
301 466
302 411
303 430
304 467
305 441
306 428
307 466
308 423
309 367
310 432
311 396
312 391
313 395
314 408
315 374
316 387
317 362
318 390
319 424
320 393
321 372
322 389
323 389
324 363
325 363
326 390
327 368
328 339
329 358
330 342
331 331
332 362
333 349
334 351
335 325
336 318
337 292
338 327
339 336
340 315
341 324
342 362
343 300
344 301
345 316
346 309
347 327
348 331
349 283
350 295
351 278
352 268
353 288
354 296
355 287
356 303
357 273
358 247
359 275
360 280
361 264
362 267
363 290
364 271
365 291
366 242
367 266
368 273
369 262
370 273
371 250
372 260
373 273
374 266
375 246
376 236
377 250
378 250
379 254
380 240
381 217
382 224
383 218
384 248
385 226
386 215
387 242
388 239
389 224
390 200
391 250
392 217
393 225
394 226
395 194
396 227
397 210
398 220
399 216
400 203
401 209
402 183
403 192
404 208
405 189
406 194
407 196
408 184
409 184
410 189
411 175
412 218
413 189
414 167
415 183
416 186
417 188
418 184
419 173
420 189
421 183
422 189
423 156
424 160
425 155
426 160
427 171
428 170
429 173
430 177
431 167
432 166
433 157
434 153
435 176
436 168
437 169
438 132
439 143
440 155
441 160
442 156
443 151
444 171
445 145
446 142
447 145
448 134
449 159
450 144
451 151
452 153
453 132
454 121
455 129
456 155
457 129
458 139
459 141
460 139
461 145
462 112
463 134
464 132
465 134
466 130
467 117
468 119
469 139
470 136
471 125
472 138
473 102
474 121
475 107
476 116
477 127
478 128
479 122
480 111
481 119
482 137
483 108
484 113
485 101
486 126
487 109
488 130
489 101
490 118
491 103
492 113
493 124
494 115
495 87
496 100
497 109
498 98
499 97
500 113
501 103
502 107
503 108
504 109
505 99
506 96
507 98
508 95
509 93
510 89
511 80
512 99
513 71
514 98
515 92
516 82
517 93
518 90
519 88
520 86
521 77
522 81
523 81
524 92
525 77
526 95
527 74
528 81
529 69
530 80
531 74
532 68
533 91
534 86
535 85
536 85
537 75
538 71
539 89
540 100
541 87
542 89
543 76
544 76
545 85
546 80
547 86
548 71
549 71
550 68
551 76
552 73
553 83
554 72
555 66
556 73
557 60
558 83
559 76
560 68
561 64
562 73
563 68
564 75
565 58
566 69
567 73
568 69
569 50
570 72
571 66
572 69
573 66
574 68
575 65
576 63
577 61
578 50
579 65
580 42
581 69
582 65
583 63
584 61
585 57
586 45
587 59
588 47
589 63
590 52
591 55
592 66
593 58
594 61
595 58
596 51
597 55
598 61
599 51
600 50
601 53
602 59
603 56
604 43
605 54
606 50
607 60
608 59
609 45
610 41
611 57
612 48
613 42
614 52
615 41
616 55
617 51
618 55
619 51
620 42
621 51
622 42
623 55
624 48
625 57
626 48
627 40
628 51
629 40
630 54
631 45
632 39
633 44
634 55
635 34
636 44
637 35
638 36
639 43
640 42
641 37
642 50
643 34
644 44
645 50
646 34
647 47
648 40
649 40
650 42
651 52
652 37
653 34
654 33
655 50
656 43
657 37
658 28
659 30
660 29
661 35
662 33
663 41
664 44
665 41
666 38
667 28
668 29
669 30
670 44
671 37
672 44
673 30
674 40
675 41
676 29
677 42
678 39
679 30
680 32
681 23
682 29
683 34
684 26
685 40
686 33
687 30
688 30
689 29
690 24
691 34
692 31
693 28
694 39
695 25
696 31
697 34
698 21
699 34
700 25
701 29
702 27
703 32
704 29
705 35
706 28
707 21
708 15
709 25
710 33
711 25
712 27
713 34
714 24
715 31
716 33
717 24
718 20
719 27
720 18
721 28
722 26
723 27
724 23
725 35
726 21
727 34
728 37
729 20
730 21
731 17
732 22
733 30
734 20
735 19
736 25
737 16
738 16
739 25
740 21
741 14
742 21
743 18
744 23
745 25
746 20
747 26
748 24
749 29
750 21
751 19
752 25
753 17
754 30
755 23
756 15
757 24
758 18
759 15
760 25
761 16
762 12
763 18
764 17
765 20
766 15
767 18
768 15
769 13
770 17
771 10
772 10
773 17
774 22
775 25
776 9
777 9
778 18
779 20
780 17
781 16
782 13
783 23
784 19
785 20
786 12
787 12
788 18
789 11
790 14
791 12
792 16
793 17
794 14
795 12
796 7
797 20
798 16
799 17
800 13
801 23
802 9
803 15
804 19
805 16
806 16
807 11
808 14
809 16
810 18
811 10
812 17
813 15
814 16
815 14
816 15
817 23
818 18
819 14
820 7
821 18
822 13
823 20
824 17
825 13
826 13
827 11
828 13
829 13
830 10
831 9
832 11
833 14
834 12
835 7
836 14
837 10
838 13
839 12
840 10
841 19
842 11
843 13
844 7
845 12
846 9
847 9
848 6
849 4
850 4
851 11
852 9
853 10
854 7
855 12
856 9
857 8
858 6
859 13
860 8
861 10
862 14
863 12
864 15
865 7
866 9
867 12
868 8
869 10
870 10
871 12
872 11
873 8
874 14
875 10
876 5
877 12
878 13
879 5
880 8
881 7
882 10
883 10
884 12
885 8
886 4
887 4
888 9
889 6
890 10
891 9
892 4
893 6
894 7
895 11
896 7
897 4
898 6
899 2
900 10
901 7
902 9
903 5
904 5
905 9
906 8
907 7
908 9
909 8
910 8
911 9
912 6
913 4
914 10
915 3
916 10
917 6
918 8
919 6
920 10
921 10
922 11
923 7
924 5
925 8
926 9
927 9
928 4
929 6
930 2
931 8
932 4
933 4
934 5
935 7
936 7
937 2
938 4
939 8
940 7
941 3
942 7
943 4
944 8
945 7
946 3
947 9
948 3
949 6
950 3
951 3
952 3
953 4
954 3
955 8
956 5
957 2
958 6
959 5
960 10
961 1
962 3
963 5
964 8
965 4
966 3
967 3
968 4
969 6
970 5
971 2
972 4
973 4
974 5
975 9
976 3
977 5
978 6
979 5
980 7
981 3
982 7
983 1
984 3
985 2
986 3
987 4
988 1
989 5
990 5
991 3
992 4
993 3
994 3
995 7
996 2
997 7
998 2
999 8
1000 6
1001 5
1002 3
1003 7
1004 2
1005 4
1006 7
1007 7
1008 6
1009 4
1010 6
1011 2
1012 2
1013 5
1014 6
1015 4
1016 4
1017 6
1018 4
1019 3
1020 2
1021 3
1022 4
1023 3
1024 2
1025 4
1026 3
1027 3
1028 4
1029 3
1030 1
1031 5
1032 2
1033 3
1034 5
1035 0
1036 2
1037 3
1038 1
1039 3
1040 6
1041 1
1042 3
1043 3
1044 3
1045 4
1046 1
1047 1
1048 5
1049 2
1050 4
1051 2
1052 1
1053 7
1054 2
1055 1
1056 0
1057 2
1058 0
1059 1
1060 1
1061 2
1062 2
1063 1
1064 2
1065 4
1066 1
1067 1
1068 0
1069 1
1070 4
1071 1
1072 2
1073 2
1074 1
1075 1
1076 2
1077 3
1078 4
1079 1
1080 0
1081 1
1082 1
1083 3
1084 1
1085 3
1086 3
1087 4
1088 1
1089 1
1090 4
1091 3
1092 3
1093 1
1094 1
1095 3
1096 1
1097 0
1098 2
1099 2
1100 2
1101 4
1102 0
1103 3
1104 2
1105 3
1106 4
1107 2
1108 3
1109 1
1110 2
1111 1
1112 2
1113 2
1114 4
1115 4
1116 2
1117 1
1118 1
1119 1
1120 3
1121 0
1122 3
1123 1
1124 3
1125 0
1126 0
1127 2
1128 4
1129 2
1130 5
1131 3
1132 3
1133 3
1134 0
1135 2
1136 0
1137 0
1138 0
1139 1
1140 0
1141 1
1142 3
1143 2
1144 3
1145 1
1146 2
1147 1
1148 1
1149 2
1150 2
1151 0
1152 3
1153 0
1154 3
1155 1
1156 1
1157 6
1158 1
1159 4
1160 2
1161 1
1162 2
1163 1
1164 2
1165 0
1166 2
1167 0
1168 0
1169 1
1170 2
1171 1
1172 2
1173 3
1174 0
1175 1
1176 1
1177 1
1178 1
1179 1
1180 1
1181 0
1182 1
1183 0
1184 0
1185 0
1186 1
1187 0
1188 3
1189 2
1190 1
1191 1
1192 2
1193 1
1194 2
1195 1
1196 0
1197 0
1198 0
1199 1
1200 0
1201 0
1202 3
1203 1
1204 2
1205 2
1206 2
1207 0
1208 1
1209 0
1210 3
1211 1
1212 1
1213 1
1214 1
1215 1
1216 0
1217 0
1218 1
1219 0
1220 1
1221 1
1222 2
1223 0
1224 1
1225 0
1226 1
1227 1
1228 1
1229 0
1230 0
1231 0
1232 2
1233 0
1234 2
1235 1
1236 0
1237 0
1238 0
1239 1
1240 1
1241 2
1242 2
1243 0
1244 0
1245 0
1246 0
1247 2
1248 0
1249 1
1250 0
1251 1
1252 1
1253 0
1254 1
1255 1
1256 0
1257 0
1258 0
1259 2
1260 0
1261 1
1262 0
1263 1
1264 1
1265 0
1266 0
1267 1
1268 1
1269 1
1270 0
1271 0
1272 0
1273 1
1274 1
1275 2
1276 0
1277 0
1278 2
1279 1
1280 1
1281 1
1282 0
1283 1
1284 0
1285 0
1286 1
1287 1
1288 1
1289 1
1290 1
1291 1
1292 1
1293 2
1294 1
1295 0
1296 1
1297 0
1298 2
1299 0
1300 1
1301 0
1302 0
1303 0
1304 1
1305 1
1306 2
1307 0
1308 1
1309 0
1310 0
1311 1
1312 0
1313 1
1314 1
1315 1
1316 0
1317 0
1318 0
1319 1
1320 0
1321 0
1322 0
1323 0
1324 0
1325 0
1326 0
1327 0
1328 0
1329 0
1330 2
1331 1
1332 0
1333 1
1334 0
1335 2
1336 0
1337 0
1338 0
1339 1
1340 1
1341 0
1342 0
1343 0
1344 0
1345 0
1346 0
1347 1
1348 0
1349 0
1350 0
1351 0
1352 0
1353 0
1354 0
1355 0
1356 1
1357 0
1358 0
1359 0
1360 0
1361 2
1362 1
1363 0
1364 0
1365 0
1366 0
1367 0
1368 1
1369 0
1370 0
1371 0
1372 0
1373 0
1374 0
1375 0
1376 0
1377 0
1378 0
1379 0
1380 0
1381 1
1382 0
1383 2
1384 0
1385 0
1386 0
1387 1
1388 0
1389 0
1390 0
1391 0
1392 0
1393 1
1394 0
1395 0
1396 1
1397 1
1398 0
1399 0
1400 0
1401 1
1402 0
1403 0
1404 0
1405 0
1406 0
1407 0
1408 0
1409 0
1410 0
1411 0
1412 0
1413 0
1414 0
1415 0
1416 0
1417 0
1418 0
1419 0
1420 0
1421 0
1422 0
1423 1
1424 0
1425 0
1426 0
1427 1
1428 1
1429 0
1430 0
1431 0
1432 0
1433 0
1434 0
1435 0
1436 0
1437 0
1438 0
1439 0
1440 0
1441 0
1442 0
1443 0
1444 0
1445 0
1446 0
1447 0
1448 0
1449 0
1450 0
1451 0
1452 0
1453 1
1454 0
1455 0
1456 0
1457 0
1458 0
1459 0
1460 0
1461 0
1462 0
1463 0
1464 0
1465 0
1466 0
1467 0
1468 0
1469 0
1470 0
1471 0
1472 0
1473 0
1474 0
1475 0
1476 0
1477 0
1478 0
1479 0
1480 0
1481 0
1482 1
1483 0
1484 0
1485 0
1486 0
1487 0
1488 0
1489 0
1490 0
1491 0
1492 0
1493 0
1494 0
1495 0
1496 0
1497 0
1498 0
1499 0
1500 0
1501 0
1502 0
1503 0
1504 0
1505 0
1506 0
1507 0
1508 0
1509 0
1510 0
1511 0
1512 0
1513 0
1514 0
1515 0
1516 0
1517 0
1518 0
1519 0
1520 0
1521 1
1522 0
1523 0
1524 0
1525 0
1526 0
1527 1
1528 0
1529 0
1530 0
1531 0
1532 0
1533 0
1534 0
1535 0
1536 0
1537 0
1538 0
1539 0
1540 0
1541 0
1542 0
1543 0
1544 0
1545 0
1546 0
1547 0
1548 0
1549 0
1550 0
1551 0
1552 0
1553 0
1554 0
1555 0
1556 0
1557 0
1558 0
1559 0
1560 0
1561 0
1562 0
1563 0
1564 0
1565 0
1566 0
1567 0
1568 0
1569 0
1570 0
1571 0
1572 0
1573 0
1574 0
1575 0
1576 1
1577 0
1578 0
1579 0
1580 0
1581 0
1582 0
1583 0
1584 0
1585 0
1586 1
1587 0
1588 0
1589 0
1590 0
1591 0
1592 0
1593 0
1594 0
1595 0
1596 0
1597 0
1598 0
1599 0
1600 0
1601 0
1602 0
1603 0
1604 0
1605 0
1606 0
1607 0
1608 0
1609 0
1610 0
1611 1
1612 0
1613 0
1614 0
1615 0
1616 0
1617 0
1618 0
1619 0
1620 0
1621 0
1622 0
1623 0
1624 0
1625 0
1626 0
1627 0
1628 1
1629 0
1630 0
1631 0
1632 0
1633 0
1634 1
