-2274 1
-2273 0
-2272 1
-2271 0
-2270 0
-2269 0
-2268 0
-2267 0
-2266 0
-2265 0
-2264 0
-2263 1
-2262 0
-2261 0
-2260 0
-2259 1
-2258 0
-2257 1
-2256 0
-2255 0
-2254 0
-2253 0
-2252 0
-2251 0
-2250 0
-2249 0
-2248 0
-2247 0
-2246 0
-2245 0
-2244 0
-2243 0
-2242 0
-2241 0
-2240 0
-2239 0
-2238 0
-2237 0
-2236 0
-2235 1
-2234 0
-2233 0
-2232 0
-2231 1
-2230 0
-2229 1
-2228 2
-2227 0
-2226 0
-2225 1
-2224 0
-2223 0
-2222 0
-2221 0
-2220 0
-2219 0
-2218 0
-2217 0
-2216 0
-2215 0
-2214 1
-2213 1
-2212 1
-2211 0
-2210 0
-2209 0
-2208 2
-2207 0
-2206 0
-2205 0
-2204 0
-2203 0
-2202 1
-2201 2
-2200 1
-2199 0
-2198 0
-2197 1
-2196 0
-2195 0
-2194 0
-2193 0
-2192 0
-2191 0
-2190 0
-2189 0
-2188 0
-2187 0
-2186 0
-2185 0
-2184 1
-2183 2
-2182 1
-2181 0
-2180 0
-2179 3
-2178 1
-2177 1
-2176 0
-2175 2
-2174 0
-2173 1
-2172 2
-2171 0
-2170 0
-2169 2
-2168 1
-2167 2
-2166 1
-2165 2
-2164 1
-2163 0
-2162 0
-2161 0
-2160 2
-2159 1
-2158 2
-2157 0
-2156 0
-2155 0
-2154 1
-2153 2
-2152 0
-2151 1
-2150 0
-2149 0
-2148 0
-2147 1
-2146 1
-2145 2
-2144 1
-2143 2
-2142 1
-2141 1
-2140 0
-2139 1
-2138 1
-2137 0
-2136 1
-2135 0
-2134 2
-2133 2
-2132 2
-2131 2
-2130 1
-2129 2
-2128 0
-2127 0
-2126 1
-2125 0
-2124 2
-2123 1
-2122 1
-2121 1
-2120 1
-2119 1
-2118 2
-2117 1
-2116 3
-2115 2
-2114 0
-2113 4
-2112 2
-2111 0
-2110 2
-2109 3
-2108 0
-2107 2
-2106 0
-2105 3
-2104 3
-2103 0
-2102 3
-2101 1
-2100 1
-2099 1
-2098 1
-2097 1
-2096 0
-2095 0
-2094 3
-2093 2
-2092 1
-2091 2
-2090 3
-2089 0
-2088 1
-2087 1
-2086 4
-2085 2
-2084 3
-2083 3
-2082 2
-2081 4
-2080 1
-2079 3
-2078 2
-2077 2
-2076 0
-2075 3
-2074 0
-2073 2
-2072 1
-2071 1
-2070 2
-2069 3
-2068 4
-2067 3
-2066 5
-2065 0
-2064 0
-2063 1
-2062 0
-2061 1
-2060 1
-2059 2
-2058 1
-2057 2
-2056 3
-2055 1
-2054 0
-2053 4
-2052 5
-2051 1
-2050 0
-2049 2
-2048 2
-2047 2
-2046 1
-2045 2
-2044 2
-2043 3
-2042 5
-2041 3
-2040 6
-2039 2
-2038 0
-2037 2
-2036 0
-2035 3
-2034 5
-2033 3
-2032 5
-2031 0
-2030 4
-2029 0
-2028 1
-2027 0
-2026 2
-2025 3
-2024 4
-2023 0
-2022 1
-2021 4
-2020 2
-2019 5
-2018 5
-2017 4
-2016 2
-2015 4
-2014 2
-2013 1
-2012 7
-2011 2
-2010 6
-2009 2
-2008 5
-2007 3
-2006 5
-2005 6
-2004 0
-2003 3
-2002 4
-2001 4
-2000 2
-1999 4
-1998 4
-1997 3
-1996 6
-1995 4
-1994 6
-1993 0
-1992 1
-1991 4
-1990 5
-1989 3
-1988 3
-1987 1
-1986 4
-1985 2
-1984 6
-1983 5
-1982 0
-1981 4
-1980 4
-1979 4
-1978 5
-1977 4
-1976 5
-1975 4
-1974 4
-1973 4
-1972 3
-1971 4
-1970 3
-1969 4
-1968 2
-1967 7
-1966 3
-1965 3
-1964 5
-1963 3
-1962 4
-1961 6
-1960 4
-1959 4
-1958 4
-1957 3
-1956 4
-1955 3
-1954 8
-1953 2
-1952 4
-1951 4
-1950 3
-1949 3
-1948 2
-1947 7
-1946 4
-1945 5
-1944 5
-1943 6
-1942 3
-1941 2
-1940 3
-1939 2
-1938 4
-1937 2
-1936 6
-1935 5
-1934 8
-1933 5
-1932 4
-1931 2
-1930 7
-1929 7
-1928 7
-1927 2
-1926 3
-1925 4
-1924 3
-1923 3
-1922 3
-1921 3
-1920 5
-1919 6
-1918 4
-1917 9
-1916 2
-1915 2
-1914 12
-1913 3
-1912 0
-1911 3
-1910 5
-1909 2
-1908 6
-1907 5
-1906 6
-1905 3
-1904 4
-1903 8
-1902 8
-1901 6
-1900 5
-1899 8
-1898 5
-1897 5
-1896 4
-1895 8
-1894 3
-1893 6
-1892 3
-1891 2
-1890 4
-1889 7
-1888 6
-1887 5
-1886 2
-1885 6
-1884 3
-1883 1
-1882 5
-1881 5
-1880 3
-1879 4
-1878 4
-1877 4
-1876 7
-1875 4
-1874 8
-1873 6
-1872 6
-1871 10
-1870 5
-1869 4
-1868 5
-1867 6
-1866 2
-1865 3
-1864 7
-1863 9
-1862 7
-1861 5
-1860 4
-1859 2
-1858 2
-1857 7
-1856 3
-1855 7
-1854 5
-1853 10
-1852 4
-1851 6
-1850 8
-1849 6
-1848 8
-1847 4
-1846 5
-1845 8
-1844 5
-1843 5
-1842 6
-1841 7
-1840 5
-1839 3
-1838 6
-1837 4
-1836 10
-1835 5
-1834 2
-1833 6
-1832 7
-1831 3
-1830 12
-1829 5
-1828 6
-1827 4
-1826 7
-1825 8
-1824 3
-1823 6
-1822 8
-1821 6
-1820 7
-1819 2
-1818 5
-1817 5
-1816 9
-1815 5
-1814 9
-1813 6
-1812 5
-1811 7
-1810 9
-1809 8
-1808 4
-1807 3
-1806 4
-1805 4
-1804 6
-1803 4
-1802 2
-1801 6
-1800 6
-1799 2
-1798 3
-1797 5
-1796 4
-1795 4
-1794 8
-1793 7
-1792 7
-1791 10
-1790 6
-1789 2
-1788 8
-1787 8
-1786 5
-1785 6
-1784 8
-1783 8
-1782 6
-1781 8
-1780 8
-1779 4
-1778 6
-1777 7
-1776 5
-1775 5
-1774 5
-1773 7
-1772 10
-1771 5
-1770 5
-1769 8
-1768 6
-1767 10
-1766 6
-1765 5
-1764 8
-1763 2
-1762 5
-1761 11
-1760 6
-1759 7
-1758 8
-1757 9
-1756 5
-1755 3
-1754 6
-1753 2
-1752 6
-1751 9
-1750 4
-1749 5
-1748 10
-1747 1
-1746 3
-1745 5
-1744 6
-1743 10
-1742 4
-1741 8
-1740 5
-1739 5
-1738 5
-1737 11
-1736 11
-1735 6
-1734 5
-1733 8
-1732 7
-1731 8
-1730 3
-1729 7
-1728 5
-1727 10
-1726 10
-1725 7
-1724 5
-1723 2
-1722 4
-1721 10
-1720 3
-1719 2
-1718 6
-1717 8
-1716 10
-1715 7
-1714 3
-1713 5
-1712 5
-1711 6
-1710 6
-1709 11
-1708 13
-1707 7
-1706 10
-1705 5
-1704 5
-1703 8
-1702 6
-1701 9
-1700 2
-1699 10
-1698 10
-1697 7
-1696 8
-1695 7
-1694 8
-1693 10
-1692 4
-1691 5
-1690 7
-1689 2
-1688 7
-1687 5
-1686 7
-1685 11
-1684 12
-1683 10
-1682 6
-1681 6
-1680 4
-1679 5
-1678 6
-1677 6
-1676 7
-1675 8
-1674 6
-1673 4
-1672 4
-1671 8
-1670 12
-1669 9
-1668 5
-1667 3
-1666 9
-1665 7
-1664 3
-1663 7
-1662 11
-1661 8
-1660 6
-1659 6
-1658 13
-1657 7
-1656 7
-1655 4
-1654 6
-1653 9
-1652 7
-1651 8
-1650 9
-1649 9
-1648 5
-1647 5
-1646 5
-1645 9
-1644 9
-1643 12
-1642 12
-1641 8
-1640 5
-1639 8
-1638 7
-1637 9
-1636 10
-1635 5
-1634 6
-1633 9
-1632 10
-1631 10
-1630 6
-1629 9
-1628 9
-1627 6
-1626 8
-1625 5
-1624 11
-1623 8
-1622 5
-1621 8
-1620 6
-1619 5
-1618 8
-1617 9
-1616 9
-1615 11
-1614 10
-1613 5
-1612 11
-1611 10
-1610 8
-1609 11
-1608 4
-1607 9
-1606 5
-1605 9
-1604 12
-1603 9
-1602 10
-1601 7
-1600 6
-1599 11
-1598 10
-1597 11
-1596 6
-1595 9
-1594 7
-1593 3
-1592 11
-1591 5
-1590 10
-1589 3
-1588 6
-1587 6
-1586 6
-1585 9
-1584 7
-1583 11
-1582 13
-1581 17
-1580 7
-1579 8
-1578 9
-1577 8
-1576 5
-1575 16
-1574 5
-1573 6
-1572 6
-1571 11
-1570 8
-1569 9
-1568 2
-1567 11
-1566 7
-1565 10
-1564 7
-1563 8
-1562 6
-1561 8
-1560 8
-1559 6
-1558 6
-1557 7
-1556 14
-1555 9
-1554 8
-1553 6
-1552 9
-1551 9
-1550 7
-1549 9
-1548 2
-1547 6
-1546 11
-1545 9
-1544 7
-1543 6
-1542 7
-1541 12
-1540 9
-1539 4
-1538 13
-1537 12
-1536 9
-1535 7
-1534 7
-1533 9
-1532 14
-1531 6
-1530 8
-1529 15
-1528 12
-1527 9
-1526 10
-1525 12
-1524 12
-1523 5
-1522 9
-1521 9
-1520 11
-1519 13
-1518 9
-1517 13
-1516 14
-1515 9
-1514 11
-1513 8
-1512 13
-1511 10
-1510 11
-1509 12
-1508 9
-1507 6
-1506 7
-1505 6
-1504 13
-1503 12
-1502 8
-1501 11
-1500 5
-1499 5
-1498 6
-1497 3
-1496 9
-1495 13
-1494 8
-1493 13
-1492 13
-1491 16
-1490 5
-1489 5
-1488 16
-1487 9
-1486 10
-1485 10
-1484 4
-1483 9
-1482 16
-1481 8
-1480 6
-1479 5
-1478 10
-1477 11
-1476 5
-1475 9
-1474 6
-1473 7
-1472 13
-1471 8
-1470 10
-1469 14
-1468 15
-1467 13
-1466 11
-1465 7
-1464 6
-1463 6
-1462 8
-1461 7
-1460 12
-1459 6
-1458 9
-1457 16
-1456 11
-1455 14
-1454 8
-1453 12
-1452 9
-1451 8
-1450 15
-1449 9
-1448 9
-1447 13
-1446 11
-1445 11
-1444 9
-1443 5
-1442 10
-1441 8
-1440 11
-1439 8
-1438 6
-1437 7
-1436 10
-1435 12
-1434 5
-1433 13
-1432 4
-1431 7
-1430 11
-1429 10
-1428 7
-1427 10
-1426 9
-1425 6
-1424 14
-1423 12
-1422 18
-1421 8
-1420 17
-1419 7
-1418 5
-1417 9
-1416 12
-1415 13
-1414 17
-1413 11
-1412 5
-1411 7
-1410 5
-1409 8
-1408 11
-1407 8
-1406 8
-1405 10
-1404 11
-1403 13
-1402 6
-1401 7
-1400 9
-1399 12
-1398 9
-1397 11
-1396 9
-1395 6
-1394 8
-1393 11
-1392 14
-1391 14
-1390 6
-1389 14
-1388 13
-1387 10
-1386 9
-1385 11
-1384 8
-1383 10
-1382 10
-1381 9
-1380 9
-1379 17
-1378 5
-1377 18
-1376 7
-1375 15
-1374 10
-1373 10
-1372 17
-1371 6
-1370 9
-1369 14
-1368 18
-1367 17
-1366 11
-1365 3
-1364 8
-1363 13
-1362 4
-1361 15
-1360 18
-1359 12
-1358 9
-1357 11
-1356 13
-1355 9
-1354 9
-1353 16
-1352 13
-1351 12
-1350 10
-1349 8
-1348 17
-1347 10
-1346 15
-1345 9
-1344 14
-1343 13
-1342 6
-1341 17
-1340 8
-1339 10
-1338 9
-1337 4
-1336 10
-1335 11
-1334 15
-1333 12
-1332 13
-1331 8
-1330 15
-1329 13
-1328 4
-1327 12
-1326 14
-1325 13
-1324 16
-1323 13
-1322 5
-1321 20
-1320 12
-1319 13
-1318 7
-1317 10
-1316 10
-1315 10
-1314 11
-1313 10
-1312 10
-1311 10
-1310 12
-1309 7
-1308 15
-1307 15
-1306 8
-1305 17
-1304 10
-1303 8
-1302 14
-1301 13
-1300 9
-1299 5
-1298 13
-1297 14
-1296 12
-1295 12
-1294 9
-1293 11
-1292 10
-1291 14
-1290 13
-1289 9
-1288 18
-1287 13
-1286 7
-1285 14
-1284 9
-1283 9
-1282 12
-1281 14
-1280 11
-1279 12
-1278 7
-1277 4
-1276 6
-1275 14
-1274 7
-1273 12
-1272 10
-1271 13
-1270 13
-1269 9
-1268 11
-1267 9
-1266 7
-1265 11
-1264 14
-1263 12
-1262 10
-1261 8
-1260 14
-1259 11
-1258 13
-1257 19
-1256 11
-1255 11
-1254 8
-1253 14
-1252 10
-1251 12
-1250 14
-1249 16
-1248 19
-1247 16
-1246 14
-1245 16
-1244 7
-1243 12
-1242 8
-1241 15
-1240 16
-1239 10
-1238 12
-1237 9
-1236 7
-1235 10
-1234 12
-1233 14
-1232 12
-1231 12
-1230 11
-1229 7
-1228 12
-1227 10
-1226 13
-1225 13
-1224 18
-1223 15
-1222 7
-1221 11
-1220 14
-1219 9
-1218 11
-1217 5
-1216 14
-1215 15
-1214 11
-1213 8
-1212 8
-1211 11
-1210 6
-1209 7
-1208 11
-1207 16
-1206 9
-1205 15
-1204 13
-1203 13
-1202 13
-1201 10
-1200 11
-1199 14
-1198 12
-1197 14
-1196 8
-1195 12
-1194 16
-1193 13
-1192 12
-1191 6
-1190 13
-1189 14
-1188 18
-1187 14
-1186 14
-1185 11
-1184 11
-1183 8
-1182 13
-1181 12
-1180 10
-1179 12
-1178 11
-1177 15
-1176 12
-1175 21
-1174 10
-1173 7
-1172 11
-1171 14
-1170 9
-1169 7
-1168 14
-1167 15
-1166 11
-1165 16
-1164 14
-1163 11
-1162 10
-1161 17
-1160 17
-1159 15
-1158 18
-1157 10
-1156 10
-1155 10
-1154 13
-1153 10
-1152 12
-1151 14
-1150 10
-1149 12
-1148 14
-1147 10
-1146 14
-1145 14
-1144 16
-1143 11
-1142 15
-1141 17
-1140 11
-1139 14
-1138 9
-1137 7
-1136 11
-1135 13
-1134 7
-1133 16
-1132 9
-1131 8
-1130 15
-1129 16
-1128 10
-1127 16
-1126 19
-1125 11
-1124 13
-1123 10
-1122 7
-1121 16
-1120 13
-1119 11
-1118 15
-1117 16
-1116 13
-1115 15
-1114 24
-1113 16
-1112 15
-1111 10
-1110 9
-1109 19
-1108 13
-1107 15
-1106 16
-1105 13
-1104 13
-1103 20
-1102 14
-1101 8
-1100 12
-1099 13
-1098 7
-1097 3
-1096 12
-1095 15
-1094 15
-1093 17
-1092 8
-1091 7
-1090 14
-1089 17
-1088 16
-1087 20
-1086 13
-1085 21
-1084 14
-1083 16
-1082 13
-1081 17
-1080 14
-1079 13
-1078 14
-1077 10
-1076 12
-1075 14
-1074 11
-1073 16
-1072 14
-1071 9
-1070 14
-1069 18
-1068 10
-1067 17
-1066 21
-1065 15
-1064 15
-1063 15
-1062 11
-1061 14
-1060 15
-1059 9
-1058 7
-1057 16
-1056 14
-1055 22
-1054 22
-1053 22
-1052 16
-1051 8
-1050 14
-1049 17
-1048 15
-1047 20
-1046 22
-1045 12
-1044 16
-1043 19
-1042 16
-1041 9
-1040 14
-1039 17
-1038 20
-1037 24
-1036 16
-1035 10
-1034 17
-1033 11
-1032 17
-1031 11
-1030 17
-1029 17
-1028 19
-1027 14
-1026 13
-1025 20
-1024 16
-1023 16
-1022 12
-1021 14
-1020 18
-1019 6
-1018 22
-1017 21
-1016 20
-1015 15
-1014 17
-1013 18
-1012 16
-1011 14
-1010 17
-1009 15
-1008 11
-1007 22
-1006 12
-1005 9
-1004 16
-1003 12
-1002 14
-1001 22
-1000 26
-999 12
-998 22
-997 25
-996 20
-995 19
-994 24
-993 9
-992 20
-991 15
-990 19
-989 16
-988 21
-987 9
-986 18
-985 15
-984 21
-983 15
-982 29
-981 9
-980 19
-979 15
-978 22
-977 19
-976 18
-975 23
-974 14
-973 19
-972 18
-971 9
-970 14
-969 17
-968 15
-967 26
-966 24
-965 15
-964 13
-963 22
-962 20
-961 18
-960 23
-959 22
-958 19
-957 19
-956 21
-955 24
-954 16
-953 22
-952 19
-951 21
-950 11
-949 7
-948 15
-947 18
-946 11
-945 12
-944 19
-943 16
-942 16
-941 18
-940 16
-939 16
-938 23
-937 22
-936 17
-935 23
-934 20
-933 25
-932 16
-931 25
-930 20
-929 14
-928 23
-927 17
-926 23
-925 27
-924 17
-923 10
-922 15
-921 17
-920 14
-919 20
-918 14
-917 16
-916 22
-915 14
-914 16
-913 21
-912 14
-911 22
-910 20
-909 20
-908 27
-907 21
-906 15
-905 18
-904 20
-903 23
-902 19
-901 22
-900 24
-899 24
-898 20
-897 27
-896 25
-895 18
-894 21
-893 15
-892 28
-891 21
-890 22
-889 32
-888 20
-887 33
-886 16
-885 22
-884 23
-883 21
-882 21
-881 18
-880 25
-879 20
-878 24
-877 20
-876 14
-875 12
-874 19
-873 22
-872 23
-871 26
-870 26
-869 21
-868 23
-867 23
-866 19
-865 22
-864 21
-863 23
-862 19
-861 21
-860 21
-859 34
-858 28
-857 30
-856 20
-855 19
-854 19
-853 28
-852 19
-851 25
-850 17
-849 21
-848 27
-847 21
-846 22
-845 30
-844 20
-843 14
-842 22
-841 23
-840 32
-839 28
-838 27
-837 27
-836 16
-835 26
-834 25
-833 16
-832 25
-831 29
-830 27
-829 25
-828 25
-827 22
-826 18
-825 15
-824 21
-823 19
-822 28
-821 27
-820 25
-819 17
-818 26
-817 20
-816 18
-815 27
-814 21
-813 31
-812 22
-811 21
-810 31
-809 27
-808 21
-807 22
-806 19
-805 25
-804 19
-803 18
-802 26
-801 20
-800 22
-799 26
-798 29
-797 20
-796 27
-795 25
-794 24
-793 18
-792 32
-791 25
-790 29
-789 27
-788 22
-787 26
-786 20
-785 33
-784 19
-783 18
-782 33
-781 23
-780 21
-779 23
-778 18
-777 30
-776 23
-775 30
-774 22
-773 32
-772 24
-771 20
-770 25
-769 22
-768 24
-767 30
-766 23
-765 23
-764 23
-763 31
-762 28
-761 18
-760 32
-759 29
-758 23
-757 26
-756 23
-755 25
-754 40
-753 29
-752 22
-751 26
-750 23
-749 27
-748 28
-747 22
-746 32
-745 27
-744 34
-743 25
-742 22
-741 34
-740 25
-739 29
-738 25
-737 20
-736 31
-735 29
-734 35
-733 22
-732 25
-731 25
-730 35
-729 37
-728 22
-727 34
-726 36
-725 31
-724 29
-723 38
-722 39
-721 20
-720 24
-719 31
-718 29
-717 31
-716 26
-715 34
-714 26
-713 31
-712 29
-711 28
-710 27
-709 26
-708 37
-707 27
-706 31
-705 40
-704 28
-703 34
-702 36
-701 37
-700 30
-699 32
-698 29
-697 37
-696 39
-695 41
-694 30
-693 36
-692 30
-691 31
-690 31
-689 25
-688 34
-687 40
-686 38
-685 37
-684 29
-683 25
-682 33
-681 34
-680 36
-679 36
-678 36
-677 20
-676 40
-675 32
-674 35
-673 43
-672 26
-671 32
-670 33
-669 33
-668 24
-667 32
-666 29
-665 41
-664 27
-663 44
-662 32
-661 37
-660 37
-659 26
-658 28
-657 36
-656 39
-655 34
-654 21
-653 32
-652 30
-651 37
-650 31
-649 29
-648 29
-647 37
-646 28
-645 42
-644 32
-643 26
-642 42
-641 38
-640 37
-639 35
-638 46
-637 28
-636 31
-635 45
-634 34
-633 29
-632 53
-631 33
-630 37
-629 38
-628 35
-627 40
-626 40
-625 44
-624 38
-623 38
-622 40
-621 34
-620 45
-619 46
-618 48
-617 45
-616 32
-615 43
-614 42
-613 34
-612 49
-611 43
-610 38
-609 36
-608 39
-607 45
-606 33
-605 39
-604 41
-603 31
-602 52
-601 35
-600 41
-599 41
-598 39
-597 39
-596 29
-595 30
-594 55
-593 50
-592 36
-591 53
-590 39
-589 39
-588 39
-587 37
-586 50
-585 42
-584 43
-583 45
-582 41
-581 40
-580 25
-579 43
-578 47
-577 46
-576 45
-575 35
-574 48
-573 54
-572 51
-571 41
-570 46
-569 45
-568 34
-567 46
-566 38
-565 35
-564 56
-563 39
-562 40
-561 61
-560 35
-559 38
-558 41
-557 50
-556 56
-555 52
-554 56
-553 52
-552 37
-551 46
-550 44
-549 45
-548 52
-547 53
-546 44
-545 51
-544 33
-543 46
-542 53
-541 37
-540 54
-539 40
-538 53
-537 48
-536 57
-535 54
-534 54
-533 60
-532 49
-531 49
-530 53
-529 53
-528 64
-527 40
-526 40
-525 50
-524 60
-523 64
-522 47
-521 50
-520 62
-519 63
-518 55
-517 56
-516 55
-515 61
-514 51
-513 49
-512 53
-511 57
-510 41
-509 53
-508 52
-507 55
-506 42
-505 52
-504 66
-503 41
-502 56
-501 67
-500 60
-499 58
-498 60
-497 50
-496 62
-495 65
-494 53
-493 43
-492 68
-491 70
-490 71
-489 62
-488 41
-487 56
-486 58
-485 60
-484 58
-483 51
-482 66
-481 62
-480 63
-479 65
-478 66
-477 79
-476 70
-475 75
-474 74
-473 60
-472 69
-471 56
-470 80
-469 64
-468 69
-467 64
-466 76
-465 77
-464 62
-463 70
-462 63
-461 60
-460 69
-459 60
-458 68
-457 68
-456 67
-455 69
-454 75
-453 84
-452 59
-451 78
-450 69
-449 63
-448 91
-447 81
-446 82
-445 73
-444 78
-443 78
-442 68
-441 65
-440 85
-439 67
-438 83
-437 85
-436 75
-435 68
-434 75
-433 68
-432 92
-431 81
-430 83
-429 66
-428 87
-427 78
-426 87
-425 81
-424 83
-423 73
-422 86
-421 81
-420 79
-419 77
-418 72
-417 84
-416 84
-415 90
-414 90
-413 86
-412 86
-411 88
-410 92
-409 91
-408 80
-407 84
-406 88
-405 90
-404 103
-403 98
-402 95
-401 100
-400 93
-399 69
-398 87
-397 83
-396 93
-395 88
-394 100
-393 112
-392 80
-391 87
-390 89
-389 91
-388 85
-387 115
-386 88
-385 85
-384 86
-383 107
-382 95
-381 92
-380 106
-379 100
-378 95
-377 102
-376 100
-375 98
-374 108
-373 105
-372 100
-371 96
-370 92
-369 97
-368 108
-367 105
-366 102
-365 106
-364 105
-363 98
-362 107
-361 89
-360 100
-359 135
-358 113
-357 103
-356 145
-355 121
-354 117
-353 94
-352 106
-351 141
-350 100
-349 118
-348 115
-347 115
-346 110
-345 128
-344 104
-343 106
-342 98
-341 136
-340 106
-339 120
-338 109
-337 115
-336 125
-335 126
-334 143
-333 100
-332 113
-331 121
-330 128
-329 113
-328 126
-327 137
-326 133
-325 125
-324 124
-323 132
-322 122
-321 121
-320 120
-319 147
-318 137
-317 137
-316 137
-315 146
-314 144
-313 132
-312 134
-311 126
-310 113
-309 131
-308 132
-307 133
-306 148
-305 143
-304 144
-303 158
-302 134
-301 150
-300 144
-299 164
-298 142
-297 162
-296 170
-295 156
-294 129
-293 159
-292 189
-291 151
-290 156
-289 164
-288 131
-287 151
-286 161
-285 170
-284 188
-283 160
-282 183
-281 173
-280 178
-279 190
-278 156
-277 180
-276 171
-275 183
-274 179
-273 171
-272 209
-271 182
-270 187
-269 177
-268 185
-267 176
-266 201
-265 177
-264 181
-263 195
-262 192
-261 169
-260 198
-259 189
-258 209
-257 188
-256 195
-255 185
-254 198
-253 217
-252 186
-251 215
-250 210
-249 239
-248 228
-247 194
-246 186
-245 195
-244 223
-243 234
-242 227
-241 231
-240 232
-239 223
-238 245
-237 225
-236 251
-235 247
-234 222
-233 237
-232 250
-231 249
-230 260
-229 253
-228 281
-227 253
-226 245
-225 267
-224 262
-223 257
-222 254
-221 290
-220 245
-219 265
-218 305
-217 264
-216 257
-215 295
-214 305
-213 286
-212 288
-211 266
-210 287
-209 279
-208 277
-207 312
-206 312
-205 305
-204 293
-203 310
-202 327
-201 308
-200 305
-199 340
-198 296
-197 373
-196 361
-195 321
-194 350
-193 299
-192 337
-191 354
-190 356
-189 337
-188 328
-187 355
-186 371
-185 347
-184 385
-183 367
-182 410
-181 419
-180 394
-179 431
-178 387
-177 399
-176 400
-175 383
-174 413
-173 433
-172 416
-171 441
-170 418
-169 449
-168 468
-167 486
-166 473
-165 473
-164 504
-163 475
-162 529
-161 486
-160 493
-159 480
-158 470
-157 510
-156 508
-155 522
-154 504
-153 527
-152 573
-151 552
-150 554
-149 548
-148 543
-147 581
-146 590
-145 598
-144 602
-143 621
-142 628
-141 634
-140 667
-139 647
-138 673
-137 622
-136 654
-135 651
-134 663
-133 654
-132 710
-131 665
-130 760
-129 705
-128 752
-127 793
-126 767
-125 826
-124 788
-123 762
-122 837
-121 806
-120 851
-119 852
-118 845
-117 905
-116 969
-115 953
-114 924
-113 1002
-112 972
-111 997
-110 964
-109 1027
-108 1021
-107 1066
-106 1087
-105 1099
-104 1117
-103 1149
-102 1210
-101 1134
-100 1256
-99 1224
-98 1273
-97 1314
-96 1284
-95 1368
-94 1342
-93 1368
-92 1383
-91 1477
-90 1501
-89 1471
-88 1529
-87 1573
-86 1682
-85 1637
-84 1737
-83 1704
-82 1680
-81 1886
-80 1873
-79 1877
-78 1977
-77 2067
-76 2076
-75 2133
-74 2184
-73 2276
-72 2341
-71 2340
-70 2464
-69 2460
-68 2643
-67 2677
-66 2681
-65 2840
-64 2950
-63 3076
-62 3014
-61 3207
-60 3334
-59 3450
-58 3415
-57 3696
-56 3787
-55 3934
-54 4027
-53 4243
-52 4440
-51 4513
-50 4738
-49 4888
-48 5148
-47 5299
-46 5569
-45 5873
-44 6138
-43 6443
-42 6702
-41 7041
-40 7465
-39 7761
-38 8336
-37 8637
-36 9422
-35 9936
-34 10250
-33 10905
-32 11655
-31 12415
-30 13543
-29 14325
-28 15538
-27 16759
-26 18062
-25 19632
-24 21305
-23 23413
-22 25607
-21 28552
-20 31292
-19 35016
-18 39398
-17 44470
-16 50512
-15 58414
-14 67446
-13 80025
-12 94882
-11 115951
-10 143347
-9 182665
-8 238748
-7 325283
-6 462496
-5 699087
-4 1177746
-3 2157537
-2 4791876
-1 31393709
0 0
1 31399570
2 4789479
3 2159120
4 1177655
5 697190
6 461299
7 324016
8 237532
9 182603
10 142929
11 115331
12 95683
13 79636
14 67896
15 58406
16 50939
17 44323
18 39336
19 35143
20 31373
21 28487
22 25792
23 23328
24 21257
25 19702
26 18153
27 16686
28 15629
29 14447
30 13461
31 12352
32 11925
33 10944
34 10373
35 9699
36 9196
37 8785
38 8305
39 7839
40 7548
41 6965
42 6809
43 6364
44 5982
45 5912
46 5562
47 5272
48 5115
49 4987
50 4716
51 4577
52 4455
53 4138
54 4115
55 3910
56 3798
57 3567
58 3603
59 3431
60 3421
61 3312
62 3121
63 3046
64 2854
65 2840
66 2685
67 2713
68 2666
69 2526
70 2469
71 2408
72 2358
73 2209
74 2177
75 2152
76 2075
77 2028
78 1985
79 1857
80 1880
81 1821
82 1729
83 1722
84 1653
85 1688
86 1642
87 1595
88 1553
89 1472
90 1460
91 1504
92 1430
93 1421
94 1334
95 1349
96 1302
97 1279
98 1253
99 1241
100 1191
101 1210
102 1150
103 1196
104 1118
105 1092
106 1124
107 1029
108 1046
109 974
110 1017
111 982
112 966
113 906
114 915
115 929
116 923
117 911
118 891
119 897
120 873
121 832
122 815
123 866
124 771
125 789
126 743
127 765
128 718
129 744
130 718
131 711
132 691
133 717
134 678
135 690
136 702
137 637
138 656
139 644
140 628
141 616
142 594
143 622
144 588
145 622
146 585
147 608
148 564
149 550
150 539
151 544
152 553
153 518
154 558
155 485
156 529
157 500
158 482
159 532
160 445
161 496
162 488
163 477
164 511
165 452
166 495
167 464
168 480
169 444
170 466
171 449
172 410
173 446
174 431
175 390
176 366
177 403
178 426
179 383
180 393
181 381
182 369
183 383
184 398
185 364
186 357
187 354
188 335
189 340
190 333
191 390
192 342
193 340
194 344
195 339
196 340
197 315
198 307
199 314
200 316
201 311
202 310
203 301
204 326
205 299
206 325
207 333
208 307
209 297
210 314
211 274
212 283
213 292
214 300
215 263
216 297
217 309
218 261
219 255
220 264
221 265
222 279
223 245
224 244
225 241
226 248
227 268
228 280
229 266
230 237
231 222
232 272
233 273
234 244
235 235
236 234
237 216
238 233
239 235
240 263
241 202
242 242
243 244
244 228
245 211
246 201
247 203
248 200
249 212
250 202
251 209
252 207
253 199
254 193
255 225
256 175
257 191
258 190
259 173
260 191
261 185
262 188
263 167
264 182
265 189
266 187
267 192
268 187
269 167
270 177
271 189
272 193
273 166
274 167
275 174
276 185
277 176
278 178
279 178
280 186
281 167
282 178
283 167
284 166
285 149
286 140
287 169
288 177
289 171
290 164
291 167
292 185
293 151
294 142
295 147
296 171
297 162
298 156
299 151
300 156
301 151
302 157
303 158
304 148
305 125
306 160
307 140
308 145
309 151
310 137
311 136
312 141
313 145
314 153
315 140
316 140
317 128
318 128
319 146
320 126
321 102
322 133
323 124
324 122
325 138
326 122
327 121
328 102
329 135
330 124
331 110
332 120
333 131
334 113
335 151
336 117
337 111
338 105
339 127
340 112
341 109
342 112
343 116
344 118
345 119
346 118
347 105
348 111
349 107
350 117
351 116
352 108
353 115
354 104
355 117
356 95
357 111
358 109
359 104
360 106
361 99
362 136
363 110
364 113
365 123
366 99
367 88
368 107
369 87
370 108
371 98
372 109
373 82
374 99
375 99
376 93
377 94
378 101
379 98
380 101
381 100
382 78
383 94
384 92
385 106
386 86
387 103
388 81
389 94
390 115
391 79
392 99
393 77
394 78
395 97
396 96
397 92
398 73
399 105
400 100
401 79
402 74
403 81
404 101
405 89
406 93
407 109
408 93
409 96
410 101
411 84
412 89
413 80
414 86
415 105
416 86
417 75
418 94
419 78
420 93
421 72
422 97
423 84
424 80
425 84
426 79
427 74
428 84
429 69
430 77
431 70
432 88
433 82
434 72
435 83
436 75
437 75
438 72
439 81
440 70
441 73
442 81
443 74
444 66
445 71
446 70
447 62
448 71
449 52
450 62
451 74
452 66
453 66
454 80
455 82
456 63
457 75
458 55
459 74
460 65
461 63
462 63
463 68
464 71
465 58
466 70
467 56
468 70
469 63
470 63
471 61
472 60
473 69
474 63
475 61
476 51
477 61
478 74
479 64
480 57
481 68
482 62
483 53
484 57
485 55
486 70
487 67
488 58
489 65
490 58
491 49
492 55
493 60
494 60
495 58
496 57
497 61
498 61
499 48
500 60
501 62
502 56
503 49
504 57
505 57
506 51
507 70
508 52
509 54
510 51
511 39
512 63
513 43
514 64
515 53
516 61
517 58
518 68
519 68
520 50
521 57
522 59
523 62
524 58
525 59
526 51
527 38
528 48
529 38
530 48
531 46
532 61
533 45
534 45
535 45
536 59
537 43
538 50
539 50
540 40
541 34
542 41
543 47
544 47
545 56
546 55
547 45
548 52
549 48
550 59
551 47
552 57
553 51
554 48
555 61
556 45
557 38
558 54
559 39
560 39
561 49
562 35
563 36
564 45
565 46
566 51
567 48
568 47
569 53
570 35
571 46
572 46
573 54
574 38
575 45
576 46
577 45
578 40
579 42
580 39
581 58
582 40
583 42
584 52
585 42
586 35
587 43
588 44
589 42
590 34
591 47
592 32
593 44
594 38
595 40
596 41
597 43
598 41
599 37
600 29
601 37
602 48
603 39
604 52
605 30
606 39
607 33
608 57
609 47
610 32
611 39
612 35
613 33
614 42
615 37
616 44
617 41
618 40
619 38
620 31
621 34
622 49
623 38
624 43
625 41
626 39
627 35
628 27
629 37
630 32
631 33
632 38
633 27
634 36
635 35
636 38
637 30
638 38
639 49
640 28
641 32
642 33
643 39
644 41
645 25
646 36
647 34
648 39
649 36
650 33
651 39
652 41
653 30
654 33
655 30
656 43
657 35
658 41
659 30
660 26
661 39
662 31
663 36
664 34
665 41
666 23
667 42
668 30
669 38
670 30
671 35
672 22
673 38
674 37
675 29
676 32
677 29
678 30
679 44
680 28
681 33
682 27
683 30
684 31
685 32
686 39
687 30
688 23
689 30
690 38
691 30
692 44
693 36
694 28
695 24
696 36
697 34
698 33
699 29
700 31
701 36
702 27
703 34
704 32
705 31
706 37
707 18
708 27
709 28
710 37
711 39
712 43
713 34
714 36
715 28
716 26
717 23
718 27
719 45
720 35
721 24
722 20
723 29
724 22
725 22
726 29
727 23
728 42
729 23
730 28
731 33
732 31
733 33
734 26
735 25
736 20
737 24
738 21
739 28
740 28
741 21
742 28
743 19
744 34
745 23
746 22
747 26
748 26
749 16
750 25
751 23
752 31
753 31
754 23
755 27
756 28
757 25
758 28
759 25
760 20
761 20
762 32
763 43
764 15
765 36
766 24
767 32
768 22
769 27
770 30
771 23
772 17
773 25
774 30
775 21
776 23
777 23
778 33
779 33
780 29
781 23
782 22
783 26
784 34
785 29
786 23
787 23
788 14
789 36
790 21
791 20
792 25
793 27
794 28
795 24
796 25
797 30
798 28
799 31
800 23
801 18
802 28
803 25
804 24
805 20
806 27
807 17
808 15
809 20
810 26
811 26
812 19
813 29
814 26
815 18
816 27
817 36
818 30
819 22
820 25
821 22
822 24
823 25
824 20
825 23
826 20
827 22
828 30
829 20
830 21
831 18
832 37
833 24
834 26
835 25
836 21
837 23
838 21
839 24
840 25
841 17
842 21
843 20
844 16
845 22
846 27
847 16
848 23
849 23
850 20
851 23
852 19
853 20
854 17
855 24
856 22
857 20
858 28
859 21
860 27
861 22
862 16
863 23
864 23
865 20
866 17
867 18
868 26
869 22
870 26
871 27
872 26
873 24
874 17
875 22
876 17
877 12
878 22
879 13
880 17
881 20
882 23
883 24
884 22
885 26
886 18
887 21
888 22
889 29
890 24
891 25
892 20
893 21
894 23
895 17
896 29
897 17
898 28
899 20
900 22
901 19
902 18
903 20
904 11
905 22
906 15
907 17
908 26
909 21
910 16
911 23
912 12
913 27
914 25
915 17
916 23
917 21
918 27
919 18
920 19
921 19
922 21
923 21
924 19
925 14
926 14
927 19
928 14
929 21
930 25
931 12
932 8
933 17
934 22
935 22
936 25
937 16
938 22
939 16
940 25
941 12
942 19
943 15
944 17
945 15
946 25
947 14
948 19
949 22
950 19
951 21
952 20
953 16
954 20
955 26
956 26
957 16
958 24
959 18
960 22
961 21
962 19
963 10
964 14
965 23
966 19
967 11
968 20
969 16
970 15
971 13
972 7
973 19
974 16
975 18
976 26
977 27
978 12
979 23
980 14
981 23
982 18
983 17
984 23
985 19
986 15
987 23
988 24
989 22
990 13
991 18
992 19
993 24
994 16
995 13
996 15
997 13
998 14
999 10
1000 15
1001 27
1002 13
1003 15
1004 17
1005 18
1006 9
1007 14
1008 17
1009 17
1010 19
1011 11
1012 14
1013 16
1014 10
1015 15
1016 19
1017 19
1018 20
1019 14
1020 14
1021 26
1022 19
1023 19
1024 6
1025 15
1026 14
1027 16
1028 14
1029 14
1030 19
1031 16
1032 15
1033 13
1034 16
1035 14
1036 14
1037 15
1038 26
1039 9
1040 13
1041 17
1042 9
1043 13
1044 14
1045 19
1046 14
1047 16
1048 16
1049 11
1050 11
1051 16
1052 13
1053 14
1054 18
1055 11
1056 16
1057 13
1058 12
1059 17
1060 17
1061 15
1062 18
1063 16
1064 13
1065 18
1066 20
1067 15
1068 21
1069 11
1070 11
1071 12
1072 22
1073 12
1074 12
1075 15
1076 16
1077 12
1078 12
1079 17
1080 11
1081 16
1082 15
1083 14
1084 10
1085 11
1086 21
1087 9
1088 14
1089 14
1090 9
1091 10
1092 18
1093 17
1094 15
1095 11
1096 18
1097 16
1098 19
1099 16
1100 11
1101 5
1102 14
1103 9
1104 8
1105 17
1106 8
1107 12
1108 12
1109 13
1110 16
1111 12
1112 12
1113 9
1114 19
1115 17
1116 18
1117 16
1118 7
1119 6
1120 13
1121 12
1122 16
1123 19
1124 15
1125 13
1126 10
1127 20
1128 11
1129 13
1130 8
1131 14
1132 11
1133 14
1134 18
1135 11
1136 10
1137 9
1138 13
1139 15
1140 15
1141 12
1142 13
1143 16
1144 13
1145 13
1146 16
1147 16
1148 15
1149 13
1150 9
1151 14
1152 9
1153 14
1154 10
1155 7
1156 10
1157 15
1158 13
1159 18
1160 12
1161 20
1162 13
1163 12
1164 9
1165 15
1166 7
1167 16
1168 9
1169 14
1170 14
1171 16
1172 18
1173 9
1174 20
1175 18
1176 10
1177 12
1178 18
1179 21
1180 12
1181 13
1182 8
1183 12
1184 12
1185 14
1186 10
1187 14
1188 13
1189 19
1190 16
1191 15
1192 15
1193 12
1194 12
1195 18
1196 11
1197 12
1198 12
1199 8
1200 17
1201 8
1202 15
1203 13
1204 3
1205 14
1206 14
1207 11
1208 13
1209 10
1210 4
1211 15
1212 11
1213 12
1214 7
1215 8
1216 15
1217 6
1218 9
1219 12
1220 19
1221 9
1222 11
1223 13
1224 12
1225 13
1226 16
1227 13
1228 12
1229 11
1230 8
1231 15
1232 10
1233 16
1234 11
1235 8
1236 14
1237 12
1238 7
1239 7
1240 6
1241 14
1242 6
1243 18
1244 8
1245 8
1246 13
1247 16
1248 8
1249 13
1250 17
1251 14
1252 6
1253 15
1254 17
1255 8
1256 9
1257 15
1258 12
1259 8
1260 8
1261 12
1262 13
1263 10
1264 2
1265 14
1266 10
1267 14
1268 9
1269 7
1270 11
1271 6
1272 9
1273 16
1274 8
1275 16
1276 19
1277 13
1278 9
1279 13
1280 9
1281 14
1282 10
1283 13
1284 11
1285 10
1286 11
1287 7
1288 13
1289 14
1290 6
1291 9
1292 3
1293 16
1294 14
1295 13
1296 14
1297 10
1298 18
1299 9
1300 9
1301 7
1302 14
1303 6
1304 10
1305 10
1306 4
1307 16
1308 12
1309 13
1310 10
1311 16
1312 4
1313 13
1314 11
1315 12
1316 4
1317 12
1318 5
1319 11
1320 14
1321 9
1322 4
1323 12
1324 20
1325 15
1326 13
1327 14
1328 8
1329 4
1330 8
1331 15
1332 13
1333 5
1334 11
1335 10
1336 10
1337 15
1338 11
1339 10
1340 6
1341 9
1342 9
1343 14
1344 12
1345 14
1346 9
1347 9
1348 6
1349 7
1350 19
1351 7
1352 9
1353 10
1354 12
1355 8
1356 13
1357 5
1358 9
1359 8
1360 7
1361 11
1362 8
1363 14
1364 14
1365 10
1366 13
1367 10
1368 14
1369 14
1370 13
1371 10
1372 14
1373 5
1374 10
1375 10
1376 11
1377 11
1378 14
1379 11
1380 9
1381 6
1382 12
1383 11
1384 17
1385 14
1386 10
1387 7
1388 8
1389 17
1390 11
1391 14
1392 14
1393 15
1394 12
1395 5
1396 11
1397 8
1398 14
1399 10
1400 15
1401 7
1402 13
1403 6
1404 9
1405 8
1406 11
1407 6
1408 12
1409 12
1410 13
1411 7
1412 17
1413 5
1414 10
1415 13
1416 12
1417 10
1418 7
1419 11
1420 9
1421 13
1422 7
1423 11
1424 12
1425 9
1426 10
1427 14
1428 6
1429 11
1430 12
1431 12
1432 9
1433 9
1434 12
1435 8
1436 8
1437 7
1438 9
1439 7
1440 12
1441 10
1442 11
1443 12
1444 11
1445 14
1446 12
1447 9
1448 5
1449 14
1450 7
1451 11
1452 5
1453 10
1454 10
1455 4
1456 8
1457 4
1458 11
1459 7
1460 11
1461 10
1462 4
1463 18
1464 5
1465 9
1466 9
1467 8
1468 12
1469 10
1470 9
1471 19
1472 12
1473 12
1474 12
1475 7
1476 10
1477 17
1478 8
1479 11
1480 8
1481 8
1482 9
1483 12
1484 7
1485 8
1486 7
1487 9
1488 8
1489 18
1490 6
1491 15
1492 14
1493 16
1494 11
1495 11
1496 10
1497 10
1498 6
1499 6
1500 8
1501 8
1502 11
1503 9
1504 12
1505 6
1506 10
1507 8
1508 16
1509 8
1510 10
1511 7
1512 6
1513 7
1514 9
1515 13
1516 11
1517 12
1518 8
1519 5
1520 6
1521 9
1522 4
1523 8
1524 10
1525 7
1526 11
1527 12
1528 11
1529 6
1530 7
1531 11
1532 10
1533 9
1534 14
1535 6
1536 11
1537 4
1538 5
1539 9
1540 12
1541 8
1542 7
1543 6
1544 8
1545 10
1546 5
1547 10
1548 15
1549 9
1550 11
1551 11
1552 14
1553 8
1554 6
1555 13
1556 14
1557 9
1558 9
1559 9
1560 6
1561 6
1562 14
1563 10
1564 6
1565 10
1566 11
1567 10
1568 5
1569 9
1570 10
1571 8
1572 10
1573 7
1574 11
1575 10
1576 13
1577 10
1578 7
1579 12
1580 13
1581 8
1582 7
1583 6
1584 6
1585 7
1586 4
1587 10
1588 7
1589 7
1590 10
1591 9
1592 14
1593 9
1594 3
1595 7
1596 8
1597 8
1598 13
1599 8
1600 6
1601 9
1602 3
1603 6
1604 7
1605 8
1606 13
1607 8
1608 11
1609 8
1610 4
1611 7
1612 7
1613 16
1614 8
1615 6
1616 5
1617 9
1618 2
1619 6
1620 7
1621 6
1622 9
1623 8
1624 8
1625 10
1626 9
1627 15
1628 5
1629 8
1630 6
1631 7
1632 8
1633 11
1634 10
1635 9
1636 7
1637 15
1638 9
1639 10
1640 4
1641 8
1642 8
1643 6
1644 5
1645 12
1646 5
1647 7
1648 8
1649 7
1650 4
1651 6
1652 7
1653 5
1654 5
1655 7
1656 6
1657 10
1658 4
1659 7
1660 10
1661 5
1662 7
1663 4
1664 5
1665 10
1666 6
1667 9
1668 7
1669 12
1670 4
1671 2
1672 10
1673 10
1674 8
1675 4
1676 5
1677 9
1678 7
1679 11
1680 8
1681 12
1682 6
1683 3
1684 8
1685 6
1686 5
1687 8
1688 10
1689 5
1690 5
1691 10
1692 10
1693 2
1694 8
1695 5
1696 10
1697 4
1698 8
1699 6
1700 10
1701 12
1702 7
1703 3
1704 9
1705 8
1706 5
1707 11
1708 4
1709 4
1710 7
1711 3
1712 7
1713 6
1714 6
1715 9
1716 5
1717 8
1718 6
1719 11
1720 5
1721 9
1722 8
1723 9
1724 10
1725 8
1726 7
1727 8
1728 9
1729 5
1730 3
1731 7
1732 4
1733 7
1734 6
1735 10
1736 4
1737 8
1738 7
1739 3
1740 8
1741 2
1742 4
1743 6
1744 11
1745 6
1746 12
1747 8
1748 9
1749 1
1750 5
1751 7
1752 8
1753 5
1754 8
1755 6
1756 8
1757 2
1758 10
1759 8
1760 5
1761 9
1762 5
1763 8
1764 2
1765 5
1766 7
1767 5
1768 4
1769 2
1770 6
1771 3
1772 7
1773 7
1774 2
1775 4
1776 13
1777 8
1778 6
1779 9
1780 2
1781 5
1782 6
1783 9
1784 3
1785 2
1786 3
1787 4
1788 4
1789 5
1790 5
1791 5
1792 5
1793 0
1794 5
1795 8
1796 5
1797 4
1798 2
1799 4
1800 6
1801 4
1802 6
1803 4
1804 5
1805 6
1806 5
1807 7
1808 6
1809 4
1810 11
1811 4
1812 6
1813 11
1814 8
1815 3
1816 4
1817 9
1818 5
1819 3
1820 6
1821 6
1822 12
1823 10
1824 6
1825 5
1826 6
1827 8
1828 3
1829 5
1830 4
1831 8
1832 2
1833 4
1834 5
1835 12
1836 8
1837 3
1838 7
1839 1
1840 6
1841 7
1842 5
1843 2
1844 6
1845 5
1846 7
1847 3
1848 7
1849 5
1850 5
1851 6
1852 8
1853 10
1854 9
1855 3
1856 5
1857 3
1858 5
1859 2
1860 4
1861 4
1862 6
1863 7
1864 8
1865 7
1866 6
1867 5
1868 10
1869 6
1870 6
1871 6
1872 4
1873 2
1874 7
1875 6
1876 8
1877 5
1878 4
1879 6
1880 6
1881 5
1882 4
1883 1
1884 2
1885 6
1886 2
1887 5
1888 6
1889 2
1890 4
1891 0
1892 5
1893 7
1894 1
1895 4
1896 6
1897 2
1898 4
1899 7
1900 2
1901 6
1902 3
1903 2
1904 5
1905 7
1906 2
1907 4
1908 4
1909 4
1910 5
1911 3
1912 4
1913 5
1914 6
1915 5
1916 5
1917 6
1918 5
1919 3
1920 4
1921 5
1922 3
1923 9
1924 4
1925 3
1926 6
1927 3
1928 3
1929 4
1930 4
1931 5
1932 6
1933 3
1934 7
1935 7
1936 8
1937 3
1938 3
1939 1
1940 4
1941 4
1942 3
1943 9
1944 4
1945 3
1946 5
1947 4
1948 4
1949 4
1950 2
1951 4
1952 6
1953 2
1954 5
1955 4
1956 3
1957 7
1958 4
1959 1
1960 2
1961 7
1962 1
1963 6
1964 2
1965 2
1966 4
1967 7
1968 4
1969 2
1970 3
1971 5
1972 2
1973 3
1974 1
1975 3
1976 3
1977 8
1978 6
1979 5
1980 2
1981 3
1982 6
1983 4
1984 4
1985 2
1986 3
1987 4
1988 5
1989 2
1990 3
1991 2
1992 5
1993 4
1994 5
1995 7
1996 0
1997 3
1998 8
1999 2
2000 5
2001 4
2002 3
2003 3
2004 5
2005 4
2006 5
2007 6
2008 7
2009 2
2010 2
2011 3
2012 5
2013 3
2014 5
2015 2
2016 2
2017 3
2018 4
2019 1
2020 4
2021 7
2022 6
2023 4
2024 3
2025 0
2026 2
2027 1
2028 4
2029 3
2030 2
2031 4
2032 5
2033 4
2034 4
2035 3
2036 2
2037 1
2038 5
2039 2
2040 4
2041 3
2042 1
2043 1
2044 1
2045 0
2046 4
2047 2
2048 2
2049 2
2050 2
2051 0
2052 2
2053 2
2054 2
2055 2
2056 2
2057 2
2058 4
2059 2
2060 0
2061 1
2062 1
2063 0
2064 1
2065 2
2066 1
2067 1
2068 1
2069 5
2070 1
2071 0
2072 4
2073 1
2074 1
2075 1
2076 1
2077 2
2078 2
2079 1
2080 4
2081 3
2082 5
2083 2
2084 1
2085 0
2086 2
2087 0
2088 2
2089 3
2090 0
2091 1
2092 1
2093 1
2094 3
2095 1
2096 1
2097 1
2098 0
2099 1
2100 1
2101 0
2102 3
2103 1
2104 0
2105 2
2106 3
2107 3
2108 3
2109 1
2110 1
2111 1
2112 1
2113 0
2114 1
2115 0
2116 1
2117 4
2118 2
2119 1
2120 2
2121 1
2122 1
2123 3
2124 2
2125 2
2126 0
2127 0
2128 0
2129 1
2130 3
2131 3
2132 2
2133 0
2134 1
2135 1
2136 2
2137 2
2138 0
2139 0
2140 2
2141 1
2142 1
2143 0
2144 2
2145 1
2146 3
2147 0
2148 0
2149 1
2150 2
2151 0
2152 2
2153 3
2154 1
2155 0
2156 0
2157 2
2158 1
2159 1
2160 0
2161 1
2162 0
2163 0
2164 0
2165 1
2166 1
2167 1
2168 1
2169 1
2170 0
2171 1
2172 0
2173 1
2174 0
2175 1
2176 1
2177 2
2178 0
2179 0
2180 2
2181 1
2182 0
2183 1
2184 0
2185 0
2186 0
2187 0
2188 0
2189 3
2190 0
2191 1
2192 0
2193 1
2194 0
2195 0
2196 0
2197 0
2198 1
2199 1
2200 0
2201 0
2202 0
2203 1
2204 0
2205 0
2206 1
2207 2
2208 0
2209 0
2210 1
2211 0
2212 0
2213 0
2214 0
2215 0
2216 0
2217 0
2218 0
2219 0
2220 1
2221 0
2222 0
2223 1
2224 1
2225 1
2226 0
2227 1
2228 0
2229 0
2230 0
2231 1
2232 0
2233 1
2234 2
2235 0
2236 0
2237 2
2238 0
2239 1
2240 0
2241 0
2242 0
2243 0
2244 0
2245 0
2246 0
2247 0
2248 0
2249 0
2250 0
2251 0
2252 0
2253 0
2254 0
2255 0
2256 0
2257 0
2258 0
2259 0
2260 0
2261 0
2262 0
2263 0
2264 0
2265 0
2266 0
2267 0
2268 0
2269 0
2270 0
2271 0
2272 0
2273 0
2274 0
2275 0
2276 0
2277 0
2278 1
2279 0
2280 0
2281 0
2282 0
2283 0
2284 0
2285 0
2286 0
2287 0
2288 0
2289 0
2290 0
2291 0
2292 0
2293 0
2294 0
2295 0
2296 0
2297 0
2298 0
2299 0
2300 0
2301 0
2302 0
2303 0
2304 0
2305 0
2306 0
2307 1
