0 0 0
1 2.1344157364419845 0.0
2 2.3163198132970213 0.0
3 2.5803428243384063 -0.6671657410538557
4 2.8051788353113363 -0.875416227050908
5 2.984249041521875 -1.0885757284585114
6 3.123601160077239 -1.2499157188038235
7 3.224908859135603 -1.4268099259047595
8 3.299470463638503 -1.577624870162973
9 3.3694673668417106 -1.7396419255612248
10 3.3976766339447173 -1.8745781892195617
11 3.4255455565478234 -2.015272373540856
12 3.4393548909960288 -2.1453390988251226
13 3.473604341028235 -2.2752616075642424
14 3.4830022361214636 -2.3958939522807645
15 3.4976782299918057 -2.5416162938436067
16 3.500415096749473 -2.649841117196973
17 3.4750836574115946 -2.746245036542556
18 3.4491971740526655 -2.857345327847877
19 3.4499133448873485 -2.9990629183400266
20 3.4556559980454433 -3.1122747912699573
21 3.457627118644068 -3.2053643724696355
22 3.4679871027176414 -3.3321510536198624
23 3.461973601508485 -3.4546475709070488
24 3.4242160278745644 -3.536697247706422
25 3.432799013563502 -3.568596211718888
26 3.4602587800369684 -3.7417673537076523
27 3.4830917874396135 -3.826731078904992
28 3.425170068027211 -3.9600179694519317
29 3.3151260504201683 -3.8237885462555066
30 3.2312925170068025 -3.995881383855025
31 3.588785046728972 -4.373759647188534
32 3.47 -3.6810897435897436
33 3.440677966101695 -4.779661016949152
34 3.473684210526316 -4.720797720797721
35 3.2580645161290325 -4.285171102661597
36 3.08 -4.53932584269663
37 3.761904761904762 -4.458333333333333
38 2.8 -3.962962962962963
39 2.625 -4.633802816901408
40 2.8 -6.290909090909091
41 3.0 -4.794117647058823
42 2.2 -6.757575757575758
43 2.75 -4.157894736842105
44 2.0 -4.708333333333333
45 0 -5.0
46 3.0 -5.625
47 4.666666666666667 -6.333333333333333
48 2.6666666666666665 -9.333333333333334
49 0 -2.2
50 0 -5.0
51 0 -4.4
57 0 -7.0
