-1405 1
-1404 0
-1403 0
-1402 0
-1401 0
-1400 0
-1399 0
-1398 0
-1397 0
-1396 0
-1395 0
-1394 0
-1393 0
-1392 0
-1391 0
-1390 0
-1389 0
-1388 0
-1387 0
-1386 0
-1385 0
-1384 0
-1383 0
-1382 0
-1381 0
-1380 0
-1379 0
-1378 0
-1377 0
-1376 0
-1375 0
-1374 0
-1373 0
-1372 0
-1371 0
-1370 0
-1369 0
-1368 0
-1367 0
-1366 0
-1365 0
-1364 0
-1363 0
-1362 0
-1361 0
-1360 0
-1359 0
-1358 0
-1357 0
-1356 0
-1355 0
-1354 0
-1353 0
-1352 0
-1351 0
-1350 0
-1349 0
-1348 0
-1347 0
-1346 0
-1345 0
-1344 0
-1343 0
-1342 0
-1341 0
-1340 0
-1339 0
-1338 0
-1337 0
-1336 0
-1335 0
-1334 0
-1333 0
-1332 0
-1331 0
-1330 0
-1329 0
-1328 0
-1327 0
-1326 0
-1325 0
-1324 0
-1323 0
-1322 0
-1321 0
-1320 0
-1319 0
-1318 0
-1317 0
-1316 0
-1315 0
-1314 0
-1313 0
-1312 0
-1311 0
-1310 0
-1309 0
-1308 0
-1307 0
-1306 0
-1305 0
-1304 0
-1303 0
-1302 0
-1301 0
-1300 0
-1299 0
-1298 0
-1297 0
-1296 0
-1295 0
-1294 0
-1293 0
-1292 0
-1291 0
-1290 0
-1289 0
-1288 0
-1287 0
-1286 0
-1285 0
-1284 0
-1283 0
-1282 0
-1281 0
-1280 0
-1279 0
-1278 0
-1277 0
-1276 0
-1275 0
-1274 0
-1273 0
-1272 0
-1271 0
-1270 0
-1269 0
-1268 0
-1267 0
-1266 0
-1265 0
-1264 0
-1263 0
-1262 0
-1261 0
-1260 0
-1259 1
-1258 0
-1257 1
-1256 0
-1255 0
-1254 0
-1253 0
-1252 0
-1251 0
-1250 0
-1249 0
-1248 0
-1247 0
-1246 0
-1245 0
-1244 0
-1243 0
-1242 0
-1241 1
-1240 0
-1239 0
-1238 0
-1237 0
-1236 0
-1235 0
-1234 0
-1233 0
-1232 0
-1231 0
-1230 0
-1229 0
-1228 0
-1227 0
-1226 0
-1225 0
-1224 0
-1223 0
-1222 0
-1221 0
-1220 0
-1219 0
-1218 0
-1217 0
-1216 0
-1215 0
-1214 0
-1213 0
-1212 0
-1211 0
-1210 0
-1209 0
-1208 0
-1207 0
-1206 0
-1205 0
-1204 0
-1203 0
-1202 0
-1201 0
-1200 0
-1199 0
-1198 1
-1197 0
-1196 0
-1195 0
-1194 0
-1193 0
-1192 0
-1191 0
-1190 0
-1189 0
-1188 0
-1187 0
-1186 0
-1185 0
-1184 0
-1183 0
-1182 0
-1181 0
-1180 0
-1179 0
-1178 0
-1177 0
-1176 0
-1175 0
-1174 0
-1173 0
-1172 1
-1171 0
-1170 0
-1169 0
-1168 0
-1167 0
-1166 0
-1165 0
-1164 0
-1163 0
-1162 0
-1161 0
-1160 1
-1159 0
-1158 0
-1157 0
-1156 0
-1155 0
-1154 0
-1153 0
-1152 0
-1151 0
-1150 0
-1149 1
-1148 0
-1147 0
-1146 0
-1145 0
-1144 0
-1143 0
-1142 0
-1141 0
-1140 0
-1139 0
-1138 0
-1137 0
-1136 1
-1135 0
-1134 0
-1133 0
-1132 0
-1131 1
-1130 0
-1129 0
-1128 0
-1127 0
-1126 0
-1125 0
-1124 0
-1123 0
-1122 0
-1121 0
-1120 0
-1119 0
-1118 0
-1117 0
-1116 0
-1115 0
-1114 0
-1113 0
-1112 0
-1111 0
-1110 0
-1109 0
-1108 1
-1107 0
-1106 0
-1105 0
-1104 0
-1103 0
-1102 0
-1101 0
-1100 0
-1099 0
-1098 1
-1097 0
-1096 0
-1095 0
-1094 0
-1093 1
-1092 0
-1091 0
-1090 1
-1089 1
-1088 0
-1087 0
-1086 0
-1085 0
-1084 1
-1083 0
-1082 0
-1081 0
-1080 0
-1079 0
-1078 0
-1077 0
-1076 0
-1075 0
-1074 0
-1073 1
-1072 0
-1071 1
-1070 0
-1069 1
-1068 0
-1067 0
-1066 0
-1065 0
-1064 0
-1063 1
-1062 0
-1061 1
-1060 0
-1059 0
-1058 0
-1057 2
-1056 3
-1055 1
-1054 0
-1053 0
-1052 0
-1051 0
-1050 0
-1049 0
-1048 0
-1047 0
-1046 1
-1045 0
-1044 1
-1043 0
-1042 0
-1041 2
-1040 0
-1039 1
-1038 0
-1037 1
-1036 0
-1035 0
-1034 0
-1033 1
-1032 0
-1031 0
-1030 1
-1029 1
-1028 1
-1027 0
-1026 0
-1025 1
-1024 0
-1023 0
-1022 0
-1021 0
-1020 0
-1019 0
-1018 1
-1017 0
-1016 0
-1015 0
-1014 1
-1013 0
-1012 0
-1011 1
-1010 0
-1009 1
-1008 0
-1007 1
-1006 0
-1005 1
-1004 0
-1003 0
-1002 1
-1001 0
-1000 0
-999 0
-998 0
-997 1
-996 0
-995 0
-994 0
-993 1
-992 0
-991 0
-990 0
-989 1
-988 0
-987 0
-986 0
-985 1
-984 1
-983 0
-982 0
-981 1
-980 0
-979 0
-978 0
-977 0
-976 0
-975 0
-974 0
-973 0
-972 2
-971 0
-970 0
-969 0
-968 1
-967 0
-966 0
-965 0
-964 0
-963 0
-962 0
-961 0
-960 0
-959 1
-958 0
-957 1
-956 0
-955 1
-954 1
-953 2
-952 0
-951 2
-950 1
-949 0
-948 0
-947 0
-946 0
-945 0
-944 0
-943 0
-942 1
-941 0
-940 0
-939 0
-938 2
-937 0
-936 1
-935 2
-934 0
-933 0
-932 0
-931 1
-930 1
-929 1
-928 1
-927 1
-926 0
-925 1
-924 0
-923 0
-922 1
-921 2
-920 2
-919 0
-918 4
-917 0
-916 0
-915 2
-914 0
-913 1
-912 3
-911 1
-910 0
-909 1
-908 1
-907 1
-906 2
-905 0
-904 2
-903 2
-902 0
-901 1
-900 0
-899 0
-898 0
-897 3
-896 2
-895 0
-894 0
-893 0
-892 3
-891 1
-890 2
-889 2
-888 1
-887 2
-886 1
-885 0
-884 0
-883 1
-882 1
-881 1
-880 1
-879 1
-878 1
-877 1
-876 2
-875 2
-874 3
-873 0
-872 0
-871 1
-870 1
-869 0
-868 4
-867 3
-866 0
-865 2
-864 1
-863 3
-862 2
-861 2
-860 1
-859 0
-858 0
-857 3
-856 2
-855 4
-854 3
-853 0
-852 4
-851 0
-850 1
-849 0
-848 3
-847 3
-846 2
-845 1
-844 0
-843 1
-842 4
-841 1
-840 3
-839 4
-838 6
-837 0
-836 1
-835 3
-834 1
-833 2
-832 1
-831 2
-830 5
-829 4
-828 3
-827 1
-826 1
-825 0
-824 2
-823 1
-822 3
-821 2
-820 1
-819 1
-818 2
-817 3
-816 3
-815 3
-814 0
-813 3
-812 3
-811 2
-810 0
-809 1
-808 2
-807 2
-806 3
-805 5
-804 2
-803 2
-802 0
-801 4
-800 3
-799 3
-798 4
-797 1
-796 5
-795 5
-794 6
-793 0
-792 5
-791 2
-790 3
-789 1
-788 0
-787 5
-786 4
-785 2
-784 5
-783 4
-782 0
-781 1
-780 3
-779 2
-778 3
-777 5
-776 2
-775 4
-774 3
-773 1
-772 3
-771 4
-770 4
-769 3
-768 4
-767 3
-766 4
-765 3
-764 0
-763 7
-762 2
-761 5
-760 5
-759 5
-758 2
-757 3
-756 5
-755 5
-754 1
-753 3
-752 4
-751 4
-750 4
-749 2
-748 11
-747 3
-746 3
-745 6
-744 5
-743 2
-742 7
-741 5
-740 6
-739 7
-738 4
-737 5
-736 3
-735 8
-734 4
-733 4
-732 4
-731 8
-730 4
-729 1
-728 5
-727 5
-726 2
-725 9
-724 4
-723 7
-722 6
-721 8
-720 5
-719 10
-718 4
-717 13
-716 10
-715 4
-714 7
-713 3
-712 4
-711 3
-710 5
-709 5
-708 5
-707 4
-706 8
-705 10
-704 4
-703 5
-702 6
-701 9
-700 7
-699 6
-698 6
-697 10
-696 8
-695 6
-694 9
-693 10
-692 7
-691 5
-690 5
-689 7
-688 12
-687 10
-686 7
-685 7
-684 10
-683 3
-682 6
-681 5
-680 6
-679 6
-678 7
-677 10
-676 7
-675 6
-674 9
-673 9
-672 10
-671 14
-670 10
-669 9
-668 9
-667 8
-666 16
-665 9
-664 14
-663 11
-662 12
-661 14
-660 16
-659 4
-658 4
-657 12
-656 11
-655 11
-654 15
-653 14
-652 12
-651 8
-650 7
-649 10
-648 9
-647 17
-646 10
-645 15
-644 8
-643 11
-642 8
-641 16
-640 12
-639 10
-638 12
-637 17
-636 8
-635 6
-634 9
-633 15
-632 8
-631 15
-630 13
-629 10
-628 11
-627 14
-626 13
-625 11
-624 14
-623 17
-622 20
-621 18
-620 14
-619 14
-618 12
-617 11
-616 15
-615 12
-614 14
-613 22
-612 18
-611 18
-610 16
-609 17
-608 15
-607 18
-606 20
-605 19
-604 14
-603 19
-602 13
-601 20
-600 18
-599 17
-598 24
-597 16
-596 20
-595 20
-594 20
-593 9
-592 16
-591 23
-590 19
-589 18
-588 19
-587 16
-586 22
-585 22
-584 21
-583 20
-582 14
-581 23
-580 17
-579 17
-578 18
-577 16
-576 17
-575 23
-574 18
-573 25
-572 17
-571 19
-570 29
-569 16
-568 23
-567 16
-566 28
-565 35
-564 31
-563 28
-562 32
-561 28
-560 34
-559 32
-558 24
-557 23
-556 24
-555 27
-554 35
-553 25
-552 27
-551 26
-550 22
-549 34
-548 40
-547 29
-546 39
-545 26
-544 32
-543 23
-542 28
-541 18
-540 27
-539 33
-538 40
-537 32
-536 31
-535 28
-534 41
-533 35
-532 41
-531 40
-530 30
-529 41
-528 29
-527 28
-526 37
-525 26
-524 40
-523 28
-522 36
-521 32
-520 42
-519 33
-518 38
-517 28
-516 51
-515 32
-514 42
-513 40
-512 53
-511 44
-510 31
-509 36
-508 40
-507 44
-506 42
-505 43
-504 41
-503 45
-502 44
-501 45
-500 35
-499 47
-498 38
-497 46
-496 45
-495 44
-494 48
-493 38
-492 47
-491 41
-490 44
-489 60
-488 51
-487 41
-486 48
-485 46
-484 56
-483 41
-482 37
-481 48
-480 57
-479 47
-478 58
-477 49
-476 56
-475 44
-474 59
-473 58
-472 58
-471 70
-470 57
-469 70
-468 64
-467 60
-466 61
-465 70
-464 77
-463 57
-462 56
-461 76
-460 59
-459 64
-458 74
-457 66
-456 71
-455 72
-454 64
-453 87
-452 58
-451 76
-450 79
-449 63
-448 73
-447 66
-446 73
-445 73
-444 86
-443 72
-442 71
-441 81
-440 66
-439 76
-438 83
-437 75
-436 65
-435 96
-434 74
-433 96
-432 88
-431 74
-430 89
-429 73
-428 97
-427 90
-426 110
-425 80
-424 102
-423 72
-422 100
-421 103
-420 93
-419 106
-418 98
-417 92
-416 108
-415 112
-414 96
-413 102
-412 117
-411 110
-410 107
-409 106
-408 103
-407 102
-406 123
-405 108
-404 99
-403 108
-402 102
-401 115
-400 114
-399 125
-398 131
-397 142
-396 126
-395 124
-394 118
-393 128
-392 122
-391 149
-390 137
-389 113
-388 130
-387 131
-386 138
-385 132
-384 139
-383 148
-382 143
-381 131
-380 146
-379 145
-378 154
-377 151
-376 152
-375 137
-374 121
-373 146
-372 150
-371 123
-370 185
-369 154
-368 150
-367 165
-366 158
-365 162
-364 170
-363 184
-362 178
-361 176
-360 175
-359 159
-358 194
-357 161
-356 177
-355 164
-354 209
-353 210
-352 175
-351 223
-350 192
-349 188
-348 204
-347 204
-346 180
-345 181
-344 217
-343 208
-342 210
-341 233
-340 221
-339 200
-338 240
-337 200
-336 234
-335 235
-334 224
-333 230
-332 215
-331 239
-330 232
-329 221
-328 262
-327 244
-326 240
-325 258
-324 251
-323 262
-322 245
-321 261
-320 271
-319 262
-318 267
-317 274
-316 269
-315 289
-314 268
-313 331
-312 302
-311 289
-310 273
-309 309
-308 297
-307 297
-306 312
-305 305
-304 348
-303 309
-302 309
-301 283
-300 317
-299 333
-298 364
-297 333
-296 336
-295 347
-294 342
-293 347
-292 352
-291 372
-290 370
-289 385
-288 347
-287 387
-286 394
-285 427
-284 380
-283 431
-282 411
-281 397
-280 414
-279 412
-278 429
-277 438
-276 425
-275 434
-274 425
-273 461
-272 455
-271 466
-270 479
-269 492
-268 511
-267 481
-266 484
-265 503
-264 477
-263 502
-262 534
-261 485
-260 495
-259 530
-258 566
-257 528
-256 547
-255 568
-254 578
-253 573
-252 625
-251 579
-250 587
-249 606
-248 620
-247 616
-246 625
-245 632
-244 611
-243 614
-242 669
-241 615
-240 641
-239 694
-238 681
-237 654
-236 714
-235 736
-234 743
-233 702
-232 724
-231 780
-230 779
-229 783
-228 749
-227 814
-226 804
-225 760
-224 795
-223 749
-222 807
-221 866
-220 871
-219 833
-218 861
-217 850
-216 855
-215 863
-214 878
-213 893
-212 970
-211 986
-210 895
-209 1004
-208 1004
-207 1067
-206 1033
-205 1016
-204 1038
-203 1039
-202 1126
-201 1085
-200 1109
-199 1127
-198 1077
-197 1128
-196 1099
-195 1152
-194 1189
-193 1214
-192 1271
-191 1224
-190 1298
-189 1247
-188 1334
-187 1295
-186 1308
-185 1292
-184 1325
-183 1390
-182 1470
-181 1458
-180 1458
-179 1461
-178 1470
-177 1552
-176 1477
-175 1550
-174 1569
-173 1595
-172 1691
-171 1663
-170 1700
-169 1661
-168 1740
-167 1713
-166 1771
-165 1787
-164 1739
-163 1880
-162 1948
-161 1962
-160 1891
-159 1958
-158 1974
-157 2050
-156 2110
-155 2006
-154 2183
-153 2214
-152 2162
-151 2295
-150 2341
-149 2267
-148 2314
-147 2346
-146 2487
-145 2435
-144 2542
-143 2429
-142 2505
-141 2517
-140 2635
-139 2675
-138 2791
-137 2745
-136 2858
-135 2859
-134 2921
-133 2880
-132 3005
-131 3128
-130 3089
-129 3307
-128 3341
-127 3249
-126 3195
-125 3463
-124 3524
-123 3466
-122 3584
-121 3619
-120 3753
-119 3664
-118 3771
-117 3884
-116 3987
-115 4052
-114 4167
-113 4252
-112 4196
-111 4325
-110 4561
-109 4502
-108 4672
-107 4708
-106 4801
-105 4975
-104 5037
-103 5153
-102 5094
-101 5365
-100 5356
-99 5487
-98 5601
-97 5727
-96 5871
-95 5888
-94 6132
-93 6238
-92 6237
-91 6424
-90 6576
-89 6746
-88 6919
-87 7194
-86 7366
-85 7316
-84 7629
-83 7802
-82 7964
-81 8236
-80 8439
-79 8618
-78 8644
-77 8899
-76 9205
-75 9408
-74 9605
-73 9967
-72 10044
-71 10443
-70 10817
-69 11162
-68 11475
-67 11598
-66 12079
-65 12260
-64 12542
-63 13040
-62 13420
-61 13730
-60 14307
-59 14590
-58 14664
-57 15544
-56 16087
-55 16409
-54 16871
-53 17582
-52 18190
-51 18846
-50 19310
-49 20069
-48 20694
-47 21585
-46 22036
-45 23155
-44 23873
-43 25216
-42 25838
-41 26948
-40 28465
-39 29486
-38 30850
-37 32040
-36 33589
-35 35193
-34 36936
-33 38621
-32 40568
-31 42571
-30 44479
-29 47196
-28 49661
-27 52937
-26 56507
-25 59802
-24 63485
-23 67563
-22 72894
-21 78018
-20 83993
-19 91241
-18 99616
-17 108097
-16 118974
-15 131383
-14 145546
-13 163305
-12 184083
-11 210005
-10 243119
-9 284628
-8 340582
-7 417945
-6 527965
-5 701310
-4 999874
-3 1628632
-2 3619643
-1 20896305
0 0
1 21576761
2 3126599
3 1511398
4 968185
5 687749
6 520713
7 413585
8 337559
9 283349
10 241904
11 209598
12 182944
13 162735
14 144916
15 130117
16 118795
17 107364
18 99006
19 90976
20 84255
21 77953
22 72975
23 67518
24 63568
25 59818
26 55809
27 52720
28 49517
29 47003
30 44869
31 42412
32 40536
33 38141
34 36791
35 35009
36 33950
37 32307
38 30753
39 29203
40 28215
41 26949
42 25830
43 25103
44 24164
45 22990
46 22470
47 21249
48 20923
49 19941
50 19607
51 18858
52 18357
53 17414
54 16918
55 16256
56 15644
57 15440
58 14875
59 14619
60 14156
61 13757
62 13353
63 12769
64 12553
65 12383
66 12150
67 11609
68 11256
69 10757
70 10585
71 10363
72 10068
73 9949
74 9797
75 9649
76 9102
77 8990
78 8568
79 8500
80 8378
81 8154
82 7945
83 7693
84 7569
85 7300
86 7278
87 7137
88 7018
89 6735
90 6696
91 6564
92 6466
93 6260
94 6032
95 6076
96 5916
97 5688
98 5670
99 5482
100 5457
101 5333
102 5299
103 5211
104 5076
105 4946
106 4866
107 4568
108 4639
109 4658
110 4265
111 4432
112 4341
113 4282
114 4067
115 4115
116 4071
117 3997
118 3828
119 3810
120 3694
121 3625
122 3549
123 3402
124 3440
125 3385
126 3354
127 3214
128 3334
129 3252
130 3064
131 3087
132 3013
133 2984
134 2941
135 2868
136 2780
137 2680
138 2748
139 2702
140 2684
141 2649
142 2545
143 2455
144 2429
145 2524
146 2481
147 2334
148 2361
149 2259
150 2229
151 2174
152 2224
153 2167
154 2093
155 2132
156 2007
157 1969
158 2095
159 2000
160 2004
161 1897
162 1781
163 1818
164 1890
165 1775
166 1703
167 1690
168 1735
169 1690
170 1699
171 1682
172 1573
173 1559
174 1558
175 1586
176 1557
177 1511
178 1474
179 1443
180 1426
181 1439
182 1364
183 1410
184 1377
185 1336
186 1351
187 1307
188 1271
189 1291
190 1253
191 1271
192 1239
193 1187
194 1200
195 1221
196 1185
197 1116
198 1112
199 1096
200 1077
201 1083
202 1078
203 1014
204 1003
205 993
206 1021
207 1014
208 1013
209 980
210 974
211 966
212 963
213 962
214 944
215 884
216 884
217 844
218 906
219 864
220 872
221 832
222 899
223 775
224 798
225 814
226 762
227 772
228 797
229 770
230 794
231 763
232 717
233 681
234 721
235 763
236 736
237 716
238 672
239 635
240 657
241 611
242 648
243 621
244 637
245 639
246 600
247 619
248 629
249 582
250 561
251 571
252 564
253 605
254 560
255 555
256 506
257 551
258 554
259 524
260 514
261 530
262 487
263 499
264 501
265 473
266 503
267 459
268 483
269 486
270 477
271 460
272 445
273 426
274 419
275 479
276 415
277 413
278 435
279 395
280 378
281 386
282 378
283 407
284 394
285 380
286 380
287 379
288 379
289 334
290 368
291 390
292 381
293 344
294 363
295 340
296 356
297 337
298 334
299 322
300 349
301 314
302 364
303 332
304 319
305 281
306 334
307 313
308 295
309 290
310 263
311 286
312 296
313 280
314 276
315 264
316 287
317 288
318 267
319 277
320 266
321 251
322 240
323 254
324 231
325 254
326 246
327 237
328 231
329 228
330 248
331 233
332 248
333 235
334 211
335 221
336 226
337 227
338 194
339 208
340 172
341 225
342 206
343 186
344 210
345 198
346 202
347 218
348 209
349 190
350 201
351 180
352 192
353 192
354 190
355 191
356 161
357 203
358 179
359 192
360 192
361 172
362 171
363 197
364 171
365 171
366 155
367 165
368 145
369 142
370 157
371 177
372 161
373 158
374 155
375 140
376 157
377 147
378 144
379 151
380 141
381 138
382 144
383 128
384 137
385 145
386 112
387 126
388 122
389 141
390 129
391 118
392 103
393 136
394 123
395 136
396 137
397 115
398 137
399 129
400 98
401 128
402 120
403 101
404 109
405 106
406 119
407 109
408 108
409 100
410 93
411 106
412 94
413 101
414 127
415 114
416 104
417 88
418 90
419 104
420 104
421 94
422 87
423 102
424 94
425 80
426 99
427 94
428 87
429 94
430 102
431 105
432 86
433 97
434 78
435 67
436 73
437 74
438 91
439 80
440 81
441 98
442 65
443 76
444 70
445 55
446 69
447 71
448 72
449 73
450 86
451 83
452 75
453 62
454 76
455 73
456 64
457 59
458 56
459 65
460 60
461 65
462 67
463 48
464 62
465 51
466 62
467 69
468 54
469 58
470 52
471 47
472 63
473 58
474 46
475 70
476 56
477 55
478 50
479 45
480 40
481 57
482 56
483 45
484 43
485 52
486 54
487 62
488 40
489 49
490 51
491 42
492 51
493 39
494 50
495 41
496 44
497 45
498 58
499 49
500 36
501 29
502 35
503 45
504 51
505 47
506 39
507 33
508 46
509 46
510 44
511 49
512 39
513 34
514 39
515 34
516 41
517 40
518 40
519 46
520 33
521 37
522 36
523 24
524 41
525 43
526 22
527 40
528 28
529 41
530 33
531 36
532 27
533 25
534 27
535 34
536 26
537 36
538 24
539 29
540 33
541 28
542 25
543 28
544 27
545 32
546 32
547 29
548 26
549 34
550 28
551 18
552 30
553 25
554 36
555 26
556 28
557 23
558 24
559 23
560 25
561 26
562 20
563 24
564 22
565 26
566 36
567 29
568 31
569 30
570 21
571 24
572 33
573 20
574 20
575 24
576 32
577 13
578 19
579 25
580 15
581 28
582 21
583 20
584 19
585 21
586 21
587 17
588 28
589 16
590 18
591 21
592 21
593 17
594 17
595 18
596 19
597 18
598 19
599 16
600 21
601 22
602 19
603 19
604 19
605 17
606 15
607 14
608 19
609 10
610 13
611 16
612 11
613 9
614 16
615 15
616 14
617 11
618 17
619 12
620 11
621 17
622 16
623 16
624 14
625 13
626 13
627 12
628 13
629 17
630 16
631 11
632 12
633 14
634 12
635 9
636 9
637 9
638 14
639 11
640 6
641 8
642 12
643 12
644 17
645 16
646 12
647 13
648 14
649 11
650 6
651 9
652 17
653 4
654 4
655 10
656 9
657 9
658 14
659 13
660 5
661 6
662 11
663 9
664 10
665 10
666 4
667 13
668 15
669 10
670 11
671 13
672 9
673 12
674 8
675 5
676 8
677 10
678 12
679 11
680 9
681 8
682 14
683 8
684 9
685 6
686 11
687 8
688 4
689 12
690 14
691 5
692 11
693 3
694 5
695 10
696 11
697 5
698 8
699 5
700 8
701 4
702 7
703 2
704 7
705 7
706 8
707 11
708 10
709 6
710 3
711 5
712 8
713 6
714 6
715 5
716 10
717 7
718 9
719 8
720 3
721 5
722 4
723 5
724 4
725 9
726 3
727 3
728 6
729 7
730 5
731 4
732 10
733 5
734 5
735 4
736 1
737 8
738 7
739 4
740 11
741 7
742 4
743 3
744 6
745 4
746 3
747 5
748 3
749 1
750 4
751 6
752 7
753 4
754 5
755 2
756 0
757 4
758 2
759 7
760 4
761 5
762 3
763 3
764 4
765 5
766 5
767 5
768 2
769 1
770 1
771 6
772 3
773 5
774 3
775 2
776 2
777 2
778 4
779 2
780 3
781 4
782 8
783 2
784 3
785 6
786 4
787 4
788 4
789 7
790 3
791 3
792 2
793 2
794 6
795 3
796 1
797 1
798 3
799 2
800 2
801 1
802 2
803 1
804 1
805 3
806 2
807 3
808 5
809 3
810 6
811 2
812 2
813 1
814 1
815 3
816 1
817 2
818 1
819 2
820 3
821 1
822 4
823 1
824 4
825 3
826 1
827 3
828 1
829 4
830 2
831 4
832 2
833 2
834 3
835 1
836 3
837 2
838 1
839 2
840 2
841 1
842 0
843 3
844 0
845 1
846 3
847 0
848 2
849 1
850 0
851 2
852 0
853 2
854 2
855 0
856 0
857 3
858 1
859 1
860 2
861 0
862 1
863 1
864 2
865 0
866 1
867 4
868 2
869 1
870 1
871 2
872 1
873 1
874 0
875 1
876 0
877 0
878 0
879 1
880 3
881 0
882 2
883 1
884 2
885 1
886 1
887 0
888 1
889 2
890 0
891 3
892 3
893 0
894 0
895 0
896 0
897 1
898 2
899 0
900 0
901 0
902 0
903 0
904 0
905 0
906 1
907 1
908 0
909 2
910 1
911 1
912 0
913 2
914 0
915 1
916 0
917 1
918 1
919 0
920 0
921 3
922 0
923 0
924 0
925 3
926 0
927 1
928 0
929 2
930 2
931 0
932 2
933 0
934 0
935 1
936 0
937 0
938 1
939 0
940 1
941 0
942 1
943 0
944 2
945 1
946 1
947 1
948 2
949 3
950 0
951 1
952 0
953 0
954 1
955 1
956 0
957 0
958 2
959 1
960 0
961 1
962 1
963 0
964 1
965 0
966 0
967 0
968 1
969 0
970 2
971 0
972 1
973 0
974 0
975 0
976 0
977 1
978 1
979 0
980 0
981 1
982 0
983 0
984 1
985 0
986 0
987 0
988 1
989 3
990 1
991 1
992 1
993 1
994 0
995 0
996 0
997 0
998 1
999 0
1000 0
1001 2
1002 0
1003 0
1004 0
1005 0
1006 0
1007 3
1008 1
1009 1
1010 0
1011 0
1012 0
1013 0
1014 0
1015 0
1016 0
1017 0
1018 2
1019 0
1020 2
1021 0
1022 1
1023 0
1024 0
1025 1
1026 1
1027 1
1028 0
1029 0
1030 1
1031 2
1032 0
1033 0
1034 1
1035 0
1036 1
1037 0
1038 0
1039 0
1040 0
1041 0
1042 0
1043 0
1044 0
1045 1
1046 0
1047 0
1048 0
1049 0
1050 0
1051 0
1052 0
1053 0
1054 0
1055 0
1056 0
1057 0
1058 0
1059 0
1060 0
1061 0
1062 0
1063 0
1064 1
1065 0
1066 0
1067 0
1068 0
1069 0
1070 0
1071 0
1072 0
1073 0
1074 0
1075 0
1076 0
1077 0
1078 0
1079 0
1080 0
1081 0
1082 0
1083 1
1084 0
1085 1
1086 0
1087 0
1088 0
1089 0
1090 0
1091 0
1092 2
1093 1
1094 0
1095 1
1096 0
1097 0
1098 1
1099 0
1100 0
1101 0
1102 0
1103 0
1104 0
1105 0
1106 0
1107 0
1108 0
1109 0
1110 0
1111 0
1112 0
1113 0
1114 0
1115 0
1116 0
1117 0
1118 0
1119 0
1120 0
1121 0
1122 0
1123 0
1124 0
1125 0
1126 0
1127 0
1128 0
1129 0
1130 0
1131 0
1132 0
1133 0
1134 0
1135 0
1136 0
1137 0
1138 0
1139 0
1140 0
1141 0
1142 0
1143 0
1144 0
1145 0
1146 0
1147 0
1148 0
1149 0
1150 0
1151 0
1152 0
1153 1
1154 0
1155 0
1156 0
1157 0
1158 0
1159 0
1160 0
1161 0
1162 0
1163 0
1164 0
1165 0
1166 0
1167 0
1168 0
1169 0
1170 0
1171 0
1172 0
1173 0
1174 0
1175 0
1176 0
1177 0
1178 0
1179 0
1180 0
1181 0
1182 0
1183 0
1184 0
1185 0
1186 0
1187 0
1188 0
1189 0
1190 0
1191 0
1192 0
1193 0
1194 0
1195 0
1196 0
1197 0
1198 0
1199 0
1200 0
1201 0
1202 0
1203 0
1204 0
1205 0
1206 0
1207 0
1208 0
1209 0
1210 0
1211 0
1212 0
1213 0
1214 0
1215 0
1216 0
1217 0
1218 0
1219 0
1220 0
1221 0
1222 0
1223 0
1224 0
1225 0
1226 0
1227 0
1228 0
1229 0
1230 0
1231 0
1232 0
1233 0
1234 0
1235 0
1236 0
1237 0
1238 0
1239 0
1240 0
1241 0
1242 0
1243 0
1244 0
1245 0
1246 0
1247 0
1248 0
1249 0
1250 0
1251 0
1252 0
1253 0
1254 0
1255 0
1256 0
1257 1
1258 0
1259 0
1260 0
1261 0
1262 0
1263 0
1264 0
1265 0
1266 0
1267 0
1268 0
1269 0
1270 0
1271 0
1272 0
1273 0
1274 0
1275 0
1276 0
1277 0
1278 0
1279 0
1280 0
1281 0
1282 0
1283 0
1284 0
1285 1
1286 0
1287 0
1288 0
1289 0
1290 0
1291 0
1292 0
1293 0
1294 0
1295 0
1296 0
1297 0
1298 0
1299 0
1300 0
1301 0
1302 0
1303 0
1304 0
1305 0
1306 0
1307 0
1308 0
1309 0
1310 0
1311 0
1312 0
1313 0
1314 0
1315 0
1316 0
1317 0
1318 0
1319 0
1320 0
1321 0
1322 0
1323 0
1324 0
1325 0
1326 0
1327 0
1328 0
1329 0
1330 0
1331 0
1332 0
1333 0
1334 0
1335 0
1336 0
1337 0
1338 0
1339 0
1340 0
1341 0
1342 0
1343 0
1344 0
1345 0
1346 0
1347 0
1348 0
1349 0
1350 0
1351 0
1352 0
1353 0
1354 0
1355 0
1356 0
1357 0
1358 0
1359 0
1360 0
1361 0
1362 0
1363 0
1364 0
1365 0
1366 0
1367 0
1368 0
1369 0
1370 0
1371 0
1372 0
1373 0
1374 0
1375 0
1376 0
1377 0
1378 0
1379 0
1380 0
1381 0
1382 0
1383 0
1384 0
1385 0
1386 0
1387 0
1388 0
1389 0
1390 0
1391 0
1392 0
1393 0
1394 0
1395 0
1396 0
1397 0
1398 0
1399 0
1400 0
1401 0
1402 0
1403 0
1404 0
1405 0
1406 0
1407 0
1408 0
1409 0
1410 0
1411 0
1412 0
1413 0
1414 0
1415 0
1416 0
1417 0
1418 0
1419 0
1420 0
1421 0
1422 0
1423 0
1424 0
1425 0
1426 0
1427 0
1428 0
1429 0
1430 0
1431 0
1432 0
1433 0
1434 0
1435 0
1436 0
1437 0
1438 0
1439 0
1440 0
1441 0
1442 0
1443 0
1444 0
1445 0
1446 0
1447 0
1448 0
1449 0
1450 0
1451 0
1452 0
1453 0
1454 0
1455 0
1456 0
1457 0
1458 0
1459 0
1460 0
1461 0
1462 0
1463 0
1464 0
1465 0
1466 0
1467 0
1468 0
1469 0
1470 0
1471 0
1472 0
1473 0
1474 0
1475 0
1476 0
1477 0
1478 0
1479 0
1480 0
1481 0
1482 0
1483 0
1484 0
1485 0
1486 0
1487 0
1488 0
1489 0
1490 0
1491 0
1492 1
