1 0.4402 0.5598
2 0.492 0.508
3 0.4975 0.5025
4 0.499 0.501
5 0.5009 0.4991
6 0.5013 0.4987
7 0.5015 0.4985
8 0.5012 0.4988
9 0.5022 0.4978
10 0.5026 0.4974
11 0.5025 0.4975
12 0.5026 0.4974
13 0.5044 0.4956
14 0.5032 0.4968
15 0.5041 0.4959
16 0.5031 0.4969
17 0.5022 0.4978
18 0.5036 0.4964
19 0.5049 0.4951
20 0.5035 0.4965
21 0.5043 0.4957
22 0.5053 0.4947
23 0.5044 0.4956
24 0.5048 0.4952
25 0.5048 0.4952
26 0.5044 0.4956
27 0.5038 0.4962
28 0.5032 0.4968
29 0.5043 0.4957
30 0.5051 0.4949
31 0.5048 0.4952
32 0.5058 0.4942
33 0.5052 0.4948
34 0.5058 0.4942
35 0.5049 0.4951
36 0.5053 0.4947
37 0.5047 0.4953
38 0.5038 0.4962
39 0.5052 0.4948
40 0.5041 0.4959
41 0.5057 0.4943
42 0.5052 0.4948
43 0.5039 0.4961
44 0.503 0.497
45 0.5054 0.4946
46 0.5027 0.4973
47 0.5052 0.4948
48 0.5044 0.4956
49 0.5047 0.4953
50 0.5033 0.4967
51 0.5038 0.4962
52 0.502 0.498
53 0.5041 0.4959
54 0.5046 0.4954
55 0.5051 0.4949
56 0.5053 0.4947
57 0.5039 0.4961
58 0.5053 0.4947
59 0.5049 0.4951
60 0.5049 0.4951
61 0.5039 0.4961
62 0.5042 0.4958
63 0.503 0.497
64 0.5034 0.4966
65 0.504 0.496
66 0.5051 0.4949
67 0.5056 0.4944
68 0.5041 0.4959
69 0.5047 0.4953
70 0.5053 0.4947
71 0.5049 0.4951
72 0.5046 0.4954
73 0.505 0.495
74 0.5031 0.4969
75 0.506 0.494
76 0.5031 0.4969
77 0.5041 0.4959
78 0.5048 0.4952
79 0.5054 0.4946
80 0.505 0.495
81 0.5033 0.4967
82 0.5051 0.4949
83 0.502 0.498
84 0.5061 0.4939
85 0.5043 0.4957
86 0.5063 0.4937
87 0.5028 0.4972
88 0.5059 0.4941
89 0.5055 0.4945
90 0.5041 0.4959
91 0.5039 0.4961
92 0.5018 0.4982
93 0.5048 0.4952
94 0.5042 0.4958
95 0.5037 0.4963
96 0.5035 0.4965
97 0.5021 0.4979
98 0.5048 0.4952
99 0.5032 0.4968
100 0.5057 0.4943
101 0.5036 0.4964
102 0.5024 0.4976
103 0.506 0.494
104 0.5036 0.4964
105 0.5019 0.4981
106 0.5049 0.4951
107 0.5055 0.4945
108 0.5035 0.4965
109 0.5029 0.4971
110 0.5029 0.4971
111 0.5041 0.4959
112 0.5029 0.4971
113 0.5042 0.4958
114 0.5022 0.4978
115 0.504 0.496
116 0.5044 0.4956
117 0.5058 0.4942
118 0.5027 0.4973
119 0.505 0.495
120 0.5043 0.4957
121 0.5039 0.4961
122 0.5011 0.4989
123 0.5028 0.4972
124 0.5066 0.4934
125 0.5034 0.4966
126 0.5051 0.4949
127 0.5028 0.4972
128 0.5014 0.4986
129 0.5029 0.4971
130 0.5028 0.4972
131 0.5045 0.4955
132 0.5047 0.4953
133 0.5028 0.4972
134 0.503 0.497
135 0.5033 0.4967
136 0.5039 0.4961
137 0.5029 0.4971
138 0.5024 0.4976
139 0.5026 0.4974
140 0.5027 0.4973
141 0.5015 0.4985
142 0.5023 0.4977
143 0.5032 0.4968
144 0.5001 0.4999
145 0.5004 0.4996
146 0.5031 0.4969
147 0.5019 0.4981
148 0.5024 0.4976
149 0.5034 0.4966
150 0.502 0.498
151 0.5027 0.4973
152 0.5016 0.4984
153 0.5037 0.4963
154 0.5022 0.4978
155 0.5024 0.4976
156 0.5024 0.4976
157 0.5003 0.4997
158 0.5045 0.4955
159 0.5033 0.4967
160 0.5009 0.4991
161 0.5032 0.4968
162 0.5043 0.4957
163 0.5044 0.4956
164 0.5012 0.4988
165 0.5026 0.4974
166 0.5042 0.4958
167 0.5052 0.4948
168 0.5008 0.4992
169 0.5036 0.4964
170 0.5011 0.4989
171 0.5036 0.4964
172 0.5006 0.4994
173 0.5023 0.4977
174 0.5035 0.4965
175 0.5042 0.4958
176 0.5022 0.4978
177 0.5017 0.4983
178 0.5007 0.4993
179 0.5021 0.4979
180 0.5055 0.4945
181 0.5017 0.4983
182 0.5028 0.4972
183 0.4992 0.5008
184 0.5008 0.4992
185 0.502 0.498
186 0.5022 0.4978
187 0.5009 0.4991
188 0.5038 0.4962
189 0.5046 0.4954
190 0.504 0.496
191 0.5015 0.4985
192 0.5029 0.4971
193 0.5037 0.4963
194 0.5023 0.4977
195 0.4984 0.5016
196 0.5028 0.4972
197 0.503 0.497
198 0.4999 0.5001
199 0.5023 0.4977
200 0.4997 0.5003
201 0.5026 0.4974
202 0.5012 0.4988
203 0.5012 0.4988
204 0.5031 0.4969
205 0.5015 0.4985
206 0.5057 0.4943
207 0.5022 0.4978
208 0.4991 0.5009
209 0.502 0.498
210 0.5009 0.4991
211 0.5006 0.4994
212 0.5007 0.4993
213 0.5005 0.4995
214 0.5012 0.4988
215 0.5015 0.4985
216 0.502 0.498
217 0.4997 0.5003
218 0.5026 0.4974
219 0.5007 0.4993
220 0.4988 0.5012
221 0.4996 0.5004
222 0.5036 0.4964
223 0.5002 0.4998
224 0.4995 0.5005
225 0.5007 0.4993
226 0.501 0.499
227 0.5015 0.4985
228 0.5013 0.4987
229 0.5015 0.4985
230 0.5003 0.4997
231 0.5042 0.4958
232 0.5003 0.4997
233 0.5048 0.4952
234 0.501 0.499
235 0.5045 0.4955
236 0.501 0.499
237 0.5048 0.4952
238 0.4989 0.5011
239 0.4987 0.5013
240 0.5014 0.4986
241 0.5014 0.4986
242 0.501 0.499
243 0.5014 0.4986
244 0.5046 0.4954
245 0.5003 0.4997
246 0.5008 0.4992
247 0.5019 0.4981
248 0.5026 0.4974
249 0.5041 0.4959
250 0.5031 0.4969
251 0.5019 0.4981
252 0.501 0.499
253 0.501 0.499
254 0.499 0.501
255 0.5014 0.4986
256 0.5025 0.4975
257 0.501 0.499
258 0.5007 0.4993
259 0.498 0.502
260 0.5016 0.4984
261 0.5014 0.4986
262 0.5002 0.4998
263 0.4982 0.5018
264 0.5026 0.4974
265 0.5006 0.4994
266 0.5 0.5
267 0.5013 0.4987
268 0.5021 0.4979
269 0.4984 0.5016
270 0.502 0.498
271 0.5003 0.4997
272 0.5023 0.4977
273 0.501 0.499
274 0.5043 0.4957
275 0.5014 0.4986
276 0.5001 0.4999
277 0.4992 0.5008
278 0.5007 0.4993
279 0.5008 0.4992
280 0.5004 0.4996
281 0.4987 0.5013
282 0.5024 0.4976
283 0.503 0.497
284 0.4988 0.5012
285 0.4964 0.5036
286 0.496 0.504
287 0.4995 0.5005
288 0.5006 0.4994
289 0.4997 0.5003
290 0.5041 0.4959
291 0.5 0.5
292 0.5025 0.4975
293 0.5019 0.4981
294 0.4977 0.5023
295 0.4979 0.5021
296 0.5029 0.4971
297 0.5001 0.4999
298 0.4995 0.5005
299 0.4973 0.5027
300 0.4963 0.5037
301 0.4964 0.5036
302 0.498 0.502
303 0.5012 0.4988
304 0.4999 0.5001
305 0.5029 0.4971
306 0.5007 0.4993
307 0.4986 0.5014
308 0.5021 0.4979
309 0.499 0.501
310 0.4987 0.5013
311 0.5011 0.4989
312 0.5029 0.4971
313 0.4996 0.5004
314 0.4998 0.5002
315 0.5022 0.4978
316 0.5019 0.4981
317 0.4993 0.5007
318 0.5003 0.4997
319 0.5027 0.4973
320 0.5039 0.4961
321 0.5007 0.4993
322 0.4985 0.5015
323 0.5008 0.4992
324 0.4998 0.5002
325 0.5027 0.4973
326 0.5 0.5
327 0.4964 0.5036
328 0.5016 0.4984
329 0.502 0.498
330 0.4994 0.5006
331 0.5022 0.4978
332 0.5013 0.4987
333 0.5017 0.4983
334 0.5006 0.4994
335 0.4992 0.5008
336 0.5023 0.4977
337 0.5002 0.4998
338 0.5034 0.4966
339 0.5038 0.4962
340 0.5015 0.4985
341 0.5065 0.4935
342 0.5008 0.4992
343 0.5021 0.4979
344 0.4981 0.5019
345 0.5023 0.4977
346 0.4994 0.5006
347 0.5047 0.4953
348 0.4996 0.5004
349 0.4981 0.5019
350 0.4997 0.5003
351 0.5006 0.4994
352 0.4982 0.5018
353 0.5033 0.4967
354 0.4958 0.5042
355 0.5008 0.4992
356 0.5019 0.4981
357 0.4945 0.5055
358 0.496 0.504
359 0.498 0.502
360 0.4982 0.5018
361 0.4932 0.5068
362 0.4971 0.5029
363 0.5023 0.4977
364 0.5003 0.4997
365 0.5007 0.4993
366 0.5 0.5
367 0.501 0.499
368 0.4984 0.5016
369 0.5006 0.4994
370 0.4978 0.5022
371 0.5005 0.4995
372 0.4991 0.5009
373 0.4993 0.5007
374 0.501 0.499
375 0.5013 0.4987
376 0.4924 0.5076
377 0.5019 0.4981
378 0.501 0.499
379 0.5014 0.4986
380 0.4987 0.5013
381 0.4964 0.5036
382 0.5023 0.4977
383 0.5033 0.4967
384 0.496 0.504
385 0.5 0.5
386 0.5015 0.4985
387 0.5019 0.4981
388 0.4948 0.5052
389 0.4924 0.5076
390 0.4963 0.5037
391 0.5096 0.4904
392 0.4989 0.5011
393 0.4957 0.5043
394 0.5011 0.4989
395 0.4983 0.5017
396 0.5014 0.4986
397 0.4966 0.5034
398 0.4983 0.5017
399 0.5013 0.4987
400 0.4976 0.5024
401 0.4972 0.5028
402 0.4987 0.5013
403 0.4961 0.5039
404 0.4939 0.5061
405 0.498 0.502
406 0.498 0.502
407 0.496 0.504
408 0.4981 0.5019
409 0.5049 0.4951
410 0.5007 0.4993
411 0.4958 0.5042
412 0.4937 0.5063
413 0.4941 0.5059
414 0.4988 0.5012
415 0.499 0.501
416 0.4966 0.5034
417 0.5047 0.4953
418 0.4957 0.5043
419 0.4979 0.5021
420 0.5005 0.4995
421 0.4948 0.5052
422 0.501 0.499
423 0.5005 0.4995
424 0.4978 0.5022
425 0.5035 0.4965
426 0.4996 0.5004
427 0.5001 0.4999
428 0.4987 0.5013
429 0.4913 0.5087
430 0.5012 0.4988
431 0.4996 0.5004
432 0.5004 0.4996
433 0.4969 0.5031
434 0.5006 0.4994
435 0.5006 0.4994
436 0.4955 0.5045
437 0.5033 0.4967
438 0.4998 0.5002
439 0.495 0.505
440 0.5007 0.4993
441 0.4969 0.5031
442 0.5005 0.4995
443 0.5029 0.4971
444 0.5009 0.4991
445 0.4998 0.5002
446 0.4975 0.5025
447 0.4986 0.5014
448 0.501 0.499
449 0.4978 0.5022
450 0.5011 0.4989
451 0.4943 0.5057
452 0.5056 0.4944
453 0.4956 0.5044
454 0.4964 0.5036
455 0.5027 0.4973
456 0.4972 0.5028
457 0.4991 0.5009
458 0.5 0.5
459 0.498 0.502
460 0.5062 0.4938
461 0.4993 0.5007
462 0.4995 0.5005
463 0.5014 0.4986
464 0.4966 0.5034
465 0.4996 0.5004
466 0.4963 0.5037
467 0.503 0.497
468 0.4989 0.5011
469 0.4991 0.5009
470 0.4968 0.5032
471 0.4942 0.5058
472 0.501 0.499
473 0.4991 0.5009
474 0.4965 0.5035
475 0.4975 0.5025
476 0.4978 0.5022
477 0.5012 0.4988
478 0.4997 0.5003
479 0.4905 0.5095
480 0.5002 0.4998
481 0.5039 0.4961
482 0.493 0.507
483 0.4965 0.5035
484 0.4999 0.5001
485 0.5007 0.4993
486 0.4963 0.5037
487 0.4956 0.5044
488 0.501 0.499
489 0.4964 0.5036
490 0.5039 0.4961
491 0.4992 0.5008
492 0.4962 0.5038
493 0.4954 0.5046
494 0.5011 0.4989
495 0.4966 0.5034
496 0.5 0.5
497 0.4918 0.5082
498 0.5016 0.4984
499 0.4979 0.5021
500 0.5002 0.4998
501 0.4955 0.5045
502 0.497 0.503
503 0.5016 0.4984
504 0.4973 0.5027
505 0.498 0.502
506 0.501 0.499
507 0.4956 0.5044
508 0.5 0.5
509 0.4991 0.5009
510 0.4999 0.5001
511 0.5007 0.4993
512 0.4966 0.5034
513 0.5011 0.4989
514 0.503 0.497
515 0.4963 0.5037
516 0.496 0.504
517 0.4964 0.5036
518 0.4939 0.5061
519 0.5021 0.4979
520 0.5018 0.4982
521 0.4921 0.5079
522 0.4964 0.5036
523 0.4968 0.5032
524 0.4992 0.5008
525 0.4979 0.5021
526 0.4986 0.5014
527 0.4964 0.5036
528 0.5034 0.4966
529 0.4991 0.5009
530 0.4954 0.5046
531 0.4986 0.5014
532 0.5033 0.4967
533 0.4982 0.5018
534 0.4957 0.5043
535 0.4972 0.5028
536 0.4953 0.5047
537 0.4915 0.5085
538 0.4956 0.5044
539 0.4952 0.5048
540 0.4957 0.5043
541 0.4907 0.5093
542 0.497 0.503
543 0.495 0.505
544 0.4959 0.5041
545 0.4991 0.5009
546 0.4978 0.5022
547 0.5017 0.4983
548 0.4993 0.5007
549 0.4946 0.5054
550 0.4908 0.5092
551 0.4931 0.5069
552 0.4886 0.5114
553 0.4974 0.5026
554 0.4981 0.5019
555 0.4958 0.5042
556 0.4962 0.5038
557 0.4972 0.5028
558 0.4967 0.5033
559 0.4948 0.5052
560 0.4926 0.5074
561 0.4999 0.5001
562 0.4895 0.5105
563 0.4976 0.5024
564 0.4932 0.5068
565 0.4989 0.5011
566 0.4976 0.5024
567 0.4974 0.5026
568 0.5034 0.4966
569 0.4935 0.5065
570 0.5053 0.4947
571 0.5004 0.4996
572 0.4921 0.5079
573 0.5037 0.4963
574 0.5009 0.4991
575 0.5013 0.4987
576 0.4983 0.5017
577 0.4939 0.5061
578 0.498 0.502
579 0.5004 0.4996
580 0.494 0.506
581 0.4926 0.5074
582 0.5003 0.4997
583 0.4951 0.5049
584 0.4989 0.5011
585 0.4991 0.5009
586 0.4997 0.5003
587 0.4922 0.5078
588 0.4988 0.5012
589 0.5056 0.4944
590 0.4951 0.5049
591 0.4953 0.5047
592 0.496 0.504
593 0.5028 0.4972
594 0.492 0.508
595 0.4933 0.5067
596 0.4905 0.5095
597 0.492 0.508
598 0.5032 0.4968
599 0.4946 0.5054
600 0.4996 0.5004
601 0.4984 0.5016
602 0.5013 0.4987
603 0.499 0.501
604 0.4929 0.5071
605 0.4987 0.5013
606 0.4977 0.5023
607 0.4966 0.5034
608 0.5001 0.4999
609 0.498 0.502
610 0.4974 0.5026
611 0.4987 0.5013
612 0.4976 0.5024
613 0.4993 0.5007
614 0.4934 0.5066
615 0.4976 0.5024
616 0.4991 0.5009
617 0.4972 0.5028
618 0.4987 0.5013
619 0.503 0.497
620 0.4994 0.5006
621 0.4992 0.5008
622 0.4966 0.5034
623 0.4976 0.5024
624 0.4951 0.5049
625 0.4967 0.5033
626 0.4983 0.5017
627 0.5011 0.4989
628 0.498 0.502
629 0.5036 0.4964
630 0.504 0.496
631 0.4908 0.5092
632 0.4997 0.5003
633 0.4904 0.5096
634 0.4957 0.5043
635 0.4949 0.5051
636 0.499 0.501
637 0.5072 0.4928
638 0.4951 0.5049
639 0.5012 0.4988
640 0.4937 0.5063
641 0.495 0.505
642 0.4999 0.5001
643 0.5003 0.4997
644 0.5015 0.4985
645 0.4996 0.5004
646 0.4948 0.5052
647 0.4931 0.5069
648 0.4947 0.5053
649 0.5024 0.4976
650 0.501 0.499
651 0.4929 0.5071
652 0.5099 0.4901
653 0.4973 0.5027
654 0.4855 0.5145
655 0.4922 0.5078
656 0.4948 0.5052
657 0.5034 0.4966
658 0.4975 0.5025
659 0.4977 0.5023
660 0.4984 0.5016
661 0.4948 0.5052
662 0.4974 0.5026
663 0.4955 0.5045
664 0.5075 0.4925
665 0.5048 0.4952
666 0.498 0.502
667 0.4926 0.5074
668 0.4963 0.5037
669 0.4957 0.5043
670 0.4974 0.5026
671 0.4935 0.5065
672 0.4951 0.5049
673 0.4966 0.5034
674 0.4986 0.5014
675 0.492 0.508
676 0.4993 0.5007
677 0.4956 0.5044
678 0.4971 0.5029
679 0.4986 0.5014
680 0.4963 0.5037
681 0.4977 0.5023
682 0.4991 0.5009
683 0.5002 0.4998
684 0.4949 0.5051
685 0.492 0.508
686 0.4963 0.5037
687 0.4944 0.5056
688 0.5034 0.4966
689 0.4954 0.5046
690 0.5013 0.4987
691 0.4931 0.5069
692 0.4951 0.5049
693 0.5025 0.4975
694 0.4926 0.5074
695 0.4942 0.5058
696 0.4986 0.5014
697 0.504 0.496
698 0.4949 0.5051
699 0.4994 0.5006
700 0.4935 0.5065
701 0.4884 0.5116
702 0.4939 0.5061
703 0.497 0.503
704 0.4977 0.5023
705 0.4878 0.5122
706 0.5031 0.4969
707 0.4921 0.5079
708 0.4975 0.5025
709 0.4893 0.5107
710 0.505 0.495
711 0.4985 0.5015
712 0.4976 0.5024
713 0.4977 0.5023
714 0.4935 0.5065
715 0.5035 0.4965
716 0.5046 0.4954
717 0.4927 0.5073
718 0.4973 0.5027
719 0.4939 0.5061
720 0.4974 0.5026
721 0.4918 0.5082
722 0.4955 0.5045
723 0.5012 0.4988
724 0.5016 0.4984
725 0.5029 0.4971
726 0.4958 0.5042
727 0.4916 0.5084
728 0.4887 0.5113
729 0.4949 0.5051
730 0.4969 0.5031
731 0.4932 0.5068
732 0.5009 0.4991
733 0.4905 0.5095
734 0.4964 0.5036
735 0.4995 0.5005
736 0.4958 0.5042
737 0.4941 0.5059
738 0.5069 0.4931
739 0.4931 0.5069
740 0.4982 0.5018
741 0.498 0.502
742 0.4909 0.5091
743 0.4989 0.5011
744 0.4944 0.5056
745 0.4916 0.5084
746 0.4964 0.5036
747 0.4957 0.5043
748 0.4965 0.5035
749 0.4987 0.5013
750 0.4904 0.5096
751 0.502 0.498
752 0.4995 0.5005
753 0.4987 0.5013
754 0.4952 0.5048
755 0.4981 0.5019
756 0.4967 0.5033
757 0.4879 0.5121
758 0.5018 0.4982
759 0.4996 0.5004
760 0.5007 0.4993
761 0.4965 0.5035
762 0.4887 0.5113
763 0.499 0.501
764 0.4895 0.5105
765 0.4968 0.5032
766 0.4872 0.5128
767 0.4982 0.5018
768 0.4989 0.5011
769 0.4885 0.5115
770 0.4974 0.5026
771 0.4921 0.5079
772 0.493 0.507
773 0.4937 0.5063
774 0.4896 0.5104
775 0.4873 0.5127
776 0.4947 0.5053
777 0.4914 0.5086
778 0.4904 0.5096
779 0.4988 0.5012
780 0.4884 0.5116
781 0.4978 0.5022
782 0.5005 0.4995
783 0.4904 0.5096
784 0.4969 0.5031
785 0.4954 0.5046
786 0.4977 0.5023
787 0.4925 0.5075
788 0.4913 0.5087
789 0.4865 0.5135
790 0.5001 0.4999
791 0.4996 0.5004
792 0.4908 0.5092
793 0.4923 0.5077
794 0.4834 0.5166
795 0.494 0.506
796 0.5013 0.4987
797 0.5038 0.4962
798 0.4993 0.5007
799 0.4987 0.5013
800 0.4989 0.5011
801 0.5012 0.4988
802 0.493 0.507
803 0.5034 0.4966
804 0.4996 0.5004
805 0.4959 0.5041
806 0.4894 0.5106
807 0.5016 0.4984
808 0.4946 0.5054
809 0.5026 0.4974
810 0.5033 0.4967
811 0.4896 0.5104
812 0.4928 0.5072
813 0.5014 0.4986
814 0.4955 0.5045
815 0.5014 0.4986
816 0.498 0.502
817 0.4982 0.5018
818 0.4991 0.5009
819 0.5047 0.4953
820 0.4893 0.5107
821 0.4913 0.5087
822 0.4988 0.5012
823 0.4958 0.5042
824 0.4935 0.5065
825 0.4947 0.5053
826 0.4899 0.5101
827 0.4919 0.5081
828 0.4934 0.5066
829 0.4981 0.5019
830 0.4938 0.5062
831 0.4891 0.5109
832 0.4995 0.5005
833 0.5031 0.4969
834 0.5047 0.4953
835 0.4921 0.5079
836 0.4887 0.5113
837 0.4959 0.5041
838 0.4919 0.5081
839 0.5026 0.4974
840 0.4987 0.5013
841 0.5008 0.4992
842 0.501 0.499
843 0.4961 0.5039
844 0.4993 0.5007
845 0.5004 0.4996
846 0.4908 0.5092
847 0.4883 0.5117
848 0.4941 0.5059
849 0.5064 0.4936
850 0.4966 0.5034
851 0.4901 0.5099
852 0.4826 0.5174
853 0.4926 0.5074
854 0.4989 0.5011
855 0.4947 0.5053
856 0.4821 0.5179
857 0.5 0.5
858 0.4939 0.5061
859 0.5059 0.4941
860 0.4923 0.5077
861 0.5059 0.4941
862 0.484 0.516
863 0.5104 0.4896
864 0.4939 0.5061
865 0.4997 0.5003
866 0.498 0.502
867 0.4991 0.5009
868 0.502 0.498
869 0.4981 0.5019
870 0.4929 0.5071
871 0.489 0.511
872 0.5002 0.4998
873 0.4937 0.5063
874 0.4956 0.5044
875 0.4848 0.5152
876 0.492 0.508
877 0.4983 0.5017
878 0.4898 0.5102
879 0.4869 0.5131
880 0.5058 0.4942
881 0.4988 0.5012
882 0.4822 0.5178
883 0.5039 0.4961
884 0.4967 0.5033
885 0.4837 0.5163
886 0.4938 0.5062
887 0.4877 0.5123
888 0.5065 0.4935
889 0.486 0.514
890 0.495 0.505
891 0.5 0.5
892 0.4963 0.5037
893 0.4941 0.5059
894 0.5001 0.4999
895 0.4981 0.5019
896 0.4961 0.5039
897 0.4908 0.5092
898 0.4934 0.5066
899 0.4946 0.5054
900 0.495 0.505
901 0.5015 0.4985
902 0.4986 0.5014
903 0.4952 0.5048
904 0.4964 0.5036
905 0.4967 0.5033
906 0.4903 0.5097
907 0.502 0.498
908 0.499 0.501
909 0.4872 0.5128
910 0.5008 0.4992
911 0.5015 0.4985
912 0.4941 0.5059
913 0.4878 0.5122
914 0.5005 0.4995
915 0.4998 0.5002
916 0.4895 0.5105
917 0.4952 0.5048
918 0.4816 0.5184
919 0.4958 0.5042
920 0.4979 0.5021
921 0.5027 0.4973
922 0.4871 0.5129
923 0.5 0.5
924 0.4856 0.5144
925 0.504 0.496
926 0.5071 0.4929
927 0.492 0.508
928 0.496 0.504
929 0.4918 0.5082
930 0.4931 0.5069
931 0.4913 0.5087
932 0.4901 0.5099
933 0.4896 0.5104
934 0.4959 0.5041
935 0.4924 0.5076
936 0.4919 0.5081
937 0.5154 0.4846
938 0.4884 0.5116
939 0.4939 0.5061
940 0.5021 0.4979
941 0.5009 0.4991
942 0.4744 0.5256
943 0.4901 0.5099
944 0.5099 0.4901
945 0.5026 0.4974
946 0.4795 0.5205
947 0.4935 0.5065
948 0.4946 0.5054
949 0.4888 0.5112
950 0.4883 0.5117
951 0.4908 0.5092
952 0.5037 0.4963
953 0.4936 0.5064
954 0.4947 0.5053
955 0.5043 0.4957
956 0.503 0.497
957 0.4944 0.5056
958 0.5011 0.4989
959 0.5051 0.4949
960 0.5034 0.4966
961 0.5047 0.4953
962 0.4994 0.5006
963 0.4903 0.5097
964 0.5041 0.4959
965 0.4852 0.5148
966 0.4894 0.5106
967 0.5018 0.4982
968 0.4895 0.5105
969 0.4986 0.5014
970 0.4799 0.5201
971 0.4938 0.5062
972 0.4921 0.5079
973 0.482 0.518
974 0.4883 0.5117
975 0.4976 0.5024
976 0.4871 0.5129
977 0.5015 0.4985
978 0.4965 0.5035
979 0.4863 0.5137
980 0.4947 0.5053
981 0.4974 0.5026
982 0.5044 0.4956
983 0.4981 0.5019
984 0.4865 0.5135
985 0.5105 0.4895
986 0.4958 0.5042
987 0.49 0.51
988 0.5081 0.4919
989 0.4924 0.5076
990 0.5003 0.4997
991 0.5094 0.4906
992 0.4918 0.5082
993 0.4974 0.5026
994 0.5054 0.4946
995 0.4928 0.5072
996 0.4832 0.5168
997 0.4942 0.5058
998 0.4841 0.5159
999 0.4866 0.5134
1000 0.4848 0.5152
1001 0.4867 0.5133
1002 0.5146 0.4854
1003 0.4855 0.5145
1004 0.4927 0.5073
1005 0.4867 0.5133
1006 0.4825 0.5175
1007 0.4894 0.5106
1008 0.4844 0.5156
1009 0.5023 0.4977
1010 0.4945 0.5055
1011 0.4939 0.5061
1012 0.4944 0.5056
1013 0.4883 0.5117
1014 0.4916 0.5084
1015 0.5022 0.4978
1016 0.4896 0.5104
1017 0.5022 0.4978
1018 0.4858 0.5142
1019 0.5021 0.4979
1020 0.5017 0.4983
1021 0.5014 0.4986
1022 0.4966 0.5034
1023 0.5015 0.4985
1024 0.5159 0.4841
1025 0.504 0.496
1026 0.4921 0.5079
1027 0.502 0.498
1028 0.5084 0.4916
1029 0.4886 0.5114
1030 0.5024 0.4976
1031 0.4938 0.5062
1032 0.5038 0.4962
1033 0.5022 0.4978
1034 0.5063 0.4937
1035 0.4967 0.5033
1036 0.4993 0.5007
1037 0.4875 0.5125
1038 0.4914 0.5086
1039 0.4927 0.5073
1040 0.4988 0.5012
1041 0.4912 0.5088
1042 0.4806 0.5194
1043 0.4889 0.5111
1044 0.4981 0.5019
1045 0.4954 0.5046
1046 0.4964 0.5036
1047 0.4794 0.5206
1048 0.5017 0.4983
1049 0.5106 0.4894
1050 0.4778 0.5222
1051 0.5063 0.4937
1052 0.5022 0.4978
1053 0.5034 0.4966
1054 0.5106 0.4894
1055 0.4951 0.5049
1056 0.5017 0.4983
1057 0.5092 0.4908
1058 0.4972 0.5028
1059 0.4958 0.5042
1060 0.4869 0.5131
1061 0.4901 0.5099
1062 0.4861 0.5139
1063 0.4842 0.5158
1064 0.5051 0.4949
1065 0.4822 0.5178
1066 0.5029 0.4971
1067 0.495 0.505
1068 0.4914 0.5086
1069 0.4818 0.5182
1070 0.5078 0.4922
1071 0.4987 0.5013
1072 0.5052 0.4948
1073 0.5045 0.4955
1074 0.4873 0.5127
1075 0.4969 0.5031
1076 0.4898 0.5102
1077 0.4979 0.5021
1078 0.4952 0.5048
1079 0.4969 0.5031
1080 0.5071 0.4929
1081 0.4891 0.5109
1082 0.4944 0.5056
1083 0.4876 0.5124
1084 0.5113 0.4887
1085 0.4901 0.5099
1086 0.481 0.519
1087 0.4923 0.5077
1088 0.501 0.499
1089 0.4997 0.5003
1090 0.5061 0.4939
1091 0.4927 0.5073
1092 0.5095 0.4905
1093 0.4848 0.5152
1094 0.5009 0.4991
1095 0.4834 0.5166
1096 0.4935 0.5065
1097 0.5017 0.4983
1098 0.4855 0.5145
1099 0.483 0.517
1100 0.4888 0.5112
1101 0.5025 0.4975
1102 0.5032 0.4968
1103 0.4888 0.5112
1104 0.4933 0.5067
1105 0.4951 0.5049
1106 0.4987 0.5013
1107 0.5129 0.4871
1108 0.4886 0.5114
1109 0.506 0.494
1110 0.4974 0.5026
1111 0.4978 0.5022
1112 0.4939 0.5061
1113 0.4994 0.5006
1114 0.4905 0.5095
1115 0.5073 0.4927
1116 0.4733 0.5267
1117 0.4908 0.5092
1118 0.4857 0.5143
1119 0.5074 0.4926
1120 0.5109 0.4891
1121 0.5033 0.4967
1122 0.5074 0.4926
1123 0.4831 0.5169
1124 0.5028 0.4972
1125 0.5023 0.4977
1126 0.4977 0.5023
1127 0.5065 0.4935
1128 0.4884 0.5116
1129 0.4842 0.5158
1130 0.5045 0.4955
1131 0.4882 0.5118
1132 0.478 0.522
1133 0.5022 0.4978
1134 0.4994 0.5006
1135 0.5008 0.4992
1136 0.4909 0.5091
1137 0.485 0.515
1138 0.483 0.517
1139 0.4878 0.5122
1140 0.5136 0.4864
1141 0.491 0.509
1142 0.4939 0.5061
1143 0.4984 0.5016
1144 0.4962 0.5038
1145 0.5072 0.4928
1146 0.5 0.5
1147 0.5029 0.4971
1148 0.5153 0.4847
1149 0.5031 0.4969
1150 0.4766 0.5234
1151 0.5023 0.4977
1152 0.4883 0.5117
1153 0.4801 0.5199
1154 0.4873 0.5127
1155 0.4948 0.5052
1156 0.5056 0.4944
1157 0.4905 0.5095
1158 0.5004 0.4996
1159 0.4912 0.5088
1160 0.5233 0.4767
1161 0.5057 0.4943
1162 0.4884 0.5116
1163 0.504 0.496
1164 0.4887 0.5113
1165 0.4874 0.5126
1166 0.4975 0.5025
1167 0.489 0.511
1168 0.4993 0.5007
1169 0.4952 0.5048
1170 0.4986 0.5014
1171 0.5 0.5
1172 0.4919 0.5081
1173 0.4904 0.5096
1174 0.4926 0.5074
1175 0.4927 0.5073
1176 0.503 0.497
1177 0.4919 0.5081
1178 0.486 0.514
1179 0.4956 0.5044
1180 0.5069 0.4931
1181 0.4735 0.5265
1182 0.4893 0.5107
1183 0.4947 0.5053
1184 0.5069 0.4931
1185 0.4862 0.5138
1186 0.4995 0.5005
1187 0.485 0.515
1188 0.4892 0.5108
1189 0.4755 0.5245
1190 0.5049 0.4951
1191 0.4767 0.5233
1192 0.4862 0.5138
1193 0.4961 0.5039
1194 0.4784 0.5216
1195 0.4831 0.5169
1196 0.4966 0.5034
1197 0.4906 0.5094
1198 0.5003 0.4997
1199 0.4958 0.5042
1200 0.4909 0.5091
1201 0.4891 0.5109
1202 0.4979 0.5021
1203 0.5086 0.4914
1204 0.4925 0.5075
1205 0.4823 0.5177
1206 0.494 0.506
1207 0.4925 0.5075
1208 0.5126 0.4874
1209 0.4955 0.5045
1210 0.4943 0.5057
1211 0.4954 0.5046
1212 0.4743 0.5257
1213 0.4865 0.5135
1214 0.4809 0.5191
1215 0.4895 0.5105
1216 0.5102 0.4898
1217 0.4784 0.5216
1218 0.4746 0.5254
1219 0.5152 0.4848
1220 0.4832 0.5168
1221 0.4928 0.5072
1222 0.5078 0.4922
1223 0.505 0.495
1224 0.4739 0.5261
1225 0.4994 0.5006
1226 0.4818 0.5182
1227 0.4945 0.5055
1228 0.5055 0.4945
1229 0.5139 0.4861
1230 0.4743 0.5257
1231 0.502 0.498
1232 0.5058 0.4942
1233 0.4878 0.5122
1234 0.4977 0.5023
1235 0.4869 0.5131
1236 0.5043 0.4957
1237 0.4862 0.5138
1238 0.4903 0.5097
1239 0.4948 0.5052
1240 0.5164 0.4836
1241 0.4892 0.5108
1242 0.5021 0.4979
1243 0.452 0.548
1244 0.4625 0.5375
1245 0.4919 0.5081
1246 0.4866 0.5134
1247 0.4951 0.5049
1248 0.5036 0.4964
1249 0.4959 0.5041
1250 0.4734 0.5266
1251 0.4987 0.5013
1252 0.4916 0.5084
1253 0.4789 0.5211
1254 0.5012 0.4988
1255 0.4771 0.5229
1256 0.4884 0.5116
1257 0.495 0.505
1258 0.4871 0.5129
1259 0.4968 0.5032
1260 0.4929 0.5071
1261 0.4924 0.5076
1262 0.4953 0.5047
1263 0.5189 0.4811
1264 0.5321 0.4679
1265 0.5025 0.4975
1266 0.5152 0.4848
1267 0.4876 0.5124
1268 0.5035 0.4965
1269 0.5019 0.4981
1270 0.4816 0.5184
1271 0.522 0.478
1272 0.4809 0.5191
1273 0.4561 0.5439
1274 0.5097 0.4903
1275 0.4598 0.5402
1276 0.4837 0.5163
1277 0.4933 0.5067
1278 0.4721 0.5279
1279 0.4962 0.5038
1280 0.4921 0.5079
1281 0.49 0.51
1282 0.4983 0.5017
1283 0.4971 0.5029
1284 0.5025 0.4975
1285 0.4802 0.5198
1286 0.4921 0.5079
1287 0.4953 0.5047
1288 0.5011 0.4989
1289 0.4792 0.5208
1290 0.492 0.508
1291 0.4901 0.5099
1292 0.4965 0.5035
1293 0.4726 0.5274
1294 0.4694 0.5306
1295 0.4924 0.5076
1296 0.4829 0.5171
1297 0.4988 0.5012
1298 0.5178 0.4822
1299 0.4981 0.5019
1300 0.5038 0.4962
1301 0.5046 0.4954
1302 0.5084 0.4916
1303 0.5077 0.4923
1304 0.4974 0.5026
1305 0.4953 0.5047
1306 0.4868 0.5132
1307 0.5171 0.4829
1308 0.4958 0.5042
1309 0.4886 0.5114
1310 0.4893 0.5107
1311 0.4896 0.5104
1312 0.5193 0.4807
1313 0.4784 0.5216
1314 0.4809 0.5191
1315 0.5035 0.4965
1316 0.4806 0.5194
1317 0.503 0.497
1318 0.5117 0.4883
1319 0.4763 0.5237
1320 0.4745 0.5255
1321 0.4759 0.5241
1322 0.4473 0.5527
1323 0.4922 0.5078
1324 0.4939 0.5061
1325 0.4979 0.5021
1326 0.4915 0.5085
1327 0.4614 0.5386
1328 0.5036 0.4964
1329 0.5054 0.4946
1330 0.46 0.54
1331 0.481 0.519
1332 0.4741 0.5259
1333 0.4849 0.5151
1334 0.482 0.518
1335 0.5218 0.4782
1336 0.5158 0.4842
1337 0.4812 0.5188
1338 0.5051 0.4949
1339 0.4918 0.5082
1340 0.4906 0.5094
1341 0.4843 0.5157
1342 0.5065 0.4935
1343 0.4996 0.5004
1344 0.5065 0.4935
1345 0.5157 0.4843
1346 0.4979 0.5021
1347 0.4921 0.5079
1348 0.4917 0.5083
1349 0.472 0.528
1350 0.4698 0.5302
1351 0.5079 0.4921
1352 0.4919 0.5081
1353 0.4894 0.5106
1354 0.4983 0.5017
1355 0.4926 0.5074
1356 0.4991 0.5009
1357 0.5145 0.4855
1358 0.5004 0.4996
1359 0.46 0.54
1360 0.5148 0.4852
1361 0.4928 0.5072
1362 0.5077 0.4923
1363 0.494 0.506
1364 0.4865 0.5135
1365 0.5139 0.4861
1366 0.4933 0.5067
1367 0.5124 0.4876
1368 0.4748 0.5252
1369 0.4845 0.5155
1370 0.4515 0.5485
1371 0.4918 0.5082
1372 0.4758 0.5242
1373 0.5004 0.4996
1374 0.4925 0.5075
1375 0.4687 0.5313
1376 0.4914 0.5086
1377 0.5147 0.4853
1378 0.4838 0.5162
1379 0.4882 0.5118
1380 0.4976 0.5024
1381 0.47 0.53
1382 0.5039 0.4961
1383 0.4818 0.5182
1384 0.4975 0.5025
1385 0.4918 0.5082
1386 0.5205 0.4795
1387 0.5268 0.4732
1388 0.4934 0.5066
1389 0.4855 0.5145
1390 0.4986 0.5014
1391 0.4752 0.5248
1392 0.4789 0.5211
1393 0.4747 0.5253
1394 0.5113 0.4887
1395 0.4881 0.5119
1396 0.4943 0.5057
1397 0.4963 0.5037
1398 0.5079 0.4921
1399 0.4957 0.5043
1400 0.4747 0.5253
1401 0.5005 0.4995
1402 0.477 0.523
1403 0.5042 0.4958
1404 0.4852 0.5148
1405 0.5096 0.4904
1406 0.5048 0.4952
1407 0.5195 0.4805
1408 0.4943 0.5057
1409 0.5039 0.4961
1410 0.4723 0.5277
1411 0.4737 0.5263
1412 0.4803 0.5197
1413 0.4954 0.5046
1414 0.5035 0.4965
1415 0.5081 0.4919
1416 0.4724 0.5276
1417 0.5055 0.4945
1418 0.4776 0.5224
1419 0.4672 0.5328
1420 0.49 0.51
1421 0.5159 0.4841
1422 0.4758 0.5242
1423 0.4826 0.5174
1424 0.4809 0.5191
1425 0.4558 0.5442
1426 0.5006 0.4994
1427 0.5101 0.4899
1428 0.4972 0.5028
1429 0.5084 0.4916
1430 0.4823 0.5177
1431 0.4889 0.5111
1432 0.4797 0.5203
1433 0.4809 0.5191
1434 0.4835 0.5165
1435 0.5235 0.4765
1436 0.4747 0.5253
1437 0.4871 0.5129
1438 0.4711 0.5289
1439 0.5167 0.4833
1440 0.5189 0.4811
1441 0.5049 0.4951
1442 0.4994 0.5006
1443 0.4913 0.5087
1444 0.4902 0.5098
1445 0.5149 0.4851
1446 0.488 0.512
1447 0.4974 0.5026
1448 0.4687 0.5313
1449 0.487 0.513
1450 0.511 0.489
1451 0.5194 0.4806
1452 0.503 0.497
1453 0.4736 0.5264
1454 0.5239 0.4761
1455 0.4969 0.5031
1456 0.519 0.481
1457 0.4709 0.5291
1458 0.4564 0.5436
1459 0.4981 0.5019
1460 0.488 0.512
1461 0.4954 0.5046
1462 0.5006 0.4994
1463 0.5049 0.4951
1464 0.4909 0.5091
1465 0.4871 0.5129
1466 0.4889 0.5111
1467 0.4568 0.5432
1468 0.4932 0.5068
1469 0.4864 0.5136
1470 0.4922 0.5078
1471 0.4793 0.5207
1472 0.5028 0.4972
1473 0.4842 0.5158
1474 0.513 0.487
1475 0.4527 0.5473
1476 0.5045 0.4955
1477 0.4654 0.5346
1478 0.508 0.492
1479 0.4685 0.5315
1480 0.4965 0.5035
1481 0.4871 0.5129
1482 0.494 0.506
1483 0.4917 0.5083
1484 0.4709 0.5291
1485 0.5094 0.4906
1486 0.5073 0.4927
1487 0.5287 0.4713
1488 0.519 0.481
1489 0.4587 0.5413
1490 0.4663 0.5337
1491 0.5021 0.4979
1492 0.4803 0.5197
1493 0.4667 0.5333
1494 0.4936 0.5064
1495 0.4791 0.5209
1496 0.461 0.539
1497 0.5 0.5
1498 0.4783 0.5217
1499 0.5397 0.4603
1500 0.4799 0.5201
1501 0.5102 0.4898
1502 0.4838 0.5162
1503 0.4887 0.5113
1504 0.4926 0.5074
1505 0.4927 0.5073
1506 0.5262 0.4738
1507 0.4909 0.5091
1508 0.4895 0.5105
1509 0.4785 0.5215
1510 0.4867 0.5133
1511 0.4924 0.5076
1512 0.5103 0.4897
1513 0.4874 0.5126
1514 0.509 0.491
1515 0.4864 0.5136
1516 0.5265 0.4735
1517 0.4986 0.5014
1518 0.5216 0.4784
1519 0.5229 0.4771
1520 0.4937 0.5063
1521 0.4692 0.5308
1522 0.518 0.482
1523 0.467 0.533
1524 0.5167 0.4833
1525 0.4534 0.5466
1526 0.5166 0.4834
1527 0.4741 0.5259
1528 0.4939 0.5061
1529 0.4755 0.5245
1530 0.5183 0.4817
1531 0.4947 0.5053
1532 0.4818 0.5182
1533 0.4921 0.5079
1534 0.4684 0.5316
1535 0.5182 0.4818
1536 0.4722 0.5278
1537 0.4856 0.5144
1538 0.4767 0.5233
1539 0.4967 0.5033
1540 0.4651 0.5349
1541 0.4739 0.5261
1542 0.5103 0.4897
1543 0.5128 0.4872
1544 0.4866 0.5134
1545 0.4847 0.5153
1546 0.4882 0.5118
1547 0.4932 0.5068
1548 0.4566 0.5434
1549 0.463 0.537
1550 0.5018 0.4982
1551 0.4857 0.5143
1552 0.4769 0.5231
1553 0.5382 0.4618
1554 0.5027 0.4973
1555 0.5168 0.4832
1556 0.5073 0.4927
1557 0.5114 0.4886
1558 0.4738 0.5262
1559 0.501 0.499
1560 0.5632 0.4368
1561 0.5166 0.4834
1562 0.486 0.514
1563 0.4754 0.5246
1564 0.4418 0.5582
1565 0.5072 0.4928
1566 0.5 0.5
1567 0.4955 0.5045
1568 0.4824 0.5176
1569 0.535 0.465
1570 0.5035 0.4965
1571 0.506 0.494
1572 0.4785 0.5215
1573 0.4934 0.5066
1574 0.5345 0.4655
1575 0.4798 0.5202
1576 0.4793 0.5207
1577 0.5353 0.4647
1578 0.5145 0.4855
1579 0.4881 0.5119
1580 0.5266 0.4734
1581 0.4773 0.5227
1582 0.4786 0.5214
1583 0.538 0.462
1584 0.5116 0.4884
1585 0.492 0.508
1586 0.4876 0.5124
1587 0.4787 0.5213
1588 0.5095 0.4905
1589 0.4499 0.5501
1590 0.5207 0.4793
1591 0.5568 0.4432
1592 0.499 0.501
1593 0.4772 0.5228
1594 0.4822 0.5178
1595 0.4757 0.5243
1596 0.4852 0.5148
1597 0.4979 0.5021
1598 0.5157 0.4843
1599 0.4968 0.5032
1600 0.5054 0.4946
1601 0.4654 0.5346
1602 0.5155 0.4845
1603 0.4848 0.5152
1604 0.4682 0.5318
1605 0.5342 0.4658
1606 0.52 0.48
1607 0.4891 0.5109
1608 0.4671 0.5329
1609 0.5 0.5
1610 0.5166 0.4834
1611 0.5185 0.4815
1612 0.4915 0.5085
1613 0.524 0.476
1614 0.5289 0.4711
1615 0.4782 0.5218
1616 0.514 0.486
1617 0.4532 0.5468
1618 0.5012 0.4988
1619 0.5012 0.4988
1620 0.4631 0.5369
1621 0.4391 0.5609
1622 0.5147 0.4853
1623 0.4635 0.5365
1624 0.4686 0.5314
1625 0.4821 0.5179
1626 0.5048 0.4952
1627 0.4729 0.5271
1628 0.4797 0.5203
1629 0.4733 0.5267
1630 0.4988 0.5012
1631 0.489 0.511
1632 0.5037 0.4963
1633 0.5131 0.4869
1634 0.4851 0.5149
1635 0.471 0.529
1636 0.5262 0.4738
1637 0.5104 0.4896
1638 0.5316 0.4684
1639 0.4938 0.5062
1640 0.5172 0.4828
1641 0.4851 0.5149
1642 0.5137 0.4863
1643 0.4964 0.5036
1644 0.544 0.456
1645 0.4718 0.5282
1646 0.4631 0.5369
1647 0.4761 0.5239
1648 0.5461 0.4539
1649 0.4874 0.5126
1650 0.519 0.481
1651 0.5234 0.4766
1652 0.4502 0.5498
1653 0.524 0.476
1654 0.5 0.5
1655 0.4404 0.5596
1656 0.4915 0.5085
1657 0.4603 0.5397
1658 0.4808 0.5192
1659 0.4803 0.5197
1660 0.5259 0.4741
1661 0.5103 0.4897
1662 0.4724 0.5276
1663 0.4959 0.5041
1664 0.4973 0.5027
1665 0.4973 0.5027
1666 0.5236 0.4764
1667 0.4974 0.5026
1668 0.4792 0.5208
1669 0.5028 0.4972
1670 0.5082 0.4918
1671 0.4543 0.5457
1672 0.5115 0.4885
1673 0.5342 0.4658
1674 0.4987 0.5013
1675 0.4916 0.5084
1676 0.5227 0.4773
1677 0.5181 0.4819
1678 0.5131 0.4869
1679 0.5126 0.4874
1680 0.492 0.508
1681 0.4959 0.5041
1682 0.4566 0.5434
1683 0.4487 0.5513
1684 0.434 0.566
1685 0.5017 0.4983
1686 0.503 0.497
1687 0.5032 0.4968
1688 0.5337 0.4663
1689 0.4841 0.5159
1690 0.4548 0.5452
1691 0.5106 0.4894
1692 0.5047 0.4953
1693 0.4393 0.5607
1694 0.487 0.513
1695 0.5653 0.4347
1696 0.5415 0.4585
1697 0.5306 0.4694
1698 0.5015 0.4985
1699 0.4853 0.5147
1700 0.4821 0.5179
1701 0.4966 0.5034
1702 0.4916 0.5084
1703 0.5232 0.4768
1704 0.475 0.525
1705 0.4882 0.5118
1706 0.5016 0.4984
1707 0.4818 0.5182
1708 0.5396 0.4604
1709 0.4944 0.5056
1710 0.4327 0.5673
1711 0.5382 0.4618
1712 0.519 0.481
1713 0.4752 0.5248
1714 0.515 0.485
1715 0.4901 0.5099
1716 0.4885 0.5115
1717 0.5 0.5
1718 0.4637 0.5363
1719 0.5141 0.4859
1720 0.472 0.528
1721 0.4967 0.5033
1722 0.4938 0.5062
1723 0.5 0.5
1724 0.4874 0.5126
1725 0.5017 0.4983
1726 0.5333 0.4667
1727 0.4722 0.5278
1728 0.4789 0.5211
1729 0.507 0.493
1730 0.5644 0.4356
1731 0.4268 0.5732
1732 0.5261 0.4739
1733 0.5016 0.4984
1734 0.5032 0.4968
1735 0.5095 0.4905
1736 0.4595 0.5405
1737 0.4742 0.5258
1738 0.5116 0.4884
1739 0.4545 0.5455
1740 0.4811 0.5189
1741 0.5286 0.4714
1742 0.5094 0.4906
1743 0.5015 0.4985
1744 0.478 0.522
1745 0.4771 0.5229
1746 0.4911 0.5089
1747 0.5111 0.4889
1748 0.5 0.5
1749 0.56 0.44
1750 0.4949 0.5051
1751 0.5127 0.4873
1752 0.4983 0.5017
1753 0.475 0.525
1754 0.4542 0.5458
1755 0.4754 0.5246
1756 0.4888 0.5112
1757 0.5177 0.4823
1758 0.4755 0.5245
1759 0.5035 0.4965
1760 0.4845 0.5155
1761 0.4574 0.5426
1762 0.5092 0.4908
1763 0.4845 0.5155
1764 0.4393 0.5607
1765 0.5113 0.4887
1766 0.4982 0.5018
1767 0.5155 0.4845
1768 0.4835 0.5165
1769 0.4898 0.5102
1770 0.5452 0.4548
1771 0.4757 0.5243
1772 0.466 0.534
1773 0.4716 0.5284
1774 0.4379 0.5621
1775 0.4596 0.5404
1776 0.5 0.5
1777 0.5073 0.4927
1778 0.4926 0.5074
1779 0.4478 0.5522
1780 0.5019 0.4981
1781 0.4869 0.5131
1782 0.5373 0.4627
1783 0.5396 0.4604
1784 0.5148 0.4852
1785 0.5277 0.4723
1786 0.4848 0.5152
1787 0.4723 0.5277
1788 0.4485 0.5515
1789 0.5149 0.4851
1790 0.4807 0.5193
1791 0.4848 0.5152
1792 0.4867 0.5133
1793 0.5331 0.4669
1794 0.4502 0.5498
1795 0.5081 0.4919
1796 0.4502 0.5498
1797 0.5022 0.4978
1798 0.4854 0.5146
1799 0.4661 0.5339
1800 0.4538 0.5462
1801 0.4907 0.5093
1802 0.4913 0.5087
1803 0.5 0.5
1804 0.5185 0.4815
1805 0.473 0.527
1806 0.4953 0.5047
1807 0.4358 0.5642
1808 0.4975 0.5025
1809 0.5234 0.4766
1810 0.4886 0.5114
1811 0.5075 0.4925
1812 0.527 0.473
1813 0.4426 0.5574
1814 0.4696 0.5304
1815 0.4839 0.5161
1816 0.4804 0.5196
1817 0.5243 0.4757
1818 0.5179 0.4821
1819 0.5611 0.4389
1820 0.4892 0.5108
1821 0.4931 0.5069
1822 0.4606 0.5394
1823 0.418 0.582
1824 0.5256 0.4744
1825 0.4558 0.5442
1826 0.4596 0.5404
1827 0.4635 0.5365
1828 0.5779 0.4221
1829 0.4716 0.5284
1830 0.527 0.473
1831 0.4688 0.5312
1832 0.4351 0.5649
1833 0.4419 0.5581
1834 0.4263 0.5737
1835 0.487 0.513
1836 0.5185 0.4815
1837 0.496 0.504
1838 0.4378 0.5622
1839 0.5352 0.4648
1840 0.493 0.507
1841 0.5176 0.4824
1842 0.4858 0.5142
1843 0.473 0.527
1844 0.4737 0.5263
1845 0.4821 0.5179
1846 0.4751 0.5249
1847 0.474 0.526
1848 0.5754 0.4246
1849 0.4895 0.5105
1850 0.4753 0.5247
1851 0.494 0.506
1852 0.5813 0.4187
1853 0.4958 0.5042
1854 0.4664 0.5336
1855 0.4787 0.5213
1856 0.5054 0.4946
1857 0.5075 0.4925
1858 0.4878 0.5122
1859 0.4947 0.5053
1860 0.4922 0.5078
1861 0.5544 0.4456
1862 0.5 0.5
1863 0.4554 0.5446
1864 0.465 0.535
1865 0.5532 0.4468
1866 0.4258 0.5742
1867 0.4785 0.5215
1868 0.4519 0.5481
1869 0.5073 0.4927
1870 0.5 0.5
1871 0.4533 0.5467
1872 0.5263 0.4737
1873 0.4859 0.5141
1874 0.4845 0.5155
1875 0.5347 0.4653
1876 0.4346 0.5654
1877 0.4912 0.5088
1878 0.4884 0.5116
1879 0.5471 0.4529
1880 0.5054 0.4946
1881 0.459 0.541
1882 0.4342 0.5658
1883 0.465 0.535
1884 0.4759 0.5241
1885 0.4398 0.5602
1886 0.3816 0.6184
1887 0.4615 0.5385
1888 0.4766 0.5234
1889 0.4683 0.5317
1890 0.56 0.44
1891 0.5298 0.4702
1892 0.497 0.503
1893 0.4819 0.5181
1894 0.4497 0.5503
1895 0.482 0.518
1896 0.5302 0.4698
1897 0.4605 0.5395
1898 0.5472 0.4528
1899 0.4722 0.5278
1900 0.4733 0.5267
1901 0.5354 0.4646
1902 0.4882 0.5118
1903 0.5086 0.4914
1904 0.5038 0.4962
1905 0.4967 0.5033
1906 0.5253 0.4747
1907 0.5269 0.4731
1908 0.5276 0.4724
1909 0.5636 0.4364
1910 0.4615 0.5385
1911 0.4797 0.5203
1912 0.4504 0.5496
1913 0.5563 0.4437
1914 0.5414 0.4586
1915 0.5253 0.4747
1916 0.5266 0.4734
1917 0.5168 0.4832
1918 0.5153 0.4847
1919 0.5181 0.4819
1920 0.4855 0.5145
1921 0.4323 0.5677
1922 0.4671 0.5329
1923 0.4625 0.5375
1924 0.4037 0.5963
1925 0.448 0.552
1926 0.4867 0.5133
1927 0.44 0.56
1928 0.4955 0.5045
1929 0.5 0.5
1930 0.5079 0.4921
1931 0.4892 0.5108
1932 0.5328 0.4672
1933 0.5407 0.4593
1934 0.4586 0.5414
1935 0.465 0.535
1936 0.4545 0.5455
1937 0.5225 0.4775
1938 0.4963 0.5037
1939 0.5035 0.4965
1940 0.4884 0.5116
1941 0.4885 0.5115
1942 0.6279 0.3721
1943 0.473 0.527
1944 0.5122 0.4878
1945 0.4967 0.5033
1946 0.4351 0.5649
1947 0.5857 0.4143
1948 0.443 0.557
1949 0.5039 0.4961
1950 0.5225 0.4775
1951 0.4902 0.5098
1952 0.5664 0.4336
1953 0.4656 0.5344
1954 0.4462 0.5538
1955 0.512 0.488
1956 0.5512 0.4488
1957 0.4667 0.5333
1958 0.5138 0.4862
1959 0.3678 0.6322
1960 0.5342 0.4658
1961 0.5169 0.4831
1962 0.5192 0.4808
1963 0.5893 0.4107
1964 0.5175 0.4825
1965 0.4955 0.5045
1966 0.4336 0.5664
1967 0.46 0.54
1968 0.5056 0.4944
1969 0.5682 0.4318
1970 0.5 0.5
1971 0.4302 0.5698
1972 0.4578 0.5422
1973 0.5222 0.4778
1974 0.4588 0.5412
1975 0.593 0.407
1976 0.4466 0.5534
1977 0.4833 0.5167
1978 0.5046 0.4954
1979 0.5546 0.4454
1980 0.4917 0.5083
1981 0.4962 0.5038
1982 0.4962 0.5038
1983 0.4123 0.5877
1984 0.5182 0.4818
1985 0.5547 0.4453
1986 0.4198 0.5802
1987 0.4538 0.5462
1988 0.4457 0.5543
1989 0.5481 0.4519
1990 0.4286 0.5714
1991 0.4831 0.5169
1992 0.5612 0.4388
1993 0.5243 0.4757
1994 0.5294 0.4706
1995 0.5319 0.4681
1996 0.4479 0.5521
1997 0.4479 0.5521
1998 0.4144 0.5856
1999 0.4182 0.5818
2000 0.541 0.459
2001 0.4348 0.5652
2002 0.5288 0.4712
2003 0.5169 0.4831
2004 0.4216 0.5784
2005 0.4831 0.5169
2006 0.5169 0.4831
2007 0.4651 0.5349
2008 0.5794 0.4206
2009 0.4643 0.5357
2010 0.4904 0.5096
2011 0.4659 0.5341
2012 0.5057 0.4943
2013 0.5067 0.4933
2014 0.5571 0.4429
2015 0.4933 0.5067
2016 0.5714 0.4286
2017 0.5294 0.4706
2018 0.4757 0.5243
2019 0.4216 0.5784
2020 0.48 0.52
2021 0.4898 0.5102
2022 0.48 0.52
2023 0.551 0.449
2024 0.4 0.6
2025 0.4125 0.5875
2026 0.5443 0.4557
2027 0.4691 0.5309
2028 0.4872 0.5128
2029 0.5181 0.4819
2030 0.5 0.5
2031 0.5368 0.4632
2032 0.5102 0.4898
2033 0.4699 0.5301
2034 0.5238 0.4762
2035 0.4706 0.5294
2036 0.4203 0.5797
2037 0.4714 0.5286
2038 0.4634 0.5366
2039 0.5765 0.4235
2040 0.3889 0.6111
2041 0.4177 0.5823
2042 0.5301 0.4699
2043 0.495 0.505
2044 0.4086 0.5914
2045 0.3924 0.6076
2046 0.3947 0.6053
2047 0.431 0.569
2048 0.5972 0.4028
2049 0.2969 0.7031
2050 0.4714 0.5286
2051 0.4925 0.5075
2052 0.3944 0.6056
2053 0.4179 0.5821
2054 0.4932 0.5068
2055 0.5181 0.4819
2056 0.5824 0.4176
2057 0.4568 0.5432
2058 0.5 0.5
2059 0.5758 0.4242
2060 0.5286 0.4714
2061 0.6049 0.3951
2062 0.5 0.5
2063 0.5181 0.4819
2064 0.3936 0.6064
2065 0.4557 0.5443
2066 0.48 0.52
2067 0.5422 0.4578
2068 0.5412 0.4588
2069 0.4156 0.5844
2070 0.5119 0.4881
2071 0.4524 0.5476
2072 0.4667 0.5333
2073 0.4783 0.5217
2074 0.4353 0.5647
2075 0.5 0.5
2076 0.4507 0.5493
2077 0.5128 0.4872
2078 0.4805 0.5195
2079 0.5429 0.4571
2080 0.5543 0.4457
2081 0.4423 0.5577
2082 0.4535 0.5465
2083 0.4658 0.5342
2084 0.5932 0.4068
2085 0.5 0.5
2086 0.5342 0.4658
2087 0.5714 0.4286
2088 0.3816 0.6184
2089 0.5067 0.4933
2090 0.5395 0.4605
2091 0.5 0.5
2092 0.5625 0.4375
2093 0.3846 0.6154
2094 0.6338 0.3662
2095 0.4868 0.5132
2096 0.5114 0.4886
2097 0.5222 0.4778
2098 0.4342 0.5658
2099 0.5385 0.4615
2100 0.5 0.5
2101 0.4583 0.5417
2102 0.5106 0.4894
2103 0.4773 0.5227
2104 0.5926 0.4074
2105 0.5 0.5
2106 0.4881 0.5119
2107 0.4835 0.5165
2108 0.4545 0.5455
2109 0.4677 0.5323
2110 0.5522 0.4478
2111 0.5088 0.4912
2112 0.6557 0.3443
2113 0.525 0.475
2114 0.4189 0.5811
2115 0.5352 0.4648
2116 0.5 0.5
2117 0.5 0.5
2118 0.4853 0.5147
2119 0.5068 0.4932
2120 0.4138 0.5862
2121 0.4528 0.5472
2122 0.5231 0.4769
2123 0.4386 0.5614
2124 0.5614 0.4386
2125 0.4032 0.5968
2126 0.449 0.551
2127 0.4783 0.5217
2128 0.4839 0.5161
2129 0.4407 0.5593
2130 0.3774 0.6226
2131 0.5088 0.4912
2132 0.2885 0.7115
2133 0.5111 0.4889
2134 0.6034 0.3966
2135 0.4516 0.5484
2136 0.4167 0.5833
2137 0.4167 0.5833
2138 0.55 0.45
2139 0.5769 0.4231
2140 0.5385 0.4615
2141 0.5 0.5
2142 0.3878 0.6122
2143 0.6667 0.3333
2144 0.4138 0.5862
2145 0.5185 0.4815
2146 0.5111 0.4889
2147 0.5536 0.4464
2148 0.5 0.5
2149 0.5517 0.4483
2150 0.4928 0.5072
2151 0.3846 0.6154
2152 0.5926 0.4074
2153 0.4194 0.5806
2154 0.4833 0.5167
2155 0.56 0.44
2156 0.4737 0.5263
2157 0.4394 0.5606
2158 0.4677 0.5323
2159 0.5 0.5
2160 0.4407 0.5593
2161 0.6271 0.3729
2162 0.5294 0.4706
2163 0.4865 0.5135
2164 0.5068 0.4932
2165 0.3433 0.6567
2166 0.36 0.64
2167 0.5111 0.4889
2168 0.3409 0.6591
2169 0.5135 0.4865
2170 0.4444 0.5556
2171 0.4857 0.5143
2172 0.3243 0.6757
2173 0.5 0.5
2174 0.4242 0.5758
2175 0.7097 0.2903
2176 0.58 0.42
2177 0.4643 0.5357
2178 0.3846 0.6154
2179 0.5192 0.4808
2180 0.4923 0.5077
2181 0.5161 0.4839
2182 0.4483 0.5517
2183 0.6032 0.3968
2184 0.4638 0.5362
2185 0.5417 0.4583
2186 0.4028 0.5972
2187 0.5373 0.4627
2188 0.5231 0.4769
2189 0.5714 0.4286
2190 0.5606 0.4394
2191 0.4918 0.5082
2192 0.537 0.463
2193 0.3333 0.6667
2194 0.5577 0.4423
2195 0.5769 0.4231
2196 0.5571 0.4429
2197 0.5135 0.4865
2198 0.3077 0.6923
2199 0.4255 0.5745
2200 0.4894 0.5106
2201 0.5192 0.4808
2202 0.4364 0.5636
2203 0.3636 0.6364
2204 0.5818 0.4182
2205 0.507 0.493
2206 0.45 0.55
2207 0.42 0.58
2208 0.5116 0.4884
2209 0.5745 0.4255
2210 0.5088 0.4912
2211 0.5254 0.4746
2212 0.3269 0.6731
2213 0.5135 0.4865
2214 0.4375 0.5625
2215 0.4634 0.5366
2216 0.4286 0.5714
2217 0.6154 0.3846
2218 0.5 0.5
2219 0.5357 0.4643
2220 0.4314 0.5686
2221 0.5208 0.4792
2222 0.4545 0.5455
2223 0.5641 0.4359
2224 0.4884 0.5116
2225 0.5106 0.4894
2226 0.54 0.46
2227 0.5 0.5
2228 0.4912 0.5088
2229 0.5556 0.4444
2230 0.5294 0.4706
2231 0.4902 0.5098
2232 0.4878 0.5122
2233 0.56 0.44
2234 0.5778 0.4222
2235 0.5745 0.4255
2236 0.5882 0.4118
2237 0.4375 0.5625
2238 0.4583 0.5417
2239 0.549 0.451
2240 0.587 0.413
2241 0.4833 0.5167
2242 0.3958 0.6042
2243 0.4423 0.5577
2244 0.5294 0.4706
2245 0.3774 0.6226
2246 0.4423 0.5577
2247 0.4043 0.5957
2248 0.4375 0.5625
2249 0.3684 0.6316
2250 0.617 0.383
2251 0.4583 0.5417
2252 0.4286 0.5714
2253 0.5 0.5
2254 0.4444 0.5556
2255 0.5 0.5
2256 0.4706 0.5294
2257 0.4872 0.5128
2258 0.4 0.6
2259 0.5 0.5
2260 0.5714 0.4286
2261 0.625 0.375
2262 0.475 0.525
2263 0.5 0.5
2264 0.5556 0.4444
2265 0.4651 0.5349
2266 0.5 0.5
2267 0.6 0.4
2268 0.4091 0.5909
2269 0.4583 0.5417
2270 0.4783 0.5217
2271 0.4348 0.5652
2272 0.625 0.375
2273 0.5806 0.4194
2274 0.4333 0.5667
2275 0.4359 0.5641
2276 0.5714 0.4286
2277 0.3864 0.6136
2278 0.6129 0.3871
2279 0.5714 0.4286
2280 0.6061 0.3939
2281 0.5 0.5
2282 0.5946 0.4054
2283 0.4545 0.5455
2284 0.3415 0.6585
2285 0.52 0.48
2286 0.6176 0.3824
2287 0.4872 0.5128
2288 0.4444 0.5556
2289 0.56 0.44
2290 0.5 0.5
2291 0.6923 0.3077
2292 0.5556 0.4444
2293 0.6522 0.3478
2294 0.5625 0.4375
2295 0.4516 0.5484
2296 0.48 0.52
2297 0.5484 0.4516
2298 0.5185 0.4815
2299 0.5333 0.4667
2300 0.6471 0.3529
2301 0.4737 0.5263
2302 0.4333 0.5667
2303 0.4483 0.5517
2304 0.2727 0.7273
2305 0.4211 0.5789
2306 0.6087 0.3913
2307 0.4643 0.5357
2308 0.3462 0.6538
2309 0.3684 0.6316
2310 0.5909 0.4091
2311 0.44 0.56
2312 0.4 0.6
2313 0.6667 0.3333
2314 0.6923 0.3077
2315 0.6579 0.3421
2316 0.3889 0.6111
2317 0.6207 0.3793
2318 0.6538 0.3462
2319 0.5333 0.4667
2320 0.5517 0.4483
2321 0.4286 0.5714
2322 0.55 0.45
2323 0.4783 0.5217
2324 0.3889 0.6111
2325 0.85 0.15
2326 0.6364 0.3636
2327 0.5455 0.4545
2328 0.4872 0.5128
2329 0.4 0.6
2330 0.5833 0.4167
2331 0.4828 0.5172
2332 0.5714 0.4286
2333 0.5333 0.4667
2334 0.4839 0.5161
2335 0.6216 0.3784
2336 0.4167 0.5833
2337 0.4571 0.5429
2338 0.3889 0.6111
2339 0.4286 0.5714
2340 0.375 0.625
2341 0.7083 0.2917
2342 0.5 0.5
2343 0.3333 0.6667
2344 0.4483 0.5517
2345 0.4762 0.5238
2346 0.6207 0.3793
2347 0.5405 0.4595
2348 0.5278 0.4722
2349 0.4848 0.5152
2350 0.5357 0.4643
2351 0.4848 0.5152
2352 0.4643 0.5357
2353 0.5 0.5
2354 0.2778 0.7222
2355 0.375 0.625
2356 0.6667 0.3333
2357 0.5333 0.4667
2358 0.5714 0.4286
2359 0.5556 0.4444
2360 0.4118 0.5882
2361 0.4375 0.5625
2362 0.3333 0.6667
2363 0.5833 0.4167
2364 0.6471 0.3529
2365 0.5652 0.4348
2366 0.4643 0.5357
2367 0.5517 0.4483
2368 0.5 0.5
2369 0.5385 0.4615
2370 0.3448 0.6552
2371 0.6429 0.3571
2372 0.5349 0.4651
2373 0.2821 0.7179
2374 0.4242 0.5758
2375 0.5 0.5
2376 0.4848 0.5152
2377 0.5172 0.4828
2378 0.4444 0.5556
2379 0.4412 0.5588
2380 0.5455 0.4545
2381 0.4444 0.5556
2382 0.6 0.4
2383 0.3448 0.6552
2384 0.3889 0.6111
2385 0.4211 0.5789
2386 0.4545 0.5455
2387 0.3571 0.6429
2388 0.5 0.5
2389 0.3529 0.6471
2390 0.5517 0.4483
2391 0.3333 0.6667
2392 0.4375 0.5625
2393 0.5 0.5
2394 0.4286 0.5714
2395 0.5 0.5
2396 0.3571 0.6429
2397 0.6667 0.3333
2398 0.4286 0.5714
2399 0.4167 0.5833
2400 0.6667 0.3333
2401 0.4211 0.5789
2402 0.2778 0.7222
2403 0.4167 0.5833
2404 0.7273 0.2727
2405 0.4667 0.5333
2406 0.7143 0.2857
2407 0.3529 0.6471
2408 0.2727 0.7273
2409 0.5333 0.4667
2410 0.619 0.381
2411 0.4 0.6
2412 0.619 0.381
2413 0.5938 0.4062
2414 0.25 0.75
2415 0.3 0.7
2416 0.5 0.5
2417 0.5556 0.4444
2418 0.4444 0.5556
2419 0.25 0.75
2420 0.5 0.5
2421 0.5789 0.4211
2422 0.5263 0.4737
2423 0.5 0.5
2424 0.4667 0.5333
2425 0.5714 0.4286
2426 0.4167 0.5833
2427 0.5 0.5
2428 0.5556 0.4444
2429 0.5238 0.4762
2430 0.4 0.6
2431 0.5833 0.4167
2432 0.5 0.5
2433 0.3889 0.6111
2434 0.4706 0.5294
2435 0.3077 0.6923
2436 0.8889 0.1111
2437 0.4615 0.5385
2438 0.5 0.5
2439 0.2308 0.7692
2440 0.4545 0.5455
2441 0.3 0.7
2442 0.5 0.5
2443 0.3636 0.6364
2444 0.6364 0.3636
2445 0.5455 0.4545
2446 0.6154 0.3846
2447 0.5714 0.4286
2448 0.8571 0.1429
2449 0.5556 0.4444
2450 0.5455 0.4545
2451 0.625 0.375
2452 0.4762 0.5238
2453 0.2632 0.7368
2454 0.3333 0.6667
2455 0.625 0.375
2456 0.3846 0.6154
2457 0.4 0.6
2458 0.6667 0.3333
2459 0.4167 0.5833
2460 0.4167 0.5833
2461 0.4444 0.5556
2462 0.5714 0.4286
2463 0.4167 0.5833
2464 0.4545 0.5455
2465 0.5 0.5
2466 0.5333 0.4667
2467 0.4118 0.5882
2468 0.4375 0.5625
2469 0.6842 0.3158
2470 0.4167 0.5833
2471 0.5556 0.4444
2472 0.6429 0.3571
2473 0.6471 0.3529
2474 0.4444 0.5556
2475 0.619 0.381
2476 0.4737 0.5263
2477 0.4375 0.5625
2478 0.6 0.4
2479 0.5714 0.4286
2480 0.5556 0.4444
2481 0.3571 0.6429
2482 0.5714 0.4286
2483 0.5 0.5
2484 0.5 0.5
2485 0.6667 0.3333
2486 0.25 0.75
2487 0.625 0.375
2488 0.6 0.4
2489 0.3333 0.6667
2490 0.6 0.4
2491 0.0 1.0
2492 1.0 0.0
2493 0.5 0.5
2494 0.5 0.5
2495 0.4286 0.5714
2496 0.6667 0.3333
2497 0.6 0.4
2498 0.5 0.5
2499 0.3125 0.6875
2500 0.4167 0.5833
2501 0.5385 0.4615
2502 0.5385 0.4615
2503 0.5 0.5
2504 0.9286 0.0714
2505 0.5652 0.4348
2506 0.3913 0.6087
2507 0.3529 0.6471
2508 0.3333 0.6667
2509 0.5714 0.4286
2510 0.4 0.6
2511 0.125 0.875
2512 0.4286 0.5714
2513 0.6667 0.3333
2514 0.4667 0.5333
2515 0.5556 0.4444
2516 0.4545 0.5455
2517 0.3333 0.6667
2518 0.8 0.2
2519 0.4286 0.5714
2520 0.5385 0.4615
2521 0.6429 0.3571
2522 0.5455 0.4545
2523 0.4737 0.5263
2524 0.5 0.5
2525 0.6154 0.3846
2526 0.4667 0.5333
2527 0.4167 0.5833
2528 0.5 0.5
2529 0.8182 0.1818
2530 0.4286 0.5714
2531 0.5 0.5
2532 0.5882 0.4118
2533 0.4444 0.5556
2534 0.5 0.5
2535 0.2727 0.7273
2536 0.4 0.6
2537 0.7143 0.2857
2538 0.5 0.5
2539 0.5263 0.4737
2540 0.6 0.4
2541 0.4615 0.5385
2542 0.4 0.6
2543 0.5 0.5
2544 0.6 0.4
2545 0.1667 0.8333
2546 0.25 0.75
2547 0.8 0.2
2548 0.7143 0.2857
2549 0.625 0.375
2550 0.5 0.5
2551 0.0769 0.9231
2552 0.375 0.625
2553 0.7143 0.2857
2554 0.3333 0.6667
2555 0.5455 0.4545
2556 0.3333 0.6667
2557 0.5385 0.4615
2558 0.5333 0.4667
2559 0.3846 0.6154
2560 0.5 0.5
2561 0.6 0.4
2562 0.6 0.4
2563 0.6 0.4
2564 0.1667 0.8333
2565 0.6667 0.3333
2566 0.25 0.75
2567 0.2857 0.7143
2568 0.0 1.0
2569 0.75 0.25
2570 1.0 0.0
2571 0.4286 0.5714
2572 0.4 0.6
2573 0.375 0.625
2574 0.4667 0.5333
2575 0.6 0.4
2576 0.3 0.7
2577 0.6667 0.3333
2578 0.5 0.5
2579 0.4286 0.5714
2580 0.2 0.8
2581 0.5 0.5
2582 0.0 1.0
2583 1.0 0.0
2584 0.5 0.5
2586 1.0 0.0
2587 0.3333 0.6667
2588 0.75 0.25
2589 0.3333 0.6667
2590 0.3333 0.6667
2591 0.0 1.0
2592 1.0 0.0
2593 0.6667 0.3333
2594 0.75 0.25
2595 0.3333 0.6667
2596 0.8 0.2
2597 0.5 0.5
2598 0.1667 0.8333
2599 0.8 0.2
2600 0.4444 0.5556
2601 0.5833 0.4167
2602 0.125 0.875
2603 0.75 0.25
2604 0.3333 0.6667
2605 0.5 0.5
2606 0.75 0.25
2607 0.8 0.2
2608 0.625 0.375
2609 0.5 0.5
2610 0.6667 0.3333
2611 0.2857 0.7143
2612 0.6667 0.3333
2613 0.4 0.6
2614 0.5 0.5
2615 0.4 0.6
2616 0.0 1.0
2617 1.0 0.0
2618 0.5 0.5
2619 0.5 0.5
2620 0.25 0.75
2621 0.3333 0.6667
2622 0.2 0.8
2623 0.0 1.0
2624 0.0 1.0
2625 0.5 0.5
2626 0.4286 0.5714
2627 0.3333 0.6667
2628 1.0 0.0
2629 1.0 0.0
2630 0.6667 0.3333
2631 0.5 0.5
2632 0.4 0.6
2633 0.0 1.0
2634 1.0 0.0
2638 0.0 1.0
2640 1.0 0.0
2641 1.0 0.0
2642 0.0 1.0
2646 1.0 0.0
2647 0.0 1.0
2652 1.0 0.0
2653 0.5 0.5
2654 0.6667 0.3333
2655 0.8 0.2
2656 0.5 0.5
2657 0.0 1.0
2659 0.75 0.25
2660 0.75 0.25
2661 0.3333 0.6667
2662 1.0 0.0
2663 0.75 0.25
2664 0.8 0.2
2665 0.0 1.0
2666 1.0 0.0
2667 0.5 0.5
2669 0.0 1.0
2670 1.0 0.0
2671 0.0 1.0
2672 1.0 0.0
2673 1.0 0.0
2674 0.25 0.75
2675 1.0 0.0
2676 1.0 0.0
2677 1.0 0.0
2678 1.0 0.0
2679 0.5 0.5
2680 0.0 1.0
2681 0.6667 0.3333
2682 0.6667 0.3333
2683 1.0 0.0
2684 1.0 0.0
2685 0.6667 0.3333
2686 0.6667 0.3333
2687 0.5 0.5
2688 0.25 0.75
2689 0.5 0.5
2690 0.6667 0.3333
2691 0.8 0.2
2692 0.5 0.5
2693 0.5 0.5
2694 0.625 0.375
2695 0.8333 0.1667
2696 0.0 1.0
2699 1.0 0.0
2700 0.75 0.25
2701 0.625 0.375
2702 0.3333 0.6667
2703 0.0 1.0
2704 0.5 0.5
2705 0.75 0.25
2706 0.8 0.2
2707 0.0 1.0
2708 0.25 0.75
2709 0.0 1.0
2710 0.0 1.0
2711 1.0 0.0
2712 1.0 0.0
2713 0.6667 0.3333
2714 0.5 0.5
2715 0.5 0.5
2716 1.0 0.0
2717 0.3333 0.6667
2718 0.3333 0.6667
2719 0.5 0.5
2720 0.5 0.5
2721 1.0 0.0
2722 0.0 1.0
2723 0.5 0.5
2724 0.75 0.25
2725 0.6 0.4
2726 0.5 0.5
2727 0.0 1.0
2728 1.0 0.0
2729 1.0 0.0
2730 0.4444 0.5556
2731 0.5 0.5
2732 0.5714 0.4286
2733 0.8571 0.1429
2734 0.6 0.4
2735 0.875 0.125
2736 0.6364 0.3636
2737 0.3333 0.6667
2738 0.2 0.8
2739 0.25 0.75
2740 1.0 0.0
2741 1.0 0.0
2742 0.6667 0.3333
2743 0.4545 0.5455
2744 0.3333 0.6667
2745 0.3333 0.6667
2746 0.3333 0.6667
2747 0.6667 0.3333
2748 0.25 0.75
2750 0.6 0.4
2751 0.5 0.5
2752 0.2857 0.7143
2753 0.5 0.5
2755 1.0 0.0
2758 1.0 0.0
2760 1.0 0.0
2761 0.5 0.5
2762 0.0 1.0
2765 1.0 0.0
2766 1.0 0.0
2767 0.0 1.0
2768 0.0 1.0
2775 1.0 0.0
2776 0.5 0.5
2777 0.0 1.0
2803 0.0 1.0
2828 1.0 0.0
2829 0.0 1.0
2830 1.0 0.0
2831 0.0 1.0
2839 0.5 0.5
2840 0.5 0.5
2841 0.0 1.0
2842 0.5 0.5
2843 0.3333 0.6667
2844 0.0 1.0
2845 0.4 0.6
2846 0.3333 0.6667
2847 0.0 1.0
2848 0.0 1.0
2849 0.3333 0.6667
2850 0.25 0.75
2851 0.3333 0.6667
2852 0.5 0.5
2853 0.5 0.5
2858 0.0 1.0
2859 1.0 0.0
2860 1.0 0.0
2861 0.3333 0.6667
2862 0.0 1.0
2863 0.0 1.0
2869 1.0 0.0
2870 0.0 1.0
2903 0.0 1.0
2904 0.5 0.5
2905 0.5 0.5
2906 0.0 1.0
3013 0.0 1.0
3015 1.0 0.0
3016 0.75 0.25
3017 0.2 0.8
3018 0.0 1.0
3077 1.0 0.0
3078 1.0 0.0
3079 1.0 0.0
3080 1.0 0.0
3096 0.0 1.0
3140 0.0 1.0
3141 0.0 1.0
3142 0.0 1.0
3145 1.0 0.0
3146 0.0 1.0
3150 1.0 0.0
3151 0.4 0.6
3152 0.25 0.75
3153 0.0 1.0
