1 621989 1015954 176781 0
2 434855 656906 201411 0
3 372330 392805 210705 196198
4 318831 325681 197460 192664
5 282906 276672 184807 189287
6 255439 244286 171155 180157
7 234243 220224 159465 171142
8 217338 203237 149279 161637
9 204377 189722 140952 152629
10 193262 179240 133002 143601
11 182645 169889 126761 136394
12 173785 161078 120151 129788
13 167161 153048 115070 124241
14 160594 147846 109947 119239
15 155343 142024 105010 114127
16 149652 137705 101115 109960
17 144508 133597 96953 105707
18 140150 129059 93663 101378
19 136283 124654 90604 97791
20 132278 122130 87681 94767
21 129061 118646 85003 91729
22 126232 115346 82276 88816
23 123204 113485 79939 86129
24 120106 110653 77996 83713
25 117197 108032 75867 81396
26 114279 105475 74102 79650
27 112179 103564 71984 77831
28 109931 102029 69876 75520
29 107882 99665 68464 73657
30 105757 97782 66928 71421
31 103797 95657 65495 70396
32 102356 94207 64433 68765
33 100917 93249 62959 67260
34 99355 91576 61647 65707
35 97625 90051 60498 65024
36 95726 88717 59453 63187
37 94539 87669 58094 62108
38 92941 86326 56779 61158
39 91836 84530 55932 60174
40 90321 83769 54846 59044
41 89269 82146 53948 57833
42 88183 81396 53079 56934
43 86672 80522 52103 56102
44 85138 79440 51048 55129
45 84380 78115 50514 53906
46 82795 77331 49455 53486
47 81812 75928 48780 51990
48 80860 74937 47775 51435
49 79660 73914 47523 50898
50 79109 73335 46034 50164
51 78495 72710 45813 49723
52 77321 72311 44862 48885
53 76105 70604 44452 47994
54 75615 69827 43869 47466
55 74552 69143 43674 46674
56 73728 68214 42882 45951
57 72551 67858 42147 45049
58 72294 66870 41858 44880
59 71540 66455 41213 44096
60 70704 65639 40766 43671
61 70075 64981 39980 43366
62 69142 64417 39706 42610
63 68295 63770 39146 42401
64 67795 63610 38947 41688
65 67547 62830 38075 41103
66 66622 62012 37918 40407
67 65999 61199 37550 40049
68 65388 60654 36899 39953
69 64373 59781 36698 39407
70 64180 59075 36105 39101
71 63141 58955 36074 38325
72 63030 58329 35121 38016
73 62698 58267 35018 37527
74 61778 57651 34271 37209
75 61796 57154 34451 36815
76 60850 57052 33752 36379
77 60239 56076 33315 35969
78 59707 55283 33190 35863
79 59308 54996 32944 35287
80 58970 54673 32703 35183
81 58656 54692 31873 34656
82 58231 54188 32246 34457
83 57447 54023 31335 34068
84 57070 52898 31163 33200
85 56441 52349 30864 33481
86 56286 51835 30785 33061
87 55299 51946 30538 32938
88 54890 51047 30261 32122
89 54677 50545 29838 32121
90 54262 50642 29617 31878
91 53849 50000 29064 31621
92 53356 50087 28844 31532
93 53001 49390 28815 30861
94 52717 49158 28592 30803
95 52419 49134 28183 30277
96 52234 48820 27946 30238
97 51450 48356 27547 29987
98 51249 47399 27502 29854
99 50769 47332 27204 29636
100 50740 46952 27169 29193
101 50127 46738 26808 29099
102 49145 46072 26583 28944
103 49398 45143 26359 28822
104 49008 45780 26258 28399
105 48497 45502 25789 28227
106 48660 45097 25980 28081
107 48460 45058 25852 27636
108 47807 44689 25464 27567
109 47383 44577 25444 27397
110 46961 44059 25078 27153
111 46969 43812 24731 26725
112 46446 43367 24612 26875
113 46583 43042 24474 26835
114 45890 43071 24089 26305
115 45617 42422 24014 26095
116 45170 42068 23816 25727
117 45211 41764 23788 25651
118 44267 41830 23485 25190
119 44377 41028 23231 25232
120 44222 41205 23235 25097
121 44190 40993 22883 25034
122 43583 40906 22687 25086
123 43388 40466 22578 24753
124 43497 39886 22719 24594
125 43293 40037 22108 24470
126 42809 39844 22472 24124
127 42435 39650 21832 23910
128 41800 39263 21867 24050
129 41356 38792 21855 23692
130 41555 38658 20995 23193
131 41249 38337 21367 23164
132 41068 38087 21521 23339
133 40988 38362 20935 22878
134 40433 37924 21140 22907
135 40318 37627 20822 22720
136 40157 37448 20767 22529
137 39837 37385 20735 22488
138 39938 37252 20380 22478
139 39711 37344 20183 21940
140 39423 36837 20097 22046
141 39099 36603 19959 22093
142 38901 36537 19889 21714
143 38890 36151 19448 21452
144 38310 36031 19372 21629
145 37937 36069 19138 20926
146 37908 35357 19148 21003
147 37323 35215 19240 20924
148 37309 34858 19063 20975
149 37568 34870 18856 20790
150 37206 34986 18875 20645
151 36964 34608 18740 20505
152 36530 34378 18666 20459
153 36735 33865 18453 20520
154 36322 34079 18427 20191
155 36152 33947 18237 19932
156 36088 33716 18252 20108
157 35441 33759 18036 19644
158 35559 33063 17873 19417
159 35423 33069 17607 19256
160 35055 32888 17601 19570
161 34946 32378 17576 19468
162 34884 32388 17397 19009
163 34583 32194 17295 18769
164 34005 32048 17228 18939
165 33903 31768 17011 18624
166 33739 31400 16930 18429
167 33771 31294 17071 18511
168 33171 31489 16779 18306
169 33332 31016 16733 18342
170 33246 31092 16144 18079
171 33251 30691 16385 18243
172 32933 30790 16186 18211
173 32757 30633 16401 18084
174 32843 30517 16164 17804
175 32702 30628 16216 17477
176 32311 30314 16165 17745
177 32167 30146 15861 17560
178 31854 29938 15906 17679
179 31608 29732 15847 17328
180 31855 29360 15701 17166
181 31308 29433 15839 17388
182 31284 29223 15496 17045
183 30792 29292 15353 16994
184 30694 28987 15245 16810
185 30717 28709 15063 16714
186 30798 28624 14959 16727
187 30531 28630 14946 16692
188 30305 28223 15074 16465
189 30501 28237 14800 16240
190 30318 28228 14892 16267
191 29866 28049 14737 16286
192 29667 27612 14596 16149
193 29581 27466 14590 16057
194 29539 27534 14397 16007
195 29148 27667 14209 15964
196 29123 27314 14209 15542
197 28977 26837 14107 15725
198 28616 26905 14006 15731
199 28726 26817 13869 15388
200 28431 26840 13754 15404
201 28494 26517 13852 15392
202 28078 26528 13947 15303
203 28320 26488 13515 15143
204 28280 26252 13688 15207
205 27888 26212 13576 15007
206 27893 26059 13775 14674
207 27779 25931 13558 15051
208 27465 26098 13340 14853
209 27335 25614 13360 14753
210 27163 25664 13399 14751
211 27200 25401 13016 14725
212 26953 25266 13004 14573
213 26814 25107 12988 14619
214 26756 25098 12877 14350
215 26456 24912 12964 14269
216 26460 24698 12867 14313
217 26333 24802 12657 14236
218 26372 24465 12641 14150
219 26189 24540 12692 14225
220 25899 24628 12560 14022
221 25657 24225 12475 13963
222 25956 24185 12486 13709
223 25855 24283 12224 13760
224 25342 23946 12331 13798
225 25441 23753 11996 13578
226 25133 23555 12060 13495
227 25029 23248 12122 13686
228 25144 23372 11800 13387
229 25082 23305 11771 13333
230 24769 23237 11743 13232
231 24698 22797 11870 13167
232 24326 22965 11649 12972
233 24321 22676 11768 12730
234 24169 22599 11578 12999
235 24276 22393 11448 12691
236 24015 22325 11369 12911
237 24077 22129 11455 12728
238 23646 22336 11427 12887
239 23476 22180 11222 12699
240 23131 21771 11245 12419
241 23112 21714 11176 12385
242 23147 21712 11000 12294
243 22955 21527 11061 12304
244 22979 21212 11050 12203
245 22875 21339 10671 12162
246 22684 21221 10877 12227
247 22742 21337 10680 11835
248 22566 21020 10800 12007
249 22493 20804 10784 11930
250 22552 20836 10616 11921
251 22342 21103 10829 11816
252 22290 20853 10578 11881
253 22073 20845 10707 11805
254 21892 20855 10522 11683
255 22055 20596 10320 11595
256 21957 20557 10527 11606
257 22051 20663 10358 11618
258 21854 20652 10346 11460
259 21449 20351 10300 11656
260 21548 20059 10262 11550
261 21467 20108 10214 11390
262 21458 20136 10057 11354
263 21265 20105 10053 11435
264 21264 19729 10068 11280
265 21132 19816 9954 11190
266 21066 19842 9817 11044
267 20982 19504 9852 11171
268 20916 19498 9969 11132
269 20822 19793 9680 10900
270 20858 19536 9750 10833
271 20485 19396 9842 10899
272 20557 19164 9640 10761
273 20533 19203 9514 10722
274 20817 18921 9491 10876
275 20613 19268 9440 10621
276 20169 18924 9377 10606
277 19984 18643 9262 10695
278 19788 18625 9434 10521
279 19954 18535 9225 10545
280 19633 18736 9335 10185
281 19347 18425 9247 10314
282 19647 18261 8973 10085
283 19567 18109 9188 10305
284 19493 18268 8965 10328
285 19190 18298 9047 10348
286 18966 18184 8889 10123
287 19053 18030 9008 10087
288 19175 18013 8803 9897
289 19013 17868 8740 9923
290 19088 17662 8829 9799
291 18797 17770 8882 9912
292 19025 17570 8649 9833
293 18757 17521 8846 9877
294 18632 17454 8455 9883
295 18427 17379 8503 9775
296 18650 17204 8461 9591
297 18535 17415 8496 9603
298 18557 17209 8399 9805
299 18325 17376 8412 9654
300 17871 17141 8494 9620
301 17831 16891 8285 9601
302 17687 16746 8263 9416
303 17719 16585 8156 9171
304 17540 16398 8238 9393
305 17636 16344 8168 9167
306 17661 16525 8017 9085
307 17671 16425 7989 9381
308 17588 16388 8153 9134
309 17235 16293 8005 9049
310 17162 16008 7930 9217
311 16930 16011 7940 8753
312 17279 15793 7822 9021
313 17286 16168 7820 8978
314 17066 16014 7792 8859
315 16870 15816 7871 8709
316 16937 15640 7705 8819
317 16821 15819 7740 8813
318 16638 15605 7743 8745
319 16511 15475 7755 8535
320 16792 15491 7685 8607
321 16553 15511 7708 8683
322 16460 15591 7711 8730
323 16446 15499 7693 8565
324 16532 15523 7572 8599
325 16551 15419 7559 8433
326 16219 15197 7646 8667
327 16099 15184 7267 8519
328 16131 14988 7447 8441
329 16259 15097 7274 8247
330 16024 15089 7327 8318
331 15779 14886 7424 8110
332 15858 14809 7101 8031
333 15734 14648 7181 8115
334 15653 14421 7084 8265
335 15788 14544 6947 8264
336 15697 14545 7082 8022
337 15486 14464 7045 8047
338 15472 14388 7062 7841
339 15387 14299 7206 7956
340 15439 14418 6953 7840
341 15569 14226 7038 7803
342 15545 14337 6881 8017
343 15247 14369 7201 7889
344 15131 14189 6817 7923
345 14944 13975 6965 7733
346 14754 13929 6890 7765
347 15206 13877 6740 7658
348 15025 14185 6806 7683
349 14646 13851 6770 7731
350 14702 13808 6743 7659
351 14695 13871 6760 7535
352 14606 13821 6661 7602
353 14660 13526 6734 7591
354 14360 13784 6608 7535
355 14556 13471 6461 7478
356 14729 13515 6581 7636
357 14424 13716 6487 7658
358 14231 13620 6523 7467
359 14164 13465 6438 7303
360 14153 13360 6529 7474
361 13969 13447 6266 7344
362 13844 13143 6333 7269
363 14061 13070 6286 7092
364 13853 12887 6238 7177
365 13950 12817 6158 7238
366 13805 12871 6282 7220
367 13707 12791 6360 7192
368 13700 12915 6134 7048
369 13701 12817 6197 7034
370 13640 12750 6112 7177
371 13612 12648 6120 7043
372 13619 12722 6041 7006
373 13600 12754 6149 7052
374 13547 12635 6100 6932
375 13544 12648 6111 6902
376 13118 12732 6019 6992
377 13163 12362 5973 6630
378 13201 12287 5941 6779
379 13352 12419 5860 6684
380 13348 12544 5937 6839
381 13191 12555 5854 6766
382 13139 12281 5995 6674
383 13265 12312 5902 6602
384 13013 12471 5808 6651
385 13035 12120 5713 6627
386 12970 12010 5799 6649
387 13031 12091 5797 6595
388 12888 12262 5628 6646
389 12428 11987 5669 6670
390 12232 11653 5647 6492
391 12759 11466 5662 6260
392 12573 11708 5544 6491
393 12474 11758 5430 6454
394 12512 11699 5675 6407
395 12456 11739 5464 6301
396 12430 11512 5680 6494
397 12199 11616 5568 6396
398 12096 11538 5587 6268
399 12297 11522 5489 6175
400 12174 11570 5437 6208
401 12068 11397 5406 6273
402 12101 11377 5401 6218
403 12079 11348 5302 6305
404 12054 11548 5260 6193
405 11989 11357 5299 6071
406 11872 11142 5340 6209
407 11680 11085 5145 6013
408 11756 11039 5165 6011
409 11886 10949 5256 5860
410 11782 11034 5299 6001
411 11535 11028 5199 5992
412 11466 10913 5057 6029
413 11202 10856 5075 5807
414 11286 10551 5027 5838
415 11298 10588 5064 5839
416 11207 10622 4994 5798
417 11391 10366 5086 5805
418 11235 10695 5010 5831
419 11346 10686 4878 5673
420 11284 10602 5050 5699
421 11251 10650 4867 5806
422 11250 10543 4960 5604
423 11144 10376 4873 5611
424 10943 10365 4886 5603
425 10862 10157 4982 5468
426 10860 10133 4753 5506
427 11009 10034 4760 5731
428 10862 10195 4809 5557
429 10494 10247 4837 5627
430 10618 9963 4752 5335
431 10723 10041 4735 5443
432 10690 10013 4690 5342
433 10445 9906 4756 5487
434 10477 9801 4728 5365
435 10576 9836 4718 5423
436 10505 9908 4624 5494
437 10626 9868 4597 5158
438 10598 9799 4655 5464
439 10476 9924 4482 5339
440 10336 9624 4714 5384
441 10231 9643 4452 5222
442 10391 9514 4431 5281
443 10257 9583 4667 5169
444 10418 9470 4382 5279
445 10162 9556 4534 5153
446 9920 9342 4446 5167
447 9883 9243 4463 5184
448 10138 9370 4424 5133
449 10024 9499 4390 5041
450 10079 9428 4443 5032
451 9884 9421 4293 5083
452 10011 9112 4413 4994
453 9850 9445 4374 5034
454 9726 9211 4248 4967
455 9725 9091 4395 4878
456 9767 9038 4137 5023
457 9690 9099 4284 4928
458 9651 8957 4268 4960
459 9516 9021 4284 4891
460 9696 8793 4354 4915
461 9578 9057 4300 4859
462 9513 9061 4272 4751
463 9475 8939 4266 4727
464 9443 8949 4248 4932
465 9427 8872 4145 4722
466 9391 8717 3999 4874
467 9590 8634 4075 4869
468 9361 8852 4169 4738
469 9506 8837 4000 4717
470 9389 8824 3972 4711
471 9197 8688 3927 4746
472 9220 8461 3991 4698
473 9201 8583 3932 4596
474 8981 8529 4049 4687
475 9070 8433 3834 4602
476 8945 8457 3947 4547
477 8978 8268 3870 4518
478 8936 8322 3951 4579
479 8828 8503 3742 4553
480 8840 8363 3910 4378
481 8952 8238 3931 4444
482 8805 8348 3841 4658
483 8861 8386 3745 4398
484 8785 8183 3877 4483
485 8745 8248 3854 4317
486 8568 8192 3786 4348
487 8430 8010 3754 4391
488 8595 7909 3777 4413
489 8526 8085 3748 4365
490 8572 7951 3770 4198
491 8525 8006 3753 4310
492 8328 7975 3752 4289
493 8316 7877 3638 4301
494 8424 7835 3656 4190
495 8397 7910 3586 4236
496 8248 7768 3715 4193
497 8129 7829 3586 4275
498 8321 7673 3600 4174
499 8274 7821 3650 4203
500 8301 7758 3664 4197
501 8160 7794 3621 4203
502 8098 7630 3544 4154
503 8207 7513 3555 4175
504 8031 7703 3632 4086
505 7981 7486 3526 4113
506 8043 7443 3503 4055
507 7927 7478 3384 4032
508 7968 7371 3410 4007
509 7940 7371 3375 3985
510 7821 7311 3489 4003
511 7954 7343 3424 4003
512 7944 7505 3381 3977
513 7814 7361 3585 3990
514 7939 7309 3490 3985
515 7826 7446 3364 3910
516 7706 7237 3438 4088
517 7717 7311 3335 3902
518 7725 7285 3255 3964
519 7697 7241 3446 3810
520 7773 7123 3368 3940
521 7605 7278 3267 3945
522 7601 7179 3249 3828
523 7695 7085 3163 3912
524 7616 7096 3293 3846
525 7531 7045 3243 3818
526 7480 6920 3283 3905
527 7297 7082 3351 3721
528 7517 6966 3253 3657
529 7488 7041 3198 3682
530 7352 6891 3167 3823
531 7328 6803 3157 3741
532 7363 6753 3199 3672
533 7221 6856 3230 3669
534 7133 6813 3167 3665
535 7276 6781 3136 3750
536 7253 6831 3095 3714
537 7168 6870 3077 3730
538 7114 6789 3158 3664
539 7072 6712 3070 3625
540 7194 6732 3017 3655
541 6955 6817 3103 3622
542 6952 6634 3075 3515
543 6996 6745 3021 3474
544 6983 6627 2957 3476
545 6965 6475 3026 3554
546 6869 6468 3046 3534
547 6936 6388 3015 3494
548 7016 6524 2970 3489
549 6912 6565 2986 3551
550 6714 6572 2909 3410
551 6687 6343 2894 3506
552 6680 6366 2847 3604
553 6712 6391 2880 3301
554 6669 6298 2948 3392
555 6729 6358 2836 3368
556 6852 6398 2838 3441
557 6787 6457 2942 3382
558 6797 6476 2883 3333
559 6753 6385 2860 3431
560 6705 6367 2805 3427
561 6812 6279 2884 3420
562 6553 6362 2813 3404
563 6614 6187 2802 3318
564 6454 6242 2852 3321
565 6615 6100 2751 3307
566 6550 6195 2833 3277
567 6539 6149 2795 3283
568 6529 6034 2858 3228
569 6397 6157 2706 3185
570 6415 5939 2785 3067
571 6473 5920 2726 3265
572 6237 6045 2740 3219
573 6352 5858 2645 3008
574 6344 5867 2702 3147
575 6371 5919 2711 3116
576 6341 5955 2649 3097
577 6208 5863 2588 3150
578 6102 5692 2643 3122
579 6094 5707 2698 3072
580 6030 5760 2584 3063
581 5898 5695 2620 3080
582 6070 5660 2591 2989
583 5980 5746 2619 3024
584 5980 5605 2578 2990
585 5901 5508 2576 3000
586 6017 5489 2517 3056
587 5838 5603 2476 2974
588 5813 5406 2565 3013
589 6008 5460 2524 2884
590 5933 5579 2461 2981
591 5875 5536 2493 2992
592 5735 5534 2545 2881
593 5851 5466 2570 2862
594 5813 5589 2447 2939
595 5668 5479 2528 2941
596 5585 5464 2383 2814
597 5618 5279 2311 2909
598 5775 5232 2463 2901
599 5712 5411 2363 2841
600 5820 5305 2323 2850
601 5658 5325 2478 2862
602 5692 5237 2422 2835
603 5612 5271 2403 2775
604 5496 5223 2430 2931
605 5615 5259 2335 2732
606 5608 5253 2342 2770
607 5457 5211 2385 2737
608 5478 5080 2375 2770
609 5406 5108 2419 2781
610 5516 5158 2313 2754
611 5404 5154 2387 2679
612 5389 5050 2261 2675
613 5325 5012 2350 2686
614 5265 5025 2286 2728
615 5290 4951 2286 2699
616 5316 4966 2288 2664
617 5364 5034 2295 2710
618 5438 5138 2217 2557
619 5398 5009 2317 2614
620 5312 4977 2297 2650
621 5306 4963 2281 2649
622 5238 4934 2189 2596
623 5227 4894 2221 2625
624 5177 4825 2103 2598
625 5196 4790 2212 2715
626 5187 4922 2162 2477
627 5157 4729 2171 2567
628 5085 4766 2178 2554
629 5114 4687 2211 2532
630 5229 4788 2223 2547
631 5039 4961 2158 2507
632 5099 4715 2145 2538
633 5031 4851 2095 2554
634 5002 4779 2130 2476
635 4979 4636 2063 2551
636 4955 4577 2111 2518
637 4972 4610 2246 2403
638 4913 4655 2113 2509
639 5009 4621 2141 2494
640 4950 4709 2056 2475
641 4867 4618 2055 2444
642 4907 4553 2058 2416
643 4720 4471 2134 2375
644 4848 4400 2016 2423
645 4811 4525 2083 2380
646 4779 4483 2037 2476
647 4743 4493 1969 2408
648 4741 4459 1990 2416
649 4871 4478 2040 2367
650 4837 4499 2005 2317
651 4754 4506 1961 2403
652 4903 4394 2059 2298
653 4797 4508 2040 2402
654 4549 4496 2000 2444
655 4594 4395 1891 2295
656 4574 4307 1883 2287
657 4740 4249 1861 2263
658 4603 4284 1930 2315
659 4547 4213 1933 2327
660 4599 4278 1927 2290
661 4530 4273 1967 2360
662 4526 4283 1923 2233
663 4563 4241 1911 2350
664 4780 4216 1954 2318
665 4726 4398 2012 2211
666 4573 4287 1917 2254
667 4508 4219 1882 2363
668 4570 4249 1831 2247
669 4519 4318 1909 2221
670 4480 4248 1910 2208
671 4395 4275 1921 2207
672 4453 4194 1847 2230
673 4472 4148 1821 2231
674 4528 4140 1846 2269
675 4339 4222 1832 2149
676 4298 4017 1843 2141
677 4213 3997 1827 2151
678 4201 3956 1753 2067
679 4242 3936 1742 2081
680 4135 3870 1808 2162
681 4121 3907 1781 2049
682 4208 3919 1776 2087
683 4315 3928 1734 2116
684 4258 3991 1772 2163
685 4104 3986 1763 2073
686 4095 3826 1711 2067
687 4165 3915 1668 2051
688 4227 3847 1724 2024
689 4140 3872 1711 2087
690 4152 3841 1736 2016
691 4069 3882 1717 2067
692 4151 3919 1641 1987
693 4196 3822 1757 2071
694 4027 3912 1708 1995
695 3928 3740 1690 2009
696 3952 3640 1650 1994
697 3946 3652 1697 1902
698 3948 3647 1608 2024
699 3934 3632 1672 1987
700 3902 3676 1650 2023
701 3961 3743 1581 2063
702 3935 3776 1625 1921
703 3841 3670 1737 1976
704 3901 3628 1610 1934
705 3817 3690 1531 1925
706 3930 3513 1659 2008
707 3821 3663 1549 1880
708 3827 3512 1618 1988
709 3669 3535 1558 1921
710 3763 3395 1619 1880
711 3765 3547 1613 1864
712 3781 3612 1586 1806
713 3803 3571 1559 1840
714 3750 3587 1517 1819
715 3816 3441 1582 1883
716 3833 3514 1597 1817
717 3721 3548 1545 1875
718 3722 3406 1526 1898
719 3610 3452 1553 1839
720 3690 3403 1472 1813
721 3611 3468 1506 1820
722 3593 3380 1534 1840
723 3631 3362 1543 1788
724 3628 3461 1580 1714
725 3643 3419 1603 1767
726 3713 3447 1508 1863
727 3693 3518 1477 1828
728 3576 3480 1472 1802
729 3547 3343 1502 1811
730 3528 3333 1490 1748
731 3484 3310 1493 1804
732 3570 3326 1451 1677
733 3451 3325 1480 1798
734 3491 3247 1435 1750
735 3520 3294 1483 1720
736 3511 3336 1406 1665
737 3444 3290 1430 1700
738 3538 3101 1432 1733
739 3447 3238 1444 1789
740 3411 3186 1437 1697
741 3464 3182 1391 1712
742 3414 3255 1339 1674
743 3379 3146 1474 1728
744 3415 3170 1339 1692
745 3314 3171 1378 1681
746 3337 3209 1404 1601
747 3347 3215 1390 1605
748 3367 3196 1412 1650
749 3430 3196 1376 1636
750 3342 3239 1378 1666
751 3197 3059 1492 1592
752 3229 2966 1363 1636
753 3322 3083 1358 1621
754 3327 3128 1333 1623
755 3272 3074 1350 1583
756 3255 3001 1312 1627
757 3129 3020 1309 1639
758 3139 2897 1299 1509
759 3122 2845 1343 1627
760 3193 2897 1323 1606
761 3104 2978 1345 1534
762 3085 2922 1243 1607
763 3193 2897 1220 1533
764 3109 2934 1291 1655
765 3147 2934 1314 1585
766 3072 3041 1302 1562
767 3135 2902 1263 1528
768 3189 2932 1300 1576
769 3149 3076 1260 1540
770 3166 2948 1269 1534
771 3033 2913 1239 1496
772 3036 2809 1223 1571
773 2944 2867 1294 1480
774 2874 2792 1257 1514
775 2918 2824 1197 1505
776 2975 2785 1182 1461
777 2929 2755 1180 1498
778 2903 2743 1214 1535
779 2907 2754 1257 1430
780 2864 2799 1200 1458
781 2904 2717 1198 1421
782 2904 2694 1222 1424
783 2840 2707 1210 1501
784 2920 2688 1163 1446
785 2911 2726 1182 1443
786 2899 2742 1227 1422
787 2897 2703 1163 1481
788 2835 2686 1209 1501
789 2844 2711 1128 1481
790 2880 2712 1202 1368
791 2908 2687 1183 1410
792 2790 2694 1183 1428
793 2798 2666 1184 1441
794 2666 2661 1144 1410
795 2722 2597 1108 1326
796 2820 2551 1091 1339
797 2787 2518 1162 1371
798 2819 2506 1071 1395
799 2728 2560 1146 1334
800 2712 2476 1125 1378
801 2724 2471 1151 1385
802 2714 2583 1104 1343
803 2802 2497 1067 1319
804 2775 2532 1137 1387
805 2739 2572 1136 1367
806 2714 2541 1058 1395
807 2700 2512 1134 1297
808 2631 2478 1093 1327
809 2659 2406 1082 1296
810 2688 2416 1084 1307
811 2570 2464 1102 1364
812 2533 2407 1070 1301
813 2558 2320 1080 1297
814 2570 2370 1064 1330
815 2616 2438 1047 1205
816 2604 2394 1038 1277
817 2532 2403 1104 1260
818 2482 2412 1105 1188
819 2677 2361 1013 1260
820 2565 2484 1053 1292
821 2498 2413 1069 1281
822 2581 2356 1021 1263
823 2525 2386 1084 1284
824 2495 2413 1088 1265
825 2509 2392 1007 1199
826 2467 2365 1039 1285
827 2445 2340 1034 1254
828 2414 2357 1033 1182
829 2451 2302 1033 1208
830 2438 2340 1022 1207
831 2306 2309 1019 1164
832 2317 2186 1009 1146
833 2388 2170 1047 1223
834 2482 2263 985 1139
835 2428 2284 993 1247
836 2405 2291 971 1241
837 2449 2255 961 1211
838 2400 2310 1007 1209
839 2485 2223 947 1173
840 2388 2279 1015 1142
841 2392 2144 951 1188
842 2395 2211 976 1147
843 2363 2247 989 1158
844 2375 2212 978 1150
845 2384 2195 1017 1200
846 2358 2264 946 1164
847 2292 2205 966 1209
848 2325 2191 934 1146
849 2388 2147 991 1147
850 2377 2194 983 1212
851 2341 2255 965 1184
852 2234 2179 906 1187
853 2256 2151 957 1159
854 2291 2151 947 1101
855 2314 2188 915 1110
856 2230 2147 847 1159
857 2229 2081 926 1074
858 2188 2087 904 1082
859 2244 2002 895 1064
860 2184 2045 881 1116
861 2200 1992 921 1056
862 2101 2046 891 1144
863 2235 1959 902 1050
864 2125 2036 946 1111
865 2121 1981 920 1064
866 2102 1966 913 1073
867 2089 1986 890 1004
868 2202 1987 869 1059
869 2160 2070 888 1001
870 2132 1986 863 1095
871 2103 1985 860 1111
872 2082 1975 923 1028
873 2119 2017 864 1042
874 2163 2021 855 1050
875 2060 2052 888 1081
876 2080 2013 859 1022
877 2101 1952 890 1059
878 2143 2021 825 1070
879 2008 2019 877 1021
880 2173 1896 875 1082
881 2177 2055 888 1025
882 2074 2087 818 1019
883 2123 1965 913 1024
884 2116 1975 862 1042
885 2001 2004 868 1058
886 2023 1919 824 1000
887 2028 1958 818 1031
888 2049 1869 861 966
889 1931 1897 833 1026
890 1925 1801 800 979
891 1998 1813 808 993
892 1992 1917 790 907
893 1941 1819 801 988
894 1899 1763 808 943
895 1893 1759 798 953
896 1916 1798 789 949
897 1952 1847 779 986
898 1886 1810 779 926
899 1886 1786 772 930
900 1863 1774 813 956
901 1894 1747 790 921
902 1899 1784 788 918
903 1899 1815 803 939
904 1863 1782 769 888
905 1843 1683 763 958
906 1785 1705 776 957
907 1867 1699 777 924
908 1863 1765 795 904
909 1874 1781 726 956
910 1868 1750 776 886
911 1894 1752 767 893
912 1838 1754 769 915
913 1842 1710 738 999
914 1865 1713 764 911
915 1915 1753 775 939
916 1817 1787 767 908
917 1783 1706 757 883
918 1749 1712 683 906
919 1768 1640 720 890
920 1792 1654 683 842
921 1813 1656 743 873
922 1697 1706 714 833
923 1740 1593 720 867
924 1724 1641 657 881
925 1749 1622 728 816
926 1741 1591 739 820
927 1707 1625 699 859
928 1698 1550 683 869
929 1684 1574 683 872
930 1670 1568 699 867
931 1634 1598 709 828
932 1634 1581 678 824
933 1625 1534 654 842
934 1596 1486 719 867
935 1682 1576 640 818
936 1619 1610 699 784
937 1715 1500 691 762
938 1650 1527 666 899
939 1589 1501 671 815
940 1581 1506 718 774
941 1677 1537 654 786
942 1571 1617 678 875
943 1573 1533 671 802
944 1702 1494 669 785
945 1676 1520 670 802
946 1586 1574 637 839
947 1535 1496 704 802
948 1660 1535 662 838
949 1646 1627 681 807
950 1609 1620 670 768
951 1582 1520 653 799
952 1597 1487 661 738
953 1597 1501 611 764
954 1572 1423 621 817
955 1548 1398 657 769
956 1579 1433 624 744
957 1532 1424 635 792
958 1583 1417 611 767
959 1522 1384 643 737
960 1521 1393 637 736
961 1531 1396 657 751
962 1529 1463 648 719
963 1496 1452 667 797
964 1562 1498 672 700
965 1556 1483 602 807
966 1476 1458 670 781
967 1499 1457 690 716
968 1514 1472 605 738
969 1591 1453 603 753
970 1533 1533 595 773
971 1491 1451 623 716
972 1455 1394 626 754
973 1364 1402 594 702
974 1415 1320 542 731
975 1386 1327 625 703
976 1406 1340 539 708
977 1439 1335 591 683
978 1446 1351 593 717
979 1402 1350 587 751
980 1406 1330 594 713
981 1451 1361 576 687
982 1512 1358 567 685
983 1437 1377 623 699
984 1356 1324 576 715
985 1452 1257 569 681
986 1412 1331 559 673
987 1342 1261 560 719
988 1390 1186 581 722
989 1411 1314 525 682
990 1332 1278 618 670
991 1415 1238 563 667
992 1400 1336 579 709
993 1411 1322 598 708
994 1485 1375 589 655
995 1452 1352 568 727
996 1376 1368 581 725
997 1407 1341 563 675
998 1396 1323 518 717
999 1377 1322 528 688
1000 1364 1318 560 727
1001 1349 1308 537 681
1002 1484 1307 595 654
1003 1433 1405 558 705
1004 1346 1328 599 675
1005 1324 1264 539 701
1006 1301 1311 520 642
1007 1310 1285 561 667
1008 1355 1327 483 629
1009 1382 1267 563 660
1010 1377 1305 556 671
1011 1386 1312 554 676
1012 1365 1322 562 649
1013 1369 1313 515 661
1014 1327 1261 520 649
1015 1327 1198 538 651
1016 1246 1198 495 617
1017 1278 1140 536 658
1018 1205 1186 510 629
1019 1239 1164 574 634
1020 1241 1173 567 623
1021 1317 1182 515 640
1022 1324 1247 500 602
1023 1317 1201 523 628
1024 1301 1173 543 557
1025 1295 1133 531 664
1026 1280 1215 498 620
1027 1250 1150 527 613
1028 1308 1140 514 622
1029 1264 1251 535 632
1030 1312 1205 500 590
1031 1303 1193 496 651
1032 1284 1166 486 577
1033 1278 1160 520 622
1034 1329 1182 517 618
1035 1312 1246 494 584
1036 1254 1184 528 603
1037 1177 1125 502 640
1038 1174 1124 475 583
1039 1176 1093 473 605
1040 1234 1115 478 605
1041 1184 1146 494 592
1042 1149 1128 461 612
1043 1163 1120 444 560
1044 1172 1091 512 606
1045 1223 1150 449 553
1046 1221 1138 481 589
1047 1127 1141 456 578
1048 1171 1090 491 561
1049 1192 1099 498 521
1050 1089 1098 442 575
1051 1114 970 442 547
1052 1096 1008 479 553
1053 1113 1036 459 515
1054 1160 1021 483 554
1055 1118 1071 489 568
1056 1156 1051 444 538
1057 1176 1050 487 553
1058 1166 1069 436 551
1059 1173 1046 438 592
1060 1098 1054 462 590
1061 1080 1037 430 534
1062 1058 1020 441 565
1063 1005 991 387 492
1064 1076 933 419 532
1065 1058 997 418 588
1066 1112 1039 446 501
1067 1119 1090 428 488
1068 1080 1031 428 530
1069 1022 1014 408 524
1070 1075 920 418 527
1071 1033 995 449 495
1072 1081 961 435 524
1073 1132 1041 443 506
1074 1108 1045 409 551
1075 1083 1016 441 527
1076 1029 1001 411 499
1077 1018 943 412 499
1078 990 920 449 547
1079 1033 937 392 506
1080 1111 993 418 493
1081 1047 1056 455 513
1082 1051 1026 438 497
1083 1030 1013 419 510
1084 1097 965 419 484
1085 1065 1021 448 553
1086 1010 1008 410 524
1087 1006 977 425 499
1088 1030 968 436 492
1089 1028 968 446 508
1090 1049 978 443 478
1091 1039 992 415 505
1092 1092 979 432 488
1093 996 1011 421 495
1094 1050 939 392 498
1095 1045 1004 386 525
1096 1006 969 409 483
1097 1037 953 410 484
1098 1022 1010 400 497
1099 997 1018 385 461
1100 1005 937 392 524
1101 989 960 407 422
1102 1001 912 423 494
1103 948 914 408 504
1104 971 909 386 485
1105 934 887 387 460
1106 974 867 393 507
1107 1005 895 390 430
1108 959 940 407 490
1109 975 888 418 472
1110 958 912 406 466
1111 949 889 409 481
1112 914 906 392 432
1113 933 813 353 476
1114 906 854 386 488
1115 973 847 356 444
1116 872 884 358 485
1117 890 837 336 435
1118 838 834 386 462
1119 905 836 361 393
1120 904 835 412 425
1121 941 853 373 444
1122 1016 875 389 489
1123 936 938 378 468
1124 954 884 371 426
1125 890 855 419 442
1126 894 864 389 431
1127 983 868 381 461
1128 947 918 376 468
1129 872 869 355 438
1130 910 804 366 449
1131 873 887 385 432
1132 845 890 349 414
1133 851 813 387 414
1134 910 795 325 443
1135 924 840 361 441
1136 916 864 328 426
1137 895 855 349 466
1138 890 862 320 433
1139 850 823 326 412
1140 874 786 372 394
1141 820 797 330 395
1142 860 761 315 443
1143 861 812 356 413
1144 861 814 324 389
1145 829 780 376 391
1146 838 761 348 425
1147 883 797 325 397
1148 932 794 345 407
1149 914 833 366 431
1150 808 848 354 428
1151 860 785 339 403
1152 874 837 318 412
1153 808 811 315 405
1154 812 784 342 430
1155 799 779 340 384
1156 840 737 331 408
1157 812 773 326 409
1158 816 745 330 399
1159 829 771 315 414
1160 856 760 358 346
1161 871 749 336 431
1162 802 784 333 405
1163 828 732 360 437
1164 797 808 345 387
1165 761 766 325 376
1166 764 706 335 404
1167 783 745 309 396
1168 796 745 320 374
1169 788 756 297 350
1170 791 734 308 371
1171 790 721 326 395
1172 802 750 285 373
1173 760 734 314 382
1174 773 725 320 401
1175 788 724 292 388
1176 807 682 277 389
1177 756 708 301 384
1178 703 692 289 357
1179 714 665 297 364
1180 754 658 306 373
1181 714 703 269 390
1182 756 683 247 364
1183 713 653 307 389
1184 728 661 295 334
1185 718 691 287 371
1186 723 669 295 351
1187 706 669 283 381
1188 682 664 292 353
1189 678 643 264 396
1190 746 668 276 334
1191 704 694 259 363
1192 660 657 273 329
1193 700 624 257 348
1194 671 659 271 368
1195 677 640 250 352
1196 671 600 275 359
1197 628 608 286 341
1198 681 616 252 316
1199 682 655 315 359
1200 682 677 266 306
1201 680 653 286 356
1202 656 637 292 319
1203 711 647 299 329
1204 750 698 262 345
1205 695 709 272 329
1206 677 624 277 353
1207 664 622 256 326
1208 725 615 255 317
1209 687 668 295 332
1210 696 640 250 328
1211 673 652 292 331
1212 618 642 268 340
1213 616 605 249 308
1214 616 580 242 346
1215 611 586 250 312
1216 655 559 267 326
1217 606 633 280 333
1218 603 612 238 319
1219 682 574 253 306
1220 622 650 271 305
1221 617 601 274 316
1222 688 605 251 305
1223 685 632 277 311
1224 620 639 243 319
1225 623 597 277 305
1226 606 597 240 313
1227 638 594 253 317
1228 645 597 269 297
1229 677 606 268 288
1230 612 619 246 332
1231 633 586 248 288
1232 678 579 242 320
1233 628 622 272 323
1234 626 591 246 289
1235 614 567 242 335
1236 627 573 252 291
1237 627 593 239 322
1238 602 586 259 309
1239 683 614 222 310
1240 705 634 269 278
1241 696 652 234 319
1242 674 622 281 325
1243 573 649 246 344
1244 564 613 219 297
1245 584 542 235 304
1246 591 555 226 307
1247 576 565 238 265
1248 591 531 245 293
1249 633 554 206 299
1250 582 587 220 305
1251 568 516 223 279
1252 566 536 250 308
1253 581 579 202 273
1254 601 554 234 277
1255 548 565 211 267
1256 556 549 223 267
1257 583 550 207 256
1258 552 519 223 297
1259 562 497 215 290
1260 525 538 238 247
1261 544 518 204 253
1262 535 483 206 272
1263 560 481 237 258
1264 565 498 248 217
1265 580 512 228 288
1266 602 514 226 265
1267 574 538 211 287
1268 560 506 237 280
1269 542 517 231 250
1270 514 500 207 276
1271 579 479 228 260
1272 569 562 235 306
1273 509 591 202 257
1274 582 518 205 239
1275 515 547 211 306
1276 497 506 200 238
1277 516 474 222 284
1278 502 515 193 262
1279 521 499 204 237
1280 531 491 186 249
1281 528 469 180 268
1282 496 463 226 264
1283 491 464 205 240
1284 496 440 201 250
1285 482 464 196 270
1286 504 452 181 255
1287 484 460 207 244
1288 496 434 193 252
1289 469 455 186 257
1290 490 447 184 249
1291 494 476 196 242
1292 501 481 202 232
1293 462 482 177 231
1294 455 446 175 266
1295 482 445 168 225
1296 448 441 186 238
1297 460 411 170 222
1298 450 403 206 208
1299 475 421 179 238
1300 465 419 190 226
1301 465 421 187 219
1302 471 413 193 229
1303 491 447 202 225
1304 471 463 202 217
1305 439 410 194 235
1306 440 420 186 240
1307 521 434 174 215
1308 495 456 210 261
1309 463 448 200 246
1310 449 447 190 220
1311 445 422 169 218
1312 501 414 172 209
1313 437 470 206 231
1314 450 448 167 218
1315 468 436 180 203
1316 478 439 167 258
1317 495 446 183 224
1318 502 441 200 229
1319 456 461 197 257
1320 435 434 170 236
1321 462 423 151 252
1322 390 470 170 222
1323 384 390 185 197
1324 411 389 156 192
1325 448 411 158 200
1326 434 412 172 215
1327 396 421 171 241
1328 462 405 168 216
1329 458 432 199 211
1330 386 446 171 208
1331 398 387 159 214
1332 423 408 144 221
1333 418 390 160 224
1334 421 388 142 217
1335 457 365 166 206
1336 484 424 186 205
1337 428 446 187 217
1338 476 412 174 225
1339 469 455 160 195
1340 420 418 177 202
1341 394 405 177 203
1342 433 383 149 184
1343 422 372 157 208
1344 418 366 165 202
1345 423 360 170 197
1346 431 411 169 194
1347 442 411 153 203
1348 426 397 168 217
1349 411 419 154 213
1350 395 401 149 213
1351 423 375 158 188
1352 414 385 166 214
1353 431 392 147 211
1354 428 415 171 188
1355 394 392 172 191
1356 421 364 145 204
1357 455 382 164 202
1358 422 403 173 191
1359 366 401 140 193
1360 393 337 164 188
1361 395 377 153 187
1362 425 384 168 191
1363 424 398 156 196
1364 414 401 162 207
1365 445 390 163 185
1366 406 407 186 201
1367 433 394 188 197
1368 392 426 182 209
1369 421 391 159 226
1370 376 414 150 225
1371 410 393 159 195
1372 393 416 147 179
1373 386 386 175 174
1374 407 368 150 206
1375 401 395 130 207
1376 405 358 140 206
1377 423 352 174 211
1378 407 410 145 179
1379 392 382 145 181
1380 384 337 145 197
1381 347 360 146 196
1382 357 325 155 179
1383 352 353 139 175
1384 366 329 129 171
1385 347 318 134 179
1386 368 319 140 149
1387 375 322 165 163
1388 392 353 133 186
1389 370 358 149 192
1390 366 342 159 186
1391 361 350 127 189
1392 329 342 158 188
1393 311 331 130 157
1394 333 300 144 156
1395 335 316 137 179
1396 329 307 146 179
1397 348 303 124 176
1398 370 328 145 171
1399 361 351 152 171
1400 309 338 142 161
1401 358 317 130 170
1402 345 350 142 184
1403 350 310 133 165
1404 330 318 145 186
1405 355 324 147 159
1406 348 317 129 151
1407 360 300 132 155
1408 333 299 142 187
1409 376 332 142 178
1410 336 383 142 151
1411 331 333 120 168
1412 307 318 132 157
1413 298 273 132 165
1414 315 261 120 168
1415 340 313 132 144
1416 310 334 126 153
1417 321 291 142 162
1418 338 326 120 175
1419 302 331 132 164
1420 308 302 134 158
1421 324 310 147 132
1422 314 308 128 179
1423 329 303 115 173
1424 310 321 130 154
1425 313 312 94 174
1426 312 302 131 140
1427 301 268 130 146
1428 330 295 109 149
1429 316 283 137 155
1430 285 295 137 158
1431 289 278 107 136
1432 272 267 117 155
1433 266 270 112 138
1434 277 262 105 146
1435 304 262 119 123
1436 275 256 109 169
1437 273 263 105 135
1438 248 256 102 137
1439 285 242 118 135
1440 307 267 119 128
1441 299 246 114 159
1442 293 267 102 129
1443 274 275 123 136
1444 276 262 101 130
1445 295 251 102 123
1446 264 272 122 133
1447 270 264 116 126
1448 269 272 98 144
1449 262 277 112 117
1450 279 236 93 120
1451 286 227 115 144
1452 309 258 116 162
1453 255 281 113 128
1454 281 230 124 138
1455 291 273 114 137
1456 296 268 128 125
1457 296 289 116 174
1458 277 299 89 137
1459 272 233 114 156
1460 265 260 102 125
1461 272 248 105 136
1462 284 239 102 146
1463 301 259 109 143
1464 308 282 96 137
1465 294 284 120 152
1466 278 292 118 122
1467 258 276 96 145
1468 264 255 100 119
1469 254 239 105 140
1470 263 242 116 149
1471 253 267 106 123
1472 256 244 109 117
1473 246 237 106 138
1474 272 222 102 133
1475 247 277 117 163
1476 281 265 108 117
1477 271 278 86 132
1478 280 256 102 114
1479 252 249 90 139
1480 254 237 103 125
1481 244 248 97 111
1482 230 220 99 117
1483 226 206 101 132
1484 202 206 97 130
1485 242 198 84 116
1486 242 200 105 137
1487 271 217 107 120
1488 286 242 110 125
1489 240 275 110 138
1490 229 245 89 119
1491 283 242 84 122
1492 277 266 89 130
1493 210 238 105 122
1494 217 192 91 124
1495 249 234 83 127
1496 218 263 95 103
1497 201 208 100 93
1498 211 200 76 113
1499 245 184 95 106
1500 212 218 99 119
1501 239 203 85 108
1502 214 218 99 116
1503 217 210 86 107
1504 208 203 93 107
1505 222 205 81 107
1506 237 199 104 108
1507 236 216 87 119
1508 245 250 103 113
1509 220 244 102 107
1510 228 224 84 105
1511 227 219 96 114
1512 268 212 80 122
1513 259 237 89 129
1514 261 234 105 119
1515 229 239 93 101
1516 268 230 89 91
1517 253 238 95 112
1518 245 211 105 110
1519 257 223 109 111
1520 245 241 107 120
1521 233 235 79 118
1522 238 215 107 106
1523 218 244 93 111
1524 252 218 89 101
1525 226 221 71 137
1526 241 198 85 107
1527 207 215 86 110
1528 192 202 93 90
1529 187 195 75 94
1530 227 187 85 103
1531 230 230 95 102
1532 225 227 79 100
1533 221 203 91 119
1534 196 221 86 99
1535 213 194 101 98
1536 214 232 92 110
1537 233 244 87 95
1538 217 232 90 105
1539 214 189 89 118
1540 213 220 60 94
1541 205 187 67 115
1542 213 179 84 106
1543 205 188 95 97
1544 206 181 66 106
1545 178 167 75 102
1546 195 174 74 108
1547 220 194 72 106
1548 196 219 67 94
1549 201 195 62 110
1550 204 201 78 79
1551 214 195 58 93
1552 175 206 93 88
1553 211 164 78 84
1554 187 183 92 93
1555 208 173 69 86
1556 208 173 70 97
1557 213 176 79 103
1558 194 190 68 101
1559 194 162 61 92
1560 230 157 82 85
1561 211 182 85 95
1562 211 193 67 101
1563 169 181 82 96
1564 167 183 57 100
1565 182 143 66 98
1566 192 166 72 98
1567 203 183 70 95
1568 172 191 75 74
1569 196 155 87 91
1570 214 186 72 96
1571 207 193 90 97
1572 194 186 73 105
1573 178 180 85 90
1574 194 162 93 88
1575 195 201 66 82
1576 166 165 77 99
1577 210 155 63 82
1578 196 181 87 86
1579 196 186 71 94
1580 238 187 79 98
1581 209 213 75 98
1582 172 185 85 95
1583 191 158 85 79
1584 210 184 77 90
1585 211 191 66 95
1586 196 184 79 105
1587 176 180 71 89
1588 198 164 70 94
1589 166 186 63 94
1590 191 154 60 77
1591 208 162 86 72
1592 185 172 64 78
1593 172 163 69 101
1594 156 161 74 86
1595 167 170 58 78
1596 163 166 67 78
1597 171 159 62 76
1598 161 152 85 79
1599 165 159 65 74
1600 159 151 74 77
1601 144 161 71 86
1602 164 140 69 79
1603 183 172 56 82
1604 188 171 55 105
1605 193 157 65 68
1606 200 157 60 83
1607 170 176 76 81
1608 160 175 60 76
1609 165 151 63 77
1610 169 149 65 70
1611 192 142 60 92
1612 156 171 76 69
1613 162 132 67 76
1614 165 133 82 87
1615 157 167 62 72
1616 156 144 65 65
1617 131 146 53 76
1618 145 133 56 67
1619 150 145 61 65
1620 152 151 49 82
1621 131 159 53 76
1622 156 141 54 57
1623 150 157 53 78
1624 151 150 58 87
1625 153 141 49 76
1626 149 136 60 69
1627 133 136 59 78
1628 128 123 49 69
1629 139 130 47 77
1630 153 141 56 69
1631 143 139 57 70
1632 135 136 67 63
1633 163 123 52 81
1634 156 150 55 74
1635 146 142 57 86
1636 128 134 83 56
1637 137 127 60 62
1638 154 122 56 63
1639 143 138 57 67
1640 147 133 64 64
1641 145 148 51 60
1642 148 132 58 63
1643 148 135 61 77
1644 173 134 62 63
1645 143 153 58 72
1646 124 140 58 71
1647 127 135 52 62
1648 161 118 58 64
1649 138 137 56 67
1650 144 126 61 64
1651 170 135 65 79
1652 148 167 51 76
1653 141 135 77 63
1654 156 127 52 81
1655 135 148 46 82
1656 139 140 63 69
1657 140 154 57 77
1658 140 153 60 63
1659 149 137 46 74
1660 167 142 56 59
1661 154 129 68 84
1662 135 138 53 72
1663 120 119 60 64
1664 124 124 58 60
1665 128 120 56 66
1666 142 114 58 68
1667 137 139 55 55
1668 131 114 42 74
1669 135 116 43 60
1670 136 121 49 58
1671 119 120 45 77
1672 122 118 56 52
1673 146 117 57 60
1674 135 127 55 64
1675 122 119 53 62
1676 144 113 52 66
1677 140 127 46 46
1678 162 108 34 78
1679 148 134 55 59
1680 134 120 50 70
1681 130 119 51 65
1682 123 116 35 72
1683 109 113 31 59
1684 101 113 37 67
1685 113 104 38 46
1686 108 112 58 52
1687 114 113 43 42
1688 128 101 46 51
1689 130 112 38 67
1690 122 121 34 66
1691 118 107 50 54
1692 118 104 42 53
1693 108 118 33 62
1694 120 103 30 55
1695 143 105 56 48
1696 144 112 45 48
1697 132 107 50 54
1698 120 103 46 62
1699 101 93 48 65
1700 99 99 49 60
1701 105 104 41 44
1702 115 99 32 53
1703 131 89 38 65
1704 116 110 36 58
1705 109 106 36 46
1706 124 95 35 63
1707 119 113 40 58
1708 130 106 47 45
1709 133 124 45 58
1710 103 132 45 62
1711 122 97 47 48
1712 131 101 47 64
1713 117 119 46 61
1714 134 106 38 56
1715 128 115 45 65
1716 132 113 38 65
1717 129 114 41 56
1718 111 111 36 59
1719 119 103 45 52
1720 102 115 50 55
1721 111 105 41 49
1722 116 111 42 51
1723 120 103 35 52
1724 104 105 51 58
1725 115 92 33 55
1726 114 93 46 47
1727 94 97 42 55
1728 104 89 32 59
1729 109 83 35 57
1730 135 89 49 53
1731 99 119 35 61
1732 119 102 42 43
1733 127 107 34 53
1734 116 104 39 49
1735 107 93 54 62
1736 96 110 40 50
1737 114 106 33 57
1738 111 98 44 50
1739 96 118 39 44
1740 86 91 41 46
1741 118 84 30 48
1742 116 106 46 50
1743 114 117 52 48
1744 106 115 46 51
1745 98 120 48 40
1746 93 100 45 43
1747 99 92 39 40
1748 112 95 38 55
1749 118 85 50 47
1750 105 93 42 57
1751 102 92 39 42
1752 92 86 52 59
1753 101 99 32 48
1754 89 98 40 57
1755 97 87 38 62
1756 85 86 46 51
1757 106 90 40 46
1758 91 88 35 51
1759 88 79 56 63
1760 99 94 42 56
1761 85 101 44 52
1762 97 86 42 48
1763 103 100 38 50
1764 91 119 32 38
1765 90 94 46 36
1766 109 99 32 43
1767 105 94 45 47
1768 96 93 36 48
1769 104 93 40 57
1770 112 103 57 38
1771 109 110 38 52
1772 96 109 41 48
1773 104 97 37 61
1774 106 119 28 53
1775 105 103 26 51
1776 99 98 37 38
1777 94 82 45 53
1778 99 96 35 42
1779 94 96 26 52
1780 95 91 39 42
1781 92 90 38 47
1782 111 83 26 35
1783 118 74 32 54
1784 111 93 46 55
1785 103 91 40 37
1786 105 97 39 56
1787 99 116 46 46
1788 82 104 40 46
1789 104 83 34 47
1790 96 101 41 47
1791 102 94 26 42
1792 78 91 50 44
1793 90 78 39 35
1794 78 87 26 40
1795 86 80 39 41
1796 69 88 26 28
1797 82 62 30 49
1798 82 76 34 47
1799 88 87 29 47
1800 69 83 39 47
1801 82 76 24 34
1802 82 81 31 36
1803 89 76 28 41
1804 90 71 36 46
1805 73 82 41 45
1806 79 61 26 46
1807 70 75 25 48
1808 76 61 25 41
1809 86 70 26 32
1810 72 72 35 40
1811 67 61 35 38
1812 83 69 34 36
1813 73 86 31 45
1814 87 84 21 38
1815 76 76 29 36
1816 71 69 27 37
1817 77 66 31 32
1818 82 62 19 32
1819 89 54 35 43
1820 75 71 38 47
1821 75 79 32 31
1822 90 81 21 49
1823 70 92 32 50
1824 73 75 40 27
1825 66 78 37 45
1826 62 76 29 31
1827 63 64 26 39
1828 88 52 27 32
1829 78 76 30 45
1830 94 78 33 36
1831 90 91 30 45
1832 76 86 28 49
1833 58 85 37 35
1834 54 69 27 40
1835 65 64 29 35
1836 81 74 31 30
1837 99 88 26 39
1838 85 90 17 41
1839 85 69 29 30
1840 72 71 33 37
1841 76 67 27 29
1842 77 73 26 36
1843 78 78 27 39
1844 76 79 23 31
1845 69 64 25 37
1846 65 64 21 31
1847 60 54 22 37
1848 70 45 33 31
1849 60 63 33 34
1850 51 52 26 33
1851 64 52 19 33
1852 93 51 25 34
1853 100 76 18 44
1854 73 90 38 37
1855 70 65 20 33
1856 66 60 28 32
1857 83 63 18 35
1858 76 66 24 39
1859 72 67 21 28
1860 68 62 27 36
1861 73 58 34 28
1862 75 69 34 40
1863 71 76 21 34
1864 61 68 32 39
1865 76 54 28 30
1866 64 74 25 46
1867 84 70 16 39
1868 66 78 28 36
1869 81 68 23 33
1870 65 66 30 29
1871 50 50 18 32
1872 58 38 22 34
1873 67 54 19 37
1874 72 64 22 36
1875 85 67 23 27
1876 65 71 18 37
1877 62 55 22 32
1878 54 54 30 34
1879 64 54 29 23
1880 66 57 27 34
1881 57 69 27 30
1882 53 56 13 30
1883 53 59 20 25
1884 51 56 28 31
1885 54 62 19 31
1886 44 71 14 23
1887 47 48 13 22
1888 42 43 19 24
1889 42 43 17 24
1890 48 39 22 16
1891 59 47 21 24
1892 60 56 23 28
1893 57 56 23 30
1894 43 60 24 22
1895 49 46 18 26
1896 57 47 22 23
1897 49 58 21 24
1898 54 48 33 24
1899 47 56 21 20
1900 40 48 22 21
1901 53 33 15 26
1902 42 34 20 31
1903 41 37 18 20
1904 49 41 18 25
1905 56 48 20 29
1906 68 51 15 24
1907 67 51 21 28
1908 70 50 16 27
1909 60 52 33 20
1910 50 53 16 24
1911 37 43 22 21
1912 38 44 21 28
1913 68 50 21 21
1914 71 63 27 20
1915 68 48 15 27
1916 68 50 21 30
1917 60 50 17 22
1918 59 51 25 28
1919 62 48 24 32
1920 60 55 24 34
1921 42 58 25 30
1922 56 51 15 30
1923 57 58 17 28
1924 50 65 15 31
1925 41 47 15 22
1926 36 40 19 18
1927 34 42 21 28
1928 32 46 23 10
1929 31 34 25 22
1930 50 44 14 18
1931 49 50 19 21
1932 45 45 28 19
1933 52 47 21 15
1934 51 61 21 24
1935 63 61 10 23
1936 40 60 25 18
1937 44 36 14 17
1938 55 42 12 26
1939 52 45 20 26
1940 50 40 13 26
1941 45 43 19 24
1942 66 37 15 11
1943 46 48 24 30
1944 52 37 11 23
1945 52 44 23 32
1946 40 54 17 20
1947 67 40 15 18
1948 52 57 14 26
1949 48 38 17 26
1950 44 38 14 15
1951 35 35 15 17
1952 43 30 21 19
1953 48 46 13 24
1954 43 48 15 24
1955 45 48 19 13
1956 47 48 23 9
1957 43 47 13 17
1958 41 37 15 16
1959 21 39 11 16
1960 29 21 10 13
1961 39 30 7 13
1962 36 34 18 16
1963 52 29 14 17
1964 38 39 21 16
1965 37 34 18 22
1966 34 39 15 25
1967 32 37 14 17
1968 33 25 12 19
1969 30 28 20 10
1970 26 27 14 13
1971 29 27 8 22
1972 27 31 11 14
1973 34 31 13 12
1974 24 32 15 14
1975 34 23 17 12
1976 37 40 9 17
1977 44 41 14 21
1978 38 40 17 14
1979 43 36 23 17
1980 49 43 10 18
1981 53 46 13 21
1982 43 44 22 22
1983 37 47 10 20
1984 47 27 10 26
1985 55 30 16 27
1986 47 50 8 26
1987 38 48 16 17
1988 29 32 12 19
1989 40 30 17 17
1990 32 39 10 17
1991 30 33 13 13
1992 42 26 13 17
1993 41 35 13 14
1994 42 31 12 17
1995 30 30 20 14
1996 26 31 17 22
1997 31 34 12 19
1998 32 42 14 23
1999 37 46 9 18
2000 45 39 21 17
2001 36 52 14 13
2002 37 32 18 17
2003 42 41 19 16
2004 30 42 13 17
2005 30 30 13 16
2006 29 32 17 11
2007 29 30 11 16
2008 40 32 22 13
2009 37 42 15 18
2010 37 34 14 19
2011 24 30 17 17
2012 26 23 18 20
2013 26 25 12 12
2014 29 18 10 13
2015 25 15 12 23
2016 39 25 9 11
2017 33 28 21 20
2018 35 35 14 19
2019 33 42 10 17
2020 32 40 16 12
2021 38 37 10 13
2022 36 34 12 18
2023 44 24 10 20
2024 27 36 11 21
2025 24 28 9 19
2026 28 21 15 15
2027 27 27 11 16
2028 26 22 12 18
2029 30 26 13 14
2030 33 31 13 15
2031 40 29 11 15
2032 34 33 16 15
2033 29 28 10 16
2034 32 20 12 20
2035 30 28 10 17
2036 24 29 5 11
2037 26 18 7 19
2038 25 30 13 14
2039 33 28 16 8
2040 25 33 10 22
2041 24 32 9 14
2042 33 25 11 14
2043 41 38 9 13
2044 29 40 9 15
2045 22 31 9 17
2046 19 32 11 14
2047 20 23 5 10
2048 31 17 12 12
2049 16 27 3 18
2050 24 19 9 18
2051 25 25 8 9
2052 21 25 7 18
2053 19 22 9 17
2054 27 22 9 15
2055 32 28 11 12
2056 41 28 12 10
2057 27 30 10 14
2058 23 22 11 12
2059 26 15 12 13
2060 32 24 5 9
2061 37 20 12 12
2062 27 20 13 20
2063 32 24 11 16
2064 29 35 8 22
2065 26 30 10 13
2066 27 28 9 11
2067 34 26 11 12
2068 26 25 20 14
2069 25 30 7 15
2070 34 28 9 13
2071 29 34 9 12
2072 33 28 9 20
2073 31 36 13 12
2074 29 31 8 17
2075 23 24 18 17
2076 21 29 11 10
2077 31 23 9 15
2078 24 28 13 12
2079 27 22 11 10
2080 40 28 11 13
2081 32 44 14 14
2082 34 40 5 7
2083 21 29 13 10
2084 29 14 6 10
2085 28 19 4 13
2086 36 13 3 21
2087 31 22 13 11
2088 26 27 3 20
2089 23 25 15 12
2090 31 25 10 10
2091 31 27 7 11
2092 34 21 11 14
2093 18 27 7 13
2094 30 15 15 11
2095 33 25 4 14
2096 33 25 12 18
2097 28 34 19 9
2098 25 33 8 10
2099 29 27 13 9
2100 41 34 6 13
2101 35 36 9 16
2102 32 34 16 12
2103 29 35 13 11
2104 34 28 14 5
2105 31 30 14 15
2106 38 34 3 9
2107 30 28 14 19
2108 23 25 7 11
2109 23 16 6 17
2110 27 17 10 13
2111 24 18 5 10
2112 29 13 11 8
2113 30 20 12 18
2114 23 34 8 9
2115 31 23 7 10
2116 35 25 5 15
2117 25 25 13 13
2118 24 23 9 12
2119 25 23 12 13
2120 13 27 11 7
2121 20 20 4 9
2122 27 21 7 10
2123 18 22 7 10
2124 21 17 11 8
2125 19 22 6 15
2126 15 17 7 10
2127 16 14 6 10
2128 21 18 9 14
2129 19 23 7 10
2130 17 19 3 14
2131 20 23 9 5
2132 13 26 2 11
2133 18 16 5 6
2134 22 14 13 9
2135 20 23 8 11
2136 18 24 7 11
2137 13 15 7 13
2138 15 10 7 8
2139 19 11 11 11
2140 27 19 8 11
2141 20 29 16 7
2142 13 20 6 10
2143 26 13 10 5
2144 20 19 4 15
2145 19 15 9 11
2146 17 15 6 7
2147 19 15 12 10
2148 21 21 10 10
2149 23 17 9 9
2150 25 27 9 8
2151 16 27 4 5
2152 23 13 9 9
2153 17 21 9 15
2154 24 22 5 9
2155 35 25 7 8
2156 26 33 10 7
2157 17 27 12 10
2158 20 21 9 12
2159 23 21 6 8
2160 21 19 5 14
2161 27 16 10 6
2162 27 19 9 13
2163 27 24 9 14
2164 24 26 13 10
2165 17 27 6 17
2166 13 21 5 11
2167 16 17 7 5
2168 11 16 4 13
2169 13 13 6 5
2170 8 13 8 7
2171 14 9 3 9
2172 10 15 2 10
2173 9 10 9 8
2174 11 14 3 5
2175 15 8 7 1
2176 22 13 7 8
2177 17 24 9 6
2178 13 19 2 5
2179 24 13 3 12
2180 20 21 12 12
2181 22 22 10 8
2182 20 25 6 7
2183 25 19 13 6
2184 22 30 10 7
2185 28 23 11 10
2186 21 32 8 11
2187 28 23 8 8
2188 27 23 7 8
2189 28 15 8 12
2190 26 21 11 8
2191 20 20 10 11
2192 17 19 12 6
2193 10 19 5 11
2194 19 14 10 9
2195 23 20 7 2
2196 28 19 11 12
2197 28 26 10 10
2198 13 27 7 18
2199 16 19 4 8
2200 16 15 7 9
2201 17 16 10 9
2202 19 18 5 13
2203 15 27 5 8
2204 22 17 10 6
2205 29 20 7 15
2206 21 29 6 4
2207 16 14 5 15
2208 17 15 5 6
2209 21 14 6 6
2210 24 20 5 8
2211 24 19 7 9
2212 12 21 5 14
2213 16 12 3 6
2214 16 15 5 12
2215 13 16 6 6
2216 11 12 4 8
2217 11 10 13 5
2218 16 11 8 13
2219 18 18 12 8
2220 18 18 4 11
2221 20 11 5 12
2222 13 13 7 11
2223 18 11 4 6
2224 15 11 6 11
2225 17 14 7 9
2226 22 14 5 9
2227 17 18 7 6
2228 22 16 6 13
2229 21 16 4 4
2230 20 13 7 11
2231 16 18 9 8
2232 15 16 5 5
2233 18 13 10 9
2234 19 13 7 6
2235 19 16 8 4
2236 21 16 9 5
2237 14 13 7 14
2238 15 15 7 11
2239 20 14 8 9
2240 21 11 6 8
2241 16 17 13 14
2242 16 18 3 11
2243 15 19 8 10
2244 21 12 6 12
2245 14 20 6 13
2246 19 17 4 12
2247 16 23 3 5
2248 17 18 4 9
2249 8 18 6 6
2250 22 10 7 8
2251 19 20 3 6
2252 11 15 7 9
2253 8 9 6 5
2254 5 9 7 6
2255 11 9 6 8
2256 13 11 3 7
2257 12 13 7 7
2258 8 13 4 5
2259 9 7 5 7
2260 13 6 3 6
2261 20 9 5 6
2262 14 17 5 4
2263 16 15 6 7
2264 15 14 5 2
2265 18 11 2 12
2266 14 16 5 3
2267 7 7 11 5
2268 5 7 4 6
2269 8 7 3 6
2270 8 8 3 4
2271 9 6 1 7
2272 10 6 5 3
2273 11 6 7 7
2274 9 12 4 5
2275 12 12 5 10
2276 16 13 4 2
2277 13 19 4 8
2278 14 8 5 4
2279 16 8 4 7
2280 15 11 5 2
2281 11 8 4 7
2282 14 11 8 4
2283 17 16 3 8
2284 9 19 5 8
2285 8 9 5 3
2286 15 10 6 3
2287 13 15 6 5
2288 10 10 2 5
2289 8 8 6 3
2290 4 5 5 4
2291 6 2 3 2
2292 6 4 4 4
2293 11 6 4 2
2294 11 7 7 7
2295 12 12 2 5
2296 10 9 2 4
2297 10 7 7 7
2298 11 11 3 2
2299 10 11 6 3
2300 17 8 5 4
2301 13 16 5 4
2302 10 12 3 5
2303 7 10 6 6
2304 4 11 2 5
2305 7 8 1 3
2306 9 6 5 3
2307 10 10 3 5
2308 7 12 2 5
2309 5 8 2 4
2310 6 6 7 3
2311 7 6 4 8
2312 8 11 2 4
2313 11 6 7 3
2314 14 8 4 0
2315 20 6 5 7
2316 13 16 1 6
2317 11 9 7 2
2318 15 5 2 4
2319 14 9 2 5
2320 12 11 4 2
2321 9 12 3 4
2322 6 6 5 3
2323 8 7 3 5
2324 6 5 1 6
2325 16 3 1 0
2326 12 9 9 3
2327 14 9 4 6
2328 14 14 5 6
2329 9 14 3 4
2330 11 7 3 3
2331 10 10 4 5
2332 12 8 4 4
2333 14 8 2 6
2334 13 9 2 7
2335 13 10 10 4
2336 9 13 6 8
2337 11 14 5 5
2338 11 15 3 7
2339 7 10 5 6
2340 5 6 1 4
2341 13 4 4 3
2342 14 12 4 6
2343 9 15 2 7
2344 11 13 2 3
2345 7 10 3 1
2346 11 5 7 6
2347 15 14 5 3
2348 15 13 4 4
2349 15 8 1 9
2350 12 10 3 3
2351 14 9 2 8
2352 9 11 4 4
2353 10 9 3 4
2354 4 7 1 6
2355 6 6 0 4
2356 5 2 3 2
2357 5 4 3 3
2358 5 4 3 2
2359 5 3 5 5
2360 4 4 3 6
2361 4 6 3 3
2362 4 8 1 2
2363 6 4 1 1
2364 8 2 3 4
2365 10 7 3 3
2366 9 11 4 4
2367 14 6 2 7
2368 15 12 3 6
2369 15 13 6 5
2370 6 16 4 3
2371 11 7 7 3
2372 17 13 6 7
2373 9 21 2 7
2374 11 12 3 7
2375 14 12 4 6
2376 11 10 5 7
2377 10 9 5 5
2378 11 8 1 7
2379 15 12 0 7
2380 13 12 5 3
2381 12 9 0 6
2382 14 7 4 5
2383 6 10 4 9
2384 7 8 0 3
2385 5 7 3 4
2386 7 7 3 5
2387 1 9 4 0
2388 3 4 3 2
2389 4 9 2 2
2390 14 7 2 6
2391 6 15 3 3
2392 6 5 1 4
2393 7 6 3 4
2394 7 8 2 4
2395 6 5 2 3
2396 2 5 3 4
2397 4 2 2 1
2398 4 5 2 3
2399 3 1 2 6
2400 4 3 4 1
2401 6 7 2 4
2402 5 9 0 4
2403 4 4 1 3
2404 8 1 0 2
2405 3 4 4 4
2406 6 3 4 1
2407 2 7 4 4
2408 2 6 1 2
2409 6 4 2 3
2410 9 7 4 1
2411 5 9 3 3
2412 9 6 4 2
2413 14 7 5 6
2414 5 13 2 8
2415 5 8 1 6
2416 8 9 3 2
2417 9 5 1 3
2418 10 7 2 8
2419 4 10 1 5
2420 6 5 0 1
2421 10 6 1 2
2422 10 8 0 1
2423 8 5 2 5
2424 6 6 1 2
2425 7 4 1 2
2426 2 6 3 1
2427 3 1 1 3
2428 6 4 4 4
2429 10 8 1 2
2430 7 7 1 5
2431 13 4 1 6
2432 10 10 2 2
2433 4 9 3 2
2434 6 7 2 2
2435 4 7 0 2
2436 4 1 4 0
2437 3 5 3 2
2438 4 4 3 3
2439 2 7 1 3
2440 3 2 2 4
2441 2 5 1 2
2442 5 4 1 2
2443 2 4 2 3
2444 4 3 3 1
2445 4 4 2 1
2446 7 4 1 1
2447 6 3 2 3
2448 9 2 3 0
2449 6 7 4 1
2450 4 3 2 2
2451 6 1 4 5
2452 8 5 2 6
2453 5 11 0 3
2454 2 8 4 4
2455 3 3 2 0
2456 4 4 1 4
2457 4 5 0 1
2458 6 4 4 1
2459 5 6 0 1
2460 3 5 2 2
2461 4 3 0 2
2462 10 5 2 4
2463 6 10 4 4
2464 4 6 1 0
2465 3 2 1 2
2466 6 3 2 4
2467 5 6 2 4
2468 5 7 2 2
2469 9 4 4 2
2470 8 11 2 3
2471 7 7 3 1
2472 6 2 3 3
2473 8 2 3 4
2474 6 5 2 5
2475 11 5 2 3
2476 8 6 1 4
2477 7 5 0 4
2478 8 2 1 4
2479 4 5 4 1
2480 4 3 1 1
2481 4 5 1 4
2482 7 5 1 1
2483 5 4 1 2
2484 4 3 1 2
2485 0 1 4 1
2486 1 1 0 2
2487 4 2 1 1
2488 5 4 1 0
2489 2 5 1 1
2490 1 1 2 1
2491 0 1 0 0
2492 1 0 1 0
2493 1 1 0 0
2494 1 1 4 4
2495 3 4 0 0
2496 5 4 3 0
2497 6 5 3 1
2498 7 8 2 1
2499 3 6 2 5
2500 4 6 1 1
2501 6 3 1 3
2502 5 5 2 1
2503 4 2 0 2
2504 8 1 5 0
2505 11 9 2 1
2506 8 10 1 4
2507 6 6 0 5
2508 3 4 1 4
2509 3 3 1 0
2510 2 2 2 4
2511 1 5 0 2
2512 2 3 1 1
2513 5 2 1 1
2514 5 2 2 6
2515 8 4 2 4
2516 8 8 2 4
2517 3 7 1 1
2518 4 1 4 1
2519 3 4 3 4
2520 6 5 1 1
2521 9 4 0 1
2522 9 6 3 4
2523 5 8 4 2
2524 7 7 2 2
2525 6 3 2 2
2526 5 4 2 4
2527 4 6 1 1
2528 4 2 0 2
2529 6 1 3 1
2530 5 5 1 3
2531 7 7 1 1
2532 8 7 2 0
2533 4 5 4 5
2534 3 3 2 2
2535 3 4 0 4
2536 2 5 2 1
2537 8 2 2 2
2538 7 7 2 2
2539 6 7 4 2
2540 4 4 5 2
2541 5 6 1 1
2542 1 5 3 1
2543 2 2 0 0
2544 2 1 1 1
2545 1 2 0 3
2546 1 2 0 1
2547 4 1 0 0
2548 3 1 2 1
2549 4 2 1 1
2550 6 3 1 4
2551 1 10 0 2
2552 3 3 0 2
2553 5 2 0 0
2554 3 3 0 3
2555 4 2 2 3
2556 3 5 1 3
2557 6 6 1 0
2558 6 6 2 1
2559 4 6 1 2
2560 1 2 2 1
2561 2 1 1 1
2562 3 1 0 1
2563 4 2 2 2
2564 1 4 0 1
2565 4 0 0 2
2566 2 3 0 3
2567 1 3 1 2
2568 0 3 0 0
2569 2 1 1 0
2570 6 0 0 0
2571 5 3 1 5
2572 6 7 0 2
2573 4 6 2 4
2574 7 8 0 0
2575 6 4 0 0
2576 2 2 1 5
2577 1 2 3 0
2578 2 2 2 2
2579 3 4 0 0
2580 1 1 0 3
2581 1 1 0 0
2582 0 0 0 1
2583 2 0 0 0
2584 0 1 1 0
2586 1 0 1 0
2587 1 2 0 0
2588 3 1 0 0
2589 2 3 0 1
2590 1 2 0 0
2591 0 1 0 1
2592 2 0 1 0
2593 1 1 1 0
2594 2 0 1 1
2595 1 2 0 0
2596 2 0 2 1
2597 3 3 1 1
2598 1 4 0 1
2599 4 0 0 1
2600 4 2 0 3
2601 6 3 1 2
2602 1 6 0 1
2603 3 1 0 0
2604 1 3 1 1
2605 1 0 0 1
2606 2 1 1 0
2607 3 1 1 0
2608 3 3 2 0
2609 5 4 0 1
2610 5 3 1 0
2611 1 3 1 2
2612 3 1 1 1
2613 3 4 1 2
2614 1 2 1 0
2615 2 1 0 2
2616 0 2 0 0
2617 0 0 1 0
2618 1 0 0 1
2619 2 2 0 0
2620 1 2 0 1
2621 2 2 0 2
2622 1 4 0 0
2623 0 2 0 1
2624 0 1 0 1
2625 2 1 0 1
2626 2 3 1 1
2627 1 2 0 0
2628 1 0 0 0
2629 1 0 0 0
2630 2 0 0 1
2631 2 2 0 0
2632 2 2 0 1
2633 0 2 0 0
2634 0 0 1 0
2638 0 0 0 1
2640 1 0 0 0
2641 1 0 1 0
2642 0 0 0 1
2646 0 0 1 0
2647 0 0 0 1
2652 1 0 1 0
2653 1 1 0 0
2654 2 0 0 1
2655 3 1 1 0
2656 2 1 1 2
2657 0 2 0 0
2659 2 0 1 1
2660 2 1 1 0
2661 1 1 0 1
2662 2 0 0 0
2663 3 1 0 0
2664 3 1 1 0
2665 0 2 0 2
2666 1 0 1 0
2667 0 1 1 0
2669 0 0 0 2
2670 1 0 0 0
2671 0 0 0 1
2672 1 0 1 0
2673 2 0 0 0
2674 1 1 0 2
2675 1 0 0 0
2676 0 0 1 0
2677 1 0 0 0
2678 0 0 2 0
2679 0 1 1 0
2680 0 1 0 1
2681 2 1 0 0
2682 2 1 0 0
2683 1 0 1 0
2684 1 0 0 0
2685 1 0 1 1
2686 1 1 1 0
2687 1 1 1 1
2688 0 2 1 1
2689 1 1 0 0
2690 2 0 0 1
2691 2 1 2 0
2692 3 2 0 1
2693 4 3 0 1
2694 3 2 2 1
2695 3 1 2 0
2696 0 2 0 1
2699 0 0 1 0
2700 2 1 1 0
2701 3 3 2 0
2702 1 5 2 1
2703 0 4 0 0
2704 2 2 0 0
2705 2 1 1 0
2706 2 1 2 0
2707 0 2 0 4
2708 1 3 0 0
2709 0 3 0 0
2710 0 0 0 1
2711 1 0 0 0
2712 2 0 0 0
2713 2 1 0 0
2714 1 0 0 1
2715 0 0 1 1
2716 2 0 1 0
2717 1 2 0 0
2718 1 0 0 2
2719 1 0 0 1
2720 1 0 0 1
2721 2 0 0 0
2722 0 1 0 2
2723 1 0 0 1
2724 3 0 0 1
2725 3 1 0 1
2726 1 2 1 0
2727 0 1 0 0
2728 0 0 1 0
2729 5 0 0 0
2730 4 4 0 1
2731 4 4 0 0
2732 4 3 0 0
2733 5 0 1 1
2734 2 1 1 1
2735 4 0 3 1
2736 2 3 5 1
2737 2 4 0 0
2738 1 3 0 1
2739 2 3 0 3
2740 2 0 0 0
2741 9 0 0 0
2742 7 4 1 0
2743 4 2 1 4
2744 2 3 0 1
2745 0 1 1 1
2746 1 1 0 1
2747 2 1 0 0
2748 0 1 1 2
2750 2 0 1 2
2751 3 2 0 1
2752 2 3 0 2
2753 0 1 1 0
2755 0 0 1 0
2758 0 0 1 0
2760 2 0 0 0
2761 1 1 0 0
2762 0 0 0 1
2765 1 0 0 0
2766 1 0 1 0
2767 0 1 0 0
2768 0 0 0 1
2775 1 0 0 0
2776 1 1 0 0
2777 0 0 0 1
2803 0 0 0 1
2828 1 0 0 0
2829 0 1 0 1
2830 1 0 0 0
2831 0 1 0 1
2839 0 0 1 1
2840 0 1 1 0
2841 0 1 0 2
2842 2 2 0 0
2843 1 2 0 0
2844 0 1 0 2
2845 2 2 0 1
2846 1 4 1 0
2847 0 2 0 0
2848 0 0 0 1
2849 0 1 1 1
2850 1 3 0 0
2851 2 2 0 2
2852 2 1 0 1
2853 0 1 1 0
2858 0 0 0 1
2859 0 0 1 0
2860 2 0 0 0
2861 1 1 0 1
2862 0 1 0 1
2863 0 0 0 1
2869 2 0 0 0
2870 0 1 0 1
2903 0 0 0 1
2904 1 1 0 0
2905 1 1 0 0
2906 0 0 0 1
3013 0 0 0 1
3015 1 0 0 0
3016 3 0 0 1
3017 1 3 0 1
3018 0 2 0 0
3077 1 0 0 0
3078 1 0 0 0
3079 1 0 0 0
3080 0 0 1 0
3096 0 0 0 1
3140 0 0 0 1
3141 0 1 0 0
3142 0 1 0 0
3145 1 0 0 0
3146 0 1 0 1
3150 2 0 0 0
3151 2 2 0 1
3152 1 3 0 0
3153 0 1 0 0
