1 2.1299970019402537 0
2 2.3358356792826607 0
3 2.658460881326974 -2.0
4 2.9792413653398158 -2.170410663123365
5 3.28397192747028 -2.352665529064331
6 3.5592240951184597 -2.501151773175619
7 3.8318878750823067 -2.705601196667095
8 4.085973244729667 -2.8557879693387034
9 4.3343975253987175 -3.048260815441364
10 4.590780589765568 -3.1988983363625603
11 4.810036209875277 -3.375449066674487
12 5.043894765753094 -3.524863623755663
13 5.276014599808812 -3.68497516922755
14 5.4688440794200845 -3.828252501278944
15 5.6984382439767645 -3.9848151620563055
16 5.881708945260347 -4.130902146234995
17 6.083710663929946 -4.2738418458569445
18 6.298847997608448 -4.39868610546667
19 6.481325327800097 -4.5507664304486095
20 6.69248754005999 -4.686768600884274
21 6.886533416467654 -4.802646927362121
22 7.057647430599446 -4.946822644568546
23 7.217190607838477 -5.0798453482566845
24 7.401930868249654 -5.201223226977889
25 7.611702057548078 -5.341945550149885
26 7.775255728590322 -5.463038292529818
27 7.884779951100245 -5.582634168904421
28 8.100821455149122 -5.718869173728813
29 8.275035054919373 -5.812482180919668
30 8.452426488166388 -5.9455342266280224
31 8.558073135353844 -6.039817603272914
32 8.78104387503298 -6.163455246128118
33 8.922235105386045 -6.26330657151353
34 9.091083102178533 -6.394995966944161
35 9.289712056596912 -6.4984005905511815
36 9.399121995525878 -6.613591403294982
37 9.53709505284539 -6.733963418561216
38 9.714207717642086 -6.838516629059158
39 9.83274333118787 -6.929404726293748
40 10.038981876527004 -7.056026014497663
41 10.112423074071328 -7.168917400100288
42 10.294975414005538 -7.266606948396388
43 10.446903249333053 -7.363356030088054
44 10.652111737972104 -7.4855702080574655
45 10.699687215425426 -7.544002522910251
46 10.925932666060055 -7.697547021650525
47 11.077552275522756 -7.7804385458742065
48 11.151480900052329 -7.937649460484106
49 11.29697199250889 -7.9442610711619315
50 11.389994352000695 -8.090822103500518
51 11.59116408006461 -8.236771715302778
52 11.76178057153047 -8.241096450854045
53 11.893120669486187 -8.359649122807017
54 11.868016138959174 -8.478300257026081
55 12.115011219489856 -8.560119124137636
56 12.234224149993004 -8.640421318360863
57 12.432889648136285 -8.737419254589447
58 12.494194658129867 -8.865998217468805
59 12.587775701841652 -8.90151034107402
60 12.671466418093509 -9.01064779831009
61 12.800975487743871 -9.162823410044735
62 12.90882989976326 -9.265407181412813
63 13.043631533234558 -9.383104172071413
64 13.159883944848128 -9.429572059105737
65 13.360656598818123 -9.483468359973724
66 13.389419273168416 -9.582275348330734
67 13.631744340878829 -9.659292366850607
68 13.707065232120112 -9.745876404775611
69 13.708730721020219 -9.84507828558378
70 14.061736601578728 -9.998823559499757
71 13.986056439540944 -10.188232224396607
72 14.293243358674298 -10.139756944444445
73 14.267719458564168 -10.306659205372132
74 14.35441043447813 -10.252680803031526
75 14.552320687353053 -10.36859975553443
76 14.751866556055937 -10.406855603507518
77 14.99855920756416 -10.534460229642193
78 14.779752937631816 -10.729386833226446
79 14.962178241864983 -10.810638478759882
80 15.066232455738005 -10.849387488275587
81 14.915696671163682 -10.960641735918744
82 15.45295540532159 -11.006645964535508
83 15.239795755544918 -11.042972877773863
84 15.560183551006 -11.125542168674698
85 15.521513737687922 -11.240584211941101
86 15.935845379243139 -11.213363177157376
87 15.683836531534482 -11.422308579755905
88 16.02656885099633 -11.49016250544798
89 16.041792345331455 -11.634413623486193
90 16.059222743694498 -11.748133509003074
91 16.088425543627856 -11.649505075740805
92 16.20829288586881 -11.814410757325891
93 16.375741801145235 -11.887722368037329
94 16.43193900391718 -11.991721585559848
95 16.68023276443246 -12.1602866862635
96 16.609640020038647 -12.157351676698195
97 16.515228518531963 -12.051055457364859
98 16.99338229946913 -12.405506799758827
99 17.063373033377445 -12.417195303009853
100 17.1528212300784 -12.516151132120713
101 17.288048343777977 -12.751744046187154
102 17.13309257796336 -12.611352957435047
103 17.220152509579272 -12.764485462493928
104 17.363698682306346 -12.69727807317159
105 17.686726899065494 -12.884047188861729
106 17.59757505773672 -12.892667640041308
107 17.54812006807984 -12.969785786655088
108 17.6149465912661 -13.053143250988501
109 17.806594875019652 -13.173741650545681
110 18.23079990429859 -13.213935845026333
111 17.734664995349966 -13.237829747427503
112 18.165732163172436 -13.388427906976744
113 18.546661763504126 -13.37085895286007
114 18.43733654365063 -13.384869796616613
115 18.540059965020404 -13.440659130101553
116 18.580660060463554 -13.623352897733898
117 18.558012443248696 -13.755136251997973
118 18.640281030444964 -13.729495831679237
119 18.828074555550774 -13.872661699429296
120 18.618893910049493 -13.994102880822409
121 19.140453611851594 -14.130422625229688
122 18.88001939436682 -13.857928725185362
123 18.714367968819204 -14.081161879368157
124 19.560544038029843 -14.238066195006912
125 18.85086846390447 -14.309072333469555
126 19.317150231399076 -14.366481512187034
127 19.41929278123855 -14.40556252613969
128 19.415237572597977 -14.336008316008316
129 19.892701898878975 -14.849442849907142
130 19.713217432722075 -14.538783253567887
131 19.714934244395565 -14.727810395441201
132 20.17638585567585 -14.796006684091006
133 19.722856460472894 -15.076230439723751
134 19.881267738883633 -14.95948836600166
135 20.047401786571896 -14.836091549295775
136 20.18235662348919 -15.066403302410226
137 20.258258982396914 -15.246531483457844
138 20.43984298331698 -15.216656286146454
139 20.670217509785463 -15.224658158614403
140 20.572821814201124 -15.438855121110405
141 20.106418157222304 -15.664509120535916
142 20.806526220523907 -15.528553007276411
143 20.590446318387496 -15.5580831624091
144 20.682841214123478 -15.919691155393222
145 20.741038771031455 -15.755997323903278
146 20.728431167745978 -15.877541303623293
147 20.951871101871102 -15.863075893710572
148 21.214971410585953 -16.01134684147795
149 21.027312261349174 -15.965271765271766
150 21.279417218543045 -16.18648583192056
151 21.35736392742796 -16.185271884906122
152 21.324922318654238 -16.532284080355833
153 21.59919796239094 -16.33440545808967
154 21.63282140337548 -16.297706899113468
155 21.518451499698415 -16.11458960465583
156 21.544871794871796 -16.488163914859758
157 21.218895542248834 -16.378079820810427
158 21.897219269288872 -16.491425039913477
159 22.04322144601579 -16.42646447860407
160 21.87637066075791 -16.802861522738887
161 22.414144287664996 -16.597287856996097
162 22.300166695407253 -17.01388815824083
163 22.21647875108413 -16.872982044861207
164 22.334397492454144 -17.00665293838112
165 22.389630239256952 -17.071466924398624
166 22.40679267572357 -17.06983558521895
167 22.073223595571438 -17.33407163308303
168 21.823589010072116 -17.413525620015296
169 22.027550349608557 -17.377439755751826
170 22.159068384539147 -17.566679572985233
171 22.40976502898993 -17.11549635476621
172 21.756579760286666 -17.30283894349569
173 22.889396987988537 -18.035390400353904
174 23.06650581539223 -17.735958211637833
175 23.302540700542675 -17.610917205470045
176 23.012681719764924 -17.569118061425755
177 23.39619191728138 -18.13633257403189
178 23.185150257764366 -18.075796142315742
179 23.203950274499906 -17.99093951985226
180 23.313164766575376 -17.992310380985668
181 23.318265041984972 -18.117667356797792
182 23.442759421786267 -18.215019067175124
183 23.589331075359866 -18.219548075791455
184 23.162610692030174 -18.17816775728733
185 23.003916882427138 -18.664532727055164
186 24.0987365465606 -18.514975787648712
187 24.423190151211028 -18.50844716031632
188 23.359758524611916 -18.59793501366535
189 23.73885135135135 -18.38362068965517
190 23.89041095890411 -18.91203049117846
191 23.483748388410124 -18.877502149085103
192 23.947862428062482 -18.5389807418416
193 24.22357779300891 -18.77704427975338
194 23.746544418976175 -19.02673830199288
195 24.16707720458864 -19.037334001503382
196 24.027658526286157 -18.92504182215931
197 24.36910753526618 -19.079427662957073
198 24.098315007853778 -18.933062106668363
199 24.632417622034755 -19.392058747075644
200 23.904827686491203 -19.5796546351597
201 25.12532486283569 -19.04547817047817
202 24.839176883917688 -19.37992550480298
203 24.59718830928598 -19.516542296770787
204 24.235461718293397 -19.222397580061813
205 24.883765468473776 -19.339774771773172
206 24.80464609800363 -19.482963063922583
207 24.44593597875793 -20.02518105109295
208 24.591079460269864 -19.96990506968289
209 24.974700598802396 -19.532772995322986
210 24.87461750876931 -20.006169073283168
211 24.42078979717271 -20.212971137521222
212 25.217932943709627 -19.807109037260688
213 24.818601786264242 -19.96805527053834
214 25.087753358701562 -19.949477351916375
215 24.777460660290036 -19.80005606559675
216 24.82754332789306 -20.16020401034025
217 24.830765584261673 -20.249016577690362
218 25.182976030377343 -20.051943462897526
219 25.501260636621495 -20.279718804920915
220 24.5203025477707 -20.07523891028384
221 25.606973947895792 -20.905177970350213
222 25.329569117411502 -20.859946020862207
223 25.92457460732984 -20.632558139534883
224 25.692644554375153 -20.470937817074937
225 25.99499833277759 -20.807335395492707
226 25.589800995024877 -20.79177473138199
227 25.534812737172082 -20.776486920941107
228 25.786949152542373 -20.717113617688803
229 25.800696627304394 -21.135978399459987
230 26.692412501064464 -20.775090689238212
231 26.07910699241786 -21.215538847117795
232 26.271267919993132 -21.254548257786002
233 26.20581237253569 -21.426630007855458
234 25.769735705648642 -21.333102546349718
235 26.378668763102727 -21.83224332203924
236 25.984167472952766 -21.354736271396483
237 26.544391095591443 -21.33665933375236
238 26.373938916601034 -22.051214402110656
239 26.221707360541792 -22.038113237262777
240 26.607914628723876 -21.087929785006846
241 26.326592698639942 -21.484941461445295
242 27.265272727272727 -22.241093216203026
243 26.745683030467408 -21.96326397919376
244 27.139819004524888 -22.16881094812751
245 26.810795614281698 -21.71476730800855
246 26.511354233704147 -22.368610452277746
247 27.260393258426966 -22.375158428390368
248 25.94 -22.313400516365455
249 26.50102002967359 -21.720284995808885
250 27.221081386586285 -22.616223471185304
251 27.646320066488133 -22.423747461069738
252 27.1578748345623 -22.563588923491288
253 26.710936770337163 -22.452943667937316
254 27.170214788063106 -22.615852092784387
255 27.341472868217053 -22.228029322984046
256 27.422152560083596 -22.582629674306393
257 27.53041127630817 -23.02728524703047
258 27.04794123332689 -22.450959860383943
259 26.841747572815535 -22.62216884008236
260 27.23104657961411 -23.101298701298703
261 27.303113373800667 -22.318173836698858
262 26.58466739584369 -23.490311784393164
263 27.280811698000598 -22.641801486663752
264 28.109753675009934 -23.17898936170213
265 26.398231866586297 -22.41912421805183
266 28.12457981053275 -22.79889532777979
267 27.79435647584247 -23.232924536746935
268 27.734978433142743 -23.871541501976285
269 27.48130165289256 -23.69183486238532
270 26.98420512820513 -22.746607587925784
271 27.688782767730135 -23.726672171758878
272 27.60902489626556 -23.702908651612304
273 28.023859575362625 -23.237735497108748
274 28.519123380044253 -23.54992644354542
275 27.96779661016949 -23.937388193202146
276 28.2933774128186 -23.469828399019423
277 27.268300583027425 -23.897615708274895
278 27.941912232351072 -23.737002186103982
279 28.124444444444446 -24.407491702228544
280 28.792072844134974 -24.188512518409425
281 29.12825781334487 -24.34671320535195
282 28.683383483784688 -23.837382250867623
283 27.406399651719635 -24.735856380397866
284 26.986837702175126 -24.342079783113864
285 28.136398806234112 -24.482315423270197
286 27.893351333108335 -23.920972043860516
287 27.376665186500887 -24.286209973232875
288 28.930364648415313 -24.644740830554714
289 28.94725400457666 -24.739292552655446
290 28.229924113716162 -24.3105418920298
291 28.847331682053593 -24.40314769975787
292 28.127413573823564 -24.260652903488253
293 28.252317431607505 -24.48850865647464
294 28.69402720283856 -24.431549124759687
295 28.926261319534284 -25.204296675191816
296 27.905330339203402 -24.36315295589615
297 29.223399246704332 -24.72664792252421
298 27.93904036194785 -24.323610402855685
299 28.927841179267713 -24.51139424072923
300 28.250647515893572 -24.875883575883577
301 27.507543753771877 -25.453390271846683
302 28.801645891322764 -24.99925658453696
303 29.14627268268759 -24.795442154617817
304 28.563364894391842 -25.708719259022676
305 28.77179236043095 -25.753463510417802
306 27.90570038667831 -25.588662630709962
307 28.93716359994993 -25.33674448353054
308 28.684410646387832 -25.371359754762427
309 29.86096189881324 -26.437838435186208
310 27.968221941992432 -24.861560160572854
311 29.84823677581864 -26.53078944361933
312 29.962541549475837 -26.1774747810664
313 28.493094629156012 -25.725551347738918
314 27.497048254620122 -25.68055085224066
315 28.547071528395374 -25.798828797795384
316 29.515249837767684 -25.939222134028803
317 29.12441860465116 -25.799046862589357
318 29.358259072710837 -25.65648942252716
319 28.47543520309478 -26.348681898066783
320 29.711515940143137 -26.072731497618218
321 28.793201868188895 -26.507428308188413
322 27.914018933990402 -26.552806414662086
323 29.064604185623296 -25.562755399883248
324 29.618066561014263 -26.893359692987556
325 31.413282180182563 -27.006521996916874
326 29.581611300026157 -25.940463828314297
327 29.904637401954037 -25.281840591618735
328 29.99879145964818 -26.190972633574223
329 30.257492438823206 -27.113253304231844
330 30.877030162412993 -27.21760038470786
331 28.452720905172413 -26.957336621454992
332 28.62723560061963 -27.1306188519487
333 29.374738894304414 -26.116820702402958
334 30.260587238848107 -26.231215970961888
335 28.965020872318988 -27.011979670861567
336 29.882660265461734 -27.567439541261532
337 30.79985805535841 -27.134087237479807
338 29.093316340979893 -27.62632317306466
339 29.52595059672495 -27.405857214680744
340 30.64461383575435 -27.06186224489796
341 28.61935208866155 -27.849929514289375
342 29.74524051736666 -27.969315205188973
343 30.053464796556035 -26.727468627202434
344 31.512688866070118 -27.70238546005301
345 30.227709978463746 -27.852321220742272
346 29.789259796806967 -27.43683193818416
347 28.83872403560831 -27.423348132671716
348 29.242139288862766 -27.783287778211637
349 29.244017725258495 -27.286508860432026
350 29.957140738543675 -27.82948165556861
351 31.82440828402367 -28.477770404777704
352 29.979732772856927 -27.40002630886609
353 30.18295218295218 -27.87366618363852
354 30.337469733656174 -27.7735899137359
355 29.74245472837022 -28.28496924311313
356 29.08539735602492 -27.732320586694605
357 29.699707106520734 -28.1326717158527
358 30.08278399509428 -28.15548413017276
359 31.908511960236098 -28.187731069423524
360 31.58661357022515 -27.805057532780307
361 29.412065113309925 -28.298883442265794
362 30.504816042949628 -27.752785802723896
363 29.68628698695514 -29.161167512690355
364 30.136261622314844 -29.0218754354187
365 31.40386489119844 -28.86764299530257
366 30.32951289398281 -28.62534626038781
367 30.219025157232704 -28.34788654060067
368 30.765568959895663 -28.978717366628832
369 30.371470066161045 -28.286892237702588
370 30.240183246073297 -28.85746133481956
371 29.958169934640523 -28.339769984381654
372 30.415825194504222 -28.827719097916074
373 30.02390632623191 -29.000425411230857
374 30.07655737704918 -29.155799192152337
375 30.37309769268532 -28.518690234714576
376 30.448911779365343 -28.79033180778032
377 29.732462749037335 -29.366666666666667
378 30.44117151994614 -27.79303732113881
379 30.93088737201365 -28.576002393776182
380 29.389422267138286 -29.424184822342447
381 31.406388793987016 -29.034584688146616
382 31.95329441201001 -29.027719508540606
383 30.9586580820061 -29.939563768554983
384 29.40495867768595 -28.968425800631483
385 31.284088920007 -29.488758110759015
386 32.20451802034834 -28.8187697398105
387 30.228739002932553 -29.23532979529947
388 31.020078180525942 -30.13948239542582
389 30.8535896983595 -29.988605697151424
390 30.703559412077208 -29.763401109057302
391 30.57347227128223 -29.245367412140574
392 31.128427128427127 -30.212139885995995
393 31.60755064456722 -29.41199256275178
394 31.653392070484582 -30.16388325269237
395 30.812225475841874 -29.792096492620217
396 32.694718309859155 -29.55743763473976
397 32.819683908045974 -29.25562851782364
398 31.477895113656704 -29.770580727504786
399 31.390781563126254 -30.047125506072874
400 30.131874195328304 -30.445231958762886
401 30.19071402145764 -29.00063765343536
402 30.405665617478245 -30.51270504985526
403 30.1043002640513 -28.970816812053926
404 31.225475285171104 -30.974648797028905
405 30.97395735044348 -30.231263383297645
406 31.77827715355805 -30.08165566113706
407 32.02798833819242 -31.719274904373858
408 30.83272023233301 -30.698219930128097
409 30.980783866057838 -30.534470989761093
410 31.11379505567088 -29.95434094317614
411 30.964223889209464 -31.464118825100133
412 31.389954518489223 -30.818875435395586
413 32.30285714285714 -30.97175822283451
414 32.75213845235727 -31.05601233299075
415 30.424960505529224 -30.20054803904778
416 31.456147376852222 -29.59451535012073
417 31.01651592607157 -31.980361757105943
418 31.457285429141717 -30.902246612930888
419 31.48646986469865 -30.30636347611493
420 30.792871287128712 -30.895595718547114
421 31.219642490240396 -30.921288322425077
422 33.66532258064516 -31.47787294789436
423 31.390519187358915 -30.263589378007484
424 30.713057715923046 -30.855613064429768
425 31.602769971898837 -31.465435259692757
426 31.165158847043973 -31.189792953142028
427 31.73361344537815 -30.998604083057057
428 31.762112705344148 -30.73762821666367
429 32.86169113086624 -30.859960902790117
430 32.008627946127945 -31.375632614807873
431 29.741499472016894 -31.22487598750689
432 31.423880597014925 -31.926244852115314
433 30.892977291841884 -31.862402041188265
434 30.814720812182742 -31.85479962721342
435 30.697117422636712 -32.483127420247094
436 31.51319204152249 -32.04714233709501
437 33.125951707635416 -32.140364482357505
438 30.654135338345863 -32.19784040995608
439 33.51874163319946 -32.36617344071924
440 31.236741620704287 -32.02358841010401
441 32.49707996406109 -31.826694752968212
442 32.31730986233356 -32.48911191062299
443 31.04756803085494 -33.06384213580964
444 31.089913281606574 -32.87043000568289
445 31.8014997794442 -31.890549194643896
446 33.00022492127755 -32.77569189084575
447 32.190902980058254 -33.28819444444444
448 32.270795660036164 -31.20689655172414
449 33.20842824601367 -31.97044237254513
450 32.57146072473554 -31.34220985691574
451 32.83601211274167 -31.559905567578202
452 33.74937684115115 -32.738085702843414
453 32.05898491083676 -31.696464044497418
454 31.184322033898304 -33.20072478357157
455 32.887144482366324 -32.78618286182862
456 32.156876963983564 -32.73581524985069
457 32.158496732026144 -33.71489448051948
458 32.36551077788191 -34.89576612903226
459 31.959617180205417 -33.409732161112245
460 31.68672485071199 -32.20996948118006
461 30.54232558139535 -33.06030047334843
462 30.47354868913858 -34.019785308356134
463 32.06516643225504 -33.52760736196319
464 30.860404896421844 -32.773317112733174
465 32.00410132689988 -32.56183820415078
466 34.1392848212053 -32.87792367665162
467 32.175460122699384 -32.18052988293284
468 30.262892780043178 -34.83811734909244
469 33.47275 -32.39007843968624
470 32.97381671701913 -33.561451921035875
471 32.73924115100586 -32.6677201854193
472 33.910799298421445 -34.27032779906343
473 32.16607324516785 -34.16057441253264
474 32.108421832551244 -34.28077661617239
475 33.178142931664055 -34.071707953063886
476 31.716240182417025 -35.37409280844513
477 33.208010335917315 -33.523461708720674
478 31.749177423437104 -33.95610395282813
479 32.93666488508819 -34.00461234350978
480 29.757289002557545 -34.42165372316126
481 32.46196896464004 -34.24167416741674
482 31.22129653736006 -34.95856590811507
483 33.657676902536714 -33.60982264665757
484 33.96208408563322 -33.14989962078965
485 30.998702646600933 -34.34120917303683
486 31.172741679873216 -34.43928242870285
487 31.99706979222163 -33.272375313140515
488 32.238813873444535 -33.90097439383639
489 34.38580576307364 -34.80320733104238
490 33.40663129973475 -33.68913768461172
491 33.41540101252331 -34.55452436194896
492 33.02798507462686 -34.964560503613896
493 32.160802638812534 -34.971867007672635
494 33.87609409190372 -35.78233890214797
495 32.53402119353039 -33.72143531633617
496 31.982234185733514 -34.1161459575483
497 33.43223647518126 -35.50362573099415
498 32.49333333333333 -34.71681839961668
499 33.07808219178082 -33.65667380442541
500 32.833788209606986 -34.51274720038123
501 34.10356255178127 -33.31096835593624
502 34.33408577878104 -34.650698122291764
503 31.854289732770745 -35.32574850299401
504 32.064702643171806 -35.412628487518354
505 32.44100964265456 -35.44152686603452
506 33.21381672851841 -33.31639950678175
507 34.51477541371158 -36.0406746031746
508 32.22258064516129 -34.901172947342154
509 32.197037037037035 -36.342032622333754
510 33.229865290914304 -34.50961778666
511 32.87003504672897 -36.76617536847365
512 31.684708666075124 -36.16218254966055
513 33.15481171548117 -36.78796992481203
514 35.17363896848138 -34.33550815558344
515 30.815398335315102 -36.33989769820972
516 32.85747527632344 -34.34319960861057
517 32.6143928035982 -34.74218349564326
518 32.71827956989247 -34.84258324924319
519 32.03076030179919 -36.31994750656168
520 30.101543942992873 -36.41065989847716
521 32.66115702479339 -34.3936628643853
522 33.456755924899966 -36.00104493207942
523 30.961429023079354 -36.38011247443763
524 31.755238384451868 -34.737389495579826
525 34.59697810669134 -34.78234677841802
526 31.508376484922326 -35.9303457106274
527 31.86750223813787 -35.52459016393443
528 32.7079618813403 -36.253213016133444
529 32.75984990619137 -36.91118957088539
530 34.32554467950742 -35.990844886215015
531 32.66867279062401 -34.79951884522855
532 33.265395436073774 -36.34041394335512
533 31.128173374613002 -37.132733714908696
534 35.43258604357436 -35.35634379263301
535 33.671556122448976 -37.961333333333336
536 33.27108239095315 -36.27544426494346
537 32.89665258368541 -35.313941018766755
538 31.93033565547815 -37.356713973799124
539 33.1114006514658 -36.26675862068966
540 32.94829300629765 -35.25499316005472
541 31.483403158233966 -38.0375483158476
542 33.31837398373984 -36.19601706970128
543 31.3925852366766 -36.385434657455384
544 31.250929996618193 -38.2885500575374
545 33.46265697290152 -38.10635903207653
546 31.89231779382797 -36.267685342388226
547 33.95356550580431 -36.68574699484831
548 34.357912457912455 -36.69074233304672
549 31.10549229738781 -38.508025908194874
550 31.97868683396356 -39.000879765395894
551 32.29163787145819 -37.599543639475186
552 33.63891815946611 -36.99389567147614
553 32.84027777777778 -38.13420175704332
554 31.110244233378562 -35.934846698113205
555 34.20239774330042 -35.60391923990499
556 31.328400281888655 -36.054344667247896
557 32.234194425560844 -37.52956830277942
558 33.049947970863684 -35.402340234023406
559 33.76958041958042 -35.84465170504226
560 32.97682709447415 -37.75488765684272
561 31.544036061026354 -38.17923976608187
562 32.33025239957341 -37.29641598119859
563 33.42505353319058 -38.41470765521398
564 33.656030855539974 -37.14423366455887
565 31.595419847328245 -37.999697611127914
566 32.91987292622662 -37.43912114739091
567 33.24472271914132 -36.48279013097776
568 33.49300209937019 -36.54089219330855
569 32.18218773096822 -37.92998430141287
570 34.61795332136445 -36.44962504075644
571 34.681217901687454 -38.00183767228177
572 32.807664233576645 -37.316247281764525
573 33.46578449905482 -37.6469414893617
574 35.26424870466321 -36.98379408960915
575 32.85651051272593 -36.768613607188705
576 31.722536806342017 -37.909267032612206
577 33.51197836166924 -37.45301587301587
578 35.52932273931139 -37.79948750800769
579 34.57412898443291 -39.438802083333336
580 31.089783281733745 -38.868103166829904
581 32.81526717557252 -36.70941558441559
582 31.637205712080277 -36.768149882903984
583 33.77777777777778 -37.56117724867725
584 32.87160589604345 -39.45217391304348
585 31.946816770186334 -39.699
586 31.587206992451332 -35.342277486910994
587 33.86712439418417 -37.17451244115669
588 32.55243664717349 -37.49651510122801
589 34.60182250396196 -38.601941747572816
590 31.455912230800486 -38.178128144917814
591 33.18812675491376 -38.418449197860966
592 34.22554027504911 -37.91010065949323
593 33.68482490272373 -39.9727463312369
594 35.073150796894154 -39.83123511398435
595 33.42602848101266 -38.06188371302278
596 34.923625681913556 -39.885216773276476
597 35.2258762440502 -39.185287040220004
598 32.847340641494114 -38.473974491554635
599 33.761743546339396 -37.825765575501585
600 34.103314679294016 -40.67438596491228
601 32.49515738498789 -38.37980433263452
602 35.047894302229565 -39.70017636684303
603 34.68414481897628 -37.34306306306306
604 34.97818930041152 -38.34186284544524
605 34.389721627408996 -38.71376281112738
606 32.765584970111014 -41.691335740072205
607 36.283018867924525 -38.2265253927658
608 35.78484210526316 -38.7216606498195
609 37.772633319553535 -41.956130888169724
610 34.47600518806745 -41.22912127814089
611 34.274821952241304 -40.195595371407244
612 32.84564352056612 -38.10467289719626
613 33.02808510638298 -38.166790766939684
614 36.150043744531935 -38.714442815249264
615 35.122484689413824 -40.92478695813264
616 31.495192307692307 -42.75975975975976
617 35.8958605664488 -42.974538745387456
618 35.758231844835365 -38.25185764567853
619 34.573154941735005 -38.90168324407039
620 35.236395298215065 -40.25132075471698
621 33.18500657606313 -40.62212155530389
622 32.751484696208315 -36.327812018489986
623 35.84196307969383 -39.968380952380954
624 35.073228720874944 -38.858737490377216
625 32.545207956600365 -40.28987108655617
626 34.0513413506013 -39.5506661283811
627 32.26070935052971 -40.45890144137125
628 31.487144168962352 -37.81205951448708
629 33.785165083672545 -42.33846761453397
630 32.56815114709852 -40.86533176285826
631 33.45319740500464 -43.648982848025526
632 29.354778554778555 -41.27620173364854
633 33.78377088305489 -38.592012529365704
634 33.08732394366197 -37.785541195476576
635 33.50169655841008 -41.35358682869463
636 32.28280435812411 -38.87212073073868
637 33.72261798753339 -42.42446941323346
638 34.40085186938003 -43.07692307692308
639 31.79028491359178 -41.28468323977546
640 32.094844357976655 -39.176161616161615
641 33.472992700729925 -41.287234042553195
642 31.35957240038873 -43.484271523178805
643 31.616213683223993 -43.85221052631579
644 31.61706349206349 -39.0837804374742
645 34.201152184349496 -42.37563025210084
646 36.4580265095729 -38.64983844911147
647 37.305231081767396 -42.5186877076412
648 34.34020100502513 -38.5442880794702
649 35.04803921568627 -40.8276299112801
650 31.593017456359103 -41.416486836426415
651 33.074451810300864 -40.70620058260508
652 35.85721223895095 -38.510443864229764
653 33.412254901960786 -40.88592839300583
654 36.899 -43.30073649754501
655 33.42252776308831 -41.41132897603486
656 35.54646840148699 -41.19938784433756
657 33.300913487372384 -40.73442333186036
658 30.411917098445596 -40.379697624190065
659 35.896016554578374 -42.832402234636874
660 33.33938764919564 -41.71965065502184
661 31.357905439755974 -43.41016949152542
662 38.60686427457098 -39.75951634572324
663 34.642595499738356 -40.79234042553192
664 33.97594677584442 -41.238567730802416
665 34.09940357852883 -39.21800090456807
666 33.28534167970788 -41.59183673469388
667 34.14824654622742 -42.35336436732967
668 32.665210267613325 -40.748108589230085
669 31.154007333682557 -40.614137775776676
670 32.37539267015707 -41.79076086956522
671 32.88807912545549 -42.14318078840054
672 30.13427179209529 -39.9609865470852
673 34.49038989566172 -44.51411922904527
674 31.782773564463707 -44.24856765094756
675 31.51419213973799 -44.2173103769195
676 35.00379815518177 -40.29892573563755
677 37.41269841269841 -40.843793584379355
678 34.27895037079293 -43.503628447024674
679 36.43800229621125 -42.56511292647765
680 31.0608407079646 -43.52960222016651
681 33.012352610892755 -41.949731576378724
682 31.423986486486488 -42.65213224724485
683 35.51038062283737 -41.91446124763705
684 29.159142212189618 -43.41747572815534
685 34.809415768576294 -39.35552339604438
686 35.44184687317358 -44.080793420416065
687 37.4136690647482 -41.44368600682594
688 35.85324825986079 -48.01333992094862
689 32.081239041496204 -41.94345951126018
690 33.49596774193548 -43.68948412698413
691 35.70704717530577 -43.464925012094824
692 33.736136502132844 -44.30649219929542
693 33.10244735344337 -41.101400289715116
694 31.87704918032787 -42.32631578947368
695 34.828402366863905 -43.8337481333997
696 36.97090909090909 -43.64894684052157
697 34.94460813199764 -42.491587802313354
698 34.20460199004975 -42.93675889328063
699 37.67224880382775 -45.16708605938601
700 32.95333333333333 -43.21453287197232
701 33.26375711574953 -42.55162384876394
702 31.67076923076923 -43.14992191566892
703 34.67875647668394 -45.00253036437247
704 32.07329192546584 -44.514477766287484
705 36.36903984323971 -41.79168831168831
706 38.467148884870404 -44.27440239043825
707 33.5390574564235 -43.2968085106383
708 38.740420271940664 -41.0251509054326
709 33.03530166880616 -42.715252472670485
710 35.07041383570105 -45.994680851063826
711 34.666460012399256 -42.31491416309013
712 32.637452711223204 -45.31063122923588
713 31.132135984605515 -45.56358695652174
714 37.261041529334214 -43.48873007146784
715 34.23577749683945 -45.570897503983005
716 31.867251095804633 -45.4821133736929
717 33.04466019417476 -43.022933333333334
718 35.32437745740498 -46.211801896733405
719 35.610431423052155 -42.87547580206634
720 38.59850543478261 -40.78929950358522
721 36.97941567065073 -41.04725274725275
722 32.19556714471969 -46.427173913043475
723 36.01231367465975 -45.41387024608501
724 33.8626582278481 -43.46791131855309
725 34.32189644416719 -44.5291454442558
726 35.16777188328913 -42.7337627482555
727 31.61205145565335 -45.61378555798687
728 37.40828804347826 -44.412874583795784
729 33.09520639147803 -46.19547211485367
730 33.02953020134228 -43.318649885583525
731 34.54320160750167 -44.520509977827054
732 32.322536181943484 -43.89803220035778
733 32.446621621621624 -45.24082313681869
734 33.05435540069686 -43.550285714285714
735 33.076871207012815 -40.84360465116279
736 36.38122332859175 -46.61081081081081
737 36.52097902097902 -43.83588235294118
738 35.642458100558656 -46.568955568378534
739 34.695983379501385 -46.262157629960875
740 36.092553931802364 -42.436063641720686
741 31.83465132997843 -41.498831775700936
742 34.1209858103062 -47.0089605734767
743 35.780868385346 -49.45891203703704
744 35.20687079910381 -43.73995271867612
745 31.637155297532654 -45.26353361094586
746 32.583333333333336 -48.22236102435978
747 35.718705035971226 -48.52461059190031
748 31.643767705382437 -40.236969696969695
749 36.20421511627907 -44.34718826405868
750 34.600145137880986 -42.875750300120046
751 31.248659517426272 -45.85301507537689
752 35.12325752017608 -45.61552567237164
753 37.478645066273934 -46.107958050586056
754 32.40060015003751 -49.67529266789895
755 33.34888888888889 -49.773847125710674
756 34.22637195121951 -44.21081745543946
757 34.77769289533995 -40.685784014643076
758 37.26481909160893 -47.08416169648774
759 30.320923306031272 -49.04179471419791
760 31.552532123960695 -45.294520547945204
761 33.92639405204461 -45.19752281616688
762 35.444891391794044 -46.31425015556938
763 31.631147540983605 -48.95303326810176
764 35.32842757552285 -46.3226586102719
765 35.40106544901065 -45.078864353312305
766 35.86943164362519 -48.15685019206146
767 33.40300870942201 -47.86256544502618
768 37.66076923076923 -48.048857868020306
769 35.64920634920635 -43.65584415584416
770 32.04176516942474 -46.78422425032595
771 33.01775625504439 -45.98863636363637
772 29.883892068683565 -45.20560152768937
773 34.36398763523957 -43.40878378378378
774 31.07875894988067 -46.826948480845445
775 35.35672514619883 -44.269767441860466
776 33.6336717428088 -46.48870636550308
777 36.95762711864407 -46.71562082777036
778 39.717462932454694 -45.78827361563518
779 32.96658711217184 -45.075524475524475
780 36.255833333333335 -51.666666666666664
781 37.059265442404005 -47.73891625615764
782 34.5671031096563 -47.37008426966292
783 32.247933884297524 -45.347768154563624
784 35.09200343938091 -45.798063623789766
785 32.06260575296108 -47.02217602217602
786 31.160554197229015 -44.0267229254571
787 37.570937231298366 -48.16002700877785
788 32.31100082712986 -42.3690872751499
789 34.012411347517734 -43.089128966914245
790 38.99750415973378 -48.09649122807018
791 30.12764158918005 -49.230496453900706
792 35.12595097210482 -46.80322128851541
793 35.99070945945946 -49.72033310201249
794 30.543706293706293 -45.231205673758865
795 36.53249097472924 -47.98868778280543
796 33.84326306141155 -48.510828976848394
797 33.58347676419966 -45.55579868708971
798 33.12138188608777 -52.46666666666667
799 36.282722513089006 -44.818590704647676
800 35.523555555555554 -49.788824383164005
801 33.94874022589053 -50.08519855595668
802 33.272644927536234 -48.26880119136262
803 32.37019681349578 -49.8150113722517
804 31.08970976253298 -45.37635183850036
805 31.62323943661972 -47.857351865398684
806 35.120037807183365 -46.5326164874552
807 39.03968253968254 -46.51040863531226
808 31.79231473010064 -46.819140919366994
809 31.510166358595193 -48.21296296296296
810 33.63191881918819 -49.41698546289212
811 36.43103448275862 -47.09310850439883
812 34.69345794392523 -50.242890084550346
813 34.50185185185185 -46.44101773323053
814 35.87593984962406 -48.22781954887218
815 35.86150907354346 -45.151867219917015
816 31.94412331406551 -45.0407204385278
817 36.23007246376812 -51.12380952380953
818 33.01900452488688 -43.908249158249156
819 38.769990128331685 -47.27936507936508
820 34.792972459639124 -46.906346749226
821 36.14312441534144 -45.20999219359875
822 32.32419196865818 -49.8923198733175
823 35.231549815498155 -48.915109034267914
824 31.670955882352942 -48.0300395256917
825 37.52035749751738 -48.4395329441201
826 33.03368623676612 -46.35097276264592
827 32.836557059961315 -53.322966507177036
828 32.45595353339787 -46.99746192893401
829 33.13552758954501 -49.20198675496689
830 34.432485322896284 -49.41342170671086
831 31.99116781157998 -48.25429553264605
832 30.706640237859265 -47.21989528795812
833 33.53104106972302 -52.00163532297629
834 30.283248730964466 -47.55750658472344
835 33.57804632426989 -45.161988773055334
836 34.7178166838311 -51.04431909750201
837 35.55983350676379 -51.1849710982659
838 35.92750744786495 -46.89330024813896
839 34.64836325237592 -47.307757885763
840 34.42068965517242 -48.78633975481611
841 34.862250262881176 -47.05639730639731
842 30.03893442622951 -45.335658238884044
843 30.200202224469162 -47.560449050086355
844 34.16564417177914 -48.100869565217394
845 31.634218289085545 -45.45666666666666
846 33.33826638477801 -48.618556701030926
847 32.4296066252588 -50.62200165425972
848 29.680942184154176 -51.773996509598604
849 34.761856710393545 -46.23190932868352
850 37.38250254323499 -49.68069306930693
851 35.03730569948186 -48.08361486486486
852 33.81346578366446 -48.07750631844987
853 31.54858934169279 -44.08541846419327
854 38.00422386483633 -53.038147138964575
855 31.25901639344262 -49.17297297297297
856 32.37662337662338 -42.68421052631579
857 36.53347732181425 -55.67504655493482
858 30.827433628318584 -52.13123844731978
859 32.55418994413408 -53.432330827067666
860 34.491486946651534 -47.4336917562724
861 31.408251900108578 -52.29356060606061
862 35.49382716049383 -48.45979020979021
863 33.71618625277162 -51.38285714285714
864 34.540169133192386 -51.396939693969394
865 31.83586956521739 -45.63251879699248
866 33.73384446878423 -48.7614165890028
867 35.58314606741573 -47.65438247011952
868 34.736478711162256 -48.82436260623229
869 30.03828828828829 -47.25074925074925
870 33.34646581691773 -50.06849315068493
871 28.851162790697675 -54.61836183618362
872 31.21018418201517 -54.5739299610895
873 35.96875 -50.78886756238004
874 39.12865497076023 -50.55238095238095
875 33.354729729729726 -52.21831637372803
876 33.63678696158323 -48.95890410958904
877 32.178651685393255 -53.97355996222852
878 29.997575757575756 -47.014953271028034
879 32.2497149372862 -48.58667972575906
880 35.180571428571426 -49.72365988909427
881 29.707207207207208 -52.21073170731707
882 28.63691931540342 -43.389597644749756
883 34.26396495071194 -44.1455078125
884 34.89907192575406 -58.11516314779271
885 37.03225806451613 -49.09168241965973
886 40.68689320388349 -52.479
887 29.30073349633252 -48.03588748787585
888 38.08594657375145 -50.43892339544514
889 36.38415366146459 -46.948343079922026
890 31.1025 -60.56077630234934
891 31.65470297029703 -45.605236656596176
892 35.99873417721519 -52.953693495038586
893 29.406991260923846 -54.50506072874494
894 33.84158415841584 -52.853658536585364
895 32.59899749373434 -46.73242392444911
896 31.980988593155892 -49.6522655426765
897 34.928112965340176 -49.63590263691684
898 34.20410783055199 -50.80453563714903
899 30.97279792746114 -58.48494623655914
900 34.92127921279213 -50.12761506276151
901 34.848101265822784 -54.73941368078176
902 29.934010152284262 -51.053376906318086
903 35.031133250311335 -51.10649627263046
904 30.43563068920676 -52.09572072072072
905 31.788990825688074 -52.54279749478079
906 30.362113402061855 -46.85475444096134
907 40.857142857142854 -55.849567099567096
908 34.19245283018868 -52.8716814159292
909 33.764462809917354 -53.00418410041841
910 33.300257731958766 -58.5451467268623
911 32.52411994784876 -51.46696528555431
912 27.682704811443433 -52.88743169398907
913 35.540650406504064 -48.2052052052052
914 36.845549738219894 -51.003293084522504
915 30.283870967741937 -51.438764643237484
916 31.279009126466754 -53.62334801762115
917 35.02377807133421 -45.90147225368064
918 34.7393850658858 -45.77262693156733
919 41.00138888888889 -51.40112359550562
920 34.380673499267935 -50.67577197149644
921 34.43606998654105 -54.12027491408935
922 33.35434173669468 -48.92557022809124
923 30.073611111111113 -53.43367935409458
924 26.52815829528158 -53.919409761634505
925 33.79532967032967 -51.22303921568628
926 32.37347767253045 -54.92439024390244
927 32.351931330472105 -42.35389988358556
928 29.856515373352856 -55.800920598388956
929 35.158125915080525 -56.96559633027523
930 34.38483547925608 -49.11303344867359
931 34.81382228490832 -55.56400966183575
932 34.3141592920354 -52.65169902912621
933 35.15596330275229 -50.49762470308789
934 41.11543810848401 -54.45213379469435
935 31.74375 -50.380195599022
936 43.15736766809728 -52.628826530612244
937 34.26049204052099 -55.51706036745407
938 38.046546546546544 -56.28031145717464
939 33.77943368107302 -54.82699386503067
940 36.27576601671309 -54.6421188630491
941 33.84862385321101 -52.264631043257
942 35.08554572271387 -55.144
943 37.67511177347243 -52.433915211970074
944 32.04035874439462 -51.02675159235669
945 35.819402985074625 -46.38653366583541
946 27.7425431711146 -56.39094159713945
947 33.40767045454545 -50.02244389027432
948 32.30513595166163 -50.09665871121718
949 34.268722466960355 -48.84386617100372
950 32.27014925373134 -56.723958333333336
951 31.033690658499236 -54.37046307884856
952 34.148260211800306 -59.9159891598916
953 29.00490998363339 -46.717277486910994
954 28.689210950080515 -49.932680538555694
955 38.462709284627095 -53.301690507152145
956 31.104166666666668 -54.21639784946237
957 30.18267716535433 -53.48863636363637
958 32.271685761047465 -53.252933507170795
959 33.715396578538105 -54.60651289009498
960 34.645211930926216 -52.442934782608695
961 36.016742770167426 -52.66711051930759
962 36.358024691358025 -49.205841446453405
963 40.707646176911545 -56.85069008782936
964 38.49404761904762 -57.30571428571429
965 35.80564784053156 -54.8909541511772
966 40.67462686567164 -49.541613316261206
967 31.4768115942029 -50.727653631284916
968 35.60495867768595 -57.295392953929536
969 32.81094527363184 -52.711819389110225
970 30.84873949579832 -58.50970245795602
971 29.107544141252006 -58.62849162011173
972 32.84504792332268 -58.184350132625994
973 32.41414141414141 -45.596866096866094
974 33.42250922509225 -47.0328317373461
975 34.3424 -45.13655761024182
976 30.35621521335807 -53.56214689265537
977 31.988155668358715 -55.08345534407028
978 40.935919055649244 -53.95258019525802
979 35.50425894378194 -56.12117177097204
980 34.2979797979798 -49.00981767180926
981 32.623263888888886 -56.50509461426492
982 29.65432098765432 -49.93722627737226
983 28.324237560192618 -58.34191702432046
984 27.49652777777778 -56.15384615384615
985 30.579964850615113 -54.02349486049926
986 33.51520572450805 -57.949479940564636
987 36.8875 -58.471488178025034
988 33.327022375215144 -51.95290858725762
989 33.24 -54.381231671554254
990 31.831715210355988 -51.96417910447761
991 34.282415630550624 -52.87106446776612
992 34.858376511226254 -55.47249647390691
993 32.16220735785953 -54.193502824858754
994 37.120543293718164 -61.72366412213741
995 33.524647887323944 -48.059147180192575
996 31.70051635111876 -50.48965517241379
997 30.71936056838366 -55.39555555555555
998 35.166023166023166 -51.76150627615063
999 37.09090909090909 -59.571220930232556
1000 27.607142857142858 -53.191196698762035
1001 38.05400372439479 -57.06167400881057
1002 28.45378151260504 -50.37614678899082
1003 32.48745519713262 -54.12056737588652
1004 34.47412353923205 -50.83555555555556
1005 29.5139146567718 -52.54636233951498
1006 34.62307692307692 -55.350467289719624
1007 36.84848484848485 -49.338830584707644
1008 32.62939958592133 -55.50556438791733
1009 28.52575488454707 -54.66969696969697
1010 31.58992805755396 -57.80029806259314
1011 31.048736462093864 -62.67603550295858
1012 23.47864768683274 -59.124807395993834
1013 30.49514563106796 -56.99546142208774
1014 39.11730769230769 -54.17873651771957
1015 38.00557620817844 -53.57910906298003
1016 33.6020202020202 -51.87196110210697
1017 31.425373134328357 -57.1838905775076
1018 31.05686274509804 -51.30683624801272
1019 30.9006968641115 -50.730283911671926
1020 29.55379188712522 -60.20064205457464
1021 30.42718446601942 -57.6375
1022 33.468 -52.18770764119601
1023 28.275334608030594 -54.267515923566876
1024 34.66298342541437 -52.59605026929982
1025 32.15065913370998 -53.70933734939759
1026 32.47389558232932 -54.43064516129032
1027 30.810246679316887 -57.05872756933116
1028 34.11673151750973 -58.5048231511254
1029 33.01121495327103 -52.65506329113924
1030 36.952 -63.07796610169491
1031 35.12903225806452 -60.476190476190474
1032 38.63374485596708 -61.35181975736568
1033 28.484615384615385 -51.932475884244376
1034 31.4468085106383 -45.94660194174757
1035 32.412955465587046 -59.33561643835616
1036 32.03598484848485 -62.56053067993366
1037 30.52589641434263 -49.9234375
1038 29.32 -61.57118353344769
1039 29.790697674418606 -53.074380165289256
1040 27.776150627615063 -62.58512396694215
1041 33.45141700404859 -55.673986486486484
1042 29.3470715835141 -63.79575163398693
1043 27.52027027027027 -53.482142857142854
1044 40.89453125 -56.65181518151815
1045 30.23608017817372 -58.11934900542496
1046 31.16839916839917 -57.859083191850594
1047 37.175438596491226 -54.141868512110726
1048 36.044806517311606 -58.72905525846702
1049 35.821285140562246 -49.28214971209213
1050 46.414027149321264 -59.81217391304348
1051 29.42760180995475 -60.029250457038394
1052 41.281837160751564 -55.511754068716094
1053 35.187363834422655 -60.51067961165049
1054 26.592132505175982 -54.77436823104693
1055 29.14723926380368 -54.48943661971831
1056 31.99099099099099 -52.34944237918216
1057 34.630390143737166 -57.616636528028934
1058 33.16743119266055 -56.57168784029038
1059 29.228310502283104 -56.9847972972973
1060 33.45670995670996 -64.31864406779661
1061 26.109302325581396 -57.37265917602996
1062 29.662131519274375 -55.75221238938053
1063 28.878552971576227 -52.8780487804878
1064 25.53221957040573 -52.21992481203007
1065 32.21291866028708 -62.0969387755102
1066 30.300448430493272 -60.01996007984032
1067 40.33644859813084 -54.43852459016394
1068 43.64719626168224 -58.511320754716984
1069 34.740196078431374 -53.467557251908396
1070 32.877990430622006 -57.442125237191654
1071 37.23608017817372 -52.323232323232325
1072 28.151724137931033 -65.68702290076335
1073 35.128668171557564 -52.75296442687747
1074 33.15403422982885 -65.07622504537206
1075 43.01133786848072 -56.64895635673624
1076 31.231143552311437 -60.983967935871746
1077 41.41990291262136 -60.298597194388776
1078 31.280623608017816 -61.020109689213896
1079 31.846938775510203 -61.22727272727273
1080 31.710526315789473 -52.563894523326574
1081 29.27252747252747 -56.95711500974659
1082 30.874429223744293 -56.028169014084504
1083 30.99522673031026 -58.66078431372549
1084 34.556085918854414 -58.31818181818182
1085 30.417410714285715 -57.67631103074141
1086 34.265853658536585 -56.33206106870229
1087 35.44470588235294 -58.078156312625254
1088 34.96559633027523 -56.02439024390244
1089 34.35874439461883 -66.68897637795276
1090 31.164785553047405 -57.14225941422594
1091 27.86987951807229 -47.80990099009901
1092 31.90972222222222 -63.625
1093 28.458432304038006 -47.72929292929293
1094 34.857142857142854 -51.02208835341366
1095 30.764248704663213 -62.862857142857145
1096 28.12713936430318 -59.457556935817806
1097 37.44634146341463 -67.37809917355372
1098 30.825 -64.25150905432595
1099 32.384415584415585 -57.8763557483731
1100 29.227040816326532 -62.81297709923664
1101 33.744471744471745 -50.93127962085308
1102 29.03309692671395 -53.40890688259109
1103 25.264705882352942 -52.845238095238095
1104 28.5 -50.74020618556701
1105 38.31266149870801 -58.63695652173913
1106 33.81679389312977 -60.60552268244576
1107 23.43846153846154 -54.42093023255814
1108 30.385749385749385 -48.33877551020408
1109 32.15071770334928 -67.26059322033899
1110 34.96551724137931 -61.74463519313305
1111 29.31051344743276 -53.145530145530145
1112 30.987244897959183 -64.84722222222223
1113 37.07365439093484 -58.44957983193277
1114 29.3860103626943 -56.94672131147541
1115 37.68258426966292 -59.502252252252255
1116 32.87988826815643 -55.51340206185567
1117 27.964285714285715 -61.5448275862069
1118 28.67616580310881 -64.14502164502164
1119 27.850415512465375 -57.16539440203562
1120 29.04368932038835 -60.75529411764706
1121 25.87935656836461 -63.22072072072072
1122 32.48586118251928 -65.05316973415133
1123 38.317460317460316 -63.85042735042735
1124 28.304582210242586 -56.828638497652584
1125 34.968973747016705 -64.57013574660634
1126 29.910025706940875 -52.63109048723898
1127 31.517060367454068 -52.16052060737527
1128 28.638297872340427 -58.39529914529915
1129 29.971830985915492 -55.682648401826484
1130 33.94808743169399 -54.32739420935412
1131 31.76883116883117 -54.97453703703704
1132 42.05730659025788 -67.40096618357488
1133 30.018087855297157 -66.512077294686
1134 25.304615384615385 -53.065462753950335
1135 33.91689750692521 -59.297052154195015
1136 27.548780487804876 -51.90845070422535
1137 34.44699140401146 -64.5793991416309
1138 26.15 -68.83371824480369
1139 36.84969325153374 -60.16990291262136
1140 28.0752688172043 -52.65228426395939
1141 24.990909090909092 -60.70379746835443
1142 34.72698412698413 -62.67042889390519
1143 31.98876404494382 -63.62953995157385
1144 31.435185185185187 -70.67352185089975
1145 26.78723404255319 -63.45780051150895
1146 29.646551724137932 -61.47764705882353
1147 33.04615384615385 -57.28463476070529
1148 35.881159420289855 -58.26289926289926
1149 28.31967213114754 -56.75174013921114
1150 31.968926553672315 -62.558411214953274
1151 29.766961651917406 -58.26302729528536
1152 39.937106918238996 -52.40533980582524
1153 34.87301587301587 -57.67160493827161
1154 35.271929824561404 -56.7046511627907
1155 35.28529411764706 -55.661458333333336
1156 25.72809667673716 -65.25
1157 33.70858895705521 -60.826405867970664
1158 30.263636363636362 -64.95989974937343
1159 25.288888888888888 -63.289855072463766
1160 28.455307262569832 -61.994219653179194
1161 39.56547619047619 -59.03712296983759
1162 37.888888888888886 -55.22222222222222
1163 35.608333333333334 -57.951945080091534
1164 29.692753623188405 -58.645994832041346
1165 30.78153846153846 -62.566489361702125
1166 25.66268656716418 -55.272277227722775
1167 27.433656957928804 -57.87626262626262
1168 28.715625 -64.51069518716578
1169 36.25925925925926 -59.357142857142854
1170 40.12662337662338 -66.3099730458221
1171 35.217791411042946 -49.69873417721519
1172 30.48421052631579 -74.23860589812332
1173 32.745222929936304 -61.82722513089005
1174 28.453125 -59.733167082294266
1175 32.886986301369866 -57.144329896907216
1176 32.82671480144404 -55.02570694087404
1177 33.26578073089701 -57.1328125
1178 24.70242214532872 -55.4593837535014
1179 33.06060606060606 -63.043956043956044
1180 30.934640522875817 -52.715817694369974
1181 29.594795539033456 -61.843589743589746
1182 32.64372469635627 -56.104395604395606
1183 31.70358306188925 -60.37275064267352
1184 40.08135593220339 -60.41616766467066
1185 37.491289198606275 -66.14016172506739
1186 25.76271186440678 -56.17094017094017
1187 37.32508833922262 -61.71653543307087
1188 23.815068493150687 -53.60056657223796
1189 43.696969696969695 -55.45959595959596
1190 21.340579710144926 -58.221556886227546
1191 29.374517374517374 -59.15977961432507
1192 34.091575091575095 -62.346504559270514
1193 40.1011673151751 -64.3764367816092
1194 25.487084870848708 -71.45923913043478
1195 31.168 -74.01988636363636
1196 29.363636363636363 -57.56545961002786
1197 33.67132867132867 -65.19061583577712
1198 28.416666666666668 -58.572784810126585
1199 39.86349206349206 -61.95264623955432
1200 22.962406015037594 -60.11437908496732
1201 28.02097902097902 -65.71067415730337
1202 31.73972602739726 -55.426332288401255
1203 28.97324414715719 -60.15501519756839
1204 40.767175572519086 -64.34782608695652
1205 34.4889705882353 -63.91793313069909
1206 37.667870036101085 -71.30311614730878
1207 28.609375 -60.41104294478528
1208 32.62352941176471 -61.214511041009466
1209 33.74576271186441 -57.3433734939759
1210 29.808 -56.353658536585364
1211 32.06506849315068 -74.77945619335347
1212 35.014925373134325 -76.69411764705882
1213 31.42168674698795 -72.95454545454545
1214 23.1900826446281 -60.98554913294798
1215 31.588 -54.467948717948715
1216 31.01498127340824 -52.08588957055215
1217 23.892857142857142 -58.81681681681682
1218 24.928571428571427 -63.19435736677116
1219 24.07509881422925 -70.63398692810458
1220 33.09963099630996 -53.22295081967213
1221 34.197080291970806 -55.54746835443038
1222 35.68525896414343 -86.11147540983606
1223 27.595667870036102 -60.58199356913183
1224 31.843621399176953 -64.93416927899686
1225 34.68231046931408 -59.65901639344262
1226 31.7 -63.83386581469649
1227 29.209486166007906 -73.7602523659306
1228 43.18959107806691 -54.73400673400673
1229 32.776119402985074 -57.69444444444444
1230 43.53658536585366 -68.60240963855422
1231 45.439516129032256 -54.75347222222222
1232 24.880165289256198 -68.75
1233 28.49264705882353 -60.14551083591331
1234 21.75609756097561 -64.3840830449827
1235 44.04545454545455 -64.34029850746269
1236 32.857142857142854 -61.81786941580756
1237 24.728033472803347 -64.22670807453416
1238 28.401544401544403 -56.25566343042071
1239 26.09009009009009 -61.30967741935484
1240 27.527881040892193 -63.60071942446043
1241 21.799145299145298 -54.893416927899686
1242 30.483985765124554 -61.778461538461535
1243 31.46747967479675 -67.22674418604652
1244 33.401826484018265 -77.17171717171718
1245 29.136170212765958 -58.23684210526316
1246 28.18141592920354 -67.56677524429968
1247 21.89075630252101 -64.02641509433963
1248 28.195918367346938 -70.39931740614334
1249 32.75728155339806 -58.21070234113712
1250 34.61363636363637 -63.00327868852459
1251 34.65022421524664 -68.04659498207886
1252 31.052 -64.9090909090909
1253 44.55940594059406 -68.84981684981685
1254 34.585470085470085 -60.56678700361011
1255 31.767772511848342 -72.50561797752809
1256 23.968609865470853 -64.22097378277154
1257 25.666666666666668 -67.6015625
1258 22.650224215246638 -59.447811447811446
1259 32.367441860465114 -71.10344827586206
1260 32.40756302521008 -54.421052631578945
1261 26.274509803921568 -53.69960474308301
1262 36.53883495145631 -60.00735294117647
1263 29.848101265822784 -63.67054263565891
1264 27.754032258064516 -51.7926267281106
1265 35.21052631578947 -74.24652777777777
1266 34.67256637168141 -76.32452830188679
1267 31.914691943127963 -64.11149825783973
1268 34.9873417721519 -73.54642857142858
1269 27.272727272727273 -63.668
1270 26.88888888888889 -64.19202898550725
1271 30.92982456140351 -63.16923076923077
1272 28.693617021276594 -65.31045751633987
1273 34.504950495049506 -59.494163424124515
1274 29.941463414634146 -73.2928870292887
1275 39.00947867298578 -56.130718954248366
1276 23.905 -78.21008403361344
1277 36.32432432432432 -57.19718309859155
1278 33.16580310880829 -69.70992366412214
1279 36.6078431372549 -74.86075949367088
1280 25.85483870967742 -58.25301204819277
1281 40.111111111111114 -52.27238805970149
1282 28.061946902654867 -61.09848484848485
1283 32.41951219512195 -55.3625
1284 33.0 -65.844
1285 32.1530612244898 -65.28148148148148
1286 27.14917127071823 -67.53333333333333
1287 30.97584541062802 -67.12295081967213
1288 28.373056994818654 -61.98412698412698
1289 30.080645161290324 -73.21789883268482
1290 26.14673913043478 -68.80722891566265
1291 44.21938775510204 -55.925619834710744
1292 27.287128712871286 -66.30172413793103
1293 28.89265536723164 -81.3030303030303
1294 40.142857142857146 -60.53007518796993
1295 20.125 -65.29777777777778
1296 32.18279569892473 -64.1344537815126
1297 33.82941176470588 -70.44594594594595
1298 29.490291262135923 -76.54326923076923
1299 25.949720670391063 -63.00420168067227
1300 25.78421052631579 -64.09734513274336
1301 41.919786096256686 -58.337899543378995
1302 32.33678756476684 -59.54585152838428
1303 29.07920792079208 -64.36
1304 33.45544554455446 -78.45622119815668
1305 37.08762886597938 -62.59574468085106
1306 26.526881720430108 -68.51666666666667
1307 32.00574712643678 -86.81860465116279
1308 28.11904761904762 -65.98467432950191
1309 27.535 -69.35772357723577
1310 28.057894736842105 -53.95
1311 25.792899408284022 -55.86697247706422
1312 26.424418604651162 -59.44019138755981
1313 35.199029126213595 -65.92640692640693
1314 30.32934131736527 -63.53211009174312
1315 21.261111111111113 -60.827586206896555
1316 26.49700598802395 -64.36821705426357
1317 31.475409836065573 -68.10714285714286
1318 29.49 -74.51091703056768
1319 34.93908629441624 -79.93385214007782
1320 23.711764705882352 -75.73728813559322
1321 27.47019867549669 -72.49603174603175
1322 28.764705882352942 -64.41441441441441
1323 24.91891891891892 -71.05583756345177
1324 23.025641025641026 -67.015625
1325 31.246835443037973 -59.6
1326 27.325581395348838 -51.57209302325582
1327 22.0 -69.70954356846472
1328 26.023809523809526 -69.38425925925925
1329 25.934673366834172 -67.14691943127963
1330 21.34502923976608 -63.03365384615385
1331 27.07547169811321 -69.90654205607477
1332 33.31944444444444 -57.081447963800905
1333 31.33125 -62.808035714285715
1334 24.971830985915492 -62.67741935483871
1335 28.174698795180724 -52.95145631067961
1336 17.521505376344088 -62.53658536585366
1337 21.855614973262032 -80.38248847926268
1338 25.810344827586206 -68.17777777777778
1339 18.39375 -75.02564102564102
1340 41.05084745762712 -61.02970297029703
1341 23.740112994350284 -65.98029556650246
1342 23.174496644295303 -72.9945652173913
1343 26.496815286624205 -77.7548076923077
1344 40.872727272727275 -74.5049504950495
1345 24.188235294117646 -79.84263959390863
1346 33.437869822485204 -61.608247422680414
1347 30.03267973856209 -75.48768472906404
1348 31.910714285714285 -59.654377880184335
1349 32.23376623376623 -47.14553990610329
1350 28.697986577181208 -74.31924882629107
1351 25.18354430379747 -69.95744680851064
1352 24.957831325301203 -67.69158878504673
1353 34.625850340136054 -57.67298578199052
1354 22.046783625730995 -82.18085106382979
1355 38.11046511627907 -55.15183246073298
1356 24.917241379310344 -54.161764705882355
1357 37.21341463414634 -70.01485148514851
1358 24.08092485549133 -71.0261780104712
1359 16.62142857142857 -57.45077720207254
1360 27.51219512195122 -69.92553191489361
1361 24.594771241830067 -51.893048128342244
1362 25.470238095238095 -61.62303664921466
1363 25.794871794871796 -57.316326530612244
1364 26.691358024691358 -60.73913043478261
1365 19.865030674846626 -69.95675675675676
1366 26.177419354838708 -72.5223880597015
1367 35.27127659574468 -61.76142131979695
1368 33.48351648351648 -57.13875598086124
1369 28.87421383647799 -54.43362831858407
1370 29.626666666666665 -65.96888888888888
1371 31.754716981132077 -83.2102564102564
1372 33.95238095238095 -58.84357541899441
1373 24.34285714285714 -66.10344827586206
1374 28.0 -61.8252427184466
1375 18.115384615384617 -70.57487922705315
1376 30.02857142857143 -52.74757281553398
1377 24.051724137931036 -52.84834123222749
1378 31.951724137931034 -45.63687150837989
1379 33.358620689655176 -87.02762430939227
1380 25.97241379310345 -63.31979695431472
1381 27.328767123287673 -70.88775510204081
1382 35.348387096774196 -67.12849162011173
1383 27.41007194244604 -62.137142857142855
1384 19.410852713178294 -57.719298245614034
1385 36.440298507462686 -65.74301675977654
1386 25.35 -59.52348993288591
1387 23.533333333333335 -80.38650306748467
1388 23.669172932330827 -74.47311827956989
1389 32.718120805369125 -65.89583333333333
1390 24.566037735849058 -75.33333333333333
1391 26.275590551181104 -80.15343915343915
1392 24.196202531645568 -74.90425531914893
1393 29.49230769230769 -54.01910828025478
1394 30.9375 -59.22435897435897
1395 16.35036496350365 -66.70949720670392
1396 36.87671232876713 -80.36871508379889
1397 22.258064516129032 -85.39772727272727
1398 25.24137931034483 -87.08187134502924
1399 28.651315789473685 -71.7719298245614
1400 37.105633802816904 -61.037267080745345
1401 36.1 -55.95882352941177
1402 30.450704225352112 -56.04891304347826
1403 37.88721804511278 -83.93333333333334
1404 22.151724137931033 -66.11827956989248
1405 19.12925170068027 -81.81132075471699
1406 20.015503875968992 -45.35761589403973
1407 26.53030303030303 -74.79354838709678
1408 25.880281690140844 -71.02673796791444
1409 24.802816901408452 -80.6067415730337
1410 35.16901408450704 -64.8476821192053
1411 30.391666666666666 -80.60119047619048
1412 38.27272727272727 -80.14012738853503
1413 22.333333333333332 -84.38181818181818
1414 28.475 -83.32142857142857
1415 33.95454545454545 -88.16666666666667
1416 32.817460317460316 -60.68627450980392
1417 29.570422535211268 -75.09876543209876
1418 36.84166666666667 -68.37714285714286
1419 20.666666666666668 -75.79878048780488
1420 41.57462686567164 -76.9620253164557
1421 37.965986394557824 -51.74242424242424
1422 32.078125 -88.75977653631286
1423 27.643478260869564 -69.59537572254335
1424 35.292307692307695 -73.01948051948052
1425 33.54255319148936 -57.810344827586206
1426 22.46564885496183 -55.542857142857144
1427 26.853846153846153 -61.45890410958904
1428 29.788990825688074 -77.40939597315436
1429 44.846715328467155 -78.20645161290322
1430 32.372262773722625 -55.37341772151899
1431 30.429906542056074 -75.55882352941177
1432 20.52991452991453 -65.1741935483871
1433 25.080357142857142 -93.23188405797102
1434 33.19047619047619 -53.71917808219178
1435 27.15126050420168 -55.28455284552845
1436 24.073394495412845 -58.98816568047337
1437 29.0 -53.74074074074074
1438 33.205882352941174 -44.29197080291971
1439 38.940677966101696 -65.39259259259259
1440 32.529411764705884 -89.109375
1441 52.324561403508774 -63.81761006289308
1442 36.27450980392157 -62.093023255813954
1443 30.065040650406505 -86.51470588235294
1444 33.02970297029703 -73.64615384615385
1445 22.34313725490196 -64.34959349593495
1446 40.71311475409836 -58.56390977443609
1447 32.043103448275865 -68.84126984126983
1448 19.6734693877551 -62.013888888888886
1449 24.142857142857142 -85.07692307692308
1450 35.096774193548384 -65.75
1451 31.660869565217393 -94.95833333333333
1452 28.603448275862068 -79.94444444444444
1453 23.150442477876105 -68.6796875
1454 33.20967741935484 -70.59420289855072
1455 30.43859649122807 -50.09489051094891
1456 28.1484375 -59.656
1457 33.5 -48.304597701149426
1458 41.93258426966292 -74.93430656934306
1459 32.51754385964912 -61.8974358974359
1460 29.784313725490197 -50.304
1461 34.80952380952381 -77.32352941176471
1462 29.54901960784314 -54.52054794520548
1463 35.72477064220183 -75.55244755244755
1464 22.15625 -53.1021897810219
1465 18.65 -83.53289473684211
1466 28.14406779661017 -81.81967213114754
1467 21.09375 -60.95862068965517
1468 25.41 -62.63025210084034
1469 21.561904761904763 -87.48571428571428
1470 31.974137931034484 -97.38255033557047
1471 35.93396226415094 -73.6260162601626
1472 29.256880733944953 -70.22222222222223
1473 24.245283018867923 -71.82608695652173
1474 35.98039215686274 -60.12781954887218
1475 33.73504273504273 -64.88957055214723
1476 20.61111111111111 -44.30769230769231
1477 36.0 -85.5
1478 30.245098039215687 -58.719298245614034
1479 30.377777777777776 -57.54676258992806
1480 18.640776699029125 -68.552
1481 26.49484536082474 -65.06306306306307
1482 37.666666666666664 -65.73504273504274
1483 28.544554455445546 -63.20454545454545
1484 36.8041237113402 -87.25384615384615
1485 35.035714285714285 -62.422413793103445
1486 16.695238095238096 -68.92700729927007
1487 33.532710280373834 -88.03333333333333
1488 31.89090909090909 -70.328
1489 25.054545454545455 -65.80434782608695
1490 16.921348314606742 -36.7563025210084
1491 28.285714285714285 -68.5
1492 36.87640449438202 -81.8076923076923
1493 25.561904761904763 -61.81147540983606
1494 17.736263736263737 -78.51612903225806
1495 30.49397590361446 -63.661417322834644
1496 18.46315789473684 -69.40776699029126
1497 48.41 -58.01075268817204
1498 23.355263157894736 -49.4070796460177
1499 37.01052631578948 -71.48113207547169
1500 36.111111111111114 -83.10084033613445
1501 31.611764705882354 -64.44444444444444
1502 40.37373737373738 -60.189655172413794
1503 29.930232558139537 -76.42990654205607
1504 46.8494623655914 -82.33644859813084
1505 39.370370370370374 -60.38317757009346
1506 19.89423076923077 -77.00925925925925
1507 25.620689655172413 -76.61344537815125
1508 51.83495145631068 -43.469026548672566
1509 21.274509803921568 -69.45794392523365
1510 25.69047619047619 -54.819047619047616
1511 34.989583333333336 -77.94736842105263
1512 22.0 -91.31147540983606
1513 34.943820224719104 -84.2248062015504
1514 29.97142857142857 -52.747899159663866
1515 36.204301075268816 -53.97029702970297
1516 21.921348314606742 -76.93406593406593
1517 34.03157894736842 -86.6875
1518 18.79047619047619 -77.55454545454545
1519 20.68807339449541 -59.31531531531532
1520 19.934579439252335 -71.43333333333334
1521 43.721518987341774 -82.54237288135593
1522 23.57943925233645 -65.55660377358491
1523 32.53763440860215 -35.765765765765764
1524 36.235955056179776 -88.15841584158416
1525 20.154929577464788 -69.01459854014598
1526 57.65882352941176 -98.44859813084112
1527 33.46511627906977 -68.30909090909091
1528 41.053763440860216 -54.8
1529 19.773333333333333 -59.244680851063826
1530 23.741176470588236 -87.75728155339806
1531 22.694736842105264 -98.3529411764706
1532 21.025316455696203 -48.75
1533 20.945054945054945 -117.95798319327731
1534 39.25581395348837 -54.25252525252525
1535 28.10891089108911 -111.12244897959184
1536 39.57608695652174 -58.54545454545455
1537 25.839080459770116 -66.96842105263158
1538 30.133333333333333 -63.36190476190476
1539 30.02247191011236 -110.61864406779661
1540 29.983333333333334 -65.7872340425532
1541 36.37313432835821 -87.04347826086956
1542 42.75 -40.386792452830186
1543 23.42105263157895 -71.27835051546391
1544 21.575757575757574 -63.9811320754717
1545 39.82666666666667 -41.11764705882353
1546 26.31081081081081 -71.06481481481481
1547 42.59722222222222 -79.17924528301887
1548 24.34328358208955 -69.98936170212765
1549 39.11290322580645 -98.41818181818182
1550 21.76923076923077 -59.49367088607595
1551 41.36206896551724 -55.645161290322584
1552 22.010752688172044 -60.90909090909091
1553 19.423076923076923 -85.14285714285714
1554 38.119565217391305 -70.56989247311827
1555 21.956521739130434 -61.883720930232556
1556 13.657142857142857 -91.20618556701031
1557 30.455696202531644 -62.41747572815534
1558 31.205882352941178 -94.04950495049505
1559 25.21311475409836 -54.72826086956522
1560 27.073170731707318 -76.38823529411765
1561 17.67058823529412 -73.0421052631579
1562 26.582089552238806 -62.73267326732673
1563 19.79268292682927 -66.59375
1564 29.70175438596491 -61.25
1565 24.818181818181817 -70.85714285714286
1566 40.416666666666664 -73.07142857142857
1567 49.8 -76.38947368421053
1568 29.506666666666668 -59.851351351351354
1569 31.379310344827587 -91.83516483516483
1570 31.11111111111111 -66.20833333333333
1571 36.08888888888889 -78.15463917525773
1572 38.78082191780822 -69.79047619047618
1573 28.152941176470588 -99.54444444444445
1574 25.93548387096774 -92.5909090909091
1575 16.166666666666668 -65.84146341463415
1576 21.87012987012987 -53.27272727272727
1577 13.793650793650794 -81.15853658536585
1578 20.264367816091955 -79.56976744186046
1579 24.52112676056338 -80.93617021276596
1580 34.050632911392405 -49.53061224489796
1581 23.92 -91.22448979591837
1582 32.305882352941175 -59.536842105263155
1583 31.423529411764704 -44.037974683544306
1584 31.87012987012987 -65.68888888888888
1585 24.0 -99.0
1586 28.11392405063291 -70.27619047619048
1587 20.577464788732396 -88.65168539325843
1588 26.214285714285715 -72.0
1589 23.444444444444443 -72.41489361702128
1590 62.55 -77.16883116883118
1591 45.25581395348837 -96.875
1592 33.21875 -89.58974358974359
1593 20.27536231884058 -71.76237623762377
1594 37.648648648648646 -62.895348837209305
1595 24.379310344827587 -59.666666666666664
1596 32.95522388059702 -62.53846153846154
1597 36.83870967741935 -61.13157894736842
1598 24.11764705882353 -64.07594936708861
1599 23.384615384615383 -46.472972972972975
1600 15.162162162162161 -99.7012987012987
1601 41.971830985915496 -107.22093023255815
1602 21.333333333333332 -70.49367088607595
1603 30.482142857142858 -86.08536585365853
1604 33.03636363636364 -101.47619047619048
1605 26.107692307692307 -58.76470588235294
1606 21.3 -61.53012048192771
1607 25.5 -75.11111111111111
1608 22.216666666666665 -54.8421052631579
1609 29.38095238095238 -87.11688311688312
1610 40.09230769230769 -92.57142857142857
1611 28.75 -68.8586956521739
1612 15.342105263157896 -115.79710144927536
1613 50.865671641791046 -79.0
1614 37.80487804878049 -57.804597701149426
1615 26.161290322580644 -71.61111111111111
1616 33.04615384615385 -78.01538461538462
1617 35.60377358490566 -89.5657894736842
1618 27.946428571428573 -66.88059701492537
1619 28.885245901639344 -71.32307692307693
1620 18.408163265306122 -122.36585365853658
1621 42.924528301886795 -54.026315789473685
1622 24.35185185185185 -54.87719298245614
1623 14.320754716981131 -88.93589743589743
1624 12.206896551724139 -91.36781609195403
1625 48.69387755102041 -66.09210526315789
1626 29.383333333333333 -71.8695652173913
1627 16.694915254237287 -108.24358974358974
1628 14.775510204081632 -82.65217391304348
1629 27.51063829787234 -72.66233766233766
1630 16.607142857142858 -61.492753623188406
1631 15.701754385964913 -52.02857142857143
1632 25.19402985074627 -66.85714285714286
1633 22.076923076923077 -54.03703703703704
1634 58.85454545454545 -41.21621621621622
1635 19.94736842105263 -78.0
1636 23.783132530120483 -59.410714285714285
1637 19.816666666666666 -71.16129032258064
1638 28.660714285714285 -59.93650793650794
1639 30.07017543859649 -73.2089552238806
1640 18.78125 -61.46875
1641 11.607843137254902 -112.56666666666666
1642 20.79310344827586 -93.42857142857143
1643 23.59016393442623 -113.87012987012987
1644 36.274193548387096 -82.52380952380952
1645 15.258620689655173 -45.486111111111114
1646 41.5 -89.02816901408451
1647 46.98076923076923 -75.79032258064517
1648 16.603448275862068 -96.40625
1649 42.089285714285715 -84.86567164179104
1650 22.327868852459016 -82.234375
1651 20.615384615384617 -67.32911392405063
1652 21.137254901960784 -42.671052631578945
1653 35.44155844155844 -105.3015873015873
1654 22.923076923076923 -97.79012345679013
1655 15.0 -124.0609756097561
1656 46.3968253968254 -37.21739130434783
1657 31.350877192982455 -57.4025974025974
1658 33.81666666666667 -65.04761904761905
1659 36.108695652173914 -48.66216216216216
1660 35.607142857142854 -122.62711864406779
1661 36.8235294117647 -60.904761904761905
1662 27.245283018867923 -69.08333333333333
1663 24.25 -42.953125
1664 18.551724137931036 -92.5
1665 17.428571428571427 -59.57575757575758
1666 28.120689655172413 -71.22058823529412
1667 20.69090909090909 -66.85454545454546
1668 45.023809523809526 -84.85135135135135
1669 51.53488372093023 -57.68333333333333
1670 32.93877551020408 -60.37931034482759
1671 16.955555555555556 -96.03896103896103
1672 26.089285714285715 -63.40384615384615
1673 20.92982456140351 -49.733333333333334
1674 22.654545454545456 -83.71875
1675 30.81132075471698 -83.43548387096774
1676 17.384615384615383 -66.74242424242425
1677 35.15217391304348 -38.19565217391305
1678 23.794117647058822 -86.06410256410257
1679 12.254545454545454 -67.49152542372882
1680 25.66 -63.42857142857143
1681 35.27450980392157 -103.64615384615385
1682 19.485714285714284 -61.875
1683 60.70967741935484 -55.983050847457626
1684 20.81081081081081 -92.46268656716418
1685 16.263157894736842 -135.56521739130434
1686 34.10344827586207 -107.0
1687 30.41860465116279 -59.095238095238095
1688 25.847826086956523 -82.25490196078431
1689 30.05263157894737 -84.80597014925372
1690 44.76470588235294 -63.31818181818182
1691 26.18 -50.629629629629626
1692 12.095238095238095 -76.05660377358491
1693 25.848484848484848 -49.03225806451613
1694 46.93333333333333 -59.90909090909091
1695 25.392857142857142 -121.77083333333333
1696 37.77777777777778 -57.083333333333336
1697 27.64 -85.53703703703704
1698 36.52173913043478 -57.435483870967744
1699 15.791666666666666 -80.56923076923077
1700 50.3469387755102 -49.6
1701 17.682926829268293 -64.8409090909091
1702 20.6875 -71.64150943396227
1703 40.78947368421053 -94.03076923076924
1704 18.944444444444443 -81.60344827586206
1705 16.333333333333332 -84.71739130434783
1706 43.08571428571429 -87.87301587301587
1707 24.9 -58.12068965517241
1708 29.74468085106383 -64.02222222222223
1709 47.666666666666664 -69.82758620689656
1710 23.266666666666666 -122.24193548387096
1711 47.191489361702125 -74.66666666666667
1712 31.78723404255319 -62.71875
1713 19.26086956521739 -80.73770491803279
1714 44.13157894736842 -53.05357142857143
1715 25.377777777777776 -76.76923076923077
1716 24.92105263157895 -71.6923076923077
1717 24.073170731707318 -44.910714285714285
1718 49.638888888888886 -48.220338983050844
1719 45.955555555555556 -63.92307692307692
1720 10.14 -81.8
1721 28.951219512195124 -72.18367346938776
1722 40.833333333333336 -132.7058823529412
1723 37.08571428571429 -36.55769230769231
1724 30.823529411764707 -94.39655172413794
1725 38.36363636363637 -42.345454545454544
1726 20.347826086956523 -67.04255319148936
1727 31.333333333333332 -79.4
1728 50.09375 -96.72881355932203
1729 17.82857142857143 -47.73684210526316
1730 23.285714285714285 -73.09433962264151
1731 16.314285714285713 -63.59016393442623
1732 23.166666666666668 -54.76744186046512
1733 21.029411764705884 -113.60377358490567
1734 17.76923076923077 -52.51020408163265
1735 21.25925925925926 -64.74193548387096
1736 26.325 -112.66
1737 22.545454545454547 -87.10526315789474
1738 15.477272727272727 -38.7
1739 20.923076923076923 -77.81818181818181
1740 43.73170731707317 -34.630434782608695
1741 7.333333333333333 -84.45833333333333
1742 29.652173913043477 -128.82
1743 33.48076923076923 -62.854166666666664
1744 19.76086956521739 -53.21568627450981
1745 24.75 -86.2
1746 20.822222222222223 -70.93023255813954
1747 30.641025641025642 -91.2
1748 23.42105263157895 -68.89090909090909
1749 18.82 -55.297872340425535
1750 13.142857142857142 -78.66666666666667
1751 27.692307692307693 -87.85714285714286
1752 35.80769230769231 -61.83050847457627
1753 37.53125 -78.75
1754 16.975 -55.78947368421053
1755 16.18421052631579 -101.58064516129032
1756 13.08695652173913 -70.52941176470588
1757 22.425 -77.04347826086956
1758 19.514285714285716 -40.80392156862745
1759 48.392857142857146 -76.06349206349206
1760 18.61904761904762 -64.48214285714286
1761 26.40909090909091 -45.19230769230769
1762 17.261904761904763 -107.85416666666667
1763 25.842105263157894 -91.06
1764 40.09375 -104.60526315789474
1765 14.565217391304348 -68.0
1766 31.0625 -48.41860465116279
1767 23.31111111111111 -55.5531914893617
1768 17.72222222222222 -79.5
1769 16.95 -84.24561403508773
1770 28.964912280701753 -62.1578947368421
1771 30.44736842105263 -63.13461538461539
1772 14.097560975609756 -63.625
1773 31.864864864864863 -41.442622950819676
1774 33.214285714285715 -57.867924528301884
1775 9.653846153846153 -37.68627450980392
1776 35.567567567567565 -124.42105263157895
1777 34.86666666666667 -79.0
1778 15.2 -18.452380952380953
1779 27.23076923076923 -60.26923076923077
1780 20.307692307692307 -94.04761904761905
1781 19.42105263157895 -76.14893617021276
1782 24.423076923076923 -60.51428571428571
1783 14.84375 -70.75925925925925
1784 14.456521739130435 -84.43636363636364
1785 30.275 -112.75675675675676
1786 54.51282051282051 -82.83928571428571
1787 18.543478260869566 -106.32608695652173
1788 27.975 -45.45652173913044
1789 33.05882352941177 -24.70212765957447
1790 23.975609756097562 -108.80851063829788
1791 35.38461538461539 -58.73809523809524
1792 29.32 -29.772727272727273
1793 50.84615384615385 -90.37142857142857
1794 44.15384615384615 -98.325
1795 51.53846153846154 -88.53658536585365
1796 11.5 -48.07142857142857
1797 33.666666666666664 -66.24489795918367
1798 8.5 -46.829787234042556
1799 31.689655172413794 -50.02127659574468
1800 26.53846153846154 -78.44680851063829
1801 44.125 -61.6764705882353
1802 29.096774193548388 -99.63888888888889
1803 17.321428571428573 -79.17073170731707
1804 32.5 -111.93478260869566
1805 7.219512195121951 -65.04444444444445
1806 19.846153846153847 -68.1304347826087
1807 44.24 -28.9375
1808 61.12 -98.1951219512195
1809 15.23076923076923 -59.84375
1810 33.22857142857143 -45.75
1811 35.628571428571426 -138.68421052631578
1812 53.26470588235294 -112.58333333333333
1813 26.258064516129032 -91.11111111111111
1814 22.238095238095237 -46.89473684210526
1815 25.586206896551722 -119.97222222222223
1816 40.925925925925924 -34.027027027027025
1817 11.193548387096774 -23.46875
1818 14.421052631578947 -84.5625
1819 18.942857142857143 -63.48837209302326
1820 45.78947368421053 -94.29787234042553
1821 30.125 -114.61290322580645
1822 20.428571428571427 -60.51020408163265
1823 25.8125 -51.24
1824 31.675 -58.666666666666664
1825 27.054054054054053 -77.93333333333334
1826 12.241379310344827 -33.61290322580645
1827 25.96153846153846 -69.3076923076923
1828 30.85185185185185 -68.09375
1829 12.5 -66.93333333333334
1830 23.87878787878788 -111.63888888888889
1831 9.933333333333334 -149.53333333333333
1832 50.357142857142854 -68.18367346938776
1833 18.864864864864863 -55.42857142857143
1834 34.55555555555556 -106.075
1835 27.93103448275862 -61.02857142857143
1836 22.548387096774192 -63.266666666666666
1837 32.26923076923077 -68.07692307692308
1838 17.823529411764707 -74.82926829268293
1839 27.310344827586206 -101.93333333333334
1840 11.363636363636363 -70.02702702702703
1841 15.333333333333334 -121.44827586206897
1842 28.346153846153847 -71.5
1843 16.22222222222222 -69.3076923076923
1844 29.130434782608695 -89.03225806451613
1845 30.24 -32.13513513513514
1846 12.238095238095237 -54.645161290322584
1847 49.22727272727273 -82.08108108108108
1848 31.363636363636363 -46.645161290322584
1849 21.454545454545453 -77.29411764705883
1850 16.076923076923077 -138.9090909090909
1851 16.0 -96.45454545454545
1852 10.16 -149.1764705882353
1853 47.05555555555556 -77.61363636363636
1854 19.842105263157894 -47.08108108108108
1855 16.95 -51.06060606060606
1856 10.25 -20.25
1857 9.88888888888889 -122.8
1858 18.375 -70.53846153846153
1859 21.80952380952381 -142.82142857142858
1860 23.14814814814815 -128.05555555555554
1861 35.970588235294116 -82.64285714285714
1862 22.11764705882353 -85.45
1863 35.666666666666664 -86.91176470588235
1864 16.03125 -42.69230769230769
1865 20.678571428571427 -68.16666666666667
1866 15.28 -69.67391304347827
1867 15.5625 -70.48717948717949
1868 41.0 -68.94444444444444
1869 25.130434782608695 -72.75757575757575
1870 28.066666666666666 -58.724137931034484
1871 27.88888888888889 -54.46875
1872 20.954545454545453 -104.08823529411765
1873 6.947368421052632 -64.24324324324324
1874 23.954545454545453 -76.38888888888889
1875 19.956521739130434 -82.14814814814815
1876 31.61111111111111 -146.51351351351352
1877 19.636363636363637 -76.8125
1878 18.1 -88.44117647058823
1879 25.620689655172413 -40.30434782608695
1880 49.48148148148148 -86.44117647058823
1881 13.851851851851851 -37.13333333333333
1882 30.46153846153846 -41.6
1883 24.15 -120.64
1884 15.321428571428571 -55.935483870967744
1885 31.57894736842105 -55.74193548387097
1886 40.357142857142854 -96.73913043478261
1887 9.923076923076923 -137.5
1888 20.105263157894736 -36.5
1889 63.88235294117647 -96.125
1890 10.636363636363637 -34.375
1891 19.142857142857142 -98.125
1892 41.26086956521739 -59.107142857142854
1893 7.260869565217392 -75.46666666666667
1894 26.791666666666668 -107.77272727272727
1895 48.888888888888886 -14.153846153846153
1896 7.363636363636363 -43.47826086956522
1897 8.0 -33.166666666666664
1898 35.63636363636363 -119.33333333333333
1899 32.333333333333336 -165.0
1900 11.090909090909092 -156.47619047619048
1901 14.466666666666667 -139.19230769230768
1902 20.45 -69.12903225806451
1903 24.333333333333332 -77.85
1904 9.055555555555555 -87.84
1905 30.2 -64.93103448275862
1906 29.666666666666668 -92.70833333333333
1907 29.285714285714285 -122.96428571428571
1908 19.5625 -60.74074074074074
1909 28.575757575757574 -18.45
1910 19.5625 -27.041666666666668
1911 8.5 -34.285714285714285
1912 49.0 -131.07142857142858
1913 17.666666666666668 -168.14285714285714
1914 16.22222222222222 -121.05
1915 8.0 -90.0
1916 41.61904761904762 -47.43333333333333
1917 33.94117647058823 -88.68181818181819
1918 18.6 -70.42857142857143
1919 22.125 -146.84375
1920 38.708333333333336 -10.5
1921 26.12 -99.06666666666666
1922 28.666666666666668 -32.43333333333333
1923 18.0 -96.75
1924 12.066666666666666 -83.12903225806451
1925 52.8 -76.9090909090909
1926 27.842105263157894 -71.72222222222223
1927 29.19047619047619 -50.57142857142857
1928 14.304347826086957 -135.1
1929 35.28 -83.95454545454545
1930 18.214285714285715 -87.55555555555556
1931 30.894736842105264 -54.19047619047619
1932 30.928571428571427 -168.05263157894737
1933 13.619047619047619 -87.2
1934 18.285714285714285 -134.83333333333334
1935 8.2 -98.43478260869566
1936 60.44 -149.94444444444446
1937 23.5 -78.47058823529412
1938 6.166666666666667 -93.07692307692308
1939 8.75 -86.0
1940 8.76923076923077 -87.11538461538461
1941 40.473684210526315 -64.0
1942 24.733333333333334 -21.727272727272727
1943 23.208333333333332 -127.03333333333333
1944 71.45454545454545 -73.47826086956522
1945 61.47826086956522 -59.90625
1946 5.529411764705882 -135.35
1947 16.333333333333332 -123.38888888888889
1948 23.785714285714285 -38.0
1949 28.529411764705884 -139.19230769230768
1950 14.142857142857142 -106.13333333333334
1951 15.866666666666667 -99.6470588235294
1952 19.142857142857142 -122.47368421052632
1953 65.92307692307692 -123.70833333333333
1954 20.333333333333332 -30.5
1955 43.26315789473684 -22.46153846153846
1956 13.521739130434783 -111.33333333333333
1957 15.307692307692308 -63.64705882352941
1958 10.666666666666666 -154.4375
1959 3.090909090909091 -77.875
1960 52.9 -45.46153846153846
1961 40.285714285714285 -187.30769230769232
1962 15.944444444444445 -161.9375
1963 10.142857142857142 -356.70588235294116
1964 34.95238095238095 -45.3125
1965 6.277777777777778 -36.27272727272727
1966 44.266666666666666 -123.44
1967 14.928571428571429 -55.411764705882355
1968 50.333333333333336 -108.6842105263158
1969 27.7 -26.0
1970 13.857142857142858 -117.76923076923077
1971 8.25 -43.63636363636363
1972 13.090909090909092 -134.07142857142858
1973 31.384615384615383 -25.75
1974 27.0 -99.35714285714286
1975 11.0 -25.166666666666668
1976 14.11111111111111 -133.58823529411765
1977 18.0 -142.28571428571428
1978 23.470588235294116 -20.142857142857142
1979 28.08695652173913 -21.058823529411764
1980 17.1 -50.833333333333336
1981 13.153846153846153 -54.23809523809524
1982 22.40909090909091 -175.04545454545453
1983 33.0 -41.7
1984 57.2 -94.88461538461539
1985 13.0625 -25.814814814814813
1986 65.0 -47.03846153846154
1987 47.875 -111.11764705882354
1988 31.166666666666668 -19.473684210526315
1989 11.294117647058824 -40.411764705882355
1990 12.4 -195.52941176470588
1991 35.53846153846154 -69.53846153846153
1992 32.84615384615385 -32.11764705882353
1993 19.46153846153846 -52.5
1994 17.666666666666668 -79.05882352941177
1995 18.85 -47.92857142857143
1996 36.35294117647059 -61.13636363636363
1997 14.25 -30.42105263157895
1998 30.428571428571427 -109.8695652173913
1999 9.11111111111111 -13.5
2000 25.285714285714285 -35.705882352941174
2001 34.07142857142857 -66.38461538461539
2002 55.333333333333336 -110.94117647058823
2003 11.0 -149.0
2004 18.384615384615383 -93.52941176470588
2005 40.15384615384615 -20.125
2006 50.88235294117647 -85.0909090909091
2007 6.090909090909091 -136.4375
2008 7.2727272727272725 -72.61538461538461
2009 34.6 -113.38888888888889
2010 60.42857142857143 -81.36842105263158
2011 18.176470588235293 -177.11764705882354
2012 25.0 -112.0
2013 21.5 -13.833333333333334
2014 6.4 -111.0
2015 31.25 -81.69565217391305
2016 28.444444444444443 -66.72727272727273
2017 7.190476190476191 -159.45
2018 21.357142857142858 -58.473684210526315
2019 35.7 -97.70588235294117
2020 42.375 -93.91666666666667
2021 17.4 -116.6923076923077
2022 61.583333333333336 -55.94444444444444
2023 30.1 -52.05
2024 30.545454545454547 -162.71428571428572
2025 46.111111111111114 -9.526315789473685
2026 41.86666666666667 -75.8
2027 37.0 -126.0625
2028 28.333333333333332 -16.77777777777778
2029 22.615384615384617 -130.64285714285714
2030 38.53846153846154 -126.66666666666667
2031 25.09090909090909 -88.6
2032 24.125 -106.93333333333334
2033 5.3 -99.25
2034 31.916666666666668 -44.1
2035 55.7 -111.23529411764706
2036 3.6 -223.9090909090909
2037 18.428571428571427 -48.421052631578945
2038 16.153846153846153 -146.14285714285714
2039 17.5 -50.5
2040 34.3 -72.68181818181819
2041 12.444444444444445 -149.0
2042 34.54545454545455 -111.57142857142857
2043 38.888888888888886 -126.61538461538461
2044 11.666666666666666 -85.13333333333334
2045 107.55555555555556 -115.94117647058823
2046 57.27272727272727 -18.642857142857142
2047 3.4 -20.7
2048 12.333333333333334 -46.083333333333336
2049 34.333333333333336 -44.05555555555556
2050 17.11111111111111 -124.72222222222223
2051 11.875 -30.11111111111111
2052 9.714285714285714 -36.44444444444444
2053 10.222222222222221 -45.8235294117647
2054 32.333333333333336 -42.53333333333333
2055 21.727272727272727 -23.333333333333332
2056 32.0 -7.1
2057 29.1 -19.928571428571427
2058 12.272727272727273 -20.666666666666668
2059 9.25 -172.92307692307693
2060 18.2 -51.77777777777778
2061 16.25 -62.083333333333336
2062 19.923076923076923 -87.35
2063 5.0 -71.625
2064 47.25 -49.36363636363637
2065 4.4 -108.92307692307692
2066 43.55555555555556 -190.36363636363637
2067 12.454545454545455 -71.0
2068 18.95 -151.85714285714286
2069 19.0 -35.333333333333336
2070 29.555555555555557 -5.230769230769231
2071 17.666666666666668 -212.83333333333334
2072 46.111111111111114 -200.65
2073 7.538461538461538 -141.83333333333334
2074 12.125 -36.94117647058823
2075 18.333333333333332 -12.176470588235293
2076 8.636363636363637 -23.7
2077 32.666666666666664 -70.2
2078 25.384615384615383 -156.83333333333334
2079 12.272727272727273 -109.0
2080 23.90909090909091 -10.923076923076923
2081 8.714285714285714 -96.42857142857143
2082 33.0 -52.857142857142854
2083 8.923076923076923 -194.9
2084 63.166666666666664 -75.3
2085 42.5 -120.84615384615384
2086 3.6666666666666665 -96.47619047619048
2087 8.461538461538462 -36.45454545454545
2088 3.3333333333333335 -89.6
2089 25.666666666666668 -18.083333333333332
2090 48.4 -71.4
2091 100.28571428571429 -7.545454545454546
2092 14.181818181818182 -75.0
2093 33.0 -131.76923076923077
2094 19.066666666666666 -45.72727272727273
2095 37.25 -69.07142857142857
2096 6.666666666666667 -128.66666666666666
2097 26.789473684210527 -137.33333333333334
2098 25.75 -142.8
2099 21.307692307692307 -74.55555555555556
2100 14.5 -152.6153846153846
2101 15.11111111111111 -60.625
2102 56.75 -52.083333333333336
2103 8.615384615384615 -19.636363636363637
2104 20.857142857142858 -76.4
2105 32.57142857142857 -135.66666666666666
2106 18.666666666666668 -165.66666666666666
2107 70.57142857142857 -45.1578947368421
2108 48.42857142857143 -26.545454545454547
2109 2.3333333333333335 -144.58823529411765
2110 60.3 -22.384615384615383
2111 8.8 -15.1
2112 28.636363636363637 -4.0
2113 38.0 -76.11111111111111
2114 36.875 -96.33333333333333
2115 23.714285714285715 -86.4
2116 39.2 -63.06666666666667
2117 22.153846153846153 -169.46153846153845
2118 35.333333333333336 -31.916666666666668
2119 15.666666666666666 -158.53846153846155
2120 29.636363636363637 -16.857142857142858
2121 215.0 -215.22222222222223
2122 5.714285714285714 -96.3
2123 16.714285714285715 -26.9
2124 12.454545454545455 -118.75
2125 8.833333333333334 -101.53333333333333
2126 62.0 -109.3
2127 29.166666666666668 -6.0
2128 22.11111111111111 -83.5
2129 7.285714285714286 -69.9
2130 4.333333333333333 -103.0
2131 29.22222222222222 -225.2
2132 4.5 -16.454545454545453
2133 42.6 -198.83333333333334
2134 14.846153846153847 -116.55555555555556
2135 21.625 -208.63636363636363
2136 20.0 -188.63636363636363
2137 6.857142857142857 -29.53846153846154
2138 30.571428571428573 -312.875
2139 11.818181818181818 -29.90909090909091
2140 4.0 -102.9090909090909
2141 40.75 -36.285714285714285
2142 9.0 -39.9
2143 30.8 -9.8
2144 6.25 -109.53333333333333
2145 5.222222222222222 -133.27272727272728
2146 84.0 -46.142857142857146
2147 52.25 -88.7
2148 15.6 -41.9
2149 13.11111111111111 -54.333333333333336
2150 20.555555555555557 -101.25
2151 16.25 -124.6
2152 56.22222222222222 -192.44444444444446
2153 8.88888888888889 -27.6
2154 18.6 -52.55555555555556
2155 26.714285714285715 -14.75
2156 11.0 -51.42857142857143
2157 71.0 -198.4
2158 4.444444444444445 -117.75
2159 8.166666666666666 -79.5
2160 12.0 -35.0
2161 14.7 -111.33333333333333
2162 17.444444444444443 -25.076923076923077
2163 32.44444444444444 -8.571428571428571
2164 24.46153846153846 -29.7
2165 36.166666666666664 -88.0
2166 40.2 -61.81818181818182
2167 15.428571428571429 -136.6
2168 31.0 -145.69230769230768
2169 5.166666666666667 -359.6
2170 14.125 -2.7142857142857144
2171 13.333333333333334 -49.0
2172 7.5 -58.4
2173 27.11111111111111 -16.25
2174 24.333333333333332 -22.2
2175 9.142857142857142 -930.0
2176 9.857142857142858 -54.25
2177 9.555555555555555 -245.33333333333334
2178 3.5 -52.8
2179 13.0 -66.66666666666667
2180 17.5 -105.83333333333333
2181 14.2 -239.5
2182 4.333333333333333 -84.42857142857143
2183 22.307692307692307 -8.5
2184 9.3 -121.0
2185 12.363636363636363 -6.0
2186 28.875 -143.9090909090909
2187 35.5 -117.625
2188 57.285714285714285 -125.375
2189 15.5 -179.75
2190 19.636363636363637 -13.625
2191 37.3 -33.09090909090909
2192 7.75 -190.66666666666666
2193 19.8 -116.0
2194 25.3 -58.111111111111114
2195 39.0 -270.0
2196 5.181818181818182 -82.91666666666667
2197 56.5 -180.4
2198 34.142857142857146 -83.61111111111111
2199 27.75 -67.875
2200 16.142857142857142 -180.88888888888889
2201 22.5 -126.66666666666667
2202 11.0 -104.3076923076923
2203 17.8 -42.0
2204 5.0 -272.6666666666667
2205 29.857142857142858 -55.06666666666667
2206 32.5 -237.75
2207 53.2 -50.733333333333334
2208 18.2 -193.33333333333334
2209 74.5 -172.33333333333334
2210 8.0 -92.125
2211 23.571428571428573 -26.22222222222222
2212 8.6 -91.5
2213 27.666666666666668 -56.5
2214 5.6 -99.91666666666667
2215 49.5 -206.83333333333334
2216 18.75 -138.125
2217 11.0 -23.8
2218 19.125 -98.15384615384616
2219 14.0 -9.375
2220 10.25 -139.9090909090909
2221 6.8 -49.5
2222 25.428571428571427 -52.45454545454545
2223 9.0 -77.83333333333333
2224 13.333333333333334 -65.18181818181819
2225 11.428571428571429 -116.77777777777777
2226 14.6 -15.444444444444445
2227 47.285714285714285 -13.5
2228 12.5 -13.923076923076923
2229 16.5 -197.75
2230 6.571428571428571 -98.72727272727273
2231 19.333333333333332 -9.375
2232 5.0 -5.2
2233 14.4 -194.55555555555554
2234 11.142857142857142 -68.0
2235 12.25 -45.5
2236 29.22222222222222 -274.0
2237 9.142857142857142 -92.92857142857143
2238 15.0 -80.0909090909091
2239 5.625 -219.66666666666666
2240 6.666666666666667 -38.375
2241 34.69230769230769 -89.78571428571429
2242 21.333333333333332 -92.45454545454545
2243 4.25 -163.9
2244 5.666666666666667 -27.75
2245 15.333333333333334 -83.46153846153847
2246 5.75 -144.25
2247 22.333333333333332 -4.0
2248 10.0 -99.77777777777777
2249 16.833333333333332 -10.666666666666666
2250 44.285714285714285 -32.5
2251 7.333333333333333 -74.16666666666667
2252 59.57142857142857 -6.888888888888889
2253 9.166666666666666 -42.0
2254 14.285714285714286 -135.0
2255 11.5 -145.625
2256 54.333333333333336 -119.85714285714286
2257 14.571428571428571 -177.42857142857142
2258 11.0 -10.2
2259 8.2 -54.42857142857143
2260 3.3333333333333335 -4.5
2261 85.2 -85.0
2262 19.2 -18.0
2263 63.5 -5.285714285714286
2264 5.4 -51.0
2265 11.5 -41.083333333333336
2266 5.0 -189.0
2267 10.272727272727273 -226.0
2268 10.25 -23.5
2269 8.666666666666666 -77.33333333333333
2270 16.0 -6.5
2271 2.0 -183.14285714285714
2272 6.4 -130.33333333333334
2273 7.714285714285714 -3.857142857142857
2274 9.5 -93.0
2275 2.6 -170.5
2276 3.0 -87.5
2277 2.25 -31.5
2278 20.0 -22.75
2279 40.0 -152.14285714285714
2280 4.4 -556.0
2281 29.5 -211.85714285714286
2282 28.375 -48.25
2283 3.3333333333333335 -183.5
2284 13.8 -121.875
2285 5.0 -16.333333333333332
2286 5.5 -11.333333333333334
2287 36.833333333333336 -166.4
2288 3.5 -130.2
2289 18.0 -26.666666666666668
2290 19.0 -166.75
2291 3.0 -7.0
2292 11.25 -8.75
2293 15.0 -5.5
2294 8.428571428571429 -71.71428571428571
2295 5.0 -10.6
2296 31.5 -144.0
2297 10.571428571428571 -51.42857142857143
2298 2.3333333333333335 -546.0
2299 3.8333333333333335 -69.33333333333333
2300 17.4 -13.25
2301 11.6 -13.5
2302 144.33333333333334 -12.6
2303 16.833333333333332 -66.83333333333333
2304 4.0 -252.8
2305 7.0 -27.0
2306 45.2 -89.33333333333333
2307 5.333333333333333 -227.2
2308 2.0 -9.2
2309 3.0 -66.25
2310 61.142857142857146 -156.66666666666666
2311 5.5 -20.125
2312 36.5 -181.75
2313 5.142857142857143 -12.333333333333334
2314 21.0 0
2315 85.4 -4.285714285714286
2316 12.0 -214.0
2317 29.428571428571427 -4.5
2318 35.5 -274.5
2319 3.0 -8.8
2320 38.0 -2.5
2321 4.666666666666667 -50.25
2322 46.2 -146.66666666666666
2323 18.666666666666668 -150.8
2324 8.0 -13.666666666666666
2325 4.0 0
2326 54.22222222222222 -143.0
2327 9.75 -244.16666666666666
2328 4.4 -204.5
2329 11.0 -292.75
2330 10.333333333333334 -126.33333333333333
2331 23.25 -19.0
2332 4.0 -13.25
2333 5.5 -48.0
2334 13.5 -59.857142857142854
2335 13.6 -47.5
2336 26.0 -56.875
2337 23.8 -97.2
2338 12.666666666666666 -120.14285714285714
2339 7.2 -163.16666666666666
2340 2.0 -9.0
2341 3.0 -354.0
2342 20.25 -5.333333333333333
2343 3.0 -103.14285714285714
2344 2.5 -5.333333333333333
2345 53.666666666666664 -2.0
2346 28.428571428571427 -3.6666666666666665
2347 7.4 -217.66666666666666
2348 6.25 -56.25
2349 24.0 -9.333333333333334
2350 14.0 -15.333333333333334
2351 4.5 -106.125
2352 103.5 -21.25
2353 19.0 -8.5
2354 3.0 -109.83333333333333
2355 0 -9.75
2356 6.333333333333333 -193.5
2357 2.0 -36.0
2358 6.0 -232.0
2359 20.4 -30.4
2360 29.0 -20.166666666666668
2361 2.0 -215.0
2362 18.0 -3.0
2363 17.0 -54.0
2364 5.666666666666667 -141.25
2365 24.0 -63.333333333333336
2366 10.75 -311.0
2367 8.5 -49.57142857142857
2368 87.0 -223.16666666666666
2369 5.5 -9.6
2370 12.5 -8.0
2371 16.0 -9.666666666666666
2372 8.333333333333334 -13.571428571428571
2373 29.0 -47.57142857142857
2374 5.0 -87.14285714285714
2375 69.5 -34.333333333333336
2376 9.0 -75.57142857142857
2377 9.8 -4.6
2378 38.0 -39.857142857142854
2379 0 -230.0
2380 6.8 -239.33333333333334
2381 0 -91.16666666666667
2382 8.25 -223.8
2383 2.75 -72.22222222222223
2384 0 -245.0
2385 11.0 -3.5
2386 45.333333333333336 -179.4
2387 40.25 0
2388 5.0 -20.5
2389 2.5 -57.5
2390 25.0 -18.333333333333332
2391 3.3333333333333335 -64.0
2392 2.0 -5.0
2393 18.333333333333332 -144.25
2394 5.0 -214.25
2395 14.0 -36.333333333333336
2396 19.333333333333332 -14.25
2397 53.0 -114.0
2398 3.5 -12.0
2399 8.5 -75.33333333333333
2400 88.5 -18.0
2401 38.5 -62.0
2402 0 -33.5
2403 2.0 -15.666666666666666
2404 0 -551.5
2405 15.0 -20.5
2406 6.75 -2.0
2407 12.25 -108.25
2408 4.0 -2.0
2409 27.5 -163.33333333333334
2410 7.5 -3.0
2411 90.0 -5.0
2412 6.5 -94.5
2413 11.0 -21.166666666666668
2414 29.5 -147.5
2415 6.0 -140.33333333333334
2416 19.666666666666668 -2.5
2417 2.0 -162.66666666666666
2418 29.0 -39.625
2419 2.0 -138.2
2420 0 -3.0
2421 3.0 -17.0
2422 0 -81.0
2423 42.5 -258.2
2424 4.0 -2.0
2425 5.0 -571.0
2426 2.3333333333333335 -13.0
2427 2.0 -81.0
2428 67.25 -65.0
2429 3.0 -451.0
2430 7.0 -15.0
2431 4.0 -30.666666666666668
2432 21.5 -14.5
2433 18.0 -2.0
2434 8.0 -37.0
2435 0 -399.5
2436 6.0 0
2437 7.666666666666667 -3.0
2438 6.333333333333333 -67.33333333333333
2439 8.0 -205.0
2440 37.0 -42.5
2441 2.0 -54.5
2442 20.0 -2.0
2443 4.0 -94.66666666666667
2444 2.3333333333333335 -2.0
2445 15.0 -214.0
2446 7.0 -4.0
2447 35.0 -24.333333333333332
2448 4.0 0
2449 8.75 -25.0
2450 9.0 -20.0
2451 4.75 -221.8
2452 47.0 -26.833333333333332
2453 0 -2.3333333333333335
2454 6.25 -122.25
2455 11.0 0
2456 4.0 -45.5
2457 0 -1131.0
2458 17.75 -3.0
2459 0 -5.0
2460 16.5 -41.5
2461 0 -33.0
2462 3.0 -5.75
2463 10.75 -295.75
2464 3.0 0
2465 4.0 -2.5
2466 15.5 -17.75
2467 6.5 -197.5
2468 5.0 -184.0
2469 8.25 -3.0
2470 5.5 -23.0
2471 3.0 -5.0
2472 12.0 -2.6666666666666665
2473 2.0 -2.5
2474 2.5 -4.6
2475 2.0 -128.66666666666666
2476 2.0 -138.25
2477 0 -213.5
2478 34.0 -15.5
2479 3.0 -160.0
2480 2.0 -125.0
2481 3.0 -50.25
2482 3.0 -69.0
2483 12.0 -5.5
2484 2.0 -26.0
2485 53.5 -4.0
2486 0 -37.5
2487 2.0 -35.0
2488 16.0 0
2489 22.0 -8.0
2490 17.0 -2.0
2491 0 0
2492 2.0 0
2493 0 0
2494 51.75 -60.5
2495 0 0
2496 2.6666666666666665 0
2497 10.333333333333334 -880.0
2498 3.0 -54.0
2499 21.0 -17.4
2500 68.0 -2.0
2501 19.0 -4.0
2502 68.0 -12.0
2503 0 -46.0
2504 16.0 0
2505 17.0 -5.0
2506 3.0 -97.75
2507 0 -53.4
2508 8.0 -293.0
2509 7.0 0
2510 7.0 -85.25
2511 0 -48.5
2512 4.0 -10.0
2513 2.0 -2.0
2514 35.5 -383.0
2515 23.0 -5.0
2516 8.0 -2.5
2517 3.0 -4.0
2518 7.25 -11.0
2519 28.666666666666668 -5.0
2520 4.0 -2.0
2521 0 -3.0
2522 2.0 -28.5
2523 5.75 -6.5
2524 73.5 -6.0
2525 4.5 -197.0
2526 2.5 -7.25
2527 2.0 -3.0
2528 0 -5.5
2529 3.3333333333333335 -203.0
2530 2.0 -149.0
2531 2.0 -9.0
2532 3.5 0
2533 7.5 -276.8
2534 6.0 -11.0
2535 0 -7.0
2536 10.5 -178.0
2537 53.0 -13.0
2538 2.5 -524.0
2539 50.0 -4.5
2540 66.4 -146.0
2541 2.0 -2.0
2542 13.333333333333334 -3.0
2543 0 0
2544 15.0 -348.0
2545 0 -348.6666666666667
2546 0 -41.0
2547 0 0
2548 3.0 -2.0
2549 12.0 -2.0
2550 5.0 -29.5
2551 0 -439.0
2552 0 -9.5
2553 0 0
2554 0 -28.0
2555 7.5 -66.66666666666667
2556 3.0 -27.333333333333332
2557 2.0 0
2558 4.0 -2.0
2559 6.0 -13.0
2560 17.0 -630.0
2561 11.0 -1259.0
2562 0 -10.0
2563 6.5 -409.0
2564 0 -194.0
2565 0 -13.5
2566 0 -4.0
2567 5.0 -11.5
2568 0 0
2569 2.0 0
2570 0 0
2571 6.0 -20.2
2572 0 -440.0
2573 3.5 -61.25
2574 0 0
2575 0 0
2576 3.0 -19.0
2577 3.3333333333333335 0
2578 7.5 -57.0
2579 0 0
2580 0 -3.6666666666666665
2581 0 0
2582 0 -105.0
2583 0 0
2584 12.0 0
2586 3.0 0
2587 0 0
2588 0 0
2589 0 -8.0
2590 0 0
2591 0 -18.0
2592 2.0 0
2593 34.0 0
2594 10.0 -76.0
2595 0 0
2596 3.0 -915.0
2597 11.0 -5.0
2598 0 -111.0
2599 0 -4.0
2600 0 -388.3333333333333
2601 3.0 -14.5
2602 0 -5.0
2603 0 0
2604 2.0 -6.0
2605 0 -650.0
2606 6.0 0
2607 2.0 0
2608 62.5 0
2609 0 -8.0
2610 3.0 0
2611 2.0 -28.0
2612 22.0 -6.0
2613 2.0 -3.0
2614 8.0 0
2615 0 -2.0
2616 0 0
2617 4.0 0
2618 0 -398.0
2619 0 0
2620 0 -27.0
2621 0 -422.0
2622 0 0
2623 0 -14.0
2624 0 -267.0
2625 0 -108.0
2626 33.0 -2.0
2627 0 0
2628 0 0
2629 0 0
2630 0 -4.0
2631 0 0
2632 0 -7.0
2633 0 0
2634 12.0 0
2638 0 -203.0
2640 0 0
2641 18.0 0
2642 0 -203.0
2646 9.0 0
2647 0 -7.0
2652 3.0 0
2653 0 0
2654 0 -2.0
2655 10.0 0
2656 11.0 -121.5
2657 0 0
2659 10.0 -256.0
2660 14.0 0
2661 0 -2.0
2662 0 0
2663 0 0
2664 2.0 0
2665 0 -68.5
2666 11.0 0
2667 3.0 0
2669 0 -653.0
2670 0 0
2671 0 -2.0
2672 2.0 0
2673 0 0
2674 0 -6.5
2675 0 0
2676 47.0 0
2677 0 0
2678 6.5 0
2679 25.0 0
2680 0 -928.0
2681 0 0
2682 0 0
2683 2.0 0
2684 0 0
2685 3.0 -13.0
2686 2.0 0
2687 2.0 -918.0
2688 7.0 -2.0
2689 0 0
2690 0 -3.0
2691 5.5 0
2692 0 -2.0
2693 0 -2.0
2694 13.0 -12.0
2695 110.0 0
2696 0 -2.0
2699 159.0 0
2700 2.0 0
2701 2.5 0
2702 7.5 -8.0
2703 0 0
2704 0 0
2705 140.0 0
2706 2.5 0
2707 0 -318.5
2708 0 0
2709 0 0
2710 0 -31.0
2711 0 0
2712 0 0
2713 0 0
2714 0 -21.0
2715 5.0 -606.0
2716 6.0 0
2717 0 0
2718 0 -4.5
2719 0 -2.0
2720 0 -2.0
2721 0 0
2722 0 -468.5
2723 0 -4.0
2724 0 -6.0
2725 0 -2.0
2726 9.0 0
2727 0 0
2728 4.0 0
2729 0 0
2730 0 -293.0
2731 0 0
2732 0 0
2733 6.0 -4.0
2734 2.0 -160.0
2735 3.3333333333333335 -2.0
2736 8.8 -4.0
2737 0 0
2738 0 -2.0
2739 0 -379.3333333333333
2740 0 0
2741 0 0
2742 4.0 0
2743 3.0 -3.0
2744 0 -421.0
2745 7.0 -306.0
2746 0 -5.0
2747 0 0
2748 4.0 -11.0
2750 2.0 -4.0
2751 0 -19.0
2752 0 -120.5
2753 2.0 0
2755 3.0 0
2758 2.0 0
2760 0 0
2761 0 0
2762 0 -29.0
2765 0 0
2766 2.0 0
2767 0 0
2768 0 -33.0
2775 0 0
2776 0 0
2777 0 -1198.0
2803 0 -27.0
2828 0 0
2829 0 -26.0
2830 0 0
2831 0 -2.0
2839 23.0 -8.0
2840 312.0 0
2841 0 -703.5
2842 0 0
2843 0 0
2844 0 -2.0
2845 0 -5.0
2846 4.0 0
2847 0 0
2848 0 -2.0
2849 2.0 -3.0
2850 0 0
2851 0 -7.0
2852 0 -2.0
2853 7.0 0
2858 0 -6.0
2859 10.0 0
2860 0 0
2861 0 -312.0
2862 0 -3.0
2863 0 -12.0
2869 0 0
2870 0 -7.0
2903 0 -194.0
2904 0 0
2905 0 0
2906 0 -2.0
3013 0 -248.0
3015 0 0
3016 0 -3.0
3017 0 -2.0
3018 0 0
3077 0 0
3078 0 0
3079 0 0
3080 16.0 0
3096 0 -349.0
3140 0 -63.0
3141 0 0
3142 0 0
3145 0 0
3146 0 -4.0
3150 0 0
3151 0 -5.0
3152 0 0
3153 0 0
