0 0.0583648681640625
1 0.0668792724609375
2 0.1027069091796875
3 0.0631866455078125
4 0.1393585205078125
5 0.101898193359375
6 0.1518096923828125
7 0.1187591552734375
8 0.124237060546875
9 0.101837158203125
10 0.2006683349609375
11 0.1424407958984375
12 0.1005859375
13 0.1129302978515625
14 0.15472412109375
15 0.0543365478515625
16 0.1115570068359375
17 0.17108154296875
18 0.1070404052734375
19 0.150238037109375
20 0.0746307373046875
21 0.1270751953125
22 0.1038818359375
23 0.184814453125
24 0.0832977294921875
25 0.1273651123046875
26 0.1056365966796875
27 0.1390228271484375
28 0.0667724609375
29 0.148162841796875
30 0.1854248046875
31 0.068511962890625
32 0.110809326171875
33 0.0924224853515625
34 0.1378326416015625
35 0.1165313720703125
36 0.109405517578125
37 0.129730224609375
38 0.1527862548828125
39 0.1151123046875
40 0.1168975830078125
41 0.127593994140625
42 0.1444854736328125
43 0.08892822265625
44 0.119110107421875
45 0.13385009765625
46 0.1294097900390625
47 0.0525665283203125
48 0.147705078125
49 0.1509552001953125
50 0.0514068603515625
51 0.080169677734375
52 0.0854339599609375
53 0.18310546875
54 0.1942596435546875
55 0.1001129150390625
56 0.1486968994140625
57 0.1533050537109375
58 0.121917724609375
59 0.0991668701171875
60 0.135650634765625
61 0.07781982421875
62 0.088836669921875
63 0.1766510009765625
