1 2.1043940550615194 0.0
2 2.3331483485991527 0.0
3 2.6557187839074103 -0.6676524619956147
4 2.959854939538027 -0.8037510227400413
5 3.220047139852935 -0.9624558934969245
6 3.438283330224039 -1.071418329347959
7 3.619887813394213 -1.1998776375159428
8 3.7674527942260285 -1.2860584738284335
9 3.8985744941753526 -1.3895686034812529
10 4.01188836261393 -1.4699463725589397
11 4.100736363426513 -1.5649545818861876
12 4.150909860347016 -1.6399035187287174
13 4.213154564421794 -1.7212198820556024
14 4.272410865874363 -1.7876049426273544
15 4.362153594437059 -1.8723524801465519
16 4.356206917965596 -1.9096504405928385
17 4.351770247682723 -1.9726254052381658
18 4.470446320868517 -2.0701593285325344
19 4.39385757678029 -2.1275684767857483
20 4.399206240591214 -2.180589428577941
21 4.411676396997498 -2.2718394215723303
22 4.454858299595141 -2.294217188974584
23 4.5014381591562795 -2.382318773234201
24 4.426749703440095 -2.505747659219431
25 4.408560311284047 -2.49239417989418
26 4.47645311837081 -2.5488589818607372
27 4.408560311284047 -2.6007942069609906
28 4.33560794044665 -2.6567451231797783
29 4.342322097378277 -2.716928069226609
30 4.50314465408805 -2.7191314403186433
31 4.5271739130434785 -2.8305455682351104
32 4.269861286254729 -2.8034315553897797
33 4.4561983471074385 -3.015765765765766
34 4.173469387755102 -3.0247603833865813
35 4.334056399132321 -2.913646391427671
36 4.343163538873995 -3.034178610804851
37 4.226351351351352 -3.1768077601410933
38 4.109803921568627 -3.0644654088050314
39 3.970464135021097 -3.438949938949939
40 4.147982062780269 -3.2300949598246897
41 4.723076923076923 -3.1897616946160636
42 4.664 -3.4375667022411953
43 3.707547169811321 -3.5153751537515374
44 4.7011494252873565 -3.590975254730713
45 4.666666666666667 -3.391382405745063
46 4.0 -3.9563218390804598
47 4.979166666666667 -4.097323600973236
48 4.913043478260869 -3.7044025157232703
49 4.107142857142857 -3.5444015444015444
50 4.129032258064516 -4.045643153526971
51 5.2727272727272725 -3.115606936416185
52 4.153846153846154 -3.114503816793893
53 4.4375 -3.8823529411764706
54 3.875 -3.8607594936708862
55 4.611111111111111 -3.8433734939759034
56 4.375 -4.076923076923077
57 4.666666666666667 -4.492063492063492
58 7.6 -3.6382978723404253
59 4.571428571428571 -3.625
60 3.4 -4.34
61 4.428571428571429 -1.9166666666666667
62 2.0 -2.736842105263158
63 4.333333333333333 -5.2631578947368425
64 3.75 -3.611111111111111
65 5.666666666666667 -8.4375
66 3.6666666666666665 -4.8
67 7.0 -2.6666666666666665
68 4.0 -3.6
69 0 -3.7
70 0 -1.2
71 2.0 -2.6
72 0 -8.375
73 3.0 -1.0
74 0 0.0
75 0 0
76 5.0 -3.3333333333333335
77 0 -21.0
78 0 0.0
79 0 -13.0
80 0 -22.5
81 0 -2.0
82 0 0.0
83 0 0
84 0 0
85 0 -3.0
