0 0.0
1 0.0002593994140625
2 4.57763671875e-05
3 0.001007080078125
4 0.0025634765625
5 0.0031585693359375
6 0.0025177001953125
7 0.0032806396484375
8 0.0012664794921875
9 0.001007080078125
10 0.000274658203125
11 0.0011444091796875
12 0.0004730224609375
13 0.0009307861328125
14 0.0001678466796875
15 0.000762939453125
16 0.00018310546875
17 0.0018157958984375
18 0.0019073486328125
19 0.0038604736328125
20 0.0002899169921875
21 0.0035552978515625
22 0.0
23 0.0013275146484375
24 0.0
25 0.0
26 0.0015106201171875
27 0.0016326904296875
28 0.0019989013671875
29 0.0014801025390625
30 0.001983642578125
31 0.0011138916015625
32 0.0
33 0.0011138916015625
34 0.0
35 0.0007476806640625
36 0.000274658203125
37 0.0006561279296875
38 0.0002593994140625
39 0.0028839111328125
40 0.0026397705078125
41 0.0016021728515625
42 0.0025177001953125
43 0.001922607421875
44 0.0
45 0.0002899169921875
46 0.0
47 0.0
48 0.000335693359375
49 0.00274658203125
50 0.0004119873046875
51 0.001983642578125
52 0.0006561279296875
53 0.0005645751953125
54 0.0013427734375
55 0.0025482177734375
56 0.0001678466796875
57 0.0
58 0.0
59 0.00323486328125
60 0.002685546875
61 0.000396728515625
62 0.000335693359375
63 0.0015106201171875
