1 0.18338550816843435 1.2758340053895871 1659804
2 0.2235927288356277 1.49534551570073 1582140
3 0.09704515086938775 2.3138504399541353 1487081
4 0.06250488591532835 2.823153795795371 1291979
5 0.008218040801708903 3.3956672581237455 1105738
6 -0.03648827453879924 3.887227092548278 931861
7 -0.10164639697650518 4.453310076750538 784258
8 -0.15579316021122744 4.8971130623791685 657301
9 -0.2067128811562684 5.462203861153907 551775
10 -0.26154237741481806 5.893234598095009 463596
11 -0.32955074832383185 6.4230034953945445 388535
12 -0.3801880839143618 6.837482847756916 324855
13 -0.43468113615949816 7.371121810551789 271652
14 -0.48538346142509603 7.7431148802767344 227311
15 -0.5402066158822916 8.369451986945691 191660
16 -0.5836810037853984 8.70394302851026 160353
17 -0.6310899648785759 9.129492394061634 133252
18 -0.6765606892276733 9.812063411230168 111313
19 -0.7344264404671264 10.120042367354433 93251
20 -0.7736318089209518 10.515433932630252 78041
21 -0.8529583167193203 11.210565965412766 65206
22 -0.8577398155477423 11.609348034802073 54323
23 -0.9103241719520789 12.415892354391053 45408
24 -0.9969926398818161 13.056629571344251 37907
25 -0.9901036610190723 13.151698122729698 31931
26 -1.0298651252408477 13.84533602745872 26988
27 -1.0491766997167138 14.56765070319647 22592
28 -1.125839983200336 14.72896690257606 19048
29 -1.172895455674199 15.333839468335444 16108
30 -1.1890703049280549 16.098301476679524 13413
31 -1.2260846133117758 17.0611645583665 11133
32 -1.2543678784590342 17.03459161073164 9215
33 -1.3680781758957654 18.728752984116543 7675
34 -1.3269493844049247 18.544418889518923 6579
35 -1.296551724137931 18.09499718380374 5510
36 -1.4331597222222223 19.538067099488813 4608
37 -1.4932449655875606 20.494155236193752 3923
38 -1.4228571428571428 20.099086573576802 3325
39 -1.6411618845200142 23.76886184520679 2823
40 -1.4961636828644502 23.183489118987975 2346
41 -1.507700205338809 22.349530029219668 1948
42 -1.5646630236794172 25.23306823799523 1647
43 -1.740343347639485 24.876069123886356 1398
44 -1.7601031814273431 26.79111675633554 1163
45 -1.765093304061471 26.122645408418393 911
46 -1.8254172015404364 30.05424485161682 779
47 -2.1481481481481484 32.39879286694101 675
48 -2.1383399209486167 31.850427283663237 506
49 -1.7234513274336283 24.94343233612656 452
50 -2.2153846153846155 34.10232741617357 390
51 -1.5121951219512195 27.678422707572025 287
52 -1.5422222222222222 22.319328395061724 225
53 -2.046153846153846 35.67479289940829 195
54 -1.4615384615384615 27.863905325443785 156
55 -1.477124183006536 27.29522833098381 153
56 -2.267716535433071 34.070060140120276 127
57 -2.4 40.08761904761904 105
58 -1.1616161616161615 32.236506478930714 99
59 -1.7525773195876289 36.08311191412478 97
60 -2.5443037974683542 34.956897933023555 79
61 -0.4444444444444444 11.66358024691358 72
62 -2.0377358490566038 23.31933072267712 53
63 -1.9487179487179487 45.228139381985535 39
64 -1.3055555555555556 33.878858024691354 36
65 -4.0 103.86206896551724 29
66 -3.8333333333333335 50.22222222222222 24
67 -0.5 15.5 16
68 -1.3157894736842106 50.637119113573405 19
69 -2.857142857142857 25.26530612244898 14
70 -0.2727272727272727 2.380165289256199 11
71 -0.8181818181818182 11.785123966942148 11
72 -6.181818181818182 104.51239669421487 11
73 -0.7142857142857143 5.061224489795919 7
74 -1.0 0.0 2
75 1.0 0.0 3
76 0.14285714285714285 17.55102040816326 7
77 -6.333333333333333 107.55555555555556 3
78 0.0 1.0 2
79 -6.0 49.0 2
80 -22.5 20.25 2
81 -2.0 0.0 1
82 0.0 1.0 2
83 1.0 0.0 1
84 1.0 0.0 1
85 -3.0 0.0 1
