1 0.5433 0.4567
2 0.5351 0.4649
3 0.5234 0.4766
4 0.5109 0.4891
5 0.5 0.5
6 0.4911 0.5089
7 0.4831 0.5169
8 0.4759 0.5241
9 0.4722 0.5278
10 0.467 0.533
11 0.4605 0.5395
12 0.4576 0.5424
13 0.4538 0.5462
14 0.4514 0.5486
15 0.4475 0.5525
16 0.4437 0.5563
17 0.4421 0.5579
18 0.4424 0.5576
19 0.439 0.561
20 0.4378 0.5622
21 0.4316 0.5684
22 0.4343 0.5657
23 0.4313 0.5687
24 0.4309 0.5691
25 0.4318 0.5682
26 0.4301 0.5699
27 0.4315 0.5685
28 0.4268 0.5732
29 0.4261 0.5739
30 0.4197 0.5803
31 0.4254 0.5746
32 0.4181 0.5819
33 0.4215 0.5785
34 0.4291 0.5709
35 0.4241 0.5759
36 0.4095 0.5905
37 0.4219 0.5781
38 0.4262 0.5738
39 0.4198 0.5802
40 0.4165 0.5835
41 0.4184 0.5816
42 0.4311 0.5689
43 0.4185 0.5815
44 0.4093 0.5907
45 0.3886 0.6114
46 0.4416 0.5584
47 0.3911 0.6089
48 0.3715 0.6285
49 0.427 0.573
50 0.3821 0.6179
51 0.3972 0.6028
52 0.4178 0.5822
53 0.3897 0.6103
54 0.4936 0.5064
55 0.4575 0.5425
56 0.3858 0.6142
57 0.4 0.6
58 0.5253 0.4747
59 0.4227 0.5773
60 0.3671 0.6329
61 0.5 0.5
62 0.283 0.717
63 0.5128 0.4872
64 0.5 0.5
65 0.4483 0.5517
66 0.1667 0.8333
67 0.4375 0.5625
68 0.4737 0.5263
69 0.2857 0.7143
70 0.5455 0.4545
71 0.5455 0.4545
72 0.2727 0.7273
73 0.2857 0.7143
74 0.0 1.0
75 1.0 0.0
76 0.5714 0.4286
77 0.6667 0.3333
78 0.5 0.5
79 0.5 0.5
80 0.0 1.0
81 0.0 1.0
82 0.5 0.5
83 1.0 0.0
84 1.0 0.0
85 0.0 1.0
