1 756403 758000 145401 758000
2 664636 735507 181997 735507
3 590335 472140 188012 708734
4 494374 396263 165724 631881
5 411109 326158 141706 552923
6 339701 271063 117926 474234
7 282102 225861 96803 405353
8 234107 189959 78698 344496
9 195318 159054 65240 291217
10 163528 134193 52993 247075
11 135606 113269 43321 209608
12 113210 94894 35445 176200
13 94040 79916 29237 148375
14 79040 67097 23560 124711
15 66201 56768 19558 105901
16 55052 48458 16103 89198
17 45751 40480 13162 74339
18 38463 33450 10777 62073
19 32045 28280 8889 52317
20 26861 23712 7307 43873
21 22145 20003 5995 37066
22 18654 16757 4940 30729
23 15412 14007 4172 25824
24 12961 11622 3372 21574
25 10960 9816 2827 18144
26 9250 8391 2357 15381
27 7693 7058 2056 12843
28 6517 5942 1612 10919
29 5528 5100 1335 9245
30 4517 4315 1113 7783
31 3816 3524 920 6397
32 3060 2973 793 5362
33 2630 2436 605 4440
34 2235 2058 588 3756
35 1876 1773 461 3173
36 1514 1482 373 2721
37 1359 1263 296 2268
38 1162 1094 255 1908
39 948 889 237 1638
40 754 767 223 1369
41 685 622 130 1133
42 585 524 125 937
43 479 447 106 813
44 389 378 87 687
45 288 315 66 557
46 280 237 64 435
47 216 221 48 411
48 165 182 23 318
49 165 141 28 259
50 118 135 31 241
51 92 103 22 173
52 81 74 13 131
53 60 68 16 119
54 61 46 16 79
55 52 42 18 83
56 41 46 8 78
57 36 33 6 63
58 47 29 5 47
59 34 33 7 56
60 24 25 5 50
61 29 23 7 36
62 11 23 4 38
63 17 6 3 19
64 14 11 4 18
65 10 8 3 16
66 1 8 3 20
67 5 3 2 9
68 6 7 3 10
69 4 7 0 10
70 6 3 0 5
71 5 3 1 5
72 3 4 0 8
73 1 4 1 5
74 0 2 0 2
75 3 0 0 0
76 2 1 2 3
77 2 0 0 1
78 1 1 0 1
79 1 0 0 1
80 0 0 0 2
81 0 0 0 1
82 1 1 0 1
83 1 0 0 0
84 1 0 0 0
85 0 0 0 1
