0 1.0 0.0
1 0.3564 0.6436
2 0.3691 0.6309
3 0.3537 0.6463
4 0.3478 0.6522
5 0.3457 0.6543
6 0.3456 0.6544
7 0.3466 0.6534
8 0.3484 0.6516
9 0.3505 0.6495
10 0.3528 0.6472
11 0.3549 0.6451
12 0.3576 0.6424
13 0.3597 0.6403
14 0.3623 0.6377
15 0.3644 0.6356
16 0.3675 0.6325
17 0.3699 0.6301
18 0.3713 0.6287
19 0.3744 0.6256
20 0.3762 0.6238
21 0.38 0.62
22 0.3809 0.6191
23 0.3819 0.6181
24 0.3839 0.6161
25 0.3857 0.6143
26 0.3876 0.6124
27 0.3916 0.6084
28 0.3926 0.6074
29 0.3909 0.6091
30 0.394 0.606
31 0.3939 0.6061
32 0.393 0.607
33 0.3967 0.6033
34 0.4007 0.5993
35 0.4015 0.5985
36 0.4027 0.5973
37 0.4038 0.5962
38 0.4061 0.5939
39 0.4054 0.5946
40 0.4089 0.5911
41 0.4088 0.5912
42 0.4122 0.5878
43 0.4102 0.5898
44 0.4142 0.5858
45 0.4146 0.5854
46 0.4141 0.5859
47 0.4142 0.5858
48 0.4209 0.5791
49 0.4215 0.5785
50 0.4102 0.5898
51 0.4155 0.5845
52 0.4196 0.5804
53 0.4178 0.5822
54 0.4276 0.5724
55 0.4171 0.5829
56 0.4302 0.5698
57 0.4178 0.5822
58 0.437 0.563
59 0.4239 0.5761
60 0.4237 0.5763
61 0.4211 0.5789
62 0.4266 0.5734
63 0.4216 0.5784
64 0.4162 0.5838
65 0.4224 0.5776
66 0.4131 0.5869
67 0.4275 0.5725
68 0.423 0.577
69 0.4382 0.5618
70 0.4193 0.5807
71 0.4362 0.5638
72 0.4409 0.5591
73 0.4342 0.5658
74 0.4453 0.5547
75 0.4228 0.5772
76 0.4254 0.5746
77 0.4261 0.5739
78 0.4402 0.5598
79 0.4412 0.5588
80 0.435 0.565
81 0.4384 0.5616
82 0.4186 0.5814
83 0.4291 0.5709
84 0.4482 0.5518
85 0.4573 0.5427
86 0.4564 0.5436
87 0.4396 0.5604
88 0.4391 0.5609
89 0.4425 0.5575
90 0.4221 0.5779
91 0.444 0.556
92 0.4189 0.5811
93 0.4399 0.5601
94 0.4144 0.5856
95 0.4415 0.5585
96 0.4592 0.5408
97 0.4484 0.5516
98 0.4331 0.5669
99 0.4256 0.5744
100 0.4137 0.5863
101 0.4566 0.5434
102 0.4386 0.5614
103 0.4714 0.5286
104 0.4359 0.5641
105 0.4631 0.5369
106 0.383 0.617
107 0.4513 0.5487
108 0.4283 0.5717
109 0.4286 0.5714
110 0.4108 0.5892
111 0.4667 0.5333
112 0.434 0.566
113 0.4615 0.5385
114 0.4828 0.5172
115 0.4228 0.5772
116 0.4747 0.5253
117 0.4658 0.5342
118 0.4273 0.5727
119 0.4448 0.5552
120 0.418 0.582
121 0.4352 0.5648
122 0.4575 0.5425
123 0.4562 0.5438
124 0.3977 0.6023
125 0.4339 0.5661
126 0.4672 0.5328
127 0.444 0.556
128 0.4236 0.5764
129 0.4861 0.5139
130 0.4959 0.5041
131 0.3814 0.6186
132 0.5445 0.4555
133 0.4464 0.5536
134 0.5 0.5
135 0.484 0.516
136 0.4247 0.5753
137 0.3827 0.6173
138 0.4408 0.5592
139 0.4875 0.5125
140 0.3677 0.6323
141 0.4857 0.5143
142 0.5224 0.4776
143 0.487 0.513
144 0.4155 0.5845
145 0.4397 0.5603
146 0.3945 0.6055
147 0.4434 0.5566
148 0.5051 0.4949
149 0.4327 0.5673
150 0.4123 0.5877
151 0.4432 0.5568
152 0.5098 0.4902
153 0.4175 0.5825
154 0.4333 0.5667
155 0.5281 0.4719
156 0.4468 0.5532
157 0.3506 0.6494
158 0.4583 0.5417
159 0.4253 0.5747
160 0.3827 0.6173
161 0.431 0.569
162 0.5085 0.4915
163 0.4561 0.5439
164 0.4889 0.5111
165 0.5526 0.4474
166 0.4681 0.5319
167 0.4237 0.5763
168 0.5238 0.4762
169 0.3559 0.6441
170 0.4423 0.5577
171 0.55 0.45
172 0.5439 0.4561
173 0.4603 0.5397
174 0.4627 0.5373
175 0.5094 0.4906
176 0.3864 0.6136
177 0.5185 0.4815
178 0.3182 0.6818
179 0.549 0.451
180 0.4545 0.5455
181 0.5102 0.4898
182 0.449 0.551
183 0.5577 0.4423
184 0.4237 0.5763
185 0.2955 0.7045
186 0.4062 0.5938
187 0.4643 0.5357
188 0.52 0.48
189 0.4643 0.5357
190 0.5217 0.4783
191 0.5806 0.4194
192 0.5333 0.4667
193 0.4483 0.5517
194 0.5 0.5
195 0.6452 0.3548
196 0.4722 0.5278
197 0.3571 0.6429
198 0.4815 0.5185
199 0.6667 0.3333
200 0.48 0.52
201 0.3143 0.6857
202 0.5 0.5
203 0.3478 0.6522
204 0.3636 0.6364
205 0.3889 0.6111
206 0.4118 0.5882
207 0.45 0.55
208 0.4667 0.5333
209 0.5 0.5
210 0.4375 0.5625
211 0.625 0.375
212 0.4643 0.5357
213 0.3333 0.6667
214 0.55 0.45
215 0.4375 0.5625
216 0.7692 0.2308
217 0.4762 0.5238
218 0.3333 0.6667
219 0.4167 0.5833
220 0.3636 0.6364
221 0.375 0.625
222 0.5 0.5
223 0.25 0.75
224 0.4 0.6
225 0.5556 0.4444
226 0.8 0.2
227 0.3 0.7
228 0.1429 0.8571
229 0.875 0.125
230 0.4615 0.5385
231 0.875 0.125
232 0.6667 0.3333
233 0.5 0.5
234 0.5 0.5
235 0.2222 0.7778
236 0.625 0.375
237 0.4 0.6
238 0.7143 0.2857
239 0.5 0.5
240 0.5 0.5
241 0.3333 0.6667
242 0.3333 0.6667
243 0.3333 0.6667
244 0.2 0.8
245 0.3333 0.6667
246 0.4 0.6
247 0.5 0.5
248 0.6667 0.3333
249 0.3333 0.6667
250 0.3333 0.6667
251 1.0 0.0
252 0.0 1.0
253 0.0 1.0
254 1.0 0.0
256 0.0 1.0
260 0.5 0.5
261 0.0 1.0
264 0.3333 0.6667
265 1.0 0.0
266 0.0 1.0
273 0.5 0.5
274 0.0 1.0
