0 0 0
1 2.1101334239950464 0.0
2 2.2784144967393134 0.0
3 2.5271424822783466 -0.6677966088039556
4 2.75066617499195 -0.8808594839447937
5 2.944554699361611 -1.095529632493726
6 3.115338263251553 -1.2566595026226917
7 3.267270548595292 -1.437933319167077
8 3.4111135362970852 -1.580561216161928
9 3.5403059141060393 -1.7355821807967564
10 3.6643691357034625 -1.8637925880427315
11 3.784079085021763 -2.00207709493555
12 3.8964235700662453 -2.118718882781262
13 4.0045789321250504 -2.2439042164670018
14 4.111325701782801 -2.3506230735502007
15 4.209969555071321 -2.4697456865041114
16 4.300919413303887 -2.569806764132075
17 4.416885209831172 -2.6684064924204813
18 4.486397775901721 -2.773264740483739
19 4.600598626888472 -2.869392842225642
20 4.681550126368998 -2.9605070405692246
21 4.7741357557406 -3.0467265056226847
22 4.859823833883222 -3.1418887958412993
23 4.890702549676587 -3.224098570113301
24 5.048643199193481 -3.3123227528262045
25 5.097747869440283 -3.3973706503109384
26 5.2333428327158735 -3.4755006161429454
27 5.2696422105921465 -3.547982216760342
28 5.38017689708841 -3.649245874983062
29 5.421619742787626 -3.7023274171171603
30 5.422934648581998 -3.762498969298848
31 5.646050839763959 -3.8522857726965354
32 5.627905475206612 -3.9115329768270946
33 5.685678813992551 -3.974262668554892
34 5.724169060320065 -4.044151093812282
35 5.739622983505528 -4.129101809002945
36 5.793215850056026 -4.159664607237422
37 6.007773459189339 -4.24501396418597
38 5.930010198878123 -4.314284660222829
39 6.08633601808676 -4.3172787232310075
40 6.021962832130241 -4.4000913867946085
41 6.246978723404255 -4.491481854838709
42 6.013177998472116 -4.46542642608988
43 6.1515772224498155 -4.547985527687496
44 6.372836218375499 -4.600691384803091
45 6.463846532218397 -4.675132196320846
46 6.5727917121046895 -4.7881837364064275
47 6.658753709198813 -4.766552716804606
48 6.630593462392891 -4.938551937058062
49 6.502998236331569 -4.900733707380233
50 6.776744186046511 -4.91653235090951
51 6.729546417973718 -4.973714727483571
52 6.838248847926267 -4.933857604269063
53 6.498001998001998 -5.07062404870624
54 6.798097251585624 -5.189153439153439
55 6.812793427230047 -5.14004914004914
56 6.931845597104946 -5.237324492979719
57 6.973777462792346 -5.319626168224299
58 7.118895966029724 -5.366325369738339
59 6.9017651573292405 -5.364063969896519
60 7.103504482477588 -5.56683104074747
61 7.1300884955752215 -5.1532125205930805
62 7.63265306122449 -5.3857853173442525
63 7.25776397515528 -5.464788732394366
64 7.286975717439294 -5.577398863256436
65 7.221198156682028 -5.560088202866593
66 7.59165613147914 -5.619138391155166
67 7.525759577278732 -5.587091435664046
68 7.1908831908831905 -5.0872694556905085
69 7.558320373250389 -5.587518283764018
70 7.210350584307179 -5.284857571214393
71 7.673949579831933 -5.816508644729503
72 8.240437158469945 -6.1550802139037435
73 7.797397769516729 -5.996913580246914
74 8.062374245472837 -5.842611683848797
75 6.958997722095672 -6.282432432432432
76 7.951048951048951 -5.6656997824510515
77 7.5012853470437015 -6.145720894371627
78 7.588372093023255 -5.745860927152318
79 7.455263157894737 -5.713917525773196
80 6.886543535620053 -5.743682310469314
81 7.08659217877095 -6.896877956480606
82 8.521311475409837 -5.65
83 7.989864864864865 -6.1459694989106755
84 7.507462686567164 -6.0036809815950924
85 7.510791366906475 -6.461916461916462
86 7.903973509933775 -6.513480392156863
87 6.7976190476190474 -6.609632446134348
88 7.279661016949152 -6.309362279511533
89 8.271186440677965 -6.586059743954481
90 8.136585365853659 -6.09553158705701
91 9.79372197309417 -6.869067103109656
92 8.687830687830688 -7.167487684729064
93 9.284210526315789 -5.879045996592845
94 8.540372670807454 -6.724913494809688
95 6.73125 -6.4189723320158105
96 7.157303370786517 -5.771488469601677
97 8.278145695364238 -6.4021739130434785
98 7.222222222222222 -6.612836438923395
99 7.91044776119403 -5.987041036717063
100 7.952 -6.497716894977169
101 8.375886524822695 -6.7936117936117935
102 7.20945945945946 -6.267813267813268
103 6.629310344827586 -5.882882882882883
104 6.458715596330276 -6.473262032085562
105 7.540983606557377 -6.026865671641791
106 6.821052631578947 -7.421348314606742
107 8.0 -6.750853242320819
108 7.6375 -6.501672240802676
109 7.694117647058824 -6.163043478260869
110 7.865671641791045 -6.10727969348659
111 7.3023255813953485 -6.596774193548387
112 7.130434782608695 -6.095833333333333
113 8.558823529411764 -7.221198156682028
114 7.097560975609756 -7.29047619047619
115 7.236111111111111 -6.394736842105263
116 9.339285714285714 -6.482233502538071
117 6.859154929577465 -7.6635071090047395
118 8.678571428571429 -8.035532994923859
119 9.49090909090909 -9.14516129032258
120 10.117647058823529 -7.81767955801105
121 7.282608695652174 -6.5136612021857925
122 8.45 -5.343373493975903
123 6.119047619047619 -6.859060402684563
124 8.560975609756097 -7.397435897435898
125 8.909090909090908 -6.5036496350364965
126 7.5576923076923075 -6.491803278688525
127 7.380952380952381 -5.72093023255814
128 6.96875 -6.303030303030303
129 10.6 -7.0
130 6.4222222222222225 -8.07258064516129
131 7.378378378378378 -4.123287671232877
132 9.24390243902439 -6.517241379310345
133 10.96774193548387 -10.25
134 6.651162790697675 -5.813725490196078
135 8.0 -5.989690721649485
136 10.96875 -8.130841121495328
137 8.84 -3.72
138 10.277777777777779 -7.411764705882353
139 7.75 -8.158536585365853
140 14.26086956521739 -5.295918367346939
141 6.724137931034483 -7.069444444444445
142 6.413793103448276 -4.8125
143 12.515151515151516 -9.025316455696203
144 5.857142857142857 -5.253012048192771
145 9.555555555555555 -7.230769230769231
146 6.571428571428571 -6.787878787878788
147 10.944444444444445 -9.05084745762712
148 10.0 -3.857142857142857
149 6.466666666666667 -5.966101694915254
150 7.666666666666667 -5.626865671641791
151 6.0 -11.183673469387756
152 9.333333333333334 -6.96
153 8.590909090909092 -7.983333333333333
154 8.428571428571429 -5.254901960784314
155 8.6 -4.380952380952381
156 6.0 -4.961538461538462
157 10.9 -8.08
158 9.076923076923077 -5.3076923076923075
159 6.2727272727272725 -5.78
160 4.818181818181818 -5.42
161 5.416666666666667 -5.757575757575758
162 11.545454545454545 -7.379310344827586
163 9.75 -9.096774193548388
164 10.666666666666666 -4.173913043478261
165 7.636363636363637 -3.0
166 12.0 -4.96
167 7.7272727272727275 -6.117647058823529
168 4.363636363636363 -11.733333333333333
169 17.555555555555557 -2.8947368421052633
170 10.11111111111111 -5.793103448275862
171 14.0 -4.722222222222222
172 6.4 -6.038461538461538
173 5.285714285714286 -7.588235294117647
174 5.444444444444445 -2.5
175 6.0 -9.461538461538462
176 4.428571428571429 -4.296296296296297
177 5.538461538461538 -5.0
178 5.0 -8.333333333333334
179 4.0 -7.173913043478261
180 8.625 -3.4583333333333335
181 10.25 -6.375
182 6.125 -6.592592592592593
183 8.777777777777779 -5.956521739130435
184 5.0 -3.9705882352941178
185 9.75 -4.580645161290323
186 8.666666666666666 -11.842105263157896
187 11.8 -4.533333333333333
188 9.0 -8.75
189 4.5 -13.533333333333333
190 4.75 -1.4545454545454546
191 6.3 -9.0
192 16.0 -11.285714285714286
193 2.0 -6.625
194 5.0 -3.2
195 5.0 -5.818181818181818
196 13.571428571428571 -16.157894736842106
197 7.8 -7.833333333333333
198 4.6 -3.9285714285714284
199 4.818181818181818 -5.25
200 3.3333333333333335 -13.923076923076923
201 17.4 -15.958333333333334
202 6.428571428571429 -2.6470588235294117
203 3.0 -0.8
204 4.0 -2.2857142857142856
205 5.25 -13.090909090909092
206 38.0 -6.9
207 4.75 -5.0
208 4.8 -3.75
209 4.0 -2.3333333333333335
210 17.0 -3.4444444444444446
211 6.5 -2.111111111111111
212 10.0 -6.866666666666666
213 5.5 -10.5
214 3.3333333333333335 -6.444444444444445
215 9.0 -14.0
216 6.0 -37.333333333333336
217 5.333333333333333 -13.090909090909092
218 4.666666666666667 -9.9
219 5.0 -2.0
220 7.0 -14.0
221 5.0 -3.0
222 12.5 -0.6666666666666666
223 6.0 -10.333333333333334
224 0 -8.333333333333334
225 5.0 -3.75
226 3.0 0.0
227 0 -7.714285714285714
228 4.0 -33.0
229 3.0 0.0
230 5.0 -10.285714285714286
231 4.0 0.0
232 8.0 -0.6666666666666666
233 0 -11.25
234 4.0 -3.75
235 8.0 -16.0
236 4.0 0.0
237 0 -5.333333333333333
238 5.333333333333333 -1.0
239 3.0 -10.25
240 4.0 0.0
241 4.0 -25.75
242 6.0 -0.6666666666666666
243 3.0 -8.25
244 0 -6.5
245 0 -1.5
246 2.0 -2.0
247 0 -1.0
248 2.0 -4.333333333333333
249 0 -0.5
250 0 -1.0
251 13.0 0
252 0 -6.0
253 0 0.0
254 19.0 0
256 0 -22.0
260 0 -41.0
261 0 0.0
264 0 -21.0
265 0 0
266 0 -1.0
273 0 -13.0
274 0 0.0
