0 1.0 0.0 259773868
1 -0.2133625159490741 1.191405174442313 403601015
2 -0.12053669138965294 1.4777840897518177 185419483
3 -0.32416614564356794 2.2585132946553546 111393014
4 -0.3907516175704311 2.7959045399797784 67507416
5 -0.47064394830127476 3.446695745468266 42419073
6 -0.5255184415123001 4.03837645826915 27583150
7 -0.5993817218587022 4.7941448354817915 18553462
8 -0.6507962188722687 5.486162610505074 12843893
9 -0.713933084806943 6.320921194768759 9115598
10 -0.7601107055223123 7.0952612065185425 6610691
11 -0.816390057630635 7.998633084450135 4885596
12 -0.8567223664087263 8.837798308453031 3677336
13 -0.9055786423717209 9.808349231532306 2807278
14 -0.9400986211010464 10.720575376455407 2170935
15 -0.9874173453706359 11.75009839373945 1702264
16 -1.0169867704878521 12.686764803879742 1352582
17 -1.0481236048270333 13.787295495795105 1083647
18 -1.0908194755939682 14.781147233388365 877488
19 -1.1178208178989273 15.919821687910037 715663
20 -1.1478927566849044 17.001562834987247 589799
21 -1.1587305158480987 18.204957428586052 488923
22 -1.20089500776407 19.287316743314122 408935
23 -1.2409138682910117 20.283348788856866 344426
24 -1.2550004290740582 21.73615216038769 291325
25 -1.2870310980947426 22.834004494992865 247893
26 -1.2990921310161059 24.26280649532021 212035
27 -1.311332838569583 25.340607940151664 181905
28 -1.3493488486935823 26.746756465796917 157951
29 -1.3802166422634528 27.802119745893773 137277
30 -1.3981412856107858 28.819723567323837 120083
31 -1.4185474647350362 30.786808107449726 104920
32 -1.4642258214590975 31.642988116877692 92427
33 -1.4649852660773097 32.783082959815594 80766
34 -1.471628116129395 34.19396893238618 71162
35 -1.5017625027539105 35.37415891794434 63546
36 -1.5130926856700995 36.33710143666613 56902
37 -1.5020863126138657 38.95397433360838 51047
38 -1.565869903380584 39.39115991796084 45643
39 -1.5499043791909752 40.57242664122341 41309
40 -1.567045669376401 41.75515999475444 37027
41 -1.5853571322149052 44.18037618805001 33559
42 -1.6079710144927537 42.84084555383704 30360
43 -1.6218083182640144 45.34402349309537 27650
44 -1.576675667090216 47.63428920294031 25184
45 -1.61269509111518 49.80692227698436 22938
46 -1.6736721981836338 51.55196672988133 21031
47 -1.6325358347386172 53.3231804582437 18976
48 -1.668396770472895 55.65739800635635 17340
49 -1.6966481493040384 54.15827414054164 16021
50 -1.7374711394811897 56.389587357410996 14726
51 -1.736235595390525 57.69016321872845 13277
52 -1.671719641401793 58.07609508684322 12270
53 -1.8167316554413329 58.714197187473644 11284
54 -1.7558205565019875 61.40128875977429 10566
55 -1.8349018003273323 61.86758710164978 9776
56 -1.7200800088898767 64.92675647765238 8999
57 -1.9289082335872325 66.8644901512936 8271
58 -1.7297297297297298 68.81666833991672 7807
59 -1.8863297656144153 68.40070866730125 7381
60 -1.9216272808854322 74.0949645072067 6686
61 -1.7285010332220632 67.41635348350712 6291
62 -1.7264799597518028 75.61007694354439 5963
63 -1.916183924692252 74.20387276559241 5524
64 -1.9943392543431584 77.14402417301892 5123
65 -1.9099978773084272 78.14261071958794 4711
66 -1.9809800850302082 80.14128066843311 4469
67 -1.8694931312174325 81.24374484019441 4222
68 -1.668310407474695 73.80433446684472 3853
69 -1.8088195015064366 78.8897715727339 3651
70 -1.8540336622170632 76.63133457112455 3446
71 -1.859748427672956 89.44636723230886 3180
72 -1.9358803986710964 95.01017439101112 3010
73 -1.9493538246594482 93.50459528626465 2863
74 -1.7220739611132292 96.40197938149124 2623
75 -2.4485179407176285 89.92285661785286 2564
76 -1.87125 92.07884010416666 2400
77 -2.255309734513274 95.43171959433002 2260
78 -1.7335495829471732 96.04253522251837 2158
79 -1.8444551128180509 88.36274769877728 2083
80 -1.9454360020397756 87.76805795625613 1961
81 -2.535069075451647 106.7673673969289 1882
82 -1.8145348837209303 99.68595152785288 1720
83 -2.0603233830845773 103.36514218398058 1608
84 -1.9492213947190251 94.3826618853107 1477
85 -2.0966666666666667 100.32998888888889 1500
86 -1.9593604263824118 117.86177280880035 1501
87 -2.492897727272727 99.73716546681302 1408
88 -2.2420091324200913 99.79531285836407 1314
89 -2.126883425852498 118.74837323700524 1261
90 -2.081032947462155 104.58559750826441 1123
91 -1.8389444949954503 140.24066712976722 1099
92 -2.618320610687023 122.43256511858286 1048
93 -1.6125954198473282 115.60373448516987 1048
94 -2.5896656534954405 124.53375338365315 987
95 -2.4061810154525385 105.97408983036807 906
96 -1.6848072562358276 95.63761498552557 882
97 -2.0419664268585134 126.26802299167858 834
98 -2.4753521126760565 108.27756149573499 852
99 -2.1774193548387095 110.04916753381893 806
100 -2.536813922356091 122.88318288773122 747
101 -2.1121495327102804 124.6336174088816 749
102 -2.1006896551724137 114.41055124851367 725
103 -1.8777777777777778 90.27871252204585 630
104 -2.583710407239819 107.37421428717676 663
105 -1.7740384615384615 105.98900548570019 624
106 -3.535528596187175 139.2920652751788 577
107 -2.1385767790262173 122.47517849878665 534
108 -2.5564053537284894 111.8452887993595 523
109 -2.198757763975155 103.64579555829894 483
110 -2.4243792325056432 110.65060204128427 443
111 -2.1548387096774193 105.49860561914672 465
112 -2.32311320754717 100.90267332680669 424
113 -2.4218362282878414 143.1967440228066 403
114 -2.3251231527093594 129.83518163507972 406
115 -2.40253164556962 116.49366447684667 395
116 -1.936 115.499904 375
117 -2.8354430379746836 147.02861720878064 395
118 -3.2209302325581395 182.829096809086 344
119 -3.453731343283582 197.29860548006238 335
120 -2.9131832797427655 208.99246285708378 311
121 -2.6419753086419755 112.5755220240817 324
122 -1.2712418300653594 120.72708146439403 306
123 -2.791970802919708 148.68300122542487 274
124 -3.1274131274131274 116.65171956291645 259
125 -2.1074380165289255 138.4099446759101 242
126 -1.777292576419214 127.78009572662609 229
127 -1.853448275862069 115.1595570749108 232
128 -2.6593886462882095 113.89271753017678 229
129 -1.3472222222222223 202.51369598765433 216
130 -2.8252032520325203 165.02229162535528 246
131 -1.5338983050847457 80.55393565067509 236
132 -0.8795811518324608 142.31534223294315 191
133 -4.053571428571429 231.80070153061226 224
134 -1.4803921568627452 92.74961553248752 204
135 -1.7872340425531914 100.42281575373474 188
136 -2.849462365591398 254.9665857324546 186
137 -1.0617283950617284 87.53939948178632 162
138 -1.7828947368421053 183.27523372576178 152
139 -2.5875 146.17984375 160
140 -1.367741935483871 202.07766909469302 155
141 -2.2142857142857144 145.08265306122448 140
142 -0.9253731343283582 108.93472933838271 134
143 -1.9025974025974026 287.4255776690842 154
144 -1.9859154929577465 82.63360444356279 142
145 -2.5517241379310347 158.09215219976218 116
146 -3.293577981651376 114.9413349044693 109
147 -3.160377358490566 241.3988074047704 106
148 0.25252525252525254 120.73421079481682 99
149 -2.451923076923077 98.26691937869822 104
150 -2.175438596491228 150.23237919359804 114
151 -5.693181818181818 262.0081353305785 88
152 -1.6470588235294117 166.7773933102653 102
153 -2.8737864077669903 168.61513809030066 103
154 -1.7 106.58777777777777 90
155 -0.12359550561797752 107.81618482514834 89
156 -1.5319148936170213 92.63196016296969 94
157 -3.9740259740259742 239.42789677854608 77
158 -1.2083333333333333 119.05381944444444 72
159 -2.5172413793103448 127.81292112564404 87
160 -2.8271604938271606 104.48864502362446 81
161 -2.310344827586207 199.17954815695595 58
162 -1.3559322033898304 193.38178684286126 59
163 -2.9473684210526314 288.29547553093255 57
164 0.0 93.64444444444445 45
165 0.868421052631579 46.11426592797784 38
166 -0.19148936170212766 80.83567224988683 47
167 -2.135593220338983 179.9477161735133 59
168 -4.73015873015873 227.84782060972543 63
169 0.5932203389830508 115.8345303073829 59
170 -1.5 139.90384615384616 52
171 1.75 126.6375 40
172 -1.4736842105263157 89.09141274238226 57
173 -3.4761904761904763 223.04308390022678 63
174 -0.6268656716417911 36.14435286255291 67
175 -3.2641509433962264 241.89248843004628 53
176 -1.9772727272727273 37.067665289256205 44
177 -1.0185185185185186 45.499657064471876 54
178 -5.454545454545454 310.3842975206611 44
179 -2.3333333333333335 125.98692810457516 51
180 -0.4318181818181818 69.24535123966943 44
181 -1.3877551020408163 126.2374010828821 49
182 -2.673469387755102 154.0566430653894 49
183 -1.0192307692307692 129.98039940828403 52
184 -1.8135593220338984 61.033036483769045 59
185 -2.522727272727273 94.0676652892562 44
186 -6.09375 258.2099609375 32
187 -0.35714285714285715 128.51530612244898 28
188 -2.08 298.9536 25
189 -6.285714285714286 344.34693877551024 28
190 0.17391304347826086 7.96975425330813 23
191 -1.7096774193548387 187.30280957336103 31
192 -2.933333333333333 330.59555555555556 30
193 -3.3793103448275863 176.58026159334128 29
194 -0.4 34.24000000000001 20
195 -0.8064516129032258 63.38189386056191 31
196 -5.888888888888889 489.0987654320986 36
197 -3.7142857142857144 219.13265306122454 28
198 -1.2222222222222223 43.358024691358025 27
199 0.5 63.083333333333336 24
200 -6.56 280.2464 25
201 -8.514285714285714 655.1069387755101 35
202 -0.029411764705882353 31.91089965397924 34
203 -0.4782608695652174 3.0321361058601135 23
204 -0.9545454545454546 10.22520661157025 22
205 -7.0 536.2222222222222 18
206 -1.8823529411764706 229.28027681660902 17
207 -1.9 53.29 20
208 -0.6 49.83999999999999 15
209 -0.75 12.354166666666666 12
210 -0.8125 42.15234375 16
211 0.041666666666666664 11.539930555555557 24
212 -1.9285714285714286 210.280612244898 28
213 -6.466666666666667 386.11555555555555 15
214 -2.1 45.59 20
215 -6.6875 510.71484375 16
216 -6.384615384615385 860.8520710059173 13
217 -6.0476190476190474 474.04535147392295 21
218 -6.066666666666666 596.5955555555554 15
219 -0.6666666666666666 8.555555555555555 12
220 -7.909090909090909 719.900826446281 11
221 -1.125 11.359375 8
222 3.6666666666666665 76.55555555555553 6
223 -6.5 153.25 4
224 -4.8 44.959999999999994 5
225 -0.7777777777777778 11.728395061728396 9
226 1.2 2.1599999999999997 10
227 -5.5 221.25 10
228 -27.857142857142858 984.4081632653059 7
229 1.25 1.6875 8
230 -4.538461538461538 353.17159763313623 13
231 1.125 1.609375 8
232 3.3333333333333335 44.22222222222223 9
233 -5.125 139.859375 8
234 -1.375 28.984375 8
235 -11.555555555555555 491.35802469135797 9
236 1.0 4.75 8
237 -3.2 41.760000000000005 5
238 2.142857142857143 12.122448979591837 7
239 -4.625 161.984375 8
240 1.0 5.333333333333333 6
241 -16.333333333333332 303.55555555555554 6
242 0.5555555555555556 9.135802469135804 9
243 -5.166666666666667 118.1388888888889 6
244 -5.4 64.64 5
245 -1.0 2.6666666666666665 6
246 -0.8 4.5600000000000005 5
247 -0.25 1.6875 4
248 -0.7777777777777778 9.950617283950617 9
249 -0.5 1.25 6
250 -0.6666666666666666 1.5555555555555554 3
251 13.0 0.0 1
252 -6.0 0.0 1
253 -1.0 0.0 1
254 19.0 0.0 1
256 -22.0 0.0 1
260 -20.0 441.0 2
261 -1.0 0.0 1
264 -13.666666666666666 220.22222222222226 3
265 1.0 0.0 2
266 -1.5 0.25 2
273 -6.0 49.0 2
274 -1.0 0.0 1
