0 259773868 0 0 0
1 116988021 259761527 26851467 259761527
2 47948702 116981539 20489242 116981539
3 25969472 47952739 13433425 71990117
4 14964685 25973564 8512403 44030328
5 9134319 14970183 5528602 27756152
6 5849582 9140533 3684172 18049396
7 3902118 5852835 2528640 12122704
8 2692916 3903710 1782223 8368754
9 1909162 2692699 1285655 5920781
10 1384488 1907737 947684 4278519
11 1025778 1385017 708301 3151517
12 774331 1025723 540567 2362438
13 591900 773525 417783 1797595
14 459350 591547 327238 1384347
15 361425 459636 258828 1082011
16 288814 361763 208285 855483
17 232661 289136 168159 682827
18 188423 232151 137404 551661
19 155363 188679 112591 447709
20 128087 154830 93773 367939
21 106516 127838 79260 303147
22 89705 106513 66074 253156
23 75731 89730 55811 212884
24 64232 75722 47612 179481
25 54895 64151 40717 152281
26 47105 54937 35090 129840
27 40858 46852 30381 110666
28 35669 40425 26343 95939
29 30649 35346 23016 83612
30 27042 31103 20275 72766
31 23707 27084 17624 63589
32 20839 23901 15488 56100
33 18350 20887 13693 48723
34 16328 18322 12185 42649
35 14480 16204 11034 38032
36 13095 14678 9817 33990
37 11607 13187 9005 30435
38 10693 11736 7844 27106
39 9670 10727 7077 24562
40 8631 9567 6511 21885
41 7844 8637 5875 19840
42 7278 7891 5236 17846
43 6461 7172 4882 16307
44 5925 6474 4506 14753
45 5445 5946 4066 13427
46 5041 5349 3668 12322
47 4490 4924 3370 11116
48 4148 4383 3151 10041
49 3918 4116 2835 9268
50 3460 3825 2580 8686
51 3157 3483 2359 7761
52 2979 3196 2170 7121
53 2712 2907 2002 6570
54 2626 2656 1892 6048
55 2374 2633 1704 5698
56 2213 2328 1658 5128
57 2045 2225 1411 4815
58 1999 1977 1413 4395
59 1826 1934 1303 4252
60 1606 1721 1227 3853
61 1519 1682 1130 3642
62 1466 1575 1078 3419
63 1363 1499 966 3195
64 1226 1363 906 2991
65 1122 1259 868 2721
66 1055 1174 791 2623
67 1048 1134 757 2417
68 928 1095 702 2223
69 957 961 643 2051
70 846 979 599 2001
71 792 843 595 1793
72 778 770 549 1683
73 705 766 538 1620
74 671 694 497 1455
75 645 680 439 1480
76 592 681 429 1379
77 574 618 389 1297
78 520 583 430 1208
79 539 563 380 1164
80 474 535 379 1108
81 467 485 358 1057
82 415 485 305 1000
83 394 430 296 918
84 394 392 268 815
85 408 381 278 814
86 383 396 302 816
87 367 375 252 789
88 341 355 236 737
89 322 326 236 703
90 269 318 205 649
91 265 273 223 611
92 250 271 189 609
93 271 274 190 587
94 248 292 161 578
95 240 249 160 506
96 227 234 178 477
97 223 231 151 460
98 216 236 153 483
99 209 252 134 463
100 184 227 125 438
101 201 199 141 407
102 170 209 148 407
103 181 174 116 333
104 180 176 109 374
105 167 175 122 335
106 126 172 95 356
107 137 133 104 293
108 144 148 80 299
109 122 137 85 276
110 115 122 67 261
111 131 125 86 248
112 115 129 69 240
113 118 109 68 217
114 114 109 82 210
115 95 107 72 228
116 122 94 56 197
117 113 103 71 211
118 91 102 56 197
119 94 72 55 186
120 79 86 51 181
121 95 94 46 183
122 80 89 60 166
123 83 83 42 149
124 62 69 41 156
125 61 72 44 137
126 55 63 52 122
127 61 63 42 129
128 65 65 32 132
129 60 51 45 111
130 77 60 45 124
131 53 86 37 146
132 63 43 41 87
133 69 46 31 124
134 59 54 43 102
135 63 42 28 97
136 47 58 32 107
137 37 58 25 100
138 31 42 36 85
139 46 39 32 82
140 34 55 23 98
141 39 35 29 72
142 41 43 29 64
143 42 35 33 79
144 31 41 28 83
145 33 31 18 65
146 29 32 14 66
147 29 27 18 59
148 28 34 22 49
149 30 30 15 59
150 29 38 18 67
151 32 27 7 49
152 34 22 18 50
153 21 27 22 60
154 25 28 14 51
155 27 26 20 42
156 22 28 20 52
157 17 28 10 50
158 20 18 13 39
159 26 25 11 50
160 20 31 11 50
161 13 22 12 33
162 19 12 11 29
163 14 17 12 31
164 13 13 9 23
165 10 10 11 17
166 13 6 9 25
167 14 17 11 34
168 22 16 11 30
169 12 25 9 38
170 14 15 9 29
171 11 10 11 18
172 21 12 10 26
173 22 20 7 34
174 22 23 9 36
175 15 14 12 26
176 10 12 7 27
177 15 12 13 26
178 11 16 3 30
179 18 12 10 23
180 12 17 8 24
181 17 14 8 24
182 14 16 8 27
183 20 15 9 23
184 19 21 6 34
185 9 17 4 31
186 10 6 3 19
187 8 9 5 15
188 7 8 6 12
189 7 7 6 15
190 8 7 4 11
191 8 7 10 13
192 12 6 4 14
193 10 8 3 16
194 5 6 5 10
195 14 5 6 11
196 10 10 7 19
197 5 7 5 18
198 8 9 5 14
199 5 4 11 8
200 9 2 3 13
201 6 8 5 24
202 10 11 7 17
203 6 11 2 15
204 5 6 3 14
205 3 6 4 11
206 6 7 1 10
207 5 7 4 11
208 2 5 5 8
209 5 4 1 6
210 6 5 1 9
211 13 6 2 9
212 8 9 5 15
213 3 6 2 10
214 8 2 3 9
215 5 4 2 9
216 6 1 4 3
217 7 6 3 11
218 2 8 3 10
219 4 3 1 7
220 2 5 2 7
221 2 1 1 5
222 1 2 2 3
223 0 1 1 3
224 2 1 0 3
225 4 1 1 4
226 5 2 3 2
227 3 4 0 7
228 0 1 1 6
229 5 1 2 1
230 3 5 3 7
231 6 1 1 1
232 2 2 4 3
233 4 0 0 4
234 3 3 1 4
235 1 1 1 7
236 3 3 2 3
237 2 2 0 3
238 2 1 3 2
239 3 2 1 4
240 1 3 2 3
241 1 0 1 4
242 1 4 2 6
243 1 2 1 4
244 1 2 0 4
245 2 2 0 4
246 1 1 1 3
247 2 1 0 2
248 5 1 1 3
249 2 3 0 4
250 1 1 0 2
251 0 0 1 0
252 0 0 0 1
253 0 1 0 1
254 0 0 1 0
256 0 0 0 1
260 1 0 0 1
261 0 1 0 1
264 1 0 0 2
265 2 0 0 0
266 0 1 0 2
273 1 0 0 1
274 0 1 0 1
