0 4185189 0 0 0
1 2220141 4185282 840190 4185282
2 1381213 2220974 890399 2220974
3 1122255 1379979 893867 2071906
4 937665 1121477 825945 1849094
5 800238 937768 760360 1655692
6 700450 801794 693462 1484599
7 622966 700407 631965 1345313
8 563546 623697 577122 1230394
9 515440 563707 530299 1131211
10 472908 514980 489122 1045965
11 438255 474050 452542 971301
12 407463 438082 420811 903818
13 381818 407053 391708 844541
14 356329 381428 365113 793475
15 334033 357255 339939 745993
16 315031 334523 320226 698804
17 298597 315131 299538 661315
18 282380 298144 282215 624682
19 267724 281892 266618 591024
20 253468 267823 251564 561202
21 241988 254465 237306 532792
22 229758 241953 226595 505691
23 219286 229705 214717 480339
24 209289 220148 203322 459513
25 200056 209922 193576 438306
26 192334 200453 184841 418077
27 184873 192468 176139 400555
28 176237 183917 168324 383150
29 170575 176274 160537 367023
30 162882 170351 154488 352361
31 156785 162973 147373 337193
32 151364 156474 142272 324739
33 146151 151662 136721 312573
34 141348 145983 131150 300755
35 136537 141300 126144 291088
36 132798 137049 121429 280442
37 128070 132362 116480 271000
38 123612 127353 113363 260534
39 119859 123141 108898 251579
40 116546 119751 105849 243964
41 113218 116151 102252 236853
42 109287 112580 98988 229037
43 106368 109272 95857 222050
44 103426 106519 92720 215102
45 100699 103435 90101 209271
46 97718 100706 86769 203698
47 95696 97930 84424 197542
48 92957 95820 82440 192448
49 90423 92884 80032 186392
50 88045 90171 77716 181037
51 85846 87719 75274 175942
52 83683 85452 73754 171659
53 82074 83721 72144 167211
54 80266 82537 70118 164390
55 78925 80509 68315 160184
56 76922 78842 66767 156173
57 75226 76798 65234 152654
58 73959 75568 63273 149308
59 72561 73908 62365 145925
60 70417 72239 60366 142967
61 69094 70561 59255 139311
62 67635 68816 57587 136018
63 66357 67230 56703 132690
64 65121 66407 55367 130546
65 63780 65180 54413 128379
66 62514 64064 53118 125147
67 61572 62581 51802 122869
68 60470 62088 51109 120762
69 59584 60408 49512 117974
70 58502 59188 49548 115273
71 57385 58566 47972 113781
72 56566 57516 47003 111478
73 55456 56318 46288 109342
74 54757 55515 45436 107356
75 53902 54652 45058 105690
76 53440 53994 43898 103800
77 52127 53044 43516 102769
78 51325 52250 42015 101088
79 50449 51487 41579 99300
80 49906 50762 40712 97285
81 49144 49561 40111 95599
82 48352 49226 39598 94214
83 47884 48428 39291 92755
84 47015 48114 38133 91648
85 45941 47226 37795 90135
86 46127 46263 37031 88347
87 45405 46025 36521 87744
88 44563 45425 36106 86427
89 44152 44731 34885 85194
90 43179 44039 34501 83658
91 42627 43013 34424 81696
92 41923 42873 33946 80895
93 41642 42521 33227 80032
94 41161 41696 32669 78854
95 40852 41180 32408 77744
96 40229 41074 31859 77158
97 40033 39996 31631 75467
98 39404 39724 31187 75139
99 38850 39406 30610 73936
100 38442 38557 30416 72914
101 38034 38239 29871 71862
102 37654 37581 29782 70654
103 37033 37557 29019 70410
104 36629 37109 28882 69380
105 36020 36668 28312 68355
106 35790 35886 27665 67344
107 35497 35770 27665 66956
108 34917 35639 27199 66347
109 34753 34914 26863 64795
110 34275 34311 26536 64276
111 33933 34063 26312 63696
112 33729 33743 25997 62868
113 33521 33354 25700 62421
114 32878 33481 25355 62126
115 33009 32930 25017 60866
116 32163 32669 25130 60443
117 31757 32009 24574 59378
118 31890 31836 23898 58978
119 31197 31645 23987 58780
120 31229 31249 23643 57665
121 30751 31087 23269 57360
122 30449 30729 23126 56498
123 30468 30257 23096 55787
124 30282 30487 22868 55937
125 30011 30156 22489 55090
126 29318 29714 22450 54479
127 29202 29384 22304 53702
128 29073 29194 21982 53479
129 28602 29056 21536 53129
130 28607 28552 21556 52364
131 28367 28366 21319 51770
132 27931 28345 20914 51913
133 27722 28039 20880 50841
134 27441 27741 20494 50710
135 27043 27448 20304 49612
136 27228 26959 20259 49218
137 26984 26977 20082 49072
138 26506 26549 19771 48567
139 26165 26591 19690 48220
140 26474 26189 19099 47700
141 26022 26315 19076 47612
142 25603 25704 18790 47032
143 25514 25539 18766 46374
144 24894 25426 18405 46297
145 24827 24812 18434 45062
146 24778 24669 18330 44790
147 24905 24611 18274 44639
148 24492 24682 18176 44491
149 23948 24535 17786 44486
150 23926 24154 17472 43629
151 23689 23941 17612 43151
152 23755 23683 17223 42735
153 23640 23827 17317 42692
154 23298 23662 17200 42457
155 23236 23348 17025 41899
156 23019 23272 16614 41643
157 22964 23094 16713 41295
158 22671 22865 16437 41008
159 22416 22529 16316 40434
160 22134 22556 16037 40449
161 22138 22205 15947 39628
162 21998 22118 15891 39475
163 21685 22235 15762 39360
164 21423 21782 15442 38980
165 21625 21703 15340 38670
166 21273 21728 15372 38577
167 21436 21503 15138 38200
168 20970 21523 15270 37881
169 20817 20985 14744 37351
170 20934 20840 14747 37288
171 20604 20743 14883 36895
172 20679 20820 14510 36871
173 20377 20679 14573 36610
174 20071 20417 14585 36421
175 20201 20057 14199 35541
176 20177 19987 14350 35779
177 19864 20009 14291 35549
178 19753 19846 13997 35236
179 19683 19723 13815 35009
180 19929 19634 13876 34710
181 19692 19761 13845 34686
182 19453 19577 13738 34437
183 19277 19304 13591 33969
184 19048 19160 13485 34016
185 19208 19238 13613 33911
186 19077 19279 13454 33641
187 19005 19058 13395 33488
188 18886 19154 13246 33642
189 18709 18949 13180 33210
190 18362 18476 13145 32462
191 18549 18229 12894 32302
192 18281 18505 12832 32394
193 18355 18499 12566 32347
194 18374 18460 12662 32266
195 18285 18403 12768 31984
196 18057 18547 12672 31994
197 17908 18135 12330 31632
198 17675 17886 12195 31228
199 17575 17599 12360 30889
200 17402 17580 12154 30841
201 17594 17474 12049 30778
202 17410 17663 12047 30740
203 17497 17298 12001 30267
204 17093 17483 11887 30212
205 17348 17225 11696 30050
206 16845 17216 11795 29975
207 16993 16694 11673 29354
208 16746 16890 11596 29324
209 16813 16759 11392 29082
210 16715 16530 11368 29344
211 16546 16749 11377 28851
212 16727 16549 11397 28547
213 16443 16483 11250 28773
214 16344 16475 11053 28650
215 16251 16477 11165 28356
216 16439 16276 11177 28046
217 16096 16535 11078 28457
218 16130 16190 10907 27938
219 16253 15909 11064 27628
220 15832 16198 10768 27949
221 15596 15903 10798 27543
222 15590 15722 10674 27169
223 15570 15593 10427 26940
224 15494 15296 10573 26694
225 15313 15425 10349 26740
226 15340 15394 10371 26635
227 15415 15453 10439 26528
228 15386 15363 10266 26277
229 15211 15074 10250 26299
230 15037 15191 10127 26389
231 15054 15255 10278 26226
232 15089 15176 9988 26002
233 14868 15022 10087 25887
234 14834 14848 9924 25554
235 15001 14731 9904 25285
236 14467 14816 9952 25571
237 14524 14545 9692 25150
238 14621 14511 9778 24978
239 14678 14610 9788 24942
240 14428 14623 9823 25089
241 14074 14378 9705 24608
242 14304 14089 9667 24489
243 14274 14419 9551 24594
244 14360 14390 9484 24530
245 14281 14272 9653 24472
246 14319 14231 9342 24533
247 14088 14332 9503 24226
248 13931 13901 9207 24052
249 13962 14004 9306 24053
250 13993 13924 9224 23952
251 13873 14086 9228 23934
252 13750 14089 9185 24069
253 13705 13973 9104 23551
254 13627 13815 9140 23589
255 13716 13780 8913 23411
256 13803 13696 8925 23269
257 13693 13681 8844 23317
258 13394 13555 9166 23041
259 13517 13465 8939 22858
260 13241 13581 8916 23132
261 13253 13172 8817 22436
262 12990 13385 8717 22544
263 13248 13089 8584 22390
264 13302 13162 8680 22530
265 13060 13305 8738 22475
266 12967 13073 8567 22270
267 13045 12974 8532 22199
268 12783 13001 8503 22073
269 12810 12804 8392 21923
270 12589 12947 8307 22044
271 12657 12743 8328 21519
272 12685 12770 8307 21673
273 12839 12712 8297 21638
274 12824 12738 8206 21641
275 12857 12679 8265 21431
276 12581 12705 8133 21407
277 12496 12671 8123 21246
278 12271 12533 8119 21107
279 12210 12271 8001 20819
280 12343 12183 7931 20699
281 12293 12276 7971 20628
282 12230 12113 7913 20422
283 12425 12134 8047 20641
284 12286 12385 8012 20516
285 12201 12083 7957 20515
286 12202 12014 7766 20331
287 12071 12129 7667 20500
288 11981 11960 7617 20248
289 11871 12001 7755 20197
290 11801 11880 7718 20070
291 11830 11938 7653 20121
292 11582 11866 7621 19810
293 11593 11666 7590 19622
294 11627 11765 7493 19746
295 11585 11607 7496 19569
296 11656 11548 7511 19534
297 11694 11629 7512 19591
298 11639 11798 7457 19547
299 11794 11690 7278 19640
300 11641 11736 7483 19661
301 11611 11716 7417 19428
302 11531 11608 7247 19613
303 11537 11701 7398 19455
304 11433 11574 7358 19393
305 11605 11596 7292 19298
306 11389 11623 7278 19227
307 11301 11262 7276 18943
308 11209 11305 7285 18798
309 11249 11071 7124 18609
310 11224 11161 7162 18707
311 11218 11035 7198 18598
312 11003 11154 7170 18791
313 10917 11113 7017 18609
314 11039 11140 6931 18609
315 11012 11164 6957 18626
316 10974 11096 6946 18486
317 10897 10944 6979 18432
318 10820 10887 6750 18286
319 10786 10776 6892 18098
320 10678 10796 6779 18129
321 10813 10644 6909 17920
322 10757 10849 6743 18172
323 10722 10812 6710 18035
324 10649 10737 6863 17773
325 10848 10719 6726 17719
326 10632 10730 6648 17872
327 10540 10598 6584 17676
328 10339 10444 6598 17460
329 10434 10239 6542 17226
330 10467 10365 6567 17366
331 10464 10564 6483 17429
332 10389 10357 6747 17289
333 10280 10534 6543 17382
334 10322 10370 6488 17201
335 10326 10238 6462 17173
336 10303 10314 6421 17045
337 10284 10208 6419 16958
338 10359 10182 6469 16990
339 10409 10260 6369 16966
340 10238 10195 6422 16893
341 10165 10119 6319 16811
342 10100 10133 6317 16706
343 10114 10027 6187 16622
344 10031 9957 6308 16636
345 10089 10019 6305 16655
346 10187 10061 6239 16630
347 9866 9963 6279 16525
348 9815 9811 6212 16418
349 9914 9752 6172 16261
350 9884 9892 6147 16427
351 9752 9991 6021 16458
352 9891 9768 6159 16216
353 9921 9851 6139 16186
354 9905 9788 6270 16199
355 9745 9838 6131 16334
356 9750 9808 5921 16200
357 9713 9765 6055 16210
358 9679 9789 6098 16082
359 9654 9698 6008 15901
360 9679 9699 5965 16024
361 9586 9630 5963 15843
362 9385 9531 5914 15711
363 9486 9384 5967 15617
364 9581 9425 5694 15658
365 9605 9385 5809 15643
366 9464 9402 5759 15505
367 9431 9452 5757 15574
368 9243 9421 5858 15617
369 9408 9307 5721 15377
370 9245 9387 5853 15321
371 9165 9171 5712 15349
372 9142 9227 5700 15337
373 9061 9214 5734 15205
374 9266 9200 5673 15172
375 9042 9224 5589 15258
376 9060 9037 5696 15027
377 9345 9185 5647 15085
378 9390 9342 5787 15212
379 9199 9141 5566 15153
380 9073 9136 5508 15026
381 9070 8997 5547 14833
382 9091 9017 5504 15002
383 9071 9141 5528 15003
384 9012 9041 5451 14862
385 8881 8967 5599 14781
386 8846 9066 5357 14960
387 8823 9031 5510 14605
388 9045 9002 5420 14629
389 9019 9028 5420 14787
390 8906 9014 5551 14723
391 8849 9026 5524 14773
392 9085 9062 5377 14707
393 8874 9091 5318 14734
394 8696 8818 5294 14489
395 8740 8635 5255 14325
396 8640 8812 5296 14440
397 8502 8705 5402 14205
398 8877 8701 5257 14190
399 8879 8883 5309 14521
400 8719 8836 5360 14267
401 8761 8635 5181 14122
402 8570 8640 5251 14284
403 8713 8644 5162 14123
404 8696 8769 5298 14254
405 8571 8745 5236 14115
406 8546 8530 5116 14050
407 8516 8502 5287 13894
408 8312 8465 5119 13767
409 8291 8339 5084 13717
410 8507 8312 5068 13684
411 8326 8517 4962 13810
412 8329 8167 5131 13530
413 8347 8313 5064 13559
414 8304 8441 4956 13599
415 8213 8376 4952 13712
416 8368 8299 4952 13566
417 8190 8356 5124 13585
418 8210 8293 4905 13422
419 8190 8275 4999 13535
420 8194 8336 4932 13487
421 8307 8205 4986 13255
422 8242 8186 4947 13415
423 8218 8161 4853 13350
424 8231 8210 4947 13318
425 8293 8059 4887 13189
426 8178 8195 4928 13452
427 8333 8098 4897 13041
428 8053 8260 5009 13396
429 8097 8138 4837 13158
430 8354 7970 4787 13109
431 8048 8074 4913 13175
432 8086 8043 4676 13140
433 7975 8084 4794 13178
434 7936 8055 4835 12985
435 7901 7912 4856 12892
436 7862 7905 4857 12884
437 7979 7935 4854 12912
438 7943 8104 4745 13016
439 7852 8006 4685 12975
440 7849 8023 4719 12838
441 7898 7949 4746 12899
442 8097 7966 4765 12896
443 7946 8088 4682 13081
444 7817 7970 4738 12927
445 7947 7910 4706 12646
446 7915 7949 4721 12769
447 7778 7814 4674 12661
448 7885 7709 4500 12664
449 7796 7904 4649 12771
450 7922 7885 4657 12634
451 7630 7927 4604 12815
452 7800 7690 4592 12542
453 7810 7940 4476 12731
454 7727 7808 4432 12677
455 7558 7579 4626 12398
456 7538 7661 4668 12432
457 7499 7726 4481 12356
458 7761 7597 4561 12296
459 7765 7705 4589 12375
460 7708 7631 4529 12431
461 7737 7705 4608 12546
462 7707 7807 4614 12588
463 7660 7944 4517 12490
464 7575 7728 4459 12462
465 7545 7684 4469 12401
466 7538 7679 4445 12265
467 7508 7601 4574 12299
468 7679 7616 4320 12293
469 7466 7712 4449 12413
470 7483 7654 4428 12270
471 7553 7497 4326 12066
472 7565 7424 4373 12093
473 7346 7446 4453 12050
474 7377 7393 4432 11906
475 7396 7364 4391 11996
476 7451 7407 4325 12069
477 7327 7546 4375 12169
478 7215 7508 4318 12053
479 7348 7383 4383 11692
480 7383 7329 4269 11917
481 7377 7416 4226 11882
482 7104 7275 4251 11743
483 7307 7229 4207 11519
484 7334 7202 4290 11613
485 7275 7286 4194 11730
486 7188 7160 4289 11695
487 7316 7218 4284 11600
488 7279 7293 4170 11701
489 7199 7139 4181 11592
490 6987 7136 4301 11418
491 7129 7101 4158 11436
492 7161 7275 4298 11471
493 7207 7166 4222 11495
494 7167 7165 4107 11646
495 7142 7122 4080 11516
496 7039 7057 4234 11392
497 7142 7060 4050 11443
498 7116 7117 4213 11337
499 7211 7067 4146 11260
500 7167 7076 4172 11419
501 7186 7058 4154 11412
502 7413 7110 4148 11497
503 7371 7264 4186 11662
504 7194 7328 4241 11656
505 7115 7261 4035 11672
506 7060 7119 4033 11365
507 7054 6986 4041 11309
508 7179 6959 4131 11206
509 7228 7015 4025 11308
510 7110 7042 4282 11405
511 6934 7188 4109 11460
512 6951 7060 4016 11319
513 6886 6952 4030 11284
514 6884 6999 3846 11137
515 6961 6845 4009 11078
516 7035 7028 3908 11112
517 6974 6993 3929 11189
518 6935 6936 4105 11111
519 6921 6943 4022 11044
520 6810 6922 4136 11025
521 6742 6901 3767 10988
522 6817 6675 4009 10849
523 6754 6849 3930 10939
524 6640 6783 4038 10917
525 6744 6827 3816 10791
526 6723 6687 3833 10798
527 6798 6706 3888 10786
528 6844 6813 3818 10947
529 6813 6901 3894 10866
530 6931 6846 3822 10885
531 6827 6900 3924 10996
532 6693 6830 3865 10851
533 6917 6797 3879 10850
534 6776 6973 3887 11058
535 6634 6865 3779 10921
536 6609 6645 3894 10607
537 6645 6582 3731 10609
538 6570 6678 3804 10674
539 6485 6588 3756 10546
540 6640 6622 3870 10466
541 6422 6841 3683 10686
542 6560 6489 3784 10312
543 6481 6508 3589 10495
544 6517 6477 3734 10313
545 6477 6438 3644 10286
546 6556 6447 3729 10429
547 6509 6644 3703 10523
548 6569 6594 3726 10376
549 6622 6558 3666 10393
550 6680 6507 3728 10304
551 6566 6555 3736 10512
552 6634 6616 3762 10450
553 6635 6653 3803 10513
554 6583 6704 3689 10615
555 6538 6610 3743 10480
556 6583 6478 3638 10246
557 6533 6498 3706 10366
558 6374 6510 3589 10379
559 6463 6375 3642 10308
560 6353 6553 3648 10363
561 6406 6523 3605 10276
562 6285 6411 3646 10238
563 6347 6415 3542 10196
564 6257 6282 3549 10112
565 6310 6293 3610 10046
566 6291 6290 3612 10016
567 6242 6451 3515 10174
568 6209 6257 3509 9956
569 6081 6301 3558 10049
570 6110 6265 3457 9837
571 6159 6186 3442 9891
572 6111 6185 3426 9834
573 6082 6206 3529 9757
574 6203 6191 3459 9767
575 6111 6181 3326 9900
576 6033 5990 3547 9716
577 6070 6091 3505 9595
578 6270 6165 3490 9841
579 6047 6315 3534 9913
580 6111 6047 3449 9687
581 6169 6129 3509 9835
582 6232 6234 3390 9822
583 6078 6178 3485 9796
584 6223 6137 3377 9731
585 6142 6221 3491 9734
586 6029 6124 3489 9768
587 6111 6237 3414 9795
588 5995 6131 3438 9630
589 6060 6025 3479 9566
590 6192 6066 3429 9610
591 6019 6077 3377 9771
592 5998 5987 3436 9475
593 6015 6072 3432 9664
594 5987 6119 3362 9620
595 5950 6109 3338 9592
596 6022 5913 3391 9383
597 5955 5956 3401 9471
598 5819 6054 3331 9462
599 5821 5894 3234 9363
600 5976 5795 3325 9236
601 5993 6001 3347 9504
602 5940 6065 3326 9596
603 5881 6016 3254 9500
604 5986 5942 3170 9433
605 5976 5934 3388 9317
606 5996 5920 3395 9440
607 5873 6082 3326 9412
608 5715 5869 3273 9362
609 5778 5767 3207 9138
610 5847 5769 3263 9140
611 5847 5746 3361 9036
612 5843 5741 3277 9171
613 6034 5822 3261 9273
614 5865 6036 3297 9476
615 5823 5925 3278 9334
616 5877 5859 3216 9214
617 5985 5885 3202 9253
618 5880 5895 3281 9336
619 5863 5927 3192 9339
620 5521 5891 3272 9249
621 5679 5669 3152 9051
622 5625 5827 3315 9138
623 5668 5741 3162 9032
624 5741 5662 3245 8999
625 5770 5844 3210 9161
626 5654 5827 3161 9156
627 5807 5572 3205 9005
628 5681 5880 3168 9272
629 5673 5804 3225 9166
630 5644 5778 3131 9053
631 5515 5713 3105 8936
632 5519 5564 3183 8863
633 5603 5675 3094 8901
634 5724 5717 3114 8938
635 5738 5729 3118 8961
636 5493 5673 3164 8942
637 5549 5531 3067 8871
638 5419 5544 3092 8721
639 5536 5417 3115 8640
640 5722 5545 3178 8712
641 5664 5676 3093 8948
642 5689 5586 3088 8877
643 5643 5689 3135 8952
644 5660 5685 3135 8978
645 5670 5731 3002 8965
646 5706 5700 3045 9002
647 5623 5716 3156 9029
648 5504 5739 3154 8901
649 5629 5636 2975 8848
650 5538 5610 3103 8816
651 5625 5443 3003 8600
652 5627 5509 3022 8657
653 5671 5554 3128 8747
654 5597 5594 3140 8769
655 5488 5594 2930 8793
656 5354 5456 2956 8688
657 5515 5359 3018 8398
658 5466 5459 2953 8541
659 5463 5400 3089 8456
660 5408 5528 3041 8594
661 5536 5419 3001 8511
662 5585 5511 2955 8585
663 5570 5476 3016 8666
664 5599 5462 2970 8613
665 5486 5360 3042 8480
666 5410 5384 3017 8535
667 5588 5459 3025 8503
668 5547 5419 3055 8594
669 5512 5401 3028 8577
670 5323 5535 2970 8718
671 5409 5410 2873 8437
672 5293 5331 2912 8445
673 5178 5328 2940 8333
674 5072 5214 2874 8228
675 5125 5193 2810 8250
676 5229 5202 2872 8199
677 5295 5210 2853 8163
678 5391 5300 2859 8289
679 5322 5316 2945 8291
680 5318 5316 2933 8357
681 5243 5297 2866 8301
682 5255 5221 2849 8190
683 5302 5195 2784 8247
684 5281 5255 2828 8380
685 5145 5336 2893 8345
686 5162 5181 2732 8191
687 5395 5214 2823 8180
688 5391 5301 2929 8289
689 5306 5386 2860 8377
690 5230 5271 2814 8408
691 5097 5309 2821 8203
692 5297 5244 2861 8141
693 5138 5327 2876 8241
694 5167 5108 2826 8090
695 4981 5115 2887 8134
696 5079 5120 2685 8124
697 5192 5228 2750 8259
698 5194 5297 2884 8280
699 5123 5375 2735 8333
700 5110 5257 2860 8084
701 5143 5200 2733 8129
702 5292 5257 2823 8132
703 4993 5325 2687 8259
704 5091 5069 2733 7955
705 5162 5118 2766 7978
706 5065 5245 2752 8155
707 5072 5098 2744 7950
708 5165 4995 2727 7885
709 5278 5040 2812 7900
710 5203 5117 2788 8160
711 5182 5146 2757 7971
712 5107 5141 2770 7978
713 5128 5130 2695 7979
714 5144 5106 2837 7922
715 5016 5153 2701 7935
716 4991 4998 2745 7865
717 5080 4977 2707 7786
718 5026 5058 2786 7909
719 5051 5031 2765 7831
720 5067 5104 2646 7967
721 4984 5102 2755 7876
722 5055 4984 2687 7851
723 5105 4997 2678 7803
724 5019 5031 2728 7896
725 5056 4946 2754 7825
726 5102 5079 2604 7925
727 5035 5039 2739 7813
728 4963 5018 2629 7774
729 4990 4899 2564 7699
730 4846 4886 2743 7673
731 4717 4989 2603 7731
732 4844 4898 2564 7583
733 4774 4893 2648 7598
734 4922 4735 2593 7467
735 4914 4847 2656 7609
736 4944 4870 2622 7622
737 4933 4840 2591 7542
738 4862 4781 2656 7560
739 4704 4878 2567 7567
740 4621 4687 2537 7435
741 4714 4573 2569 7303
742 4688 4749 2456 7464
743 4713 4700 2482 7277
744 4682 4725 2603 7420
745 4657 4749 2553 7416
746 4657 4806 2536 7414
747 4751 4753 2560 7350
748 4802 4640 2522 7304
749 4751 4660 2597 7295
750 4747 4706 2619 7351
751 4661 4752 2508 7459
752 4607 4798 2476 7425
753 4565 4641 2522 7265
754 4597 4671 2487 7303
755 4796 4691 2540 7218
756 4696 4623 2596 7264
757 4688 4696 2511 7392
758 4609 4736 2476 7318
759 4544 4623 2518 7262
760 4640 4742 2500 7314
761 4491 4764 2475 7361
762 4558 4569 2438 7158
763 4606 4520 2505 6986
764 4640 4649 2495 7290
765 4556 4746 2444 7253
766 4523 4575 2491 7125
767 4583 4557 2487 7168
768 4734 4587 2436 7145
769 4655 4645 2495 7282
770 4580 4577 2390 7119
771 4607 4511 2507 7052
772 4578 4546 2467 7175
773 4603 4691 2397 7183
774 4583 4610 2367 7144
775 4502 4588 2474 7138
776 4571 4597 2496 7077
777 4567 4613 2440 7062
778 4680 4604 2404 7144
779 4600 4689 2525 7229
780 4653 4628 2505 7127
781 4688 4630 2433 7182
782 4531 4626 2397 7214
783 4555 4533 2446 7069
784 4560 4606 2363 7146
785 4584 4678 2376 7228
786 4500 4601 2457 7074
787 4566 4506 2353 7030
788 4605 4572 2405 7051
789 4722 4544 2434 7085
790 4540 4692 2405 7241
791 4526 4629 2372 7103
792 4492 4582 2401 7106
793 4511 4575 2352 7184
794 4436 4570 2296 7037
795 4261 4436 2358 6893
796 4275 4380 2381 6763
797 4344 4399 2295 6803
798 4408 4351 2270 6795
799 4468 4403 2416 6790
800 4370 4404 2266 6819
801 4470 4321 2358 6685
802 4354 4373 2331 6888
803 4377 4318 2305 6747
804 4433 4283 2240 6690
805 4286 4346 2396 6843
806 4392 4388 2325 6694
807 4321 4350 2373 6746
808 4279 4337 2246 6736
809 4230 4256 2209 6647
810 4363 4159 2284 6487
811 4358 4237 2298 6700
812 4397 4335 2238 6669
813 4422 4342 2302 6747
814 4410 4365 2287 6745
815 4366 4389 2418 6783
816 4294 4345 2314 6707
817 4298 4233 2353 6585
818 4373 4267 2282 6642
819 4296 4429 2229 6759
820 4290 4321 2234 6752
821 4352 4368 2196 6704
822 4220 4347 2239 6664
823 4198 4250 2238 6648
824 4171 4239 2305 6604
825 4149 4236 2306 6526
826 4216 4215 2267 6468
827 4262 4254 2220 6582
828 4218 4166 2194 6541
829 4193 4049 2169 6421
830 4057 4072 2234 6437
831 4065 4105 2151 6397
832 4048 4097 2090 6405
833 3952 4036 2187 6301
834 4046 4003 2141 6249
835 4197 4075 2074 6424
836 4176 4259 2206 6496
837 4068 4189 2147 6456
838 4154 4080 2210 6322
839 4179 4127 2138 6380
840 4150 4111 2177 6446
841 4191 4169 2150 6409
842 4129 4191 2231 6497
843 4061 4167 2200 6414
844 4022 4152 2210 6438
845 4065 4225 2124 6345
846 4097 4121 2163 6458
847 4122 4184 2185 6448
848 4156 4126 2172 6376
849 4145 4086 2193 6370
850 4132 4087 2183 6375
851 4034 4150 2209 6445
852 4029 4074 2145 6283
853 4096 4134 2150 6380
854 4139 4215 2203 6421
855 4104 4135 2068 6407
856 4122 4143 2132 6392
857 4143 4136 2133 6326
858 4087 4092 2195 6360
859 4120 4066 2159 6342
860 4153 4137 2208 6358
861 4120 4135 2185 6381
862 4275 4222 2159 6499
863 4137 4269 2136 6518
864 4086 4114 2150 6299
865 4084 4083 2031 6263
866 4164 3945 2196 6205
867 4229 4090 2081 6257
868 4211 4155 2135 6454
869 4210 4239 2161 6433
870 4150 4138 2165 6351
871 4039 4095 2123 6260
872 4061 4063 2149 6231
873 3972 4030 2140 6166
874 3998 4023 2036 6199
875 3883 3976 2072 6078
876 3916 3870 2093 5997
877 3935 3867 2068 6106
878 3938 4072 2071 6270
879 4016 4013 2047 6142
880 4000 3976 2039 6163
881 3931 3910 2106 6150
882 3997 3978 2001 6063
883 3834 3932 2041 6104
884 3839 3861 2022 5974
885 3844 3944 2014 6020
886 3975 3893 2014 6050
887 3945 3934 2052 6133
888 3974 3947 2051 6083
889 4021 3999 1997 6111
890 3918 3944 2115 6168
891 3976 3942 2063 6042
892 4082 3924 2041 6073
893 4147 4015 2041 6125
894 4053 3991 2098 6218
895 4018 4109 2057 6255
896 3995 4002 2050 6126
897 3882 4018 2093 6214
898 3815 4002 2047 6114
899 3937 3872 1937 5989
900 3853 3878 2046 6007
901 3812 3839 2001 5946
902 3838 3865 2044 5946
903 3988 3879 2018 5974
904 4077 3920 2023 6058
905 3915 4007 2062 6144
906 3846 3965 1971 6012
907 3926 3770 2000 5886
908 3897 3856 2056 5955
909 3877 3922 2028 5951
910 3839 3884 1897 5953
911 3740 3821 2041 5883
912 3785 3742 1987 5736
913 3844 3777 1912 5860
914 3871 3816 1957 5894
915 3938 3790 2110 5797
916 3818 3848 1959 5903
917 3939 3815 1916 5935
918 3921 3857 1980 5901
919 3874 3861 1945 5908
920 3802 3787 1957 5846
921 3774 3792 1877 5888
922 3805 3764 1961 5830
923 3767 3849 1967 5858
924 3664 3839 2000 5825
925 3736 3769 1892 5778
926 3663 3735 1897 5814
927 3778 3644 1976 5549
928 3811 3678 1902 5747
929 3707 3784 1879 5789
930 3695 3660 2018 5667
931 3670 3700 1863 5625
932 3683 3596 1958 5622
933 3719 3697 1865 5685
934 3710 3687 1873 5704
935 3699 3750 1858 5677
936 3647 3679 1825 5692
937 3785 3705 1864 5723
938 3686 3750 1895 5711
939 3696 3663 1864 5661
940 3691 3693 1803 5647
941 3727 3728 1902 5648
942 3507 3686 1881 5660
943 3643 3507 1824 5469
944 3579 3533 1811 5523
945 3605 3488 1849 5484
946 3523 3595 1854 5532
947 3561 3560 1877 5519
948 3546 3636 1787 5536
949 3516 3484 1776 5413
950 3621 3488 1807 5471
951 3575 3615 1837 5562
952 3573 3603 1737 5546
953 3645 3472 1815 5345
954 3602 3564 1860 5531
955 3581 3622 1796 5495
956 3613 3577 1816 5475
957 3618 3565 1781 5504
958 3544 3562 1802 5462
959 3495 3572 1750 5458
960 3592 3552 1807 5402
961 3484 3616 1844 5517
962 3543 3574 1742 5462
963 3434 3604 1786 5441
964 3348 3540 1732 5455
965 3473 3515 1785 5343
966 3415 3566 1860 5387
967 3481 3510 1745 5372
968 3465 3571 1735 5471
969 3475 3491 1793 5333
970 3475 3491 1774 5380
971 3489 3559 1779 5457
972 3441 3589 1797 5448
973 3477 3539 1764 5435
974 3498 3615 1782 5368
975 3466 3445 1832 5321
976 3400 3490 1740 5436
977 3466 3424 1745 5221
978 3504 3402 1794 5275
979 3518 3559 1676 5421
980 3562 3432 1783 5313
981 3533 3472 1762 5341
982 3527 3545 1803 5398
983 3572 3508 1681 5346
984 3530 3472 1794 5322
985 3480 3411 1744 5307
986 3441 3497 1734 5429
987 3371 3501 1717 5329
988 3324 3396 1708 5225
989 3450 3415 1715 5253
990 3301 3401 1783 5215
991 3303 3306 1715 5096
992 3405 3330 1736 5161
993 3356 3488 1702 5297
994 3369 3404 1705 5159
995 3395 3282 1829 5128
996 3470 3466 1722 5305
997 3399 3552 1723 5394
998 3498 3433 1723 5255
999 3324 3398 1693 5234
1000 3306 3275 1661 5038
1001 3245 3282 1658 5087
1002 3409 3323 1649 5108
1003 3385 3376 1627 5131
1004 3273 3345 1659 5171
1005 3308 3281 1662 4945
1006 3284 3266 1634 5043
1007 3230 3290 1633 4978
1008 3234 3250 1630 5031
1009 3233 3261 1649 5024
1010 3405 3258 1618 4939
1011 3270 3345 1742 5074
1012 3248 3257 1672 5005
1013 3304 3291 1609 5045
1014 3313 3284 1650 5003
1015 3354 3256 1665 4982
1016 3177 3281 1701 5011
1017 3211 3152 1626 4846
1018 3266 3151 1593 4876
1019 3260 3113 1646 4877
1020 3242 3267 1642 4927
1021 3207 3225 1616 4855
1022 3196 3149 1585 4901
1023 3292 3140 1536 4785
1024 3165 3175 1628 4930
1025 3199 3117 1610 4811
1026 3151 3173 1577 4822
1027 3170 3122 1551 4792
1028 3154 3104 1642 4723
1029 3173 3142 1616 4828
1030 3124 3212 1613 4887
1031 3154 3224 1552 4887
1032 3129 3184 1518 4829
1033 3218 3091 1583 4829
1034 3274 3137 1616 4721
1035 3084 3189 1599 4885
1036 3155 3157 1551 4794
1037 3173 3121 1552 4759
1038 3133 3086 1601 4827
1039 3099 3159 1562 4836
1040 3013 3108 1568 4736
1041 3100 3079 1487 4745
1042 3100 3129 1569 4776
1043 2929 3144 1525 4762
1044 3009 2956 1516 4534
1045 3061 2973 1570 4593
1046 3123 3019 1517 4661
1047 3044 3072 1558 4719
1048 3085 3064 1574 4644
1049 3052 3063 1605 4675
1050 3013 3071 1507 4694
1051 3131 3057 1508 4662
1052 3085 3107 1553 4834
1053 3108 3075 1489 4696
1054 2976 3061 1578 4653
1055 3110 3021 1482 4626
1056 3027 3086 1533 4773
1057 3087 3017 1436 4632
1058 2908 3063 1544 4654
1059 2934 2911 1416 4528
1060 2949 2887 1538 4450
1061 2929 2897 1539 4469
1062 3010 2948 1478 4467
1063 3009 2998 1498 4522
1064 3051 2920 1463 4544
1065 3108 2962 1480 4553
1066 2910 2997 1468 4614
1067 2990 2911 1450 4454
1068 2822 2978 1480 4568
1069 2817 2967 1455 4464
1070 2906 2881 1486 4376
1071 2990 2927 1459 4492
1072 3053 2961 1518 4523
1073 3074 3048 1464 4659
1074 3019 3066 1449 4676
1075 2938 3001 1443 4547
1076 2937 2940 1432 4503
1077 2905 2880 1476 4459
1078 2942 2880 1449 4388
1079 2797 2869 1459 4416
1080 2861 2820 1435 4388
1081 2780 2885 1415 4403
1082 2818 2834 1451 4402
1083 2873 2854 1446 4340
1084 2977 2850 1475 4379
1085 2917 2907 1505 4450
1086 2901 2887 1435 4395
1087 2945 2894 1394 4364
1088 2927 2885 1433 4426
1089 2864 2901 1393 4408
1090 2865 2856 1396 4393
1091 2916 2881 1400 4408
1092 2890 2906 1448 4456
1093 2859 2937 1304 4395
1094 2776 2810 1448 4261
1095 2796 2798 1445 4189
1096 2815 2853 1433 4266
1097 2873 2864 1333 4350
1098 2836 2750 1550 4238
1099 2936 2827 1498 4281
1100 2863 2943 1435 4469
1101 2994 2871 1382 4395
1102 2901 2884 1401 4419
1103 2946 2814 1377 4317
1104 2893 2911 1411 4500
1105 2870 2949 1355 4451
1106 2812 2857 1438 4332
1107 2782 2933 1340 4380
1108 2673 2822 1366 4374
1109 2826 2745 1419 4127
1110 2792 2856 1461 4307
1111 2823 2827 1373 4299
1112 2714 2847 1387 4230
1113 2781 2778 1376 4152
1114 2810 2750 1352 4226
1115 2682 2777 1362 4234
1116 2725 2671 1406 4073
1117 2741 2786 1429 4269
1118 2738 2828 1305 4305
1119 2722 2750 1416 4184
1120 2795 2766 1366 4171
1121 2734 2792 1351 4292
1122 2599 2775 1320 4236
1123 2631 2703 1292 4158
1124 2663 2738 1286 4150
1125 2774 2634 1368 4062
1126 2746 2820 1313 4256
1127 2721 2766 1334 4150
1128 2651 2704 1363 4041
1129 2665 2628 1329 4054
1130 2831 2717 1348 4108
1131 2778 2804 1336 4224
1132 2774 2699 1294 4154
1133 2642 2735 1341 4130
1134 2738 2641 1304 4032
1135 2673 2732 1375 4108
1136 2599 2723 1320 4021
1137 2590 2608 1301 3960
1138 2726 2525 1331 3917
1139 2666 2680 1317 4071
1140 2625 2648 1359 4043
1141 2650 2655 1342 4028
1142 2649 2700 1273 4110
1143 2778 2618 1260 3973
1144 2715 2663 1381 4106
1145 2664 2633 1336 4079
1146 2636 2638 1313 4041
1147 2613 2626 1365 3970
1148 2556 2599 1323 3995
1149 2536 2524 1291 3846
1150 2482 2534 1259 3916
1151 2530 2509 1243 3835
1152 2658 2495 1269 3865
1153 2578 2618 1262 4023
1154 2549 2620 1259 3993
1155 2603 2593 1329 3965
1156 2591 2718 1256 4060
1157 2520 2659 1248 4048
1158 2451 2596 1228 3964
1159 2529 2560 1201 3818
1160 2709 2548 1295 3849
1161 2741 2642 1297 4003
1162 2656 2708 1179 4101
1163 2650 2628 1207 3960
1164 2682 2553 1306 3848
1165 2522 2630 1290 4041
1166 2656 2538 1257 3864
1167 2637 2658 1276 4001
1168 2587 2619 1214 3890
1169 2581 2511 1281 3834
1170 2539 2556 1243 3938
1171 2558 2511 1269 3832
1172 2607 2538 1239 3835
1173 2609 2559 1295 3867
1174 2555 2570 1262 3941
1175 2503 2599 1258 3936
1176 2520 2524 1277 3792
1177 2477 2484 1250 3776
1178 2447 2512 1242 3796
1179 2526 2551 1183 3877
1180 2511 2511 1223 3789
1181 2410 2510 1124 3879
1182 2378 2450 1125 3748
1183 2360 2328 1166 3571
1184 2383 2402 1184 3627
1185 2432 2406 1189 3663
1186 2467 2450 1173 3713
1187 2400 2430 1197 3737
1188 2469 2455 1186 3672
1189 2439 2531 1152 3825
1190 2440 2416 1192 3686
1191 2456 2414 1181 3672
1192 2350 2435 1166 3768
1193 2540 2367 1208 3641
1194 2499 2519 1179 3777
1195 2508 2458 1197 3759
1196 2432 2537 1157 3816
1197 2417 2446 1190 3737
1198 2422 2488 1118 3733
1199 2404 2477 1178 3723
1200 2395 2453 1121 3657
1201 2450 2365 1183 3614
1202 2405 2457 1177 3684
1203 2410 2419 1194 3654
1204 2276 2406 1168 3654
1205 2385 2347 1124 3550
1206 2329 2438 1110 3653
1207 2342 2347 1134 3537
1208 2362 2337 1090 3515
1209 2419 2348 1165 3542
1210 2419 2454 1179 3683
1211 2365 2519 1167 3734
1212 2412 2446 1172 3682
1213 2427 2510 1129 3724
1214 2294 2437 1133 3644
1215 2262 2301 1128 3565
1216 2259 2345 1125 3487
1217 2238 2283 1113 3485
1218 2307 2231 1162 3457
1219 2239 2290 1088 3504
1220 2342 2235 1078 3398
1221 2292 2273 1085 3516
1222 2274 2351 1132 3560
1223 2270 2327 1156 3512
1224 2348 2305 1147 3483
1225 2338 2349 1101 3601
1226 2291 2330 1178 3492
1227 2334 2273 1100 3490
1228 2236 2325 1051 3557
1229 2241 2236 1106 3411
1230 2237 2269 1085 3487
1231 2272 2246 1106 3412
1232 2325 2241 1055 3410
1233 2347 2282 1065 3538
1234 2306 2307 1018 3498
1235 2255 2249 1102 3441
1236 2279 2207 1101 3314
1237 2206 2225 1123 3380
1238 2202 2207 1048 3330
1239 2294 2159 1079 3276
1240 2217 2153 1056 3303
1241 2270 2150 1098 3288
1242 2312 2212 1081 3346
1243 2273 2311 1083 3460
1244 2310 2240 1117 3399
1245 2241 2313 1053 3515
1246 2207 2250 1105 3372
1247 2231 2221 1167 3371
1248 2272 2280 1070 3396
1249 2304 2270 1081 3455
1250 2316 2285 1085 3421
1251 2261 2290 1044 3493
1252 2201 2209 1073 3354
1253 2145 2221 1079 3341
1254 2118 2209 1095 3284
1255 2177 2181 1069 3281
1256 2216 2217 1051 3392
1257 2160 2199 1035 3327
1258 2159 2185 1057 3328
1259 2175 2226 1085 3323
1260 2160 2250 1057 3378
1261 2280 2226 1060 3316
1262 2354 2256 1096 3374
1263 2253 2366 1066 3494
1264 2168 2249 1073 3428
1265 2191 2181 1082 3280
1266 2320 2180 988 3287
1267 2222 2192 1042 3322
1268 2177 2122 1023 3266
1269 2139 2121 1039 3243
1270 2133 2111 1076 3203
1271 2135 2146 1037 3249
1272 2123 2162 1018 3274
1273 2105 2090 1030 3214
1274 2101 2159 1006 3238
1275 2073 2143 1027 3204
1276 2115 2114 971 3198
1277 2070 2130 1034 3201
1278 2154 2106 1036 3124
1279 2158 2137 969 3276
1280 2164 2142 1044 3216
1281 2083 2071 1017 3103
1282 2046 2053 1019 3154
1283 2171 2063 944 3105
1284 2151 2140 989 3259
1285 2121 2138 1011 3201
1286 2109 2132 955 3185
1287 1983 2082 983 3169
1288 1995 1977 982 3005
1289 2008 2023 1014 3023
1290 2078 2038 1022 3029
1291 2044 2077 991 3036
1292 2035 2020 984 3106
1293 2043 1985 940 3045
1294 1994 2004 988 3053
1295 2007 1952 959 2963
1296 1937 2035 923 3071
1297 2021 1930 948 2939
1298 1979 1941 1009 2921
1299 2017 1965 964 3033
1300 2055 1994 977 3023
1301 1972 2011 1002 3066
1302 2004 1986 962 3014
1303 1972 1998 1017 3025
1304 2016 1969 955 3006
1305 2002 2020 972 3046
1306 1969 2053 988 3093
1307 2012 2010 939 3047
1308 2018 1999 978 3034
1309 2040 2039 930 3081
1310 2015 2051 1025 3064
1311 2103 2069 912 3054
1312 1980 2048 954 3130
1313 1940 2053 966 3052
1314 1995 1963 935 2930
1315 1933 1953 915 2929
1316 2009 1897 915 2880
1317 2027 1982 942 2993
1318 2025 1981 985 2980
1319 2019 1998 976 3032
1320 2006 2054 914 3051
1321 1987 2021 978 3038
1322 2027 1985 1018 2923
1323 1878 2080 917 3091
1324 1950 1934 895 2933
1325 1996 1888 924 2892
1326 1939 1949 945 2976
1327 2014 1931 887 2935
1328 1968 2017 915 3006
1329 1918 2005 908 3007
1330 1888 1897 940 2861
1331 1964 1915 936 2943
1332 1892 1995 892 2981
1333 1954 1886 923 2905
1334 1879 2011 907 2991
1335 1870 1924 880 2892
1336 1832 1890 878 2865
1337 1793 1845 882 2815
1338 1841 1865 843 2801
1339 1863 1810 908 2783
1340 1867 1831 886 2729
1341 1787 1803 904 2749
1342 1853 1763 841 2676
1343 1773 1858 862 2800
1344 1773 1792 876 2675
1345 1751 1809 864 2734
1346 1818 1793 891 2677
1347 1788 1810 816 2706
1348 1793 1716 871 2641
1349 1831 1793 890 2693
1350 1817 1862 861 2767
1351 1759 1828 835 2776
1352 1762 1797 839 2673
1353 1782 1830 877 2723
1354 1813 1851 855 2717
1355 1874 1842 874 2694
1356 1829 1882 860 2805
1357 1857 1794 867 2683
1358 1895 1806 870 2749
1359 1781 1900 837 2818
1360 1832 1794 834 2730
1361 1705 1833 846 2768
1362 1778 1666 845 2583
1363 1825 1750 832 2651
1364 1796 1824 823 2722
1365 1764 1756 824 2642
1366 1750 1742 834 2624
1367 1792 1699 832 2607
1368 1705 1781 814 2660
1369 1728 1681 801 2589
1370 1709 1741 823 2597
1371 1766 1737 815 2614
1372 1774 1794 835 2652
1373 1777 1740 834 2634
1374 1746 1792 813 2651
1375 1712 1760 822 2666
1376 1624 1720 826 2569
1377 1716 1608 827 2478
1378 1729 1723 819 2580
1379 1751 1690 812 2534
1380 1742 1723 758 2626
1381 1658 1700 791 2555
1382 1744 1659 853 2496
1383 1734 1738 820 2600
1384 1744 1724 827 2601
1385 1708 1734 795 2641
1386 1720 1710 795 2609
1387 1663 1771 810 2664
1388 1688 1741 804 2532
1389 1668 1754 791 2557
1390 1660 1688 815 2565
1391 1650 1676 802 2535
1392 1640 1675 805 2549
1393 1656 1692 771 2536
1394 1747 1639 799 2519
1395 1673 1796 797 2648
1396 1731 1722 732 2578
1397 1735 1669 806 2563
1398 1596 1762 796 2605
1399 1554 1652 732 2461
1400 1574 1597 759 2407
1401 1577 1635 784 2474
1402 1621 1666 772 2421
1403 1544 1684 748 2453
1404 1531 1566 744 2406
1405 1548 1562 713 2404
1406 1626 1524 764 2321
1407 1604 1578 760 2400
1408 1680 1583 722 2396
1409 1610 1609 722 2449
1410 1625 1541 742 2374
1411 1587 1623 765 2448
1412 1546 1618 740 2438
1413 1583 1590 723 2380
1414 1560 1568 718 2391
1415 1556 1501 737 2308
1416 1567 1585 745 2370
1417 1642 1594 763 2372
1418 1680 1629 769 2418
1419 1634 1622 721 2454
1420 1562 1619 753 2403
1421 1583 1524 733 2312
1422 1601 1585 708 2358
1423 1560 1574 745 2378
1424 1622 1543 739 2355
1425 1554 1599 749 2374
1426 1565 1492 716 2333
1427 1589 1539 739 2295
1428 1594 1552 735 2350
1429 1621 1618 701 2383
1430 1537 1552 714 2325
1431 1557 1473 751 2287
1432 1463 1575 661 2381
1433 1538 1499 701 2262
1434 1506 1510 689 2272
1435 1417 1518 695 2277
1436 1519 1434 669 2172
1437 1472 1512 673 2288
1438 1544 1512 674 2261
1439 1545 1542 714 2299
1440 1467 1558 673 2324
1441 1482 1525 727 2280
1442 1449 1546 744 2295
1443 1481 1514 687 2226
1444 1475 1469 705 2188
1445 1582 1491 702 2214
1446 1520 1517 720 2286
1447 1549 1542 717 2298
1448 1448 1570 685 2281
1449 1468 1461 669 2191
1450 1530 1481 706 2243
1451 1533 1548 678 2267
1452 1489 1472 753 2194
1453 1452 1506 677 2244
1454 1472 1505 710 2248
1455 1478 1454 658 2144
1456 1445 1427 706 2191
1457 1339 1440 677 2184
1458 1448 1346 611 2067
1459 1407 1448 632 2173
1460 1432 1418 642 2099
1461 1430 1419 660 2101
1462 1369 1404 630 2169
1463 1352 1392 646 2115
1464 1352 1352 644 2049
1465 1377 1339 671 2000
1466 1388 1376 586 2128
1467 1391 1406 665 2055
1468 1436 1355 679 2048
1469 1387 1448 646 2108
1470 1312 1388 664 2086
1471 1316 1341 594 2029
1472 1317 1294 641 1983
1473 1355 1317 629 1987
1474 1345 1344 646 2027
1475 1337 1331 621 2024
1476 1343 1341 629 1975
1477 1362 1332 632 2056
1478 1352 1402 623 2095
1479 1334 1371 636 2021
1480 1364 1322 626 1989
1481 1386 1362 624 2052
1482 1380 1332 634 2055
1483 1298 1391 642 2070
1484 1281 1340 569 1981
1485 1272 1317 627 1978
1486 1305 1302 551 1980
1487 1254 1276 579 1921
1488 1273 1230 601 1861
1489 1238 1286 637 1938
1490 1288 1325 566 1967
1491 1288 1331 587 1997
1492 1369 1277 543 1938
1493 1349 1338 654 2017
1494 1339 1387 618 1993
1495 1326 1366 611 2014
1496 1296 1305 576 1955
1497 1289 1240 607 1924
1498 1283 1254 558 1895
1499 1296 1231 612 1869
1500 1274 1299 616 1952
1501 1280 1285 585 1942
1502 1260 1256 573 1902
1503 1223 1243 575 1881
1504 1232 1197 566 1846
1505 1205 1188 561 1822
1506 1253 1189 574 1812
1507 1222 1287 567 1903
1508 1234 1239 528 1884
1509 1236 1202 587 1806
1510 1240 1215 567 1828
1511 1168 1234 571 1858
1512 1261 1205 558 1778
1513 1245 1206 565 1782
1514 1203 1232 562 1899
1515 1192 1245 570 1836
1516 1218 1265 507 1857
1517 1204 1231 567 1847
1518 1193 1192 553 1798
1519 1166 1180 573 1776
1520 1205 1211 533 1817
1521 1230 1228 556 1808
1522 1212 1209 565 1776
1523 1220 1242 569 1828
1524 1255 1260 506 1878
1525 1216 1267 543 1875
1526 1214 1218 539 1832
1527 1205 1226 502 1783
1528 1186 1172 548 1776
1529 1111 1176 566 1756
1530 1145 1136 568 1720
1531 1163 1179 519 1771
1532 1197 1174 568 1753
1533 1164 1205 494 1800
1534 1184 1188 525 1747
1535 1206 1169 526 1759
1536 1128 1208 501 1809
1537 1092 1160 515 1747
1538 1075 1125 482 1695
1539 1148 1146 536 1699
1540 1079 1201 526 1748
1541 1065 1141 528 1686
1542 1011 1118 531 1661
1543 1055 1084 459 1604
1544 1106 1047 512 1603
1545 1058 1109 485 1643
1546 1079 1041 515 1610
1547 1115 1078 505 1619
1548 1083 1134 490 1693
1549 1118 1096 525 1610
1550 1099 1123 487 1657
1551 1071 1077 472 1607
1552 1082 1060 490 1624
1553 1028 1127 485 1656
1554 1064 1070 493 1567
1555 1044 1061 465 1555
1556 1074 1044 466 1568
1557 1109 1003 475 1538
1558 1008 1058 472 1565
1559 1013 988 465 1509
1560 962 986 464 1531
1561 981 968 438 1465
1562 1014 986 486 1467
1563 1077 1020 449 1509
1564 1027 1019 463 1564
1565 960 996 438 1527
1566 1020 1007 475 1541
1567 1036 1046 484 1516
1568 1066 1018 471 1543
1569 1007 1059 474 1577
1570 1009 1010 427 1512
1571 981 980 481 1480
1572 1023 984 432 1497
1573 960 1028 469 1532
1574 990 966 472 1484
1575 977 1018 452 1505
1576 998 970 454 1460
1577 924 1041 458 1517
1578 913 962 419 1454
1579 965 961 422 1481
1580 918 991 442 1482
1581 929 968 439 1431
1582 956 980 452 1413
1583 948 975 459 1462
1584 992 982 443 1448
1585 940 987 449 1483
1586 1035 970 407 1466
1587 975 1030 474 1495
1588 1005 978 421 1447
1589 990 952 448 1402
1590 966 912 469 1409
1591 990 955 416 1458
1592 956 988 412 1466
1593 1028 943 377 1420
1594 999 971 434 1450
1595 919 994 462 1469
1596 957 967 425 1443
1597 914 929 419 1374
1598 921 902 449 1372
1599 959 962 418 1393
1600 926 948 448 1431
1601 944 921 432 1413
1602 878 979 437 1430
1603 956 887 384 1365
1604 929 963 424 1406
1605 883 931 421 1370
1606 960 896 383 1344
1607 957 919 428 1354
1608 988 944 434 1397
1609 944 978 439 1438
1610 912 979 438 1438
1611 931 925 393 1389
1612 878 893 425 1355
1613 879 871 403 1349
1614 909 872 401 1330
1615 901 925 418 1371
1616 913 906 418 1345
1617 931 896 394 1325
1618 901 909 402 1357
1619 850 869 402 1343
1620 926 873 389 1295
1621 806 901 388 1365
1622 808 808 371 1223
1623 798 846 380 1250
1624 839 822 373 1200
1625 861 845 363 1244
1626 819 897 409 1291
1627 803 863 374 1254
1628 816 820 361 1257
1629 799 839 369 1234
1630 801 804 376 1219
1631 779 819 400 1236
1632 820 807 357 1207
1633 858 843 366 1226
1634 879 818 390 1236
1635 874 855 384 1276
1636 821 839 387 1266
1637 826 821 350 1215
1638 877 807 390 1205
1639 833 872 346 1266
1640 834 811 374 1200
1641 871 821 357 1196
1642 849 839 374 1263
1643 824 844 372 1249
1644 853 815 346 1218
1645 846 827 373 1253
1646 829 844 329 1205
1647 797 793 346 1185
1648 811 781 362 1190
1649 773 808 317 1190
1650 774 737 359 1100
1651 772 756 340 1134
1652 783 751 349 1124
1653 807 750 364 1117
1654 838 798 345 1195
1655 755 832 353 1215
1656 779 779 343 1164
1657 854 826 352 1218
1658 794 832 366 1166
1659 785 763 337 1204
1660 770 785 313 1192
1661 750 762 310 1145
1662 780 728 357 1101
1663 739 801 347 1173
1664 738 742 328 1140
1665 770 743 338 1100
1666 754 766 350 1156
1667 757 749 300 1118
1668 740 752 349 1140
1669 732 733 312 1080
1670 783 723 331 1122
1671 771 758 350 1117
1672 686 741 350 1133
1673 731 687 345 1066
1674 693 782 341 1146
1675 733 765 326 1137
1676 695 806 310 1154
1677 754 710 334 1050
1678 802 717 330 1092
1679 727 760 342 1148
1680 734 701 303 1060
1681 808 702 343 1061
1682 762 788 319 1123
1683 705 737 327 1109
1684 731 704 324 1092
1685 714 726 329 1113
1686 704 730 290 1103
1687 649 694 324 1049
1688 691 665 324 986
1689 677 690 311 1037
1690 700 657 325 1008
1691 745 718 309 1088
1692 702 754 334 1123
1693 656 728 303 1101
1694 687 684 302 1013
1695 664 678 306 1000
1696 716 655 330 1015
1697 711 729 313 1088
1698 702 723 303 1054
1699 721 705 282 1043
1700 670 688 306 1038
1701 657 658 284 990
1702 715 664 323 1006
1703 720 725 331 1043
1704 696 737 319 1102
1705 697 743 301 1091
1706 675 740 268 1071
1707 607 654 278 997
1708 642 591 294 916
1709 647 669 272 1007
1710 656 655 327 947
1711 620 674 274 982
1712 624 614 339 927
1713 651 666 287 974
1714 624 686 279 1005
1715 694 650 283 954
1716 700 700 330 1015
1717 657 701 312 1007
1718 644 653 301 1006
1719 631 686 297 1015
1720 667 659 326 971
1721 670 678 303 984
1722 676 657 266 1004
1723 654 653 309 981
1724 683 648 292 969
1725 688 699 306 1023
1726 686 697 300 981
1727 676 676 310 1022
1728 620 674 307 1000
1729 624 659 293 962
1730 599 661 258 982
1731 670 613 282 910
1732 643 689 264 1016
1733 656 661 281 955
1734 671 641 284 937
1735 638 678 258 1017
1736 619 656 259 972
1737 639 618 283 933
1738 621 668 257 984
1739 637 645 237 970
1740 617 617 263 927
1741 624 596 253 901
1742 604 633 283 904
1743 593 609 290 884
1744 614 592 275 874
1745 643 605 274 921
1746 639 638 308 967
1747 644 664 261 961
1748 666 624 254 914
1749 646 633 297 936
1750 630 616 281 933
1751 607 597 277 905
1752 601 608 259 950
1753 614 616 258 915
1754 563 617 263 899
1755 592 560 251 836
1756 619 573 262 859
1757 611 598 264 903
1758 597 609 261 867
1759 569 566 228 854
1760 587 522 284 816
1761 557 576 251 874
1762 571 562 246 848
1763 549 566 219 866
1764 539 528 214 808
1765 566 509 245 769
1766 582 549 259 798
1767 576 568 244 854
1768 591 570 227 852
1769 568 557 246 800
1770 542 533 249 798
1771 527 534 249 808
1772 548 522 215 768
1773 602 531 237 789
1774 558 558 245 829
1775 529 536 231 807
1776 575 529 237 771
1777 548 576 227 864
1778 540 544 195 819
1779 472 525 234 807
1780 514 499 229 739
1781 527 537 210 767
1782 582 531 206 790
1783 563 548 229 781
1784 541 497 246 737
1785 544 544 250 804
1786 489 545 224 811
1787 520 485 218 731
1788 521 532 232 766
1789 542 515 223 777
1790 497 524 219 743
1791 473 492 206 732
1792 521 459 220 696
1793 511 503 215 751
1794 497 509 225 761
1795 487 537 195 768
1796 530 502 222 738
1797 499 510 237 758
1798 497 512 198 782
1799 490 515 236 762
1800 444 512 230 723
1801 436 456 209 675
1802 497 436 221 665
1803 469 476 205 735
1804 460 455 198 693
1805 471 452 193 664
1806 452 447 207 694
1807 493 458 201 684
1808 472 496 203 732
1809 461 468 209 677
1810 457 469 210 686
1811 456 458 204 680
1812 464 439 192 659
1813 507 437 193 679
1814 488 468 202 707
1815 460 467 227 693
1816 458 491 214 726
1817 436 453 199 672
1818 450 456 197 698
1819 448 467 213 681
1820 484 476 196 674
1821 483 492 204 709
1822 486 479 194 712
1823 462 490 185 730
1824 475 464 213 673
1825 468 476 195 690
1826 461 438 184 679
1827 444 422 199 643
1828 431 430 178 647
1829 425 415 197 641
1830 391 424 188 645
1831 420 394 172 608
1832 435 423 200 626
1833 466 443 182 665
1834 453 463 176 688
1835 427 437 203 653
1836 430 458 197 673
1837 431 471 208 683
1838 438 459 189 665
1839 437 439 166 673
1840 389 443 186 655
1841 394 400 179 586
1842 411 392 166 590
1843 422 396 178 625
1844 421 434 192 616
1845 461 428 196 630
1846 418 473 196 667
1847 410 417 202 623
1848 406 427 185 643
1849 407 427 173 636
1850 414 426 168 623
1851 383 422 184 610
1852 399 384 207 573
1853 371 409 186 605
1854 393 403 157 587
1855 386 383 160 563
1856 386 371 184 577
1857 397 392 159 581
1858 404 383 174 591
1859 353 410 160 604
1860 335 369 147 553
1861 358 359 145 535
1862 360 363 153 554
1863 354 374 139 557
1864 347 351 153 516
1865 353 327 150 506
1866 355 328 137 503
1867 346 341 170 521
1868 322 358 158 524
1869 332 348 145 544
1870 370 364 156 523
1871 355 368 154 534
1872 348 345 152 517
1873 365 343 160 525
1874 366 378 147 544
1875 381 379 139 590
1876 358 393 174 550
1877 318 368 148 550
1878 371 324 135 517
1879 329 378 144 549
1880 349 331 138 488
1881 352 316 154 467
1882 356 324 169 498
1883 336 371 167 537
1884 321 371 131 511
1885 321 320 144 492
1886 346 319 131 500
1887 370 344 161 502
1888 345 358 150 542
1889 359 339 151 509
1890 344 339 147 484
1891 317 337 149 512
1892 328 319 132 470
1893 373 310 153 465
1894 329 347 142 506
1895 346 318 141 488
1896 358 343 125 503
1897 337 338 158 504
1898 357 335 148 463
1899 311 344 128 517
1900 295 322 138 456
1901 314 304 159 422
1902 295 325 159 486
1903 314 325 121 457
1904 329 314 135 479
1905 335 341 141 473
1906 333 314 145 471
1907 268 331 135 504
1908 298 295 127 431
1909 310 296 132 421
1910 319 291 140 443
1911 339 315 138 476
1912 311 328 155 477
1913 291 325 137 498
1914 300 309 133 461
1915 290 302 137 456
1916 289 284 119 428
1917 265 272 145 416
1918 297 283 124 442
1919 282 287 133 421
1920 266 278 113 427
1921 282 286 119 422
1922 265 296 112 425
1923 283 268 104 398
1924 303 274 118 419
1925 263 290 118 415
1926 265 258 123 391
1927 281 247 115 388
1928 294 265 122 400
1929 259 287 111 431
1930 265 262 119 413
1931 284 291 119 402
1932 278 294 118 435
1933 274 272 113 395
1934 288 250 113 376
1935 297 253 127 395
1936 251 278 116 405
1937 266 238 121 374
1938 276 265 133 384
1939 259 269 123 387
1940 251 259 99 414
1941 244 251 106 370
1942 253 250 102 393
1943 284 238 97 351
1944 256 264 107 381
1945 223 256 124 364
1946 239 217 112 334
1947 225 249 105 359
1948 300 217 109 334
1949 259 266 116 397
1950 237 231 100 357
1951 267 235 111 349
1952 262 252 87 388
1953 222 253 115 382
1954 263 233 107 339
1955 255 272 107 378
1956 285 232 132 342
1957 237 276 108 412
1958 216 237 105 359
1959 230 242 97 370
1960 241 262 102 373
1961 232 252 104 356
1962 192 229 108 335
1963 207 205 96 306
1964 237 212 94 324
1965 219 249 90 355
1966 224 230 89 327
1967 221 214 90 322
1968 195 199 96 330
1969 206 205 88 303
1970 236 210 86 319
1971 268 230 73 333
1972 234 234 106 341
1973 215 220 120 322
1974 230 217 90 317
1975 251 222 93 349
1976 200 245 87 364
1977 225 201 92 288
1978 225 199 96 304
1979 199 216 94 306
1980 184 196 88 288
1981 191 185 92 287
1982 208 202 93 285
1983 208 203 99 308
1984 196 217 96 312
1985 182 189 92 279
1986 231 184 88 280
1987 212 231 100 324
1988 238 224 80 330
1989 203 231 105 336
1990 187 231 78 321
1991 212 207 93 305
1992 234 211 104 320
1993 249 235 94 328
1994 217 224 96 319
1995 233 191 94 295
1996 205 204 97 302
1997 222 192 96 302
1998 216 215 69 315
1999 209 192 80 308
2000 201 199 94 298
2001 182 183 69 263
2002 175 162 79 247
2003 169 173 70 249
2004 191 169 76 247
2005 158 167 75 248
2006 158 158 83 236
2007 175 169 75 237
2008 166 170 73 255
2009 173 152 80 242
2010 166 174 91 250
2011 139 167 71 250
2012 155 146 64 224
2013 157 142 64 222
2014 152 134 84 199
2015 152 150 59 224
2016 167 155 56 229
2017 142 148 70 218
2018 145 129 76 209
2019 163 132 72 213
2020 170 180 75 252
2021 166 167 63 242
2022 146 150 86 242
2023 177 165 70 250
2024 191 180 79 269
2025 193 196 57 279
2026 174 195 76 279
2027 176 190 76 269
2028 158 176 75 265
2029 166 148 71 213
2030 153 158 55 247
2031 184 165 68 242
2032 153 188 71 274
2033 159 166 51 250
2034 132 164 63 231
2035 139 137 71 209
2036 173 153 56 219
2037 160 175 82 261
2038 150 166 78 230
2039 150 160 55 243
2040 154 160 55 230
2041 147 136 52 209
2042 153 126 78 203
2043 153 160 70 230
2044 168 152 59 223
2045 162 146 68 238
2046 158 143 68 211
2047 139 158 72 227
2048 132 137 51 191
2049 117 119 51 183
2050 133 101 62 170
2051 134 125 49 191
2052 140 134 71 194
2053 143 152 56 207
2054 141 144 58 203
2055 150 135 66 191
2056 115 144 50 215
2057 132 124 54 179
2058 129 127 62 184
2059 111 127 50 192
2060 107 116 55 169
2061 117 106 58 161
2062 113 118 46 189
2063 133 118 47 175
2064 107 122 54 168
2065 112 91 44 157
2066 108 114 49 178
2067 117 115 55 168
2068 112 116 50 169
2069 129 113 39 173
2070 113 120 55 167
2071 106 101 42 167
2072 116 103 56 166
2073 142 120 54 166
2074 130 135 52 190
2075 120 119 43 189
2076 102 109 51 170
2077 118 96 57 158
2078 95 123 50 193
2079 103 113 39 177
2080 113 108 51 162
2081 119 118 54 184
2082 123 115 51 162
2083 135 121 55 171
2084 120 141 31 197
2085 110 111 44 166
2086 93 104 49 170
2087 99 106 41 145
2088 100 100 39 151
2089 80 88 29 147
2090 98 82 33 131
2091 105 98 42 150
2092 79 116 38 162
2093 97 96 31 131
2094 86 94 41 137
2095 102 82 45 137
2096 103 122 38 168
2097 107 103 50 142
2098 101 103 32 156
2099 90 89 38 126
2100 100 85 48 126
2101 92 100 43 143
2102 104 93 44 140
2103 110 100 33 170
2104 96 108 41 160
2105 99 103 37 154
2106 83 94 42 133
2107 85 77 49 113
2108 72 77 42 127
2109 80 81 36 124
2110 98 84 33 136
2111 97 92 30 143
2112 84 82 38 119
2113 88 68 36 117
2114 80 75 28 127
2115 94 82 38 131
2116 96 102 35 133
2117 85 100 37 145
2118 99 99 34 134
2119 105 93 38 136
2120 91 99 32 139
2121 67 86 38 125
2122 88 63 34 100
2123 90 85 34 115
2124 103 77 45 120
2125 93 90 41 136
2126 94 89 37 120
2127 82 76 41 135
2128 88 94 36 137
2129 88 104 32 137
2130 78 95 38 141
2131 79 80 29 113
2132 90 85 30 122
2133 77 90 40 134
2134 75 77 37 112
2135 79 88 34 134
2136 67 89 32 125
2137 63 78 34 109
2138 83 74 29 116
2139 86 74 25 121
2140 92 86 33 130
2141 104 86 34 123
2142 91 83 40 123
2143 81 86 37 123
2144 77 72 28 107
2145 76 66 37 107
2146 61 76 27 108
2147 81 55 34 91
2148 102 69 26 113
2149 97 87 34 132
2150 87 89 28 124
2151 80 74 35 118
2152 77 68 38 104
2153 71 70 35 106
2154 89 80 41 111
2155 76 94 35 128
2156 70 84 31 126
2157 63 89 35 115
2158 64 66 27 99
2159 75 72 29 107
2160 65 81 30 112
2161 72 61 36 91
2162 63 78 37 109
2163 82 82 40 109
2164 72 91 18 113
2165 62 65 28 98
2166 70 61 26 86
2167 57 71 33 107
2168 53 61 18 88
2169 57 48 37 73
2170 60 60 31 86
2171 67 67 31 95
2172 59 69 26 102
2173 67 63 28 103
2174 76 80 27 104
2175 59 85 34 116
2176 68 65 26 97
2177 60 64 28 89
2178 71 51 37 77
2179 71 64 24 96
2180 55 57 23 93
2181 58 53 21 90
2182 60 54 15 79
2183 51 45 22 75
2184 54 44 29 64
2185 64 52 33 83
2186 62 64 25 91
2187 57 70 23 102
2188 46 65 24 99
2189 44 55 20 75
2190 67 51 18 77
2191 58 62 27 82
2192 51 57 24 84
2193 26 52 25 82
2194 39 36 13 55
2195 56 41 15 68
2196 36 54 24 70
2197 44 40 21 63
2198 30 46 21 68
2199 41 36 23 51
2200 56 38 14 56
2201 50 41 18 62
2202 49 40 18 64
2203 53 45 23 58
2204 49 49 22 74
2205 49 55 18 73
2206 59 50 14 66
2207 52 56 23 76
2208 54 53 23 69
2209 48 50 17 69
2210 43 43 25 56
2211 40 35 21 59
2212 52 47 17 68
2213 46 48 16 69
2214 34 40 26 60
2215 43 51 17 64
2216 37 52 15 69
2217 41 38 20 64
2218 38 49 13 70
2219 43 39 21 58
2220 40 48 16 64
2221 58 40 22 62
2222 43 64 19 91
2223 47 55 15 73
2224 42 53 18 73
2225 39 41 18 63
2226 43 41 18 58
2227 54 42 19 67
2228 45 64 22 87
2229 51 47 19 66
2230 45 51 27 72
2231 43 48 20 69
2232 37 47 22 75
2233 44 40 17 65
2234 37 41 21 63
2235 32 37 14 66
2236 41 37 16 55
2237 37 38 20 58
2238 42 41 17 60
2239 27 49 13 68
2240 31 40 15 58
2241 45 37 16 54
2242 28 35 19 60
2243 42 32 14 49
2244 37 36 20 50
2245 38 38 14 54
2246 39 37 14 51
2247 33 34 11 55
2248 40 35 16 46
2249 33 34 11 53
2250 29 32 12 46
2251 30 25 13 45
2252 33 33 14 44
2253 41 30 22 51
2254 43 40 13 52
2255 36 38 11 58
2256 32 28 11 43
2257 35 28 12 48
2258 31 28 10 49
2259 26 30 12 51
2260 35 25 9 39
2261 36 28 13 45
2262 31 36 13 46
2263 29 25 8 38
2264 35 17 15 31
2265 21 28 15 42
2266 36 21 10 37
2267 36 30 10 43
2268 18 27 10 46
2269 25 16 16 33
2270 22 26 4 35
2271 20 18 7 29
2272 20 17 16 27
2273 22 21 9 32
2274 29 23 8 35
2275 34 27 19 41
2276 22 39 13 52
2277 39 31 13 49
2278 41 42 9 54
2279 25 33 11 54
2280 27 24 7 31
2281 32 27 6 35
2282 23 25 6 39
2283 22 24 6 33
2284 28 25 11 35
2285 16 31 10 39
2286 13 23 6 30
2287 14 17 5 29
2288 9 16 5 24
2289 11 11 2 21
2290 14 13 5 20
2291 15 11 3 22
2292 19 11 4 20
2293 20 13 9 24
2294 22 19 6 30
2295 13 18 8 29
2296 21 13 16 26
2297 19 28 11 36
2298 28 23 13 35
2299 18 33 13 43
2300 18 31 6 46
2301 23 25 8 31
2302 30 24 11 36
2303 20 29 5 40
2304 14 19 9 28
2305 18 12 10 22
2306 15 20 7 31
2307 19 17 8 24
2308 13 16 6 28
2309 14 8 9 18
2310 19 12 7 17
2311 21 19 7 30
2312 16 23 8 32
2313 26 17 5 22
2314 15 22 13 32
2315 19 16 8 28
2316 17 29 7 34
2317 26 14 5 22
2318 26 22 7 30
2319 23 21 8 33
2320 18 22 6 30
2321 18 15 4 25
2322 21 17 5 25
2323 25 20 7 35
2324 17 25 9 34
2325 22 24 3 32
2326 11 24 5 33
2327 13 16 7 21
2328 17 16 8 24
2329 10 22 5 31
2330 18 12 2 16
2331 13 18 6 25
2332 20 15 5 17
2333 24 19 4 26
2334 11 20 12 25
2335 12 10 5 16
2336 17 19 5 26
2337 15 19 4 27
2338 17 16 7 25
2339 11 21 4 27
2340 12 11 8 19
2341 14 15 6 18
2342 15 13 7 25
2343 10 17 3 26
2344 19 12 2 16
2345 13 17 6 24
2346 15 14 3 20
2347 15 20 2 28
2348 13 18 4 20
2349 13 8 9 11
2350 12 11 5 16
2351 11 14 5 22
2352 11 12 10 16
2353 11 10 7 15
2354 16 12 11 17
2355 9 17 5 30
2356 10 15 2 23
2357 9 14 6 17
2358 11 9 2 14
2359 12 10 4 10
2360 10 9 5 14
2361 12 9 3 11
2362 8 9 8 13
2363 8 7 6 11
2364 11 9 3 12
2365 9 12 9 20
2366 7 11 3 14
2367 7 9 8 10
2368 8 9 4 14
2369 11 10 8 16
2370 18 14 4 17
2371 21 13 10 18
2372 19 18 9 22
2373 10 17 10 23
2374 15 14 5 24
2375 16 14 5 26
2376 8 19 10 23
2377 13 11 8 16
2378 16 15 4 22
2379 11 12 4 22
2380 12 5 9 9
2381 11 10 3 20
2382 13 9 8 15
2383 9 15 3 20
2384 8 8 3 14
2385 9 6 2 10
2386 8 7 5 10
2387 15 6 7 14
2388 14 19 7 23
2389 17 14 8 16
2390 17 19 7 25
2391 16 19 9 25
2392 19 18 4 22
2393 12 20 5 27
2394 17 13 6 23
2395 18 21 9 26
2396 9 21 6 27
2397 12 12 7 17
2398 9 16 8 17
2399 9 13 1 17
2400 9 8 11 11
2401 11 9 3 12
2402 16 9 4 18
2403 18 13 6 20
2404 10 17 5 18
2405 11 7 3 9
2406 5 5 7 10
2407 4 3 1 11
2408 8 3 4 7
2409 10 11 6 14
2410 10 9 6 13
2411 8 13 2 18
2412 7 9 2 13
2413 4 7 3 12
2414 9 6 3 11
2415 4 13 4 15
2416 5 10 2 12
2417 18 7 1 9
2418 9 14 4 18
2419 7 6 5 11
2420 9 8 3 12
2421 4 9 3 18
2422 7 10 0 14
2423 9 10 6 16
2424 18 18 2 20
2425 15 21 3 24
2426 14 13 1 18
2427 17 7 6 13
2428 11 17 4 23
2429 7 13 2 14
2430 8 5 0 11
2431 3 8 5 11
2432 7 5 2 9
2433 3 8 1 11
2434 7 4 3 7
2435 6 9 0 14
2436 5 8 0 12
2437 3 4 2 4
2438 2 2 2 3
2439 7 2 1 7
2440 6 9 4 12
2441 6 9 2 9
2442 4 5 1 10
2443 5 4 2 6
2444 10 6 1 7
2445 7 7 1 9
2446 8 3 2 5
2447 10 4 3 8
2448 7 7 5 9
2449 10 8 3 13
2450 1 11 0 14
2451 5 1 3 3
2452 9 4 1 7
2453 4 8 2 13
2454 5 6 2 7
2455 2 7 2 10
2456 14 6 3 6
2457 5 12 5 14
2458 6 7 2 10
2459 8 5 1 9
2460 8 6 1 10
2461 5 5 0 11
2462 2 5 0 7
2463 1 2 3 4
2464 1 5 2 6
2465 5 4 0 5
2466 5 3 1 6
2467 6 3 0 6
2468 3 5 5 9
2469 4 7 0 8
2470 4 4 2 6
2471 10 4 3 5
2472 10 10 1 12
2473 9 6 4 8
2474 5 8 3 11
2475 4 2 1 7
2476 6 4 4 7
2477 1 8 1 8
2478 5 2 1 3
2479 3 4 1 5
2480 2 1 2 1
2481 5 1 0 2
2482 6 3 2 4
2483 5 4 4 4
2484 4 3 2 4
2485 5 2 2 4
2486 9 6 3 8
2487 6 10 2 10
2488 4 6 2 8
2489 1 7 1 9
2490 1 4 1 4
2491 2 1 0 2
2492 3 2 1 4
2493 8 2 4 2
2494 4 5 2 8
2495 6 3 1 6
2496 5 6 3 10
2497 2 7 1 9
2498 6 4 2 7
2499 4 6 1 7
2500 5 3 1 5
2501 3 1 2 3
2502 3 2 0 5
2503 5 3 0 6
2504 9 5 1 7
2505 7 8 1 9
2506 3 5 3 9
2507 4 2 0 5
2508 4 4 2 6
2509 2 5 1 8
2510 3 2 0 4
2511 3 3 1 5
2512 1 2 2 4
2513 2 2 1 3
2514 1 1 3 4
2515 2 1 2 1
2516 3 1 2 2
2517 8 4 0 8
2518 5 9 3 10
2519 4 2 1 4
2520 1 2 2 2
2521 2 0 1 2
2522 1 2 0 3
2523 1 0 0 1
2524 2 1 2 3
2525 0 4 0 5
2526 6 0 1 0
2527 3 5 2 5
2528 3 3 0 3
2529 3 3 1 4
2530 5 4 2 6
2531 2 8 1 10
2532 4 4 3 4
2533 2 6 0 8
2534 0 1 0 4
2535 4 1 2 2
2536 3 5 1 6
2537 3 4 1 6
2538 1 3 1 3
2539 4 2 2 4
2540 1 6 3 6
2541 2 1 3 1
2542 3 2 0 4
2543 0 3 1 7
2544 1 0 1 0
2545 0 0 2 2
2546 2 1 1 1
2547 0 2 0 3
2548 2 0 2 0
2549 5 1 1 2
2550 2 2 0 4
2551 2 1 2 1
2552 2 1 0 2
2553 1 2 2 2
2554 1 2 0 3
2555 0 1 0 4
2557 0 0 1 0
2558 0 1 0 1
2559 0 1 0 1
2560 0 1 0 2
2561 0 1 0 1
2562 1 0 1 0
2563 2 0 0 1
2564 0 2 0 3
2565 1 1 1 1
2566 1 2 0 2
2567 3 2 1 3
2568 1 4 0 4
2569 3 1 2 1
2570 3 2 0 3
2571 3 1 1 4
2572 1 2 1 4
2573 0 2 1 2
2574 0 1 1 2
2576 2 0 1 1
2577 3 0 1 0
2578 5 1 0 2
2579 1 3 2 3
2580 0 0 2 0
2581 1 0 1 1
2582 3 2 2 3
2583 2 3 1 3
2584 3 0 0 1
2585 3 1 2 2
2586 0 1 2 3
2587 0 2 0 3
2588 1 1 1 1
2589 2 1 0 1
2590 2 0 0 1
2591 2 0 1 2
2592 0 2 0 2
2593 1 0 1 0
2594 0 1 0 1
2595 1 0 0 0
2596 0 1 1 1
2597 1 0 0 1
2598 0 1 0 1
2599 0 0 0 1
2601 0 0 0 1
2602 1 0 0 1
2603 2 0 0 1
2604 1 1 0 1
2605 2 0 0 0
2606 0 1 1 1
2607 0 0 0 2
2608 3 1 0 2
2609 3 2 0 3
2610 2 3 0 4
2611 0 2 0 2
2613 0 0 0 1
2615 0 0 1 0
2616 1 0 0 0
2617 1 0 0 0
2618 1 0 1 1
2619 0 1 0 1
2620 1 0 1 0
2621 3 2 0 2
2622 4 2 0 3
2623 0 4 0 5
2624 1 0 0 1
2625 0 1 0 1
2626 0 0 0 1
2627 1 1 0 1
2628 1 2 0 2
2629 0 2 1 2
2630 0 1 0 1
2631 0 1 0 1
2633 1 0 0 0
2634 0 0 1 0
2636 1 0 0 0
2637 1 0 0 0
2638 0 0 0 1
2680 0 0 1 0
2681 0 1 0 1
2682 2 1 0 1
2683 1 1 0 1
2684 1 0 1 0
2685 0 1 0 1
2686 0 0 1 0
2687 1 0 0 0
2688 1 0 0 1
2689 1 1 0 1
2690 4 1 0 1
2691 2 3 0 4
2692 0 1 1 1
2693 0 0 1 0
2694 0 1 1 1
2695 1 1 0 1
2696 3 1 0 2
2697 0 3 0 3
2698 0 0 1 0
2699 1 0 0 0
2700 0 0 0 2
2702 1 0 0 0
2703 5 0 0 0
2704 2 3 1 5
2705 1 3 0 3
2706 0 1 0 1
2715 0 0 0 1
2716 1 1 0 1
2717 0 1 0 1
2720 1 0 0 1
2721 0 1 0 1
2798 0 0 1 0
2799 0 1 0 1
2806 1 0 0 1
2807 1 2 0 2
2808 0 1 0 1
2814 1 0 1 0
2815 0 2 1 2
2816 0 0 1 0
2817 1 1 1 2
2818 2 1 0 1
2819 1 1 1 3
2820 0 2 0 2
2821 0 1 0 2
2822 0 1 0 1
