1 9479
2 2524
3 1604
4 1065
5 789
6 629
7 473
8 369
9 325
10 250
11 227
12 189
13 181
14 158
15 156
16 117
17 93
18 88
19 75
20 63
21 82
22 65
23 68
24 52
25 50
26 47
27 48
28 49
29 49
30 38
31 34
32 27
33 18
34 26
35 25
36 29
37 19
38 21
39 16
40 21
41 14
42 13
43 16
44 21
45 15
46 21
47 12
48 4
49 9
50 5
51 8
52 14
53 4
54 6
55 8
56 8
57 10
58 6
59 3
60 4
61 3
62 5
63 6
64 2
65 9
66 4
67 1
68 4
69 11
70 2
71 3
72 3
73 1
74 1
75 2
76 2
77 4
78 0
79 2
80 1
81 2
82 1
83 2
84 1
85 2
86 4
87 4
88 2
89 0
90 2
91 0
92 0
93 0
94 0
95 0
96 1
97 0
98 0
99 3
100 4
101 0
102 0
103 0
104 0
105 0
106 0
107 1
108 0
109 0
110 1
111 2
112 2
113 0
114 0
115 1
116 0
117 3
118 1
119 0
120 0
121 0
122 0
123 0
124 0
125 2
126 0
127 0
128 0
129 0
130 0
131 0
132 0
133 0
134 0
135 0
136 1
137 0
138 0
139 0
140 1
141 0
142 1
143 0
144 0
145 1
146 0
147 0
148 1
