0 5205766 0 0 0
1 2837200 5207378 1087759 5207378
2 1790195 2836340 1177465 2836340
3 1474952 1787403 1208601 2680598
4 1253841 1474233 1140972 2430985
5 1086936 1254094 1065520 2213640
6 963770 1087081 986421 2013597
7 869344 961820 913345 1850729
8 793849 868275 850449 1714724
9 732520 793530 789155 1597459
10 679827 733346 735908 1494941
11 634780 681043 690328 1402632
12 594720 635820 646538 1319096
13 561757 594838 608127 1243875
14 529623 560109 572480 1178390
15 500527 530106 539685 1117010
16 474817 501252 507896 1058882
17 450328 475499 479340 1008231
18 428289 450044 453459 956557
19 407836 428438 430369 911423
20 389233 407313 408193 868227
21 371244 388833 386229 829853
22 354935 371695 367909 792900
23 339787 354801 348595 757905
24 326190 339862 333762 725826
25 310891 325956 316385 695868
26 296997 310823 301229 662946
27 285828 297788 287053 637308
28 274663 286066 273012 610825
29 263272 274496 261440 586678
30 253127 263591 249260 562259
31 242654 252904 237543 540287
32 233780 242484 227529 518711
33 223844 233510 216488 498684
34 216118 223858 206480 478427
35 207960 215247 198422 460158
36 199339 207281 190267 441667
37 191916 199459 181479 425257
38 184299 191823 174061 409431
39 177675 184335 167071 393211
40 171385 177547 160081 378375
41 164725 171166 153169 364798
42 158840 164401 146969 350577
43 152657 158900 140799 338471
44 146882 152805 135230 324819
45 141853 147175 129857 313257
46 136450 142356 123443 302091
47 132383 136159 119010 289879
48 127573 132272 114078 281036
49 123197 127630 109459 270821
50 118643 122706 105018 261138
51 114212 118510 100777 251659
52 110546 114204 97422 242114
53 106477 110341 93286 234009
54 102234 106555 89483 226143
55 99144 102413 86288 216859
56 95828 98948 82776 209606
57 92112 95307 79144 202500
58 89256 91979 76616 194817
59 86137 89370 73754 188696
60 83130 86183 70544 181940
61 79945 83313 67830 176331
62 76898 79972 65211 168988
63 73983 77530 62567 162947
64 71294 73931 59971 156972
65 69171 71285 58137 151190
66 66645 69278 56096 145842
67 64921 66804 53634 141560
68 62277 65077 51502 136919
69 60025 62557 49832 131825
70 58228 60352 48120 127136
71 56700 58835 45915 123525
72 54456 56816 44663 119025
73 52472 54176 42969 114169
74 50750 52110 41313 110386
75 49088 50648 39655 106976
76 47224 49231 38429 103262
77 46032 47370 36729 99871
78 44286 46111 35527 96749
79 42871 44374 34303 93233
80 41185 42774 33089 89816
81 39884 41297 31663 86814
82 38432 39569 30550 83552
83 37009 38542 29695 81198
84 36221 37395 28530 78144
85 35045 36264 27461 76065
86 33528 34911 26564 73295
87 32282 33569 25497 70411
88 31480 32414 24493 68060
89 30207 31438 23819 66013
90 29056 30515 22671 63720
91 28624 29273 21911 61496
92 27601 28642 21192 60046
93 26746 27359 20257 57413
94 25320 26568 19681 55589
95 24707 25437 19114 53205
96 23854 24669 18109 51598
97 23369 23763 17755 49984
98 22530 23109 17331 48218
99 21674 22690 16531 47238
100 21016 21873 15841 45483
101 20184 20836 15368 43653
102 19584 20306 14794 42358
103 19037 19429 14263 40619
104 18197 18788 14021 39505
105 17737 18199 13467 37998
106 17261 17889 12833 37155
107 16613 17391 12659 35941
108 15962 16634 12112 34704
109 15685 16229 11494 33504
110 15054 15683 11201 32598
111 14673 15169 10886 31332
112 14034 14531 10424 30364
113 13396 14088 10170 29275
114 12918 13489 9681 28150
115 12467 13010 9459 27292
116 12286 12590 9063 26048
117 11952 12255 8798 25588
118 11692 11818 8407 24749
119 11098 11584 8115 24135
120 10721 11040 7855 23072
121 10590 10685 7597 22419
122 10151 10452 7441 21881
123 9706 10149 7055 20941
124 9341 9635 6856 20176
125 9109 9270 6613 19468
126 8908 9014 6329 18867
127 8767 8851 6159 18480
128 8375 8791 5987 18005
129 7820 8277 5786 17192
130 7590 7724 5480 16364
131 7338 7543 5372 15757
132 7011 7279 5159 15258
133 6981 7124 4968 14798
134 6788 6943 4932 14495
135 6447 6743 4685 14064
136 6392 6536 4363 13459
137 6259 6229 4381 13094
138 5761 6234 4181 12786
139 5612 5739 4125 11958
140 5429 5641 3783 11779
141 5260 5510 3776 11399
142 5072 5283 3605 11061
143 5000 5142 3439 10658
144 4833 4970 3377 10226
145 4552 4757 3236 9990
146 4509 4619 3130 9686
147 4349 4537 3030 9363
148 4173 4321 2987 9049
149 4061 4253 2827 8768
150 4012 4042 2785 8442
151 3906 3959 2601 8133
152 3815 3802 2629 7909
153 3534 3737 2513 7729
154 3383 3502 2359 7261
155 3322 3324 2340 6988
156 3248 3392 2235 7028
157 3088 3178 2164 6634
158 3067 2987 2130 6281
159 2892 2995 2029 6283
160 2890 2900 1956 6036
161 2669 2885 1947 5857
162 2633 2684 1809 5638
163 2674 2602 1814 5430
164 2509 2610 1897 5381
165 2473 2571 1675 5217
166 2364 2419 1616 5102
167 2335 2362 1679 4900
168 2264 2316 1569 4749
169 2233 2269 1393 4690
170 1982 2176 1512 4502
171 2033 2045 1384 4300
172 1896 2040 1300 4276
173 1829 1923 1258 3963
174 1735 1814 1215 3759
175 1678 1775 1142 3751
176 1648 1699 1140 3560
177 1608 1710 1099 3538
178 1515 1687 1080 3380
179 1526 1519 1021 3233
180 1446 1549 1047 3233
181 1395 1482 961 3032
182 1462 1408 951 2892
183 1359 1425 862 2941
184 1355 1342 915 2762
185 1279 1312 883 2712
186 1228 1245 815 2602
187 1113 1235 803 2540
188 1098 1138 793 2399
189 1113 1148 736 2321
190 1097 1096 763 2277
191 1063 1080 691 2186
192 1019 1041 658 2199
193 951 1053 611 2063
194 967 951 627 1967
195 820 901 574 1916
196 844 845 548 1800
197 823 872 540 1828
198 819 834 520 1690
199 780 826 483 1689
200 762 770 507 1567
201 719 739 490 1519
202 724 710 474 1545
203 727 746 475 1472
204 686 694 469 1445
205 592 705 441 1419
206 578 647 404 1329
207 579 592 371 1242
208 572 578 371 1180
209 544 578 403 1204
210 564 596 366 1170
211 545 574 341 1171
212 507 559 346 1089
213 511 528 312 1061
214 465 513 274 987
215 447 456 325 972
216 452 462 327 941
217 432 445 238 935
218 404 418 289 892
219 392 391 274 819
220 390 377 276 801
221 374 391 295 799
222 378 387 243 830
223 353 386 239 734
224 390 325 254 725
225 320 361 272 742
226 319 319 229 682
227 316 302 224 665
228 315 333 202 716
229 306 335 205 654
230 306 322 187 662
231 306 294 197 586
232 300 311 193 630
233 273 308 172 623
234 271 265 176 559
235 245 273 145 563
236 235 259 158 516
237 225 229 150 467
238 226 223 143 472
239 208 229 133 444
240 200 223 128 435
241 182 203 123 394
242 176 165 118 347
243 185 176 106 343
244 203 174 116 379
245 187 189 110 379
246 169 176 128 353
247 141 170 108 335
248 166 156 89 339
249 159 170 99 331
250 148 163 107 310
251 122 139 93 297
252 124 116 94 255
253 131 125 63 261
254 143 134 95 287
255 148 140 82 267
256 128 128 78 259
257 106 127 71 259
258 100 116 80 248
259 123 110 63 235
260 92 132 71 237
261 79 105 64 204
262 96 105 76 197
263 94 93 68 194
264 90 99 60 205
265 89 110 55 212
266 96 108 53 195
267 88 93 40 198
268 76 81 61 172
269 67 81 53 156
270 64 69 30 147
271 56 54 42 132
272 59 53 42 130
273 65 67 52 141
274 55 74 35 149
275 59 58 39 117
276 59 57 38 117
277 51 56 36 126
278 69 51 34 116
279 55 59 40 122
280 48 65 36 133
281 53 59 33 114
282 51 61 25 113
283 50 51 40 102
284 44 44 21 88
285 39 43 27 95
286 38 51 31 91
287 36 44 19 86
288 36 39 28 75
289 29 38 30 79
290 46 28 18 71
291 39 42 20 86
292 39 41 31 72
293 34 38 25 86
294 26 32 32 66
295 26 30 17 66
296 37 31 21 72
297 40 39 15 78
298 27 38 14 74
299 23 35 16 60
300 23 26 19 44
301 33 28 12 50
302 28 25 18 58
303 27 25 16 63
304 18 25 14 52
305 13 16 18 38
306 16 20 10 48
307 16 14 16 31
308 20 20 15 36
309 22 25 15 44
310 22 20 15 46
311 15 29 7 47
312 19 20 12 44
313 15 15 15 31
314 14 15 9 31
315 10 13 10 31
316 10 11 13 25
317 12 14 8 29
318 9 11 7 32
319 14 8 8 18
320 14 12 9 22
321 13 9 8 20
322 16 14 7 31
323 12 16 7 37
324 8 14 10 31
325 11 17 9 27
326 10 10 3 19
327 8 6 6 18
328 9 8 3 16
329 5 4 7 16
330 9 7 2 14
331 12 8 3 19
332 10 8 6 15
333 8 5 2 22
334 5 10 5 18
335 10 2 6 11
336 12 11 5 20
337 8 8 7 20
338 10 9 10 25
339 12 13 6 19
340 15 15 5 23
341 6 15 5 25
342 9 6 5 12
343 7 7 3 19
344 5 7 3 20
345 5 6 2 13
346 2 5 1 9
347 7 1 3 10
348 8 7 5 13
349 7 5 3 11
350 7 6 1 13
351 9 7 3 15
352 8 6 3 9
353 3 5 2 10
354 0 2 4 10
355 3 3 1 10
356 4 7 4 10
357 7 3 4 6
358 5 2 2 10
359 4 0 3 7
360 7 2 1 10
361 4 6 3 13
362 7 3 2 5
363 1 5 4 11
364 5 4 6 7
365 4 6 2 11
366 3 4 4 7
367 2 2 2 5
368 1 2 0 5
369 1 0 2 1
370 4 0 1 2
371 5 1 2 3
372 6 2 2 2
373 6 1 2 5
374 3 2 2 6
375 1 1 1 3
376 0 0 1 2
377 3 0 1 1
378 3 1 0 6
379 1 2 0 5
380 1 1 1 4
381 4 2 1 3
382 2 4 0 7
383 2 2 1 2
384 0 1 1 4
385 1 1 0 1
386 0 0 0 2
387 0 0 0 1
389 0 0 1 1
390 1 1 0 1
391 2 2 0 3
392 2 2 1 2
393 0 2 0 4
395 0 0 0 1
396 1 0 0 0
397 0 0 1 1
398 1 0 0 1
399 2 0 1 0
400 3 0 1 2
401 0 2 1 4
402 0 1 0 2
403 0 1 0 2
404 1 0 0 1
405 0 0 0 1
409 0 0 0 1
410 1 0 0 0
411 0 1 0 2
412 0 0 0 2
413 0 2 0 2
417 0 0 1 0
418 0 1 0 1
420 0 0 1 0
421 1 1 0 1
422 1 1 1 2
423 0 2 0 2
425 0 0 0 2
428 1 0 0 0
429 0 0 0 1
438 0 0 2 0
439 0 1 0 1
440 0 1 0 2
443 0 0 0 1
448 0 0 0 1
453 0 0 0 1
465 0 0 0 1
466 0 1 0 1
467 0 1 0 1
468 0 1 0 1
469 0 1 0 1
470 0 1 0 1
