0 1.0 0.0
1 0.4298 0.5702
2 0.5113 0.4887
3 0.5003 0.4997
4 0.4963 0.5037
5 0.493 0.507
6 0.492 0.508
7 0.4906 0.5094
8 0.4895 0.5105
9 0.4879 0.5121
10 0.4864 0.5136
11 0.4858 0.5142
12 0.4848 0.5152
13 0.4847 0.5153
14 0.4833 0.5167
15 0.4822 0.5178
16 0.4813 0.5187
17 0.4797 0.5203
18 0.4797 0.5203
19 0.4791 0.5209
20 0.4787 0.5213
21 0.4772 0.5228
22 0.4769 0.5231
23 0.476 0.524
24 0.4762 0.5238
25 0.4741 0.5259
26 0.4743 0.5257
27 0.4734 0.5266
28 0.4727 0.5273
29 0.4721 0.5279
30 0.4719 0.5281
31 0.4706 0.5294
32 0.4707 0.5293
33 0.4689 0.5311
34 0.469 0.531
35 0.469 0.531
36 0.4687 0.5313
37 0.4675 0.5325
38 0.4667 0.5333
39 0.4672 0.5328
40 0.467 0.533
41 0.4656 0.5344
42 0.4659 0.5341
43 0.4644 0.5356
44 0.4648 0.5352
45 0.4645 0.5355
46 0.4625 0.5375
47 0.4644 0.5356
48 0.4623 0.5377
49 0.4621 0.5379
50 0.4613 0.5387
51 0.4607 0.5393
52 0.4621 0.5379
53 0.4605 0.5395
54 0.4588 0.5412
55 0.4609 0.5391
56 0.4601 0.5399
57 0.4582 0.5418
58 0.4599 0.5401
59 0.4587 0.5413
60 0.4579 0.5421
61 0.4559 0.5441
62 0.4568 0.5432
63 0.4559 0.5441
64 0.4554 0.5446
65 0.4571 0.5429
66 0.457 0.543
67 0.4558 0.5442
68 0.4538 0.5462
69 0.4546 0.5454
70 0.4555 0.5445
71 0.4538 0.5462
72 0.4544 0.5456
73 0.4553 0.5447
74 0.4547 0.5453
75 0.4534 0.5466
76 0.4534 0.5466
77 0.4532 0.5468
78 0.452 0.548
79 0.4529 0.5471
80 0.4526 0.5474
81 0.4518 0.5482
82 0.4522 0.5478
83 0.451 0.549
84 0.4531 0.5469
85 0.4511 0.5489
86 0.4505 0.5495
87 0.4507 0.5493
88 0.4513 0.5487
89 0.4501 0.5499
90 0.4481 0.5519
91 0.4511 0.5489
92 0.4483 0.5517
93 0.4502 0.5498
94 0.4474 0.5526
95 0.4516 0.5484
96 0.4485 0.5515
97 0.4514 0.5486
98 0.4526 0.5474
99 0.4471 0.5529
100 0.4476 0.5524
101 0.4489 0.5511
102 0.448 0.552
103 0.4505 0.5495
104 0.4492 0.5508
105 0.4509 0.5491
106 0.4475 0.5525
107 0.4489 0.5511
108 0.4472 0.5528
109 0.4479 0.5521
110 0.4461 0.5539
111 0.4493 0.5507
112 0.4461 0.5539
113 0.446 0.554
114 0.4453 0.5547
115 0.4455 0.5545
116 0.4504 0.5496
117 0.4478 0.5522
118 0.4482 0.5518
119 0.4432 0.5568
120 0.446 0.554
121 0.4479 0.5521
122 0.4457 0.5543
123 0.4446 0.5554
124 0.4453 0.5547
125 0.4468 0.5532
126 0.4468 0.5532
127 0.4468 0.5532
128 0.4437 0.5563
129 0.4418 0.5582
130 0.444 0.556
131 0.4465 0.5535
132 0.4437 0.5563
133 0.4467 0.5533
134 0.4471 0.5529
135 0.4418 0.5582
136 0.4442 0.5558
137 0.4483 0.5517
138 0.4374 0.5626
139 0.4488 0.5512
140 0.4389 0.5611
141 0.4422 0.5578
142 0.4396 0.5604
143 0.4419 0.5581
144 0.4453 0.5547
145 0.4381 0.5619
146 0.4409 0.5591
147 0.4407 0.5593
148 0.4417 0.5583
149 0.44 0.56
150 0.446 0.554
151 0.4445 0.5555
152 0.449 0.551
153 0.439 0.561
154 0.4416 0.5584
155 0.4476 0.5524
156 0.4383 0.5617
157 0.4419 0.5581
158 0.4528 0.5472
159 0.4392 0.5608
160 0.4453 0.5547
161 0.4408 0.5592
162 0.4407 0.5593
163 0.4525 0.5475
164 0.4502 0.5498
165 0.4429 0.5571
166 0.4382 0.5618
167 0.4503 0.5497
168 0.4466 0.5534
169 0.436 0.564
170 0.437 0.563
171 0.4428 0.5572
172 0.4277 0.5723
173 0.4379 0.5621
174 0.4397 0.5603
175 0.4292 0.5708
176 0.4392 0.5608
177 0.4335 0.5665
178 0.4343 0.5657
179 0.4407 0.5593
180 0.4354 0.5646
181 0.4373 0.5627
182 0.4549 0.5451
183 0.4303 0.5697
184 0.4511 0.5489
185 0.4436 0.5564
186 0.4398 0.5602
187 0.43 0.57
188 0.4408 0.5592
189 0.4434 0.5566
190 0.4496 0.5504
191 0.4452 0.5548
192 0.4327 0.5673
193 0.4309 0.5691
194 0.4476 0.5524
195 0.4211 0.5789
196 0.4361 0.5639
197 0.4271 0.5729
198 0.4421 0.5579
199 0.4278 0.5722
200 0.4475 0.5525
201 0.4432 0.5568
202 0.4367 0.5633
203 0.4495 0.5505
204 0.4442 0.5558
205 0.4213 0.5787
206 0.4249 0.5751
207 0.4334 0.5666
208 0.4442 0.5558
209 0.4403 0.5597
210 0.4429 0.5571
211 0.4307 0.5693
212 0.4392 0.5608
213 0.4368 0.5632
214 0.4282 0.5718
215 0.4427 0.5573
216 0.4529 0.5471
217 0.4174 0.5826
218 0.4372 0.5628
219 0.4485 0.5515
220 0.454 0.546
221 0.4557 0.5443
222 0.428 0.572
223 0.4465 0.5535
224 0.4704 0.5296
225 0.4438 0.5562
226 0.4455 0.5545
227 0.4481 0.5519
228 0.4193 0.5807
229 0.4386 0.5614
230 0.4268 0.5732
231 0.4619 0.5381
232 0.439 0.561
233 0.4167 0.5833
234 0.4443 0.5557
235 0.4092 0.5908
236 0.4323 0.5677
237 0.4454 0.5546
238 0.4388 0.5612
239 0.4344 0.5656
240 0.4299 0.5701
241 0.4363 0.5637
242 0.4587 0.5413
243 0.459 0.541
244 0.457 0.543
245 0.4393 0.5607
246 0.4569 0.5431
247 0.4264 0.5736
248 0.4293 0.5707
249 0.438 0.562
250 0.4513 0.5487
251 0.4199 0.5801
252 0.4609 0.5391
253 0.4264 0.5736
254 0.4533 0.5467
255 0.4628 0.5372
256 0.443 0.557
257 0.406 0.594
258 0.4206 0.5794
259 0.4418 0.5582
260 0.4075 0.5925
261 0.4121 0.5879
262 0.4661 0.5339
263 0.4551 0.5449
264 0.4225 0.5775
265 0.4045 0.5955
266 0.4331 0.5669
267 0.3926 0.6074
268 0.4434 0.5566
269 0.4348 0.5652
270 0.39 0.61
271 0.4261 0.5739
272 0.4372 0.5628
273 0.4535 0.5465
274 0.3766 0.6234
275 0.4558 0.5442
276 0.4533 0.5467
277 0.4085 0.5915
278 0.4703 0.5297
279 0.4378 0.5622
280 0.3871 0.6129
281 0.43 0.57
282 0.4021 0.5979
283 0.4688 0.5312
284 0.4248 0.5752
285 0.4099 0.5901
286 0.4312 0.5688
287 0.3901 0.6099
288 0.4604 0.5396
289 0.4275 0.5725
290 0.4741 0.5259
291 0.4069 0.5931
292 0.493 0.507
293 0.4069 0.5931
294 0.4677 0.5323
295 0.3945 0.6055
296 0.4462 0.5538
297 0.4135 0.5865
298 0.3565 0.6435
299 0.3939 0.6061
300 0.4884 0.5116
301 0.4737 0.5263
302 0.4423 0.5577
303 0.4057 0.5943
304 0.381 0.619
305 0.4493 0.5507
306 0.3514 0.6486
307 0.5079 0.4921
308 0.493 0.507
309 0.4568 0.5432
310 0.4458 0.5542
311 0.3188 0.6812
312 0.4133 0.5867
313 0.4918 0.5082
314 0.4259 0.5741
315 0.3922 0.6078
316 0.4792 0.5208
317 0.4082 0.5918
318 0.3333 0.6667
319 0.55 0.45
320 0.5111 0.4889
321 0.5122 0.4878
322 0.4259 0.5741
323 0.3393 0.6607
324 0.3673 0.6327
325 0.4255 0.5745
326 0.4062 0.5938
327 0.4375 0.5625
328 0.4286 0.5714
329 0.4286 0.5714
330 0.44 0.56
331 0.4412 0.5588
332 0.5161 0.4839
333 0.3125 0.6875
334 0.3571 0.6429
335 0.5926 0.4074
336 0.4595 0.5405
337 0.4286 0.5714
338 0.4444 0.5556
339 0.4865 0.5135
340 0.4651 0.5349
341 0.3056 0.6944
342 0.5385 0.4615
343 0.3448 0.6552
344 0.2857 0.7143
345 0.35 0.65
346 0.25 0.75
347 0.5 0.5
348 0.5 0.5
349 0.4762 0.5238
350 0.381 0.619
351 0.4444 0.5556
352 0.55 0.45
353 0.3333 0.6667
354 0.2857 0.7143
355 0.2857 0.7143
356 0.4444 0.5556
357 0.6471 0.3529
358 0.4118 0.5882
359 0.5 0.5
360 0.4444 0.5556
361 0.35 0.65
362 0.6429 0.3571
363 0.3125 0.6875
364 0.6111 0.3889
365 0.3529 0.6471
366 0.5 0.5
367 0.4444 0.5556
368 0.1667 0.8333
369 0.75 0.25
370 0.7143 0.2857
371 0.7 0.3
372 0.8 0.2
373 0.6154 0.3846
374 0.4545 0.5455
375 0.4 0.6
376 0.3333 0.6667
377 0.8 0.2
378 0.3333 0.6667
379 0.1667 0.8333
380 0.3333 0.6667
381 0.625 0.375
382 0.2222 0.7778
383 0.6 0.4
384 0.2 0.8
385 0.5 0.5
386 0.0 1.0
387 0.0 1.0
389 0.5 0.5
390 0.5 0.5
391 0.4 0.6
392 0.6 0.4
393 0.0 1.0
395 0.0 1.0
396 1.0 0.0
397 0.5 0.5
398 0.5 0.5
399 1.0 0.0
400 0.6667 0.3333
401 0.2 0.8
402 0.0 1.0
403 0.0 1.0
404 0.5 0.5
405 0.0 1.0
409 0.0 1.0
410 1.0 0.0
411 0.0 1.0
412 0.0 1.0
413 0.0 1.0
417 1.0 0.0
418 0.0 1.0
420 1.0 0.0
421 0.5 0.5
422 0.5 0.5
423 0.0 1.0
425 0.0 1.0
428 1.0 0.0
429 0.0 1.0
438 1.0 0.0
439 0.0 1.0
440 0.0 1.0
443 0.0 1.0
448 0.0 1.0
453 0.0 1.0
465 0.0 1.0
466 0.0 1.0
467 0.0 1.0
468 0.0 1.0
469 0.0 1.0
470 0.0 1.0
