0 1.0 -1.0 5205766
1 0.0020188698686875004 1.4783195751545604 9132337
2 0.30504944865609923 1.8451203706147792 5804000
3 0.22060191817866426 3.0025879157748725 5364151
4 0.24184020963993935 3.9218993679171072 4825798
5 0.25462678786723886 4.9680261424325005 4366096
6 0.2810697746700883 5.9747990472393555 3963788
7 0.284137690736381 7.1830542510516935 3633418
8 0.29769557924895995 8.368588560734041 3359022
9 0.2919066638368214 9.705256106536115 3119134
10 0.29480986547454957 10.976696020999999 2910676
11 0.2919886059521802 12.401199254251903 2727740
12 0.2920217282453911 13.765886269294073 2560354
13 0.28674362270632653 15.246787385397644 2413759
14 0.28238060805273246 16.718314598747487 2280493
15 0.2714236179679236 18.269634994920445 2157222
16 0.2648541948819428 19.767405597412232 2041595
17 0.24476456203341868 21.32265465864253 1937899
18 0.23735669543410914 22.8969634567579 1838305
19 0.22460431588886323 24.507727749732563 1749628
20 0.21380083366703628 26.098824514964388 1665653
21 0.1909286435174627 27.842715384016813 1587326
22 0.18293986319589586 29.446288561952468 1515744
23 0.1631280651765521 31.243464396253316 1446287
24 0.15437537614249902 32.918072701273225 1385778
25 0.12245076877497839 34.504172677078124 1323144
26 0.11338025265388067 36.18943257686248 1261172
27 0.08376625469244886 37.97799164177289 1210189
28 0.06116012084592145 39.61848348858364 1158500
29 0.03861020883758177 41.252544467058804 1111390
30 0.02482797098753952 43.01504767262703 1064646
31 -0.007557198349018701 44.5859351420151 1020484
32 -0.029272871982204445 46.381955919079815 980020
33 -0.06275079444865689 48.210800395589864 939016
34 -0.07888460364584779 50.051915582905174 901025
35 -0.11729752810026081 51.5355575676075 866540
36 -0.12481218564779561 53.55734364395265 831273
37 -0.16535236874132914 54.88331145897707 798652
38 -0.19583584595286999 56.58611113313666 767791
39 -0.21521443661351541 58.35165831711896 737957
40 -0.22171162274368486 60.51780053509874 709841
41 -0.27133319271355166 61.73040420388212 682692
42 -0.2901250179010521 63.79269921146767 656386
43 -0.323762080113684 65.21503977851054 631927
44 -0.3460113258344029 67.24305527831045 606931
45 -0.36319997538322674 68.84500675447586 584967
46 -0.41787488611775425 70.34324172789017 561984
47 -0.4284370889312582 72.53268416133345 541272
48 -0.4761511191210036 73.91206003506957 522687
49 -0.5104225217835174 75.29954916634381 503477
50 -0.543676864019934 77.56001524027619 484799
51 -0.5774759561811044 78.9635268309673 466648
52 -0.5876618038490764 80.83143428784058 450082
53 -0.6331482898850087 82.00885666827631 433772
54 -0.678935528645958 83.67051160953841 417860
55 -0.6673502514349066 85.71888332247075 402291
56 -0.7125447567038459 87.76355326739507 388210
57 -0.7837198600156252 89.32135285411344 373756
58 -0.7734696650022596 90.92063182383588 360689
59 -0.8095539994319926 91.8781128465242 348587
60 -0.8175821032495665 94.17171519399322 335614
61 -0.9063732235750033 94.90073244832124 324106
62 -0.8801017046130306 96.80839283937487 311097
63 -0.9429844038504559 98.7991926575323 299497
64 -1.010033410006349 100.20906742250662 288237
65 -1.0126176848666777 102.57400528159019 278498
66 -0.9971591649508718 104.31962434280325 268583
67 -1.0732637487265249 105.93695721304861 260115
68 -1.0984491300289592 106.98303677767964 250698
69 -1.1291655977689692 108.51059936204159 241682
70 -1.1845565434890613 109.5579463602257 233484
71 -1.2067214999557796 112.13755358032076 226140
72 -1.2074088675370398 113.80520468848694 218144
73 -1.231997519202328 114.89367580393261 209610
74 -1.282362471536041 117.5358488477388 202449
75 -1.3327883342955973 120.54924148812005 195719
76 -1.3343990683640792 119.09702255148848 188915
77 -1.4261356169784047 122.43145308025072 182632
78 -1.4228542948086225 121.665892982031 176562
79 -1.4427635014993516 125.45350829247857 170407
80 -1.4883783289658115 126.23847080833609 164090
81 -1.4907774010015091 127.42575861983575 158361
82 -1.569702492559036 128.6376011000887 152534
83 -1.608605698367838 132.294559460431 147902
84 -1.5782987508310298 133.5910872238243 142895
85 -1.6561473901465675 134.9796871039179 138571
86 -1.6681385742238748 136.83126274873288 133387
87 -1.6648646540291754 138.7303650893178 128190
88 -1.7490264687623456 137.78365346246053 124033
89 -1.7264139154774698 142.88487340603066 120039
90 -1.8127105944719222 144.73116544357217 115447
91 -1.8326266836857656 145.06625992712657 112031
92 -1.8916013561315337 150.1116348513599 108839
93 -1.9595272755133313 146.40183424527316 104416
94 -1.8990356894323492 147.653019315044 100590
95 -1.954455506771381 153.49698511506529 97026
96 -1.9704791526383856 154.18701090024277 93561
97 -1.9945449356807305 152.12856804739002 91108
98 -1.9565503695546045 158.2828192476826 88079
99 -2.116358273937011 158.98882684460324 85443
100 -2.1114889482632986 157.17902675380353 82340
101 -2.191212675967426 160.48187826578786 79205
102 -2.135503544620517 164.18301798742812 76736
103 -2.134850309122147 163.48459292256555 73919
104 -2.27512792270262 167.8100302748386 71723
105 -2.142741539261871 169.60899971312432 69202
106 -2.2710672277654687 171.297066588554 67249
107 -2.214451106374496 171.4541702198656 65213
108 -2.389101277517602 175.42419073858855 62778
109 -2.2942010118155003 175.2169843064679 60683
110 -2.3676787929247447 178.40097526378517 58853
111 -2.4355346188325044 176.4063673766882 56891
112 -2.420707015431761 182.55451509955046 54822
113 -2.4709789746598285 181.59252270992508 52841
114 -2.6005438530808487 184.17417978641032 50749
115 -2.5167012068755334 188.50072215879212 49218
116 -2.519969618330274 180.17958304350486 47397
117 -2.6153912555569945 186.75564344404918 46338
118 -2.7322511594719945 187.4572276098516 44848
119 -2.7367121897204023 192.73076479749912 43348
120 -2.6571023818670763 191.18952070274565 41648
121 -2.7503570900852092 196.5414406650312 40606
122 -2.7066855825500977 194.70146711295055 39473
123 -2.7509150708185244 197.35172369793545 37702
124 -2.7409891952822147 197.87770374774772 36373
125 -2.8584256891162263 200.14013508293007 35190
126 -2.9382477128782547 198.9258122028622 34104
127 -2.86227025085314 201.657594768893 33406
128 -3.027033707170884 208.29142926482268 32367
129 -3.0390609779855833 217.87320667855218 30798
130 -2.963001970510294 213.67223001603963 29434
131 -3.039308673200548 216.35444645337606 28467
132 -3.1307787662242963 214.57695760280868 27428
133 -3.0517067334654353 220.9037641296668 26747
134 -3.0669845508296776 216.1537192545754 26215
135 -3.2657564692808383 223.34890416581223 25196
136 -3.180432807466755 216.54077715902335 24214
137 -3.1764978511839557 227.04121939005955 23734
138 -3.2844948961633227 230.37050827185303 22728
139 -3.240838902973035 232.55281094561363 21695
140 -3.4566242675432326 232.13836943411783 20991
141 -3.2446782481037437 224.63392304963165 20435
142 -3.622099503495795 228.5003283206226 19738
143 -3.371053044980887 235.29760885203785 19097
144 -3.410121501410284 242.43540587196242 18436
145 -3.65513556080549 244.10610148760105 17778
146 -3.4424242424242424 249.01873802965926 17325
147 -3.454903834667304 240.26537479335929 16742
148 -3.553828120180147 249.27500585662983 16209
149 -3.504854368932039 243.20511383084877 15656
150 -3.626550298576022 256.9164902879694 15239
151 -3.6724043715846992 254.39437860194667 14640
152 -3.549989549223159 260.33817076550724 14353
153 -3.7751887340301975 258.798672983317 13776
154 -3.901714988848727 265.0118267716581 13003
155 -3.586877470355731 254.7728097486167 12650
156 -3.858524498441372 259.11383396405097 12511
157 -3.886673397274104 259.3792443321935 11886
158 -3.511238891792995 262.66911486024526 11478
159 -3.847822206354873 273.9277109714089 11204
160 -3.8059180297739386 271.9774120343383 10882
161 -3.791941182087272 269.0690613645818 10473
162 -3.838888888888889 276.6572134038795 10080
163 -3.876386368219399 287.8863580736915 9918
164 -3.594666394196383 267.021261180277 9787
165 -3.853283502402563 277.36410283660075 9365
166 -4.315128826249725 284.67079966951974 9082
167 -4.1899259591653575 295.07246025378385 8914
168 -3.9034024702866463 290.19795400790423 8582
169 -4.070947570947571 292.10344899787935 8316
170 -3.9084542271135567 285.14907165940184 7996
171 -4.053518206556952 275.0098216873696 7717
172 -4.202756959314775 288.63418715380357 7472
173 -4.163120567375887 291.98735073688357 7050
174 -4.291548665971083 326.20084388412806 6709
175 -4.395677978998631 304.1455599618296 6571
176 -4.530875866414619 341.5711872496006 6348
177 -4.487750200160128 299.46815464863465 6245
178 -3.977071129707113 286.5474004166517 5975
179 -4.270069204152249 300.652568156491 5780
180 -4.505413901501921 320.4555823154184 5726
181 -4.48199703043801 316.7530637386433 5388
182 -3.858812441093308 316.16201716056315 5305
183 -4.99360712901976 355.4642731636127 5162
184 -4.27027027027027 325.1798221114624 5032
185 -4.569963069347558 324.1845066037662 4874
186 -4.632292787944026 328.7881404011987 4645
187 -4.756956912028725 351.91395167671936 4456
188 -4.565734265734266 357.86455148580404 4290
189 -4.119184652278178 327.7416140181321 4170
190 -4.853758762388204 334.0809881804452 4137
191 -4.108121827411168 314.41113710737034 3940
192 -4.933178534571724 360.4701719507016 3876
193 -4.415724137931035 337.15641584780326 3625
194 -4.38612749227745 321.9278712148983 3561
195 -5.128398791540786 364.7147616396345 3310
196 -5.473057644110276 354.051806364285 3192
197 -5.54873080539016 370.3680177748477 3191
198 -4.581049851436117 338.5925072707076 3029
199 -4.9302168021680215 350.1047592555871 2952
200 -5.074400564174894 401.73469780039045 2836
201 -5.090175953079179 366.70147853044637 2728
202 -5.119212541013489 371.3525464812906 2743
203 -3.9884068810770383 339.1467020294015 2674
204 -4.813461538461539 369.91232988166945 2600
205 -5.16394779771615 396.15097307121897 2452
206 -5.131977498918217 359.09454509981674 2311
207 -6.007299270072993 388.1239810325498 2192
208 -4.888836552048987 375.4585637553319 2123
209 -5.211994421199442 438.6627899060381 2151
210 -4.820952380952381 389.55683628118203 2100
211 -5.3996110841030625 376.01071433046104 2057
212 -4.4958805355303815 338.71160354715454 1942
213 -5.392250530785563 391.3138289360451 1884
214 -5.158748551564311 356.046932673083 1726
215 -4.884174311926605 357.877985333731 1744
216 -4.328488372093023 345.48244659275434 1720
217 -5.821183800623053 395.351002804705 1605
218 -5.9552050473186116 417.84393635124286 1585
219 -4.565656565656566 359.9688195082123 1485
220 -5.876618950238582 449.01727066120685 1467
221 -4.829019073569483 390.56210325268285 1468
222 -5.428669882839421 394.44778405633974 1451
223 -4.207390648567119 366.93584852434793 1326
224 -4.848064280496713 393.6769866623006 1369
225 -4.934782608695652 401.7493644482092 1334
226 -7.1536585365853655 518.8885504659958 1230
227 -5.308713692946058 421.39860332983227 1205
228 -6.113544201135442 397.33674584240197 1233
229 -5.242918454935622 379.97811858755483 1165
230 -6.461471861471861 438.10482337288107 1155
231 -4.0 374.48301193755736 1089
232 -4.95013357079252 409.78932765799544 1123
233 -4.974719101123595 344.6363622017413 1068
234 -5.699801192842942 483.88337964262314 1006
235 -7.253934942287513 485.7083898089535 953
236 -5.587458745874588 466.4351969850435 909
237 -5.660332541567696 447.61723303298515 842
238 -5.343638525564804 417.64729718457176 841
239 -5.538853503184713 409.72245851758464 785
240 -5.0406290956749675 394.4029895099186 763
241 -4.434907010014306 320.8806531300619 699
242 -5.457098283931357 406.83017223965055 641
243 -4.861198738170347 479.2169889241592 634
244 -6.174785100286533 464.36869976436793 698
245 -5.831360946745562 422.5407548755317 676
246 -5.376923076923077 474.4127810650861 650
247 -6.0770547945205475 533.4144949802962 584
248 -7.936026936026936 711.9918148941717 594
249 -4.492359932088285 369.9599851262979 589
250 -5.442477876106195 552.0491346229172 565
251 -5.767578125 503.22594451904297 512
252 -7.014799154334038 627.4371941053678 473
253 -5.945054945054945 533.6357203236296 455
254 -6.468571428571429 514.1437387755112 525
255 -6.203219315895372 481.60955673679933 497
256 -6.161290322580645 451.4296912937915 465
257 -7.775229357798165 626.4769379681862 436
258 -6.19392523364486 541.6374028299432 428
259 -6.2565320665083135 568.0204016000819 421
260 -6.6425 492.05188749999996 400
261 -4.6685878962536025 335.67082194852435 347
262 -4.2953929539295395 526.1262990136672 369
263 -6.688202247191011 518.5780362327988 356
264 -8.749295774647887 734.0827454870087 355
265 -5.328651685393258 365.5395941169044 356
266 -4.915697674418604 423.38985600324446 344
267 -6.638036809815951 457.93428431631037 326
268 -8.954692556634305 852.7369947947759 309
269 -3.7681159420289854 419.4431842049993 276
270 -7.190871369294606 528.0640657013475 241
271 -6.113043478260869 377.6613988657849 230
272 -6.917748917748917 472.3414478739146 231
273 -7.290697674418604 491.5945556156489 258
274 -7.924686192468619 602.1392832758527 239
275 -6.0093023255813955 535.6928501892913 215
276 -7.663551401869159 663.1848196349026 214
277 -7.788732394366197 603.5961780070093 213
278 -7.027397260273973 623.1446175017204 219
279 -5.764976958525345 602.1706343307359 217
280 -8.396313364055299 639.0222769648955 217
281 -9.07 726.1401999999985 200
282 -7.3121693121693125 535.656952492931 189
283 -5.890625 597.96044921875 192
284 -7.96078431372549 521.7747020376781 153
285 -7.099378881987578 480.95540295513206 161
286 -4.65625 406.769921875 160
287 -7.75177304964539 527.0186107338664 141
288 -5.410071942446043 706.7572071838948 139
289 -3.2753623188405796 330.44255408527596 138
290 -11.185185185185185 732.9832647462267 135
291 -7.503448275862069 833.299976218787 145
292 -4.309859154929577 396.8220591152548 142
293 -8.96551724137931 739.0872770511301 145
294 -6.120967741935484 489.720733610822 124
295 -7.36697247706422 560.0334146957326 109
296 -9.153846153846153 695.5834319526624 130
297 -5.443609022556391 553.6515348521673 133
298 -6.373913043478261 671.4508128544425 115
299 -6.05050505050505 568.671666156515 99
300 -3.511627906976744 367.0346133044889 86
301 -4.178947368421053 435.23069252077556 95
302 -4.855769230769231 490.71801035502943 104
303 -15.264150943396226 1352.766108935564 106
304 -12.047619047619047 1297.8526077097508 84
305 -6.478260869565218 759.1222432262128 69
306 -10.41891891891892 763.4463111760408 74
307 -2.8095238095238093 257.91156462585036 63
308 -5.112676056338028 592.8619321563184 71
309 -6.592592592592593 762.458161865569 81
310 -10.566265060240964 791.2261576426185 83
311 -8.391304347826088 583.1575299306866 69
312 -10.306666666666667 761.7452444444441 75
313 -11.360655737704919 1131.0349368449342 61
314 -4.537037037037037 505.3676268861453 54
315 -9.372549019607844 953.5655517108803 51
316 -0.75 95.16666666666667 48
317 -11.571428571428571 919.8571428571427 49
318 -12.354166666666666 981.8532986111109 48
319 -4.45 867.8949999999996 40
320 -5.8 493.3200000000004 45
321 -7.365853658536586 748.8542534205833 41
322 -7.518518518518518 621.5733882030177 54
323 -9.232142857142858 557.1600765306122 56
324 -7.877551020408164 468.4598084131612 49
325 -3.021276595744681 469.3182435491176 47
326 -5.96875 305.279296875 32
327 -12.21875 994.935546875 32
328 -12.464285714285714 827.6045918367347 28
329 -22.642857142857142 1602.2448979591836 28
330 -16.4 1650.0800000000002 25
331 -26.176470588235293 1981.6435986159167 34
332 -2.032258064516129 670.4817898022889 31
333 -29.15625 2205.982421875 32
334 -13.107142857142858 1438.4413265306111 28
335 -5.814814814814815 450.48696844993174 27
336 -4.8108108108108105 615.7121986851711 37
337 -10.885714285714286 1370.8595918367337 35
338 -4.177777777777778 482.1145679012343 45
339 -1.135135135135135 66.07158509861212 37
340 -1.627906976744186 83.35100054083284 43
341 -8.88888888888889 1113.975308641976 36
342 -1.9615384615384615 89.65088757396451 26
343 -6.9655172413793105 639.9286563614747 29
344 -7.964285714285714 412.81887755102036 28
345 -14.0 994.0999999999999 20
346 -28.75 1977.2916666666665 12
347 -22.35 1884.9050000000007 20
348 -15.23076923076923 1212.9704142011835 26
349 -6.904761904761905 544.6009070294787 21
350 -6.0 607.2380952380952 21
351 -10.592592592592593 520.6310013717418 27
352 -1.65 192.80500000000004 20
353 -1.8666666666666667 39.96444444444443 15
354 -16.142857142857142 725.9591836734693 14
355 -30.142857142857142 1361.816326530612 14
356 2.5 548.1111111111111 18
357 -14.352941176470589 1501.044982698962 17
358 -19.58823529411765 1324.7785467128024 17
359 -9.714285714285714 908.5510204081633 14
360 -9.11111111111111 665.530864197531 18
361 -1.55 8.844999999999999 20
362 -1.2142857142857142 51.9795918367347 14
363 -5.875 115.46875 16
364 -4.055555555555555 1240.6049382716053 18
365 -7.764705882352941 404.83044982698954 17
366 -4.071428571428571 507.91836734693885 14
367 -5.0 269.44444444444446 9
368 -3.3333333333333335 6.444444444444441 6
369 -9.5 559.0 4
370 -10.285714285714286 894.9795918367347 7
371 -2.1 846.0800000000004 10
372 2.0 12.8 10
373 -10.538461538461538 507.6508875739645 13
374 -1.9090909090909092 49.34710743801653 11
375 -14.6 613.48 5
376 -4.333333333333333 5.444444444444443 3
377 -5.2 233.12000000000003 5
378 -5.777777777777778 23.901234567901234 9
379 -24.833333333333332 1062.777777777778 6
380 -6.333333333333333 329.77777777777777 6
381 -17.625 2082.59375 8
382 -4.666666666666667 52.44444444444443 9
383 14.0 588.8 5
384 -21.0 2079.8 5
385 0.0 1.0 2
386 -91.0 -712.0 2
387 -50.0 -2500.0 1
389 -18.0 76.0 2
390 0.0 1.0 2
391 -0.4 1.2799999999999998 5
392 0.6 1.8800000000000003 5
393 -8.75 4.625 4
395 -112.0 -12544.0 1
396 1.0 -1.0 1
397 -33.5 138.0 2
398 -0.5 2.0 2
399 24.333333333333332 496.7777777777778 3
400 -11.5 535.0 6
401 -7.8 84.51999999999998 5
402 -1.5 -2.0 2
403 -85.5 -170.0 2
404 -12.5 26.0 2
405 -56.0 -3136.0 1
409 -18.0 -324.0 1
410 1.0 -1.0 1
411 -1.5 -2.0 2
412 -43.5 -962.0 2
413 -1.0 -1.0 2
417 23.0 -529.0 1
418 -1.0 -1.0 1
420 8.0 -64.0 1
421 0.0 1.0 2
422 -0.25 6.625 4
423 -1.0 -1.0 2
425 -18.5 -132.0 2
428 1.0 -1.0 1
429 -68.0 -4624.0 1
438 3.5 -10.0 2
439 -1.0 -1.0 1
440 -1.5 -2.0 2
443 -63.0 -3969.0 1
448 -118.0 -13924.0 1
453 -53.0 -2809.0 1
465 -202.0 -40804.0 1
466 -1.0 -1.0 1
467 -1.0 -1.0 1
468 -1.0 -1.0 1
469 -1.0 -1.0 1
470 -1.0 -1.0 1
