1 57603
2 17600
3 10212
4 6665
5 4865
6 3612
7 2898
8 2403
9 1969
10 1629
11 1473
12 1316
13 1148
14 1010
15 916
16 842
17 758
18 684
19 671
20 620
21 557
22 488
23 463
24 450
25 393
26 392
27 381
28 327
29 354
30 316
31 263
32 255
33 293
34 260
35 224
36 227
37 221
38 168
39 202
40 188
41 202
42 180
43 175
44 164
45 167
46 167
47 151
48 111
49 163
50 128
51 137
52 128
53 116
54 125
55 121
56 115
57 111
58 110
59 100
60 114
61 100
62 90
63 91
64 90
65 86
66 102
67 104
68 88
69 78
70 73
71 98
72 63
73 73
74 76
75 81
76 65
77 102
78 78
79 61
80 61
81 55
82 68
83 69
84 59
85 48
86 46
87 62
88 68
89 48
90 37
91 47
92 59
93 47
94 49
95 53
96 45
97 43
98 52
99 46
100 31
101 47
102 46
103 50
104 34
105 35
106 29
107 35
108 49
109 38
110 31
111 40
112 26
113 33
114 26
115 30
116 35
117 32
118 24
119 39
120 39
121 26
122 18
123 30
124 26
125 38
126 33
127 23
128 31
129 27
130 28
131 19
132 26
133 27
134 26
135 28
136 24
137 26
138 24
139 23
140 17
141 20
142 23
143 24
144 25
145 23
146 18
147 23
148 21
149 21
150 24
151 21
152 18
153 25
154 15
155 21
156 19
157 19
158 26
159 30
160 20
161 22
162 20
163 15
164 13
165 26
166 22
167 17
168 15
169 19
170 17
171 16
172 12
173 16
174 15
175 17
176 22
177 17
178 13
179 7
180 13
181 12
182 6
183 13
184 16
185 13
186 16
187 17
188 9
189 11
190 8
191 11
192 10
193 15
194 16
195 10
196 16
197 13
198 22
199 8
200 11
201 6
202 15
203 18
204 9
205 10
206 11
207 13
208 10
209 10
210 10
211 10
212 15
213 14
214 12
215 6
216 7
217 13
218 15
219 12
220 10
221 10
222 11
223 10
224 8
225 6
226 9
227 1
228 9
229 10
230 10
231 15
232 14
233 2
234 11
235 6
236 14
237 6
238 9
239 7
240 7
241 10
242 10
243 9
244 5
245 17
246 10
247 5
248 7
249 10
250 5
251 5
252 11
253 9
254 8
255 10
256 5
257 7
258 9
259 12
260 6
261 1
262 7
263 4
264 7
265 5
266 7
267 10
268 4
269 8
270 6
271 9
272 7
273 9
274 7
275 4
276 6
277 2
278 4
279 6
280 7
281 2
282 2
283 5
284 5
285 1
286 3
287 5
288 6
289 5
290 8
291 6
292 3
293 4
294 6
295 5
296 5
297 5
298 12
299 3
300 4
301 8
302 6
303 5
304 3
305 6
306 7
307 2
308 3
309 6
310 10
311 7
312 2
313 2
314 2
315 2
316 5
317 6
318 5
319 2
320 4
321 3
322 3
323 7
324 2
325 4
326 1
327 2
328 2
329 2
330 3
331 8
332 3
333 2
334 4
335 2
336 5
337 5
338 4
339 6
340 5
341 1
342 6
343 2
344 6
345 4
346 3
347 4
348 3
349 6
350 4
351 4
352 2
353 4
354 2
355 3
356 1
357 2
358 6
359 3
360 2
361 1
362 3
363 3
364 2
365 3
366 2
367 1
368 5
369 5
370 5
371 1
372 2
373 3
374 3
375 2
376 0
377 3
378 2
379 2
380 2
381 3
382 2
383 3
384 1
385 0
386 3
387 3
388 0
389 4
390 2
391 3
392 2
393 1
394 2
395 2
396 2
397 0
398 1
399 1
400 3
401 0
402 2
403 2
404 2
405 1
406 2
407 1
408 6
409 5
410 1
411 2
412 2
413 2
414 4
415 2
416 2
417 1
418 4
419 3
420 2
421 1
422 1
423 3
424 3
425 4
426 2
427 2
428 0
429 5
430 1
431 0
432 3
433 2
434 0
435 2
436 3
437 1
438 1
439 2
440 1
441 2
442 2
443 1
444 5
445 2
446 1
447 1
448 1
449 1
450 1
451 1
452 1
453 1
454 2
455 4
456 0
457 1
458 1
459 1
460 1
461 0
462 2
463 1
464 1
465 2
466 0
467 6
468 3
469 2
470 2
471 4
472 2
473 1
474 0
475 1
476 2
477 0
478 2
479 0
480 1
481 2
482 1
483 2
484 1
485 0
486 1
487 2
488 2
489 0
490 6
491 3
492 1
493 1
494 2
495 0
496 0
497 0
498 2
499 2
500 2
501 2
502 4
503 2
504 0
505 2
506 0
507 0
508 0
509 2
510 1
511 2
512 1
513 0
514 3
515 2
516 0
517 2
518 3
519 0
520 0
521 1
522 1
523 2
524 1
525 0
526 0
527 0
528 3
529 0
530 0
531 2
532 1
533 1
534 0
535 3
536 3
537 2
538 1
539 2
540 1
541 3
542 1
543 1
544 1
545 1
546 1
547 1
548 3
549 1
550 0
551 1
552 0
553 1
554 2
555 1
556 0
557 2
558 1
559 1
560 2
561 1
562 2
563 1
564 0
565 1
566 2
567 1
568 0
569 2
570 1
571 0
572 0
573 2
574 0
575 2
576 3
577 0
578 0
579 3
580 1
581 0
582 1
583 0
584 0
585 0
586 1
587 0
588 1
589 1
590 1
591 0
592 0
593 1
594 0
595 2
596 0
597 0
598 0
599 0
600 0
601 1
602 0
603 1
604 0
605 0
606 0
607 1
608 0
609 1
610 0
611 1
612 0
613 0
614 2
615 0
616 1
617 1
618 0
619 0
620 1
621 0
622 0
623 0
624 0
625 0
626 0
627 0
628 1
629 0
630 0
631 1
632 0
633 1
634 0
635 0
636 0
637 0
638 2
639 4
640 0
641 1
642 1
643 2
644 0
645 0
646 2
647 1
648 1
649 0
650 1
651 0
652 0
653 0
654 0
655 0
656 1
657 0
658 3
659 1
660 0
661 0
662 0
663 0
664 0
665 0
666 0
667 1
668 0
669 1
670 2
671 0
672 1
673 0
674 1
675 0
676 1
677 2
678 1
679 0
680 0
681 0
682 1
683 1
684 0
685 1
686 0
687 0
688 0
689 1
690 0
691 0
692 0
693 0
694 0
695 0
696 0
697 0
698 1
699 1
700 1
701 1
702 0
703 0
704 1
705 0
706 0
707 1
708 1
709 0
710 0
711 0
712 0
713 0
714 0
715 2
716 1
717 2
718 0
719 0
720 0
721 0
722 0
723 1
724 0
725 0
726 1
727 0
728 0
729 1
730 0
731 0
732 0
733 1
734 0
735 0
736 0
737 0
738 0
739 0
740 0
741 1
742 0
743 0
744 1
745 0
746 0
747 0
748 1
749 1
750 0
751 0
752 0
753 0
754 0
755 0
756 0
757 1
758 1
759 0
760 0
761 0
762 0
763 0
764 1
765 0
766 0
767 0
768 0
769 1
770 0
771 0
772 0
773 0
774 0
775 0
776 0
777 1
778 0
779 0
780 1
781 0
782 0
783 0
784 0
785 0
786 0
787 1
788 0
789 1
790 0
791 0
792 0
793 0
794 0
795 0
796 0
797 0
798 1
799 1
800 1
801 0
802 0
803 0
804 0
805 1
806 0
807 1
808 0
809 0
810 0
811 0
812 0
813 0
814 0
815 1
816 0
817 0
818 1
819 0
820 1
821 1
822 0
823 0
824 1
825 0
826 1
827 0
828 0
829 0
830 2
831 0
832 0
833 1
834 0
835 1
836 0
837 0
838 1
839 0
840 0
841 0
842 2
843 0
844 0
845 0
846 0
847 2
848 0
849 0
850 1
851 0
852 0
853 0
854 0
855 0
856 0
857 0
858 0
859 0
860 0
861 0
862 0
863 0
864 1
865 1
866 0
867 0
868 0
869 1
870 0
871 0
872 0
873 0
874 0
875 0
876 0
877 0
878 0
879 1
880 0
881 1
882 0
883 0
884 0
885 0
886 0
887 0
888 0
889 0
890 0
891 0
892 0
893 0
894 0
895 1
896 0
897 0
898 0
899 0
900 0
901 0
902 0
903 0
904 0
905 0
906 0
907 0
908 0
909 0
910 0
911 0
912 0
913 0
914 0
915 0
916 0
917 0
918 0
919 1
920 0
921 0
922 0
923 0
924 0
925 0
926 0
927 0
928 0
929 1
930 0
931 0
932 0
933 0
934 0
935 0
936 2
937 0
938 0
939 0
940 0
941 2
942 0
943 1
944 0
945 0
946 1
947 0
948 0
949 0
950 0
951 0
952 0
953 0
954 0
955 0
956 0
957 0
958 0
959 0
960 0
961 0
962 0
963 1
964 0
965 0
966 0
967 0
968 0
969 0
970 0
971 0
972 1
973 0
974 0
975 0
976 0
977 0
978 0
979 0
980 0
981 0
982 0
983 0
984 0
985 0
986 0
987 0
988 0
989 0
990 0
991 0
992 0
993 0
994 1
995 0
996 1
997 0
998 0
999 0
1000 0
1001 0
1002 0
1003 1
1004 0
1005 0
1006 0
1007 0
1008 0
1009 0
1010 0
1011 0
1012 0
1013 0
1014 1
1015 0
1016 0
1017 0
1018 0
1019 0
1020 0
1021 0
1022 0
1023 0
1024 0
1025 0
1026 0
1027 0
1028 0
1029 0
1030 0
1031 0
1032 0
1033 0
1034 0
1035 1
1036 0
1037 0
1038 0
1039 0
1040 0
1041 0
1042 0
1043 0
1044 0
1045 1
1046 0
1047 0
1048 0
1049 0
1050 0
1051 0
1052 0
1053 0
1054 0
1055 0
1056 0
1057 0
1058 0
1059 0
1060 0
1061 0
1062 0
1063 0
1064 2
1065 1
1066 0
1067 0
1068 0
1069 0
1070 0
1071 0
1072 0
1073 0
1074 0
1075 0
1076 0
1077 1
1078 0
1079 1
1080 0
1081 0
1082 0
1083 0
1084 0
1085 0
1086 0
1087 0
1088 0
1089 0
1090 0
1091 0
1092 0
1093 0
1094 0
1095 0
1096 0
1097 0
1098 0
1099 0
1100 0
1101 0
1102 0
1103 0
1104 0
1105 0
1106 0
1107 0
1108 0
1109 0
1110 0
1111 0
1112 0
1113 0
1114 0
1115 1
1116 0
1117 0
1118 0
1119 0
1120 0
1121 0
1122 0
1123 0
1124 0
1125 0
1126 0
1127 0
1128 1
1129 0
1130 0
1131 0
1132 0
1133 0
1134 0
1135 0
1136 0
1137 0
1138 0
1139 0
1140 0
1141 0
1142 0
1143 0
1144 0
1145 0
1146 0
1147 0
1148 0
1149 0
1150 0
1151 0
1152 0
1153 0
1154 0
1155 0
1156 0
1157 0
1158 0
1159 0
1160 0
1161 0
1162 0
1163 0
1164 0
1165 0
1166 0
1167 0
1168 0
1169 1
1170 0
1171 0
1172 0
1173 0
1174 0
1175 0
1176 0
1177 0
1178 0
1179 0
1180 0
1181 0
1182 0
1183 0
1184 0
1185 0
1186 0
1187 0
1188 0
1189 0
1190 0
1191 0
1192 0
1193 1
1194 0
1195 0
1196 0
1197 0
1198 0
1199 0
1200 0
1201 0
1202 0
1203 0
1204 0
1205 0
1206 0
1207 0
1208 0
1209 0
1210 0
1211 0
1212 0
1213 0
1214 0
1215 0
1216 0
1217 0
1218 0
1219 0
1220 0
1221 0
1222 0
1223 0
1224 0
1225 0
1226 0
1227 0
1228 0
1229 0
1230 0
1231 0
1232 0
1233 0
1234 0
1235 0
1236 0
1237 0
1238 0
1239 0
1240 0
1241 0
1242 0
1243 0
1244 0
1245 0
1246 0
1247 0
1248 0
1249 0
1250 0
1251 0
1252 0
1253 0
1254 0
1255 0
1256 0
1257 0
1258 0
1259 0
1260 0
1261 0
1262 0
1263 0
1264 0
1265 0
1266 0
1267 0
1268 0
1269 0
1270 0
1271 0
1272 0
1273 0
1274 0
1275 0
1276 0
1277 0
1278 0
1279 0
1280 0
1281 0
1282 0
1283 0
1284 0
1285 0
1286 0
1287 0
1288 0
1289 0
1290 0
1291 0
1292 0
1293 0
1294 0
1295 0
1296 0
1297 0
1298 0
1299 0
1300 0
1301 0
1302 0
1303 0
1304 0
1305 0
1306 0
1307 0
1308 0
1309 0
1310 0
1311 0
1312 0
1313 0
1314 0
1315 0
1316 0
1317 0
1318 0
1319 0
1320 0
1321 0
1322 0
1323 0
1324 0
1325 0
1326 0
1327 0
1328 0
1329 0
1330 0
1331 0
1332 0
1333 0
1334 1
1335 0
1336 0
1337 0
1338 0
1339 0
1340 0
1341 0
1342 0
1343 0
1344 0
1345 0
1346 0
1347 0
1348 0
1349 0
1350 0
1351 0
1352 0
1353 0
1354 0
1355 0
1356 0
1357 0
1358 0
1359 0
1360 0
1361 0
1362 0
1363 0
1364 0
1365 0
1366 0
1367 0
1368 0
1369 0
1370 0
1371 0
1372 0
1373 0
1374 0
1375 0
1376 0
1377 0
1378 0
1379 0
1380 0
1381 0
1382 0
1383 0
1384 0
1385 0
1386 0
1387 0
1388 0
1389 0
1390 0
1391 0
1392 0
1393 0
1394 0
1395 0
1396 0
1397 0
1398 0
1399 0
1400 0
1401 0
1402 0
1403 0
1404 1
1405 0
1406 0
1407 0
1408 0
1409 0
1410 0
1411 0
1412 0
1413 0
1414 0
1415 0
1416 0
1417 1
1418 0
1419 0
1420 0
1421 0
1422 0
1423 0
1424 0
1425 0
1426 0
1427 0
1428 0
1429 0
1430 0
1431 0
1432 0
1433 0
1434 0
1435 0
1436 0
1437 0
1438 0
1439 0
1440 0
1441 0
1442 0
1443 0
1444 0
1445 0
1446 0
1447 0
1448 0
1449 0
1450 0
1451 0
1452 0
1453 0
1454 0
1455 0
1456 0
1457 0
1458 0
1459 0
1460 0
1461 0
1462 0
1463 0
1464 0
1465 0
1466 0
1467 0
1468 0
1469 0
1470 0
1471 0
1472 0
1473 0
1474 0
1475 0
1476 0
1477 0
1478 0
1479 0
1480 0
1481 0
1482 0
1483 0
1484 0
1485 0
1486 0
1487 0
1488 0
1489 0
1490 0
1491 0
1492 0
1493 0
1494 0
1495 0
1496 0
1497 0
1498 0
1499 0
1500 0
1501 0
1502 0
1503 0
1504 0
1505 0
1506 0
1507 0
1508 0
1509 0
1510 0
1511 0
1512 0
1513 0
1514 0
1515 0
1516 0
1517 0
1518 0
1519 0
1520 0
1521 0
1522 0
1523 0
1524 0
1525 0
1526 0
1527 0
1528 0
1529 0
1530 0
1531 0
1532 0
1533 0
1534 0
1535 0
1536 0
1537 0
1538 0
1539 0
1540 0
1541 0
1542 0
1543 0
1544 0
1545 0
1546 0
1547 0
1548 0
1549 0
1550 0
1551 0
1552 0
1553 0
1554 0
1555 0
1556 0
1557 0
1558 0
1559 0
1560 0
1561 0
1562 0
1563 0
1564 0
1565 0
1566 0
1567 0
1568 0
1569 0
1570 0
1571 0
1572 0
1573 0
1574 0
1575 0
1576 0
1577 0
1578 0
1579 0
1580 0
1581 0
1582 0
1583 0
1584 0
1585 0
1586 0
1587 0
1588 0
1589 0
1590 0
1591 0
1592 0
1593 0
1594 0
1595 0
1596 0
1597 0
1598 0
1599 0
1600 0
1601 0
1602 0
1603 0
1604 0
1605 0
1606 1
