-1748 1
-1747 0
-1746 0
-1745 0
-1744 0
-1743 0
-1742 0
-1741 0
-1740 0
-1739 0
-1738 0
-1737 0
-1736 0
-1735 0
-1734 0
-1733 0
-1732 0
-1731 0
-1730 0
-1729 0
-1728 0
-1727 0
-1726 0
-1725 0
-1724 0
-1723 0
-1722 0
-1721 0
-1720 0
-1719 0
-1718 0
-1717 0
-1716 0
-1715 0
-1714 0
-1713 0
-1712 0
-1711 0
-1710 0
-1709 0
-1708 0
-1707 0
-1706 0
-1705 0
-1704 0
-1703 0
-1702 0
-1701 0
-1700 0
-1699 0
-1698 0
-1697 0
-1696 0
-1695 0
-1694 0
-1693 0
-1692 0
-1691 0
-1690 0
-1689 0
-1688 0
-1687 0
-1686 0
-1685 0
-1684 0
-1683 0
-1682 0
-1681 0
-1680 0
-1679 0
-1678 0
-1677 0
-1676 0
-1675 0
-1674 0
-1673 0
-1672 0
-1671 1
-1670 0
-1669 0
-1668 0
-1667 0
-1666 0
-1665 0
-1664 0
-1663 0
-1662 0
-1661 0
-1660 0
-1659 0
-1658 0
-1657 0
-1656 0
-1655 0
-1654 0
-1653 0
-1652 0
-1651 0
-1650 0
-1649 0
-1648 0
-1647 0
-1646 0
-1645 0
-1644 0
-1643 0
-1642 0
-1641 0
-1640 0
-1639 0
-1638 0
-1637 0
-1636 0
-1635 0
-1634 0
-1633 0
-1632 0
-1631 0
-1630 0
-1629 0
-1628 0
-1627 0
-1626 0
-1625 0
-1624 0
-1623 0
-1622 0
-1621 0
-1620 0
-1619 0
-1618 0
-1617 0
-1616 0
-1615 0
-1614 0
-1613 0
-1612 0
-1611 0
-1610 0
-1609 0
-1608 0
-1607 0
-1606 0
-1605 0
-1604 0
-1603 0
-1602 0
-1601 0
-1600 0
-1599 0
-1598 0
-1597 0
-1596 0
-1595 0
-1594 0
-1593 0
-1592 0
-1591 0
-1590 0
-1589 0
-1588 0
-1587 0
-1586 1
-1585 0
-1584 0
-1583 0
-1582 0
-1581 0
-1580 0
-1579 0
-1578 0
-1577 0
-1576 0
-1575 0
-1574 0
-1573 0
-1572 0
-1571 0
-1570 0
-1569 0
-1568 0
-1567 0
-1566 0
-1565 0
-1564 0
-1563 0
-1562 0
-1561 0
-1560 0
-1559 0
-1558 0
-1557 0
-1556 0
-1555 0
-1554 0
-1553 0
-1552 0
-1551 0
-1550 0
-1549 0
-1548 0
-1547 0
-1546 0
-1545 0
-1544 0
-1543 0
-1542 0
-1541 0
-1540 0
-1539 0
-1538 0
-1537 0
-1536 0
-1535 0
-1534 0
-1533 1
-1532 0
-1531 0
-1530 0
-1529 0
-1528 0
-1527 0
-1526 0
-1525 1
-1524 0
-1523 0
-1522 0
-1521 0
-1520 0
-1519 0
-1518 0
-1517 0
-1516 0
-1515 0
-1514 0
-1513 0
-1512 0
-1511 0
-1510 0
-1509 0
-1508 0
-1507 0
-1506 0
-1505 0
-1504 0
-1503 1
-1502 0
-1501 0
-1500 0
-1499 0
-1498 0
-1497 0
-1496 0
-1495 0
-1494 0
-1493 0
-1492 0
-1491 0
-1490 0
-1489 0
-1488 1
-1487 0
-1486 0
-1485 0
-1484 0
-1483 0
-1482 0
-1481 0
-1480 0
-1479 0
-1478 0
-1477 0
-1476 0
-1475 2
-1474 0
-1473 0
-1472 0
-1471 0
-1470 0
-1469 0
-1468 0
-1467 0
-1466 0
-1465 0
-1464 0
-1463 0
-1462 0
-1461 0
-1460 0
-1459 0
-1458 0
-1457 2
-1456 1
-1455 0
-1454 0
-1453 0
-1452 0
-1451 0
-1450 0
-1449 0
-1448 0
-1447 0
-1446 0
-1445 0
-1444 0
-1443 0
-1442 0
-1441 0
-1440 1
-1439 0
-1438 0
-1437 0
-1436 0
-1435 0
-1434 0
-1433 0
-1432 0
-1431 0
-1430 1
-1429 0
-1428 0
-1427 0
-1426 0
-1425 0
-1424 0
-1423 0
-1422 0
-1421 0
-1420 0
-1419 1
-1418 0
-1417 0
-1416 0
-1415 0
-1414 0
-1413 0
-1412 0
-1411 0
-1410 0
-1409 0
-1408 0
-1407 0
-1406 0
-1405 0
-1404 0
-1403 0
-1402 0
-1401 0
-1400 0
-1399 0
-1398 0
-1397 0
-1396 1
-1395 0
-1394 0
-1393 0
-1392 2
-1391 0
-1390 0
-1389 0
-1388 2
-1387 2
-1386 0
-1385 0
-1384 0
-1383 0
-1382 1
-1381 0
-1380 0
-1379 0
-1378 0
-1377 0
-1376 1
-1375 1
-1374 1
-1373 0
-1372 0
-1371 0
-1370 0
-1369 0
-1368 0
-1367 0
-1366 0
-1365 0
-1364 0
-1363 1
-1362 0
-1361 0
-1360 1
-1359 1
-1358 0
-1357 0
-1356 1
-1355 0
-1354 0
-1353 0
-1352 0
-1351 1
-1350 0
-1349 1
-1348 0
-1347 0
-1346 0
-1345 1
-1344 0
-1343 1
-1342 0
-1341 0
-1340 0
-1339 1
-1338 0
-1337 0
-1336 0
-1335 0
-1334 0
-1333 0
-1332 0
-1331 0
-1330 0
-1329 0
-1328 0
-1327 0
-1326 0
-1325 0
-1324 0
-1323 1
-1322 0
-1321 0
-1320 1
-1319 0
-1318 0
-1317 1
-1316 0
-1315 1
-1314 0
-1313 1
-1312 0
-1311 1
-1310 0
-1309 0
-1308 1
-1307 0
-1306 0
-1305 0
-1304 2
-1303 1
-1302 1
-1301 0
-1300 0
-1299 0
-1298 0
-1297 0
-1296 0
-1295 0
-1294 0
-1293 2
-1292 0
-1291 0
-1290 0
-1289 0
-1288 0
-1287 1
-1286 1
-1285 0
-1284 0
-1283 1
-1282 1
-1281 0
-1280 0
-1279 2
-1278 0
-1277 0
-1276 0
-1275 0
-1274 0
-1273 0
-1272 0
-1271 0
-1270 0
-1269 1
-1268 1
-1267 0
-1266 0
-1265 1
-1264 1
-1263 0
-1262 0
-1261 0
-1260 0
-1259 0
-1258 2
-1257 0
-1256 0
-1255 1
-1254 0
-1253 0
-1252 0
-1251 1
-1250 1
-1249 0
-1248 0
-1247 0
-1246 0
-1245 1
-1244 0
-1243 0
-1242 1
-1241 0
-1240 1
-1239 0
-1238 2
-1237 2
-1236 1
-1235 0
-1234 1
-1233 3
-1232 0
-1231 0
-1230 1
-1229 2
-1228 0
-1227 1
-1226 0
-1225 1
-1224 1
-1223 0
-1222 0
-1221 1
-1220 1
-1219 0
-1218 0
-1217 1
-1216 2
-1215 0
-1214 0
-1213 0
-1212 0
-1211 1
-1210 0
-1209 0
-1208 1
-1207 2
-1206 1
-1205 0
-1204 3
-1203 1
-1202 0
-1201 1
-1200 3
-1199 2
-1198 0
-1197 1
-1196 2
-1195 1
-1194 1
-1193 0
-1192 0
-1191 0
-1190 0
-1189 1
-1188 0
-1187 1
-1186 3
-1185 1
-1184 1
-1183 1
-1182 0
-1181 0
-1180 2
-1179 1
-1178 2
-1177 1
-1176 1
-1175 1
-1174 0
-1173 0
-1172 1
-1171 2
-1170 3
-1169 2
-1168 0
-1167 2
-1166 2
-1165 3
-1164 1
-1163 1
-1162 1
-1161 1
-1160 1
-1159 1
-1158 3
-1157 0
-1156 1
-1155 0
-1154 0
-1153 2
-1152 1
-1151 1
-1150 0
-1149 1
-1148 4
-1147 0
-1146 1
-1145 0
-1144 0
-1143 0
-1142 1
-1141 2
-1140 2
-1139 1
-1138 2
-1137 0
-1136 3
-1135 0
-1134 0
-1133 1
-1132 1
-1131 2
-1130 1
-1129 0
-1128 2
-1127 0
-1126 3
-1125 1
-1124 4
-1123 1
-1122 2
-1121 3
-1120 0
-1119 0
-1118 0
-1117 0
-1116 1
-1115 1
-1114 1
-1113 4
-1112 3
-1111 3
-1110 0
-1109 2
-1108 3
-1107 5
-1106 2
-1105 1
-1104 2
-1103 1
-1102 3
-1101 4
-1100 2
-1099 2
-1098 1
-1097 0
-1096 1
-1095 4
-1094 1
-1093 3
-1092 0
-1091 1
-1090 3
-1089 1
-1088 0
-1087 2
-1086 1
-1085 1
-1084 3
-1083 4
-1082 1
-1081 2
-1080 4
-1079 2
-1078 0
-1077 2
-1076 3
-1075 1
-1074 3
-1073 6
-1072 0
-1071 1
-1070 2
-1069 4
-1068 1
-1067 2
-1066 3
-1065 4
-1064 4
-1063 3
-1062 2
-1061 2
-1060 5
-1059 3
-1058 0
-1057 3
-1056 4
-1055 3
-1054 0
-1053 6
-1052 2
-1051 4
-1050 3
-1049 0
-1048 5
-1047 3
-1046 5
-1045 3
-1044 1
-1043 2
-1042 1
-1041 2
-1040 4
-1039 0
-1038 3
-1037 1
-1036 4
-1035 4
-1034 4
-1033 3
-1032 13
-1031 1
-1030 8
-1029 7
-1028 1
-1027 3
-1026 4
-1025 2
-1024 6
-1023 3
-1022 7
-1021 0
-1020 7
-1019 2
-1018 9
-1017 7
-1016 4
-1015 3
-1014 1
-1013 8
-1012 6
-1011 1
-1010 6
-1009 2
-1008 6
-1007 3
-1006 9
-1005 3
-1004 5
-1003 2
-1002 2
-1001 5
-1000 2
-999 4
-998 4
-997 3
-996 3
-995 6
-994 4
-993 4
-992 4
-991 8
-990 4
-989 8
-988 4
-987 9
-986 3
-985 3
-984 6
-983 2
-982 2
-981 4
-980 3
-979 4
-978 12
-977 2
-976 7
-975 5
-974 7
-973 7
-972 9
-971 2
-970 4
-969 4
-968 3
-967 4
-966 3
-965 3
-964 5
-963 5
-962 4
-961 7
-960 7
-959 4
-958 7
-957 8
-956 6
-955 9
-954 9
-953 8
-952 12
-951 10
-950 6
-949 7
-948 10
-947 5
-946 8
-945 12
-944 7
-943 8
-942 7
-941 8
-940 11
-939 9
-938 8
-937 4
-936 6
-935 7
-934 6
-933 7
-932 9
-931 4
-930 10
-929 15
-928 9
-927 8
-926 18
-925 7
-924 7
-923 12
-922 5
-921 3
-920 10
-919 13
-918 5
-917 11
-916 10
-915 10
-914 15
-913 7
-912 7
-911 7
-910 10
-909 11
-908 2
-907 13
-906 11
-905 10
-904 13
-903 11
-902 8
-901 12
-900 14
-899 17
-898 12
-897 8
-896 12
-895 19
-894 10
-893 13
-892 16
-891 10
-890 12
-889 17
-888 12
-887 14
-886 16
-885 14
-884 10
-883 7
-882 9
-881 7
-880 12
-879 9
-878 16
-877 13
-876 13
-875 16
-874 16
-873 18
-872 18
-871 16
-870 11
-869 16
-868 6
-867 14
-866 11
-865 11
-864 15
-863 14
-862 13
-861 12
-860 16
-859 15
-858 10
-857 16
-856 17
-855 13
-854 13
-853 12
-852 14
-851 18
-850 16
-849 26
-848 14
-847 12
-846 21
-845 19
-844 20
-843 16
-842 23
-841 16
-840 19
-839 16
-838 20
-837 16
-836 14
-835 10
-834 27
-833 25
-832 19
-831 17
-830 21
-829 24
-828 22
-827 15
-826 19
-825 21
-824 25
-823 22
-822 21
-821 21
-820 24
-819 20
-818 18
-817 15
-816 20
-815 18
-814 22
-813 34
-812 24
-811 24
-810 28
-809 25
-808 23
-807 30
-806 24
-805 25
-804 26
-803 21
-802 23
-801 27
-800 18
-799 24
-798 26
-797 24
-796 30
-795 26
-794 23
-793 21
-792 29
-791 33
-790 25
-789 27
-788 32
-787 28
-786 25
-785 29
-784 31
-783 25
-782 28
-781 22
-780 31
-779 37
-778 36
-777 34
-776 22
-775 22
-774 36
-773 34
-772 32
-771 36
-770 30
-769 34
-768 30
-767 31
-766 25
-765 35
-764 32
-763 27
-762 37
-761 39
-760 48
-759 35
-758 39
-757 37
-756 41
-755 41
-754 42
-753 35
-752 40
-751 34
-750 45
-749 45
-748 34
-747 37
-746 41
-745 48
-744 38
-743 33
-742 49
-741 52
-740 54
-739 45
-738 42
-737 48
-736 46
-735 52
-734 59
-733 45
-732 54
-731 38
-730 55
-729 59
-728 51
-727 40
-726 47
-725 47
-724 44
-723 56
-722 53
-721 43
-720 48
-719 48
-718 35
-717 56
-716 65
-715 57
-714 59
-713 68
-712 50
-711 59
-710 69
-709 50
-708 59
-707 64
-706 49
-705 58
-704 53
-703 64
-702 67
-701 65
-700 47
-699 72
-698 65
-697 72
-696 69
-695 53
-694 71
-693 61
-692 68
-691 66
-690 72
-689 65
-688 77
-687 75
-686 80
-685 77
-684 67
-683 63
-682 61
-681 58
-680 72
-679 72
-678 75
-677 69
-676 79
-675 77
-674 67
-673 74
-672 75
-671 59
-670 88
-669 77
-668 74
-667 109
-666 81
-665 90
-664 79
-663 73
-662 84
-661 86
-660 93
-659 78
-658 98
-657 100
-656 92
-655 92
-654 93
-653 98
-652 95
-651 87
-650 101
-649 110
-648 112
-647 101
-646 88
-645 91
-644 104
-643 105
-642 104
-641 101
-640 125
-639 121
-638 104
-637 105
-636 102
-635 112
-634 126
-633 128
-632 121
-631 111
-630 96
-629 119
-628 120
-627 123
-626 132
-625 125
-624 119
-623 138
-622 137
-621 125
-620 128
-619 141
-618 133
-617 137
-616 136
-615 140
-614 145
-613 131
-612 148
-611 143
-610 149
-609 148
-608 153
-607 159
-606 134
-605 169
-604 168
-603 149
-602 146
-601 144
-600 137
-599 173
-598 163
-597 154
-596 143
-595 169
-594 167
-593 174
-592 158
-591 165
-590 178
-589 178
-588 170
-587 180
-586 164
-585 163
-584 166
-583 193
-582 165
-581 199
-580 180
-579 209
-578 192
-577 206
-576 183
-575 211
-574 193
-573 202
-572 204
-571 222
-570 194
-569 209
-568 219
-567 205
-566 237
-565 215
-564 206
-563 231
-562 237
-561 255
-560 203
-559 228
-558 261
-557 245
-556 229
-555 251
-554 262
-553 242
-552 274
-551 254
-550 262
-549 250
-548 259
-547 253
-546 253
-545 256
-544 304
-543 282
-542 266
-541 269
-540 279
-539 272
-538 305
-537 309
-536 272
-535 311
-534 296
-533 294
-532 315
-531 291
-530 299
-529 336
-528 349
-527 328
-526 336
-525 314
-524 315
-523 314
-522 349
-521 306
-520 339
-519 326
-518 358
-517 365
-516 395
-515 360
-514 343
-513 360
-512 371
-511 338
-510 363
-509 376
-508 357
-507 377
-506 393
-505 389
-504 394
-503 400
-502 407
-501 441
-500 398
-499 450
-498 422
-497 451
-496 439
-495 427
-494 444
-493 450
-492 453
-491 448
-490 446
-489 479
-488 502
-487 447
-486 508
-485 448
-484 543
-483 535
-482 510
-481 493
-480 492
-479 521
-478 555
-477 513
-476 509
-475 576
-474 583
-473 594
-472 571
-471 542
-470 580
-469 547
-468 593
-467 609
-466 600
-465 589
-464 598
-463 609
-462 627
-461 581
-460 631
-459 573
-458 664
-457 675
-456 699
-455 694
-454 645
-453 658
-452 669
-451 655
-450 721
-449 647
-448 733
-447 709
-446 713
-445 717
-444 746
-443 757
-442 719
-441 730
-440 769
-439 807
-438 782
-437 805
-436 725
-435 763
-434 797
-433 856
-432 819
-431 848
-430 855
-429 870
-428 892
-427 916
-426 871
-425 950
-424 921
-423 906
-422 945
-421 913
-420 906
-419 963
-418 1009
-417 967
-416 959
-415 945
-414 1011
-413 1019
-412 1048
-411 1012
-410 1084
-409 1066
-408 1093
-407 1099
-406 1121
-405 1071
-404 1094
-403 1143
-402 1085
-401 1133
-400 1149
-399 1169
-398 1201
-397 1235
-396 1156
-395 1259
-394 1183
-393 1273
-392 1273
-391 1251
-390 1320
-389 1342
-388 1246
-387 1373
-386 1345
-385 1333
-384 1371
-383 1397
-382 1372
-381 1431
-380 1457
-379 1494
-378 1469
-377 1458
-376 1495
-375 1532
-374 1550
-373 1642
-372 1600
-371 1623
-370 1594
-369 1643
-368 1636
-367 1718
-366 1695
-365 1695
-364 1772
-363 1732
-362 1767
-361 1784
-360 1818
-359 1817
-358 1797
-357 1863
-356 1876
-355 1874
-354 1939
-353 1943
-352 1943
-351 1942
-350 2033
-349 1969
-348 1925
-347 2096
-346 2085
-345 2058
-344 2112
-343 2123
-342 2153
-341 2223
-340 2241
-339 2223
-338 2271
-337 2257
-336 2335
-335 2250
-334 2420
-333 2401
-332 2503
-331 2507
-330 2497
-329 2558
-328 2508
-327 2623
-326 2603
-325 2642
-324 2765
-323 2645
-322 2765
-321 2797
-320 2890
-319 2801
-318 2823
-317 2846
-316 2885
-315 2895
-314 3027
-313 3035
-312 3024
-311 3030
-310 3157
-309 3192
-308 3281
-307 3247
-306 3296
-305 3251
-304 3451
-303 3451
-302 3519
-301 3476
-300 3531
-299 3636
-298 3650
-297 3587
-296 3723
-295 3767
-294 3716
-293 3858
-292 3886
-291 3824
-290 3856
-289 3925
-288 4053
-287 4083
-286 4192
-285 4220
-284 4181
-283 4359
-282 4245
-281 4460
-280 4441
-279 4531
-278 4570
-277 4662
-276 4797
-275 4696
-274 4805
-273 4805
-272 4988
-271 5078
-270 5066
-269 5019
-268 5241
-267 5281
-266 5304
-265 5426
-264 5545
-263 5546
-262 5611
-261 5662
-260 5815
-259 5853
-258 5889
-257 5856
-256 6072
-255 6246
-254 6203
-253 6157
-252 6191
-251 6291
-250 6400
-249 6592
-248 6625
-247 6707
-246 6777
-245 6986
-244 6936
-243 7114
-242 7087
-241 7219
-240 7304
-239 7543
-238 7514
-237 7580
-236 7809
-235 7829
-234 7860
-233 8055
-232 8079
-231 8276
-230 8484
-229 8494
-228 8559
-227 8752
-226 8829
-225 8964
-224 9049
-223 9160
-222 9233
-221 9208
-220 9424
-219 9575
-218 9851
-217 10063
-216 10192
-215 10173
-214 10230
-213 10444
-212 10512
-211 10671
-210 10875
-209 10982
-208 11240
-207 11360
-206 11399
-205 11467
-204 11660
-203 11996
-202 12190
-201 12415
-200 12611
-199 12547
-198 12947
-197 13008
-196 13308
-195 13211
-194 13675
-193 13872
-192 14001
-191 14173
-190 14522
-189 14620
-188 14960
-187 15059
-186 15184
-185 15547
-184 15752
-183 15910
-182 16271
-181 16279
-180 16588
-179 16739
-178 17047
-177 17382
-176 17698
-175 17954
-174 18334
-173 18334
-172 18605
-171 19116
-170 19244
-169 19564
-168 19837
-167 20007
-166 20316
-165 20856
-164 21002
-163 21546
-162 21805
-161 22101
-160 22725
-159 22833
-158 23160
-157 23620
-156 23917
-155 24479
-154 24841
-153 24947
-152 25688
-151 25793
-150 26480
-149 26881
-148 27093
-147 27966
-146 28389
-145 28641
-144 29103
-143 29588
-142 29902
-141 30247
-140 30999
-139 31662
-138 32049
-137 32661
-136 33209
-135 33811
-134 34868
-133 34465
-132 35405
-131 35987
-130 36655
-129 37788
-128 38365
-127 38798
-126 39472
-125 39968
-124 40979
-123 41967
-122 42469
-121 43199
-120 43846
-119 44770
-118 45782
-117 46062
-116 47444
-115 48384
-114 49310
-113 50166
-112 50966
-111 52139
-110 53450
-109 54232
-108 54832
-107 56217
-106 57158
-105 58924
-104 59916
-103 60642
-102 62027
-101 63152
-100 64718
-99 66207
-98 67298
-97 68819
-96 70290
-95 71631
-94 73278
-93 75272
-92 77446
-91 78598
-90 79982
-89 82028
-88 83752
-87 85838
-86 88452
-85 90231
-84 91945
-83 94249
-82 96449
-81 99262
-80 101655
-79 103560
-78 105904
-77 109354
-76 111613
-75 114396
-74 116927
-73 120134
-72 123606
-71 126527
-70 129648
-69 133283
-68 136499
-67 140190
-66 144726
-65 149118
-64 153107
-63 157014
-62 162258
-61 167110
-60 172240
-59 177066
-58 182319
-57 187898
-56 194559
-55 201216
-54 206992
-53 213541
-52 220442
-51 229136
-50 235575
-49 244705
-48 253665
-47 262850
-46 273082
-45 282757
-44 294171
-43 305655
-42 318171
-41 331998
-40 345684
-39 359667
-38 376020
-37 392833
-36 410963
-35 429647
-34 449456
-33 472374
-32 495834
-31 521636
-30 550713
-29 580408
-28 613117
-27 651320
-26 691081
-25 736659
-24 786665
-23 839071
-22 900026
-21 966450
-20 1044610
-19 1129384
-18 1229210
-17 1343018
-16 1474531
-15 1630767
-14 1814880
-13 2035792
-12 2304890
-11 2641336
-10 3064939
-9 3614059
-8 4363492
-7 5401399
-6 6948121
-5 9431396
-4 13941874
-3 24159729
-2 59310652
-1 421416832
0 0
1 442436106
2 45135720
3 20171974
4 12623599
5 8850890
6 6644741
7 5225858
8 4249096
9 3539557
10 3011104
11 2601729
12 2273932
13 2011920
14 1796070
15 1616008
16 1463079
17 1331807
18 1221294
19 1122903
20 1036699
21 962934
22 895845
23 834870
24 783012
25 733361
26 689199
27 647495
28 612152
29 579734
30 546864
31 519945
32 495408
33 470879
34 448588
35 428003
36 408200
37 391298
38 375040
39 357634
40 343681
41 330791
42 316169
43 305178
44 293456
45 283228
46 271383
47 262775
48 253195
49 244658
50 236604
51 228660
52 219114
53 214148
54 206999
55 200616
56 193933
57 187945
58 182577
59 176632
60 171609
61 166679
62 161371
63 157051
64 152689
65 148499
66 144798
67 140521
68 136635
69 133862
70 128995
71 126228
72 123100
73 119683
74 116577
75 114135
76 111300
77 108459
78 106150
79 103760
80 101149
81 98815
82 96727
83 93658
84 91639
85 89526
86 87439
87 85904
88 83975
89 81953
90 80415
91 78046
92 77490
93 75567
94 73475
95 72010
96 70338
97 68543
98 67189
99 66028
100 65089
101 63661
102 61911
103 60719
104 59180
105 58633
106 58044
107 56119
108 55323
109 53814
110 53197
111 52212
112 50922
113 50056
114 49177
115 48172
116 47172
117 46258
118 45446
119 44739
120 43402
121 42870
122 41962
123 41829
124 40567
125 40123
126 39370
127 38751
128 38096
129 37613
130 36839
131 36130
132 35674
133 34698
134 34252
135 33643
136 33205
137 32683
138 31807
139 31349
140 31120
141 30562
142 29768
143 29658
144 29124
145 28484
146 28158
147 27693
148 27128
149 26624
150 26562
151 25752
152 25630
153 24826
154 24941
155 24229
156 23857
157 23232
158 23049
159 22833
160 22835
161 22131
162 21792
163 21147
164 21122
165 20652
166 20458
167 19956
168 19772
169 19826
170 19262
171 19086
172 18811
173 18597
174 18140
175 17865
176 17574
177 17575
178 17370
179 16735
180 16647
181 16265
182 16351
183 16038
184 15725
185 15521
186 15180
187 15195
188 14905
189 14579
190 14363
191 14369
192 14036
193 13816
194 13530
195 13330
196 13336
197 12927
198 12829
199 12690
200 12395
201 12193
202 12267
203 11708
204 11793
205 11550
206 11364
207 11293
208 11118
209 11083
210 10855
211 10655
212 10514
213 10468
214 10156
215 10156
216 10052
217 9791
218 9865
219 9655
220 9656
221 9403
222 9304
223 9171
224 8987
225 9126
226 8780
227 8814
228 8594
229 8469
230 8385
231 8360
232 8078
233 8025
234 8007
235 7881
236 7726
237 7589
238 7579
239 7511
240 7186
241 7227
242 7256
243 6987
244 6968
245 6832
246 6857
247 6680
248 6686
249 6582
250 6436
251 6337
252 6290
253 6204
254 6174
255 6233
256 5969
257 5926
258 5935
259 5767
260 5702
261 5519
262 5535
263 5512
264 5362
265 5326
266 5299
267 5184
268 5195
269 5096
270 5068
271 5068
272 4836
273 4851
274 4814
275 4762
276 4794
277 4566
278 4496
279 4459
280 4553
281 4299
282 4364
283 4255
284 4291
285 4304
286 4147
287 4206
288 4012
289 4041
290 3969
291 4005
292 3921
293 3708
294 3689
295 3675
296 3637
297 3549
298 3704
299 3473
300 3495
301 3433
302 3485
303 3444
304 3308
305 3370
306 3265
307 3215
308 3208
309 3094
310 3181
311 3111
312 2994
313 3003
314 2995
315 2972
316 2806
317 2908
318 2963
319 2748
320 2863
321 2766
322 2735
323 2635
324 2687
325 2590
326 2658
327 2649
328 2591
329 2454
330 2587
331 2537
332 2391
333 2382
334 2394
335 2351
336 2256
337 2269
338 2215
339 2352
340 2230
341 2217
342 2096
343 2147
344 2097
345 2138
346 2109
347 1985
348 1985
349 2021
350 2033
351 1976
352 1915
353 1862
354 1909
355 1893
356 1926
357 1860
358 1784
359 1791
360 1756
361 1780
362 1762
363 1713
364 1663
365 1765
366 1666
367 1727
368 1603
369 1693
370 1629
371 1520
372 1603
373 1571
374 1475
375 1500
376 1518
377 1495
378 1538
379 1502
380 1480
381 1386
382 1418
383 1364
384 1381
385 1374
386 1387
387 1345
388 1267
389 1340
390 1211
391 1240
392 1228
393 1268
394 1304
395 1189
396 1272
397 1177
398 1159
399 1225
400 1144
401 1152
402 1175
403 1123
404 1133
405 1075
406 1129
407 1054
408 1116
409 1075
410 1019
411 963
412 1011
413 1005
414 991
415 937
416 978
417 1023
418 934
419 940
420 910
421 894
422 936
423 957
424 882
425 934
426 853
427 931
428 857
429 881
430 786
431 811
432 827
433 837
434 858
435 811
436 802
437 777
438 846
439 810
440 784
441 752
442 775
443 722
444 756
445 737
446 715
447 706
448 632
449 715
450 677
451 665
452 689
453 636
454 644
455 682
456 670
457 606
458 651
459 601
460 574
461 602
462 596
463 601
464 565
465 601
466 622
467 558
468 557
469 585
470 553
471 539
472 509
473 550
474 496
475 516
476 527
477 537
478 515
479 499
480 494
481 506
482 474
483 482
484 507
485 479
486 453
487 503
488 461
489 479
490 446
491 471
492 458
493 459
494 435
495 451
496 463
497 439
498 437
499 451
500 434
501 389
502 393
503 377
504 426
505 439
506 422
507 380
508 402
509 386
510 410
511 365
512 379
513 356
514 369
515 351
516 386
517 348
518 360
519 322
520 307
521 333
522 357
523 342
524 322
525 336
526 311
527 367
528 333
529 297
530 348
531 305
532 319
533 311
534 298
535 298
536 291
537 268
538 301
539 264
540 293
541 294
542 267
543 270
544 313
545 298
546 266
547 258
548 282
549 249
550 265
551 233
552 243
553 266
554 247
555 280
556 220
557 240
558 247
559 226
560 208
561 232
562 237
563 217
564 252
565 186
566 211
567 232
568 221
569 243
570 216
571 217
572 219
573 177
574 195
575 215
576 197
577 204
578 189
579 207
580 186
581 189
582 194
583 186
584 165
585 188
586 175
587 176
588 183
589 167
590 188
591 182
592 146
593 157
594 160
595 153
596 141
597 164
598 147
599 164
600 176
601 164
602 160
603 144
604 168
605 160
606 141
607 135
608 142
609 145
610 151
611 155
612 124
613 161
614 150
615 151
616 129
617 143
618 118
619 120
620 150
621 133
622 129
623 145
624 121
625 117
626 131
627 140
628 111
629 128
630 108
631 124
632 119
633 110
634 116
635 115
636 104
637 97
638 129
639 115
640 111
641 107
642 100
643 89
644 116
645 96
646 105
647 119
648 103
649 112
650 98
651 94
652 93
653 124
654 94
655 101
656 93
657 86
658 90
659 99
660 114
661 94
662 78
663 93
664 73
665 95
666 79
667 64
668 72
669 79
670 81
671 84
672 86
673 83
674 92
675 72
676 79
677 94
678 63
679 92
680 74
681 73
682 83
683 66
684 69
685 56
686 62
687 66
688 64
689 61
690 64
691 65
692 56
693 68
694 66
695 70
696 66
697 70
698 59
699 68
700 61
701 62
702 63
703 55
704 53
705 67
706 58
707 76
708 55
709 51
710 47
711 53
712 45
713 49
714 45
715 64
716 60
717 67
718 61
719 49
720 56
721 56
722 60
723 46
724 52
725 40
726 44
727 42
728 48
729 56
730 50
731 49
732 44
733 48
734 38
735 44
736 52
737 45
738 44
739 42
740 40
741 28
742 48
743 50
744 40
745 46
746 33
747 33
748 50
749 44
750 26
751 39
752 42
753 40
754 37
755 44
756 45
757 32
758 33
759 45
760 40
761 30
762 36
763 29
764 46
765 33
766 42
767 40
768 41
769 38
770 29
771 28
772 40
773 25
774 30
775 27
776 39
777 38
778 35
779 29
780 28
781 27
782 37
783 32
784 34
785 35
786 35
787 29
788 28
789 24
790 16
791 31
792 17
793 22
794 30
795 18
796 18
797 24
798 32
799 19
800 31
801 18
802 27
803 26
804 31
805 29
806 30
807 27
808 21
809 25
810 24
811 17
812 27
813 13
814 28
815 14
816 23
817 26
818 16
819 22
820 21
821 25
822 18
823 30
824 22
825 18
826 18
827 18
828 21
829 22
830 18
831 23
832 19
833 23
834 13
835 27
836 19
837 17
838 19
839 12
840 17
841 13
842 13
843 18
844 16
845 15
846 21
847 14
848 19
849 23
850 14
851 17
852 18
853 18
854 17
855 14
856 16
857 8
858 15
859 15
860 11
861 10
862 21
863 17
864 11
865 17
866 12
867 10
868 16
869 14
870 7
871 13
872 14
873 14
874 7
875 26
876 13
877 15
878 8
879 12
880 13
881 8
882 5
883 13
884 9
885 11
886 10
887 12
888 11
889 9
890 10
891 14
892 11
893 13
894 14
895 7
896 11
897 9
898 8
899 6
900 12
901 12
902 13
903 9
904 13
905 10
906 5
907 8
908 7
909 9
910 10
911 17
912 10
913 7
914 7
915 9
916 13
917 6
918 10
919 10
920 17
921 13
922 10
923 6
924 16
925 3
926 9
927 9
928 4
929 11
930 9
931 5
932 3
933 7
934 12
935 5
936 11
937 5
938 10
939 3
940 10
941 7
942 8
943 6
944 4
945 8
946 13
947 11
948 6
949 5
950 5
951 7
952 5
953 11
954 10
955 16
956 3
957 7
958 5
959 7
960 10
961 6
962 9
963 6
964 7
965 7
966 9
967 9
968 5
969 4
970 7
971 3
972 3
973 5
974 8
975 6
976 4
977 6
978 6
979 4
980 3
981 6
982 8
983 3
984 9
985 8
986 6
987 8
988 8
989 6
990 4
991 2
992 4
993 7
994 2
995 3
996 4
997 4
998 4
999 5
1000 4
1001 3
1002 7
1003 4
1004 2
1005 4
1006 3
1007 6
1008 4
1009 6
1010 9
1011 3
1012 7
1013 3
1014 2
1015 5
1016 2
1017 1
1018 6
1019 3
1020 4
1021 3
1022 3
1023 3
1024 4
1025 3
1026 3
1027 1
1028 3
1029 6
1030 3
1031 8
1032 4
1033 2
1034 5
1035 5
1036 6
1037 2
1038 3
1039 7
1040 4
1041 2
1042 2
1043 3
1044 2
1045 3
1046 4
1047 5
1048 4
1049 1
1050 0
1051 2
1052 2
1053 1
1054 3
1055 7
1056 1
1057 0
1058 2
1059 1
1060 2
1061 1
1062 6
1063 5
1064 3
1065 3
1066 2
1067 3
1068 4
1069 3
1070 4
1071 4
1072 2
1073 3
1074 3
1075 1
1076 10
1077 2
1078 4
1079 3
1080 2
1081 0
1082 2
1083 0
1084 2
1085 3
1086 0
1087 5
1088 0
1089 0
1090 4
1091 2
1092 2
1093 1
1094 3
1095 1
1096 3
1097 2
1098 1
1099 0
1100 1
1101 4
1102 2
1103 1
1104 1
1105 1
1106 1
1107 2
1108 4
1109 2
1110 4
1111 1
1112 1
1113 3
1114 0
1115 1
1116 1
1117 0
1118 1
1119 3
1120 1
1121 2
1122 0
1123 0
1124 0
1125 2
1126 2
1127 2
1128 1
1129 0
1130 2
1131 0
1132 1
1133 1
1134 0
1135 2
1136 1
1137 0
1138 0
1139 1
1140 1
1141 2
1142 1
1143 0
1144 1
1145 2
1146 2
1147 2
1148 1
1149 2
1150 1
1151 0
1152 1
1153 0
1154 0
1155 0
1156 1
1157 2
1158 0
1159 0
1160 3
1161 2
1162 1
1163 0
1164 1
1165 0
1166 3
1167 1
1168 1
1169 0
1170 0
1171 2
1172 2
1173 0
1174 0
1175 2
1176 0
1177 1
1178 1
1179 0
1180 0
1181 2
1182 1
1183 1
1184 0
1185 0
1186 2
1187 2
1188 1
1189 0
1190 4
1191 2
1192 0
1193 0
1194 0
1195 2
1196 1
1197 1
1198 2
1199 1
1200 0
1201 0
1202 3
1203 1
1204 4
1205 0
1206 0
1207 0
1208 1
1209 0
1210 0
1211 2
1212 2
1213 0
1214 0
1215 0
1216 4
1217 2
1218 0
1219 0
1220 0
1221 1
1222 0
1223 1
1224 0
1225 1
1226 0
1227 0
1228 0
1229 1
1230 1
1231 0
1232 0
1233 1
1234 1
1235 0
1236 0
1237 0
1238 1
1239 1
1240 0
1241 2
1242 0
1243 1
1244 2
1245 0
1246 0
1247 1
1248 2
1249 0
1250 1
1251 0
1252 2
1253 0
1254 0
1255 0
1256 2
1257 0
1258 1
1259 0
1260 0
1261 1
1262 0
1263 1
1264 0
1265 1
1266 0
1267 1
1268 0
1269 0
1270 0
1271 1
1272 0
1273 1
1274 0
1275 0
1276 0
1277 2
1278 0
1279 1
1280 1
1281 1
1282 1
1283 0
1284 0
1285 1
1286 0
1287 0
1288 0
1289 0
1290 2
1291 0
1292 0
1293 2
1294 0
1295 0
1296 1
1297 1
1298 1
1299 0
1300 0
1301 0
1302 1
1303 0
1304 0
1305 0
1306 0
1307 0
1308 1
1309 0
1310 0
1311 0
1312 1
1313 0
1314 2
1315 1
1316 0
1317 0
1318 0
1319 1
1320 0
1321 1
1322 1
1323 0
1324 1
1325 0
1326 0
1327 1
1328 1
1329 0
1330 0
1331 0
1332 0
1333 0
1334 0
1335 0
1336 0
1337 0
1338 1
1339 0
1340 0
1341 0
1342 0
1343 0
1344 0
1345 1
1346 0
1347 1
1348 0
1349 0
1350 0
1351 1
1352 0
1353 0
1354 0
1355 0
1356 0
1357 0
1358 0
1359 0
1360 0
1361 0
1362 0
1363 0
1364 1
1365 0
1366 1
1367 0
1368 0
1369 0
1370 1
1371 0
1372 0
1373 0
1374 0
1375 0
1376 0
1377 0
1378 0
1379 0
1380 0
1381 1
1382 1
1383 1
1384 0
1385 0
1386 1
1387 0
1388 0
1389 1
1390 0
1391 0
1392 1
1393 1
1394 0
1395 0
1396 0
1397 1
1398 0
1399 0
1400 0
1401 0
1402 0
1403 0
1404 0
1405 0
1406 0
1407 0
1408 0
1409 1
1410 0
1411 0
1412 1
1413 0
1414 0
1415 1
1416 0
1417 0
1418 0
1419 0
1420 0
1421 0
1422 0
1423 0
1424 1
1425 0
1426 0
1427 0
1428 0
1429 0
1430 0
1431 1
1432 0
1433 0
1434 1
1435 0
1436 0
1437 0
1438 0
1439 0
1440 0
1441 0
1442 0
1443 0
1444 0
1445 0
1446 1
1447 0
1448 0
1449 0
1450 0
1451 0
1452 0
1453 0
1454 0
1455 0
1456 0
1457 0
1458 0
1459 1
1460 0
1461 0
1462 0
1463 1
1464 0
1465 0
1466 0
1467 0
1468 0
1469 0
1470 0
1471 0
1472 0
1473 0
1474 0
1475 0
1476 0
1477 0
1478 0
1479 0
1480 0
1481 0
1482 0
1483 0
1484 0
1485 0
1486 0
1487 0
1488 0
1489 0
1490 0
1491 0
1492 0
1493 0
1494 0
1495 0
1496 0
1497 0
1498 0
1499 0
1500 0
1501 0
1502 0
1503 0
1504 0
1505 0
1506 0
1507 0
1508 0
1509 0
1510 0
1511 0
1512 0
1513 0
1514 0
1515 0
1516 0
1517 0
1518 0
1519 0
1520 0
1521 0
1522 0
1523 0
1524 0
1525 0
1526 0
1527 0
1528 1
1529 0
1530 0
1531 0
1532 0
1533 0
1534 1
1535 0
1536 0
1537 0
1538 0
1539 0
1540 0
1541 0
1542 0
1543 0
1544 0
1545 0
1546 0
1547 1
1548 0
1549 0
1550 0
1551 0
1552 0
1553 0
1554 0
1555 0
1556 0
1557 0
1558 0
1559 0
1560 1
1561 0
1562 0
1563 0
1564 0
1565 0
1566 0
1567 0
1568 0
1569 0
1570 0
1571 0
1572 0
1573 0
1574 0
1575 0
1576 0
1577 0
1578 0
1579 0
1580 0
1581 0
1582 0
1583 0
1584 0
1585 0
1586 0
1587 0
1588 0
1589 0
1590 0
1591 0
1592 0
1593 0
1594 0
1595 0
1596 0
1597 0
1598 0
1599 0
1600 0
1601 0
1602 0
1603 0
1604 0
1605 0
1606 0
1607 0
1608 0
1609 0
1610 0
1611 0
1612 0
1613 0
1614 0
1615 0
1616 0
1617 0
1618 0
1619 0
1620 0
1621 0
1622 0
1623 0
1624 0
1625 0
1626 0
1627 0
1628 0
1629 0
1630 0
1631 0
1632 0
1633 0
1634 0
1635 0
1636 0
1637 0
1638 1
1639 0
1640 0
1641 0
1642 0
1643 0
1644 0
1645 0
1646 0
1647 0
1648 0
1649 0
1650 0
1651 0
1652 0
1653 0
1654 0
1655 0
1656 0
1657 0
1658 0
1659 0
1660 0
1661 0
1662 0
1663 0
1664 0
1665 0
1666 0
1667 0
1668 0
1669 0
1670 0
1671 0
1672 0
1673 0
1674 0
1675 0
1676 0
1677 0
1678 0
1679 0
1680 0
1681 0
1682 0
1683 0
1684 0
1685 0
1686 0
1687 0
1688 0
1689 0
1690 0
1691 0
1692 0
1693 0
1694 0
1695 0
1696 0
1697 0
1698 0
1699 0
1700 0
1701 0
1702 0
1703 0
1704 0
1705 0
1706 0
1707 0
1708 0
1709 0
1710 0
1711 0
1712 0
1713 0
1714 0
1715 0
1716 0
1717 0
1718 0
1719 0
1720 0
1721 0
1722 0
1723 0
1724 0
1725 0
1726 0
1727 0
1728 0
1729 0
1730 0
1731 0
1732 0
1733 0
1734 0
1735 0
1736 0
1737 0
1738 0
1739 0
1740 0
1741 0
1742 0
1743 0
1744 0
1745 0
1746 0
1747 0
1748 0
1749 0
1750 0
1751 0
1752 0
1753 0
1754 0
1755 0
1756 0
1757 0
1758 0
1759 0
1760 1
1761 0
1762 0
1763 0
1764 0
1765 0
1766 0
1767 0
1768 0
1769 0
1770 0
1771 0
1772 0
1773 0
1774 0
1775 0
1776 0
1777 0
1778 0
1779 0
1780 0
1781 0
1782 0
1783 0
1784 0
1785 0
1786 0
1787 0
1788 0
1789 0
1790 0
1791 0
1792 0
1793 0
1794 0
1795 0
1796 0
1797 0
1798 0
1799 0
1800 0
1801 0
1802 0
1803 0
1804 0
1805 0
1806 0
1807 0
1808 0
1809 0
1810 0
1811 0
1812 0
1813 0
1814 0
1815 0
1816 0
1817 0
1818 0
1819 0
1820 0
1821 0
1822 0
1823 0
1824 0
1825 0
1826 0
1827 0
1828 0
1829 0
1830 0
1831 0
1832 0
1833 0
1834 0
1835 0
1836 0
1837 0
1838 0
1839 0
1840 0
1841 0
1842 0
1843 0
1844 1
