-389 1
-388 0
-387 0
-386 0
-385 0
-384 0
-383 0
-382 0
-381 0
-380 0
-379 0
-378 0
-377 0
-376 0
-375 0
-374 0
-373 0
-372 0
-371 0
-370 0
-369 0
-368 0
-367 0
-366 0
-365 0
-364 0
-363 0
-362 0
-361 0
-360 0
-359 0
-358 0
-357 0
-356 0
-355 0
-354 0
-353 0
-352 0
-351 0
-350 0
-349 0
-348 0
-347 0
-346 0
-345 0
-344 0
-343 0
-342 0
-341 0
-340 0
-339 0
-338 0
-337 0
-336 0
-335 0
-334 0
-333 0
-332 0
-331 0
-330 0
-329 0
-328 0
-327 0
-326 0
-325 0
-324 0
-323 0
-322 0
-321 0
-320 0
-319 0
-318 0
-317 0
-316 0
-315 0
-314 0
-313 0
-312 0
-311 0
-310 0
-309 0
-308 0
-307 0
-306 0
-305 0
-304 0
-303 0
-302 0
-301 0
-300 0
-299 0
-298 0
-297 0
-296 0
-295 0
-294 0
-293 0
-292 0
-291 0
-290 0
-289 0
-288 0
-287 0
-286 0
-285 0
-284 0
-283 0
-282 0
-281 1
-280 0
-279 0
-278 0
-277 0
-276 1
-275 0
-274 0
-273 0
-272 0
-271 0
-270 0
-269 0
-268 0
-267 0
-266 1
-265 0
-264 0
-263 1
-262 0
-261 0
-260 0
-259 0
-258 0
-257 0
-256 0
-255 0
-254 0
-253 0
-252 1
-251 0
-250 1
-249 0
-248 0
-247 1
-246 0
-245 2
-244 0
-243 0
-242 0
-241 0
-240 0
-239 0
-238 0
-237 0
-236 1
-235 1
-234 0
-233 1
-232 0
-231 0
-230 1
-229 2
-228 2
-227 2
-226 1
-225 1
-224 2
-223 1
-222 4
-221 1
-220 3
-219 3
-218 0
-217 4
-216 3
-215 3
-214 0
-213 2
-212 4
-211 7
-210 1
-209 2
-208 1
-207 3
-206 2
-205 6
-204 9
-203 7
-202 6
-201 4
-200 6
-199 6
-198 9
-197 5
-196 7
-195 7
-194 8
-193 12
-192 12
-191 7
-190 10
-189 13
-188 10
-187 12
-186 6
-185 12
-184 15
-183 6
-182 14
-181 14
-180 12
-179 18
-178 22
-177 18
-176 26
-175 21
-174 21
-173 31
-172 25
-171 20
-170 22
-169 27
-168 23
-167 34
-166 30
-165 39
-164 42
-163 40
-162 46
-161 46
-160 31
-159 63
-158 68
-157 68
-156 59
-155 66
-154 73
-153 71
-152 73
-151 84
-150 79
-149 72
-148 82
-147 96
-146 102
-145 113
-144 115
-143 94
-142 134
-141 155
-140 149
-139 159
-138 165
-137 174
-136 184
-135 191
-134 164
-133 205
-132 244
-131 227
-130 284
-129 264
-128 287
-127 266
-126 337
-125 378
-124 358
-123 387
-122 386
-121 411
-120 435
-119 444
-118 481
-117 518
-116 551
-115 597
-114 648
-113 679
-112 730
-111 756
-110 777
-109 901
-108 944
-107 925
-106 1031
-105 1072
-104 1128
-103 1193
-102 1279
-101 1313
-100 1433
-99 1533
-98 1590
-97 1718
-96 1816
-95 1938
-94 2035
-93 2207
-92 2268
-91 2428
-90 2620
-89 2765
-88 2868
-87 3188
-86 3159
-85 3635
-84 3843
-83 3941
-82 4213
-81 4506
-80 4712
-79 5063
-78 5446
-77 5794
-76 6236
-75 6457
-74 7073
-73 7334
-72 8018
-71 8475
-70 8961
-69 9759
-68 10180
-67 11133
-66 11885
-65 12702
-64 13471
-63 14401
-62 15434
-61 16351
-60 17642
-59 18701
-58 20407
-57 21654
-56 23339
-55 24660
-54 26704
-53 28707
-52 30650
-51 33215
-50 35443
-49 38438
-48 41206
-47 44200
-46 47808
-45 51716
-44 55361
-43 59812
-42 64838
-41 69327
-40 75913
-39 81942
-38 88899
-37 96730
-36 104938
-35 114144
-34 123940
-33 135126
-32 147046
-31 161173
-30 176505
-29 193128
-28 212208
-27 232584
-26 256474
-25 283306
-24 313501
-23 346530
-22 385506
-21 430279
-20 482004
-19 541263
-18 611098
-17 691146
-16 785581
-15 901270
-14 1036393
-13 1206961
-12 1413824
-11 1672995
-10 2007297
-9 2450782
-8 3048591
-7 3901095
-6 5163774
-5 7216928
-4 10986635
-3 19599166
-2 46542642
-1 260567087
0 0
1 282875580
2 32015996
3 15092197
4 9453585
5 6538658
6 4813966
7 3692279
8 2918557
9 2360256
10 1948895
11 1630116
12 1378892
13 1180805
14 1019386
15 885557
16 774030
17 680522
18 600799
19 534097
20 475169
21 426005
22 381901
23 344122
24 310344
25 280787
26 254695
27 230588
28 208767
29 191324
30 174674
31 159826
32 146022
33 134145
34 122543
35 113245
36 104440
37 95422
38 88482
39 81240
40 75657
41 69412
42 64373
43 59783
44 54801
45 51289
46 47329
47 43944
48 40905
49 38203
50 35113
51 32593
52 30614
53 28775
54 26476
55 24619
56 22699
57 21586
58 20052
59 18742
60 17415
61 16241
62 15298
63 14178
64 13488
65 12390
66 11954
67 10953
68 10241
69 9620
70 8928
71 8407
72 7872
73 7345
74 6957
75 6577
76 6136
77 5620
78 5479
79 5059
80 4902
81 4459
82 4253
83 3777
84 3728
85 3632
86 3395
87 3060
88 2901
89 2733
90 2581
91 2355
92 2292
93 2183
94 2022
95 1880
96 1780
97 1778
98 1622
99 1519
100 1405
101 1318
102 1270
103 1153
104 1160
105 1094
106 989
107 972
108 872
109 884
110 799
111 756
112 687
113 657
114 610
115 591
116 595
117 538
118 511
119 463
120 434
121 440
122 363
123 363
124 361
125 346
126 326
127 289
128 298
129 241
130 266
131 234
132 220
133 204
134 239
135 189
136 194
137 194
138 142
139 162
140 146
141 140
142 125
143 129
144 111
145 110
146 109
147 87
148 103
149 76
150 89
151 90
152 80
153 71
154 65
155 71
156 59
157 59
158 59
159 52
160 63
161 44
162 45
163 42
164 29
165 41
166 30
167 29
168 31
169 34
170 25
171 27
172 21
173 23
174 19
175 19
176 18
177 22
178 20
179 14
180 20
181 11
182 18
183 12
184 15
185 15
186 13
187 6
188 16
189 10
190 10
191 7
192 9
193 9
194 8
195 6
196 8
197 6
198 5
199 8
200 5
201 10
202 5
203 4
204 6
205 1
206 4
207 5
208 2
209 3
210 4
211 2
212 2
213 3
214 5
215 1
216 1
217 3
218 0
219 2
220 1
221 3
222 2
223 0
224 2
225 1
226 1
227 1
228 1
229 1
230 0
231 1
232 1
233 2
234 0
235 1
236 0
237 2
238 0
239 1
240 1
241 0
242 0
243 1
244 0
245 0
246 0
247 1
248 0
249 0
250 2
251 0
252 1
253 1
254 0
255 1
256 1
257 0
258 0
259 0
260 0
261 0
262 0
263 0
264 0
265 0
266 0
267 0
268 0
269 1
270 0
271 0
272 0
273 0
274 0
275 0
276 0
277 0
278 0
279 0
280 0
281 0
282 0
283 0
284 1
