1 0.3806 0.6194
2 0.4819 0.5181
3 0.5013 0.4987
4 0.5107 0.4893
5 0.515 0.485
6 0.5169 0.4831
7 0.5179 0.4821
8 0.5186 0.4814
9 0.5186 0.4814
10 0.5178 0.4822
11 0.518 0.482
12 0.5174 0.4826
13 0.5169 0.4831
14 0.5164 0.4836
15 0.5154 0.4846
16 0.5154 0.4846
17 0.5146 0.4854
18 0.5144 0.4856
19 0.5138 0.4862
20 0.5135 0.4865
21 0.513 0.487
22 0.5125 0.4875
23 0.512 0.488
24 0.5114 0.4886
25 0.5113 0.4887
26 0.5108 0.4892
27 0.5102 0.4898
28 0.5101 0.4899
29 0.5096 0.4904
30 0.5093 0.4907
31 0.509 0.491
32 0.5084 0.4916
33 0.508 0.492
34 0.508 0.492
35 0.5076 0.4924
36 0.5075 0.4925
37 0.5074 0.4926
38 0.5067 0.4933
39 0.5063 0.4937
40 0.506 0.494
41 0.5061 0.4939
42 0.5056 0.4944
43 0.5054 0.4946
44 0.5049 0.4951
45 0.5048 0.4952
46 0.5045 0.4955
47 0.5041 0.4959
48 0.504 0.496
49 0.5038 0.4962
50 0.5037 0.4963
51 0.5033 0.4967
52 0.5032 0.4968
53 0.5031 0.4969
54 0.5027 0.4973
55 0.5027 0.4973
56 0.5023 0.4977
57 0.5028 0.4972
58 0.5019 0.4981
59 0.5017 0.4983
60 0.502 0.498
61 0.5014 0.4986
62 0.5018 0.4982
63 0.5012 0.4988
64 0.5008 0.4992
65 0.5008 0.4992
66 0.501 0.499
67 0.5006 0.4994
68 0.4995 0.5005
69 0.5005 0.4995
70 0.4997 0.5003
71 0.4996 0.5004
72 0.4993 0.5007
73 0.4997 0.5003
74 0.499 0.501
75 0.4996 0.5004
76 0.4986 0.5014
77 0.4993 0.5007
78 0.4991 0.5009
79 0.4988 0.5012
80 0.4988 0.5012
81 0.4983 0.5017
82 0.4988 0.5012
83 0.4978 0.5022
84 0.4984 0.5016
85 0.4973 0.5027
86 0.4979 0.5021
87 0.4974 0.5026
88 0.4972 0.5028
89 0.4977 0.5023
90 0.498 0.502
91 0.4973 0.5027
92 0.497 0.503
93 0.4973 0.5027
94 0.4967 0.5033
95 0.4972 0.5028
96 0.4966 0.5034
97 0.4966 0.5034
98 0.4972 0.5028
99 0.4961 0.5039
100 0.4966 0.5034
101 0.4961 0.5039
102 0.4947 0.5053
103 0.4959 0.5041
104 0.4955 0.5045
105 0.4961 0.5039
106 0.4957 0.5043
107 0.4954 0.5046
108 0.4957 0.5043
109 0.4953 0.5047
110 0.4952 0.5048
111 0.4943 0.5057
112 0.4951 0.5049
113 0.495 0.505
114 0.4961 0.5039
115 0.4947 0.5053
116 0.4954 0.5046
117 0.4937 0.5063
118 0.4948 0.5052
119 0.4947 0.5053
120 0.4938 0.5062
121 0.4953 0.5047
122 0.4931 0.5069
123 0.4943 0.5057
124 0.4946 0.5054
125 0.494 0.506
126 0.4949 0.5051
127 0.4924 0.5076
128 0.4922 0.5078
129 0.4934 0.5066
130 0.4935 0.5065
131 0.4938 0.5062
132 0.4937 0.5063
133 0.4952 0.5048
134 0.4938 0.5062
135 0.4937 0.5063
136 0.4916 0.5084
137 0.4935 0.5065
138 0.4916 0.5084
139 0.4941 0.5059
140 0.4921 0.5079
141 0.4944 0.5056
142 0.4939 0.5061
143 0.4933 0.5067
144 0.4934 0.5066
145 0.4927 0.5073
146 0.4915 0.5085
147 0.4934 0.5066
148 0.4932 0.5068
149 0.4932 0.5068
150 0.4931 0.5069
151 0.4927 0.5073
152 0.4911 0.5089
153 0.4926 0.5074
154 0.4939 0.5061
155 0.4926 0.5074
156 0.4927 0.5073
157 0.4921 0.5079
158 0.4923 0.5077
159 0.4915 0.5085
160 0.4906 0.5094
161 0.4919 0.5081
162 0.4922 0.5078
163 0.4911 0.5089
164 0.4906 0.5094
165 0.4908 0.5092
166 0.4911 0.5089
167 0.4925 0.5075
168 0.4924 0.5076
169 0.4913 0.5087
170 0.4911 0.5089
171 0.4915 0.5085
172 0.4893 0.5107
173 0.491 0.509
174 0.4932 0.5068
175 0.4942 0.5058
176 0.4902 0.5098
177 0.4918 0.5082
178 0.492 0.508
179 0.4911 0.5089
180 0.4916 0.5084
181 0.4917 0.5083
182 0.4896 0.5104
183 0.4903 0.5097
184 0.4911 0.5089
185 0.4918 0.5082
186 0.4894 0.5106
187 0.4947 0.5053
188 0.4928 0.5072
189 0.4906 0.5094
190 0.4905 0.5095
191 0.4887 0.5113
192 0.4921 0.5079
193 0.4885 0.5115
194 0.4922 0.5078
195 0.4919 0.5081
196 0.4911 0.5089
197 0.4887 0.5113
198 0.4898 0.5102
199 0.4897 0.5103
200 0.4907 0.5093
201 0.4893 0.5107
202 0.4904 0.5096
203 0.4897 0.5103
204 0.488 0.512
205 0.4877 0.5123
206 0.4862 0.5138
207 0.4859 0.5141
208 0.4919 0.5081
209 0.4878 0.5122
210 0.4898 0.5102
211 0.4896 0.5104
212 0.4891 0.5109
213 0.4893 0.5107
214 0.488 0.512
215 0.4951 0.5049
216 0.4911 0.5089
217 0.4897 0.5103
218 0.4917 0.5083
219 0.4935 0.5065
220 0.4896 0.5104
221 0.4926 0.5074
222 0.4913 0.5087
223 0.4906 0.5094
224 0.4865 0.5135
225 0.4899 0.5101
226 0.4896 0.5104
227 0.4884 0.5116
228 0.4883 0.5117
229 0.4861 0.5139
230 0.4943 0.5057
231 0.4905 0.5095
232 0.4865 0.5135
233 0.4858 0.5142
234 0.4882 0.5118
235 0.4903 0.5097
236 0.4874 0.5126
237 0.4897 0.5103
238 0.4854 0.5146
239 0.4844 0.5156
240 0.4922 0.5078
241 0.4842 0.5158
242 0.4868 0.5132
243 0.4901 0.5099
244 0.4882 0.5118
245 0.492 0.508
246 0.4901 0.5099
247 0.4918 0.5082
248 0.4861 0.5139
249 0.4882 0.5118
250 0.4889 0.5111
251 0.4852 0.5148
252 0.4884 0.5116
253 0.4866 0.5134
254 0.4906 0.5094
255 0.4871 0.5129
256 0.4934 0.5066
257 0.489 0.511
258 0.4905 0.5095
259 0.4865 0.5135
260 0.4858 0.5142
261 0.4931 0.5069
262 0.486 0.514
263 0.4935 0.5065
264 0.4813 0.5187
265 0.4847 0.5153
266 0.4925 0.5075
267 0.4882 0.5118
268 0.4829 0.5171
269 0.4919 0.5081
270 0.4883 0.5117
271 0.485 0.515
272 0.4852 0.5148
273 0.4884 0.5116
274 0.4836 0.5164
275 0.4844 0.5156
276 0.491 0.509
277 0.4901 0.5099
278 0.4955 0.5045
279 0.4964 0.5036
280 0.4865 0.5135
281 0.4896 0.5104
282 0.4842 0.5158
283 0.4854 0.5146
284 0.4871 0.5129
285 0.4797 0.5203
286 0.4876 0.5124
287 0.4907 0.5093
288 0.485 0.515
289 0.4885 0.5115
290 0.4924 0.5076
291 0.4911 0.5089
292 0.4898 0.5102
293 0.4909 0.5091
294 0.4933 0.5067
295 0.4854 0.5146
296 0.4896 0.5104
297 0.4957 0.5043
298 0.4894 0.5106
299 0.4853 0.5147
300 0.4855 0.5145
301 0.4951 0.5049
302 0.4932 0.5068
303 0.4884 0.5116
304 0.4942 0.5058
305 0.4786 0.5214
306 0.4882 0.5118
307 0.4885 0.5115
308 0.4854 0.5146
309 0.4821 0.5179
310 0.4905 0.5095
311 0.4863 0.5137
312 0.4863 0.5137
313 0.4874 0.5126
314 0.4908 0.5092
315 0.4871 0.5129
316 0.4686 0.5314
317 0.4806 0.5194
318 0.4902 0.5098
319 0.4772 0.5228
320 0.4985 0.5015
321 0.4827 0.5173
322 0.4816 0.5184
323 0.4842 0.5158
324 0.4881 0.5119
325 0.4858 0.5142
326 0.4962 0.5038
327 0.4771 0.5229
328 0.4962 0.5038
329 0.4963 0.5037
330 0.4858 0.5142
331 0.4831 0.5169
332 0.4889 0.5111
333 0.4907 0.5093
334 0.4877 0.5123
335 0.4966 0.5034
336 0.4908 0.5092
337 0.5016 0.4984
338 0.4808 0.5192
339 0.5109 0.4891
340 0.4909 0.5091
341 0.482 0.518
342 0.5009 0.4991
343 0.4821 0.5179
344 0.4929 0.5071
345 0.4903 0.5097
346 0.4973 0.5027
347 0.4893 0.5107
348 0.4771 0.5229
349 0.4718 0.5282
350 0.483 0.517
351 0.4989 0.5011
352 0.4965 0.5035
353 0.4938 0.5062
354 0.507 0.493
355 0.4775 0.5225
356 0.4834 0.5166
357 0.4829 0.5171
358 0.486 0.514
359 0.4866 0.5134
360 0.5088 0.4912
361 0.4788 0.5212
362 0.4842 0.5158
363 0.4828 0.5172
364 0.4734 0.5266
365 0.4861 0.5139
366 0.4853 0.5147
367 0.4935 0.5065
368 0.4886 0.5114
369 0.4783 0.5217
370 0.484 0.516
371 0.4704 0.5296
372 0.489 0.511
373 0.4918 0.5082
374 0.4705 0.5295
375 0.4678 0.5322
376 0.5032 0.4968
377 0.4644 0.5356
378 0.4875 0.5125
379 0.4776 0.5224
380 0.4943 0.5057
381 0.4751 0.5249
382 0.5173 0.4827
383 0.4754 0.5246
384 0.4868 0.5132
385 0.4854 0.5146
386 0.478 0.522
387 0.4911 0.5089
388 0.4803 0.5197
389 0.4852 0.5148
390 0.4946 0.5054
391 0.4798 0.5202
392 0.4848 0.5152
393 0.4815 0.5185
394 0.4698 0.5302
395 0.492 0.508
396 0.4983 0.5017
397 0.4989 0.5011
398 0.507 0.493
399 0.5027 0.4973
400 0.4875 0.5125
401 0.4816 0.5184
402 0.5126 0.4874
403 0.4811 0.5189
404 0.4946 0.5054
405 0.4867 0.5133
406 0.4745 0.5255
407 0.4588 0.5412
408 0.4557 0.5443
409 0.4936 0.5064
410 0.4498 0.5502
411 0.4672 0.5328
412 0.4808 0.5192
413 0.4862 0.5138
414 0.4912 0.5088
415 0.4701 0.5299
416 0.4954 0.5046
417 0.4814 0.5186
418 0.4805 0.5195
419 0.4944 0.5056
420 0.5263 0.4737
421 0.4715 0.5285
422 0.4682 0.5318
423 0.497 0.503
424 0.4294 0.5706
425 0.4785 0.5215
426 0.4941 0.5059
427 0.4867 0.5133
428 0.4541 0.5459
429 0.4564 0.5436
430 0.4853 0.5147
431 0.5207 0.4793
432 0.5 0.5
433 0.5087 0.4913
434 0.4716 0.5284
435 0.48 0.52
436 0.525 0.475
437 0.4415 0.5585
438 0.4832 0.5168
439 0.4932 0.5068
440 0.4704 0.5296
441 0.4943 0.5057
442 0.4857 0.5143
443 0.4757 0.5243
444 0.4683 0.5317
445 0.526 0.474
446 0.4468 0.5532
447 0.5306 0.4694
448 0.4794 0.5206
449 0.5 0.5
450 0.4793 0.5207
451 0.4644 0.5356
452 0.4418 0.5582
453 0.4405 0.5595
454 0.4524 0.5476
455 0.4783 0.5217
456 0.484 0.516
457 0.4118 0.5882
458 0.5026 0.4974
459 0.4611 0.5389
460 0.5311 0.4689
461 0.4869 0.5131
462 0.478 0.522
463 0.5419 0.4581
464 0.497 0.503
465 0.5205 0.4795
466 0.4678 0.5322
467 0.5263 0.4737
468 0.4214 0.5786
469 0.5352 0.4648
470 0.4901 0.5099
471 0.4841 0.5159
472 0.4933 0.5067
473 0.4965 0.5035
474 0.4643 0.5357
475 0.4522 0.5478
476 0.4783 0.5217
477 0.5294 0.4706
478 0.5253 0.4747
479 0.5269 0.4731
480 0.4444 0.5556
481 0.5408 0.4592
482 0.4694 0.5306
483 0.5354 0.4646
484 0.53 0.47
485 0.5289 0.4711
486 0.4545 0.5455
487 0.4545 0.5455
488 0.4598 0.5402
489 0.5 0.5
490 0.5044 0.4956
491 0.4211 0.5789
492 0.5385 0.4615
493 0.5104 0.4896
494 0.5143 0.4857
495 0.5385 0.4615
496 0.5203 0.4797
497 0.4052 0.5948
498 0.4904 0.5096
499 0.495 0.505
500 0.4521 0.5479
501 0.527 0.473
502 0.4459 0.5541
503 0.5362 0.4638
504 0.3973 0.6027
505 0.5 0.5
506 0.3191 0.6809
507 0.4048 0.5952
508 0.4255 0.5745
509 0.4717 0.5283
510 0.5167 0.4833
511 0.4 0.6
512 0.6415 0.3585
513 0.3962 0.6038
514 0.575 0.425
515 0.4468 0.5532
516 0.5 0.5
517 0.4615 0.5385
518 0.5357 0.4643
519 0.3966 0.6034
520 0.4348 0.5652
521 0.4792 0.5208
522 0.4308 0.5692
523 0.5517 0.4483
524 0.5 0.5
525 0.4127 0.5873
526 0.4651 0.5349
527 0.6047 0.3953
528 0.6364 0.3636
529 0.5926 0.4074
530 0.4898 0.5102
531 0.5652 0.4348
532 0.48 0.52
533 0.5 0.5
534 0.4211 0.5789
535 0.4815 0.5185
536 0.5455 0.4545
537 0.5714 0.4286
538 0.3043 0.6957
539 0.52 0.48
540 0.4839 0.5161
541 0.5357 0.4643
542 0.5 0.5
543 0.5333 0.4667
544 0.5143 0.4857
545 0.4 0.6
546 0.5385 0.4615
547 0.56 0.44
548 0.5 0.5
549 0.4706 0.5294
550 0.5556 0.4444
551 0.3889 0.6111
552 0.6154 0.3846
553 0.5789 0.4211
554 0.25 0.75
555 0.6316 0.3684
556 0.4444 0.5556
557 0.5 0.5
558 0.5 0.5
559 0.65 0.35
560 0.56 0.44
561 0.4615 0.5385
562 0.4643 0.5357
563 0.6129 0.3871
564 0.45 0.55
565 0.4688 0.5312
566 0.6522 0.3478
567 0.6923 0.3077
568 0.45 0.55
569 0.4286 0.5714
570 0.5 0.5
571 0.3 0.7
572 0.5714 0.4286
573 0.7778 0.2222
574 0.6154 0.3846
575 0.4444 0.5556
576 0.45 0.55
577 0.4167 0.5833
578 0.0 1.0
579 0.8 0.2
580 0.5 0.5
581 0.2222 0.7778
582 0.8333 0.1667
583 0.5 0.5
584 0.4 0.6
585 0.375 0.625
586 0.7 0.3
587 0.3 0.7
588 0.4545 0.5455
589 0.5455 0.4545
590 0.4545 0.5455
591 0.4 0.6
592 0.75 0.25
593 0.2 0.8
594 0.5 0.5
595 0.5 0.5
596 0.6 0.4
597 0.5556 0.4444
598 0.5 0.5
599 0.25 0.75
600 0.4 0.6
601 0.6667 0.3333
602 0.5556 0.4444
603 0.6364 0.3636
604 0.5 0.5
605 0.3333 0.6667
606 0.3333 0.6667
607 0.6429 0.3571
608 0.5 0.5
609 0.4211 0.5789
610 0.6667 0.3333
611 0.6923 0.3077
612 0.5882 0.4118
613 0.375 0.625
614 0.6667 0.3333
615 0.375 0.625
616 0.6 0.4
617 0.75 0.25
618 0.3333 0.6667
619 0.4 0.6
620 0.6667 0.3333
621 0.3333 0.6667
622 0.5 0.5
623 0.0 1.0
624 0.0 1.0
625 0.0 1.0
626 0.0 1.0
627 0.5 0.5
628 0.0 1.0
629 1.0 0.0
630 0.5 0.5
631 0.5 0.5
632 0.5 0.5
634 1.0 0.0
635 0.5 0.5
636 1.0 0.0
638 0.0 1.0
639 0.5 0.5
640 0.6667 0.3333
641 0.25 0.75
642 0.5 0.5
643 0.0 1.0
647 1.0 0.0
648 0.75 0.25
649 0.5 0.5
650 0.2 0.8
651 0.7143 0.2857
652 0.5 0.5
653 0.2857 0.7143
654 0.5714 0.4286
655 0.4286 0.5714
656 0.0 1.0
658 1.0 0.0
659 0.5 0.5
660 1.0 0.0
661 1.0 0.0
662 0.0 1.0
663 1.0 0.0
664 0.6667 0.3333
665 0.3333 0.6667
666 0.4 0.6
667 0.3333 0.6667
668 0.6667 0.3333
669 0.2 0.8
670 0.0 1.0
676 1.0 0.0
677 0.0 1.0
678 0.5 0.5
679 0.3333 0.6667
680 0.0 1.0
685 0.0 1.0
686 1.0 0.0
687 0.5 0.5
688 0.5 0.5
689 0.5 0.5
690 0.3333 0.6667
691 0.0 1.0
692 1.0 0.0
693 0.5 0.5
694 1.0 0.0
695 0.2 0.8
696 0.0 1.0
697 0.0 1.0
698 0.0 1.0
730 0.5 0.5
731 0.5 0.5
732 0.0 1.0
789 1.0 0.0
790 1.0 0.0
791 1.0 0.0
792 1.0 0.0
793 0.0 1.0
794 0.5 0.5
795 1.0 0.0
796 0.0 1.0
