1 2.103382571025052 0.0
2 2.3152767627578683 0.0
3 2.6372070968047328 -0.600113710910722
4 2.9556787393318027 -0.7128842279866164
5 3.247586463150161 -0.8312443721750872
6 3.5230376143416 -0.9089246236840868
7 3.7826828391697425 -0.9973756229680149
8 4.032143628911667 -1.0586825024788498
9 4.2642091019693416 -1.128941278581584
10 4.490544964939444 -1.1803626024599383
11 4.703877509857948 -1.2379803840060146
12 4.91925416173156 -1.2860950247951761
13 5.110153409552384 -1.3374022190981407
14 5.3107534873603015 -1.3805605283547946
15 5.496913819319692 -1.4292023261891065
16 5.676293966415956 -1.4700114756393345
17 5.8486110608513755 -1.5137942134204012
18 6.012976446964472 -1.552283929478213
19 6.174363418338796 -1.5946292608740993
20 6.344366945657845 -1.6318866266428982
21 6.489100087071033 -1.6708745109390168
22 6.638577221727192 -1.7048989598222186
23 6.783624220816753 -1.7449855167398014
24 6.922577329775669 -1.778191193806996
25 7.059407202402829 -1.8178997025652244
26 7.179806157217746 -1.8494764170051439
27 7.312563046720235 -1.8849066099988816
28 7.447821603148397 -1.919531785617692
29 7.573545464075268 -1.953436025884031
30 7.68288638675562 -1.9871216565606904
31 7.798432875272472 -2.0246983573757453
32 7.914044906983919 -2.0460727564457075
33 8.0299342024365 -2.0814630643065812
34 8.138933702525794 -2.113063459508728
35 8.237027895591712 -2.142312593780835
36 8.340609535798272 -2.1741824498545084
37 8.424504741266695 -2.2076206457682446
38 8.520166144475537 -2.2323195688452797
39 8.615880677213678 -2.2666613141737666
40 8.70496448251436 -2.2972011332517486
41 8.778669547542547 -2.3178364490167875
42 8.86498485212207 -2.3472335630658097
43 8.952912519964633 -2.3782065715283016
44 9.019034922286531 -2.4105165908420414
45 9.109774587414464 -2.4389623716738233
46 9.189208808838638 -2.466906284893232
47 9.23156106443885 -2.4981774516914506
48 9.33152804927798 -2.522839941153927
49 9.412293566769025 -2.5560546945839095
50 9.474049304050865 -2.581677202523954
51 9.523626994843097 -2.612552191781231
52 9.582159693391375 -2.626996080692939
53 9.6199604093911 -2.6631839630323477
54 9.742193896497264 -2.6878966876831254
55 9.77934836839189 -2.7052815303019133
56 9.819922552951036 -2.7367866313508746
57 9.871195886693924 -2.770564265123602
58 9.926276889523876 -2.791870724993088
59 9.971204433689797 -2.8174581905930998
60 10.031769778165536 -2.853699711891956
61 10.056712819282028 -2.8715155459382067
62 10.11067599411316 -2.8952716597173227
63 10.132702099412048 -2.920552865255373
64 10.20314880955966 -2.947900661948684
65 10.27659336424549 -2.972882719425418
66 10.312021310956403 -2.996588349272201
67 10.358825327841098 -3.0290369184439743
68 10.37718733480624 -3.0524397429825836
69 10.444803572489317 -3.0744465975371087
70 10.470127554962927 -3.1019571847821164
71 10.498185429534487 -3.122649302029867
72 10.55885904531897 -3.149722510956714
73 10.568195081447131 -3.1758049152558985
74 10.581191612366672 -3.1861219622216987
75 10.644071103583409 -3.2171789343141812
76 10.646737924086944 -3.2521732520164046
77 10.68436622125612 -3.2581300250063308
78 10.637759523379671 -3.2826469331476633
79 10.754671595215097 -3.311536356504132
80 10.747344385031857 -3.325676353507433
81 10.818119733706734 -3.378641158958722
82 10.812051258747614 -3.399692552834054
83 10.833471140995439 -3.4098223512056136
84 10.873435052688778 -3.4395630002803403
85 10.920461515508181 -3.4626452583460714
86 10.88001404271704 -3.490738046384381
87 10.912814667930474 -3.526631151673805
88 10.91021416803954 -3.527862803526669
89 10.925987548963027 -3.5592083184552976
90 11.01674600529483 -3.5664577729777327
91 10.971743468795356 -3.5952850548401676
92 11.014577181922167 -3.618537218695903
93 11.049542085200112 -3.643352479582436
94 11.041203111154868 -3.6542956710854924
95 11.110354794421562 -3.6730678581262826
96 11.00852485242599 -3.6914032885893215
97 11.1606906115234 -3.7314090299347584
98 11.117673255723103 -3.754390612791045
99 11.07866048012911 -3.7899177971277025
100 11.168053753398844 -3.8064658124699573
101 11.165877140014118 -3.828597628424318
102 11.168499829912689 -3.8284938871609175
103 11.100051147223244 -3.869817777170115
104 11.235218177123677 -3.8846164313262004
105 11.227062473826475 -3.893622458656689
106 11.123732643247523 -3.928054109790828
107 11.189812594901303 -3.98401988338437
108 11.306149446926295 -3.948090322580645
109 11.290685213590805 -3.9862122197840972
110 11.156752829943184 -4.006812666362375
111 11.207976540897333 -4.066822386679001
112 11.268202512580016 -4.056406663737725
113 11.249703725432678 -4.085194820365183
114 11.28514493620892 -4.111608567326101
115 11.299223851176544 -4.122951696728829
116 11.218900687228684 -4.119719693496627
117 11.264287474226135 -4.200901134712683
118 11.365804424837911 -4.18844303445389
119 11.393590673362434 -4.203977136405335
120 11.271031073446327 -4.21858552108654
121 11.34074138254704 -4.266973116445973
122 11.400050237148895 -4.263604943348644
123 11.289675112227041 -4.309518912551652
124 11.220243232640252 -4.3109271565413705
125 11.3119779391724 -4.315206757109314
126 11.289900157988175 -4.340302273746494
127 11.316575166056662 -4.426565859985664
128 11.338182321972846 -4.389014033271305
129 11.226072842721079 -4.3963879627562665
130 11.27783553099524 -4.481039574719433
131 11.31313435646361 -4.458788473115674
132 11.420226226993865 -4.494262803130084
133 11.489094630153007 -4.493502568751889
134 11.325416683481981 -4.520066421173576
135 11.368145511732815 -4.532582171314741
136 11.410268948655256 -4.542162494435848
137 11.189645346543335 -4.566183156716679
138 11.242857463978241 -4.595986400939961
139 11.392223064379062 -4.609808995800487
140 11.329521975957926 -4.623050630709413
141 11.26367168761393 -4.684325994517682
142 11.223706342139112 -4.6436322524586275
143 11.223303916858422 -4.6803307654251185
144 11.34863387978142 -4.713574393639817
145 11.220928373481135 -4.730652676337905
146 11.117402710975076 -4.754896553215881
147 11.314318680700174 -4.791945224406115
148 11.342836573074154 -4.804898293329089
149 11.212439347154831 -4.7679817224919425
150 11.156158864736478 -4.845476990808222
151 11.16645185048794 -4.925177425627066
152 11.287533746228362 -4.941708367348211
153 11.267776245814458 -4.953811526919229
154 11.237290969899666 -4.963907499459693
155 11.16015330915064 -4.960666506448771
156 11.18243834178765 -4.922043985361015
157 11.256767842493847 -4.951586235039999
158 11.329302462763604 -5.016286386399388
159 11.222150283733862 -5.001969302483387
160 11.213997046708634 -5.091130773528213
161 11.254365379260967 -5.075232702451133
162 10.933714519093323 -5.034570338935819
163 11.11337246125913 -5.097696107103399
164 11.236840965212494 -5.131767889306673
165 11.173020527859238 -5.124119342897597
166 11.036737094512057 -5.118436594947895
167 10.998759761139182 -5.150806139790844
168 11.08004767580453 -5.114747920400753
169 10.955340276095907 -5.224372860693018
170 11.067863770878267 -5.27993248168182
171 11.269285787268826 -5.1601820339548246
172 11.071881385236024 -5.28110059810766
173 11.018682505399568 -5.304204375032321
174 11.075995635570104 -5.277008016138451
175 11.234290493448563 -5.412867181325047
176 11.010698000701508 -5.206553957624328
177 11.22043362043362 -5.417527988239286
178 11.137577621028516 -5.293107859784606
179 11.21986391160497 -5.314371830446847
180 10.982779436995616 -5.406929099290261
181 11.30197238658777 -5.332635200837759
182 11.024134667387777 -5.481297234026311
183 10.962552488469745 -5.392394494814428
184 11.037429730306696 -5.468489509926307
185 10.882921511627908 -5.493743139407245
186 11.133353266557034 -5.525952914798206
187 10.934718991520972 -5.5308517919815925
188 11.132307213930348 -5.668645344201294
189 11.240710059171597 -5.671097493203563
190 10.94166735520119 -5.559919870560136
191 11.029301589944227 -5.637999621140367
192 11.226165027789653 -5.59807976366322
193 11.027780227533292 -5.785786852755526
194 10.878875793291025 -5.682913415598254
195 10.851904223227752 -5.767714950735899
196 10.992604381202023 -5.671131639722864
197 11.10535150078989 -5.702762290004008
198 10.565372778715378 -5.813468101864006
199 11.219971056439942 -5.849139424742982
200 11.073637702503682 -5.761208423538673
201 10.854033290653009 -5.836897156331244
202 10.455767709863292 -5.982534373838722
203 10.753152334431444 -5.85133856280625
204 11.083371985157699 -5.7808127771320335
205 11.100331674958541 -5.8904568707003
206 10.93265407554672 -5.883354322209229
207 10.933449434009205 -5.799814342074727
208 10.973980125523013 -6.070595650803656
209 11.27124749833222 -5.977064785814694
210 11.248372219207813 -6.000785167924624
211 11.086059939510585 -6.04528924767235
212 11.17358599739621 -5.930507131537243
213 11.115169366715758 -5.996006368223643
214 11.219026217228464 -6.114683460391117
215 10.597655655350891 -6.127023233162403
216 10.301751094434021 -6.138661848633457
217 11.227501216150479 -6.051067207620392
218 11.214595724160104 -6.024096385542169
219 11.399004975124377 -6.149457538346427
220 11.083419868466597 -5.997339077546883
221 10.796790511076225 -6.080308678307501
222 11.189976897103252 -6.1851506264996
223 10.475646309479206 -6.120093871165227
224 10.391204588910133 -6.104552946023897
225 11.046534267912772 -5.9501933378268115
226 11.425371655104064 -6.4581627106359845
227 10.87900933820544 -6.203328402366864
228 10.697757283588347 -6.241442402988488
229 11.422547520209744 -6.335829086632693
230 10.8506151142355 -6.140889830508475
231 11.033072625698324 -6.336011807149885
232 10.709321058688147 -6.41818105686291
233 11.169636493228795 -6.551412332070272
234 11.14620894047913 -6.357644009474013
235 10.939542885229786 -6.365614997713763
236 10.37008072653885 -6.415893298512335
237 10.845759672047143 -6.527487788526003
238 10.483459869848156 -6.623767186513142
239 10.614054656999443 -6.453287197231834
240 11.113583815028901 -6.647967353685624
241 10.587453021104366 -6.243485468580014
242 11.359756097560975 -6.545370671876696
243 10.885047012435548 -6.333184307589136
244 11.279189449983917 -6.445246204468048
245 11.008370895041855 -6.5845732650874895
246 11.25390625 -6.905402131782946
247 10.665562913907285 -6.766716104313435
248 10.308382200758883 -6.518476903870162
249 10.747417171357322 -6.86980166346769
250 10.88495891389782 -6.418688524590164
251 10.925787106446776 -6.62298037121111
252 11.162781811234238 -6.90907843271804
253 10.80366692131398 -6.7347010468629245
254 11.242546333601934 -6.766365280289331
255 10.872168284789645 -6.674190238897846
256 10.681573498964804 -6.616137104724349
257 11.246082168572638 -6.865788865788866
258 10.94133215703573 -7.10707789640174
259 10.324898328061455 -7.074807568954458
260 10.788111217641418 -6.828396491808705
261 10.839277652370203 -6.851728836654743
262 10.629282027217268 -6.642311324804671
263 10.440897755610973 -6.759470033789792
264 11.183514774494556 -6.96844531111505
265 10.891213389121338 -6.623358609210283
266 10.60628662759723 -7.061984673586187
267 10.7194791101465 -6.621427879492396
268 10.0473714615829 -6.94419111816019
269 9.723929747530187 -7.088412106135987
270 10.359781950333131 -6.743106714375921
271 10.766441303011678 -7.36713474112981
272 10.26224426534408 -7.322134387351778
273 10.239321608040202 -7.2437214611872145
274 10.609660574412533 -7.362310385064178
275 11.017627118644068 -7.666262724188075
276 9.970390309555855 -7.114739629302736
277 10.32564841498559 -7.817104256946215
278 10.180440771349863 -7.243633056133056
279 9.729166666666666 -7.191836734693878
280 9.873015873015873 -7.303739539748954
281 9.560092449922958 -6.776101306749292
282 10.472416472416473 -7.433542576419214
283 10.699372056514914 -7.845074415308292
284 11.046341463414635 -7.551257537873217
285 10.053649956024627 -7.6076968973747015
286 9.60483870967742 -7.383989993746091
287 10.259493670886076 -7.4171029668411865
288 9.920112781954888 -7.410923694779116
289 10.6691042047532 -7.892315303430079
290 10.369672943508425 -7.126155426223896
291 11.329857819905213 -7.723023457862728
292 10.078252032520325 -7.550231563947275
293 9.13976377952756 -8.117133503092033
294 10.485714285714286 -7.721137757947574
295 10.215228426395939 -7.559277870835659
296 10.752979414951247 -7.600734015839289
297 9.93939393939394 -6.989664082687338
298 10.826771653543307 -7.666003976143141
299 10.256380510440835 -7.195590614886731
300 10.064903846153847 -7.8873806998939555
301 10.157894736842104 -6.795439450963029
302 11.125 -7.867176947321027
303 11.35323383084577 -7.595352016404648
304 10.223448275862069 -7.924068432153738
305 9.439490445859873 -7.644259644259645
306 9.576976421636616 -7.421396283274737
307 10.97191011235955 -7.738720367066021
308 11.492937853107344 -8.32422171602126
309 11.571205007824727 -7.24712202609363
310 11.7420814479638 -6.922418405564473
311 10.491679273827534 -7.688555858310627
312 9.280952380952382 -8.161407428092712
313 10.529315960912053 -7.405016910935738
314 11.42156862745098 -7.062131919905772
315 10.9104 -8.096629883686251
316 10.611913357400722 -7.818429003021148
317 11.105947955390334 -7.762363519588953
318 10.168278529980658 -7.796019900497512
319 10.380952380952381 -8.364356435643565
320 9.798839458413926 -7.939127375087966
321 9.403930131004367 -8.709386906823692
322 9.840579710144928 -7.84688489968321
323 11.60204081632653 -6.929948109710897
324 9.193899782135077 -7.773211567732115
325 10.443935926773456 -7.510957324106113
326 10.399577167019027 -8.006762132060462
327 9.923747276688454 -9.492295535361517
328 10.112469437652813 -8.172995780590718
329 10.729857819905213 -7.820675105485232
330 9.898795180722892 -7.799752781211372
331 8.815347721822542 -7.460043196544277
332 9.863157894736842 -9.004528985507246
333 9.814323607427056 -7.53215284249767
334 9.689473684210526 -9.396235294117647
335 10.111405835543767 -7.8525
336 10.157458563535911 -8.946122860020141
337 10.122762148337596 -7.9227642276422765
338 10.621794871794872 -7.290435653480221
339 8.720221606648199 -7.920797413793103
340 10.813218390804598 -8.844292477643346
341 10.5 -8.026659412404788
342 10.315492957746478 -8.284240687679084
343 12.435643564356436 -8.5164265129683
344 10.21476510067114 -8.95982958003652
345 10.814569536423841 -9.846014492753623
346 10.144981412639405 -7.741734248284467
347 8.979094076655052 -9.819612590799032
348 10.52808988764045 -7.491054904380013
349 10.532818532818533 -8.130710659898478
350 10.464285714285714 -7.373113854595336
351 10.325301204819278 -8.437818181818182
352 10.328125 -9.516483516483516
353 10.648 -8.73134328358209
354 13.829166666666667 -9.741158765989466
355 12.171052631578947 -8.005162241887906
356 9.648401826484019 -7.681710213776722
357 9.360189573459715 -8.11156351791531
358 10.660550458715596 -8.625862068965517
359 9.115183246073299 -7.826750448833034
360 9.352941176470589 -8.387453874538746
361 10.741116751269036 -9.764192139737991
362 9.267045454545455 -8.356751824817518
363 8.71875 -8.782488479262673
364 10.159763313609467 -6.8215648854961835
365 10.464864864864865 -8.465696465696466
366 10.453947368421053 -9.680084745762711
367 8.647435897435898 -9.659163987138264
368 8.272108843537415 -9.51409978308026
369 10.642857142857142 -9.3495670995671
370 11.222972972972974 -9.28839779005525
371 8.436708860759493 -10.416389811738648
372 11.170731707317072 -8.744483159117305
373 9.471428571428572 -7.95
374 11.327868852459016 -9.052812858783009
375 11.852941176470589 -9.949640287769784
376 8.993506493506494 -10.273657289002557
377 12.638655462184873 -7.640287769784172
378 10.473684210526315 -8.666666666666666
379 10.580645161290322 -8.502680965147453
380 8.363636363636363 -9.40646976090014
381 9.316831683168317 -8.878491620111731
382 9.0 -10.152046783625732
383 11.036764705882353 -8.459785522788204
384 7.168141592920354 -8.324522760646108
385 9.563636363636364 -8.360239162929746
386 11.881818181818181 -7.7328125
387 9.948453608247423 -8.696666666666667
388 10.0 -8.835016835016836
389 8.87378640776699 -9.627697841726619
390 12.438202247191011 -7.534883720930233
391 11.342857142857143 -9.54757281553398
392 10.576923076923077 -7.974683544303797
393 9.89655172413793 -9.34623217922607
394 8.818181818181818 -10.269151138716357
395 10.753086419753087 -7.8099547511312215
396 6.824324324324325 -9.953229398663698
397 10.753424657534246 -10.279826464208243
398 9.397260273972602 -9.947598253275109
399 10.308641975308642 -10.520518358531318
400 9.3125 -9.316279069767441
401 10.271604938271604 -9.106382978723405
402 8.779069767441861 -10.39655172413793
403 8.535211267605634 -8.770454545454545
404 11.818181818181818 -9.720095693779903
405 10.21311475409836 -8.215130023640661
406 10.222222222222221 -9.118203309692671
407 10.988235294117647 -9.526184538653366
408 11.333333333333334 -7.34319526627219
409 15.555555555555555 -11.53943217665615
410 10.529411764705882 -10.405882352941177
411 11.185185185185185 -9.883495145631068
412 11.296296296296296 -9.595959595959595
413 9.363636363636363 -9.067340067340067
414 12.517857142857142 -8.986159169550174
415 9.377777777777778 -11.76079734219269
416 13.102564102564102 -12.41090909090909
417 12.75609756097561 -9.180887372013652
418 7.695652173913044 -6.354948805460751
419 5.035714285714286 -10.267399267399268
420 10.875 -7.503968253968254
421 9.45 -9.564459930313589
422 9.622222222222222 -8.855633802816902
423 6.534883720930233 -9.579365079365079
424 7.3076923076923075 -7.265232974910394
425 14.161290322580646 -8.543478260869565
426 7.675675675675675 -8.836448598130842
427 14.102564102564102 -12.32394366197183
428 10.0625 -11.981308411214954
429 9.393939393939394 -15.61320754716981
430 11.551724137931034 -8.651041666666666
431 10.55 -10.913705583756345
432 14.88888888888889 -11.029126213592233
433 7.515151515151516 -8.171717171717171
434 15.772727272727273 -9.629268292682926
435 7.321428571428571 -10.857142857142858
436 8.355555555555556 -14.005847953216374
437 5.866666666666666 -9.93193717277487
438 9.714285714285714 -9.448051948051948
439 8.75 -15.633333333333333
440 9.344827586206897 -8.203947368421053
441 7.875 -11.371212121212121
442 6.838709677419355 -12.319444444444445
443 10.833333333333334 -8.6
444 8.454545454545455 -9.3841059602649
445 8.653846153846153 -8.598540145985401
446 10.035714285714286 -11.301282051282051
447 10.518518518518519 -6.582608695652174
448 9.695652173913043 -6.58273381294964
449 14.1 -11.756302521008404
450 6.833333333333333 -10.015873015873016
451 16.321428571428573 -12.160839160839162
452 9.380952380952381 -11.007194244604317
453 15.76923076923077 -6.653543307086614
454 12.05 -8.417391304347825
455 6.133333333333334 -7.537037037037037
456 17.625 -6.68141592920354
457 3.5 -16.483333333333334
458 11.96 -7.587628865979381
459 13.0 -10.29896907216495
460 7.866666666666666 -11.409638554216867
461 7.444444444444445 -7.1938775510204085
462 8.9375 -8.072289156626505
463 10.117647058823529 -4.633802816901408
464 10.0625 -9.180722891566266
465 11.0 -7.2439024390243905
466 7.583333333333333 -6.252747252747253
467 12.85 -14.506172839506172
468 6.0 -10.608695652173912
469 12.357142857142858 -8.454545454545455
470 3.4375 -10.909090909090908
471 6.714285714285714 -10.691358024691358
472 7.866666666666666 -15.526315789473685
473 13.181818181818182 -10.211267605633802
474 5.428571428571429 -16.293333333333333
475 5.0 -12.26984126984127
476 19.1 -14.708333333333334
477 9.222222222222221 -7.8
478 12.2 -9.23404255319149
479 14.25 -26.65909090909091
480 9.571428571428571 -12.363636363636363
481 45.0 -17.133333333333333
482 13.25 -7.846153846153846
483 5.0 -17.5
484 5.8 -14.46808510638298
485 9.833333333333334 -21.035087719298247
486 49.333333333333336 -9.530303030303031
487 4.5 -14.4
488 5.5 -7.872340425531915
489 13.0 -5.7555555555555555
490 25.25 -10.75
491 3.2222222222222223 -6.927272727272728
492 7.444444444444445 -20.63888888888889
493 20.666666666666668 -10.97872340425532
494 2.4 -10.686274509803921
495 12.4 -14.314814814814815
496 10.818181818181818 -13.59322033898305
497 8.8 -14.289855072463768
498 3.3333333333333335 -5.132075471698113
499 10.11111111111111 -2.8823529411764706
500 13.714285714285714 -11.325
501 4.0 -8.6
502 9.857142857142858 -13.78048780487805
503 8.285714285714286 -7.40625
504 4.5 -16.84090909090909
505 11.166666666666666 -12.7
506 17.4 -12.75
507 11.0 -11.12
508 12.4 -20.48148148148148
509 2.0 -3.5714285714285716
510 19.857142857142858 -13.379310344827585
511 13.75 -1.9
512 12.714285714285714 -3.8947368421052633
513 8.0 -0.78125
514 3.25 -7.9411764705882355
515 5.333333333333333 -5.923076923076923
516 3.8 -9.48
517 3.8 -24.714285714285715
518 18.625 -18.76923076923077
519 3.0 -8.0
520 2.5 -17.46153846153846
521 4.333333333333333 -9.8
522 4.0 -9.864864864864865
523 13.166666666666666 -6.769230769230769
524 2.6666666666666665 -11.416666666666666
525 5.25 -1.864864864864865
526 16.2 -8.347826086956522
527 5.75 -18.0
528 25.833333333333332 -5.6
529 4.75 -6.409090909090909
530 6.0 -7.2
531 15.0 -5.4
532 9.75 -11.653846153846153
533 0 -4.086956521739131
534 4.25 -8.409090909090908
535 0 -0.7857142857142857
536 5.75 -17.733333333333334
537 6.0 -0.25
538 17.6 -14.9375
539 12.5 -24.416666666666668
540 3.25 -0.5
541 120.0 -23.0
542 47.0 -4.8
543 9.0 -19.785714285714285
544 3.6666666666666665 -8.823529411764707
545 4.5 -4.833333333333333
546 2.0 -4.0
547 3.0 -0.2727272727272727
548 30.5 -18.0
549 2.0 -2.888888888888889
550 7.5 -24.875
551 4.0 -35.63636363636363
552 27.0 0.0
553 13.5 -1.75
554 0 -23.583333333333332
555 6.0 -67.57142857142857
556 4.0 -3.7
557 60.666666666666664 -8.375
558 15.0 -26.571428571428573
559 3.0 -59.285714285714285
560 5.166666666666667 -10.454545454545455
561 7.0 -11.071428571428571
562 5.0 -22.4
563 2.0 -9.333333333333334
564 2.0 -8.227272727272727
565 2.0 -18.470588235294116
566 9.0 -16.875
567 14.166666666666666 -4.625
568 0 -2.1818181818181817
569 11.0 -45.25
570 2.0 -4.285714285714286
571 0 -5.428571428571429
572 5.0 -48.0
573 25.5 -7.0
574 19.5 -0.6
575 0 -16.6
576 4.666666666666667 -2.5454545454545454
577 0 -2.4285714285714284
578 0 -1.75
579 27.0 -231.0
580 5.0 -27.8
581 0 -8.142857142857142
582 4.0 0.0
583 23.5 -15.0
584 2.0 -4.5
585 0 -2.4
586 2.0 -0.6666666666666666
587 4.0 -1.5714285714285714
588 2.0 -13.333333333333334
589 0 -4.0
590 8.0 -4.833333333333333
591 0 0.0
592 5.0 -37.0
593 0 -38.0
594 4.0 -125.0
595 0 -2.0
596 0 -2.0
597 4.0 -47.0
598 14.0 -12.75
599 0 -1.3333333333333333
600 0 -1.3333333333333333
601 6.0 -8.25
602 5.333333333333333 -1.0
603 3.0 -60.0
604 3.0 -1.0
605 0 -1.8333333333333333
606 5.0 -14.25
607 2.0 -4.4
608 4.0 -20.333333333333332
609 0 -10.090909090909092
610 0 0.0
611 4.0 -12.5
612 26.5 -26.714285714285715
613 0 -0.8
614 0 -22.0
615 0 -51.4
616 5.0 0.0
617 0 0.0
618 0 -43.0
619 0 -1.0
620 0 0.0
621 0 0.0
622 0 -65.0
623 0 -9.0
624 0 0.0
625 0 0.0
626 0 0.0
627 25.0 0.0
628 0 0.0
629 0 0
630 0 -131.0
631 0 0.0
632 2.0 0.0
634 0 0
635 17.0 0.0
636 5.0 0
638 0 -7.0
639 0 0.0
640 0 -47.0
641 17.0 -0.6666666666666666
642 0 0.0
643 0 0.0
647 0 0
648 2.5 0.0
649 0 -22.333333333333332
650 0 0.0
651 0 -3.0
652 7.0 -9.2
653 0 -0.8
654 2.0 -25.0
655 0 0.0
656 0 -0.6
658 0 0
659 0 -3.0
660 0 0
661 4.0 0
662 0 -316.0
663 2.0 0
664 2.0 0.0
665 0 -19.0
666 2.0 0.0
667 0 0.0
668 0 0.0
669 0 0.0
670 0 0.0
676 3.0 0
677 0 0.0
678 0 0.0
679 0 -12.5
680 0 0.0
685 0 -124.0
686 8.0 0
687 0 0.0
688 3.0 0.0
689 0 0.0
690 0 -113.5
691 0 0.0
692 0 0
693 0 -7.0
694 0 0
695 0 -14.75
696 0 0.0
697 0 -5.0
698 0 0.0
730 0 -147.0
731 0 0.0
732 0 -1.0
789 0 0
790 4.0 0
791 0 0
792 2.0 0
793 0 -2.0
794 0 0.0
795 0 0
796 0 -317.0
