0 0.2520599365234375
1 0.2431488037109375
2 0.2447052001953125
3 0.2625885009765625
4 0.252532958984375
5 0.238525390625
6 0.2450408935546875
7 0.248870849609375
8 0.22869873046875
9 0.2510528564453125
10 0.2521514892578125
11 0.2596435546875
12 0.2433013916015625
13 0.2486724853515625
14 0.2545318603515625
15 0.24591064453125
16 0.253143310546875
17 0.258453369140625
18 0.2548675537109375
19 0.2427520751953125
20 0.2565460205078125
21 0.2549591064453125
22 0.2474822998046875
23 0.2519378662109375
24 0.2419586181640625
25 0.2313690185546875
26 0.2577667236328125
27 0.25006103515625
28 0.251220703125
29 0.2449493408203125
30 0.233367919921875
31 0.2591552734375
32 0.2381591796875
33 0.2469024658203125
34 0.242431640625
35 0.2443695068359375
36 0.2397308349609375
37 0.2517852783203125
38 0.256500244140625
39 0.254425048828125
40 0.235595703125
41 0.2528076171875
42 0.26507568359375
43 0.24993896484375
44 0.2422332763671875
45 0.2465362548828125
46 0.2534942626953125
47 0.2437744140625
48 0.237213134765625
49 0.2438201904296875
50 0.2495574951171875
51 0.2568206787109375
52 0.260955810546875
53 0.242095947265625
54 0.2470855712890625
55 0.24591064453125
56 0.2332611083984375
57 0.2611236572265625
58 0.246551513671875
59 0.2420501708984375
60 0.250274658203125
61 0.2424468994140625
62 0.23638916015625
63 0.2466583251953125
