1 14414165 27978170 2774162 27978170
2 12673643 17230025 3353793 17230025
3 11653579 10628020 3612499 15184119
4 10458036 8953048 3494147 13369276
5 9462001 7766419 3326446 12045062
6 8636106 6958708 3130641 10995881
7 7957766 6347440 2943762 10146789
8 7395698 5870419 2767298 9435828
9 6917631 5487643 2608029 8843894
10 6494647 5172632 2456892 8335575
11 6132031 4891479 2325281 7868783
12 5807883 4648502 2201067 7470808
13 5513370 4433935 2093090 7109645
14 5249258 4236537 1985886 6775750
15 5006068 4059486 1884854 6478751
16 4791235 3889926 1796627 6193119
17 4584879 3740294 1713322 5939882
18 4395851 3596565 1638430 5697133
19 4223682 3464478 1563625 5475373
20 4066489 3344217 1496941 5270868
21 3915556 3230149 1434461 5078610
22 3768870 3119894 1374775 4893202
23 3636398 3015398 1316603 4720277
24 3505352 2918045 1264875 4556884
25 3384936 2821051 1216233 4397939
26 3272154 2732421 1166306 4250902
27 3160533 2649224 1123175 4112860
28 3057602 2563772 1081185 3974675
29 2959220 2487598 1039799 3848705
30 2865708 2411972 1001723 3726178
31 2776000 2339119 966611 3610564
32 2687894 2273978 930323 3498879
33 2606457 2205873 894562 3390555
34 2525850 2140660 865312 3284819
35 2450090 2078531 832999 3184286
36 2376793 2019344 807106 3090208
37 2306592 1961978 780804 2997515
38 2237564 1909145 752598 2911623
39 2171779 1855268 728042 2827343
40 2110374 1803920 703034 2746433
41 2053991 1756209 679423 2667633
42 1992064 1708784 658178 2591420
43 1936084 1660274 636751 2518227
44 1880750 1616283 615080 2447314
45 1827523 1571375 596240 2377730
46 1775642 1529123 577193 2310620
47 1726652 1486838 556838 2246031
48 1677842 1446463 541743 2184003
49 1631466 1408057 523656 2122989
50 1588629 1369617 506287 2063746
51 1545354 1335369 491768 2010374
52 1504534 1301497 476438 1955958
53 1464782 1268269 462736 1903502
54 1427183 1236347 447022 1854261
55 1388557 1205001 434939 1804193
56 1349957 1173391 421191 1755211
57 1315130 1139339 410181 1706042
58 1279941 1112653 396158 1663740
59 1246418 1084041 384330 1619492
60 1215721 1055346 373657 1576839
61 1182808 1030388 362493 1536575
62 1153327 1002736 352651 1495345
63 1123375 979142 342715 1458945
64 1093249 954550 332062 1420805
65 1065035 928739 321772 1382292
66 1038510 905419 312703 1345976
67 1010394 882172 304187 1311675
68 981769 860738 295108 1279602
69 959518 837902 286187 1243173
70 935175 818802 278233 1214755
71 910175 798366 270863 1182787
72 885931 777146 262517 1151577
73 865399 757874 255319 1122261
74 842874 740475 247698 1095126
75 821956 719940 240888 1064385
76 799280 701912 234268 1039226
77 779977 684801 228179 1010944
78 760091 667398 221560 985261
79 741231 650029 215344 961066
80 723632 635450 208897 937010
81 704575 619237 203535 914338
82 687537 603484 198054 889909
83 668975 589388 192297 869018
84 652423 573849 187706 845401
85 635888 560555 180969 825598
86 620917 546090 176604 804150
87 605273 533069 171967 785396
88 588819 519783 167532 764801
89 575130 506806 162878 744946
90 562017 494882 159023 726845
91 548443 483966 154336 710337
92 534641 472370 150372 693200
93 521391 459886 146643 675154
94 509367 449776 142198 660281
95 497161 438589 138390 642797
96 484322 429061 135017 627868
97 472617 417722 131246 612031
98 461671 407258 127990 596386
99 450089 397802 123925 582948
100 439335 387564 120997 567941
101 428880 378971 117581 555074
102 416302 371143 114647 542383
103 406640 360336 111443 526608
104 396781 351765 108444 514432
105 388097 342936 105068 500867
106 376893 334800 103562 488784
107 367945 326029 100104 476780
108 358880 318739 98269 465000
109 349789 311178 95182 453445
110 341966 303479 92228 442558
111 333046 296549 89688 432400
112 325220 288964 87639 421085
113 317485 282093 85225 410917
114 311330 275124 83554 401152
115 303167 269481 81170 392520
116 295709 262132 79013 381725
117 287357 256495 77113 373751
118 280872 249516 74805 363123
119 273817 243419 73081 354275
120 266765 238042 70800 345979
121 261640 231621 69249 337195
122 254065 227562 67679 330707
123 247916 220649 65715 320898
124 243208 215412 63725 313604
125 236970 211193 62373 306640
126 231331 205832 61397 298802
127 225188 201396 59016 292970
128 219376 196729 57744 285892
129 214446 191591 56066 277738
130 209149 186419 54831 270880
131 204489 182100 53105 264113
132 199529 177717 52160 258140
133 195398 173378 51305 251484
134 190702 169909 49558 246307
135 186597 165950 48326 240960
136 181011 163138 47035 235885
137 177209 157876 45622 228744
138 171995 154315 44487 223839
139 168522 149919 43539 217168
140 163477 147197 42592 212697
141 160224 142717 41692 206482
142 157273 140124 40428 202552
143 153289 137215 39547 198086
144 149703 133474 38430 193202
145 146101 130402 37528 189083
146 142142 127739 36592 184926
147 139275 124316 35534 179496
148 136428 121578 34725 175898
149 132962 118969 34005 171577
150 130238 116080 33261 168085
151 127259 114004 32586 164576
152 123348 111393 31485 160469
153 120937 107773 30462 155948
154 119103 105293 29900 152691
155 116185 103815 29222 149796
156 113374 101452 28585 146185
157 109665 98640 28037 142129
158 107281 95796 27124 138582
159 104797 94080 26257 135581
160 101860 91655 25734 132458
161 99657 89285 25141 128920
162 97248 87145 24485 125599
163 95105 85224 23683 123096
164 92968 83395 23083 120477
165 90496 81338 22506 117242
166 88185 79236 22103 114289
167 86140 77282 21770 111209
168 84543 75664 20975 108795
169 82335 73980 20645 106635
170 80702 72097 19937 104268
171 78969 70898 19574 101959
172 76700 69444 19087 99982
173 74753 67133 18520 96685
174 73324 65524 18330 94185
175 72296 64101 17935 92359
176 70475 63421 17106 91090
177 68758 61685 16835 88430
178 66672 59836 16587 85982
179 64668 58164 16019 83608
180 63559 56747 15737 82002
181 62381 56134 15210 80214
182 60600 54546 14792 78598
183 59215 53354 14527 76655
184 57841 51820 14053 74499
185 56755 50604 13760 72880
186 55016 49681 13378 71360
187 53887 47714 13327 68667
188 52938 46958 12864 67722
189 51445 46210 12675 66579
190 50383 45128 12103 64895
191 48526 44064 12013 63348
192 47341 42671 11695 60930
193 46006 41623 11339 60043
194 45364 40561 11030 58186
195 44722 39678 10608 57141
196 43649 39388 10682 56290
197 42331 38322 10128 54882
198 41126 37089 10073 53326
199 40162 36100 9674 51942
200 39442 35384 9506 50810
201 38170 34509 9372 49619
202 37769 33485 8851 48438
203 36831 33102 8803 47551
204 35659 32380 8624 46458
205 34726 31532 8442 45352
206 34028 30971 8048 44468
207 32689 30206 8039 43090
208 32293 28775 7648 41249
209 31115 28212 7495 40549
210 30538 27452 7372 39482
211 29922 27010 7274 38773
212 29338 26466 6913 37860
213 28714 25876 6790 37059
214 27836 25219 6675 36204
215 27667 24318 6569 34907
216 27257 24261 6396 34869
217 26479 23884 6167 34014
218 25736 23095 6221 33034
219 25225 22429 6030 32076
220 24498 22069 5778 31568
221 23953 21363 5733 30582
222 23357 20970 5627 30008
223 22983 20545 5338 29402
224 22361 20299 5230 29124
225 21935 19847 5136 28189
226 21427 19343 5045 27595
227 20886 18996 4926 27040
228 20262 18399 4771 26234
229 19549 17822 4577 25510
230 19437 17247 4552 24544
231 19004 16980 4475 24392
232 18283 16660 4345 23882
233 17729 16087 4209 23224
234 17293 15711 4049 22377
235 16967 15251 4069 21870
236 16428 15011 3964 21443
237 16134 14539 3903 20882
238 15727 14405 3688 20583
239 15147 13898 3586 19941
240 15304 13449 3460 19359
241 14660 13605 3459 19303
242 14196 12898 3280 18426
243 13904 12575 3297 17894
244 13412 12181 3109 17323
245 13165 11638 3106 16802
246 12801 11491 3072 16512
247 12638 11267 3020 16182
248 12255 11266 2899 16020
249 12105 10894 2807 15630
250 11786 10696 2799 15250
251 11447 10393 2668 14978
252 11294 10218 2617 14573
253 10873 10033 2618 14233
254 10832 9663 2482 13825
255 10488 9573 2472 13646
256 10427 9358 2415 13187
257 10066 9102 2361 12987
258 9908 8785 2267 12645
259 9604 8704 2213 12472
260 9333 8493 2086 12086
261 9209 8183 2215 11742
262 8880 8234 2131 11647
263 8951 7919 2005 11246
264 8538 7953 1929 11282
265 8261 7632 1912 10814
266 8129 7272 1877 10309
267 8004 7187 1843 10323
268 7690 7133 1731 10088
269 7519 6746 1822 9648
270 7415 6701 1651 9502
271 7160 6535 1627 9329
272 6972 6341 1613 9108
273 6770 6182 1592 8760
274 6495 6038 1532 8570
275 6279 5762 1475 8252
276 6164 5560 1486 7931
277 6152 5474 1388 7846
278 6107 5425 1452 7696
279 6046 5317 1440 7595
280 5922 5342 1323 7648
281 5823 5200 1298 7423
282 5591 5153 1287 7328
283 5381 4963 1274 7055
284 5228 4765 1230 6799
285 5044 4621 1137 6704
286 4970 4438 1116 6396
287 4966 4420 1106 6303
288 4799 4325 1064 6225
289 4697 4229 1094 6064
290 4658 4151 1009 5842
291 4498 4073 1055 5755
292 4405 3937 984 5614
293 4286 3817 1016 5498
294 4222 3711 1015 5379
295 4083 3748 985 5373
296 4044 3649 923 5177
297 4022 3573 924 5031
298 3933 3543 889 5030
299 3799 3478 862 4944
300 3618 3286 832 4715
301 3574 3145 855 4517
302 3491 3128 832 4442
303 3386 3094 804 4389
304 3444 2998 725 4267
305 3189 3031 785 4329
306 3077 2856 721 3982
307 3035 2765 712 3923
308 3019 2704 708 3951
309 3000 2764 639 3909
310 2936 2669 663 3738
311 2813 2581 661 3670
312 2760 2494 630 3581
313 2759 2498 614 3548
314 2661 2424 612 3396
315 2559 2317 625 3353
316 2365 2342 554 3310
317 2343 2143 538 3114
318 2382 2121 517 3015
319 2241 2103 525 3030
320 2308 1994 517 2842
321 2236 2015 458 2887
322 2156 2010 483 2841
323 2043 1930 490 2698
324 2047 1864 459 2628
325 2020 1859 437 2601
326 2003 1789 473 2514
327 1850 1767 459 2531
328 1925 1659 409 2370
329 1913 1700 422 2370
330 1878 1697 415 2427
331 1747 1679 417 2315
332 1732 1540 380 2208
333 1691 1526 377 2146
334 1643 1469 380 2125
335 1596 1430 377 2000
336 1552 1379 362 1986
337 1590 1391 391 1968
338 1537 1413 312 1997
339 1578 1284 361 1856
340 1485 1310 348 1901
341 1412 1271 298 1838
342 1396 1229 355 1745
343 1312 1235 303 1735
344 1299 1150 298 1643
345 1291 1162 302 1656
346 1317 1143 269 1603
347 1296 1152 287 1652
348 1212 1155 267 1621
349 1149 1085 259 1576
350 1138 1044 224 1458
351 1120 968 249 1375
352 1090 931 256 1365
353 1057 961 250 1340
354 1127 927 240 1329
355 1011 966 228 1356
356 963 879 219 1263
357 936 875 211 1228
358 879 828 218 1160
359 865 793 191 1114
360 919 761 204 1084
361 855 809 197 1145
362 853 760 176 1096
363 821 762 192 1085
364 773 765 169 1048
365 725 687 185 962
366 738 639 152 944
367 753 657 156 933
368 734 655 147 922
369 693 639 154 924
370 701 619 148 905
371 644 627 158 903
372 660 621 164 861
373 673 603 140 840
374 652 610 122 871
375 597 591 136 834
376 638 542 154 782
377 604 608 119 834
378 608 561 114 759
379 558 521 124 746
380 563 500 132 711
381 547 479 101 716
382 620 477 113 684
383 540 526 136 746
384 533 491 113 681
385 521 474 110 669
386 476 466 110 640
387 482 412 97 600
388 450 416 99 594
389 421 392 103 556
390 416 379 89 516
391 370 357 105 515
392 368 347 78 474
393 369 344 87 491
394 351 338 77 483
395 347 313 81 442
396 372 312 74 449
397 386 325 73 461
398 398 322 73 458
399 387 327 81 463
400 329 304 80 430
401 312 283 81 423
402 341 291 86 406
403 337 321 71 440
404 343 300 66 418
405 340 299 61 423
406 319 295 63 423
407 255 297 85 401
408 235 244 48 338
409 255 207 54 317
410 227 231 51 340
411 217 214 54 309
412 221 209 54 297
413 226 219 55 297
414 223 211 56 289
415 222 202 45 301
416 231 188 39 275
417 231 198 41 293
418 225 215 46 293
419 211 199 56 273
420 224 191 56 252
421 216 203 40 287
422 205 201 45 284
423 206 177 43 252
424 171 191 39 279
425 180 164 31 230
426 172 155 37 214
427 163 147 39 213
428 146 152 32 214
429 145 143 33 212
430 152 139 29 192
431 174 140 40 197
432 170 155 36 206
433 172 143 33 198
434 161 144 22 205
435 140 131 28 182
436 144 113 45 171
437 121 140 30 191
438 109 120 35 154
439 126 95 20 150
440 106 107 29 152
441 97 90 32 132
442 105 94 31 144
443 109 100 18 140
444 111 105 22 151
445 126 100 26 137
446 98 110 28 156
447 103 89 27 115
448 105 96 23 139
449 99 82 20 119
450 104 79 12 126
451 96 100 28 143
452 89 102 21 139
453 87 94 13 127
454 75 85 20 115
455 84 74 15 108
456 82 83 24 113
457 78 83 6 120
458 73 73 25 97
459 65 65 18 97
460 79 53 15 83
461 75 72 18 98
462 60 60 16 83
463 67 43 17 71
464 66 54 16 83
465 73 64 16 82
466 68 66 12 91
467 70 55 20 81
468 57 61 10 92
469 62 48 14 66
470 58 59 16 77
471 62 57 14 81
472 59 50 15 76
473 59 55 11 71
474 58 44 7 75
475 46 47 6 63
476 34 33 10 48
477 36 24 9 40
478 37 31 15 47
479 45 29 4 44
480 37 35 7 55
481 45 29 8 45
482 38 41 8 52
483 39 34 14 46
484 43 36 10 47
485 52 36 12 57
486 46 47 9 66
487 42 41 8 60
488 34 33 6 47
489 38 28 7 45
490 49 42 8 56
491 31 46 9 55
492 33 21 9 36
493 43 30 6 47
494 49 36 5 51
495 53 40 10 54
496 53 40 11 59
497 42 52 5 69
498 45 39 6 53
499 41 39 9 51
500 26 34 7 40
501 34 21 5 35
502 26 30 7 41
503 30 23 7 32
504 23 29 6 44
505 18 19 12 30
506 10 20 5 32
507 14 15 3 25
508 15 13 5 27
509 23 18 2 28
510 24 19 7 29
511 16 25 4 30
512 27 14 7 19
513 15 26 6 32
514 19 11 4 17
515 18 18 3 26
516 20 15 5 25
517 19 18 5 28
518 22 18 8 26
519 19 27 4 35
520 18 16 2 26
521 20 16 3 25
522 22 25 6 37
523 26 21 6 26
524 30 24 6 36
525 22 31 4 37
526 15 18 5 23
527 22 10 4 17
528 29 13 6 20
529 28 18 4 22
530 22 14 2 25
531 23 11 3 20
532 20 16 4 26
533 23 16 0 23
534 12 16 4 22
535 13 11 0 14
536 14 11 4 15
537 10 11 6 12
538 2 10 5 16
539 11 7 2 12
540 11 13 4 16
541 14 8 1 13
542 14 10 1 15
543 14 10 2 14
544 15 12 3 17
545 10 14 2 18
546 13 10 1 12
547 10 10 4 11
548 8 5 2 10
549 7 4 1 9
550 6 6 4 8
551 5 6 2 11
552 6 5 2 5
553 9 6 2 8
554 4 8 0 12
555 10 5 2 7
556 5 9 3 10
557 5 6 3 8
558 5 6 2 7
559 10 4 3 7
560 8 7 6 11
561 9 11 3 14
562 8 12 5 15
563 15 10 4 12
564 16 15 2 22
565 14 13 1 17
566 13 5 2 8
567 12 3 6 8
568 9 7 0 11
569 6 6 3 12
570 6 5 1 7
571 3 6 0 7
572 3 1 1 3
573 5 1 2 2
574 6 4 2 5
575 8 6 0 10
576 6 10 3 11
577 5 6 0 7
578 0 5 0 8
579 3 0 1 1
580 4 1 1 5
581 2 5 0 7
582 3 1 2 1
583 2 1 2 4
584 2 2 2 6
585 3 4 0 5
586 5 2 2 3
587 2 5 1 7
588 4 3 1 6
589 6 4 0 5
590 3 4 2 6
591 2 3 0 3
592 2 0 1 1
593 1 0 0 4
594 1 1 1 2
595 1 0 0 1
596 3 1 0 2
597 4 3 1 4
598 3 2 1 4
599 1 1 0 3
600 2 1 0 3
601 7 3 1 4
602 7 7 3 8
603 5 3 2 4
604 3 3 2 5
605 3 2 0 6
606 3 4 1 8
607 8 3 1 5
608 11 8 1 12
609 8 10 0 11
610 8 4 0 4
611 8 2 1 4
612 8 3 2 7
613 3 4 0 5
614 4 0 0 2
615 3 2 0 5
616 2 2 1 2
617 3 1 0 1
618 2 2 0 4
619 2 2 0 3
620 4 2 0 2
621 2 4 0 4
622 1 0 0 1
623 0 0 0 2
624 0 1 0 1
625 0 1 0 1
626 0 1 0 1
627 0 1 1 1
628 0 1 0 1
629 2 0 0 0
630 2 1 0 2
631 2 2 0 2
632 0 1 1 1
634 2 0 0 0
635 0 1 1 1
636 0 0 1 0
638 0 0 0 1
639 1 1 0 1
640 2 0 0 1
641 0 2 1 3
642 1 1 0 1
643 0 1 0 1
647 2 0 0 0
648 1 1 2 1
649 3 2 0 3
650 1 4 0 4
651 5 0 0 2
652 4 3 1 5
653 2 3 0 5
654 3 2 1 3
655 3 4 0 4
656 0 4 0 5
658 1 0 0 0
659 1 0 0 1
660 1 0 0 0
661 1 0 1 0
662 0 0 0 1
663 1 0 1 0
664 1 1 1 1
665 2 2 0 4
666 1 3 1 3
667 1 2 0 2
668 4 2 0 2
669 1 4 0 4
670 0 1 0 1
676 0 0 1 0
677 0 1 0 1
678 1 1 0 1
679 1 1 0 2
680 0 1 0 1
685 0 0 0 1
686 1 0 1 0
687 1 1 0 1
688 0 1 1 1
689 1 1 0 1
690 1 1 0 2
691 0 2 0 2
692 2 0 0 0
693 1 0 0 1
694 4 0 0 0
695 1 2 0 4
696 0 1 0 1
697 0 0 0 1
698 0 1 0 1
730 1 0 0 1
731 1 1 0 1
732 0 1 0 2
789 1 0 0 0
790 0 0 1 0
791 1 0 0 0
792 0 0 1 0
793 0 0 0 1
794 1 1 0 1
795 1 0 0 0
796 0 0 0 1
