1 -0.1711982758744855 1.158191615752124 45128965
2 0.09727464357093987 1.449903362863162 33230736
3 0.047622173305874885 2.2250695150388977 30454259
4 0.083888404633773 2.731968569077239 27319163
5 0.10064442192592903 3.313781482764447 24833885
6 0.12052470254133853 3.8689120362086316 22768710
7 0.12431796313010814 4.528068015394999 21058429
8 0.13579605849534512 5.146585066046435 19608603
9 0.1394539097822218 5.8535648210977 18367954
10 0.14692777666921017 6.527852413666072 17284567
11 0.14805830623005373 7.272171041288192 16330742
12 0.1517156168456573 7.9820927009093365 15476416
13 0.153105079244077 8.779640906095922 14699963
14 0.1545716992434755 9.52228602292132 13999018
15 0.1535608605081724 10.337339152365345 13361686
16 0.15460696786774875 11.12011034034404 12766488
17 0.15431828514726925 11.962789558804827 12231441
18 0.15166074898133275 12.759856956445201 11723897
19 0.14935089932411666 13.619466426574663 11247947
20 0.14571232987689323 14.464381912311447 10813052
21 0.14216334577150547 15.345767294727226 10399706
22 0.1411549823811034 16.213608913379247 10014248
23 0.1367147405563003 17.123942574455434 9652017
24 0.1327463306960673 18.006807001854803 9303195
25 0.12884065569591652 18.91733431047947 8975746
26 0.12309942309506396 19.790206505599446 8671446
27 0.11709260051389747 20.699416579486268 8376379
28 0.11229904142311324 21.679982806163714 8100550
29 0.10446895965945141 22.59803579887628 7831599
30 0.10123629697902775 23.499175981139768 7574151
31 0.09041634205863343 24.385476557983125 7324218
32 0.08776987506163446 25.35890039691382 7092217
33 0.0803798171019259 26.32704584734916 6872571
34 0.07158488299133078 27.217825361693574 6660233
35 0.06395965668106865 28.211652965670527 6458368
36 0.05580911673677858 29.079387066310144 6262131
37 0.04731785648576633 30.015297426284253 6071133
38 0.040424086162998994 31.057112698875198 5891067
39 0.032742007723048396 32.040655080410616 5713547
40 0.019226981267257783 32.93211412132921 5543876
41 0.011692873914356515 33.934311017450916 5384134
42 0.006370034342976704 34.93539209217858 5231055
43 -0.005287544289997274 35.84719960293545 5081565
44 -0.01355597011824226 36.8302870377725 4933177
45 -0.024246317256967777 37.72899321843124 4788686
46 -0.0320603193186151 38.88497422311983 4655225
47 -0.04543275590112642 39.694888038480556 4524687
48 -0.05336116963387899 40.64975979408799 4398573
49 -0.061157853993037484 41.751021498751534 4275755
50 -0.07660210249905401 42.50484918231847 4157053
51 -0.08211123970048567 43.614026197806616 4043880
52 -0.09327724386668645 44.48510474425633 3934904
53 -0.1050809095567318 45.64020114135991 3827051
54 -0.11215064587561288 46.282638260313156 3719292
55 -0.13091936011457467 47.178421034279104 3619648
56 -0.13678780126817489 48.38456568537234 3522858
57 -0.15115470443241982 49.231119411218664 3428150
58 -0.16410920679555338 50.30031134069181 3334298
59 -0.17257826642398774 51.30911618652769 3243792
60 -0.18272510083350205 52.25399035826167 3156441
61 -0.18856030563805654 53.330817535883455 3073701
62 -0.20736755229766776 54.24833944991991 2991577
63 -0.22059708526433083 54.95430859878421 2911276
64 -0.23055112991133395 56.0442815050237 2836373
65 -0.23808254734635148 57.22221545817298 2765419
66 -0.2487265009546603 57.75614451631091 2694152
67 -0.262127738098733 58.87284135598675 2622851
68 -0.27703729214199896 59.94101193577881 2555230
69 -0.28670765315233426 60.75274379550487 2486348
70 -0.29379889842745094 61.5484982742877 2423263
71 -0.3224476479116292 62.40954053712369 2363134
72 -0.32574269945565576 63.774250173090884 2301301
73 -0.3397561713601761 64.32331548028947 2240754
74 -0.347248744599016 65.55148463961577 2183167
75 -0.35458333196127306 66.7628491652629 2125757
76 -0.37331916162982315 67.4093944898869 2071734
77 -0.38668928242016287 68.29969041532345 2019831
78 -0.39814403500086915 69.55830763643942 1967494
79 -0.4165899761894328 69.96134633567404 1916796
80 -0.4223593635177492 71.0485347966623 1867012
81 -0.4402882392002451 72.28007803971009 1817657
82 -0.45204273665072886 73.1219827543242 1770003
83 -0.46442349589069 73.94406784919977 1728149
84 -0.4741316055679827 75.01622366568574 1684488
85 -0.4940679354296157 75.78019539048523 1642177
86 -0.4999450065992081 76.6577285676671 1600192
87 -0.5069825840784649 77.39762264493466 1560239
88 -0.5176658031802385 78.75148477056923 1523282
89 -0.5295099307408305 79.7146184497518 1484280
90 -0.5540350799608625 79.83061378424065 1447208
91 -0.5498707893185837 81.96155995751117 1411648
92 -0.5793803267368115 81.6247251172791 1375725
93 -0.5800664882617143 83.06296914779098 1341891
94 -0.5845596066188329 84.26123504124347 1314552
95 -0.6084936764309287 84.85965421461881 1282978
96 -0.6378852244442366 86.37285328547443 1250667
97 -0.6358031734097451 87.18178535184566 1218311
98 -0.6537960303908198 88.22148796276016 1187069
99 -0.6663801245376154 88.01425335855376 1155153
100 -0.6824021808652669 90.48865117420691 1127259
101 -0.6848762594773681 91.14066517593265 1098670
102 -0.7171570058061202 91.02210504648839 1072489
103 -0.7104350522211951 92.78635594772061 1044978
104 -0.7245748468151108 93.65795429074704 1017398
105 -0.7479731976421986 94.85794961622308 992450
106 -0.7502416522709111 95.55613648005153 967299
107 -0.7630918044282123 97.13670064213741 944083
108 -0.7739234967943164 98.01214375696135 923360
109 -0.8046649011566165 97.12359797433881 900212
110 -0.788834628266686 99.77049213284523 878681
111 -0.8158326707532894 100.5214417190258 857758
112 -0.8308923746443174 101.48059604576089 836420
113 -0.8226370303520038 101.1427728269742 815531
114 -0.8575080185530016 102.781622227687 795343
115 -0.8506943819010393 104.90422413757787 777238
116 -0.8741856607677518 104.66513481906594 757823
117 -0.9155137376036416 104.66043421782396 738120
118 -0.9017749151464169 106.67815756936635 716823
119 -0.9190257011349667 108.22888867030534 699580
120 -0.9302979284093404 108.17702799092588 683050
121 -0.9423533849615043 110.14259201145438 665399
122 -0.95205946304378 110.34127908626478 648470
123 -0.9612642926375679 112.27293229806116 634505
124 -0.9855032231199543 113.69136742925569 619586
125 -1.0038329070871561 114.2846495765792 604502
126 -0.9934434774955911 114.56692290334689 590862
127 -1.0259684513641127 114.27571065510361 575429
128 -1.0072575688747563 115.32508148362466 561345
129 -1.0336140439311172 116.87799895028657 547539
130 -1.070559965592363 118.44528927954221 534765
131 -1.0474556255983307 120.02723492144153 523331
132 -1.1006988763165106 121.08167123642666 510820
133 -1.0824138707498312 122.92497945544328 497392
134 -1.0933782331919386 122.69265584967881 484931
135 -1.121264176928919 123.73391541321097 472687
136 -1.1179901757913644 125.48996220247314 461513
137 -1.092652528649312 126.23928472790779 451407
138 -1.1344163152091125 125.90645661766649 439835
139 -1.1384718992202902 127.45314556390383 429134
140 -1.1791573136898954 128.38667803293 419207
141 -1.1486850061569571 129.27327154038892 408481
142 -1.208857754993884 130.88445003719562 398137
143 -1.236648518563371 131.9590559893768 388103
144 -1.2432362507392076 133.8093407916846 378784
145 -1.2101368238349124 130.26217391953338 369307
146 -1.2498370867802826 134.12665116920718 362156
147 -1.2302583964717857 133.09738009945764 353720
148 -1.2322019399457742 137.23514345155687 344855
149 -1.2735032334845953 139.33419189307358 336943
150 -1.3218953802080013 137.87609778584346 329517
151 -1.3006877981132192 139.4689221458945 321606
152 -1.3359263618183732 138.68967153006807 313533
153 -1.3268068861009763 140.0897686291392 307518
154 -1.3486875647720191 142.40458081435327 300091
155 -1.3262550372242332 141.16129739283778 292820
156 -1.3663872475881322 142.53555237111783 286189
157 -1.3677776583163102 144.73667913046455 279030
158 -1.3868862556461548 148.58808158885762 272752
159 -1.3748390254923373 148.44245415051893 265570
160 -1.3867198532854086 149.29193245603133 258461
161 -1.3875245676294157 149.676615912564 253891
162 -1.4480701726006568 149.20258067165406 247276
163 -1.485719265917976 151.483066145446 240954
164 -1.448825987971049 153.22331251050892 235432
165 -1.3929451585747248 156.62648901938434 229261
166 -1.4939965158350828 157.4083613823368 223870
167 -1.469065486028762 154.72693237990745 218413
168 -1.5136481314723098 154.47986346184544 213216
169 -1.4835738719348144 156.59962659554006 208144
170 -1.5195243680405945 159.81171582082447 203771
171 -1.5505370407548684 161.18604339031154 199240
172 -1.4824984075451537 161.83236969693678 194668
173 -1.5291354926161846 160.0749758493808 188859
174 -1.6518978441701733 164.02345613230855 184894
175 -1.5719965322834473 161.54789947128586 181099
176 -1.54696890957567 166.24245281650485 177032
177 -1.5831729351991537 167.52078162231345 173007
178 -1.580162236632699 165.6316823438835 168396
179 -1.599844529062741 167.79245548165358 164661
180 -1.6584294650788622 170.93811220412132 160977
181 -1.625089235633063 170.68848635681516 156888
182 -1.5953951665578054 174.10892558612852 153100
183 -1.7124718001956518 172.83472827134005 150267
184 -1.73611537909983 171.3689141090125 146439
185 -1.6528808914614879 174.7438746664795 143046
186 -1.6385175532181497 175.16824394310248 139661
187 -1.6376407175954824 170.17170125968005 136177
188 -1.6864801512287335 180.01164501334418 132250
189 -1.7496806657634991 178.97243931609083 129175
190 -1.7391135179773853 182.74244178984304 125936
191 -1.8199510803098247 184.29606978725954 122650
192 -1.8223023392303177 183.29594828163766 119270
193 -1.7962626081460795 182.79994097589767 117087
194 -1.7816392353614727 177.49476712749868 114407
195 -1.8063760967851463 181.4816592507835 111918
196 -1.8136516905130775 187.59729426321178 109730
197 -1.8229750097690776 194.8838548874203 107482
198 -1.8192339566207218 191.53336513842066 104981
199 -1.8829826648207009 192.0271543775168 102566
200 -1.8006279592328063 190.75680083230844 99688
201 -1.8456998920474992 197.56048453163103 97265
202 -1.9058350270110889 189.05807598501858 94961
203 -1.9063406011877175 195.8705603357988 92783
204 -1.8955391069428276 203.19553181482445 91058
205 -1.9128424926508538 197.19181743780197 89126
206 -1.834262597224959 196.0823537219224 86269
207 -1.909917472628816 208.33292726754848 84578
208 -1.9705390469727084 202.52825828743158 82516
209 -1.865441604979603 200.56320034484082 80649
210 -1.9139754690677477 201.77634131018013 78187
211 -1.9265305049549195 196.92193847800243 76086
212 -2.040434875749786 206.59034615118435 74688
213 -2.0769711375212223 206.74095224624716 73625
214 -1.9907142757553364 211.4531688776634 71723
215 -2.0673947941749797 214.9607874578105 69768
216 -1.9377104874446085 221.03119128874118 67700
217 -2.150923284792073 211.84474608083326 66610
218 -1.965504496735247 208.68910096308153 64936
219 -2.0340251572327044 213.13947703027864 63600
220 -2.058794339864259 217.68845397588223 62472
221 -2.0640364435044334 224.75987806253173 61465
222 -1.9825041736227045 207.91568161526783 59900
223 -1.914565299209635 210.9921079517854 58454
224 -2.079720599619959 217.35816334584788 56836
225 -2.036962657403387 220.3155299352936 55272
226 -2.180553224031485 230.82081751791983 53613
227 -2.128121006351689 220.80503981540048 52427
228 -2.233797068461433 230.88200490278484 50963
229 -2.195159393129847 237.80199304999573 50159
230 -2.133220635858164 220.59622818477138 49099
231 -2.0763153506211958 223.97307218801058 47972
232 -2.2368696023030172 233.5790533087757 46895
233 -2.1698245922539234 231.98887480546267 45494
234 -2.1086452542258436 228.72443986402527 44429
235 -2.277161914057961 241.32127481519385 43029
236 -2.2969849246231155 235.69842642274386 41790
237 -2.2462713981338625 248.09994341927984 40833
238 -2.2372636096003196 252.06035742094627 40082
239 -2.3672309215034386 247.1823043202227 39403
240 -2.2561366897091433 237.05321475647608 38335
241 -2.1737567884144395 240.26830952210133 37564
242 -2.1840432724814063 239.01928792591426 36975
243 -2.1131326037442366 242.9893178658638 36002
244 -2.304894387275163 246.7515663541837 35081
245 -2.430424424247772 259.56529127178663 33999
246 -2.1962046155227632 246.0321098352477 33409
247 -2.37424080573783 274.1671942158337 32765
248 -2.3424499109180132 254.19836331536806 31993
249 -2.3336091398020558 253.38034404010392 31423
250 -2.248443377870022 245.8322204749278 30836
251 -2.5646729718928998 268.84097542890834 30028
252 -2.361696380334954 264.21620126783137 29616
253 -2.3291782729805015 248.58899363551123 28720
254 -2.4467848428304864 253.45102496916527 27868
255 -2.4764230066723822 271.4952352145796 26827
256 -2.532481075235594 264.0716192966947 25892
257 -2.4897527332575726 260.0911532849797 25519
258 -2.4203399253434994 271.2813280827343 25182
259 -2.5398024167210975 271.7494850296438 24496
260 -2.5273606940273607 268.2122999153943 23976
261 -2.598051418515816 278.0899396140364 23299
262 -2.4259706075893837 265.71351835055594 22795
263 -2.305282283080741 268.6708685944639 22566
264 -2.439656729900632 282.1357164761786 22140
265 -2.312676056338028 255.53427572596524 21655
266 -2.5361488565882295 282.16567874139787 21121
267 -2.557609065706921 276.7053656982853 20561
268 -2.2814848211602046 273.8635243752325 19962
269 -2.54712028411138 270.1527728014317 19429
270 -2.7636496885305974 298.7437447880456 19103
271 -2.6156845985362467 283.2273876811809 18719
272 -2.724689458063098 292.4905429806702 18194
273 -2.5169063350174894 278.3501862218467 18011
274 -2.461291413116971 283.8110105026669 17748
275 -2.2650658857979504 262.8474742958541 17075
276 -2.550565212106479 280.3216153814998 16454
277 -2.7311329617335756 299.258690274268 15967
278 -2.723520794853831 303.8734862454933 15701
279 -2.542217567744469 290.29051834908915 15278
280 -2.785980561842631 308.03746871342645 15022
281 -2.8687876897483884 323.89777709803957 14427
282 -2.8288508557457215 311.16951891797544 13906
283 -2.661301859799714 292.9185642783553 13980
284 -2.9240070350285796 343.58825960649654 13646
285 -2.6856993970073697 308.6594986755172 13433
286 -2.76446404544775 320.3691622375792 13378
287 -2.7745368243760526 321.2404702109717 13062
288 -2.50984375 321.30418120113967 12800
289 -2.5006837744348807 295.01693253766007 12431
290 -2.634321503131524 294.519030290091 11975
291 -2.88862519071029 311.256425411225 11798
292 -2.7836559139784947 317.212541010532 11625
293 -2.9151343705799153 321.1724768380266 11312
294 -2.927605998889095 320.39888685265163 10802
295 -2.8854057153779986 338.8434677344381 10463
296 -2.919917053421546 321.6435376182987 10127
297 -2.600421348314607 316.0102283768626 9968
298 -2.535427394438723 284.3867791918082 9710
299 -2.927100665557404 334.5146417568149 9616
300 -2.6998736310025273 330.1696798333141 9496
301 -3.23077735530207 351.591730350395 9468
302 -2.6958936934974402 308.8690633247457 9181
303 -2.7827566647759503 351.1351058453172 8815
304 -3.128032036613272 381.4549730322943 8740
305 -2.4447212336892052 277.4769252894519 8430
306 -2.9407166907166906 342.5149767504498 8316
307 -2.7930948832588176 337.8907839233837 8052
308 -2.7161498708010337 317.9565584667204 7740
309 -2.792192582953806 336.6129164749348 7685
310 -2.7381711855396067 308.79271590524183 7524
311 -3.178074720479956 348.104290814039 7334
312 -3.038229939784344 338.50736961951486 7141
313 -2.8985528219971055 332.3190696174234 6910
314 -2.89160890724082 336.5823130944688 6781
315 -3.532495401594114 399.68948834302694 6524
316 -3.242552524302289 347.70845758698476 6378
317 -2.954022988505747 362.185670237602 6177
318 -2.8084897959183674 358.9545660508205 6125
319 -3.401268569520948 407.970906479329 5991
320 -3.088526297517792 378.5250309280762 5761
321 -2.733176979974743 329.3138620795292 5543
322 -3.050091407678245 369.274323566491 5470
323 -3.3518448795180724 385.13588174702505 5312
324 -2.897490760552422 371.56038810770764 5141
325 -3.082827491678089 349.1305909422447 5107
326 -2.9572355087150384 378.5109350192254 4934
327 -3.1506061228682967 333.23304118018524 4867
328 -2.978929973146044 373.02885802822914 4841
329 -3.0419186652763295 376.6050362245427 4795
330 -3.4688715953307394 368.38327605264385 4626
331 -2.625908790482485 320.09310117922587 4539
332 -2.8663636363636362 346.3347371900859 4400
333 -3.3668984077147344 413.3475013254255 4459
334 -3.3788484136310224 385.56982202452093 4255
335 -2.881665449233017 374.6184511362764 4107
336 -3.449492508458192 436.2488854201205 4138
337 -3.662360248447205 421.29025966589774 4025
338 -3.769211514392991 470.17432441365054 3995
339 -3.0 361.1315261044177 3984
340 -2.9428053830227743 375.12777432176665 3864
341 -3.0028795811518325 341.24003577205406 3820
342 -3.283241758241758 427.0700427182442 3640
343 -3.495577746077033 408.88626616551744 3505
344 -3.0267441860465114 347.472988101664 3440
345 -3.9929426204357163 463.2312596994619 3259
346 -3.6208561313163825 421.0256636772966 3107
347 -3.6497876510944134 386.7132129121084 3061
348 -3.038048780487805 393.4904379139365 3075
349 -3.1163333333333334 399.8619331111024 3000
350 -2.5995921142080216 309.3448807005629 2942
351 -3.8039971949509117 444.64090773629965 2852
352 -3.4554597701149423 424.9471817611322 2784
353 -2.876425156307466 339.0180057760464 2719
354 -2.860736419978126 365.22442676808583 2743
355 -3.9455652835934525 479.80869115764364 2627
356 -3.7462803445575568 405.9252855624782 2554
357 -3.479905437352246 414.3234634966922 2538
358 -3.295809367296631 451.4305811467025 2434
359 -3.5474137931034484 415.6386073127352 2320
360 -4.105726872246696 517.4736788992527 2270
361 -2.8678907299596954 382.93508980326095 2233
362 -3.0470104974897305 426.14528335806 2191
363 -4.225806451612903 476.6820341130111 2139
364 -3.3484565014031804 441.19915800416794 2138
365 -3.6724386724386724 455.1105634785168 2079
366 -2.077962577962578 292.49408067911094 1924
367 -3.965848452508004 497.64334503837694 1874
368 -2.8165618448637315 362.158067762785 1908
369 -3.282714054927302 442.41418968353247 1857
370 -3.4283396430502973 424.89805841288245 1849
371 -3.2762162162162163 428.5614632578564 1850
372 -3.9738134206219313 474.3565117776163 1833
373 -2.958172812328013 368.44614324021416 1817
374 -4.030664395229983 477.30533120121135 1761
375 -3.3443670150987224 489.1548087805461 1722
376 -3.9146697837521915 492.4950809917218 1711
377 -3.788785046728972 469.5338294465404 1605
378 -3.6173238526179703 413.3942543254644 1547
379 -3.4463315217391304 443.7394839541017 1472
380 -2.20904729266621 331.13329756783094 1459
381 -4.37956204379562 591.3508832262083 1507
382 -3.6154395997140814 488.0416104426685 1399
383 -4.1837577426015145 503.891860540569 1453
384 -2.8675862068965516 305.73045041616507 1450
385 -2.30844382414515 340.29262781539245 1433
386 -2.914756446991404 365.13374787563896 1396
387 -2.646425826287471 378.72076230606143 1301
388 -3.8728103579588726 432.71631276431765 1313
389 -3.194359756097561 382.6096619850586 1312
390 -3.8742665549036044 464.7244593180818 1193
391 -3.2570671378091873 488.8280803231396 1132
392 -3.0369393139841687 515.2576051870028 1137
393 -4.189041095890411 508.8280703071158 1095
394 -5.626728110599078 677.7886172991495 1085
395 -3.170132325141777 461.39957690259763 1058
396 -4.614778325123153 698.83818389187 1015
397 -3.4631147540983607 526.9788363343158 976
398 -3.8321392016376663 494.9978932017705 977
399 -2.918145956607495 434.7331481546332 1014
400 -4.543822597676875 544.7844379349448 947
401 -4.037372593431484 431.2440921957321 883
402 -3.274175199089875 485.7563680933313 879
403 -3.9965714285714284 487.9759764897972 875
404 -2.8800959232613907 397.77700142044915 834
405 -4.141625615763547 622.3822981630243 812
406 -1.9678615574783684 303.12525191716804 809
407 -4.500640204865557 560.7804089113922 781
408 -3.216417910447761 493.22722209846404 804
409 -3.385164051355207 356.48075807741276 701
410 -4.015576323987539 521.273658058444 642
411 -3.2150375939849622 419.4654124031861 665
412 -2.584958217270195 326.4939207485981 718
413 -5.527298850574713 737.0890267868937 696
414 -3.136701337295691 357.7709464397274 673
415 -5.075822603719599 643.5392887038727 699
416 -3.345808383233533 536.0108331241698 668
417 -4.206214689265536 657.5759679530155 708
418 -2.4918759231905465 368.5013451036262 677
419 -4.302931596091205 561.171513756114 614
420 -2.3778501628664497 529.844751668455 614
421 -2.8170515097690942 412.4588145843915 563
422 -4.246598639455782 590.1079700587696 588
423 -2.951260504201681 304.9498707718363 595
424 -3.152027027027027 410.25782962016217 592
425 -3.479500891265597 384.96974780837377 561
426 -3.423791821561338 449.59619131852446 538
427 -3.1814671814671813 429.1349115248729 518
428 -2.526315789473684 500.87513317707226 494
429 -3.9979035639413 692.8574335579234 477
430 -3.4930555555555554 462.5670331790142 432
431 -4.5177304964539005 585.6459433630075 423
432 -4.106537530266344 619.5269363131644 413
433 -2.4341463414634146 413.6669363474119 410
434 -5.2214285714285715 720.404319727893 420
435 -2.3633879781420766 667.3779748574163 366
436 -6.199438202247191 740.0299993687688 356
437 -3.1805929919137466 494.3552575177459 371
438 -3.12401055408971 378.618319282099 379
439 -3.951219512195122 546.9058100337102 369
440 -1.7513661202185793 215.66051539311476 366
441 -6.461538461538462 836.6838546069331 364
442 -2.4447300771208225 450.4758956126359 389
443 -3.2110817941952505 370.5784351264596 379
444 -5.4289772727272725 747.2768433626047 352
445 -3.4657142857142857 431.4262204081639 350
446 -4.033434650455927 451.38682199905713 329
447 -2.22508038585209 242.71539789704337 311
448 -3.0069444444444446 609.7290702160522 288
449 -6.429577464788732 924.4196587978563 284
450 -5.186131386861314 887.3796153231385 274
451 -4.175 772.4780357142881 280
452 -2.715909090909091 365.2363119834709 264
453 -3.567765567765568 467.45784862268476 273
454 -2.859375 543.17919921875 256
455 -4.056818181818182 753.0427858126704 264
456 -3.4722222222222223 445.6720679012367 288
457 -3.197718631178707 424.61002761352637 263
458 -5.126436781609195 947.7151539172918 261
459 -7.4465648854961835 1388.4904725831782 262
460 -2.8969465648854964 306.4558592156628 262
461 -4.183908045977011 709.5492138987964 261
462 -4.283950617283951 565.620637098003 243
463 -5.439814814814815 659.4603480795598 216
464 -4.319371727748691 645.7279405718042 191
465 -6.020618556701031 938.6692528430194 194
466 -10.248780487804877 1213.4518262938732 205
467 -5.108808290155441 643.0022282477361 193
468 -3.6506024096385543 383.04499927420494 166
469 -7.855670103092783 1275.8861728132636 194
470 -4.095959595959596 558.6836037139066 198
471 -1.5747126436781609 274.90262914519894 174
472 -2.5988023952095807 328.62418874825204 167
473 -1.8289473684210527 195.90200831024933 152
474 -3.445859872611465 601.7234370562695 157
475 -5.312925170068027 693.3483733629517 147
476 -2.6265822784810124 660.2590930940557 158
477 -6.396103896103896 764.8615280823077 154
478 -3.29375 384.958671875 160
479 -7.4124293785310735 1017.9083915860714 177
480 -2.30188679245283 166.20766583600346 159
481 -7.857142857142857 1192.002040816325 140
482 -2.564885496183206 426.29310646232733 131
483 -10.503937007874017 1313.9330398660836 127
484 -5.170542635658915 632.6472567754341 129
485 -6.136054421768708 729.024202878429 147
486 -7.338345864661654 998.2372095652662 133
487 -3.744360902255639 707.959522867315 133
488 -1.3014705882352942 56.443230968858195 136
489 -4.445255474452555 721.3334221322399 137
490 -10.951923076923077 1704.1203772189378 104
491 -2.4285714285714284 200.20408163265327 112
492 -2.5686274509803924 511.4121491733928 102
493 -2.3209876543209877 147.00381039475678 81
494 -5.494736842105263 556.7736288088638 95
495 -1.5326086956521738 92.35656899810961 92
496 -2.5632183908045976 83.21614480116266 87
497 -2.3875 305.4371874999997 80
498 -5.337662337662338 612.3304098498918 77
499 -5.646341463414634 1162.3474122546108 82
500 -5.03030303030303 722.1799816345267 66
501 -8.046153846153846 985.334201183432 65
502 -2.257575757575758 217.70064279155167 66
503 -6.569444444444445 1114.3653549382711 72
504 0.24242424242424243 46.821854912763975 66
505 -10.806451612903226 1136.4734651404783 62
506 -8.428571428571429 1004.8112244897957 56
507 -7.384615384615385 1188.3502958579877 65
508 -2.6153846153846154 266.99644970414295 65
509 0.19718309859154928 40.28843483435827 71
510 -0.6176470588235294 29.56055363321798 68
511 -7.262295081967213 1008.3050255307713 61
512 -10.072727272727272 1436.171239669422 55
513 -0.5217391304347826 139.75992438563333 46
514 -6.8 483.831111111111 45
515 -2.857142857142857 794.3265306122444 49
516 -3.7241379310344827 315.5374554102262 58
517 -5.666666666666667 1093.5777777777785 60
518 -5.313725490196078 907.783544790465 51
519 -11.09433962264151 1312.1708793164805 53
520 -2.477272727272727 111.74896694214881 44
521 -12.902439024390244 2377.0785246876853 41
522 -2.4489795918367347 156.61724281549354 49
523 -8.264150943396226 1078.954788180847 53
524 -4.224489795918367 442.6134943773426 49
525 -2.0545454545454547 172.44859504132216 55
526 -7.576923076923077 1438.757396449706 52
527 -8.09433962264151 1320.3406906372377 53
528 -5.95 1249.5450000000003 40
529 -1.054054054054054 30.075237399561722 37
530 -1.9047619047619047 49.267573696145114 42
531 -5.631578947368421 1122.7811634349034 38
532 0.09090909090909091 58.013774104683215 33
533 1.4411764705882353 220.22837370242215 34
534 6.045454545454546 994.2231404958686 22
535 -0.25 2.875 16
536 -17.083333333333332 2676.3194444444443 24
537 -0.9047619047619048 86.60090702947848 21
538 2.6315789473684212 210.5706371191136 19
539 -3.185185185185185 278.82030178326465 27
540 -8.166666666666666 938.7777777777776 30
541 -5.703703703703703 620.7133058984911 27
542 -7.324324324324325 833.1680058436816 37
543 -7.0 2132.942857142857 35
544 -12.96551724137931 1599.8596908442341 29
545 -10.03225806451613 1746.610822060354 31
546 -3.588235294117647 300.8373702422145 34
547 -7.052631578947368 1396.7313019390576 38
548 0.058823529411764705 9.522491349480976 34
549 -1.625 28.927083333333332 24
550 3.8636363636363638 201.3719008264463 22
551 2.76 117.76480000000004 25
552 -0.13333333333333333 114.96444444444447 30
553 0.7111111111111111 8.410864197530872 45
554 -0.8780487804878049 17.872694824509217 41
555 -6.107142857142857 257.65561224489807 28
556 -1.2272727272727273 53.7603305785124 22
557 -6.095238095238095 648.172335600907 21
558 -1.8571428571428572 309.91156462585025 21
559 0.19230769230769232 37.34911242603552 26
560 -0.08 2.947200000000001 25
561 -0.32 8.275200000000002 25
562 -0.5806451612903226 14.93860561914673 31
563 0.45161290322580644 113.3340270551509 31
564 -3.6785714285714284 549.4719387755101 28
565 0.14285714285714285 2.006802721088436 21
566 -15.136363636363637 1952.462809917357 22
567 -1.9333333333333333 29.257777777777775 15
568 -16.285714285714285 3152.551020408163 14
569 -11.818181818181818 1213.388429752066 11
570 0.8 4.32 10
571 -2.0 63.5 12
572 3.142857142857143 161.1020408163265 14
573 -2.2857142857142856 414.2176870748299 21
574 -3.0384615384615383 298.8816568047338 26
575 -10.578947368421053 1400.8559556786706 19
576 -14.222222222222221 1277.6790123456788 9
577 -54.4 9882.880000000001 5
578 -2.8333333333333335 18.77777777777778 6
579 -4.333333333333333 76.44444444444446 6
580 -0.2 2.12 5
581 -0.8333333333333334 1.4444444444444446 6
582 -19.6 2476.88 10
583 -8.521739130434783 599.194706994329 23
584 -1.2380952380952381 28.648526077097504 21
585 -0.8235294117647058 108.52595155709342 17
586 -4.95 226.845 20
587 -3.3636363636363638 131.2809917355372 11
588 -0.3333333333333333 6.1111111111111125 9
589 0.4444444444444444 0.938271604938272 9
590 -15.357142857142858 2017.3877551020405 14
591 -9.818181818181818 1104.4793388429755 11
592 -1.8 9.120000000000003 10
593 3.2857142857142856 69.12244897959178 14
594 0.7777777777777778 13.790123456790122 9
595 -1.0 -1.0 2
596 -16.428571428571427 508.9183673469386 7
597 -0.8 6.453333333333335 15
598 0.4666666666666667 5.497777777777777 15
599 -0.3333333333333333 5.444444444444444 12
600 1.0769230769230769 133.2189349112426 13
601 -1.4615384615384615 29.343195266272186 13
602 -3.6666666666666665 62.33333333333333 9
603 -16.818181818181817 2449.6611570247933 11
604 0.0 2.8 10
605 -2.6666666666666665 34.777777777777786 6
606 -55.333333333333336 2114.444444444444 3
607 -0.3333333333333333 7.111111111111112 6
608 -0.8571428571428571 1.6734693877551021 7
609 0.3333333333333333 0.7777777777777779 3
610 -10.75 253.625 4
611 -0.4 3.6799999999999997 5
612 -26.857142857142858 3607.38775510204 7
613 0.125 1.34375 8
614 0.125 1.34375 8
615 -0.16666666666666666 1.4444444444444446 6
616 -7.0 24.0 6
617 0.0 1.0 2
618 -7.8 215.32000000000008 5
619 4.166666666666667 96.77777777777779 6
620 -1.0 -1.0 2
621 -0.5 2.0 2
622 0.0 2.0 3
623 -37.5 76.0 2
624 -17.25 701.625 4
625 0.2 10.92 5
626 3.5 -6.0 2
627 -1.0 -1.0 1
628 -0.5 6.0 2
629 -0.6666666666666666 8.11111111111111 6
630 -7.0 578.1666666666666 12
631 -41.333333333333336 6965.277777777778 12
632 -0.2 1.7199999999999998 10
633 -0.5555555555555556 2.160493827160494 9
634 -0.3333333333333333 0.7777777777777779 6
635 -45.2 6129.920000000001 5
636 0.0 1.0 4
637 -1.0 -1.0 2
638 1.0 -1.0 1
639 1.0 -1.0 2
640 116.0 -687.0 2
643 1.0 -1.0 1
644 -5.0 -25.0 1
647 -5.5 12.0 2
648 -1.0 -1.0 1
686 2.5 -4.0 2
687 0.0 1.0 4
688 0.6666666666666666 1.111111111111111 3
689 0.0 2.5 4
690 1.0 -1.0 4
691 -12.444444444444445 1012.2716049382711 9
692 0.0 1.0 6
693 -1.3333333333333333 -1.5555555555555554 3
796 5.0 -25.0 1
797 0.0 1.0 2
798 1.0 -1.0 1
799 -2.0 -4.0 1
800 -389.0 -151321.0 1
801 -1.0 -1.0 1
806 1.0 -1.0 1
807 1.0 -1.0 1
808 -11.0 -121.0 1
869 1.0 -1.0 1
870 -64.0 -4096.0 1
