1 2.111893475263503 0.0
2 2.3331142232953894 0.0
3 2.6674672235503967 -0.636356189284753
4 2.995733167988053 -0.7666443873380417
5 3.2965994161065537 -0.9089248680470575
6 3.577273918840641 -1.0049621081595075
7 3.838918897880775 -1.1151265231020815
8 4.086116957003033 -1.1949746322491224
9 4.317765426028922 -1.2834253894084906
10 4.5406215967384815 -1.3522405881849342
11 4.749791284284446 -1.4286582189510908
12 4.9443262970409805 -1.491407669732666
13 5.133078058966327 -1.5608621558764977
14 5.313136798405186 -1.6199599433750649
15 5.484748849649623 -1.684683611033403
16 5.651676126185277 -1.7385336238675275
17 5.803622062637213 -1.799247525437655
18 5.9487770924760515 -1.853498004166619
19 6.09731756612919 -1.9108956272713509
20 6.228053448603547 -1.95984296567976
21 6.352255083879275 -2.01520986311738
22 6.476525401745685 -2.066113351730758
23 6.596067431953465 -2.1189380133542026
24 6.703232045564135 -2.1650125085267256
25 6.811337842809838 -2.215354866507979
26 6.923584476443106 -2.2634899344594657
27 7.0092000340712515 -2.309401746373505
28 7.105170782461126 -2.361730025268874
29 7.174685819118902 -2.403496954437731
30 7.273050959142753 -2.4514777474657925
31 7.344882080597203 -2.4982759671723507
32 7.433981206626502 -2.543819814355665
33 7.489711198595093 -2.592431236628932
34 7.559506071470283 -2.634526564948562
35 7.634785887811386 -2.675974079634195
36 7.700337059279527 -2.725342389086878
37 7.748724534064484 -2.763226069221766
38 7.811337990170204 -2.8029951132029263
39 7.870196474112957 -2.8528930559249366
40 7.918073611276677 -2.8909278771923783
41 7.9407378012327605 -2.9374869439732465
42 7.971616338195719 -2.976556580776109
43 8.037650979874453 -3.0084188676630523
44 8.105010122475921 -3.0518379110743457
45 8.134525035056281 -3.0979742597429945
46 8.141979598449215 -3.1329786681951175
47 8.170737266013962 -3.172140333927116
48 8.220793307242252 -3.204234049479579
49 8.280170292543843 -3.263125394634756
50 8.261754214860638 -3.2883442321837513
51 8.283270390132355 -3.3246580480826267
52 8.335698000781157 -3.3813944642863936
53 8.341526108506022 -3.4132187480079046
54 8.355885520281536 -3.4524867121773033
55 8.40639751246931 -3.475237916190138
56 8.408664805898118 -3.52463745097019
57 8.430822463697686 -3.5610783214137633
58 8.448832960568897 -3.6035605558174657
59 8.433709008880781 -3.648952590959206
60 8.488621284201594 -3.6676649171667983
61 8.502193503052862 -3.715925222089935
62 8.485105262111604 -3.756138857245638
63 8.492176483847125 -3.7866166341446927
64 8.552526976436909 -3.8224453148791833
65 8.521258724303355 -3.861441596365105
66 8.560543977822629 -3.896515147818074
67 8.525834052709085 -3.926546198021588
68 8.532313833337783 -3.951059471576859
69 8.550221498325598 -4.016047731208299
70 8.620846434317937 -4.050946210017484
71 8.522948164146868 -4.069621173888603
72 8.568317473172707 -4.122912850433826
73 8.594837318665274 -4.126272808070298
74 8.649114005697598 -4.167944932039634
75 8.589479291267942 -4.198161584553356
76 8.617650241507874 -4.239292383822448
77 8.593578547210521 -4.267975211968782
78 8.572724814794787 -4.339181228968869
79 8.623523392643966 -4.363336346732687
80 8.542100261344737 -4.37205909272001
81 8.591926518607144 -4.438975851557024
82 8.584037140009443 -4.449365490430973
83 8.632141928953452 -4.48701454518606
84 8.616252886421984 -4.510942100255332
85 8.547541873332229 -4.587725372090834
86 8.553996571646245 -4.606814431390248
87 8.608215606020597 -4.622397338172128
88 8.544670941730532 -4.665942320590208
89 8.512968874700718 -4.716652415991265
90 8.533779276961486 -4.7064528365506195
91 8.622904415429083 -4.799982402885926
92 8.58838063862139 -4.796563346041218
93 8.597913043478261 -4.831762020781772
94 8.55271111925261 -4.87979893749906
95 8.577508692003358 -4.879263895003879
96 8.60017543859649 -4.8927092551924565
97 8.564933698168806 -4.972227000126137
98 8.581799591002046 -4.985167421085764
99 8.520169358814488 -4.999705288503743
100 8.528490200822647 -5.039576096325123
101 8.646393121325156 -5.0986902139980375
102 8.490534258573065 -5.138359533739707
103 8.660615352451305 -5.137008536731995
104 8.542903202168976 -5.197990483705886
105 8.458270048602673 -5.182804355427614
106 8.4283950125483 -5.257149656221582
107 8.42391577887761 -5.323790297367552
108 8.311433930986345 -5.339729915227513
109 8.376275392958911 -5.344189790791733
110 8.551293657978748 -5.344413027116093
111 8.547947273093177 -5.451893220859871
112 8.481596382374592 -5.469886986263463
113 8.368665891344078 -5.469243312632273
114 8.37439739792066 -5.518044702889333
115 8.461278852528174 -5.491063375719312
116 8.320449268996674 -5.566546476483377
117 8.427772293517604 -5.622941822173436
118 8.42821141533851 -5.628658859193799
119 8.524336443190858 -5.678214923670424
120 8.292213271960108 -5.66628838030389
121 8.383177570093459 -5.719667681171342
122 8.293388429752065 -5.693056245609827
123 8.226142881974623 -5.759122791441001
124 8.507912107785515 -5.811515410164585
125 8.416871339505006 -5.904381302274682
126 8.335513277843837 -5.794129023064552
127 8.33108878068994 -5.8671518597890895
128 8.6247433819557 -5.946600642398287
129 8.456182610690526 -5.907948914788192
130 8.530139478471801 -6.0340334500194475
131 8.266818989591266 -6.0526490235072155
132 8.320083409357487 -5.969750367107196
133 8.387555803571429 -6.117648698366687
134 8.337649542575651 -6.168478103353332
135 8.271883884483017 -6.109534636956192
136 8.365194564546016 -6.191501470169781
137 8.290620871862616 -6.211350036167555
138 8.386426116838487 -6.226968059640243
139 8.205256570713392 -6.128318898196791
140 8.105819125277984 -6.151714104524937
141 8.368390357698289 -6.348329099081493
142 8.25564681724846 -6.4319934372436425
143 8.114563106796117 -6.433524294504561
144 8.45206406496729 -6.352015732546706
145 8.523472517103091 -6.299431043400574
146 8.252621311875153 -6.695365865644503
147 8.120478858889454 -6.360242650489967
148 8.264650283553875 -6.586100468284377
149 7.994580718767827 -6.606173466508662
150 8.142643986869592 -6.437158790724978
151 7.900269541778976 -6.715095153045513
152 7.845737913486005 -6.824841782266828
153 8.335953520164047 -6.422661627750034
154 7.851554663991976 -6.769842357779301
155 7.950312845049687 -6.630405065112598
156 8.335430593786866 -6.840095282003996
157 8.227672955974842 -6.6471975921256
158 7.741699008193187 -7.211760791815687
159 7.925495262704565 -7.029617476901822
160 8.362632508833922 -6.678392873375148
161 8.056410256410256 -7.00859411489958
162 8.317297850562948 -6.94922588710453
163 8.14648033126294 -6.972521775197014
164 8.699832308552264 -7.046285281712988
165 8.186706948640483 -6.976809954751131
166 7.960425280567041 -7.214713832412739
167 8.087227414330219 -7.191878787878788
168 8.662666666666667 -6.960275897304892
169 8.415807560137457 -6.744715228221355
170 7.933004231311707 -6.702943673931503
171 7.370845921450151 -7.206741898148148
172 8.716640502354789 -7.280750307503075
173 8.004105090311986 -7.196257197696737
174 7.632616487455197 -7.0198878123406425
175 8.43494085532302 -7.582446808510638
176 7.9072265625 -7.6236679753224905
177 8.561049445005045 -6.839527348961311
178 8.462834489593657 -7.718081918081918
179 8.036995515695068 -7.390151515151516
180 8.012222222222222 -7.232516303125703
181 8.544117647058824 -7.5120681495504025
182 7.860523038605231 -7.4412326803631155
183 8.389175257731958 -7.174056245249557
184 7.8983739837398375 -7.993012631013168
185 8.825396825396826 -7.3031241204615815
186 9.128205128205128 -7.429666764966087
187 7.990811638591118 -7.808510638297872
188 7.87123745819398 -7.346104725415071
189 8.21146953405018 -8.35018290655138
190 8.518072289156626 -7.374247491638796
191 8.479553903345725 -7.987764182424916
192 8.057199211045365 -7.900472212132219
193 7.049019607843137 -8.510815939278938
194 8.910569105691057 -7.577138289368505
195 7.398148148148148 -8.028045207199666
196 8.196868008948545 -7.811279826464208
197 7.666666666666667 -8.255437297547433
198 7.88 -8.1875
199 7.926509186351706 -7.904935064935065
200 7.568475452196383 -7.847803881511747
201 8.994334277620396 -8.314562002275313
202 7.491379310344827 -8.383954154727794
203 8.0 -8.66212211025489
204 7.823717948717949 -8.662606577344702
205 7.733333333333333 -8.302453987730061
206 6.9071428571428575 -7.652226967663209
207 7.931297709923665 -7.7368421052631575
208 7.644444444444445 -7.333333333333333
209 8.496212121212121 -7.06480117820324
210 8.520912547528518 -8.098850574712644
211 8.44017094017094 -8.492138364779874
212 9.4304932735426 -7.881889763779528
213 8.748768472906404 -7.7111716621253406
214 6.528301886792453 -8.379830348727616
215 7.422459893048129 -9.77191235059761
216 7.3901098901098905 -9.145211122554068
217 9.105555555555556 -7.19957310565635
218 7.83419689119171 -9.665193370165746
219 7.58641975308642 -7.941045606229143
220 7.848101265822785 -9.062721893491124
221 6.487012987012987 -8.614457831325302
222 7.5 -8.950242718446601
223 6.486111111111111 -8.162483487450462
224 7.286764705882353 -9.740645161290322
225 8.844961240310077 -8.706303724928366
226 8.184931506849315 -8.200310559006212
227 8.038095238095238 -7.071047957371226
228 7.522222222222222 -10.011009174311926
229 8.038095238095238 -8.908759124087592
230 7.05 -9.765137614678899
231 9.306818181818182 -8.442748091603054
232 7.228260869565218 -8.843629343629344
233 6.064935064935065 -8.902542372881356
234 7.872340425531915 -7.7785087719298245
235 8.17142857142857 -10.607058823529412
236 7.397435897435898 -8.533169533169533
237 5.428571428571429 -12.809302325581395
238 6.841269841269841 -8.349246231155778
239 9.096774193548388 -9.7375
240 8.527777777777779 -9.917847025495751
241 7.818181818181818 -8.191489361702128
242 5.839285714285714 -7.555555555555555
243 7.859649122807017 -11.46376811594203
244 6.686274509803922 -9.126623376623376
245 5.7592592592592595 -9.177304964539006
246 6.0 -8.779026217228465
247 7.810344827586207 -10.343971631205674
248 8.044444444444444 -9.328125
249 8.54054054054054 -8.190114068441064
250 8.461538461538462 -7.51984126984127
251 5.533333333333333 -7.576612903225806
252 11.261904761904763 -8.38
253 8.525 -9.129032258064516
254 7.7 -7.909574468085107
255 7.694444444444445 -7.6770186335403725
256 9.575757575757576 -11.275132275132275
257 9.064516129032258 -10.553191489361701
258 7.657894736842105 -11.342857142857143
259 5.52 -8.708860759493671
260 9.464285714285714 -11.697142857142858
261 5.294117647058823 -8.121621621621621
262 7.03030303030303 -7.333333333333333
263 6.304347826086956 -8.8046875
264 10.904761904761905 -7.741379310344827
265 6.7368421052631575 -8.660714285714286
266 8.785714285714286 -10.678260869565218
267 7.75 -8.128440366972477
268 8.875 -7.555555555555555
269 6.363636363636363 -8.52808988764045
270 10.916666666666666 -10.712328767123287
271 6.625 -5.872727272727273
272 6.9375 -13.728571428571428
273 5.916666666666667 -10.244186046511627
274 6.555555555555555 -14.465753424657533
275 10.1 -13.294117647058824
276 14.5 -12.44927536231884
277 5.647058823529412 -12.104477611940299
278 5.636363636363637 -6.475609756097561
279 9.083333333333334 -11.242857142857142
280 4.25 -9.676923076923076
281 7.454545454545454 -14.64179104477612
282 11.9 -8.28
283 7.2 -10.645833333333334
284 6.583333333333333 -11.513513513513514
285 4.857142857142857 -10.777777777777779
286 4.555555555555555 -8.930232558139535
287 5.4 -9.463414634146341
288 8.8 -11.707317073170731
289 10.545454545454545 -12.235294117647058
290 4.222222222222222 -6.416666666666667
291 6.166666666666667 -10.90625
292 3.0 -12.676470588235293
293 4.333333333333333 -11.380952380952381
294 4.0 -6.658536585365853
295 7.545454545454546 -11.666666666666666
296 3.3333333333333335 -12.709677419354838
297 16.666666666666668 -9.380952380952381
298 6.0 -11.625
299 3.6 -11.26086956521739
300 11.88888888888889 -18.466666666666665
301 5.5 -5.891891891891892
302 4.666666666666667 -5.088235294117647
303 15.428571428571429 -8.789473684210526
304 3.8333333333333335 -3.4838709677419355
305 4.75 -4.172413793103448
306 4.0 -8.736842105263158
307 3.0 -2.0555555555555554
308 8.0 -11.384615384615385
309 7.5 -7.0
310 5.0 -9.5
311 8.666666666666666 -36.333333333333336
312 17.0 -23.473684210526315
313 4.0 -4.555555555555555
314 3.6666666666666665 -0.6153846153846154
315 3.5 -3.235294117647059
316 2.0 -3.6875
317 3.3333333333333335 -16.833333333333332
318 4.666666666666667 -4.8125
319 9.4 -10.909090909090908
320 2.5 -4.769230769230769
321 8.666666666666666 -11.0
322 28.5 -18.0
323 5.5 -39.8
324 4.5 -18.375
325 10.5 -0.6666666666666666
326 4.0 -1.25
327 3.6666666666666665 -11.1
328 0 -1.0
329 0 -29.0
330 0 -17.0
331 4.0 -6.625
332 3.0 -18.375
333 0 -19.88888888888889
334 10.0 0.0
335 2.0 -3.0
336 3.5 -2.1666666666666665
337 2.0 -3.2
338 16.0 -27.0
339 3.0 -0.6
340 2.0 -2.3333333333333335
341 0 -33.25
342 0 -10.222222222222221
343 0 -0.8333333333333334
344 3.0 0
345 10.0 -12.0
346 2.0 -38.666666666666664
347 0 -0.6666666666666666
348 6.0 -27.285714285714285
349 0 0.0
350 2.0 -8.5
352 0 -133.0
353 0 -124.5
354 21.5 -1.3333333333333333
355 0 -0.8333333333333334
356 0 0.0
358 0 -3.0
359 0 -6.5
360 0 0
361 14.0 -17.0
362 0 -10.0
365 0 -6.0
366 0 0.0
367 0 0.0
368 0 0.0
369 2.0 0.0
370 3.0 0
371 0 0.0
372 0 -3.0
373 7.0 -5.666666666666667
374 0 0
375 0 0.0
376 3.0 0
378 0 -59.0
379 0 0.0
380 0 0
381 0 -9.0
382 0 0.0
392 0 0
393 0 0
394 0 0
395 3.0 0
396 0 0.0
397 0 0.0
398 0 0
399 0 -25.666666666666668
400 0 0.0
