1 0.4549 0.5451
2 0.5106 0.4894
3 0.5181 0.4819
4 0.5193 0.4807
5 0.5187 0.4813
6 0.5172 0.4828
7 0.5156 0.4844
8 0.514 0.486
9 0.5123 0.4877
10 0.5109 0.4891
11 0.5095 0.4905
12 0.5081 0.4919
13 0.5068 0.4932
14 0.5055 0.4945
15 0.5046 0.4954
16 0.5034 0.4966
17 0.5024 0.4976
18 0.5013 0.4987
19 0.5004 0.4996
20 0.4996 0.5004
21 0.4987 0.5013
22 0.4978 0.5022
23 0.4971 0.5029
24 0.4962 0.5038
25 0.4956 0.5044
26 0.4951 0.5049
27 0.4944 0.5056
28 0.4936 0.5064
29 0.4929 0.5071
30 0.4918 0.5082
31 0.4913 0.5087
32 0.491 0.509
33 0.4907 0.5093
34 0.4899 0.5101
35 0.4897 0.5103
36 0.489 0.511
37 0.4883 0.5117
38 0.488 0.512
39 0.4878 0.5122
40 0.4869 0.5131
41 0.4868 0.5132
42 0.4864 0.5136
43 0.4862 0.5138
44 0.4853 0.5147
45 0.4853 0.5147
46 0.4844 0.5156
47 0.4838 0.5162
48 0.4842 0.5158
49 0.4832 0.5168
50 0.4836 0.5164
51 0.483 0.517
52 0.4826 0.5174
53 0.4826 0.5174
54 0.4822 0.5178
55 0.4814 0.5186
56 0.4816 0.5184
57 0.4816 0.5184
58 0.4805 0.5195
59 0.4798 0.5202
60 0.4813 0.5187
61 0.4798 0.5202
62 0.4802 0.5198
63 0.4787 0.5213
64 0.479 0.521
65 0.4793 0.5207
66 0.4784 0.5216
67 0.4791 0.5209
68 0.4789 0.5211
69 0.4783 0.5217
70 0.4773 0.5227
71 0.477 0.523
72 0.4778 0.5222
73 0.4779 0.5221
74 0.4774 0.5226
75 0.4773 0.5227
76 0.4764 0.5236
77 0.4776 0.5224
78 0.4765 0.5235
79 0.4763 0.5237
80 0.4765 0.5235
81 0.4763 0.5237
82 0.4756 0.5244
83 0.4768 0.5232
84 0.4747 0.5253
85 0.4748 0.5252
86 0.4756 0.5244
87 0.4761 0.5239
88 0.4746 0.5254
89 0.4738 0.5262
90 0.4742 0.5258
91 0.474 0.526
92 0.4748 0.5252
93 0.4755 0.5245
94 0.4747 0.5253
95 0.4747 0.5253
96 0.4729 0.5271
97 0.4739 0.5261
98 0.4739 0.5261
99 0.4745 0.5255
100 0.4718 0.5282
101 0.4735 0.5265
102 0.4709 0.5291
103 0.4747 0.5253
104 0.4737 0.5263
105 0.4729 0.5271
106 0.4713 0.5287
107 0.4743 0.5257
108 0.4726 0.5274
109 0.4726 0.5274
110 0.4731 0.5269
111 0.4722 0.5278
112 0.4727 0.5273
113 0.4707 0.5293
114 0.4722 0.5278
115 0.4724 0.5276
116 0.4749 0.5251
117 0.473 0.527
118 0.4704 0.5296
119 0.4692 0.5308
120 0.4709 0.5291
121 0.4711 0.5289
122 0.473 0.527
123 0.4706 0.5294
124 0.4698 0.5302
125 0.4725 0.5275
126 0.4705 0.5295
127 0.4696 0.5304
128 0.4714 0.5286
129 0.4693 0.5307
130 0.4661 0.5339
131 0.4675 0.5325
132 0.47 0.53
133 0.4696 0.5304
134 0.4692 0.5308
135 0.4682 0.5318
136 0.4692 0.5308
137 0.4684 0.5316
138 0.4706 0.5294
139 0.4681 0.5319
140 0.4691 0.5309
141 0.4673 0.5327
142 0.4683 0.5317
143 0.4638 0.5362
144 0.4696 0.5304
145 0.4704 0.5296
146 0.4692 0.5308
147 0.4713 0.5287
148 0.4644 0.5356
149 0.4687 0.5313
150 0.4689 0.5311
151 0.4704 0.5296
152 0.467 0.533
153 0.4727 0.5273
154 0.4683 0.5317
155 0.462 0.538
156 0.4626 0.5374
157 0.4704 0.5296
158 0.4694 0.5306
159 0.4707 0.5293
160 0.4727 0.5273
161 0.4704 0.5296
162 0.4596 0.5404
163 0.4698 0.5302
164 0.4681 0.5319
165 0.4681 0.5319
166 0.473 0.527
167 0.4648 0.5352
168 0.4644 0.5356
169 0.4675 0.5325
170 0.4701 0.5299
171 0.4629 0.5371
172 0.4698 0.5302
173 0.4629 0.5371
174 0.4635 0.5365
175 0.4657 0.5343
176 0.4723 0.5277
177 0.4632 0.5368
178 0.4645 0.5355
179 0.459 0.541
180 0.4714 0.5286
181 0.475 0.525
182 0.4659 0.5341
183 0.4693 0.5307
184 0.4667 0.5333
185 0.4658 0.5342
186 0.4662 0.5338
187 0.4749 0.5251
188 0.4601 0.5399
189 0.4735 0.5265
190 0.4585 0.5415
191 0.4815 0.5185
192 0.4631 0.5369
193 0.4644 0.5356
194 0.4642 0.5358
195 0.4625 0.5375
196 0.4564 0.5436
197 0.4565 0.5435
198 0.4669 0.5331
199 0.4834 0.5166
200 0.4537 0.5463
201 0.4766 0.5234
202 0.4757 0.5243
203 0.4746 0.5254
204 0.4809 0.5191
205 0.475 0.525
206 0.458 0.542
207 0.4641 0.5359
208 0.4728 0.5272
209 0.472 0.528
210 0.4732 0.5268
211 0.4594 0.5406
212 0.4762 0.5238
213 0.4702 0.5298
214 0.4622 0.5378
215 0.4599 0.5401
216 0.462 0.538
217 0.4703 0.5297
218 0.4817 0.5183
219 0.4614 0.5386
220 0.48 0.52
221 0.4767 0.5233
222 0.4568 0.5432
223 0.4743 0.5257
224 0.4408 0.5592
225 0.4572 0.5428
226 0.4528 0.5472
227 0.448 0.552
228 0.462 0.538
229 0.4515 0.5485
230 0.4593 0.5407
231 0.4547 0.5453
232 0.4483 0.5517
233 0.4655 0.5345
234 0.4716 0.5284
235 0.4772 0.5228
236 0.4874 0.5126
237 0.4618 0.5382
238 0.4728 0.5272
239 0.4543 0.5457
240 0.4957 0.5043
241 0.4598 0.5402
242 0.4739 0.5261
243 0.4541 0.5459
244 0.4762 0.5238
245 0.4891 0.5109
246 0.5249 0.4751
247 0.4807 0.5193
248 0.4786 0.5214
249 0.4771 0.5229
250 0.4899 0.5101
251 0.4414 0.5586
252 0.4924 0.5076
253 0.4274 0.5726
254 0.4487 0.5513
255 0.518 0.482
256 0.4585 0.5415
257 0.4535 0.5465
258 0.4548 0.5452
259 0.482 0.518
260 0.4444 0.5556
261 0.4579 0.5421
262 0.4831 0.5169
263 0.4599 0.5401
264 0.4844 0.5156
265 0.4717 0.5283
266 0.4866 0.5134
267 0.4858 0.5142
268 0.4225 0.5775
269 0.4403 0.5597
270 0.4786 0.5214
271 0.5175 0.4825
272 0.5105 0.4895
273 0.411 0.589
274 0.4511 0.5489
275 0.4603 0.5397
276 0.4052 0.5948
277 0.518 0.482
278 0.4143 0.5857
279 0.4697 0.5303
280 0.48 0.52
281 0.4123 0.5877
282 0.4898 0.5102
283 0.4419 0.5581
284 0.5488 0.4512
285 0.4375 0.5625
286 0.4557 0.5443
287 0.4459 0.5541
288 0.4533 0.5467
289 0.5278 0.4722
290 0.4286 0.5714
291 0.4839 0.5161
292 0.4848 0.5152
293 0.4684 0.5316
294 0.4058 0.5942
295 0.5 0.5
296 0.5373 0.4627
297 0.4474 0.5526
298 0.403 0.597
299 0.5 0.5
300 0.4915 0.5085
301 0.4478 0.5522
302 0.4688 0.5312
303 0.4062 0.5938
304 0.4746 0.5254
305 0.3958 0.6042
306 0.4722 0.5278
307 0.4194 0.5806
308 0.48 0.52
309 0.625 0.375
310 0.4 0.6
311 0.8333 0.1667
312 0.4412 0.5588
313 0.3077 0.6923
314 0.5185 0.4815
315 0.4688 0.5312
316 0.4839 0.5161
317 0.5385 0.4615
318 0.4286 0.5714
319 0.5926 0.4074
320 0.4348 0.5652
321 0.4706 0.5294
322 0.6471 0.3529
323 0.5 0.5
324 0.3333 0.6667
325 0.8421 0.1579
326 0.4783 0.5217
327 0.4737 0.5263
328 0.2727 0.7273
329 0.5 0.5
330 0.6667 0.3333
331 0.4667 0.5333
332 0.4286 0.5714
333 0.1818 0.8182
334 0.8571 0.1429
335 0.4444 0.5556
336 0.4 0.6
337 0.2857 0.7143
338 0.5 0.5
339 0.5 0.5
340 0.4545 0.5455
341 0.6667 0.3333
342 0.4375 0.5625
343 0.3333 0.6667
344 1.0 0.0
345 0.7143 0.2857
346 0.625 0.375
347 0.625 0.375
348 0.3 0.7
349 0.0 1.0
350 0.3333 0.6667
352 0.0 1.0
353 0.3333 0.6667
354 0.625 0.375
355 0.25 0.75
356 0.0 1.0
358 0.0 1.0
359 0.3333 0.6667
360 1.0 0.0
361 0.5 0.5
362 0.0 1.0
365 0.5 0.5
366 0.5 0.5
367 0.5 0.5
368 0.5 0.5
369 0.6667 0.3333
370 1.0 0.0
371 0.25 0.75
372 0.75 0.25
373 0.25 0.75
374 1.0 0.0
375 0.5 0.5
376 1.0 0.0
378 0.0 1.0
379 0.0 1.0
380 1.0 0.0
381 0.5 0.5
382 0.0 1.0
392 1.0 0.0
393 1.0 0.0
394 1.0 0.0
395 1.0 0.0
396 0.6667 0.3333
397 0.6667 0.3333
398 1.0 0.0
399 0.25 0.75
400 0.0 1.0
