1 -0.00022716848597893052 1.288897271004415 53876311
2 0.18527448672636523 1.54894100536057 44189441
3 0.12110267211069546 2.4123757475443 41517292
4 0.1445053651496082 3.020058516746484 37544433
5 0.14969504280250917 3.7171136514885394 34174632
6 0.16023484857059409 4.388807600638673 31188097
7 0.15514237676507062 5.175423366578512 28639364
8 0.1582266683835162 5.914456341938045 26443785
9 0.15011301835607402 6.746786774186686 24511505
10 0.14948723644175843 7.538720953726268 22807198
11 0.1408910303434165 8.413718317450048 21279410
12 0.13443690938159863 9.223547724609062 19907524
13 0.12355004232878064 10.122433070055603 18661062
14 0.11496388984267414 10.973007074684228 17520832
15 0.10290340581346154 11.892371049645362 16481437
16 0.09335919330295077 12.766647704768975 15522060
17 0.07901043066658886 13.69235038913099 14635498
18 0.06552076010662533 14.575120770272667 13809852
19 0.051351397746359974 15.543903080822297 13048934
20 0.038266142660194666 16.419735919212084 12338270
21 0.020306501994872456 17.35519966627116 11680446
22 0.00427057241619248 18.267577236637752 11060344
23 -0.011062149470493242 19.24799987225318 10484852
24 -0.0293670689435212 20.115755873995614 9939092
25 -0.04584188529090863 21.080002615349784 9432051
26 -0.060733285547493715 22.05179672473998 8953838
27 -0.08216794091684161 22.917301990207186 8504217
28 -0.10252015291282307 23.89716365353858 8086176
29 -0.12334244854824386 24.730718575428305 7681662
30 -0.14141284364966028 25.749415769598397 7300822
31 -0.16567847439114528 26.627172826905227 6932524
32 -0.18283504799776548 27.579253351725306 6594682
33 -0.20527546097049573 28.491823537625994 6278276
34 -0.22595914099977224 29.457806186652 5979882
35 -0.24147425439972028 30.389693234595114 5691555
36 -0.2671316694301616 31.37559116409578 5419466
37 -0.28769139651621445 32.20266445819997 5163234
38 -0.3075482397128584 33.143719481227535 4920220
39 -0.33178790060257596 34.12088668110773 4691027
40 -0.3546050558874635 34.93648957674783 4472291
41 -0.37867237383952823 35.82982494992426 4262706
42 -0.4033668080634544 36.658454602934015 4065156
43 -0.4181301185123799 37.56228639389588 3875882
44 -0.4382689982797757 38.66200798872185 3696611
45 -0.4616010063384114 39.60485816955149 3524858
46 -0.4896202078544941 40.29858825644017 3363603
47 -0.5119163025392394 41.26054274416598 3208126
48 -0.5235832985159804 42.15746786948133 3061213
49 -0.5561392562843805 43.42872832867582 2920256
50 -0.5732761142940019 43.87889641036049 2785553
51 -0.5989575640868088 44.712455898471 2660883
52 -0.6244926603020265 45.99509076855828 2540704
53 -0.6435856331905097 46.76431477219647 2425368
54 -0.6715546052069554 47.58562196111122 2317746
55 -0.6835733691788467 48.600001882434974 2215433
56 -0.7126985366315316 49.47348204962447 2113275
57 -0.7310227067886622 50.39735172700092 2019308
58 -0.7617849550850434 51.36070144323975 1927309
59 -0.7952958968613401 52.19082142331756 1839543
60 -0.7903060210543579 53.1434967246797 1756121
61 -0.8271375387193737 54.28588998804586 1679069
62 -0.8482619050141826 55.12188193155412 1604429
63 -0.878759981653136 55.90495633881591 1532687
64 -0.890778855446284 57.007959846825656 1462107
65 -0.9153281863221849 57.83086931801776 1398352
66 -0.9395173968898511 58.851286919538246 1335756
67 -0.95404670421525 59.597771937325454 1277101
68 -0.97282200848749 60.30860742680735 1220620
69 -1.0126190447647705 61.559564796776 1167838
70 -1.0331474536211602 62.909875197474825 1116134
71 -1.0534161280657048 63.33519682053671 1064641
72 -1.0731278625541019 64.70776018098854 1016138
73 -1.0740901935364386 65.29349614599464 971910
74 -1.1008137845444388 66.31602362331384 929853
75 -1.123971185324828 67.1330354853859 890102
76 -1.1520951291717851 68.41533809569042 849876
77 -1.1616127780890748 69.18532198531531 812015
78 -1.2123836105033388 70.5006823053813 776058
79 -1.2263645692812366 71.3834952598907 743513
80 -1.2379214476648908 71.62623477373054 709667
81 -1.2698102666232294 73.10037116347411 678373
82 -1.2869530140997731 73.86839344068348 649514
83 -1.2929753516026126 75.32927864185066 621298
84 -1.3225128440722063 76.17574812142627 594243
85 -1.372066212585052 77.37500557190762 566418
86 -1.3809333607013612 78.19878013986452 540777
87 -1.3767225785549817 79.32276651526495 518554
88 -1.4245562457839573 80.2384082973383 496615
89 -1.4557951590656097 81.54248365237567 473421
90 -1.4468782965596108 82.00221988167523 451228
91 -1.4877690383462805 84.62561201842034 432141
92 -1.497746440730424 84.20606985957028 413568
93 -1.4983016861920142 86.16614460765528 395981
94 -1.542248083465758 86.8270888176912 379461
95 -1.5416620782309929 87.75461283083577 363232
96 -1.5568467788840836 88.69596827557713 347302
97 -1.5974331131420987 90.51241581630406 331530
98 -1.607021871195251 91.19808429245184 317038
99 -1.6222291056358682 91.36216118029047 303467
100 -1.6562352348796545 92.91911407383544 289957
101 -1.6613608283177144 95.25228617785707 276802
102 -1.7344055886025098 95.51923898406586 265111
103 -1.679493151225674 97.14361807492446 253330
104 -1.7391964076436264 98.03702583553118 243183
105 -1.741363496091071 97.80020786519607 233312
106 -1.7971717825319151 100.19582166107188 222543
107 -1.817402288810936 101.03092228936562 212949
108 -1.8490683260198515 101.6127832081612 204417
109 -1.8493971897841954 102.40845213814154 195501
110 -1.81797331332726 104.37043522591021 186610
111 -1.8901393324794022 107.0937584342253 178781
112 -1.907113297962376 108.65983645907404 171327
113 -1.9375845540748178 107.95685285670861 163357
114 -1.9541033920521755 109.34332014545319 156395
115 -1.9214870217343225 110.21354471493132 149211
116 -1.959673658050998 111.86033977362871 143653
117 -1.9994287119261809 113.49918251473954 138284
118 -2.0129274111098487 114.85645751758292 132045
119 -2.0449123981165 117.1664461984353 125511
120 -2.061591060707138 115.26151674804551 119920
121 -2.0688361975201217 118.21386501493514 114925
122 -2.0565312000577864 117.47507569236443 110753
123 -2.1253572234338574 118.93561857397823 106376
124 -2.1236053444577814 123.12513180166455 101638
125 -2.158895749791252 124.82376303681917 97007
126 -2.127422658186914 121.24245700935185 92770
127 -2.173404614518852 124.00897417112107 88850
128 -2.1678281273951443 130.38407563364797 84807
129 -2.1932616452054963 129.32027163552578 80999
130 -2.2781866085218496 132.00925837107482 77049
131 -2.308190445159451 131.79262233677397 73659
132 -2.227964170994354 130.0559721689182 70669
133 -2.3215558150880358 135.947590134471 67643
134 -2.330497654026613 135.97236502424263 65005
135 -2.326588197355692 134.8058361183902 62020
136 -2.3468528182840265 140.14878512989898 59593
137 -2.3916068026497475 138.79242566526193 57213
138 -2.374699035102011 140.44125489910132 55239
139 -2.3640002265561577 139.10042244476745 52967
140 -2.368697270962887 137.83005828230057 50494
141 -2.456756194045388 148.0260187927344 48030
142 -2.5104582433640865 148.8180164294163 45849
143 -2.5693448927116753 150.332751301328 43947
144 -2.446367192129904 147.7278394161952 42185
145 -2.404706175298805 149.6514768558981 40160
146 -2.636313840054254 157.76044978537942 38338
147 -2.4555473311949996 148.66620527997185 36477
148 -2.6279394578570816 156.47032733071313 35083
149 -2.6364672023024345 154.11433629017625 33356
150 -2.533295922184811 153.32184312118426 32076
151 -2.6609262883235485 161.94543345379682 30660
152 -2.766678023850085 165.85356766975556 29350
153 -2.480570777880578 156.61116260923504 28102
154 -2.71417638483965 161.62103809716828 27440
155 -2.7121235581017262 161.85554164672922 25834
156 -2.7768004625041294 171.4629421250345 24216
157 -2.635376728557274 163.77098301083484 23213
158 -2.992850522971005 177.2052094878292 22659
159 -2.8438299817184642 174.1792215286806 21880
160 -2.5815636834284073 170.0373169739057 20861
161 -2.82050267168019 179.88387016093688 20212
162 -2.8912275231264943 181.5968890554986 19242
163 -2.797130133597229 178.19151191340774 18189
164 -2.8175438596491227 185.56728496536132 17385
165 -2.858243080625752 178.00517573393222 16620
166 -2.9239440109005326 180.99570192279114 16146
167 -2.978203048978268 188.3456812341522 15415
168 -2.8094814612122043 186.60216211995325 14618
169 -2.6850444508173217 170.98332379355037 13948
170 -2.677141142942853 175.59420223641587 13334
171 -3.0871085554433133 187.04214401347022 12869
172 -2.9185686338441474 198.95660662416128 12268
173 -3.0021475818228676 192.93264722192717 11641
174 -2.9648914827649095 183.5031445578027 10966
175 -3.1379441023211747 201.41233096987403 10555
176 -3.179952644041042 204.9778775036769 10136
177 -2.7741176470588234 181.00820989920265 9775
178 -3.1940729645875683 213.63838147450926 9347
179 -3.1600819765455994 205.99213534566516 8783
180 -2.9348627124687985 198.31027038707154 8413
181 -3.0309316770186334 210.13283205123258 8050
182 -3.133324827762184 205.42302571510442 7838
183 -2.898480570122361 199.11447530327317 7437
184 -3.3958721513544505 220.4446898549461 6977
185 -2.955345060893099 208.5791215581244 6651
186 -2.986463088304738 216.90175284520606 6353
187 -3.200591424346969 217.8942135486894 6087
188 -3.14187209101879 208.4320357298899 5801
189 -3.5452635265277537 235.27229020808838 5711
190 -3.084751901484969 214.2148381220763 5522
191 -3.2081891580161477 225.67003674391933 5202
192 -3.4124414976599065 233.42057063815318 5128
193 -3.7959349593495935 249.72339810959085 4920
194 -3.104496788008565 240.03190697375845 4670
195 -3.5667041619797524 231.1008936368893 4445
196 -3.3768867924528303 247.75842804378783 4240
197 -3.714788732394366 245.01221590104 3976
198 -3.5041972717733474 249.66183967566937 3812
199 -3.209339774557166 229.12579575304494 3726
200 -3.4659598214285716 242.09872965909997 3584
201 -3.359333134861566 262.7791857416558 3359
202 -3.570612980769231 251.72878784540842 3328
203 -3.701027717222049 267.36063114560363 3211
204 -3.6579196964906733 256.2048274143543 3163
205 -3.565861513687601 252.13036435441254 3105
206 -3.4837962962962963 228.39920833945723 3024
207 -3.378793288111389 242.38739747280036 2801
208 -3.0453514739229024 212.1287066602907 2646
209 -2.818040435458787 218.11463566243964 2572
210 -3.341138473960436 273.7475728661701 2477
211 -3.7343816404589885 282.43305929676444 2353
212 -3.1347387717690194 248.3429820353345 2182
213 -3.1876804619826755 231.40750944168755 2078
214 -3.783071464774455 253.7704787566769 1973
215 -4.498117267348037 313.789533841009 1859
216 -4.145152354570637 286.70912469977975 1805
217 -2.858111927642736 223.94312385180237 1769
218 -4.09106529209622 322.473379506619 1746
219 -3.518873576992211 262.3538978324295 1669
220 -3.8892307692307693 296.6252686390533 1625
221 -3.8228247162673394 261.77377915843067 1586
222 -4.116677653263019 287.45968889609253 1517
223 -3.5965277777777778 269.65734905478394 1440
224 -4.725108225108225 318.73035081801316 1386
225 -3.839035769828927 316.0355213097625 1286
226 -3.4987255734919285 285.46155317617695 1177
227 -3.081372549019608 220.5374961553249 1020
228 -4.643632773938796 338.0437822619861 1013
229 -4.033033033033033 313.2471570669769 999
230 -4.538690476190476 323.04612209467115 1008
231 -3.753381893860562 327.7716456907856 961
232 -4.169329073482428 297.3930529044902 939
233 -4.2004530011325025 316.68122289784776 883
234 -3.2375434530706837 256.6747434439403 863
235 -4.762607626076261 344.05557598011404 813
236 -3.5818639798488663 276.8251622686522 794
237 -6.307884856070087 470.29569502554034 799
238 -3.776158940397351 260.20817332573137 755
239 -4.527967257844475 365.2996953222567 733
240 -4.047142857142857 323.39349183673465 700
241 -3.6580459770114944 276.47214790593205 696
242 -3.418641390205371 225.48824649541166 633
243 -5.522151898734177 434.95837005287615 632
244 -4.158163265306122 301.6943721366098 588
245 -4.057971014492754 295.670552404957 552
246 -3.4519572953736657 270.12313673838986 562
247 -4.484346224677717 358.07295937920765 543
248 -4.04887983706721 340.00168408128394 491
249 -3.558648111332008 270.7197214328344 503
250 -2.8785425101214575 249.183628644954 494
251 -3.6914414414414414 246.91154837269698 444
252 -3.035532994923858 376.206859233683 394
253 -4.3403693931398415 337.7231988081398 379
254 -3.689149560117302 347.93856261986053 341
255 -2.787425149700599 261.6045125318226 334
256 -5.154727793696275 423.22534297747956 349
257 -4.9186046511627906 430.16197944835045 344
258 -5.32398753894081 480.2003280247668 321
259 -3.9934426229508198 363.4688094598226 305
260 -5.6571428571428575 479.04435374149665 315
261 -4.0476190476190474 309.2101866387581 273
262 -2.891385767790262 244.83089957777494 267
263 -4.0928270042194095 255.01248019370112 237
264 -2.937777777777778 255.57835061728392 225
265 -3.919811320754717 336.6680980776077 212
266 -4.821428571428571 436.95918367346945 224
267 -3.311320754716981 296.3276076895692 212
268 -3.625668449197861 378.0203036975606 187
269 -4.333333333333333 283.4675052410902 159
270 -3.7285714285714286 348.75489795918367 140
271 -2.245614035087719 130.1326562019083 114
272 -5.825174825174825 568.1442613330724 143
273 -5.575342465753424 396.90185775942956 146
274 -7.406015037593985 535.8351517892476 133
275 -6.2936507936507935 580.5724993701182 126
276 -6.646551724137931 499.2457639714625 116
277 -5.028776978417266 420.43082656177216 139
278 -3.442857142857143 241.43244897959178 140
279 -5.113636363636363 526.2067837465565 132
280 -4.56 334.3584 125
281 -7.912280701754386 726.4309018159435 114
282 -2.9183673469387754 288.54435651811747 98
283 -5.116279069767442 439.66089778258504 86
284 -4.109756097560975 455.2684414039261 82
285 -5.635416666666667 394.7316623263889 96
286 -4.341772151898734 375.21230572023717 79
287 -4.756756756756757 415.9678597516435 74
288 -5.786666666666667 504.2744888888888 75
289 -4.083333333333333 580.3819444444445 72
290 -3.0952380952380953 169.03854875283454 63
291 -4.951612903225806 364.20733610822055 62
292 -6.2727272727272725 459.83471074380174 66
293 -5.556962025316456 431.25941355552 79
294 -3.6956521739130435 185.80592312539383 69
295 -4.45 418.5141666666666 60
296 -5.402985074626866 394.5987970594786 67
297 -3.8421052631578947 520.5803324099725 76
298 -6.402985074626866 537.3152149699264 67
299 -5.195652173913044 430.67911153119104 46
300 -7.4576271186440675 790.7905774202814 59
301 -2.8059701492537314 165.20115838716865 67
302 -2.265625 275.257568359375 64
303 -3.640625 573.573974609375 64
304 -1.4576271186440677 49.80752657282391 59
305 -2.2916666666666665 141.5815972222222 48
306 -4.305555555555555 601.2677469135803 36
307 -1.096774193548387 10.151925078043702 31
308 -5.48 378.6495999999999 25
309 -1.7083333333333333 136.12326388888889 24
310 -5.0 234.0 20
311 -4.0 626.4444444444445 18
312 -11.029411764705882 950.9697231833911 34
313 -3.3076923076923075 224.82840236686386 26
314 0.07407407407407407 4.883401920438957 27
315 -1.5 61.375 32
316 -1.7096774193548387 36.464099895941736 31
317 -7.269230769230769 777.5044378698224 26
318 -2.25 49.1875 28
319 -2.5925925925925926 512.6117969821674 27
320 -2.5217391304347827 127.20604914933841 23
321 -4.235294117647059 139.12110726643598 17
322 -2.5294117647058822 451.07266435986156 17
323 -19.25 2301.4875 20
324 -11.833333333333334 1547.472222222222 12
325 1.631578947368421 14.443213296398886 19
326 -0.34782608695652173 7.879017013232515 23
327 -5.2105263157894735 177.53462603878117 19
328 -1.0909090909090908 5.537190082644629 11
329 -14.375 1476.234375 8
330 -5.222222222222222 262.6172839506173 9
331 -2.8 86.16000000000003 15
332 -10.285714285714286 1113.061224489796 14
333 -16.636363636363637 2240.413223140496 11
334 4.571428571428571 32.816326530612244 7
335 -1.4444444444444444 16.024691358024693 9
336 -0.8 14.959999999999997 10
337 -2.2857142857142856 16.775510204081634 7
338 -12.083333333333334 1983.5763888888887 12
339 0.0 2.6 10
340 -0.8181818181818182 4.148760330578512 11
341 -10.5 398.9166666666667 12
342 -5.5625 271.62109375 16
343 -0.6666666666666666 1.7777777777777777 9
344 1.4 0.64 5
345 -0.14285714285714285 102.40816326530613 7
346 -14.0 1487.25 8
347 0.125 1.359375 8
348 -18.5 2699.05 10
349 -1.0 0.0 3
350 -5.333333333333333 69.55555555555556 3
352 -133.0 0.0 1
353 -82.66666666666667 5068.222222222223 3
354 5.0 161.25 8
355 -1.0 3.0 8
356 -1.0 0.0 3
358 -3.0 0.0 1
359 -4.333333333333333 38.22222222222223 3
360 1.0 0.0 1
361 -1.5 240.25 2
362 -10.5 90.25 2
365 -2.5 12.25 2
366 0.0 1.0 2
367 0.0 1.0 2
368 0.0 1.0 2
369 0.6666666666666666 1.5555555555555554 3
370 1.5 0.75 4
371 -0.5 0.75 4
372 0.0 3.0 4
373 -3.0 76.0 4
374 1.0 0.0 1
375 0.0 1.0 2
376 3.0 0.0 1
378 -59.0 0.0 1
379 -1.0 0.0 1
380 1.0 0.0 1
381 -4.0 25.0 2
382 -1.0 0.0 1
392 1.0 0.0 1
393 1.0 0.0 1
394 1.0 0.0 1
395 1.6666666666666667 0.888888888888889 3
396 0.3333333333333333 0.888888888888889 3
397 0.3333333333333333 0.888888888888889 3
398 1.0 0.0 3
399 -19.0 904.5 4
400 -1.0 0.0 1
