-174 1
-173 1
-172 0
-171 0
-170 0
-169 0
-168 0
-167 0
-166 1
-165 0
-164 0
-163 0
-162 0
-161 0
-160 0
-159 1
-158 0
-157 0
-156 0
-155 0
-154 0
-153 0
-152 0
-151 1
-150 0
-149 1
-148 0
-147 0
-146 1
-145 0
-144 1
-143 0
-142 1
-141 0
-140 1
-139 0
-138 2
-137 0
-136 3
-135 3
-134 3
-133 3
-132 5
-131 1
-130 2
-129 5
-128 3
-127 5
-126 3
-125 4
-124 4
-123 5
-122 4
-121 10
-120 11
-119 7
-118 8
-117 6
-116 17
-115 12
-114 10
-113 13
-112 13
-111 16
-110 14
-109 20
-108 30
-107 27
-106 33
-105 33
-104 41
-103 42
-102 28
-101 39
-100 65
-99 43
-98 74
-97 78
-96 73
-95 76
-94 88
-93 87
-92 97
-91 110
-90 119
-89 156
-88 158
-87 198
-86 189
-85 196
-84 249
-83 238
-82 286
-81 325
-80 381
-79 406
-78 434
-77 503
-76 521
-75 606
-74 655
-73 790
-72 831
-71 926
-70 1025
-69 1089
-68 1264
-67 1384
-66 1553
-65 1657
-64 1894
-63 2047
-62 2224
-61 2661
-60 2916
-59 3216
-58 3590
-57 4047
-56 4415
-55 4813
-54 5472
-53 6123
-52 6724
-51 7698
-50 8500
-49 9378
-48 10862
-47 11726
-46 13292
-45 14910
-44 16677
-43 18941
-42 21088
-41 23560
-40 26763
-39 29906
-38 33675
-37 38443
-36 42843
-35 48698
-34 55040
-33 61793
-32 70664
-31 80630
-30 91240
-29 103949
-28 118558
-27 135752
-26 155348
-25 177842
-24 203987
-23 234592
-22 270957
-21 314835
-20 365135
-19 425712
-18 497808
-17 585134
-16 690352
-15 818484
-14 979294
-13 1178438
-12 1429056
-11 1751613
-10 2169597
-9 2731192
-8 3505812
-7 4603727
-6 6245521
-5 8899398
-4 13665006
-3 24159451
-2 53945006
-1 244893648
0 0
1 267455589
2 39019004
3 19562437
4 12195795
5 8266496
6 5926287
7 4418246
8 3392479
9 2655311
10 2118545
11 1710492
12 1400525
13 1156208
14 960318
15 806592
16 678622
17 576251
18 490784
19 420353
20 360687
21 310477
22 268072
23 233030
24 201860
25 175127
26 152752
27 134411
28 117482
29 102578
30 90413
31 79114
32 69854
33 61588
34 54227
35 48208
36 42454
37 37928
38 33380
39 29615
40 26289
41 23589
42 21030
43 18642
44 16798
45 14826
46 13229
47 11942
48 10673
49 9178
50 8438
51 7512
52 6694
53 6051
54 5414
55 4930
56 4303
57 3845
58 3579
59 3151
60 2876
61 2517
62 2301
63 2086
64 1924
65 1704
66 1533
67 1320
68 1183
69 1109
70 961
71 932
72 837
73 735
74 658
75 619
76 542
77 473
78 409
79 355
80 382
81 294
82 293
83 251
84 231
85 196
86 199
87 168
88 156
89 149
90 131
91 119
92 102
93 86
94 78
95 76
96 78
97 60
98 68
99 41
100 53
101 41
102 47
103 32
104 26
105 40
106 22
107 30
108 22
109 24
110 16
111 16
112 11
113 10
114 13
115 17
116 12
117 10
118 7
119 10
120 13
121 6
122 8
123 6
124 6
125 4
126 1
127 2
128 0
129 2
130 1
131 2
132 1
133 4
134 3
135 2
136 2
137 2
138 0
139 3
140 2
141 0
142 0
143 0
144 0
145 1
146 1
147 1
148 1
149 2
150 0
151 2
152 0
153 1
154 0
155 0
156 0
157 0
158 0
159 1
160 0
161 0
162 0
163 0
164 0
165 0
166 1
167 0
168 1
169 0
170 0
171 1
