-3178 1
-3177 0
-3176 0
-3175 0
-3174 0
-3173 0
-3172 0
-3171 0
-3170 0
-3169 0
-3168 0
-3167 0
-3166 0
-3165 0
-3164 0
-3163 0
-3162 0
-3161 0
-3160 0
-3159 0
-3158 0
-3157 0
-3156 0
-3155 0
-3154 0
-3153 0
-3152 0
-3151 0
-3150 0
-3149 0
-3148 0
-3147 0
-3146 0
-3145 0
-3144 0
-3143 0
-3142 0
-3141 0
-3140 0
-3139 0
-3138 0
-3137 0
-3136 0
-3135 0
-3134 0
-3133 0
-3132 0
-3131 0
-3130 0
-3129 0
-3128 0
-3127 0
-3126 0
-3125 0
-3124 0
-3123 0
-3122 0
-3121 0
-3120 0
-3119 0
-3118 0
-3117 0
-3116 0
-3115 0
-3114 0
-3113 0
-3112 0
-3111 0
-3110 0
-3109 0
-3108 0
-3107 0
-3106 0
-3105 0
-3104 0
-3103 0
-3102 0
-3101 0
-3100 0
-3099 0
-3098 0
-3097 0
-3096 0
-3095 0
-3094 0
-3093 0
-3092 0
-3091 0
-3090 0
-3089 0
-3088 0
-3087 0
-3086 0
-3085 0
-3084 1
-3083 0
-3082 0
-3081 0
-3080 0
-3079 0
-3078 0
-3077 0
-3076 0
-3075 0
-3074 0
-3073 0
-3072 0
-3071 0
-3070 0
-3069 0
-3068 0
-3067 0
-3066 0
-3065 0
-3064 0
-3063 0
-3062 0
-3061 0
-3060 0
-3059 0
-3058 0
-3057 0
-3056 0
-3055 0
-3054 0
-3053 0
-3052 0
-3051 0
-3050 0
-3049 0
-3048 0
-3047 0
-3046 0
-3045 0
-3044 0
-3043 0
-3042 0
-3041 0
-3040 0
-3039 0
-3038 0
-3037 0
-3036 0
-3035 0
-3034 0
-3033 0
-3032 0
-3031 0
-3030 0
-3029 0
-3028 0
-3027 0
-3026 0
-3025 0
-3024 0
-3023 0
-3022 0
-3021 0
-3020 0
-3019 0
-3018 0
-3017 0
-3016 0
-3015 0
-3014 0
-3013 0
-3012 0
-3011 0
-3010 0
-3009 0
-3008 0
-3007 0
-3006 0
-3005 0
-3004 0
-3003 0
-3002 0
-3001 0
-3000 0
-2999 0
-2998 0
-2997 0
-2996 0
-2995 0
-2994 0
-2993 0
-2992 0
-2991 0
-2990 0
-2989 0
-2988 0
-2987 0
-2986 0
-2985 0
-2984 0
-2983 0
-2982 0
-2981 0
-2980 0
-2979 0
-2978 0
-2977 0
-2976 0
-2975 0
-2974 0
-2973 0
-2972 0
-2971 0
-2970 0
-2969 0
-2968 0
-2967 0
-2966 0
-2965 0
-2964 0
-2963 0
-2962 0
-2961 0
-2960 0
-2959 0
-2958 0
-2957 0
-2956 0
-2955 0
-2954 0
-2953 0
-2952 0
-2951 0
-2950 0
-2949 0
-2948 0
-2947 0
-2946 0
-2945 0
-2944 0
-2943 0
-2942 0
-2941 0
-2940 0
-2939 0
-2938 0
-2937 0
-2936 0
-2935 0
-2934 0
-2933 0
-2932 1
-2931 0
-2930 0
-2929 0
-2928 0
-2927 0
-2926 0
-2925 0
-2924 0
-2923 0
-2922 0
-2921 0
-2920 0
-2919 0
-2918 0
-2917 0
-2916 0
-2915 0
-2914 0
-2913 0
-2912 0
-2911 0
-2910 0
-2909 0
-2908 0
-2907 0
-2906 0
-2905 0
-2904 0
-2903 0
-2902 0
-2901 0
-2900 0
-2899 0
-2898 0
-2897 0
-2896 0
-2895 0
-2894 0
-2893 0
-2892 0
-2891 0
-2890 0
-2889 1
-2888 0
-2887 0
-2886 0
-2885 0
-2884 0
-2883 0
-2882 0
-2881 0
-2880 0
-2879 0
-2878 0
-2877 0
-2876 0
-2875 0
-2874 0
-2873 0
-2872 0
-2871 0
-2870 0
-2869 0
-2868 0
-2867 0
-2866 0
-2865 0
-2864 0
-2863 0
-2862 0
-2861 0
-2860 0
-2859 0
-2858 0
-2857 0
-2856 0
-2855 0
-2854 0
-2853 0
-2852 0
-2851 0
-2850 0
-2849 0
-2848 0
-2847 0
-2846 0
-2845 0
-2844 0
-2843 0
-2842 0
-2841 0
-2840 0
-2839 0
-2838 0
-2837 0
-2836 0
-2835 0
-2834 0
-2833 0
-2832 0
-2831 0
-2830 0
-2829 0
-2828 0
-2827 0
-2826 0
-2825 0
-2824 0
-2823 0
-2822 1
-2821 0
-2820 0
-2819 0
-2818 0
-2817 0
-2816 0
-2815 0
-2814 0
-2813 0
-2812 0
-2811 0
-2810 0
-2809 0
-2808 0
-2807 0
-2806 1
-2805 0
-2804 0
-2803 0
-2802 0
-2801 0
-2800 0
-2799 0
-2798 0
-2797 0
-2796 1
-2795 0
-2794 0
-2793 0
-2792 0
-2791 0
-2790 0
-2789 0
-2788 0
-2787 0
-2786 0
-2785 1
-2784 1
-2783 0
-2782 0
-2781 0
-2780 0
-2779 0
-2778 0
-2777 0
-2776 0
-2775 0
-2774 0
-2773 0
-2772 0
-2771 0
-2770 0
-2769 0
-2768 0
-2767 0
-2766 0
-2765 0
-2764 0
-2763 0
-2762 0
-2761 0
-2760 0
-2759 0
-2758 0
-2757 0
-2756 0
-2755 0
-2754 0
-2753 0
-2752 0
-2751 0
-2750 0
-2749 0
-2748 0
-2747 0
-2746 0
-2745 0
-2744 0
-2743 0
-2742 0
-2741 0
-2740 0
-2739 0
-2738 0
-2737 0
-2736 0
-2735 0
-2734 0
-2733 0
-2732 1
-2731 0
-2730 0
-2729 0
-2728 0
-2727 0
-2726 0
-2725 0
-2724 0
-2723 0
-2722 0
-2721 0
-2720 0
-2719 0
-2718 0
-2717 1
-2716 0
-2715 0
-2714 0
-2713 0
-2712 0
-2711 0
-2710 0
-2709 0
-2708 0
-2707 0
-2706 0
-2705 0
-2704 0
-2703 0
-2702 1
-2701 0
-2700 0
-2699 0
-2698 0
-2697 0
-2696 0
-2695 0
-2694 0
-2693 0
-2692 0
-2691 0
-2690 0
-2689 0
-2688 0
-2687 0
-2686 0
-2685 1
-2684 0
-2683 0
-2682 0
-2681 0
-2680 0
-2679 0
-2678 0
-2677 0
-2676 0
-2675 0
-2674 0
-2673 0
-2672 0
-2671 0
-2670 0
-2669 0
-2668 0
-2667 0
-2666 0
-2665 0
-2664 0
-2663 0
-2662 0
-2661 0
-2660 0
-2659 0
-2658 0
-2657 0
-2656 0
-2655 0
-2654 0
-2653 0
-2652 0
-2651 0
-2650 0
-2649 0
-2648 0
-2647 1
-2646 1
-2645 0
-2644 0
-2643 0
-2642 0
-2641 0
-2640 0
-2639 0
-2638 0
-2637 1
-2636 0
-2635 0
-2634 0
-2633 0
-2632 0
-2631 0
-2630 0
-2629 0
-2628 0
-2627 0
-2626 1
-2625 0
-2624 0
-2623 0
-2622 0
-2621 0
-2620 0
-2619 0
-2618 0
-2617 0
-2616 0
-2615 0
-2614 0
-2613 0
-2612 0
-2611 0
-2610 0
-2609 1
-2608 1
-2607 0
-2606 0
-2605 0
-2604 0
-2603 0
-2602 0
-2601 0
-2600 0
-2599 0
-2598 0
-2597 0
-2596 0
-2595 0
-2594 0
-2593 0
-2592 0
-2591 0
-2590 0
-2589 0
-2588 0
-2587 0
-2586 1
-2585 0
-2584 0
-2583 0
-2582 0
-2581 0
-2580 0
-2579 0
-2578 0
-2577 0
-2576 0
-2575 0
-2574 0
-2573 0
-2572 0
-2571 0
-2570 0
-2569 0
-2568 0
-2567 0
-2566 0
-2565 0
-2564 0
-2563 0
-2562 0
-2561 0
-2560 0
-2559 0
-2558 0
-2557 0
-2556 0
-2555 0
-2554 0
-2553 0
-2552 0
-2551 0
-2550 0
-2549 0
-2548 0
-2547 0
-2546 0
-2545 0
-2544 0
-2543 0
-2542 0
-2541 0
-2540 0
-2539 0
-2538 0
-2537 0
-2536 0
-2535 2
-2534 0
-2533 0
-2532 0
-2531 0
-2530 0
-2529 0
-2528 0
-2527 0
-2526 0
-2525 0
-2524 0
-2523 0
-2522 0
-2521 0
-2520 0
-2519 1
-2518 1
-2517 0
-2516 0
-2515 0
-2514 0
-2513 0
-2512 0
-2511 0
-2510 0
-2509 0
-2508 1
-2507 0
-2506 0
-2505 0
-2504 0
-2503 0
-2502 0
-2501 0
-2500 0
-2499 2
-2498 0
-2497 0
-2496 0
-2495 0
-2494 0
-2493 0
-2492 0
-2491 0
-2490 0
-2489 0
-2488 0
-2487 0
-2486 0
-2485 0
-2484 0
-2483 0
-2482 0
-2481 0
-2480 1
-2479 0
-2478 1
-2477 0
-2476 0
-2475 0
-2474 0
-2473 0
-2472 0
-2471 0
-2470 0
-2469 0
-2468 0
-2467 0
-2466 0
-2465 0
-2464 0
-2463 0
-2462 0
-2461 0
-2460 0
-2459 0
-2458 0
-2457 0
-2456 0
-2455 0
-2454 0
-2453 0
-2452 1
-2451 0
-2450 0
-2449 0
-2448 0
-2447 0
-2446 0
-2445 0
-2444 0
-2443 0
-2442 0
-2441 0
-2440 1
-2439 0
-2438 0
-2437 0
-2436 0
-2435 0
-2434 0
-2433 0
-2432 0
-2431 0
-2430 0
-2429 0
-2428 0
-2427 0
-2426 1
-2425 0
-2424 0
-2423 0
-2422 0
-2421 0
-2420 0
-2419 0
-2418 0
-2417 0
-2416 0
-2415 0
-2414 1
-2413 0
-2412 0
-2411 1
-2410 0
-2409 0
-2408 2
-2407 1
-2406 0
-2405 1
-2404 0
-2403 0
-2402 1
-2401 0
-2400 0
-2399 1
-2398 0
-2397 0
-2396 1
-2395 0
-2394 0
-2393 0
-2392 1
-2391 0
-2390 1
-2389 0
-2388 0
-2387 1
-2386 0
-2385 0
-2384 0
-2383 0
-2382 0
-2381 1
-2380 0
-2379 0
-2378 0
-2377 0
-2376 0
-2375 0
-2374 0
-2373 0
-2372 0
-2371 1
-2370 0
-2369 0
-2368 0
-2367 0
-2366 0
-2365 0
-2364 0
-2363 1
-2362 0
-2361 0
-2360 0
-2359 0
-2358 0
-2357 1
-2356 0
-2355 0
-2354 0
-2353 0
-2352 0
-2351 0
-2350 1
-2349 0
-2348 0
-2347 0
-2346 0
-2345 0
-2344 0
-2343 1
-2342 0
-2341 0
-2340 0
-2339 0
-2338 1
-2337 0
-2336 2
-2335 0
-2334 1
-2333 0
-2332 0
-2331 0
-2330 0
-2329 1
-2328 0
-2327 0
-2326 0
-2325 0
-2324 0
-2323 0
-2322 0
-2321 0
-2320 1
-2319 0
-2318 1
-2317 1
-2316 0
-2315 0
-2314 0
-2313 1
-2312 0
-2311 0
-2310 0
-2309 0
-2308 0
-2307 0
-2306 0
-2305 0
-2304 1
-2303 0
-2302 0
-2301 1
-2300 0
-2299 1
-2298 1
-2297 0
-2296 0
-2295 0
-2294 0
-2293 0
-2292 0
-2291 0
-2290 1
-2289 0
-2288 0
-2287 1
-2286 1
-2285 1
-2284 0
-2283 1
-2282 1
-2281 0
-2280 0
-2279 0
-2278 0
-2277 0
-2276 0
-2275 1
-2274 0
-2273 0
-2272 2
-2271 0
-2270 2
-2269 0
-2268 0
-2267 0
-2266 0
-2265 1
-2264 0
-2263 0
-2262 0
-2261 0
-2260 0
-2259 1
-2258 0
-2257 0
-2256 0
-2255 1
-2254 0
-2253 1
-2252 1
-2251 0
-2250 1
-2249 0
-2248 0
-2247 2
-2246 1
-2245 0
-2244 0
-2243 0
-2242 1
-2241 0
-2240 0
-2239 0
-2238 1
-2237 0
-2236 0
-2235 1
-2234 1
-2233 1
-2232 0
-2231 1
-2230 1
-2229 1
-2228 0
-2227 1
-2226 0
-2225 2
-2224 0
-2223 0
-2222 1
-2221 0
-2220 0
-2219 2
-2218 1
-2217 0
-2216 0
-2215 0
-2214 0
-2213 0
-2212 0
-2211 1
-2210 0
-2209 1
-2208 0
-2207 1
-2206 0
-2205 0
-2204 3
-2203 1
-2202 0
-2201 0
-2200 0
-2199 0
-2198 0
-2197 0
-2196 1
-2195 0
-2194 1
-2193 0
-2192 0
-2191 1
-2190 0
-2189 0
-2188 0
-2187 0
-2186 0
-2185 0
-2184 0
-2183 0
-2182 0
-2181 0
-2180 2
-2179 1
-2178 2
-2177 1
-2176 0
-2175 0
-2174 2
-2173 0
-2172 0
-2171 0
-2170 2
-2169 0
-2168 0
-2167 0
-2166 0
-2165 0
-2164 0
-2163 2
-2162 0
-2161 0
-2160 0
-2159 0
-2158 0
-2157 0
-2156 1
-2155 1
-2154 0
-2153 1
-2152 1
-2151 0
-2150 1
-2149 0
-2148 1
-2147 1
-2146 0
-2145 0
-2144 1
-2143 1
-2142 1
-2141 0
-2140 1
-2139 0
-2138 2
-2137 1
-2136 0
-2135 2
-2134 1
-2133 0
-2132 0
-2131 0
-2130 0
-2129 0
-2128 0
-2127 0
-2126 0
-2125 1
-2124 0
-2123 0
-2122 2
-2121 1
-2120 1
-2119 1
-2118 0
-2117 1
-2116 1
-2115 0
-2114 3
-2113 0
-2112 0
-2111 0
-2110 0
-2109 0
-2108 0
-2107 0
-2106 2
-2105 0
-2104 0
-2103 0
-2102 3
-2101 1
-2100 0
-2099 1
-2098 0
-2097 0
-2096 1
-2095 1
-2094 1
-2093 0
-2092 1
-2091 0
-2090 0
-2089 0
-2088 1
-2087 1
-2086 1
-2085 1
-2084 1
-2083 0
-2082 1
-2081 1
-2080 0
-2079 2
-2078 0
-2077 1
-2076 0
-2075 0
-2074 1
-2073 1
-2072 0
-2071 1
-2070 0
-2069 1
-2068 1
-2067 1
-2066 0
-2065 0
-2064 0
-2063 1
-2062 3
-2061 0
-2060 1
-2059 1
-2058 3
-2057 1
-2056 0
-2055 0
-2054 0
-2053 0
-2052 2
-2051 2
-2050 2
-2049 1
-2048 0
-2047 1
-2046 0
-2045 0
-2044 3
-2043 0
-2042 2
-2041 2
-2040 1
-2039 0
-2038 1
-2037 0
-2036 1
-2035 0
-2034 1
-2033 0
-2032 0
-2031 1
-2030 1
-2029 1
-2028 0
-2027 2
-2026 0
-2025 0
-2024 1
-2023 0
-2022 0
-2021 0
-2020 0
-2019 1
-2018 1
-2017 0
-2016 1
-2015 0
-2014 0
-2013 0
-2012 0
-2011 0
-2010 3
-2009 3
-2008 1
-2007 0
-2006 1
-2005 0
-2004 1
-2003 1
-2002 0
-2001 1
-2000 3
-1999 0
-1998 0
-1997 2
-1996 2
-1995 2
-1994 1
-1993 1
-1992 1
-1991 2
-1990 0
-1989 0
-1988 0
-1987 2
-1986 1
-1985 0
-1984 1
-1983 1
-1982 2
-1981 4
-1980 0
-1979 1
-1978 1
-1977 3
-1976 1
-1975 1
-1974 2
-1973 3
-1972 3
-1971 0
-1970 2
-1969 1
-1968 1
-1967 0
-1966 2
-1965 1
-1964 0
-1963 0
-1962 1
-1961 2
-1960 1
-1959 2
-1958 1
-1957 0
-1956 0
-1955 2
-1954 1
-1953 1
-1952 1
-1951 0
-1950 2
-1949 0
-1948 0
-1947 1
-1946 1
-1945 2
-1944 1
-1943 3
-1942 3
-1941 2
-1940 5
-1939 3
-1938 0
-1937 0
-1936 1
-1935 0
-1934 1
-1933 0
-1932 3
-1931 2
-1930 3
-1929 1
-1928 1
-1927 3
-1926 0
-1925 0
-1924 0
-1923 3
-1922 2
-1921 0
-1920 1
-1919 2
-1918 4
-1917 2
-1916 3
-1915 2
-1914 3
-1913 2
-1912 2
-1911 2
-1910 0
-1909 1
-1908 1
-1907 0
-1906 2
-1905 3
-1904 1
-1903 0
-1902 2
-1901 1
-1900 0
-1899 1
-1898 1
-1897 0
-1896 0
-1895 2
-1894 1
-1893 0
-1892 0
-1891 2
-1890 0
-1889 0
-1888 3
-1887 0
-1886 1
-1885 0
-1884 0
-1883 2
-1882 4
-1881 1
-1880 1
-1879 1
-1878 2
-1877 0
-1876 3
-1875 1
-1874 1
-1873 1
-1872 1
-1871 1
-1870 4
-1869 4
-1868 0
-1867 3
-1866 1
-1865 1
-1864 1
-1863 1
-1862 1
-1861 0
-1860 3
-1859 4
-1858 3
-1857 1
-1856 3
-1855 1
-1854 1
-1853 4
-1852 1
-1851 3
-1850 0
-1849 4
-1848 1
-1847 2
-1846 5
-1845 1
-1844 1
-1843 0
-1842 2
-1841 2
-1840 3
-1839 1
-1838 2
-1837 3
-1836 0
-1835 3
-1834 1
-1833 4
-1832 0
-1831 3
-1830 1
-1829 3
-1828 1
-1827 3
-1826 2
-1825 2
-1824 1
-1823 0
-1822 1
-1821 4
-1820 2
-1819 1
-1818 2
-1817 3
-1816 1
-1815 2
-1814 0
-1813 1
-1812 1
-1811 0
-1810 2
-1809 0
-1808 2
-1807 0
-1806 1
-1805 3
-1804 0
-1803 6
-1802 2
-1801 1
-1800 3
-1799 1
-1798 6
-1797 0
-1796 3
-1795 6
-1794 3
-1793 4
-1792 7
-1791 2
-1790 0
-1789 1
-1788 0
-1787 1
-1786 0
-1785 4
-1784 2
-1783 0
-1782 1
-1781 3
-1780 1
-1779 1
-1778 1
-1777 2
-1776 1
-1775 3
-1774 3
-1773 2
-1772 3
-1771 4
-1770 2
-1769 0
-1768 2
-1767 3
-1766 3
-1765 6
-1764 0
-1763 3
-1762 3
-1761 2
-1760 1
-1759 5
-1758 2
-1757 2
-1756 2
-1755 2
-1754 5
-1753 3
-1752 3
-1751 4
-1750 3
-1749 0
-1748 3
-1747 3
-1746 2
-1745 1
-1744 2
-1743 2
-1742 2
-1741 3
-1740 4
-1739 6
-1738 4
-1737 4
-1736 2
-1735 4
-1734 3
-1733 4
-1732 4
-1731 2
-1730 5
-1729 3
-1728 5
-1727 6
-1726 3
-1725 2
-1724 2
-1723 3
-1722 4
-1721 4
-1720 3
-1719 2
-1718 4
-1717 4
-1716 1
-1715 2
-1714 6
-1713 3
-1712 3
-1711 4
-1710 2
-1709 3
-1708 3
-1707 0
-1706 3
-1705 8
-1704 4
-1703 1
-1702 5
-1701 1
-1700 3
-1699 5
-1698 7
-1697 3
-1696 3
-1695 3
-1694 5
-1693 3
-1692 3
-1691 5
-1690 3
-1689 2
-1688 6
-1687 1
-1686 5
-1685 3
-1684 3
-1683 2
-1682 5
-1681 3
-1680 1
-1679 5
-1678 6
-1677 2
-1676 2
-1675 0
-1674 0
-1673 6
-1672 7
-1671 8
-1670 1
-1669 2
-1668 2
-1667 5
-1666 4
-1665 10
-1664 2
-1663 2
-1662 2
-1661 6
-1660 2
-1659 9
-1658 3
-1657 6
-1656 6
-1655 4
-1654 7
-1653 5
-1652 4
-1651 8
-1650 7
-1649 5
-1648 4
-1647 3
-1646 9
-1645 3
-1644 3
-1643 4
-1642 6
-1641 5
-1640 6
-1639 1
-1638 2
-1637 2
-1636 3
-1635 4
-1634 4
-1633 7
-1632 6
-1631 6
-1630 2
-1629 6
-1628 3
-1627 3
-1626 3
-1625 6
-1624 5
-1623 3
-1622 10
-1621 2
-1620 4
-1619 5
-1618 2
-1617 2
-1616 7
-1615 11
-1614 5
-1613 11
-1612 3
-1611 4
-1610 4
-1609 6
-1608 5
-1607 7
-1606 5
-1605 3
-1604 7
-1603 6
-1602 4
-1601 7
-1600 12
-1599 3
-1598 5
-1597 7
-1596 7
-1595 3
-1594 5
-1593 5
-1592 10
-1591 5
-1590 9
-1589 11
-1588 3
-1587 7
-1586 8
-1585 3
-1584 2
-1583 9
-1582 6
-1581 8
-1580 11
-1579 6
-1578 4
-1577 9
-1576 8
-1575 7
-1574 8
-1573 3
-1572 5
-1571 5
-1570 4
-1569 3
-1568 10
-1567 8
-1566 5
-1565 4
-1564 10
-1563 8
-1562 6
-1561 9
-1560 3
-1559 5
-1558 3
-1557 7
-1556 5
-1555 12
-1554 9
-1553 6
-1552 4
-1551 7
-1550 5
-1549 6
-1548 6
-1547 4
-1546 7
-1545 9
-1544 11
-1543 3
-1542 9
-1541 5
-1540 11
-1539 6
-1538 6
-1537 9
-1536 10
-1535 9
-1534 8
-1533 7
-1532 11
-1531 8
-1530 9
-1529 3
-1528 8
-1527 16
-1526 10
-1525 7
-1524 9
-1523 15
-1522 8
-1521 9
-1520 6
-1519 8
-1518 6
-1517 7
-1516 9
-1515 1
-1514 9
-1513 7
-1512 5
-1511 11
-1510 12
-1509 9
-1508 8
-1507 8
-1506 7
-1505 6
-1504 8
-1503 7
-1502 10
-1501 7
-1500 12
-1499 5
-1498 12
-1497 9
-1496 3
-1495 3
-1494 5
-1493 14
-1492 7
-1491 5
-1490 10
-1489 7
-1488 9
-1487 9
-1486 8
-1485 8
-1484 7
-1483 10
-1482 7
-1481 12
-1480 13
-1479 6
-1478 15
-1477 12
-1476 8
-1475 7
-1474 9
-1473 18
-1472 14
-1471 8
-1470 12
-1469 10
-1468 5
-1467 11
-1466 8
-1465 8
-1464 6
-1463 5
-1462 10
-1461 15
-1460 14
-1459 12
-1458 9
-1457 9
-1456 12
-1455 7
-1454 9
-1453 8
-1452 11
-1451 8
-1450 10
-1449 7
-1448 11
-1447 11
-1446 9
-1445 12
-1444 5
-1443 11
-1442 10
-1441 8
-1440 7
-1439 14
-1438 17
-1437 10
-1436 12
-1435 6
-1434 8
-1433 10
-1432 11
-1431 9
-1430 14
-1429 14
-1428 5
-1427 9
-1426 9
-1425 11
-1424 14
-1423 14
-1422 12
-1421 10
-1420 7
-1419 13
-1418 13
-1417 12
-1416 12
-1415 6
-1414 16
-1413 14
-1412 9
-1411 15
-1410 10
-1409 15
-1408 15
-1407 10
-1406 11
-1405 15
-1404 12
-1403 5
-1402 12
-1401 11
-1400 15
-1399 17
-1398 9
-1397 14
-1396 13
-1395 16
-1394 16
-1393 18
-1392 10
-1391 19
-1390 9
-1389 10
-1388 9
-1387 13
-1386 22
-1385 10
-1384 8
-1383 10
-1382 16
-1381 13
-1380 10
-1379 13
-1378 24
-1377 18
-1376 13
-1375 12
-1374 15
-1373 17
-1372 14
-1371 20
-1370 13
-1369 18
-1368 15
-1367 22
-1366 13
-1365 21
-1364 9
-1363 23
-1362 23
-1361 23
-1360 12
-1359 9
-1358 19
-1357 12
-1356 19
-1355 18
-1354 14
-1353 17
-1352 13
-1351 14
-1350 16
-1349 18
-1348 15
-1347 21
-1346 11
-1345 9
-1344 15
-1343 14
-1342 18
-1341 22
-1340 13
-1339 16
-1338 26
-1337 21
-1336 20
-1335 17
-1334 16
-1333 26
-1332 19
-1331 13
-1330 15
-1329 15
-1328 18
-1327 16
-1326 18
-1325 18
-1324 12
-1323 23
-1322 19
-1321 23
-1320 20
-1319 14
-1318 9
-1317 18
-1316 19
-1315 15
-1314 16
-1313 18
-1312 20
-1311 24
-1310 21
-1309 12
-1308 27
-1307 27
-1306 18
-1305 18
-1304 18
-1303 22
-1302 19
-1301 18
-1300 20
-1299 30
-1298 19
-1297 18
-1296 22
-1295 27
-1294 26
-1293 14
-1292 18
-1291 25
-1290 15
-1289 21
-1288 22
-1287 17
-1286 20
-1285 24
-1284 19
-1283 22
-1282 20
-1281 27
-1280 22
-1279 18
-1278 22
-1277 22
-1276 24
-1275 26
-1274 25
-1273 31
-1272 16
-1271 29
-1270 22
-1269 16
-1268 31
-1267 24
-1266 16
-1265 15
-1264 24
-1263 31
-1262 20
-1261 23
-1260 18
-1259 16
-1258 24
-1257 34
-1256 23
-1255 21
-1254 26
-1253 23
-1252 19
-1251 22
-1250 31
-1249 30
-1248 32
-1247 39
-1246 20
-1245 31
-1244 27
-1243 17
-1242 25
-1241 36
-1240 26
-1239 28
-1238 24
-1237 27
-1236 25
-1235 27
-1234 28
-1233 26
-1232 40
-1231 28
-1230 30
-1229 26
-1228 27
-1227 31
-1226 28
-1225 19
-1224 36
-1223 36
-1222 19
-1221 31
-1220 31
-1219 30
-1218 31
-1217 34
-1216 23
-1215 23
-1214 33
-1213 26
-1212 29
-1211 36
-1210 39
-1209 38
-1208 34
-1207 30
-1206 37
-1205 28
-1204 31
-1203 37
-1202 40
-1201 40
-1200 21
-1199 32
-1198 56
-1197 32
-1196 46
-1195 36
-1194 34
-1193 31
-1192 37
-1191 39
-1190 31
-1189 37
-1188 41
-1187 42
-1186 36
-1185 44
-1184 34
-1183 25
-1182 29
-1181 32
-1180 33
-1179 35
-1178 30
-1177 36
-1176 29
-1175 34
-1174 40
-1173 27
-1172 30
-1171 43
-1170 41
-1169 40
-1168 27
-1167 46
-1166 42
-1165 39
-1164 35
-1163 41
-1162 49
-1161 37
-1160 32
-1159 25
-1158 35
-1157 38
-1156 42
-1155 50
-1154 44
-1153 32
-1152 48
-1151 36
-1150 43
-1149 39
-1148 45
-1147 54
-1146 35
-1145 36
-1144 34
-1143 46
-1142 48
-1141 39
-1140 38
-1139 44
-1138 41
-1137 46
-1136 52
-1135 44
-1134 37
-1133 44
-1132 44
-1131 51
-1130 40
-1129 45
-1128 38
-1127 53
-1126 47
-1125 40
-1124 40
-1123 52
-1122 46
-1121 47
-1120 50
-1119 41
-1118 56
-1117 42
-1116 34
-1115 56
-1114 53
-1113 56
-1112 52
-1111 57
-1110 56
-1109 42
-1108 36
-1107 44
-1106 63
-1105 54
-1104 40
-1103 52
-1102 64
-1101 52
-1100 65
-1099 47
-1098 49
-1097 45
-1096 58
-1095 44
-1094 60
-1093 45
-1092 49
-1091 55
-1090 57
-1089 64
-1088 53
-1087 57
-1086 60
-1085 63
-1084 59
-1083 66
-1082 70
-1081 60
-1080 51
-1079 45
-1078 55
-1077 56
-1076 58
-1075 64
-1074 61
-1073 69
-1072 68
-1071 61
-1070 75
-1069 74
-1068 54
-1067 57
-1066 64
-1065 62
-1064 71
-1063 59
-1062 54
-1061 48
-1060 63
-1059 58
-1058 65
-1057 52
-1056 80
-1055 89
-1054 59
-1053 66
-1052 59
-1051 63
-1050 70
-1049 74
-1048 63
-1047 61
-1046 68
-1045 60
-1044 57
-1043 50
-1042 77
-1041 68
-1040 78
-1039 73
-1038 77
-1037 76
-1036 61
-1035 78
-1034 59
-1033 85
-1032 58
-1031 68
-1030 67
-1029 84
-1028 78
-1027 81
-1026 66
-1025 63
-1024 55
-1023 62
-1022 71
-1021 79
-1020 70
-1019 73
-1018 98
-1017 82
-1016 75
-1015 61
-1014 68
-1013 65
-1012 74
-1011 80
-1010 69
-1009 78
-1008 74
-1007 79
-1006 84
-1005 70
-1004 75
-1003 62
-1002 73
-1001 73
-1000 74
-999 79
-998 80
-997 68
-996 88
-995 65
-994 88
-993 76
-992 91
-991 95
-990 104
-989 85
-988 88
-987 88
-986 76
-985 91
-984 80
-983 75
-982 80
-981 102
-980 87
-979 75
-978 81
-977 67
-976 88
-975 107
-974 98
-973 87
-972 85
-971 96
-970 94
-969 98
-968 89
-967 87
-966 96
-965 96
-964 78
-963 97
-962 87
-961 95
-960 103
-959 98
-958 84
-957 105
-956 88
-955 99
-954 113
-953 94
-952 107
-951 115
-950 105
-949 108
-948 101
-947 113
-946 90
-945 112
-944 115
-943 112
-942 113
-941 107
-940 113
-939 114
-938 119
-937 112
-936 86
-935 110
-934 99
-933 106
-932 115
-931 105
-930 122
-929 115
-928 100
-927 117
-926 121
-925 131
-924 114
-923 115
-922 114
-921 119
-920 126
-919 126
-918 102
-917 114
-916 118
-915 115
-914 104
-913 107
-912 119
-911 122
-910 142
-909 138
-908 120
-907 119
-906 128
-905 135
-904 134
-903 135
-902 131
-901 143
-900 128
-899 124
-898 137
-897 139
-896 107
-895 142
-894 139
-893 144
-892 131
-891 143
-890 147
-889 111
-888 133
-887 107
-886 168
-885 142
-884 134
-883 166
-882 142
-881 131
-880 136
-879 136
-878 167
-877 140
-876 139
-875 148
-874 158
-873 152
-872 163
-871 141
-870 160
-869 159
-868 168
-867 150
-866 145
-865 156
-864 143
-863 159
-862 158
-861 164
-860 144
-859 172
-858 180
-857 186
-856 143
-855 151
-854 162
-853 193
-852 161
-851 161
-850 159
-849 182
-848 169
-847 157
-846 172
-845 184
-844 165
-843 177
-842 187
-841 154
-840 186
-839 183
-838 176
-837 162
-836 182
-835 160
-834 190
-833 196
-832 195
-831 182
-830 201
-829 176
-828 204
-827 175
-826 196
-825 189
-824 212
-823 180
-822 187
-821 203
-820 186
-819 181
-818 184
-817 207
-816 227
-815 200
-814 191
-813 221
-812 195
-811 204
-810 193
-809 206
-808 201
-807 218
-806 222
-805 221
-804 227
-803 213
-802 209
-801 209
-800 255
-799 188
-798 234
-797 218
-796 190
-795 216
-794 226
-793 216
-792 229
-791 212
-790 233
-789 254
-788 250
-787 230
-786 235
-785 221
-784 259
-783 232
-782 241
-781 251
-780 239
-779 212
-778 238
-777 258
-776 230
-775 254
-774 253
-773 251
-772 247
-771 266
-770 224
-769 255
-768 233
-767 272
-766 292
-765 248
-764 272
-763 272
-762 273
-761 283
-760 279
-759 263
-758 257
-757 255
-756 279
-755 285
-754 273
-753 263
-752 280
-751 300
-750 291
-749 254
-748 307
-747 313
-746 281
-745 321
-744 286
-743 295
-742 288
-741 299
-740 294
-739 293
-738 306
-737 326
-736 300
-735 304
-734 282
-733 299
-732 328
-731 313
-730 329
-729 325
-728 314
-727 308
-726 333
-725 302
-724 366
-723 328
-722 358
-721 342
-720 376
-719 349
-718 340
-717 337
-716 350
-715 340
-714 333
-713 305
-712 348
-711 355
-710 358
-709 343
-708 336
-707 346
-706 338
-705 344
-704 363
-703 364
-702 375
-701 366
-700 346
-699 396
-698 374
-697 382
-696 363
-695 441
-694 402
-693 444
-692 376
-691 419
-690 389
-689 389
-688 391
-687 432
-686 379
-685 377
-684 398
-683 365
-682 404
-681 415
-680 374
-679 396
-678 412
-677 434
-676 419
-675 442
-674 443
-673 450
-672 404
-671 417
-670 402
-669 468
-668 439
-667 456
-666 463
-665 419
-664 419
-663 445
-662 452
-661 453
-660 475
-659 461
-658 457
-657 457
-656 478
-655 500
-654 514
-653 491
-652 506
-651 524
-650 467
-649 499
-648 468
-647 485
-646 503
-645 480
-644 503
-643 468
-642 515
-641 538
-640 496
-639 511
-638 505
-637 550
-636 547
-635 530
-634 515
-633 532
-632 553
-631 551
-630 509
-629 549
-628 538
-627 516
-626 572
-625 564
-624 563
-623 533
-622 538
-621 614
-620 583
-619 578
-618 647
-617 535
-616 588
-615 582
-614 585
-613 594
-612 600
-611 562
-610 597
-609 633
-608 624
-607 615
-606 601
-605 668
-604 652
-603 626
-602 626
-601 650
-600 645
-599 642
-598 668
-597 623
-596 637
-595 637
-594 636
-593 639
-592 691
-591 680
-590 673
-589 671
-588 645
-587 755
-586 684
-585 708
-584 724
-583 718
-582 731
-581 717
-580 730
-579 697
-578 703
-577 714
-576 703
-575 802
-574 793
-573 763
-572 765
-571 745
-570 761
-569 772
-568 807
-567 782
-566 771
-565 757
-564 780
-563 799
-562 808
-561 806
-560 833
-559 821
-558 804
-557 786
-556 842
-555 854
-554 863
-553 860
-552 871
-551 850
-550 859
-549 852
-548 864
-547 855
-546 892
-545 858
-544 900
-543 932
-542 935
-541 916
-540 976
-539 886
-538 974
-537 938
-536 954
-535 940
-534 927
-533 955
-532 870
-531 959
-530 969
-529 934
-528 1007
-527 953
-526 1045
-525 943
-524 987
-523 1013
-522 1029
-521 990
-520 999
-519 1055
-518 1020
-517 1011
-516 1051
-515 1047
-514 1090
-513 1054
-512 1141
-511 1081
-510 1063
-509 1095
-508 1154
-507 1092
-506 1153
-505 1078
-504 1096
-503 1129
-502 1088
-501 1151
-500 1173
-499 1132
-498 1190
-497 1153
-496 1224
-495 1220
-494 1190
-493 1264
-492 1186
-491 1238
-490 1216
-489 1233
-488 1192
-487 1296
-486 1282
-485 1233
-484 1232
-483 1265
-482 1283
-481 1285
-480 1274
-479 1313
-478 1311
-477 1296
-476 1357
-475 1313
-474 1357
-473 1408
-472 1345
-471 1388
-470 1378
-469 1457
-468 1381
-467 1418
-466 1445
-465 1448
-464 1430
-463 1503
-462 1411
-461 1516
-460 1403
-459 1521
-458 1538
-457 1507
-456 1466
-455 1543
-454 1544
-453 1627
-452 1494
-451 1478
-450 1605
-449 1625
-448 1589
-447 1599
-446 1616
-445 1591
-444 1675
-443 1699
-442 1596
-441 1586
-440 1609
-439 1724
-438 1689
-437 1744
-436 1731
-435 1601
-434 1714
-433 1720
-432 1762
-431 1762
-430 1817
-429 1843
-428 1800
-427 1865
-426 1798
-425 1912
-424 1923
-423 1915
-422 1881
-421 1909
-420 1932
-419 1933
-418 1937
-417 1938
-416 2013
-415 1977
-414 1910
-413 2052
-412 1986
-411 1998
-410 2047
-409 2003
-408 2098
-407 2041
-406 2107
-405 2151
-404 2059
-403 2153
-402 2132
-401 2176
-400 2133
-399 2242
-398 2232
-397 2222
-396 2245
-395 2271
-394 2286
-393 2288
-392 2260
-391 2318
-390 2364
-389 2353
-388 2379
-387 2468
-386 2447
-385 2515
-384 2472
-383 2401
-382 2497
-381 2471
-380 2502
-379 2529
-378 2552
-377 2513
-376 2627
-375 2540
-374 2681
-373 2618
-372 2664
-371 2708
-370 2728
-369 2776
-368 2755
-367 2776
-366 2897
-365 2766
-364 2780
-363 2812
-362 2844
-361 2804
-360 2932
-359 2887
-358 2884
-357 2923
-356 3122
-355 3084
-354 3048
-353 3024
-352 3060
-351 3119
-350 3148
-349 3270
-348 3277
-347 3169
-346 3273
-345 3211
-344 3252
-343 3241
-342 3312
-341 3293
-340 3470
-339 3486
-338 3409
-337 3402
-336 3448
-335 3537
-334 3367
-333 3519
-332 3584
-331 3622
-330 3647
-329 3701
-328 3689
-327 3725
-326 3662
-325 3744
-324 3744
-323 3857
-322 3916
-321 3851
-320 3915
-319 3987
-318 3879
-317 4050
-316 4007
-315 3992
-314 4009
-313 4163
-312 4040
-311 4301
-310 4147
-309 4252
-308 4318
-307 4373
-306 4363
-305 4351
-304 4372
-303 4505
-302 4461
-301 4582
-300 4554
-299 4703
-298 4580
-297 4680
-296 4727
-295 4683
-294 4777
-293 4784
-292 4723
-291 4936
-290 4979
-289 4983
-288 4907
-287 5095
-286 5028
-285 5091
-284 5182
-283 5300
-282 5321
-281 5246
-280 5353
-279 5452
-278 5336
-277 5378
-276 5493
-275 5599
-274 5623
-273 5759
-272 5654
-271 5682
-270 5752
-269 5790
-268 5912
-267 6044
-266 5967
-265 6198
-264 5984
-263 6121
-262 6194
-261 6354
-260 6341
-259 6295
-258 6415
-257 6377
-256 6579
-255 6650
-254 6591
-253 6764
-252 6737
-251 6820
-250 7011
-249 6975
-248 7100
-247 7078
-246 7111
-245 7211
-244 7333
-243 7405
-242 7375
-241 7574
-240 7413
-239 7653
-238 7707
-237 7734
-236 7823
-235 7867
-234 7928
-233 8164
-232 8189
-231 8275
-230 8221
-229 8327
-228 8627
-227 8560
-226 8751
-225 8726
-224 8770
-223 8790
-222 8925
-221 9192
-220 9158
-219 9271
-218 9127
-217 9377
-216 9449
-215 9453
-214 9674
-213 9553
-212 9761
-211 10027
-210 10038
-209 10231
-208 10221
-207 10324
-206 10498
-205 10653
-204 10564
-203 10659
-202 10590
-201 10987
-200 11040
-199 10876
-198 11299
-197 11318
-196 11478
-195 11558
-194 11600
-193 11877
-192 12129
-191 12188
-190 12384
-189 12309
-188 12553
-187 12475
-186 12685
-185 12852
-184 13053
-183 13038
-182 13445
-181 13582
-180 13725
-179 14040
-178 13962
-177 14195
-176 14193
-175 14393
-174 14613
-173 14921
-172 14788
-171 15159
-170 15607
-169 15324
-168 15741
-167 15735
-166 16001
-165 16186
-164 16357
-163 16489
-162 16711
-161 17160
-160 17316
-159 17297
-158 17612
-157 17919
-156 17980
-155 18229
-154 18520
-153 18676
-152 19053
-151 18914
-150 19199
-149 19852
-148 19693
-147 20035
-146 20585
-145 20860
-144 20691
-143 21260
-142 21197
-141 21744
-140 22185
-139 22399
-138 22245
-137 22884
-136 23274
-135 23721
-134 23969
-133 24359
-132 24555
-131 25076
-130 25261
-129 25461
-128 26240
-127 26134
-126 26560
-125 26844
-124 27309
-123 27677
-122 28277
-121 28851
-120 28914
-119 29701
-118 30139
-117 30438
-116 30857
-115 31492
-114 31991
-113 32559
-112 32770
-111 33232
-110 33916
-109 34188
-108 34810
-107 35538
-106 36093
-105 36915
-104 37193
-103 37866
-102 38676
-101 39268
-100 40087
-99 40406
-98 41320
-97 41929
-96 42648
-95 43653
-94 43972
-93 45122
-92 45645
-91 46759
-90 47834
-89 48547
-88 49562
-87 50294
-86 51251
-85 52499
-84 53657
-83 54482
-82 55872
-81 57110
-80 57849
-79 59337
-78 60933
-77 61518
-76 63143
-75 64118
-74 65808
-73 67494
-72 69162
-71 70757
-70 72205
-69 74244
-68 75914
-67 77226
-66 79590
-65 81274
-64 83798
-63 85566
-62 88009
-61 90409
-60 92813
-59 95000
-58 97781
-57 100106
-56 103897
-55 106679
-54 110088
-53 112566
-52 116887
-51 119819
-50 124371
-49 127946
-48 131905
-47 136475
-46 140923
-45 146128
-44 151854
-43 156627
-42 162351
-41 168737
-40 176342
-39 183493
-38 190385
-37 198276
-36 207772
-35 216470
-34 227525
-33 236863
-32 249370
-31 261728
-30 276323
-29 289830
-28 307391
-27 324262
-26 344124
-25 365986
-24 390260
-23 416390
-22 446877
-21 481031
-20 518580
-19 561821
-18 612248
-17 669534
-16 738404
-15 816519
-14 912004
-13 1030526
-12 1171008
-11 1350206
-10 1576117
-9 1882827
-8 2296044
-7 2894134
-6 3803380
-5 5317718
-4 8215907
-3 15266058
-2 42060333
-1 390860086
0 0
1 411645001
2 28017292
3 11399053
4 6891917
5 4728078
6 3489126
7 2711088
8 2180791
9 1804395
10 1523384
11 1310794
12 1140543
13 1007674
14 894487
15 803137
16 725622
17 658484
18 605745
19 556235
20 512576
21 476119
22 442404
23 412186
24 386391
25 363559
26 341226
27 323020
28 305073
29 288079
30 274226
31 260120
32 247830
33 236603
34 225455
35 215790
36 206760
37 197614
38 189589
39 182297
40 175301
41 169124
42 162115
43 156023
44 152148
45 145692
46 141380
47 136590
48 131703
49 127671
50 123299
51 119729
52 116033
53 112604
54 109621
55 105463
56 103248
57 100391
58 97887
59 94845
60 92971
61 89630
62 87556
63 85596
64 83165
65 81347
66 78998
67 77535
68 75520
69 73967
70 72306
71 70504
72 68974
73 67299
74 65956
75 64386
76 62916
77 61438
78 60853
79 59598
80 57850
81 56959
82 55392
83 54895
84 53655
85 52401
86 51552
87 50721
88 49142
89 48193
90 47704
91 47387
92 45818
93 44930
94 44394
95 43917
96 42558
97 42145
98 41322
99 40171
100 39760
101 38943
102 38269
103 37654
104 37273
105 36821
106 35802
107 35646
108 34822
109 34222
110 33623
111 33543
112 32773
113 32418
114 31646
115 31274
116 30721
117 30243
118 29833
119 29484
120 29374
121 28556
122 28401
123 28113
124 27332
125 27030
126 26259
127 26215
128 25904
129 25739
130 25047
131 24744
132 24732
133 24421
134 23765
135 23591
136 23265
137 22885
138 22557
139 22270
140 22218
141 21715
142 21383
143 21485
144 20848
145 20581
146 20474
147 19852
148 19856
149 19845
150 19238
151 19065
152 19093
153 18901
154 18461
155 18223
156 17917
157 17824
158 17465
159 17428
160 17289
161 16997
162 16679
163 16451
164 16345
165 16144
166 15933
167 15592
168 15284
169 15565
170 15402
171 15177
172 14732
173 14635
174 14454
175 14455
176 14198
177 14033
178 14105
179 14063
180 13612
181 13406
182 13442
183 13216
184 13005
185 12782
186 12729
187 12931
188 12520
189 12266
190 12121
191 12268
192 12026
193 12163
194 11892
195 11529
196 11623
197 11303
198 11292
199 11164
200 10952
201 10858
202 10734
203 10833
204 10630
205 10429
206 10478
207 10248
208 10337
209 10059
210 9964
211 9968
212 9825
213 9600
214 9566
215 9581
216 9313
217 9543
218 9297
219 9167
220 9201
221 8949
222 8898
223 8841
224 8752
225 8802
226 8638
227 8518
228 8502
229 8383
230 8200
231 8156
232 8170
233 8160
234 7921
235 7880
236 7830
237 7691
238 7424
239 7541
240 7554
241 7509
242 7413
243 7465
244 7309
245 7164
246 7029
247 7148
248 7097
249 6934
250 6810
251 6806
252 6878
253 6757
254 6665
255 6494
256 6604
257 6408
258 6450
259 6283
260 6317
261 6297
262 6208
263 6163
264 6163
265 6018
266 6171
267 6004
268 5835
269 5801
270 5856
271 5722
272 5714
273 5666
274 5716
275 5543
276 5502
277 5427
278 5437
279 5337
280 5446
281 5271
282 5341
283 5288
284 5122
285 5135
286 5089
287 4966
288 5064
289 4931
290 4897
291 4835
292 4811
293 4857
294 4749
295 4637
296 4798
297 4687
298 4821
299 4514
300 4433
301 4474
302 4480
303 4292
304 4410
305 4351
306 4400
307 4315
308 4233
309 4262
310 4129
311 4269
312 4030
313 3995
314 4084
315 3920
316 4099
317 4043
318 3958
319 3993
320 3964
321 3867
322 3634
323 3775
324 3906
325 3719
326 3767
327 3649
328 3724
329 3667
330 3569
331 3558
332 3658
333 3692
334 3462
335 3503
336 3460
337 3487
338 3396
339 3453
340 3271
341 3272
342 3235
343 3217
344 3158
345 3226
346 3223
347 3154
348 3149
349 3099
350 3155
351 3179
352 3046
353 3020
354 3080
355 3054
356 2958
357 2957
358 2851
359 2879
360 2871
361 2856
362 2839
363 2884
364 2869
365 2857
366 2838
367 2828
368 2731
369 2845
370 2700
371 2620
372 2764
373 2617
374 2626
375 2646
376 2573
377 2453
378 2479
379 2543
380 2481
381 2443
382 2512
383 2544
384 2464
385 2330
386 2449
387 2469
388 2382
389 2345
390 2344
391 2335
392 2191
393 2267
394 2294
395 2199
396 2258
397 2186
398 2298
399 2075
400 2143
401 2141
402 2135
403 2229
404 2163
405 2105
406 2119
407 2150
408 2043
409 2069
410 2085
411 2094
412 1996
413 2048
414 2052
415 2013
416 1891
417 1948
418 1868
419 1868
420 1875
421 1915
422 1884
423 1879
424 1850
425 1820
426 1851
427 1755
428 1798
429 1861
430 1791
431 1846
432 1816
433 1736
434 1701
435 1697
436 1724
437 1610
438 1723
439 1685
440 1689
441 1708
442 1703
443 1613
444 1632
445 1609
446 1699
447 1627
448 1603
449 1619
450 1598
451 1548
452 1552
453 1475
454 1538
455 1517
456 1560
457 1469
458 1472
459 1435
460 1486
461 1414
462 1378
463 1532
464 1462
465 1403
466 1448
467 1455
468 1395
469 1336
470 1427
471 1400
472 1408
473 1426
474 1401
475 1325
476 1297
477 1329
478 1313
479 1243
480 1300
481 1318
482 1245
483 1276
484 1264
485 1320
486 1279
487 1234
488 1185
489 1257
490 1219
491 1313
492 1252
493 1174
494 1176
495 1157
496 1139
497 1203
498 1157
499 1194
500 1189
501 1151
502 1170
503 1081
504 1106
505 1141
506 1143
507 1072
508 1097
509 1131
510 1097
511 1106
512 1114
513 1088
514 1090
515 1036
516 1033
517 1034
518 1072
519 1015
520 1002
521 1023
522 1043
523 1057
524 1008
525 986
526 959
527 973
528 998
529 949
530 968
531 1022
532 981
533 980
534 972
535 895
536 890
537 899
538 908
539 884
540 918
541 957
542 908
543 920
544 884
545 876
546 887
547 881
548 875
549 867
550 822
551 831
552 866
553 821
554 834
555 869
556 822
557 849
558 815
559 784
560 778
561 765
562 790
563 839
564 786
565 805
566 759
567 722
568 741
569 697
570 790
571 760
572 718
573 744
574 726
575 758
576 714
577 750
578 757
579 695
580 729
581 729
582 719
583 700
584 719
585 649
586 715
587 693
588 718
589 703
590 751
591 637
592 648
593 652
594 613
595 675
596 660
597 640
598 687
599 665
600 672
601 604
602 647
603 623
604 600
605 627
606 634
607 662
608 624
609 605
610 623
611 629
612 566
613 635
614 646
615 593
616 565
617 567
618 574
619 598
620 603
621 593
622 566
623 534
624 577
625 560
626 568
627 522
628 536
629 533
630 547
631 531
632 550
633 523
634 508
635 531
636 530
637 536
638 482
639 520
640 495
641 485
642 490
643 505
644 500
645 526
646 494
647 535
648 459
649 479
650 514
651 486
652 445
653 480
654 478
655 470
656 501
657 474
658 464
659 453
660 443
661 439
662 444
663 469
664 442
665 402
666 452
667 437
668 396
669 437
670 451
671 434
672 396
673 444
674 403
675 454
676 391
677 394
678 407
679 432
680 440
681 383
682 441
683 420
684 415
685 387
686 391
687 406
688 384
689 378
690 425
691 382
692 405
693 377
694 409
695 384
696 402
697 375
698 356
699 332
700 389
701 389
702 374
703 336
704 386
705 349
706 321
707 368
708 357
709 367
710 332
711 328
712 319
713 362
714 332
715 344
716 342
717 312
718 334
719 330
720 303
721 338
722 320
723 341
724 324
725 343
726 307
727 314
728 313
729 335
730 278
731 313
732 302
733 310
734 309
735 333
736 343
737 307
738 312
739 320
740 310
741 320
742 291
743 276
744 272
745 301
746 289
747 331
748 293
749 266
750 325
751 287
752 272
753 278
754 286
755 317
756 293
757 301
758 249
759 238
760 272
761 269
762 253
763 292
764 292
765 296
766 257
767 264
768 263
769 260
770 239
771 281
772 245
773 254
774 224
775 240
776 240
777 258
778 254
779 229
780 247
781 254
782 264
783 248
784 266
785 224
786 209
787 255
788 226
789 214
790 233
791 208
792 223
793 241
794 233
795 225
796 235
797 234
798 210
799 196
800 223
801 234
802 218
803 207
804 197
805 209
806 207
807 203
808 200
809 210
810 223
811 202
812 184
813 200
814 203
815 198
816 193
817 189
818 193
819 212
820 184
821 191
822 206
823 165
824 186
825 204
826 214
827 212
828 200
829 192
830 190
831 194
832 205
833 173
834 177
835 198
836 165
837 174
838 186
839 155
840 196
841 154
842 180
843 189
844 185
845 187
846 176
847 177
848 157
849 188
850 172
851 179
852 165
853 183
854 151
855 168
856 169
857 150
858 170
859 168
860 176
861 146
862 145
863 160
864 144
865 158
866 164
867 167
868 164
869 137
870 168
871 154
872 150
873 161
874 155
875 153
876 138
877 147
878 161
879 178
880 149
881 152
882 171
883 116
884 133
885 158
886 134
887 129
888 147
889 139
890 145
891 138
892 137
893 125
894 116
895 121
896 134
897 126
898 144
899 132
900 136
901 135
902 135
903 115
904 127
905 143
906 101
907 161
908 112
909 148
910 123
911 124
912 122
913 110
914 136
915 106
916 123
917 122
918 121
919 127
920 140
921 122
922 109
923 124
924 117
925 122
926 109
927 129
928 108
929 121
930 119
931 134
932 117
933 100
934 99
935 98
936 104
937 110
938 104
939 103
940 100
941 115
942 105
943 104
944 104
945 106
946 117
947 100
948 98
949 113
950 113
951 107
952 103
953 97
954 107
955 107
956 92
957 107
958 92
959 104
960 114
961 90
962 101
963 98
964 84
965 81
966 99
967 100
968 102
969 94
970 91
971 85
972 90
973 83
974 84
975 94
976 92
977 85
978 84
979 79
980 99
981 82
982 99
983 83
984 94
985 86
986 96
987 89
988 89
989 74
990 89
991 75
992 90
993 86
994 84
995 76
996 91
997 89
998 74
999 68
1000 72
1001 71
1002 97
1003 81
1004 80
1005 65
1006 76
1007 81
1008 84
1009 81
1010 68
1011 78
1012 83
1013 69
1014 83
1015 92
1016 72
1017 66
1018 75
1019 72
1020 83
1021 84
1022 72
1023 71
1024 78
1025 63
1026 62
1027 68
1028 84
1029 72
1030 71
1031 70
1032 68
1033 85
1034 61
1035 62
1036 78
1037 49
1038 62
1039 59
1040 70
1041 63
1042 63
1043 68
1044 74
1045 82
1046 68
1047 72
1048 64
1049 63
1050 67
1051 62
1052 58
1053 67
1054 60
1055 48
1056 59
1057 64
1058 52
1059 59
1060 63
1061 56
1062 61
1063 50
1064 52
1065 69
1066 58
1067 62
1068 68
1069 74
1070 51
1071 65
1072 50
1073 78
1074 57
1075 58
1076 61
1077 56
1078 60
1079 39
1080 48
1081 54
1082 57
1083 56
1084 44
1085 56
1086 53
1087 54
1088 46
1089 52
1090 44
1091 55
1092 48
1093 48
1094 47
1095 48
1096 44
1097 70
1098 55
1099 56
1100 49
1101 50
1102 61
1103 53
1104 46
1105 58
1106 60
1107 55
1108 46
1109 47
1110 47
1111 59
1112 52
1113 47
1114 55
1115 54
1116 51
1117 53
1118 51
1119 53
1120 41
1121 64
1122 46
1123 61
1124 47
1125 45
1126 48
1127 30
1128 36
1129 61
1130 40
1131 42
1132 51
1133 44
1134 41
1135 32
1136 47
1137 35
1138 46
1139 43
1140 44
1141 34
1142 25
1143 30
1144 55
1145 41
1146 41
1147 48
1148 35
1149 39
1150 35
1151 53
1152 44
1153 44
1154 40
1155 33
1156 44
1157 43
1158 46
1159 38
1160 38
1161 33
1162 41
1163 37
1164 44
1165 43
1166 44
1167 34
1168 41
1169 40
1170 35
1171 38
1172 46
1173 36
1174 28
1175 35
1176 43
1177 43
1178 39
1179 34
1180 26
1181 36
1182 26
1183 36
1184 31
1185 21
1186 38
1187 28
1188 41
1189 35
1190 28
1191 39
1192 31
1193 29
1194 40
1195 32
1196 34
1197 33
1198 45
1199 34
1200 43
1201 20
1202 19
1203 22
1204 32
1205 34
1206 32
1207 34
1208 30
1209 28
1210 38
1211 28
1212 31
1213 26
1214 26
1215 31
1216 33
1217 32
1218 23
1219 26
1220 35
1221 27
1222 27
1223 33
1224 26
1225 29
1226 22
1227 31
1228 21
1229 33
1230 23
1231 21
1232 24
1233 23
1234 26
1235 25
1236 24
1237 23
1238 23
1239 24
1240 29
1241 23
1242 26
1243 22
1244 25
1245 30
1246 34
1247 38
1248 28
1249 22
1250 27
1251 23
1252 25
1253 29
1254 18
1255 20
1256 18
1257 26
1258 14
1259 20
1260 25
1261 30
1262 29
1263 21
1264 37
1265 19
1266 31
1267 34
1268 20
1269 21
1270 18
1271 29
1272 26
1273 22
1274 23
1275 29
1276 16
1277 23
1278 30
1279 28
1280 20
1281 24
1282 22
1283 25
1284 27
1285 21
1286 27
1287 22
1288 24
1289 27
1290 15
1291 17
1292 30
1293 14
1294 20
1295 16
1296 16
1297 24
1298 20
1299 17
1300 23
1301 24
1302 18
1303 21
1304 22
1305 24
1306 10
1307 23
1308 11
1309 20
1310 25
1311 25
1312 18
1313 18
1314 21
1315 15
1316 23
1317 11
1318 24
1319 7
1320 12
1321 16
1322 26
1323 21
1324 13
1325 24
1326 20
1327 13
1328 15
1329 19
1330 11
1331 17
1332 19
1333 15
1334 20
1335 17
1336 11
1337 23
1338 11
1339 17
1340 25
1341 14
1342 15
1343 28
1344 26
1345 19
1346 18
1347 13
1348 11
1349 16
1350 20
1351 14
1352 20
1353 20
1354 16
1355 16
1356 16
1357 9
1358 19
1359 14
1360 23
1361 11
1362 19
1363 16
1364 13
1365 10
1366 19
1367 15
1368 19
1369 11
1370 23
1371 19
1372 14
1373 12
1374 12
1375 13
1376 12
1377 21
1378 15
1379 12
1380 16
1381 13
1382 18
1383 7
1384 19
1385 14
1386 14
1387 17
1388 11
1389 15
1390 16
1391 13
1392 3
1393 12
1394 10
1395 18
1396 15
1397 21
1398 15
1399 7
1400 17
1401 15
1402 11
1403 12
1404 15
1405 10
1406 9
1407 7
1408 10
1409 13
1410 11
1411 17
1412 12
1413 10
1414 16
1415 7
1416 17
1417 9
1418 9
1419 10
1420 13
1421 10
1422 11
1423 15
1424 11
1425 9
1426 12
1427 14
1428 12
1429 13
1430 16
1431 10
1432 18
1433 15
1434 8
1435 8
1436 8
1437 14
1438 17
1439 18
1440 10
1441 13
1442 10
1443 15
1444 8
1445 14
1446 7
1447 14
1448 10
1449 14
1450 16
1451 11
1452 5
1453 11
1454 9
1455 9
1456 8
1457 10
1458 11
1459 10
1460 14
1461 6
1462 10
1463 12
1464 6
1465 8
1466 11
1467 9
1468 13
1469 12
1470 11
1471 11
1472 9
1473 7
1474 13
1475 14
1476 5
1477 10
1478 8
1479 9
1480 7
1481 7
1482 11
1483 12
1484 5
1485 5
1486 6
1487 10
1488 11
1489 11
1490 8
1491 10
1492 5
1493 11
1494 6
1495 10
1496 6
1497 15
1498 10
1499 8
1500 5
1501 9
1502 9
1503 4
1504 9
1505 3
1506 9
1507 10
1508 5
1509 6
1510 8
1511 3
1512 7
1513 9
1514 4
1515 6
1516 15
1517 13
1518 13
1519 9
1520 10
1521 8
1522 5
1523 4
1524 8
1525 7
1526 9
1527 11
1528 8
1529 8
1530 5
1531 9
1532 9
1533 5
1534 6
1535 11
1536 8
1537 9
1538 9
1539 5
1540 7
1541 4
1542 8
1543 11
1544 10
1545 8
1546 6
1547 9
1548 5
1549 9
1550 7
1551 5
1552 8
1553 5
1554 2
1555 9
1556 4
1557 2
1558 9
1559 8
1560 9
1561 8
1562 3
1563 3
1564 13
1565 13
1566 14
1567 9
1568 4
1569 2
1570 7
1571 5
1572 3
1573 6
1574 9
1575 10
1576 6
1577 8
1578 11
1579 10
1580 6
1581 5
1582 7
1583 3
1584 7
1585 6
1586 5
1587 6
1588 12
1589 3
1590 8
1591 7
1592 6
1593 9
1594 8
1595 5
1596 8
1597 4
1598 3
1599 3
1600 5
1601 5
1602 4
1603 5
1604 7
1605 3
1606 9
1607 4
1608 2
1609 5
1610 7
1611 10
1612 1
1613 2
1614 3
1615 6
1616 7
1617 7
1618 8
1619 5
1620 4
1621 6
1622 8
1623 5
1624 4
1625 4
1626 7
1627 8
1628 4
1629 6
1630 4
1631 4
1632 4
1633 4
1634 6
1635 3
1636 6
1637 2
1638 6
1639 4
1640 5
1641 3
1642 5
1643 1
1644 4
1645 5
1646 4
1647 1
1648 4
1649 3
1650 5
1651 5
1652 3
1653 2
1654 4
1655 4
1656 3
1657 5
1658 3
1659 10
1660 6
1661 4
1662 6
1663 0
1664 3
1665 6
1666 4
1667 3
1668 2
1669 7
1670 2
1671 4
1672 5
1673 3
1674 7
1675 2
1676 2
1677 2
1678 5
1679 5
1680 7
1681 3
1682 2
1683 3
1684 2
1685 1
1686 0
1687 5
1688 4
1689 5
1690 0
1691 4
1692 3
1693 7
1694 5
1695 7
1696 1
1697 7
1698 4
1699 6
1700 4
1701 3
1702 0
1703 2
1704 4
1705 1
1706 3
1707 3
1708 6
1709 4
1710 5
1711 3
1712 7
1713 8
1714 3
1715 2
1716 4
1717 4
1718 5
1719 2
1720 4
1721 4
1722 1
1723 6
1724 2
1725 3
1726 2
1727 1
1728 2
1729 3
1730 6
1731 5
1732 3
1733 1
1734 2
1735 1
1736 4
1737 4
1738 2
1739 2
1740 2
1741 4
1742 3
1743 1
1744 5
1745 1
1746 2
1747 3
1748 2
1749 2
1750 3
1751 1
1752 1
1753 3
1754 5
1755 5
1756 1
1757 4
1758 2
1759 2
1760 4
1761 3
1762 2
1763 1
1764 4
1765 2
1766 0
1767 4
1768 5
1769 3
1770 3
1771 1
1772 2
1773 1
1774 5
1775 3
1776 2
1777 1
1778 3
1779 2
1780 2
1781 2
1782 0
1783 4
1784 4
1785 2
1786 1
1787 4
1788 1
1789 3
1790 1
1791 1
1792 3
1793 2
1794 2
1795 1
1796 1
1797 1
1798 1
1799 1
1800 2
1801 3
1802 5
1803 2
1804 3
1805 1
1806 0
1807 0
1808 2
1809 0
1810 4
1811 4
1812 3
1813 3
1814 2
1815 0
1816 1
1817 2
1818 5
1819 4
1820 2
1821 1
1822 2
1823 1
1824 3
1825 2
1826 2
1827 2
1828 4
1829 3
1830 1
1831 3
1832 1
1833 2
1834 1
1835 1
1836 2
1837 2
1838 2
1839 3
1840 2
1841 3
1842 1
1843 0
1844 1
1845 1
1846 2
1847 3
1848 1
1849 1
1850 2
1851 0
1852 4
1853 2
1854 2
1855 1
1856 2
1857 3
1858 2
1859 6
1860 1
1861 3
1862 3
1863 0
1864 1
1865 3
1866 1
1867 2
1868 3
1869 1
1870 1
1871 3
1872 0
1873 3
1874 1
1875 4
1876 6
1877 2
1878 1
1879 2
1880 2
1881 4
1882 1
1883 1
1884 1
1885 0
1886 1
1887 1
1888 3
1889 5
1890 2
1891 0
1892 1
1893 3
1894 3
1895 0
1896 0
1897 0
1898 1
1899 0
1900 2
1901 1
1902 0
1903 2
1904 3
1905 4
1906 3
1907 1
1908 1
1909 0
1910 3
1911 0
1912 1
1913 1
1914 0
1915 4
1916 2
1917 0
1918 2
1919 1
1920 0
1921 0
1922 1
1923 2
1924 1
1925 0
1926 0
1927 1
1928 0
1929 2
1930 0
1931 2
1932 1
1933 2
1934 0
1935 1
1936 0
1937 2
1938 2
1939 1
1940 1
1941 2
1942 3
1943 1
1944 1
1945 0
1946 0
1947 1
1948 1
1949 1
1950 1
1951 0
1952 1
1953 0
1954 0
1955 1
1956 1
1957 0
1958 3
1959 2
1960 1
1961 1
1962 0
1963 0
1964 2
1965 0
1966 0
1967 0
1968 1
1969 2
1970 2
1971 0
1972 2
1973 0
1974 2
1975 1
1976 0
1977 2
1978 1
1979 1
1980 1
1981 1
1982 0
1983 1
1984 2
1985 2
1986 1
1987 3
1988 1
1989 0
1990 1
1991 1
1992 0
1993 1
1994 2
1995 4
1996 1
1997 1
1998 0
1999 0
2000 2
2001 0
2002 2
2003 0
2004 1
2005 3
2006 1
2007 0
2008 2
2009 1
2010 0
2011 2
2012 0
2013 1
2014 0
2015 1
2016 0
2017 0
2018 1
2019 1
2020 0
2021 2
2022 1
2023 1
2024 0
2025 2
2026 0
2027 2
2028 1
2029 1
2030 0
2031 1
2032 1
2033 0
2034 2
2035 0
2036 3
2037 1
2038 2
2039 3
2040 1
2041 0
2042 0
2043 1
2044 0
2045 0
2046 0
2047 2
2048 1
2049 0
2050 1
2051 2
2052 1
2053 0
2054 0
2055 0
2056 1
2057 0
2058 0
2059 0
2060 0
2061 1
2062 1
2063 0
2064 0
2065 2
2066 0
2067 0
2068 0
2069 0
2070 1
2071 2
2072 2
2073 0
2074 0
2075 2
2076 0
2077 1
2078 0
2079 1
2080 0
2081 1
2082 0
2083 2
2084 1
2085 2
2086 0
2087 0
2088 0
2089 3
2090 0
2091 0
2092 0
2093 0
2094 0
2095 1
2096 0
2097 0
2098 1
2099 0
2100 0
2101 0
2102 0
2103 1
2104 0
2105 0
2106 0
2107 2
2108 1
2109 0
2110 0
2111 0
2112 2
2113 1
2114 0
2115 1
2116 0
2117 1
2118 1
2119 0
2120 0
2121 2
2122 1
2123 0
2124 1
2125 0
2126 0
2127 0
2128 1
2129 2
2130 1
2131 2
2132 0
2133 0
2134 0
2135 0
2136 1
2137 1
2138 1
2139 1
2140 0
2141 0
2142 1
2143 2
2144 1
2145 1
2146 1
2147 0
2148 1
2149 1
2150 0
2151 1
2152 1
2153 1
2154 3
2155 0
2156 2
2157 0
2158 0
2159 0
2160 0
2161 1
2162 1
2163 0
2164 1
2165 0
2166 4
2167 1
2168 2
2169 0
2170 0
2171 2
2172 1
2173 0
2174 0
2175 0
2176 1
2177 0
2178 0
2179 0
2180 0
2181 2
2182 0
2183 1
2184 0
2185 0
2186 1
2187 0
2188 0
2189 0
2190 1
2191 2
2192 1
2193 1
2194 0
2195 1
2196 0
2197 0
2198 0
2199 0
2200 0
2201 0
2202 1
2203 0
2204 0
2205 1
2206 1
2207 0
2208 0
2209 0
2210 3
2211 0
2212 0
2213 0
2214 1
2215 1
2216 0
2217 0
2218 0
2219 1
2220 0
2221 0
2222 0
2223 1
2224 0
2225 0
2226 0
2227 0
2228 0
2229 1
2230 0
2231 1
2232 0
2233 1
2234 0
2235 0
2236 1
2237 0
2238 0
2239 0
2240 1
2241 0
2242 0
2243 0
2244 0
2245 0
2246 2
2247 0
2248 0
2249 0
2250 0
2251 0
2252 0
2253 0
2254 0
2255 0
2256 0
2257 1
2258 0
2259 0
2260 0
2261 0
2262 0
2263 0
2264 0
2265 0
2266 0
2267 0
2268 0
2269 0
2270 0
2271 0
2272 1
2273 0
2274 0
2275 0
2276 0
2277 0
2278 0
2279 0
2280 1
2281 1
2282 0
2283 0
2284 1
2285 0
2286 0
2287 0
2288 0
2289 0
2290 0
2291 1
2292 0
2293 0
2294 0
2295 1
2296 0
2297 0
2298 0
2299 0
2300 0
2301 0
2302 0
2303 1
2304 0
2305 0
2306 1
2307 0
2308 0
2309 0
2310 0
2311 1
2312 0
2313 0
2314 1
2315 0
2316 1
2317 0
2318 0
2319 0
2320 0
2321 1
2322 0
2323 0
2324 1
2325 1
2326 0
2327 0
2328 0
2329 0
2330 1
2331 0
2332 0
2333 0
2334 1
2335 1
2336 0
2337 0
2338 0
2339 1
2340 0
2341 0
2342 0
2343 0
2344 0
2345 0
2346 0
2347 0
2348 0
2349 0
2350 0
2351 1
2352 1
2353 0
2354 0
2355 1
2356 1
2357 0
2358 0
2359 0
2360 0
2361 0
2362 1
2363 0
2364 0
2365 0
2366 0
2367 0
2368 1
2369 0
2370 0
2371 0
2372 0
2373 0
2374 0
2375 1
2376 0
2377 0
2378 0
2379 0
2380 0
2381 0
2382 0
2383 0
2384 0
2385 0
2386 1
2387 1
2388 0
2389 0
2390 0
2391 0
2392 0
2393 0
2394 0
2395 0
2396 0
2397 0
2398 0
2399 1
2400 0
2401 0
2402 0
2403 0
2404 1
2405 0
2406 1
2407 0
2408 0
2409 0
2410 0
2411 0
2412 0
2413 1
2414 0
2415 0
2416 0
2417 0
2418 0
2419 0
2420 0
2421 0
2422 0
2423 0
2424 0
2425 0
2426 0
2427 0
2428 0
2429 0
2430 0
2431 0
2432 0
2433 0
2434 0
2435 0
2436 0
2437 0
2438 0
2439 0
2440 0
2441 0
2442 0
2443 1
2444 0
2445 0
2446 0
2447 0
2448 0
2449 0
2450 0
2451 0
2452 0
2453 0
2454 0
2455 0
2456 0
2457 0
2458 1
2459 0
2460 1
2461 0
2462 1
2463 0
2464 0
2465 1
2466 0
2467 1
2468 0
2469 0
2470 1
2471 0
2472 0
2473 0
2474 0
2475 0
2476 0
2477 0
2478 0
2479 0
2480 1
2481 0
2482 0
2483 0
2484 1
2485 0
2486 0
2487 0
2488 0
2489 1
2490 1
2491 0
2492 0
2493 1
2494 0
2495 0
2496 0
2497 0
2498 0
2499 0
2500 0
2501 0
2502 0
2503 0
2504 0
2505 0
2506 1
2507 0
2508 1
2509 0
2510 0
2511 1
2512 0
2513 0
2514 0
2515 0
2516 0
2517 0
2518 0
2519 0
2520 0
2521 0
2522 0
2523 0
2524 0
2525 0
2526 0
2527 0
2528 1
2529 0
2530 0
2531 0
2532 0
2533 0
2534 0
2535 0
2536 0
2537 0
2538 0
2539 0
2540 0
2541 0
2542 1
2543 0
2544 0
2545 0
2546 0
2547 0
2548 0
2549 0
2550 0
2551 0
2552 0
2553 0
2554 0
2555 0
2556 0
2557 0
2558 0
2559 0
2560 0
2561 0
2562 0
2563 0
2564 0
2565 1
2566 1
2567 0
2568 0
2569 0
2570 0
2571 0
2572 0
2573 0
2574 0
2575 0
2576 0
2577 0
2578 0
2579 0
2580 0
2581 0
2582 0
2583 0
2584 0
2585 0
2586 0
2587 0
2588 0
2589 0
2590 0
2591 0
2592 0
2593 0
2594 0
2595 0
2596 0
2597 0
2598 0
2599 0
2600 0
2601 0
2602 0
2603 0
2604 1
2605 0
2606 0
2607 0
2608 0
2609 0
2610 0
2611 0
2612 1
2613 0
2614 0
2615 0
2616 0
2617 0
2618 1
2619 0
2620 0
2621 0
2622 0
2623 0
2624 0
2625 0
2626 0
2627 0
2628 0
2629 0
2630 0
2631 0
2632 1
2633 1
2634 0
2635 0
2636 0
2637 0
2638 0
2639 1
2640 0
2641 0
2642 0
2643 0
2644 0
2645 0
2646 0
2647 0
2648 0
2649 0
2650 0
2651 0
2652 0
2653 0
2654 0
2655 0
2656 0
2657 0
2658 0
2659 0
2660 0
2661 0
2662 0
2663 0
2664 0
2665 0
2666 0
2667 0
2668 0
2669 0
2670 0
2671 0
2672 0
2673 1
2674 0
2675 0
2676 0
2677 0
2678 0
2679 0
2680 0
2681 0
2682 0
2683 0
2684 0
2685 0
2686 0
2687 0
2688 0
2689 0
2690 0
2691 0
2692 0
2693 0
2694 0
2695 0
2696 0
2697 0
2698 0
2699 0
2700 0
2701 0
2702 0
2703 0
2704 0
2705 0
2706 1
2707 0
2708 0
2709 0
2710 0
2711 0
2712 0
2713 0
2714 0
2715 0
2716 0
2717 0
2718 0
2719 0
2720 0
2721 0
2722 0
2723 0
2724 0
2725 1
2726 0
2727 0
2728 1
2729 0
2730 0
2731 0
2732 0
2733 0
2734 0
2735 0
2736 0
2737 0
2738 1
2739 0
2740 0
2741 0
2742 0
2743 0
2744 0
2745 0
2746 0
2747 0
2748 0
2749 0
2750 0
2751 0
2752 0
2753 0
2754 0
2755 0
2756 1
2757 0
2758 1
2759 0
2760 0
2761 0
2762 0
2763 0
2764 0
2765 0
2766 0
2767 0
2768 0
2769 0
2770 0
2771 0
2772 0
2773 1
2774 0
2775 0
2776 0
2777 1
2778 0
2779 0
2780 0
2781 0
2782 0
2783 0
2784 0
2785 0
2786 0
2787 0
2788 0
2789 0
2790 0
2791 0
2792 0
2793 0
2794 0
2795 0
2796 0
2797 0
2798 0
2799 0
2800 0
2801 1
2802 0
2803 0
2804 0
2805 0
2806 0
2807 0
2808 0
2809 0
2810 0
2811 0
2812 0
2813 0
2814 0
2815 0
2816 0
2817 0
2818 0
2819 0
2820 0
2821 0
2822 0
2823 0
2824 0
2825 0
2826 0
2827 0
2828 0
2829 0
2830 0
2831 0
2832 0
2833 0
2834 0
2835 0
2836 0
2837 0
2838 0
2839 0
2840 0
2841 0
2842 0
2843 1
2844 0
2845 0
2846 0
2847 0
2848 0
2849 0
2850 0
2851 0
2852 0
2853 0
2854 0
2855 0
2856 0
2857 0
2858 0
2859 0
2860 0
2861 0
2862 0
2863 0
2864 0
2865 0
2866 0
2867 0
2868 0
2869 0
2870 0
2871 0
2872 0
2873 0
2874 0
2875 0
2876 0
2877 0
2878 0
2879 0
2880 0
2881 0
2882 0
2883 0
2884 0
2885 0
2886 0
2887 0
2888 0
2889 0
2890 0
2891 0
2892 1
2893 0
2894 0
2895 0
2896 0
2897 0
2898 0
2899 0
2900 0
2901 0
2902 0
2903 0
2904 0
2905 0
2906 0
2907 0
2908 0
2909 0
2910 0
2911 0
2912 0
2913 0
2914 0
2915 0
2916 0
2917 0
2918 0
2919 0
2920 0
2921 0
2922 0
2923 0
2924 0
2925 0
2926 0
2927 0
2928 0
2929 1
2930 0
2931 0
2932 0
2933 0
2934 0
2935 0
2936 0
2937 0
2938 0
2939 0
2940 0
2941 0
2942 0
2943 0
2944 0
2945 0
2946 0
2947 0
2948 0
2949 0
2950 0
2951 0
2952 0
2953 0
2954 0
2955 0
2956 0
2957 0
2958 0
2959 0
2960 0
2961 0
2962 0
2963 0
2964 0
2965 0
2966 0
2967 0
2968 0
2969 0
2970 0
2971 0
2972 0
2973 0
2974 0
2975 0
2976 0
2977 0
2978 0
2979 0
2980 1
2981 0
2982 0
2983 0
2984 0
2985 0
2986 0
2987 0
2988 0
2989 0
2990 0
2991 0
2992 0
2993 0
2994 0
2995 0
2996 0
2997 0
2998 0
2999 0
3000 0
3001 0
3002 0
3003 0
3004 0
3005 0
3006 0
3007 0
3008 0
3009 0
3010 0
3011 0
3012 0
3013 0
3014 0
3015 0
3016 0
3017 0
3018 0
3019 0
3020 0
3021 0
3022 0
3023 0
3024 0
3025 0
3026 0
3027 0
3028 0
3029 0
3030 0
3031 0
3032 0
3033 0
3034 0
3035 0
3036 0
3037 0
3038 0
3039 0
3040 0
3041 0
3042 0
3043 0
3044 0
3045 1
