0 0.5604248046875
1 0.560577392578125
2 0.5603179931640625
3 0.5595855712890625
4 0.560516357421875
5 0.5592041015625
6 0.5605316162109375
7 0.55810546875
8 0.5567626953125
9 0.56158447265625
10 0.56097412109375
11 0.56024169921875
12 0.5597076416015625
13 0.5610198974609375
14 0.5603179931640625
15 0.5600128173828125
16 0.5601654052734375
17 0.5616455078125
18 0.557830810546875
19 0.559051513671875
20 0.5574798583984375
21 0.5596923828125
22 0.5602569580078125
23 0.55792236328125
24 0.5586090087890625
25 0.5585479736328125
26 0.5589141845703125
27 0.559478759765625
28 0.5610504150390625
29 0.56005859375
30 0.5594940185546875
31 0.558837890625
32 0.5589447021484375
33 0.5609893798828125
34 0.5604400634765625
35 0.5595245361328125
36 0.5601959228515625
37 0.5593719482421875
38 0.5626678466796875
39 0.5569000244140625
40 0.5613861083984375
41 0.5607147216796875
42 0.55926513671875
43 0.5610198974609375
44 0.5594940185546875
45 0.5615692138671875
46 0.5573272705078125
47 0.559661865234375
48 0.558868408203125
49 0.55902099609375
50 0.5601654052734375
51 0.559967041015625
52 0.5592193603515625
53 0.558868408203125
54 0.5590667724609375
55 0.5608978271484375
56 0.5602874755859375
57 0.55963134765625
58 0.5604705810546875
59 0.5624847412109375
60 0.559722900390625
61 0.561859130859375
62 0.559356689453125
63 0.5586700439453125
