-4386 1
-4385 0
-4384 0
-4383 0
-4382 0
-4381 0
-4380 0
-4379 0
-4378 0
-4377 0
-4376 0
-4375 0
-4374 0
-4373 0
-4372 0
-4371 0
-4370 0
-4369 0
-4368 0
-4367 0
-4366 0
-4365 0
-4364 0
-4363 0
-4362 0
-4361 0
-4360 0
-4359 0
-4358 0
-4357 0
-4356 0
-4355 0
-4354 0
-4353 0
-4352 0
-4351 0
-4350 0
-4349 0
-4348 0
-4347 0
-4346 0
-4345 0
-4344 0
-4343 0
-4342 0
-4341 0
-4340 0
-4339 0
-4338 0
-4337 0
-4336 0
-4335 0
-4334 0
-4333 0
-4332 0
-4331 0
-4330 0
-4329 0
-4328 0
-4327 0
-4326 0
-4325 0
-4324 0
-4323 0
-4322 0
-4321 0
-4320 0
-4319 0
-4318 0
-4317 0
-4316 0
-4315 0
-4314 0
-4313 0
-4312 0
-4311 0
-4310 0
-4309 0
-4308 0
-4307 0
-4306 0
-4305 0
-4304 0
-4303 0
-4302 0
-4301 0
-4300 0
-4299 0
-4298 0
-4297 0
-4296 0
-4295 0
-4294 0
-4293 0
-4292 0
-4291 0
-4290 0
-4289 0
-4288 0
-4287 0
-4286 0
-4285 0
-4284 0
-4283 0
-4282 0
-4281 0
-4280 0
-4279 0
-4278 0
-4277 0
-4276 0
-4275 0
-4274 0
-4273 0
-4272 0
-4271 0
-4270 0
-4269 0
-4268 0
-4267 0
-4266 0
-4265 0
-4264 0
-4263 0
-4262 0
-4261 0
-4260 0
-4259 0
-4258 0
-4257 0
-4256 0
-4255 0
-4254 0
-4253 0
-4252 0
-4251 0
-4250 0
-4249 0
-4248 0
-4247 0
-4246 0
-4245 0
-4244 0
-4243 0
-4242 0
-4241 0
-4240 0
-4239 0
-4238 0
-4237 0
-4236 0
-4235 0
-4234 0
-4233 0
-4232 0
-4231 0
-4230 0
-4229 0
-4228 0
-4227 0
-4226 0
-4225 0
-4224 0
-4223 0
-4222 0
-4221 0
-4220 0
-4219 0
-4218 0
-4217 0
-4216 0
-4215 0
-4214 0
-4213 0
-4212 0
-4211 0
-4210 0
-4209 0
-4208 0
-4207 0
-4206 0
-4205 0
-4204 0
-4203 0
-4202 0
-4201 0
-4200 0
-4199 0
-4198 0
-4197 0
-4196 0
-4195 0
-4194 0
-4193 0
-4192 0
-4191 0
-4190 0
-4189 0
-4188 0
-4187 0
-4186 0
-4185 0
-4184 0
-4183 0
-4182 0
-4181 0
-4180 0
-4179 0
-4178 0
-4177 0
-4176 0
-4175 0
-4174 0
-4173 0
-4172 0
-4171 0
-4170 0
-4169 0
-4168 0
-4167 0
-4166 0
-4165 0
-4164 0
-4163 0
-4162 0
-4161 0
-4160 0
-4159 0
-4158 0
-4157 0
-4156 0
-4155 0
-4154 0
-4153 0
-4152 0
-4151 0
-4150 0
-4149 0
-4148 0
-4147 0
-4146 0
-4145 0
-4144 1
-4143 0
-4142 0
-4141 0
-4140 0
-4139 0
-4138 0
-4137 0
-4136 0
-4135 0
-4134 0
-4133 0
-4132 0
-4131 0
-4130 0
-4129 0
-4128 0
-4127 0
-4126 0
-4125 0
-4124 0
-4123 0
-4122 0
-4121 0
-4120 0
-4119 0
-4118 0
-4117 0
-4116 0
-4115 0
-4114 0
-4113 0
-4112 0
-4111 0
-4110 0
-4109 0
-4108 0
-4107 0
-4106 0
-4105 0
-4104 0
-4103 0
-4102 0
-4101 0
-4100 0
-4099 0
-4098 0
-4097 0
-4096 1
-4095 0
-4094 0
-4093 0
-4092 0
-4091 0
-4090 0
-4089 0
-4088 0
-4087 0
-4086 0
-4085 0
-4084 0
-4083 0
-4082 0
-4081 0
-4080 0
-4079 0
-4078 0
-4077 0
-4076 0
-4075 0
-4074 0
-4073 0
-4072 0
-4071 0
-4070 0
-4069 0
-4068 0
-4067 0
-4066 0
-4065 0
-4064 0
-4063 0
-4062 0
-4061 0
-4060 0
-4059 0
-4058 0
-4057 0
-4056 0
-4055 0
-4054 0
-4053 0
-4052 0
-4051 0
-4050 0
-4049 0
-4048 0
-4047 0
-4046 0
-4045 0
-4044 0
-4043 0
-4042 0
-4041 0
-4040 0
-4039 1
-4038 0
-4037 0
-4036 0
-4035 0
-4034 0
-4033 0
-4032 0
-4031 0
-4030 0
-4029 0
-4028 0
-4027 0
-4026 0
-4025 0
-4024 0
-4023 0
-4022 0
-4021 0
-4020 0
-4019 0
-4018 0
-4017 0
-4016 0
-4015 0
-4014 0
-4013 0
-4012 0
-4011 0
-4010 1
-4009 0
-4008 0
-4007 0
-4006 0
-4005 0
-4004 0
-4003 0
-4002 0
-4001 0
-4000 0
-3999 0
-3998 0
-3997 0
-3996 0
-3995 0
-3994 0
-3993 0
-3992 0
-3991 0
-3990 0
-3989 0
-3988 0
-3987 0
-3986 0
-3985 0
-3984 0
-3983 0
-3982 0
-3981 0
-3980 0
-3979 0
-3978 0
-3977 0
-3976 0
-3975 0
-3974 0
-3973 0
-3972 0
-3971 0
-3970 0
-3969 0
-3968 0
-3967 0
-3966 0
-3965 0
-3964 0
-3963 0
-3962 0
-3961 0
-3960 0
-3959 0
-3958 0
-3957 0
-3956 0
-3955 0
-3954 0
-3953 0
-3952 0
-3951 0
-3950 0
-3949 0
-3948 0
-3947 0
-3946 0
-3945 0
-3944 0
-3943 0
-3942 0
-3941 0
-3940 0
-3939 0
-3938 0
-3937 0
-3936 0
-3935 0
-3934 0
-3933 1
-3932 0
-3931 0
-3930 0
-3929 0
-3928 0
-3927 0
-3926 0
-3925 0
-3924 0
-3923 0
-3922 0
-3921 0
-3920 0
-3919 0
-3918 0
-3917 0
-3916 0
-3915 0
-3914 0
-3913 0
-3912 1
-3911 0
-3910 0
-3909 0
-3908 0
-3907 0
-3906 1
-3905 0
-3904 0
-3903 0
-3902 0
-3901 0
-3900 0
-3899 1
-3898 0
-3897 0
-3896 0
-3895 0
-3894 0
-3893 0
-3892 0
-3891 0
-3890 0
-3889 0
-3888 0
-3887 0
-3886 0
-3885 0
-3884 0
-3883 1
-3882 0
-3881 0
-3880 0
-3879 0
-3878 0
-3877 0
-3876 0
-3875 0
-3874 0
-3873 0
-3872 0
-3871 0
-3870 0
-3869 0
-3868 0
-3867 0
-3866 0
-3865 0
-3864 0
-3863 0
-3862 0
-3861 0
-3860 0
-3859 0
-3858 0
-3857 0
-3856 0
-3855 0
-3854 0
-3853 0
-3852 0
-3851 0
-3850 0
-3849 0
-3848 0
-3847 0
-3846 0
-3845 0
-3844 0
-3843 0
-3842 0
-3841 0
-3840 0
-3839 0
-3838 0
-3837 0
-3836 0
-3835 0
-3834 0
-3833 0
-3832 0
-3831 0
-3830 0
-3829 0
-3828 0
-3827 0
-3826 0
-3825 0
-3824 0
-3823 0
-3822 0
-3821 0
-3820 0
-3819 0
-3818 0
-3817 0
-3816 0
-3815 0
-3814 0
-3813 0
-3812 0
-3811 0
-3810 0
-3809 0
-3808 0
-3807 0
-3806 0
-3805 0
-3804 0
-3803 0
-3802 0
-3801 0
-3800 0
-3799 0
-3798 0
-3797 0
-3796 0
-3795 0
-3794 0
-3793 0
-3792 0
-3791 0
-3790 0
-3789 0
-3788 0
-3787 0
-3786 0
-3785 0
-3784 0
-3783 0
-3782 0
-3781 0
-3780 0
-3779 0
-3778 0
-3777 0
-3776 0
-3775 0
-3774 0
-3773 0
-3772 0
-3771 0
-3770 0
-3769 0
-3768 0
-3767 0
-3766 0
-3765 0
-3764 0
-3763 0
-3762 0
-3761 0
-3760 0
-3759 0
-3758 0
-3757 0
-3756 0
-3755 0
-3754 0
-3753 0
-3752 0
-3751 0
-3750 0
-3749 0
-3748 0
-3747 0
-3746 0
-3745 0
-3744 0
-3743 0
-3742 0
-3741 0
-3740 0
-3739 0
-3738 0
-3737 0
-3736 0
-3735 0
-3734 0
-3733 0
-3732 0
-3731 0
-3730 0
-3729 0
-3728 0
-3727 0
-3726 0
-3725 0
-3724 0
-3723 0
-3722 0
-3721 0
-3720 0
-3719 0
-3718 0
-3717 0
-3716 0
-3715 0
-3714 0
-3713 0
-3712 0
-3711 1
-3710 0
-3709 0
-3708 0
-3707 0
-3706 0
-3705 0
-3704 0
-3703 0
-3702 0
-3701 0
-3700 0
-3699 0
-3698 0
-3697 0
-3696 0
-3695 0
-3694 0
-3693 1
-3692 0
-3691 0
-3690 0
-3689 1
-3688 0
-3687 0
-3686 0
-3685 0
-3684 0
-3683 0
-3682 0
-3681 0
-3680 0
-3679 0
-3678 0
-3677 0
-3676 0
-3675 0
-3674 0
-3673 0
-3672 0
-3671 0
-3670 0
-3669 0
-3668 0
-3667 0
-3666 0
-3665 0
-3664 0
-3663 0
-3662 0
-3661 0
-3660 0
-3659 0
-3658 0
-3657 0
-3656 0
-3655 0
-3654 0
-3653 0
-3652 0
-3651 0
-3650 0
-3649 0
-3648 0
-3647 0
-3646 0
-3645 0
-3644 0
-3643 0
-3642 0
-3641 0
-3640 0
-3639 0
-3638 0
-3637 0
-3636 0
-3635 0
-3634 0
-3633 0
-3632 0
-3631 0
-3630 0
-3629 0
-3628 0
-3627 0
-3626 0
-3625 0
-3624 0
-3623 0
-3622 0
-3621 0
-3620 0
-3619 0
-3618 0
-3617 0
-3616 0
-3615 0
-3614 0
-3613 0
-3612 0
-3611 0
-3610 0
-3609 0
-3608 0
-3607 0
-3606 0
-3605 1
-3604 0
-3603 0
-3602 0
-3601 0
-3600 0
-3599 0
-3598 0
-3597 0
-3596 0
-3595 0
-3594 0
-3593 0
-3592 0
-3591 0
-3590 0
-3589 0
-3588 0
-3587 1
-3586 0
-3585 0
-3584 0
-3583 0
-3582 0
-3581 0
-3580 0
-3579 0
-3578 0
-3577 0
-3576 0
-3575 0
-3574 0
-3573 0
-3572 0
-3571 0
-3570 0
-3569 0
-3568 0
-3567 0
-3566 0
-3565 0
-3564 0
-3563 0
-3562 0
-3561 0
-3560 0
-3559 0
-3558 0
-3557 0
-3556 0
-3555 0
-3554 0
-3553 0
-3552 0
-3551 0
-3550 0
-3549 0
-3548 0
-3547 0
-3546 0
-3545 0
-3544 0
-3543 0
-3542 0
-3541 0
-3540 0
-3539 0
-3538 0
-3537 0
-3536 0
-3535 0
-3534 0
-3533 1
-3532 0
-3531 0
-3530 0
-3529 0
-3528 0
-3527 0
-3526 0
-3525 0
-3524 0
-3523 1
-3522 0
-3521 0
-3520 0
-3519 0
-3518 0
-3517 0
-3516 0
-3515 0
-3514 1
-3513 0
-3512 1
-3511 0
-3510 0
-3509 0
-3508 0
-3507 0
-3506 0
-3505 0
-3504 0
-3503 0
-3502 0
-3501 0
-3500 0
-3499 0
-3498 0
-3497 1
-3496 0
-3495 0
-3494 0
-3493 0
-3492 0
-3491 0
-3490 0
-3489 0
-3488 0
-3487 0
-3486 0
-3485 0
-3484 0
-3483 0
-3482 0
-3481 0
-3480 0
-3479 0
-3478 0
-3477 0
-3476 0
-3475 0
-3474 0
-3473 0
-3472 0
-3471 1
-3470 0
-3469 0
-3468 0
-3467 0
-3466 0
-3465 0
-3464 0
-3463 0
-3462 0
-3461 0
-3460 0
-3459 0
-3458 0
-3457 0
-3456 0
-3455 0
-3454 0
-3453 0
-3452 0
-3451 0
-3450 0
-3449 0
-3448 0
-3447 0
-3446 0
-3445 0
-3444 0
-3443 0
-3442 0
-3441 0
-3440 0
-3439 0
-3438 0
-3437 0
-3436 0
-3435 0
-3434 0
-3433 0
-3432 0
-3431 0
-3430 0
-3429 0
-3428 0
-3427 0
-3426 0
-3425 0
-3424 0
-3423 0
-3422 0
-3421 0
-3420 0
-3419 0
-3418 0
-3417 0
-3416 0
-3415 0
-3414 0
-3413 0
-3412 0
-3411 0
-3410 0
-3409 0
-3408 0
-3407 0
-3406 0
-3405 0
-3404 1
-3403 0
-3402 0
-3401 0
-3400 0
-3399 0
-3398 0
-3397 0
-3396 1
-3395 0
-3394 0
-3393 0
-3392 0
-3391 0
-3390 0
-3389 0
-3388 0
-3387 1
-3386 0
-3385 1
-3384 0
-3383 0
-3382 0
-3381 0
-3380 0
-3379 0
-3378 0
-3377 0
-3376 0
-3375 0
-3374 0
-3373 0
-3372 0
-3371 0
-3370 0
-3369 0
-3368 0
-3367 0
-3366 0
-3365 0
-3364 0
-3363 0
-3362 0
-3361 0
-3360 0
-3359 0
-3358 0
-3357 0
-3356 0
-3355 1
-3354 0
-3353 0
-3352 0
-3351 0
-3350 0
-3349 0
-3348 0
-3347 0
-3346 0
-3345 0
-3344 0
-3343 0
-3342 2
-3341 0
-3340 0
-3339 0
-3338 0
-3337 0
-3336 0
-3335 0
-3334 0
-3333 0
-3332 0
-3331 0
-3330 0
-3329 0
-3328 0
-3327 0
-3326 0
-3325 0
-3324 0
-3323 0
-3322 0
-3321 1
-3320 0
-3319 0
-3318 1
-3317 0
-3316 0
-3315 0
-3314 0
-3313 0
-3312 0
-3311 0
-3310 0
-3309 0
-3308 0
-3307 0
-3306 0
-3305 0
-3304 0
-3303 0
-3302 0
-3301 0
-3300 0
-3299 0
-3298 0
-3297 0
-3296 1
-3295 0
-3294 0
-3293 0
-3292 0
-3291 0
-3290 0
-3289 0
-3288 1
-3287 0
-3286 0
-3285 0
-3284 0
-3283 0
-3282 0
-3281 0
-3280 0
-3279 0
-3278 0
-3277 0
-3276 0
-3275 0
-3274 0
-3273 0
-3272 0
-3271 0
-3270 0
-3269 0
-3268 0
-3267 1
-3266 0
-3265 0
-3264 0
-3263 0
-3262 1
-3261 0
-3260 0
-3259 0
-3258 0
-3257 0
-3256 0
-3255 0
-3254 0
-3253 1
-3252 0
-3251 0
-3250 0
-3249 0
-3248 0
-3247 0
-3246 1
-3245 0
-3244 0
-3243 0
-3242 0
-3241 0
-3240 0
-3239 0
-3238 0
-3237 0
-3236 0
-3235 0
-3234 0
-3233 0
-3232 0
-3231 0
-3230 0
-3229 0
-3228 0
-3227 0
-3226 0
-3225 0
-3224 1
-3223 0
-3222 0
-3221 0
-3220 0
-3219 0
-3218 0
-3217 0
-3216 0
-3215 0
-3214 0
-3213 0
-3212 0
-3211 0
-3210 0
-3209 0
-3208 0
-3207 0
-3206 0
-3205 0
-3204 1
-3203 0
-3202 0
-3201 0
-3200 1
-3199 0
-3198 0
-3197 0
-3196 0
-3195 0
-3194 0
-3193 0
-3192 0
-3191 0
-3190 0
-3189 0
-3188 0
-3187 0
-3186 0
-3185 0
-3184 1
-3183 1
-3182 0
-3181 0
-3180 0
-3179 0
-3178 0
-3177 0
-3176 0
-3175 0
-3174 0
-3173 1
-3172 0
-3171 0
-3170 0
-3169 0
-3168 0
-3167 0
-3166 0
-3165 0
-3164 0
-3163 0
-3162 0
-3161 0
-3160 0
-3159 0
-3158 0
-3157 0
-3156 0
-3155 0
-3154 0
-3153 0
-3152 0
-3151 0
-3150 0
-3149 0
-3148 0
-3147 0
-3146 0
-3145 0
-3144 1
-3143 0
-3142 0
-3141 0
-3140 0
-3139 0
-3138 0
-3137 0
-3136 0
-3135 0
-3134 0
-3133 0
-3132 0
-3131 1
-3130 0
-3129 0
-3128 0
-3127 0
-3126 0
-3125 0
-3124 0
-3123 1
-3122 0
-3121 0
-3120 0
-3119 0
-3118 0
-3117 0
-3116 0
-3115 0
-3114 0
-3113 0
-3112 0
-3111 0
-3110 0
-3109 0
-3108 0
-3107 0
-3106 0
-3105 0
-3104 0
-3103 0
-3102 0
-3101 0
-3100 0
-3099 0
-3098 0
-3097 0
-3096 0
-3095 0
-3094 0
-3093 0
-3092 0
-3091 0
-3090 0
-3089 0
-3088 0
-3087 0
-3086 0
-3085 0
-3084 0
-3083 0
-3082 0
-3081 0
-3080 0
-3079 0
-3078 0
-3077 0
-3076 0
-3075 0
-3074 0
-3073 0
-3072 0
-3071 0
-3070 0
-3069 0
-3068 0
-3067 0
-3066 0
-3065 0
-3064 0
-3063 0
-3062 0
-3061 0
-3060 0
-3059 0
-3058 0
-3057 0
-3056 0
-3055 0
-3054 0
-3053 0
-3052 0
-3051 0
-3050 0
-3049 0
-3048 0
-3047 0
-3046 0
-3045 0
-3044 0
-3043 0
-3042 0
-3041 0
-3040 0
-3039 0
-3038 0
-3037 0
-3036 0
-3035 0
-3034 1
-3033 0
-3032 0
-3031 0
-3030 0
-3029 0
-3028 0
-3027 0
-3026 0
-3025 0
-3024 0
-3023 1
-3022 0
-3021 0
-3020 0
-3019 2
-3018 0
-3017 0
-3016 0
-3015 0
-3014 0
-3013 0
-3012 0
-3011 0
-3010 0
-3009 0
-3008 0
-3007 0
-3006 0
-3005 0
-3004 0
-3003 0
-3002 0
-3001 0
-3000 0
-2999 0
-2998 0
-2997 0
-2996 0
-2995 0
-2994 0
-2993 0
-2992 0
-2991 0
-2990 0
-2989 0
-2988 0
-2987 0
-2986 0
-2985 0
-2984 0
-2983 0
-2982 0
-2981 0
-2980 0
-2979 1
-2978 0
-2977 1
-2976 0
-2975 1
-2974 0
-2973 0
-2972 0
-2971 0
-2970 0
-2969 0
-2968 0
-2967 0
-2966 0
-2965 0
-2964 0
-2963 0
-2962 0
-2961 0
-2960 0
-2959 0
-2958 0
-2957 0
-2956 0
-2955 0
-2954 0
-2953 0
-2952 0
-2951 0
-2950 0
-2949 0
-2948 0
-2947 0
-2946 0
-2945 0
-2944 0
-2943 0
-2942 1
-2941 0
-2940 0
-2939 0
-2938 0
-2937 0
-2936 0
-2935 0
-2934 0
-2933 1
-2932 0
-2931 1
-2930 1
-2929 0
-2928 0
-2927 0
-2926 0
-2925 0
-2924 0
-2923 0
-2922 0
-2921 0
-2920 1
-2919 0
-2918 1
-2917 0
-2916 1
-2915 0
-2914 0
-2913 0
-2912 0
-2911 0
-2910 0
-2909 0
-2908 0
-2907 0
-2906 0
-2905 0
-2904 0
-2903 0
-2902 1
-2901 0
-2900 0
-2899 0
-2898 0
-2897 0
-2896 0
-2895 0
-2894 0
-2893 0
-2892 0
-2891 0
-2890 0
-2889 0
-2888 0
-2887 0
-2886 0
-2885 0
-2884 1
-2883 0
-2882 0
-2881 0
-2880 0
-2879 0
-2878 0
-2877 0
-2876 0
-2875 0
-2874 0
-2873 1
-2872 0
-2871 0
-2870 1
-2869 0
-2868 0
-2867 0
-2866 0
-2865 0
-2864 0
-2863 0
-2862 0
-2861 0
-2860 0
-2859 0
-2858 0
-2857 0
-2856 0
-2855 0
-2854 0
-2853 0
-2852 0
-2851 0
-2850 0
-2849 0
-2848 0
-2847 0
-2846 0
-2845 0
-2844 0
-2843 0
-2842 0
-2841 0
-2840 0
-2839 0
-2838 0
-2837 1
-2836 0
-2835 0
-2834 0
-2833 1
-2832 0
-2831 0
-2830 0
-2829 0
-2828 0
-2827 0
-2826 0
-2825 1
-2824 0
-2823 0
-2822 0
-2821 0
-2820 0
-2819 0
-2818 2
-2817 0
-2816 0
-2815 0
-2814 1
-2813 0
-2812 0
-2811 0
-2810 1
-2809 0
-2808 0
-2807 2
-2806 1
-2805 0
-2804 0
-2803 0
-2802 1
-2801 0
-2800 0
-2799 0
-2798 0
-2797 1
-2796 0
-2795 0
-2794 1
-2793 0
-2792 0
-2791 0
-2790 0
-2789 0
-2788 0
-2787 0
-2786 0
-2785 0
-2784 0
-2783 0
-2782 0
-2781 0
-2780 0
-2779 0
-2778 0
-2777 1
-2776 0
-2775 0
-2774 1
-2773 0
-2772 0
-2771 0
-2770 0
-2769 0
-2768 1
-2767 0
-2766 0
-2765 0
-2764 0
-2763 0
-2762 1
-2761 0
-2760 0
-2759 0
-2758 0
-2757 0
-2756 0
-2755 0
-2754 1
-2753 0
-2752 0
-2751 0
-2750 0
-2749 0
-2748 0
-2747 0
-2746 1
-2745 0
-2744 0
-2743 0
-2742 0
-2741 0
-2740 0
-2739 0
-2738 0
-2737 0
-2736 0
-2735 0
-2734 0
-2733 0
-2732 1
-2731 0
-2730 0
-2729 0
-2728 0
-2727 1
-2726 0
-2725 0
-2724 0
-2723 0
-2722 0
-2721 1
-2720 0
-2719 0
-2718 0
-2717 0
-2716 1
-2715 0
-2714 0
-2713 0
-2712 1
-2711 0
-2710 0
-2709 0
-2708 0
-2707 0
-2706 0
-2705 0
-2704 0
-2703 0
-2702 0
-2701 0
-2700 0
-2699 0
-2698 0
-2697 0
-2696 0
-2695 1
-2694 0
-2693 0
-2692 0
-2691 0
-2690 0
-2689 0
-2688 0
-2687 0
-2686 1
-2685 1
-2684 0
-2683 0
-2682 0
-2681 0
-2680 0
-2679 0
-2678 0
-2677 0
-2676 0
-2675 1
-2674 0
-2673 0
-2672 0
-2671 2
-2670 0
-2669 0
-2668 0
-2667 0
-2666 1
-2665 0
-2664 0
-2663 0
-2662 0
-2661 0
-2660 0
-2659 1
-2658 0
-2657 0
-2656 0
-2655 0
-2654 0
-2653 0
-2652 1
-2651 1
-2650 0
-2649 0
-2648 0
-2647 0
-2646 0
-2645 0
-2644 0
-2643 0
-2642 0
-2641 0
-2640 0
-2639 0
-2638 0
-2637 0
-2636 0
-2635 0
-2634 0
-2633 0
-2632 0
-2631 0
-2630 1
-2629 1
-2628 0
-2627 0
-2626 0
-2625 0
-2624 0
-2623 0
-2622 0
-2621 0
-2620 0
-2619 1
-2618 0
-2617 1
-2616 1
-2615 1
-2614 0
-2613 1
-2612 0
-2611 0
-2610 0
-2609 0
-2608 0
-2607 0
-2606 0
-2605 0
-2604 0
-2603 0
-2602 0
-2601 0
-2600 0
-2599 0
-2598 0
-2597 0
-2596 0
-2595 0
-2594 0
-2593 0
-2592 0
-2591 3
-2590 0
-2589 0
-2588 0
-2587 1
-2586 0
-2585 0
-2584 0
-2583 0
-2582 0
-2581 0
-2580 1
-2579 0
-2578 0
-2577 0
-2576 0
-2575 0
-2574 0
-2573 0
-2572 0
-2571 1
-2570 0
-2569 0
-2568 0
-2567 0
-2566 0
-2565 0
-2564 0
-2563 0
-2562 0
-2561 1
-2560 0
-2559 1
-2558 0
-2557 0
-2556 0
-2555 0
-2554 0
-2553 0
-2552 0
-2551 0
-2550 1
-2549 1
-2548 0
-2547 0
-2546 0
-2545 0
-2544 0
-2543 2
-2542 0
-2541 0
-2540 0
-2539 0
-2538 1
-2537 0
-2536 0
-2535 0
-2534 0
-2533 0
-2532 0
-2531 1
-2530 0
-2529 0
-2528 1
-2527 0
-2526 0
-2525 0
-2524 0
-2523 1
-2522 0
-2521 0
-2520 1
-2519 0
-2518 0
-2517 0
-2516 0
-2515 1
-2514 2
-2513 0
-2512 0
-2511 0
-2510 0
-2509 0
-2508 0
-2507 0
-2506 1
-2505 0
-2504 1
-2503 0
-2502 0
-2501 0
-2500 0
-2499 1
-2498 0
-2497 0
-2496 0
-2495 1
-2494 0
-2493 1
-2492 0
-2491 0
-2490 0
-2489 0
-2488 0
-2487 1
-2486 0
-2485 0
-2484 0
-2483 0
-2482 0
-2481 0
-2480 1
-2479 0
-2478 0
-2477 0
-2476 0
-2475 0
-2474 0
-2473 0
-2472 2
-2471 0
-2470 0
-2469 0
-2468 0
-2467 0
-2466 0
-2465 0
-2464 0
-2463 0
-2462 0
-2461 0
-2460 0
-2459 0
-2458 0
-2457 1
-2456 0
-2455 0
-2454 0
-2453 0
-2452 0
-2451 0
-2450 0
-2449 0
-2448 0
-2447 0
-2446 1
-2445 0
-2444 0
-2443 1
-2442 1
-2441 0
-2440 0
-2439 0
-2438 0
-2437 0
-2436 0
-2435 0
-2434 0
-2433 0
-2432 0
-2431 1
-2430 0
-2429 1
-2428 0
-2427 0
-2426 0
-2425 0
-2424 0
-2423 0
-2422 0
-2421 0
-2420 1
-2419 0
-2418 0
-2417 0
-2416 0
-2415 0
-2414 0
-2413 0
-2412 0
-2411 0
-2410 1
-2409 0
-2408 0
-2407 1
-2406 0
-2405 0
-2404 0
-2403 0
-2402 0
-2401 0
-2400 0
-2399 1
-2398 1
-2397 0
-2396 0
-2395 0
-2394 0
-2393 0
-2392 0
-2391 1
-2390 0
-2389 2
-2388 0
-2387 0
-2386 0
-2385 0
-2384 0
-2383 1
-2382 1
-2381 1
-2380 0
-2379 0
-2378 0
-2377 0
-2376 0
-2375 0
-2374 0
-2373 0
-2372 0
-2371 0
-2370 0
-2369 0
-2368 0
-2367 0
-2366 1
-2365 1
-2364 0
-2363 0
-2362 1
-2361 0
-2360 0
-2359 1
-2358 0
-2357 1
-2356 0
-2355 0
-2354 1
-2353 0
-2352 0
-2351 1
-2350 0
-2349 2
-2348 0
-2347 0
-2346 0
-2345 1
-2344 1
-2343 0
-2342 1
-2341 0
-2340 0
-2339 0
-2338 0
-2337 0
-2336 0
-2335 0
-2334 1
-2333 1
-2332 0
-2331 1
-2330 0
-2329 0
-2328 1
-2327 0
-2326 1
-2325 0
-2324 0
-2323 0
-2322 1
-2321 0
-2320 0
-2319 0
-2318 1
-2317 0
-2316 2
-2315 0
-2314 0
-2313 0
-2312 0
-2311 1
-2310 0
-2309 0
-2308 0
-2307 0
-2306 0
-2305 0
-2304 0
-2303 3
-2302 0
-2301 0
-2300 0
-2299 1
-2298 0
-2297 0
-2296 0
-2295 0
-2294 0
-2293 0
-2292 0
-2291 1
-2290 0
-2289 0
-2288 0
-2287 0
-2286 0
-2285 2
-2284 0
-2283 1
-2282 0
-2281 0
-2280 0
-2279 0
-2278 0
-2277 0
-2276 1
-2275 0
-2274 0
-2273 1
-2272 0
-2271 0
-2270 1
-2269 1
-2268 1
-2267 0
-2266 0
-2265 0
-2264 2
-2263 0
-2262 0
-2261 0
-2260 0
-2259 0
-2258 0
-2257 1
-2256 0
-2255 1
-2254 0
-2253 0
-2252 0
-2251 0
-2250 2
-2249 0
-2248 0
-2247 0
-2246 0
-2245 1
-2244 0
-2243 0
-2242 0
-2241 0
-2240 2
-2239 0
-2238 0
-2237 0
-2236 0
-2235 1
-2234 1
-2233 1
-2232 1
-2231 0
-2230 2
-2229 0
-2228 0
-2227 0
-2226 0
-2225 0
-2224 1
-2223 0
-2222 0
-2221 1
-2220 1
-2219 0
-2218 2
-2217 0
-2216 0
-2215 1
-2214 1
-2213 0
-2212 0
-2211 0
-2210 0
-2209 0
-2208 0
-2207 0
-2206 0
-2205 1
-2204 0
-2203 0
-2202 0
-2201 0
-2200 0
-2199 0
-2198 1
-2197 1
-2196 0
-2195 0
-2194 0
-2193 2
-2192 0
-2191 0
-2190 0
-2189 0
-2188 1
-2187 0
-2186 0
-2185 2
-2184 0
-2183 0
-2182 0
-2181 0
-2180 0
-2179 1
-2178 0
-2177 0
-2176 1
-2175 0
-2174 0
-2173 0
-2172 1
-2171 0
-2170 0
-2169 0
-2168 1
-2167 0
-2166 0
-2165 0
-2164 1
-2163 1
-2162 0
-2161 0
-2160 0
-2159 1
-2158 1
-2157 0
-2156 0
-2155 0
-2154 0
-2153 0
-2152 0
-2151 0
-2150 0
-2149 1
-2148 0
-2147 2
-2146 0
-2145 0
-2144 0
-2143 1
-2142 0
-2141 0
-2140 0
-2139 1
-2138 0
-2137 0
-2136 0
-2135 0
-2134 0
-2133 3
-2132 2
-2131 0
-2130 1
-2129 1
-2128 0
-2127 1
-2126 0
-2125 0
-2124 1
-2123 0
-2122 0
-2121 2
-2120 2
-2119 0
-2118 0
-2117 0
-2116 1
-2115 0
-2114 0
-2113 0
-2112 0
-2111 1
-2110 0
-2109 1
-2108 0
-2107 0
-2106 0
-2105 0
-2104 1
-2103 0
-2102 1
-2101 0
-2100 1
-2099 0
-2098 0
-2097 1
-2096 2
-2095 1
-2094 0
-2093 1
-2092 0
-2091 0
-2090 1
-2089 2
-2088 0
-2087 0
-2086 2
-2085 1
-2084 0
-2083 1
-2082 0
-2081 0
-2080 1
-2079 0
-2078 0
-2077 1
-2076 1
-2075 1
-2074 1
-2073 2
-2072 0
-2071 0
-2070 1
-2069 1
-2068 0
-2067 1
-2066 2
-2065 0
-2064 0
-2063 1
-2062 0
-2061 2
-2060 0
-2059 0
-2058 0
-2057 0
-2056 1
-2055 1
-2054 0
-2053 0
-2052 0
-2051 2
-2050 0
-2049 1
-2048 1
-2047 0
-2046 0
-2045 0
-2044 0
-2043 0
-2042 0
-2041 2
-2040 1
-2039 1
-2038 0
-2037 0
-2036 2
-2035 2
-2034 0
-2033 1
-2032 0
-2031 2
-2030 1
-2029 1
-2028 3
-2027 0
-2026 1
-2025 0
-2024 0
-2023 1
-2022 0
-2021 0
-2020 0
-2019 1
-2018 2
-2017 1
-2016 1
-2015 0
-2014 1
-2013 0
-2012 1
-2011 3
-2010 0
-2009 1
-2008 0
-2007 0
-2006 0
-2005 0
-2004 2
-2003 1
-2002 1
-2001 1
-2000 1
-1999 3
-1998 0
-1997 0
-1996 1
-1995 1
-1994 1
-1993 0
-1992 2
-1991 0
-1990 0
-1989 0
-1988 0
-1987 1
-1986 0
-1985 0
-1984 3
-1983 1
-1982 1
-1981 0
-1980 0
-1979 0
-1978 0
-1977 0
-1976 2
-1975 1
-1974 2
-1973 1
-1972 2
-1971 1
-1970 2
-1969 2
-1968 1
-1967 0
-1966 1
-1965 2
-1964 0
-1963 2
-1962 1
-1961 1
-1960 4
-1959 0
-1958 1
-1957 3
-1956 0
-1955 1
-1954 0
-1953 0
-1952 1
-1951 0
-1950 1
-1949 1
-1948 2
-1947 1
-1946 0
-1945 0
-1944 4
-1943 1
-1942 2
-1941 1
-1940 1
-1939 1
-1938 0
-1937 2
-1936 2
-1935 1
-1934 1
-1933 1
-1932 0
-1931 1
-1930 3
-1929 1
-1928 3
-1927 2
-1926 2
-1925 1
-1924 0
-1923 0
-1922 3
-1921 1
-1920 0
-1919 1
-1918 1
-1917 2
-1916 1
-1915 2
-1914 0
-1913 3
-1912 1
-1911 1
-1910 1
-1909 1
-1908 2
-1907 1
-1906 0
-1905 2
-1904 1
-1903 1
-1902 2
-1901 1
-1900 0
-1899 2
-1898 4
-1897 2
-1896 1
-1895 2
-1894 1
-1893 2
-1892 2
-1891 1
-1890 0
-1889 3
-1888 1
-1887 1
-1886 1
-1885 1
-1884 2
-1883 0
-1882 2
-1881 2
-1880 1
-1879 2
-1878 1
-1877 0
-1876 1
-1875 2
-1874 0
-1873 3
-1872 1
-1871 1
-1870 1
-1869 0
-1868 0
-1867 3
-1866 3
-1865 2
-1864 1
-1863 3
-1862 0
-1861 2
-1860 1
-1859 2
-1858 1
-1857 1
-1856 1
-1855 0
-1854 0
-1853 3
-1852 2
-1851 2
-1850 2
-1849 0
-1848 0
-1847 0
-1846 0
-1845 0
-1844 0
-1843 0
-1842 0
-1841 2
-1840 3
-1839 2
-1838 0
-1837 1
-1836 1
-1835 3
-1834 0
-1833 1
-1832 1
-1831 3
-1830 2
-1829 1
-1828 1
-1827 0
-1826 1
-1825 1
-1824 1
-1823 2
-1822 2
-1821 3
-1820 1
-1819 1
-1818 3
-1817 2
-1816 0
-1815 1
-1814 1
-1813 2
-1812 3
-1811 1
-1810 1
-1809 1
-1808 1
-1807 3
-1806 0
-1805 2
-1804 1
-1803 1
-1802 1
-1801 0
-1800 0
-1799 1
-1798 3
-1797 0
-1796 1
-1795 3
-1794 1
-1793 1
-1792 2
-1791 3
-1790 1
-1789 4
-1788 4
-1787 1
-1786 2
-1785 3
-1784 0
-1783 2
-1782 0
-1781 2
-1780 2
-1779 2
-1778 0
-1777 3
-1776 1
-1775 1
-1774 2
-1773 2
-1772 1
-1771 3
-1770 1
-1769 2
-1768 1
-1767 2
-1766 2
-1765 0
-1764 3
-1763 2
-1762 0
-1761 0
-1760 0
-1759 2
-1758 0
-1757 5
-1756 3
-1755 2
-1754 1
-1753 2
-1752 4
-1751 1
-1750 2
-1749 1
-1748 3
-1747 3
-1746 2
-1745 1
-1744 1
-1743 3
-1742 2
-1741 0
-1740 2
-1739 2
-1738 3
-1737 3
-1736 1
-1735 1
-1734 0
-1733 4
-1732 2
-1731 1
-1730 3
-1729 2
-1728 0
-1727 3
-1726 2
-1725 1
-1724 3
-1723 0
-1722 1
-1721 0
-1720 1
-1719 1
-1718 0
-1717 1
-1716 1
-1715 2
-1714 1
-1713 0
-1712 0
-1711 3
-1710 1
-1709 3
-1708 1
-1707 2
-1706 0
-1705 0
-1704 2
-1703 3
-1702 3
-1701 1
-1700 0
-1699 2
-1698 4
-1697 1
-1696 0
-1695 1
-1694 2
-1693 1
-1692 0
-1691 2
-1690 0
-1689 2
-1688 0
-1687 1
-1686 0
-1685 1
-1684 1
-1683 2
-1682 1
-1681 0
-1680 0
-1679 2
-1678 4
-1677 1
-1676 1
-1675 0
-1674 0
-1673 2
-1672 2
-1671 1
-1670 1
-1669 0
-1668 1
-1667 3
-1666 2
-1665 1
-1664 2
-1663 1
-1662 1
-1661 1
-1660 1
-1659 2
-1658 1
-1657 3
-1656 1
-1655 1
-1654 2
-1653 1
-1652 1
-1651 2
-1650 2
-1649 3
-1648 3
-1647 2
-1646 4
-1645 3
-1644 3
-1643 1
-1642 1
-1641 3
-1640 0
-1639 1
-1638 5
-1637 2
-1636 2
-1635 0
-1634 1
-1633 0
-1632 0
-1631 0
-1630 1
-1629 2
-1628 1
-1627 0
-1626 3
-1625 4
-1624 2
-1623 3
-1622 1
-1621 2
-1620 1
-1619 2
-1618 1
-1617 0
-1616 4
-1615 4
-1614 0
-1613 1
-1612 3
-1611 3
-1610 4
-1609 1
-1608 3
-1607 8
-1606 2
-1605 2
-1604 2
-1603 1
-1602 3
-1601 3
-1600 1
-1599 1
-1598 1
-1597 2
-1596 1
-1595 2
-1594 1
-1593 0
-1592 2
-1591 2
-1590 2
-1589 4
-1588 3
-1587 2
-1586 3
-1585 0
-1584 2
-1583 3
-1582 3
-1581 3
-1580 3
-1579 1
-1578 1
-1577 0
-1576 1
-1575 7
-1574 3
-1573 6
-1572 1
-1571 1
-1570 1
-1569 3
-1568 1
-1567 0
-1566 0
-1565 4
-1564 4
-1563 1
-1562 1
-1561 2
-1560 3
-1559 1
-1558 2
-1557 2
-1556 2
-1555 1
-1554 6
-1553 3
-1552 4
-1551 1
-1550 2
-1549 4
-1548 1
-1547 3
-1546 3
-1545 2
-1544 2
-1543 2
-1542 3
-1541 3
-1540 1
-1539 3
-1538 5
-1537 4
-1536 0
-1535 3
-1534 4
-1533 0
-1532 2
-1531 2
-1530 2
-1529 2
-1528 3
-1527 2
-1526 1
-1525 2
-1524 3
-1523 3
-1522 1
-1521 3
-1520 5
-1519 4
-1518 4
-1517 1
-1516 1
-1515 2
-1514 5
-1513 3
-1512 1
-1511 1
-1510 1
-1509 0
-1508 0
-1507 4
-1506 3
-1505 0
-1504 0
-1503 5
-1502 0
-1501 1
-1500 2
-1499 2
-1498 0
-1497 3
-1496 1
-1495 3
-1494 4
-1493 4
-1492 4
-1491 1
-1490 4
-1489 1
-1488 2
-1487 3
-1486 2
-1485 3
-1484 3
-1483 1
-1482 6
-1481 3
-1480 3
-1479 4
-1478 1
-1477 2
-1476 4
-1475 1
-1474 2
-1473 5
-1472 3
-1471 1
-1470 0
-1469 3
-1468 2
-1467 3
-1466 5
-1465 1
-1464 1
-1463 4
-1462 1
-1461 4
-1460 1
-1459 1
-1458 3
-1457 2
-1456 2
-1455 3
-1454 4
-1453 3
-1452 3
-1451 4
-1450 0
-1449 3
-1448 4
-1447 6
-1446 6
-1445 5
-1444 5
-1443 5
-1442 2
-1441 4
-1440 5
-1439 3
-1438 2
-1437 2
-1436 3
-1435 2
-1434 2
-1433 1
-1432 4
-1431 2
-1430 2
-1429 5
-1428 4
-1427 4
-1426 6
-1425 1
-1424 2
-1423 2
-1422 2
-1421 7
-1420 0
-1419 5
-1418 2
-1417 5
-1416 7
-1415 3
-1414 4
-1413 3
-1412 2
-1411 4
-1410 4
-1409 2
-1408 6
-1407 2
-1406 1
-1405 3
-1404 3
-1403 2
-1402 7
-1401 3
-1400 2
-1399 5
-1398 1
-1397 3
-1396 6
-1395 3
-1394 5
-1393 5
-1392 4
-1391 4
-1390 0
-1389 2
-1388 7
-1387 4
-1386 4
-1385 5
-1384 1
-1383 6
-1382 2
-1381 2
-1380 2
-1379 1
-1378 4
-1377 3
-1376 1
-1375 1
-1374 4
-1373 5
-1372 2
-1371 2
-1370 0
-1369 1
-1368 7
-1367 4
-1366 5
-1365 4
-1364 4
-1363 6
-1362 0
-1361 4
-1360 3
-1359 2
-1358 4
-1357 5
-1356 2
-1355 2
-1354 4
-1353 3
-1352 1
-1351 2
-1350 3
-1349 2
-1348 3
-1347 5
-1346 2
-1345 1
-1344 4
-1343 0
-1342 3
-1341 2
-1340 2
-1339 2
-1338 5
-1337 4
-1336 3
-1335 3
-1334 2
-1333 3
-1332 4
-1331 2
-1330 5
-1329 4
-1328 6
-1327 4
-1326 4
-1325 4
-1324 4
-1323 7
-1322 5
-1321 3
-1320 3
-1319 2
-1318 4
-1317 3
-1316 2
-1315 5
-1314 4
-1313 1
-1312 3
-1311 5
-1310 7
-1309 1
-1308 2
-1307 3
-1306 2
-1305 1
-1304 2
-1303 1
-1302 2
-1301 4
-1300 5
-1299 6
-1298 1
-1297 3
-1296 5
-1295 4
-1294 9
-1293 3
-1292 6
-1291 4
-1290 4
-1289 2
-1288 5
-1287 5
-1286 4
-1285 5
-1284 3
-1283 2
-1282 6
-1281 3
-1280 1
-1279 5
-1278 3
-1277 6
-1276 5
-1275 3
-1274 7
-1273 6
-1272 4
-1271 2
-1270 7
-1269 5
-1268 1
-1267 1
-1266 7
-1265 0
-1264 2
-1263 6
-1262 2
-1261 7
-1260 2
-1259 9
-1258 7
-1257 3
-1256 4
-1255 3
-1254 5
-1253 1
-1252 5
-1251 2
-1250 3
-1249 1
-1248 7
-1247 4
-1246 3
-1245 3
-1244 3
-1243 4
-1242 2
-1241 5
-1240 3
-1239 3
-1238 5
-1237 6
-1236 4
-1235 5
-1234 3
-1233 7
-1232 5
-1231 4
-1230 7
-1229 6
-1228 4
-1227 5
-1226 3
-1225 4
-1224 6
-1223 2
-1222 1
-1221 5
-1220 3
-1219 4
-1218 4
-1217 1
-1216 6
-1215 4
-1214 5
-1213 7
-1212 3
-1211 5
-1210 7
-1209 1
-1208 1
-1207 4
-1206 6
-1205 5
-1204 5
-1203 1
-1202 3
-1201 6
-1200 6
-1199 3
-1198 4
-1197 4
-1196 2
-1195 8
-1194 7
-1193 7
-1192 7
-1191 8
-1190 6
-1189 6
-1188 1
-1187 1
-1186 8
-1185 5
-1184 4
-1183 4
-1182 4
-1181 5
-1180 7
-1179 6
-1178 5
-1177 7
-1176 9
-1175 6
-1174 2
-1173 4
-1172 6
-1171 5
-1170 6
-1169 6
-1168 2
-1167 7
-1166 4
-1165 8
-1164 6
-1163 8
-1162 4
-1161 5
-1160 8
-1159 4
-1158 6
-1157 0
-1156 4
-1155 10
-1154 11
-1153 3
-1152 5
-1151 7
-1150 5
-1149 5
-1148 7
-1147 9
-1146 7
-1145 5
-1144 5
-1143 7
-1142 4
-1141 5
-1140 4
-1139 8
-1138 11
-1137 6
-1136 6
-1135 4
-1134 9
-1133 2
-1132 7
-1131 3
-1130 7
-1129 3
-1128 2
-1127 1
-1126 10
-1125 8
-1124 9
-1123 5
-1122 10
-1121 5
-1120 8
-1119 5
-1118 3
-1117 7
-1116 8
-1115 7
-1114 5
-1113 5
-1112 5
-1111 10
-1110 3
-1109 10
-1108 8
-1107 8
-1106 5
-1105 6
-1104 6
-1103 4
-1102 6
-1101 4
-1100 3
-1099 8
-1098 7
-1097 5
-1096 11
-1095 5
-1094 9
-1093 10
-1092 3
-1091 7
-1090 10
-1089 11
-1088 4
-1087 4
-1086 5
-1085 8
-1084 5
-1083 4
-1082 8
-1081 9
-1080 9
-1079 12
-1078 8
-1077 8
-1076 5
-1075 6
-1074 11
-1073 7
-1072 6
-1071 6
-1070 5
-1069 4
-1068 11
-1067 12
-1066 10
-1065 10
-1064 9
-1063 4
-1062 12
-1061 9
-1060 10
-1059 5
-1058 8
-1057 3
-1056 7
-1055 12
-1054 6
-1053 2
-1052 10
-1051 11
-1050 11
-1049 8
-1048 11
-1047 12
-1046 14
-1045 10
-1044 14
-1043 12
-1042 6
-1041 7
-1040 6
-1039 11
-1038 10
-1037 6
-1036 6
-1035 14
-1034 4
-1033 11
-1032 12
-1031 12
-1030 6
-1029 10
-1028 8
-1027 4
-1026 9
-1025 7
-1024 7
-1023 9
-1022 6
-1021 12
-1020 9
-1019 12
-1018 11
-1017 5
-1016 11
-1015 7
-1014 9
-1013 4
-1012 11
-1011 12
-1010 7
-1009 10
-1008 8
-1007 7
-1006 13
-1005 8
-1004 3
-1003 13
-1002 11
-1001 10
-1000 13
-999 10
-998 10
-997 11
-996 9
-995 9
-994 5
-993 12
-992 13
-991 8
-990 16
-989 8
-988 10
-987 12
-986 6
-985 15
-984 10
-983 7
-982 10
-981 6
-980 10
-979 13
-978 12
-977 6
-976 10
-975 9
-974 10
-973 7
-972 13
-971 14
-970 11
-969 11
-968 10
-967 9
-966 12
-965 12
-964 12
-963 11
-962 10
-961 9
-960 6
-959 8
-958 15
-957 9
-956 14
-955 19
-954 14
-953 19
-952 7
-951 8
-950 13
-949 7
-948 13
-947 13
-946 9
-945 9
-944 9
-943 10
-942 18
-941 14
-940 13
-939 11
-938 13
-937 7
-936 13
-935 7
-934 11
-933 17
-932 18
-931 10
-930 8
-929 12
-928 12
-927 11
-926 12
-925 10
-924 7
-923 14
-922 11
-921 15
-920 16
-919 11
-918 13
-917 9
-916 19
-915 17
-914 21
-913 13
-912 11
-911 10
-910 14
-909 14
-908 10
-907 10
-906 16
-905 11
-904 12
-903 13
-902 12
-901 14
-900 17
-899 5
-898 12
-897 16
-896 11
-895 14
-894 15
-893 17
-892 10
-891 16
-890 12
-889 17
-888 9
-887 7
-886 7
-885 12
-884 13
-883 13
-882 13
-881 10
-880 11
-879 10
-878 12
-877 11
-876 13
-875 11
-874 9
-873 11
-872 13
-871 11
-870 14
-869 13
-868 14
-867 19
-866 13
-865 21
-864 19
-863 12
-862 11
-861 13
-860 17
-859 13
-858 14
-857 15
-856 15
-855 15
-854 13
-853 16
-852 13
-851 20
-850 15
-849 14
-848 24
-847 13
-846 12
-845 13
-844 18
-843 13
-842 17
-841 19
-840 17
-839 19
-838 9
-837 19
-836 13
-835 23
-834 11
-833 16
-832 19
-831 12
-830 15
-829 16
-828 15
-827 11
-826 15
-825 18
-824 19
-823 20
-822 23
-821 15
-820 16
-819 18
-818 13
-817 14
-816 19
-815 32
-814 16
-813 18
-812 15
-811 18
-810 15
-809 18
-808 11
-807 16
-806 18
-805 14
-804 13
-803 13
-802 18
-801 17
-800 18
-799 24
-798 24
-797 16
-796 28
-795 24
-794 22
-793 23
-792 18
-791 20
-790 19
-789 14
-788 18
-787 22
-786 13
-785 12
-784 20
-783 21
-782 15
-781 16
-780 24
-779 16
-778 15
-777 13
-776 32
-775 21
-774 23
-773 19
-772 23
-771 22
-770 16
-769 21
-768 23
-767 20
-766 19
-765 21
-764 27
-763 16
-762 20
-761 24
-760 24
-759 15
-758 20
-757 22
-756 22
-755 16
-754 15
-753 15
-752 17
-751 28
-750 17
-749 28
-748 27
-747 33
-746 31
-745 16
-744 23
-743 28
-742 29
-741 15
-740 28
-739 24
-738 26
-737 26
-736 25
-735 21
-734 20
-733 26
-732 32
-731 28
-730 19
-729 30
-728 21
-727 25
-726 21
-725 26
-724 25
-723 22
-722 23
-721 25
-720 21
-719 15
-718 30
-717 26
-716 22
-715 40
-714 21
-713 21
-712 21
-711 27
-710 26
-709 21
-708 24
-707 22
-706 28
-705 25
-704 33
-703 23
-702 26
-701 26
-700 25
-699 30
-698 31
-697 22
-696 32
-695 31
-694 16
-693 26
-692 30
-691 29
-690 22
-689 20
-688 26
-687 25
-686 30
-685 31
-684 37
-683 31
-682 28
-681 24
-680 35
-679 31
-678 20
-677 40
-676 29
-675 28
-674 28
-673 26
-672 22
-671 23
-670 32
-669 22
-668 34
-667 39
-666 32
-665 31
-664 29
-663 34
-662 36
-661 38
-660 31
-659 34
-658 39
-657 33
-656 33
-655 35
-654 41
-653 37
-652 37
-651 35
-650 34
-649 44
-648 34
-647 29
-646 38
-645 29
-644 33
-643 31
-642 44
-641 39
-640 26
-639 42
-638 32
-637 36
-636 32
-635 39
-634 34
-633 43
-632 34
-631 35
-630 32
-629 43
-628 49
-627 39
-626 37
-625 41
-624 45
-623 46
-622 38
-621 38
-620 45
-619 36
-618 43
-617 34
-616 38
-615 32
-614 29
-613 39
-612 34
-611 39
-610 45
-609 39
-608 41
-607 41
-606 40
-605 36
-604 43
-603 47
-602 39
-601 43
-600 29
-599 49
-598 37
-597 34
-596 42
-595 47
-594 41
-593 46
-592 38
-591 35
-590 52
-589 48
-588 45
-587 41
-586 39
-585 44
-584 38
-583 44
-582 40
-581 41
-580 48
-579 49
-578 36
-577 45
-576 40
-575 51
-574 41
-573 56
-572 45
-571 56
-570 49
-569 45
-568 64
-567 44
-566 55
-565 53
-564 46
-563 40
-562 56
-561 57
-560 59
-559 43
-558 47
-557 55
-556 48
-555 56
-554 47
-553 52
-552 54
-551 58
-550 67
-549 51
-548 49
-547 66
-546 64
-545 59
-544 65
-543 50
-542 53
-541 55
-540 70
-539 50
-538 69
-537 66
-536 45
-535 61
-534 50
-533 57
-532 49
-531 65
-530 55
-529 54
-528 64
-527 65
-526 79
-525 56
-524 68
-523 63
-522 71
-521 53
-520 68
-519 68
-518 51
-517 65
-516 52
-515 58
-514 46
-513 60
-512 60
-511 63
-510 64
-509 62
-508 61
-507 72
-506 59
-505 69
-504 81
-503 55
-502 64
-501 62
-500 72
-499 81
-498 93
-497 66
-496 69
-495 75
-494 73
-493 66
-492 67
-491 91
-490 78
-489 80
-488 77
-487 89
-486 66
-485 82
-484 75
-483 69
-482 84
-481 76
-480 71
-479 72
-478 86
-477 81
-476 80
-475 87
-474 75
-473 81
-472 87
-471 81
-470 88
-469 92
-468 81
-467 94
-466 87
-465 85
-464 77
-463 88
-462 73
-461 80
-460 79
-459 82
-458 82
-457 104
-456 85
-455 101
-454 89
-453 74
-452 101
-451 94
-450 99
-449 89
-448 86
-447 91
-446 99
-445 92
-444 101
-443 83
-442 92
-441 93
-440 99
-439 104
-438 106
-437 89
-436 101
-435 110
-434 91
-433 104
-432 106
-431 97
-430 90
-429 102
-428 105
-427 100
-426 97
-425 127
-424 101
-423 101
-422 106
-421 120
-420 105
-419 122
-418 97
-417 100
-416 113
-415 108
-414 120
-413 103
-412 127
-411 129
-410 113
-409 109
-408 118
-407 111
-406 155
-405 118
-404 135
-403 91
-402 114
-401 121
-400 104
-399 118
-398 142
-397 124
-396 119
-395 142
-394 115
-393 131
-392 131
-391 114
-390 134
-389 139
-388 134
-387 146
-386 129
-385 129
-384 130
-383 118
-382 136
-381 140
-380 147
-379 136
-378 119
-377 137
-376 126
-375 139
-374 143
-373 161
-372 123
-371 151
-370 149
-369 148
-368 126
-367 153
-366 142
-365 130
-364 141
-363 145
-362 158
-361 122
-360 144
-359 136
-358 153
-357 184
-356 144
-355 164
-354 163
-353 156
-352 174
-351 183
-350 156
-349 139
-348 187
-347 180
-346 147
-345 171
-344 161
-343 164
-342 158
-341 184
-340 170
-339 172
-338 187
-337 194
-336 177
-335 178
-334 169
-333 187
-332 191
-331 210
-330 173
-329 183
-328 178
-327 190
-326 210
-325 178
-324 193
-323 168
-322 184
-321 187
-320 208
-319 184
-318 203
-317 205
-316 203
-315 200
-314 202
-313 203
-312 214
-311 245
-310 223
-309 222
-308 206
-307 203
-306 195
-305 214
-304 228
-303 206
-302 218
-301 222
-300 225
-299 234
-298 229
-297 221
-296 249
-295 242
-294 243
-293 242
-292 225
-291 234
-290 240
-289 250
-288 243
-287 257
-286 260
-285 245
-284 275
-283 256
-282 284
-281 264
-280 270
-279 308
-278 252
-277 260
-276 253
-275 293
-274 287
-273 264
-272 301
-271 278
-270 280
-269 286
-268 268
-267 290
-266 291
-265 292
-264 304
-263 290
-262 283
-261 324
-260 275
-259 308
-258 332
-257 313
-256 289
-255 298
-254 311
-253 340
-252 306
-251 338
-250 339
-249 347
-248 354
-247 303
-246 338
-245 332
-244 302
-243 353
-242 362
-241 339
-240 348
-239 376
-238 351
-237 381
-236 379
-235 385
-234 394
-233 342
-232 384
-231 404
-230 375
-229 387
-228 352
-227 398
-226 410
-225 401
-224 417
-223 412
-222 407
-221 413
-220 469
-219 420
-218 448
-217 433
-216 421
-215 431
-214 432
-213 483
-212 452
-211 481
-210 486
-209 483
-208 465
-207 452
-206 499
-205 485
-204 465
-203 514
-202 524
-201 540
-200 532
-199 497
-198 545
-197 532
-196 542
-195 582
-194 540
-193 557
-192 555
-191 565
-190 557
-189 590
-188 543
-187 593
-186 606
-185 606
-184 628
-183 652
-182 655
-181 641
-180 591
-179 617
-178 668
-177 678
-176 643
-175 682
-174 689
-173 728
-172 708
-171 693
-170 774
-169 693
-168 724
-167 722
-166 742
-165 802
-164 812
-163 827
-162 815
-161 854
-160 847
-159 773
-158 863
-157 851
-156 843
-155 831
-154 845
-153 898
-152 874
-151 947
-150 892
-149 912
-148 1000
-147 1008
-146 1003
-145 1033
-144 1005
-143 1017
-142 1047
-141 1037
-140 1086
-139 1069
-138 1114
-137 1108
-136 1113
-135 1069
-134 1138
-133 1170
-132 1130
-131 1197
-130 1181
-129 1247
-128 1256
-127 1256
-126 1344
-125 1290
-124 1326
-123 1301
-122 1312
-121 1350
-120 1419
-119 1445
-118 1448
-117 1491
-116 1400
-115 1466
-114 1575
-113 1511
-112 1539
-111 1622
-110 1716
-109 1644
-108 1666
-107 1754
-106 1786
-105 1721
-104 1844
-103 1883
-102 1887
-101 1972
-100 2010
-99 1907
-98 1996
-97 2093
-96 2006
-95 2164
-94 2235
-93 2202
-92 2337
-91 2366
-90 2371
-89 2359
-88 2416
-87 2727
-86 2493
-85 2590
-84 2720
-83 2804
-82 2722
-81 2859
-80 2917
-79 2988
-78 3121
-77 3171
-76 3150
-75 3246
-74 3300
-73 3504
-72 3490
-71 3715
-70 3767
-69 3782
-68 3878
-67 4033
-66 4018
-65 4225
-64 4323
-63 4508
-62 4602
-61 4604
-60 4883
-59 5110
-58 5202
-57 5401
-56 5569
-55 5594
-54 6016
-53 6122
-52 6257
-51 6686
-50 6839
-49 6986
-48 7240
-47 7806
-46 7855
-45 8146
-44 8433
-43 8861
-42 9086
-41 9764
-40 10187
-39 10411
-38 11170
-37 11539
-36 11843
-35 12846
-34 13372
-33 13952
-32 14935
-31 15914
-30 16600
-29 17756
-28 18664
-27 19903
-26 21401
-25 22998
-24 24953
-23 26467
-22 28598
-21 31411
-20 34114
-19 37271
-18 41398
-17 46107
-16 50991
-15 57791
-14 65249
-13 75096
-12 87395
-11 102987
-10 123362
-9 151962
-8 191738
-7 250600
-6 345330
-5 512339
-4 855574
-3 1774143
-2 5630879
-1 70968806
0 0
1 74176294
2 3011426
3 1089095
4 621715
5 405418
6 288181
7 216322
8 169975
9 137335
10 112284
11 94428
12 81115
13 70679
14 61508
15 54754
16 48277
17 43521
18 39655
19 35812
20 32596
21 29977
22 27801
23 25615
24 23765
25 22161
26 21045
27 19352
28 18212
29 17123
30 16300
31 15402
32 14438
33 13679
34 13149
35 12559
36 11781
37 11198
38 10703
39 10268
40 9852
41 9525
42 8884
43 8644
44 8414
45 8139
46 7620
47 7449
48 7199
49 6918
50 6798
51 6404
52 6419
53 6002
54 5870
55 5561
56 5568
57 5230
58 5016
59 5034
60 4945
61 4611
62 4562
63 4423
64 4249
65 4247
66 4017
67 3885
68 3711
69 3778
70 3770
71 3632
72 3490
73 3495
74 3343
75 3195
76 3064
77 3091
78 3070
79 2982
80 2915
81 2719
82 2787
83 2772
84 2662
85 2611
86 2548
87 2454
88 2456
89 2384
90 2375
91 2328
92 2283
93 2279
94 2187
95 2056
96 2077
97 2103
98 2063
99 1958
100 1915
101 1932
102 1875
103 1795
104 1873
105 1722
106 1726
107 1717
108 1687
109 1584
110 1593
111 1628
112 1580
113 1459
114 1548
115 1449
116 1516
117 1533
118 1416
119 1416
120 1369
121 1437
122 1304
123 1278
124 1303
125 1255
126 1288
127 1263
128 1231
129 1240
130 1137
131 1187
132 1159
133 1153
134 1134
135 1177
136 1101
137 1140
138 1063
139 1071
140 1063
141 1077
142 1035
143 1025
144 1009
145 1004
146 987
147 946
148 991
149 918
150 890
151 887
152 872
153 882
154 859
155 871
156 846
157 846
158 804
159 783
160 836
161 804
162 778
163 797
164 807
165 754
166 749
167 770
168 740
169 763
170 751
171 706
172 722
173 683
174 672
175 632
176 647
177 645
178 658
179 591
180 630
181 608
182 615
183 615
184 624
185 650
186 610
187 569
188 582
189 595
190 617
191 611
192 522
193 548
194 533
195 597
196 521
197 552
198 509
199 473
200 498
201 525
202 525
203 480
204 482
205 522
206 505
207 416
208 503
209 462
210 479
211 480
212 477
213 427
214 440
215 435
216 442
217 423
218 421
219 435
220 420
221 429
222 408
223 376
224 398
225 406
226 395
227 401
228 371
229 423
230 404
231 368
232 384
233 384
234 378
235 350
236 365
237 375
238 363
239 305
240 338
241 335
242 393
243 323
244 373
245 312
246 355
247 354
248 358
249 308
250 318
251 303
252 329
253 306
254 331
255 330
256 294
257 293
258 311
259 299
260 317
261 301
262 295
263 330
264 312
265 272
266 306
267 310
268 301
269 271
270 286
271 289
272 299
273 278
274 262
275 258
276 255
277 281
278 252
279 267
280 252
281 250
282 264
283 243
284 236
285 250
286 240
287 251
288 241
289 243
290 235
291 246
292 242
293 256
294 236
295 218
296 223
297 248
298 273
299 234
300 246
301 219
302 240
303 232
304 212
305 220
306 224
307 208
308 216
309 221
310 213
311 222
312 197
313 217
314 208
315 204
316 173
317 213
318 205
319 185
320 214
321 210
322 221
323 177
324 194
325 208
326 202
327 202
328 162
329 165
330 194
331 186
332 183
333 182
334 210
335 170
336 170
337 198
338 187
339 175
340 143
341 170
342 170
343 154
344 190
345 172
346 152
347 177
348 161
349 145
350 177
351 139
352 148
353 160
354 156
355 162
356 140
357 145
358 157
359 149
360 149
361 150
362 122
363 151
364 161
365 126
366 133
367 165
368 119
369 153
370 143
371 129
372 126
373 150
374 136
375 123
376 143
377 141
378 131
379 137
380 139
381 153
382 129
383 141
384 126
385 128
386 127
387 139
388 134
389 130
390 119
391 128
392 115
393 128
394 131
395 118
396 138
397 143
398 135
399 127
400 142
401 120
402 121
403 114
404 122
405 120
406 106
407 110
408 125
409 140
410 135
411 121
412 111
413 93
414 125
415 101
416 106
417 113
418 86
419 109
420 114
421 120
422 124
423 100
424 113
425 97
426 113
427 102
428 96
429 94
430 101
431 113
432 95
433 87
434 105
435 79
436 104
437 93
438 102
439 101
440 86
441 105
442 89
443 99
444 100
445 82
446 89
447 93
448 102
449 85
450 78
451 82
452 86
453 94
454 99
455 103
456 88
457 82
458 94
459 73
460 83
461 99
462 79
463 81
464 78
465 89
466 87
467 80
468 110
469 82
470 81
471 83
472 81
473 75
474 95
475 87
476 83
477 71
478 66
479 77
480 74
481 82
482 65
483 80
484 81
485 71
486 75
487 90
488 81
489 64
490 74
491 73
492 71
493 62
494 71
495 82
496 62
497 69
498 68
499 67
500 76
501 83
502 70
503 74
504 60
505 71
506 66
507 72
508 66
509 64
510 71
511 76
512 71
513 61
514 51
515 53
516 57
517 52
518 91
519 51
520 64
521 71
522 56
523 58
524 60
525 49
526 56
527 69
528 64
529 59
530 52
531 46
532 71
533 65
534 56
535 60
536 56
537 43
538 70
539 53
540 53
541 54
542 72
543 64
544 54
545 73
546 51
547 52
548 54
549 50
550 60
551 43
552 48
553 68
554 47
555 51
556 61
557 52
558 46
559 49
560 60
561 52
562 42
563 44
564 48
565 51
566 54
567 51
568 39
569 48
570 52
571 56
572 58
573 45
574 49
575 50
576 58
577 41
578 47
579 41
580 42
581 38
582 56
583 36
584 37
585 38
586 35
587 28
588 37
589 49
590 48
591 41
592 48
593 42
594 45
595 42
596 43
597 51
598 29
599 46
600 39
601 37
602 50
603 38
604 44
605 36
606 37
607 40
608 48
609 36
610 45
611 44
612 44
613 37
614 45
615 45
616 45
617 31
618 33
619 37
620 44
621 34
622 38
623 37
624 43
625 37
626 36
627 31
628 35
629 33
630 32
631 34
632 35
633 32
634 32
635 45
636 29
637 46
638 25
639 47
640 41
641 31
642 37
643 35
644 31
645 39
646 34
647 35
648 40
649 35
650 35
651 39
652 31
653 25
654 36
655 39
656 33
657 29
658 39
659 35
660 36
661 35
662 24
663 29
664 32
665 43
666 29
667 30
668 28
669 24
670 35
671 29
672 27
673 28
674 23
675 17
676 31
677 32
678 29
679 33
680 20
681 35
682 40
683 37
684 22
685 36
686 36
687 24
688 28
689 24
690 28
691 20
692 26
693 15
694 26
695 23
696 28
697 22
698 26
699 20
700 24
701 26
702 27
703 29
704 25
705 28
706 26
707 20
708 28
709 23
710 36
711 27
712 24
713 25
714 23
715 18
716 18
717 22
718 29
719 28
720 27
721 28
722 21
723 23
724 26
725 27
726 25
727 19
728 20
729 26
730 25
731 25
732 30
733 24
734 19
735 19
736 18
737 20
738 17
739 28
740 20
741 23
742 32
743 20
744 25
745 20
746 25
747 33
748 14
749 25
750 23
751 25
752 28
753 19
754 24
755 28
756 28
757 21
758 19
759 19
760 22
761 21
762 29
763 23
764 15
765 21
766 26
767 21
768 17
769 24
770 14
771 20
772 17
773 26
774 29
775 14
776 18
777 22
778 25
779 17
780 20
781 26
782 11
783 23
784 27
785 32
786 17
787 22
788 14
789 18
790 14
791 18
792 25
793 14
794 10
795 25
796 24
797 19
798 18
799 21
800 19
801 13
802 14
803 19
804 24
805 20
806 14
807 19
808 24
809 16
810 18
811 17
812 20
813 22
814 16
815 12
816 24
817 21
818 17
819 19
820 12
821 19
822 10
823 18
824 20
825 16
826 19
827 15
828 11
829 20
830 20
831 11
832 15
833 16
834 17
835 15
836 20
837 15
838 9
839 12
840 15
841 17
842 17
843 22
844 14
845 18
846 21
847 16
848 18
849 10
850 13
851 16
852 13
853 10
854 11
855 18
856 14
857 22
858 17
859 14
860 14
861 15
862 15
863 10
864 14
865 14
866 14
867 13
868 12
869 13
870 8
871 18
872 9
873 17
874 10
875 15
876 16
877 16
878 12
879 10
880 10
881 19
882 11
883 15
884 16
885 14
886 11
887 16
888 11
889 10
890 13
891 14
892 13
893 15
894 8
895 7
896 11
897 13
898 14
899 16
900 15
901 13
902 10
903 16
904 9
905 9
906 12
907 13
908 12
909 15
910 12
911 16
912 19
913 4
914 18
915 13
916 17
917 11
918 13
919 13
920 10
921 11
922 18
923 18
924 11
925 16
926 12
927 9
928 9
929 12
930 11
931 8
932 14
933 8
934 7
935 10
936 9
937 11
938 15
939 13
940 7
941 12
942 13
943 10
944 14
945 9
946 11
947 8
948 17
949 12
950 8
951 13
952 11
953 7
954 10
955 14
956 14
957 14
958 9
959 9
960 13
961 10
962 9
963 9
964 7
965 14
966 7
967 16
968 13
969 8
970 9
971 11
972 14
973 6
974 10
975 8
976 14
977 6
978 14
979 14
980 7
981 13
982 15
983 9
984 6
985 4
986 8
987 11
988 12
989 11
990 11
991 8
992 9
993 9
994 12
995 8
996 12
997 8
998 8
999 8
1000 7
1001 12
1002 10
1003 5
1004 12
1005 6
1006 11
1007 5
1008 11
1009 4
1010 8
1011 5
1012 9
1013 8
1014 14
1015 9
1016 7
1017 8
1018 10
1019 14
1020 3
1021 7
1022 5
1023 7
1024 8
1025 2
1026 7
1027 8
1028 1
1029 5
1030 9
1031 10
1032 8
1033 9
1034 6
1035 5
1036 8
1037 7
1038 16
1039 7
1040 9
1041 7
1042 9
1043 8
1044 9
1045 7
1046 10
1047 5
1048 8
1049 5
1050 12
1051 8
1052 8
1053 5
1054 12
1055 6
1056 8
1057 9
1058 7
1059 6
1060 6
1061 8
1062 10
1063 6
1064 3
1065 9
1066 8
1067 9
1068 5
1069 15
1070 7
1071 10
1072 12
1073 5
1074 4
1075 4
1076 5
1077 4
1078 8
1079 10
1080 5
1081 11
1082 9
1083 15
1084 6
1085 12
1086 8
1087 10
1088 9
1089 5
1090 6
1091 9
1092 5
1093 6
1094 8
1095 4
1096 3
1097 3
1098 4
1099 6
1100 5
1101 5
1102 13
1103 6
1104 7
1105 9
1106 10
1107 10
1108 7
1109 7
1110 3
1111 4
1112 5
1113 5
1114 8
1115 2
1116 5
1117 10
1118 7
1119 9
1120 8
1121 6
1122 7
1123 11
1124 3
1125 5
1126 6
1127 3
1128 7
1129 6
1130 2
1131 2
1132 4
1133 6
1134 7
1135 7
1136 4
1137 4
1138 6
1139 9
1140 5
1141 4
1142 5
1143 5
1144 5
1145 5
1146 1
1147 8
1148 13
1149 3
1150 5
1151 6
1152 14
1153 5
1154 8
1155 4
1156 3
1157 4
1158 2
1159 9
1160 2
1161 10
1162 8
1163 5
1164 2
1165 5
1166 5
1167 7
1168 5
1169 7
1170 5
1171 6
1172 6
1173 5
1174 4
1175 8
1176 3
1177 4
1178 8
1179 8
1180 5
1181 1
1182 6
1183 8
1184 7
1185 7
1186 4
1187 5
1188 7
1189 4
1190 7
1191 3
1192 4
1193 6
1194 1
1195 5
1196 4
1197 1
1198 4
1199 7
1200 7
1201 2
1202 5
1203 6
1204 11
1205 6
1206 10
1207 2
1208 3
1209 3
1210 7
1211 8
1212 0
1213 5
1214 3
1215 2
1216 7
1217 4
1218 4
1219 5
1220 4
1221 4
1222 4
1223 4
1224 6
1225 2
1226 6
1227 2
1228 5
1229 2
1230 4
1231 4
1232 7
1233 7
1234 5
1235 5
1236 7
1237 2
1238 8
1239 3
1240 3
1241 2
1242 6
1243 5
1244 4
1245 1
1246 9
1247 3
1248 4
1249 4
1250 8
1251 3
1252 4
1253 4
1254 2
1255 5
1256 0
1257 4
1258 5
1259 4
1260 5
1261 5
1262 4
1263 4
1264 2
1265 5
1266 5
1267 10
1268 5
1269 5
1270 1
1271 3
1272 5
1273 6
1274 5
1275 3
1276 4
1277 1
1278 3
1279 5
1280 3
1281 5
1282 3
1283 4
1284 2
1285 3
1286 2
1287 5
1288 2
1289 3
1290 4
1291 3
1292 2
1293 5
1294 4
1295 2
1296 3
1297 6
1298 4
1299 5
1300 3
1301 1
1302 3
1303 6
1304 7
1305 5
1306 4
1307 1
1308 3
1309 4
1310 5
1311 3
1312 4
1313 8
1314 3
1315 5
1316 3
1317 3
1318 4
1319 4
1320 2
1321 2
1322 2
1323 2
1324 5
1325 1
1326 5
1327 2
1328 2
1329 3
1330 6
1331 4
1332 2
1333 6
1334 3
1335 4
1336 4
1337 2
1338 3
1339 3
1340 2
1341 2
1342 2
1343 4
1344 2
1345 4
1346 3
1347 5
1348 3
1349 3
1350 1
1351 3
1352 3
1353 5
1354 4
1355 2
1356 4
1357 1
1358 4
1359 4
1360 1
1361 1
1362 1
1363 0
1364 6
1365 3
1366 1
1367 5
1368 1
1369 5
1370 4
1371 5
1372 3
1373 2
1374 3
1375 3
1376 5
1377 4
1378 3
1379 5
1380 2
1381 3
1382 1
1383 1
1384 4
1385 4
1386 3
1387 1
1388 4
1389 5
1390 3
1391 2
1392 0
1393 3
1394 5
1395 4
1396 2
1397 1
1398 2
1399 1
1400 1
1401 4
1402 3
1403 6
1404 2
1405 3
1406 4
1407 4
1408 5
1409 2
1410 3
1411 3
1412 2
1413 3
1414 5
1415 1
1416 3
1417 2
1418 3
1419 4
1420 6
1421 4
1422 5
1423 4
1424 5
1425 4
1426 4
1427 4
1428 2
1429 4
1430 2
1431 3
1432 3
1433 2
1434 3
1435 1
1436 8
1437 2
1438 3
1439 6
1440 3
1441 5
1442 2
1443 2
1444 2
1445 3
1446 3
1447 4
1448 5
1449 1
1450 5
1451 2
1452 2
1453 2
1454 3
1455 1
1456 1
1457 1
1458 3
1459 3
1460 5
1461 5
1462 4
1463 3
1464 0
1465 6
1466 1
1467 4
1468 2
1469 3
1470 1
1471 4
1472 2
1473 1
1474 2
1475 2
1476 4
1477 3
1478 6
1479 1
1480 2
1481 1
1482 3
1483 3
1484 3
1485 4
1486 5
1487 3
1488 0
1489 5
1490 1
1491 9
1492 2
1493 6
1494 2
1495 5
1496 0
1497 2
1498 1
1499 1
1500 3
1501 4
1502 1
1503 4
1504 2
1505 1
1506 4
1507 2
1508 3
1509 4
1510 1
1511 2
1512 2
1513 4
1514 3
1515 2
1516 0
1517 1
1518 2
1519 2
1520 2
1521 3
1522 2
1523 2
1524 4
1525 3
1526 1
1527 2
1528 4
1529 2
1530 3
1531 4
1532 1
1533 0
1534 2
1535 5
1536 1
1537 3
1538 3
1539 2
1540 4
1541 4
1542 3
1543 1
1544 2
1545 3
1546 4
1547 1
1548 4
1549 3
1550 3
1551 5
1552 3
1553 1
1554 0
1555 3
1556 0
1557 0
1558 2
1559 0
1560 4
1561 2
1562 3
1563 0
1564 2
1565 1
1566 0
1567 1
1568 3
1569 4
1570 3
1571 1
1572 4
1573 1
1574 3
1575 3
1576 2
1577 0
1578 5
1579 1
1580 2
1581 2
1582 2
1583 1
1584 3
1585 1
1586 1
1587 5
1588 1
1589 2
1590 4
1591 2
1592 2
1593 3
1594 2
1595 2
1596 1
1597 3
1598 1
1599 2
1600 3
1601 1
1602 3
1603 2
1604 2
1605 2
1606 1
1607 2
1608 4
1609 3
1610 1
1611 2
1612 0
1613 0
1614 4
1615 2
1616 2
1617 2
1618 3
1619 0
1620 3
1621 1
1622 0
1623 2
1624 2
1625 4
1626 1
1627 2
1628 0
1629 1
1630 1
1631 2
1632 2
1633 0
1634 1
1635 3
1636 1
1637 1
1638 1
1639 1
1640 2
1641 1
1642 1
1643 4
1644 0
1645 0
1646 2
1647 3
1648 4
1649 1
1650 2
1651 1
1652 2
1653 0
1654 1
1655 1
1656 2
1657 1
1658 3
1659 3
1660 1
1661 1
1662 1
1663 2
1664 1
1665 2
1666 1
1667 2
1668 3
1669 0
1670 2
1671 2
1672 1
1673 4
1674 0
1675 1
1676 3
1677 0
1678 2
1679 4
1680 2
1681 1
1682 1
1683 2
1684 5
1685 5
1686 0
1687 0
1688 2
1689 0
1690 1
1691 1
1692 3
1693 1
1694 0
1695 1
1696 1
1697 4
1698 2
1699 0
1700 2
1701 0
1702 4
1703 1
1704 4
1705 3
1706 1
1707 1
1708 0
1709 2
1710 1
1711 2
1712 2
1713 1
1714 2
1715 1
1716 2
1717 0
1718 3
1719 0
1720 2
1721 2
1722 2
1723 2
1724 2
1725 1
1726 2
1727 1
1728 2
1729 1
1730 4
1731 4
1732 0
1733 3
1734 1
1735 2
1736 2
1737 0
1738 0
1739 3
1740 1
1741 2
1742 1
1743 5
1744 2
1745 4
1746 1
1747 1
1748 5
1749 2
1750 4
1751 1
1752 2
1753 0
1754 4
1755 2
1756 0
1757 3
1758 5
1759 3
1760 1
1761 0
1762 1
1763 4
1764 2
1765 0
1766 0
1767 1
1768 2
1769 1
1770 1
1771 2
1772 2
1773 2
1774 1
1775 0
1776 2
1777 0
1778 0
1779 3
1780 1
1781 0
1782 0
1783 1
1784 2
1785 3
1786 0
1787 1
1788 1
1789 0
1790 3
1791 1
1792 2
1793 3
1794 0
1795 1
1796 3
1797 3
1798 1
1799 3
1800 0
1801 0
1802 0
1803 0
1804 2
1805 1
1806 1
1807 3
1808 1
1809 0
1810 0
1811 0
1812 0
1813 1
1814 1
1815 0
1816 2
1817 0
1818 0
1819 1
1820 1
1821 2
1822 2
1823 1
1824 0
1825 2
1826 1
1827 1
1828 2
1829 0
1830 0
1831 1
1832 0
1833 1
1834 3
1835 2
1836 2
1837 1
1838 0
1839 1
1840 0
1841 1
1842 1
1843 1
1844 2
1845 0
1846 5
1847 1
1848 0
1849 1
1850 0
1851 2
1852 2
1853 2
1854 1
1855 2
1856 1
1857 2
1858 3
1859 2
1860 1
1861 1
1862 2
1863 0
1864 0
1865 0
1866 2
1867 1
1868 2
1869 1
1870 2
1871 1
1872 2
1873 0
1874 2
1875 0
1876 0
1877 2
1878 4
1879 0
1880 1
1881 2
1882 1
1883 1
1884 1
1885 2
1886 1
1887 1
1888 0
1889 0
1890 0
1891 2
1892 1
1893 2
1894 2
1895 2
1896 2
1897 3
1898 1
1899 1
1900 1
1901 3
1902 4
1903 1
1904 3
1905 2
1906 1
1907 0
1908 0
1909 4
1910 0
1911 0
1912 3
1913 2
1914 1
1915 0
1916 0
1917 1
1918 3
1919 1
1920 0
1921 4
1922 3
1923 1
1924 2
1925 1
1926 1
1927 2
1928 2
1929 2
1930 2
1931 0
1932 3
1933 2
1934 3
1935 1
1936 4
1937 1
1938 2
1939 0
1940 2
1941 1
1942 1
1943 0
1944 1
1945 1
1946 1
1947 2
1948 0
1949 2
1950 0
1951 0
1952 0
1953 2
1954 1
1955 2
1956 1
1957 1
1958 2
1959 0
1960 0
1961 0
1962 0
1963 3
1964 0
1965 3
1966 0
1967 2
1968 2
1969 1
1970 1
1971 0
1972 1
1973 1
1974 0
1975 1
1976 1
1977 0
1978 1
1979 0
1980 1
1981 0
1982 0
1983 1
1984 0
1985 1
1986 0
1987 1
1988 2
1989 1
1990 1
1991 0
1992 2
1993 0
1994 1
1995 2
1996 2
1997 0
1998 1
1999 4
2000 2
2001 3
2002 0
2003 2
2004 0
2005 0
2006 0
2007 2
2008 0
2009 2
2010 1
2011 0
2012 0
2013 1
2014 1
2015 0
2016 1
2017 1
2018 1
2019 0
2020 1
2021 0
2022 0
2023 0
2024 0
2025 0
2026 2
2027 1
2028 0
2029 0
2030 0
2031 1
2032 2
2033 0
2034 0
2035 0
2036 1
2037 0
2038 0
2039 1
2040 0
2041 0
2042 2
2043 2
2044 1
2045 1
2046 2
2047 0
2048 1
2049 0
2050 1
2051 1
2052 0
2053 0
2054 0
2055 1
2056 3
2057 1
2058 1
2059 0
2060 0
2061 1
2062 0
2063 0
2064 1
2065 0
2066 0
2067 0
2068 0
2069 1
2070 1
2071 1
2072 0
2073 0
2074 1
2075 2
2076 0
2077 0
2078 0
2079 1
2080 1
2081 1
2082 2
2083 1
2084 0
2085 2
2086 0
2087 2
2088 0
2089 1
2090 1
2091 1
2092 2
2093 1
2094 1
2095 1
2096 0
2097 0
2098 0
2099 1
2100 1
2101 0
2102 0
2103 0
2104 0
2105 2
2106 1
2107 0
2108 0
2109 0
2110 1
2111 1
2112 1
2113 2
2114 0
2115 0
2116 1
2117 0
2118 1
2119 1
2120 0
2121 1
2122 0
2123 0
2124 0
2125 0
2126 0
2127 2
2128 1
2129 0
2130 0
2131 0
2132 2
2133 0
2134 0
2135 1
2136 0
2137 1
2138 1
2139 1
2140 1
2141 0
2142 1
2143 0
2144 0
2145 0
2146 2
2147 0
2148 1
2149 0
2150 2
2151 0
2152 0
2153 0
2154 0
2155 1
2156 0
2157 1
2158 1
2159 0
2160 0
2161 0
2162 0
2163 0
2164 0
2165 0
2166 1
2167 1
2168 1
2169 0
2170 0
2171 0
2172 0
2173 1
2174 0
2175 0
2176 0
2177 2
2178 0
2179 0
2180 0
2181 0
2182 0
2183 0
2184 2
2185 0
2186 0
2187 0
2188 1
2189 1
2190 0
2191 0
2192 0
2193 0
2194 0
2195 2
2196 0
2197 0
2198 0
2199 0
2200 2
2201 0
2202 0
2203 0
2204 0
2205 1
2206 0
2207 0
2208 0
2209 3
2210 0
2211 0
2212 2
2213 1
2214 0
2215 0
2216 0
2217 1
2218 0
2219 1
2220 0
2221 0
2222 0
2223 0
2224 0
2225 0
2226 1
2227 0
2228 0
2229 0
2230 1
2231 3
2232 0
2233 0
2234 0
2235 0
2236 1
2237 0
2238 0
2239 0
2240 0
2241 0
2242 0
2243 0
2244 0
2245 0
2246 1
2247 0
2248 0
2249 1
2250 0
2251 1
2252 0
2253 0
2254 0
2255 0
2256 0
2257 0
2258 0
2259 1
2260 1
2261 0
2262 0
2263 1
2264 0
2265 0
2266 0
2267 0
2268 0
2269 0
2270 0
2271 1
2272 1
2273 0
2274 0
2275 0
2276 1
2277 0
2278 1
2279 0
2280 1
2281 0
2282 0
2283 0
2284 2
2285 0
2286 0
2287 0
2288 0
2289 0
2290 1
2291 0
2292 0
2293 0
2294 0
2295 0
2296 0
2297 0
2298 0
2299 1
2300 0
2301 1
2302 0
2303 0
2304 1
2305 0
2306 1
2307 0
2308 0
2309 0
2310 1
2311 0
2312 0
2313 0
2314 0
2315 0
2316 0
2317 0
2318 0
2319 1
2320 0
2321 0
2322 0
2323 1
2324 0
2325 0
2326 1
2327 1
2328 1
2329 0
2330 1
2331 0
2332 1
2333 0
2334 0
2335 0
2336 1
2337 0
2338 1
2339 0
2340 1
2341 0
2342 1
2343 1
2344 1
2345 0
2346 1
2347 0
2348 0
2349 0
2350 0
2351 0
2352 0
2353 0
2354 0
2355 1
2356 1
2357 0
2358 0
2359 1
2360 0
2361 1
2362 0
2363 0
2364 1
2365 0
2366 1
2367 0
2368 0
2369 0
2370 0
2371 0
2372 0
2373 0
2374 0
2375 0
2376 0
2377 0
2378 2
2379 0
2380 0
2381 1
2382 0
2383 0
2384 0
2385 0
2386 0
2387 0
2388 0
2389 1
2390 0
2391 0
2392 0
2393 1
2394 0
2395 0
2396 0
2397 0
2398 0
2399 1
2400 0
2401 1
2402 0
2403 1
2404 1
2405 0
2406 0
2407 0
2408 1
2409 0
2410 0
2411 0
2412 0
2413 1
2414 0
2415 0
2416 0
2417 0
2418 0
2419 0
2420 0
2421 0
2422 0
2423 0
2424 1
2425 1
2426 0
2427 0
2428 0
2429 0
2430 0
2431 0
2432 0
2433 0
2434 1
2435 0
2436 1
2437 0
2438 0
2439 0
2440 0
2441 1
2442 1
2443 0
2444 1
2445 0
2446 0
2447 0
2448 0
2449 0
2450 0
2451 2
2452 0
2453 0
2454 0
2455 0
2456 0
2457 0
2458 0
2459 0
2460 1
2461 0
2462 0
2463 1
2464 1
2465 0
2466 0
2467 0
2468 0
2469 0
2470 0
2471 0
2472 0
2473 0
2474 0
2475 0
2476 0
2477 0
2478 1
2479 0
2480 1
2481 0
2482 0
2483 0
2484 1
2485 0
2486 0
2487 0
2488 1
2489 0
2490 0
2491 0
2492 0
2493 0
2494 0
2495 1
2496 0
2497 0
2498 0
2499 0
2500 0
2501 0
2502 0
2503 0
2504 0
2505 1
2506 0
2507 0
2508 0
2509 1
2510 0
2511 0
2512 0
2513 0
2514 0
2515 1
2516 0
2517 1
2518 0
2519 0
2520 0
2521 0
2522 0
2523 1
2524 1
2525 0
2526 0
2527 0
2528 0
2529 0
2530 0
2531 0
2532 1
2533 0
2534 0
2535 0
2536 0
2537 0
2538 1
2539 0
2540 0
2541 0
2542 0
2543 0
2544 0
2545 1
2546 0
2547 0
2548 2
2549 0
2550 0
2551 0
2552 0
2553 0
2554 0
2555 0
2556 0
2557 0
2558 1
2559 1
2560 0
2561 1
2562 0
2563 1
2564 1
2565 0
2566 0
2567 0
2568 0
2569 0
2570 0
2571 0
2572 0
2573 0
2574 0
2575 1
2576 0
2577 0
2578 0
2579 0
2580 0
2581 0
2582 1
2583 0
2584 1
2585 0
2586 0
2587 0
2588 2
2589 0
2590 0
2591 0
2592 0
2593 0
2594 0
2595 0
2596 0
2597 1
2598 0
2599 0
2600 0
2601 0
2602 1
2603 0
2604 0
2605 0
2606 0
2607 0
2608 0
2609 0
2610 1
2611 0
2612 0
2613 0
2614 1
2615 0
2616 0
2617 0
2618 0
2619 1
2620 1
2621 0
2622 0
2623 0
2624 0
2625 0
2626 0
2627 0
2628 1
2629 1
2630 0
2631 0
2632 0
2633 0
2634 0
2635 0
2636 0
2637 0
2638 0
2639 1
2640 1
2641 0
2642 0
2643 0
2644 0
2645 0
2646 2
2647 0
2648 0
2649 1
2650 0
2651 0
2652 0
2653 0
2654 0
2655 0
2656 0
2657 0
2658 0
2659 1
2660 0
2661 0
2662 0
2663 0
2664 0
2665 0
2666 0
2667 0
2668 0
2669 0
2670 0
2671 0
2672 0
2673 0
2674 0
2675 0
2676 0
2677 0
2678 0
2679 0
2680 0
2681 1
2682 0
2683 0
2684 0
2685 1
2686 0
2687 0
2688 1
2689 0
2690 0
2691 0
2692 0
2693 0
2694 0
2695 0
2696 0
2697 0
2698 0
2699 0
2700 0
2701 0
2702 0
2703 0
2704 1
2705 0
2706 0
2707 0
2708 0
2709 0
2710 0
2711 1
2712 0
2713 0
2714 0
2715 1
2716 0
2717 1
2718 0
2719 1
2720 1
2721 0
2722 0
2723 0
2724 0
2725 0
2726 0
2727 0
2728 0
2729 0
2730 0
2731 0
2732 0
2733 0
2734 0
2735 0
2736 0
2737 0
2738 0
2739 0
2740 0
2741 0
2742 0
2743 0
2744 0
2745 0
2746 0
2747 0
2748 0
2749 0
2750 1
2751 0
2752 1
2753 0
2754 0
2755 0
2756 0
2757 0
2758 0
2759 0
2760 0
2761 0
2762 0
2763 0
2764 0
2765 0
2766 0
2767 0
2768 0
2769 0
2770 0
2771 0
2772 0
2773 0
2774 0
2775 0
2776 0
2777 0
2778 0
2779 0
2780 0
2781 0
2782 0
2783 0
2784 0
2785 1
2786 0
2787 0
2788 0
2789 0
2790 0
2791 0
2792 0
2793 0
2794 0
2795 0
2796 1
2797 0
2798 0
2799 0
2800 1
2801 0
2802 0
2803 1
2804 0
2805 0
2806 0
2807 0
2808 1
2809 0
2810 0
2811 0
2812 0
2813 0
2814 0
2815 0
2816 0
2817 0
2818 1
2819 0
2820 0
2821 0
2822 0
2823 0
2824 0
2825 0
2826 0
2827 0
2828 0
2829 2
2830 0
2831 0
2832 0
2833 0
2834 0
2835 0
2836 0
2837 0
2838 0
2839 0
2840 0
2841 1
2842 0
2843 0
2844 0
2845 0
2846 0
2847 0
2848 0
2849 0
2850 1
2851 0
2852 0
2853 0
2854 0
2855 1
2856 1
2857 0
2858 1
2859 0
2860 0
2861 0
2862 0
2863 0
2864 0
2865 0
2866 0
2867 0
2868 0
2869 0
2870 0
2871 0
2872 0
2873 0
2874 0
2875 0
2876 0
2877 0
2878 0
2879 0
2880 0
2881 0
2882 0
2883 0
2884 0
2885 0
2886 0
2887 0
2888 0
2889 0
2890 0
2891 0
2892 0
2893 0
2894 0
2895 0
2896 0
2897 0
2898 0
2899 0
2900 0
2901 0
2902 0
2903 0
2904 0
2905 0
2906 0
2907 0
2908 0
2909 1
2910 0
2911 0
2912 0
2913 0
2914 0
2915 0
2916 0
2917 0
2918 1
2919 0
2920 1
2921 0
2922 0
2923 0
2924 0
2925 0
2926 0
2927 0
2928 1
2929 0
2930 0
2931 1
2932 0
2933 0
2934 0
2935 0
2936 0
2937 0
2938 0
2939 0
2940 0
2941 0
2942 0
2943 0
2944 0
2945 0
2946 0
2947 0
2948 0
2949 0
2950 0
2951 0
2952 0
2953 0
2954 0
2955 0
2956 1
2957 0
2958 1
2959 0
2960 0
2961 0
2962 0
2963 0
2964 0
2965 0
2966 0
2967 0
2968 0
2969 2
2970 1
2971 0
2972 1
2973 0
2974 0
2975 0
2976 0
2977 0
2978 0
2979 0
2980 0
2981 0
2982 0
2983 0
2984 0
2985 0
2986 1
2987 0
2988 0
2989 0
2990 0
2991 0
2992 0
2993 0
2994 0
2995 0
2996 0
2997 0
2998 0
2999 0
3000 0
3001 0
3002 0
3003 0
3004 0
3005 0
3006 0
3007 0
3008 0
3009 0
3010 0
3011 0
3012 0
3013 0
3014 1
3015 0
3016 0
3017 0
3018 0
3019 0
3020 0
3021 0
3022 0
3023 0
3024 0
3025 1
3026 0
3027 0
3028 0
3029 0
3030 0
3031 0
3032 0
3033 0
3034 0
3035 1
3036 0
3037 0
3038 0
3039 0
3040 0
3041 0
3042 0
3043 0
3044 0
3045 0
3046 0
3047 0
3048 0
3049 0
3050 0
3051 0
3052 0
3053 1
3054 0
3055 0
3056 0
3057 0
3058 0
3059 0
3060 0
3061 0
3062 0
3063 0
3064 0
3065 0
3066 0
3067 0
3068 0
3069 0
3070 0
3071 0
3072 0
3073 0
3074 0
3075 0
3076 0
3077 0
3078 0
3079 0
3080 1
3081 0
3082 0
3083 0
3084 0
3085 0
3086 0
3087 0
3088 0
3089 0
3090 0
3091 0
3092 1
3093 0
3094 1
3095 0
3096 0
3097 0
3098 0
3099 0
3100 0
3101 0
3102 0
3103 0
3104 0
3105 0
3106 0
3107 0
3108 0
3109 0
3110 0
3111 0
3112 0
3113 0
3114 0
3115 0
3116 0
3117 0
3118 0
3119 0
3120 0
3121 0
3122 0
3123 0
3124 0
3125 0
3126 1
3127 0
3128 0
3129 0
3130 0
3131 0
3132 0
3133 0
3134 0
3135 0
3136 0
3137 0
3138 0
3139 0
3140 0
3141 0
3142 0
3143 0
3144 0
3145 0
3146 0
3147 1
3148 0
3149 1
3150 0
3151 1
3152 0
3153 0
3154 0
3155 0
3156 0
3157 0
3158 0
3159 0
3160 0
3161 0
3162 0
3163 1
3164 0
3165 0
3166 1
3167 0
3168 0
3169 0
3170 0
3171 0
3172 0
3173 0
3174 0
3175 0
3176 0
3177 0
3178 0
3179 0
3180 0
3181 0
3182 0
3183 1
3184 0
3185 0
3186 0
3187 0
3188 0
3189 0
3190 0
3191 0
3192 0
3193 0
3194 0
3195 0
3196 0
3197 0
3198 0
3199 0
3200 0
3201 0
3202 0
3203 0
3204 0
3205 0
3206 0
3207 0
3208 0
3209 0
3210 0
3211 0
3212 0
3213 0
3214 0
3215 0
3216 0
3217 0
3218 0
3219 0
3220 0
3221 0
3222 0
3223 0
3224 0
3225 0
3226 0
3227 0
3228 0
3229 0
3230 0
3231 0
3232 1
3233 0
3234 1
3235 0
3236 0
3237 1
3238 0
3239 0
3240 0
3241 0
3242 1
3243 0
3244 0
3245 0
3246 0
3247 0
3248 1
3249 0
3250 3
3251 0
3252 0
3253 0
3254 0
3255 0
3256 0
3257 0
3258 0
3259 0
3260 0
3261 0
3262 0
3263 0
3264 0
3265 0
3266 0
3267 0
3268 0
3269 0
3270 0
3271 0
3272 0
3273 0
3274 0
3275 0
3276 0
3277 0
3278 0
3279 0
3280 0
3281 0
3282 0
3283 0
3284 0
3285 0
3286 0
3287 0
3288 0
3289 0
3290 0
3291 0
3292 0
3293 0
3294 0
3295 0
3296 0
3297 0
3298 0
3299 0
3300 0
3301 0
3302 0
3303 0
3304 0
3305 0
3306 0
3307 0
3308 0
3309 0
3310 0
3311 0
3312 0
3313 0
3314 0
3315 0
3316 0
3317 0
3318 0
3319 0
3320 0
3321 0
3322 0
3323 0
3324 0
3325 0
3326 0
3327 0
3328 0
3329 0
3330 0
3331 0
3332 0
3333 0
3334 0
3335 0
3336 0
3337 0
3338 0
3339 0
3340 0
3341 0
3342 0
3343 0
3344 0
3345 0
3346 0
3347 1
3348 0
3349 0
3350 0
3351 0
3352 0
3353 0
3354 0
3355 0
3356 0
3357 0
3358 0
3359 1
3360 0
3361 0
3362 1
3363 0
3364 0
3365 0
3366 0
3367 0
3368 0
3369 0
3370 0
3371 0
3372 0
3373 0
3374 0
3375 0
3376 0
3377 0
3378 0
3379 0
3380 0
3381 0
3382 0
3383 0
3384 0
3385 0
3386 0
3387 0
3388 0
3389 0
3390 0
3391 0
3392 0
3393 0
3394 1
3395 0
3396 0
3397 0
3398 0
3399 0
3400 0
3401 0
3402 0
3403 0
3404 0
3405 0
3406 0
3407 1
3408 0
3409 0
3410 0
3411 1
3412 0
3413 0
3414 0
3415 0
3416 0
3417 0
3418 0
3419 0
3420 0
3421 0
3422 0
3423 0
3424 0
3425 0
3426 0
3427 0
3428 0
3429 0
3430 0
3431 0
3432 0
3433 0
3434 0
3435 0
3436 0
3437 0
3438 0
3439 0
3440 0
3441 0
3442 0
3443 0
3444 0
3445 0
3446 0
3447 0
3448 0
3449 0
3450 0
3451 0
3452 0
3453 0
3454 0
3455 0
3456 0
3457 0
3458 0
3459 0
3460 0
3461 0
3462 0
3463 0
3464 0
3465 0
3466 0
3467 0
3468 0
3469 0
3470 0
3471 0
3472 0
3473 0
3474 0
3475 0
3476 0
3477 0
3478 0
3479 0
3480 0
3481 0
3482 0
3483 0
3484 0
3485 0
3486 0
3487 0
3488 0
3489 0
3490 0
3491 0
3492 0
3493 0
3494 0
3495 0
3496 0
3497 0
3498 0
3499 0
3500 0
3501 0
3502 0
3503 0
3504 0
3505 0
3506 0
3507 0
3508 0
3509 0
3510 0
3511 0
3512 0
3513 0
3514 0
3515 0
3516 0
3517 0
3518 0
3519 1
3520 0
3521 0
3522 0
3523 0
3524 0
3525 0
3526 0
3527 0
3528 0
3529 0
3530 0
3531 0
3532 0
3533 0
3534 0
3535 0
3536 0
3537 0
3538 0
3539 0
3540 0
3541 0
3542 0
3543 0
3544 0
3545 0
3546 0
3547 0
3548 1
3549 0
3550 1
3551 0
3552 0
3553 0
3554 0
3555 0
3556 0
3557 0
3558 0
3559 0
3560 0
3561 0
3562 1
3563 0
3564 0
3565 0
3566 0
3567 0
3568 0
3569 0
3570 0
3571 0
3572 0
3573 0
3574 0
3575 0
3576 0
3577 0
3578 0
3579 0
3580 0
3581 1
3582 0
3583 0
3584 1
3585 0
3586 0
3587 0
3588 0
3589 0
3590 1
3591 0
3592 0
3593 0
3594 0
3595 0
3596 0
3597 0
3598 0
3599 0
3600 0
3601 0
3602 0
3603 0
3604 0
3605 0
3606 0
3607 1
3608 0
3609 0
3610 0
3611 0
3612 0
3613 0
3614 1
3615 0
3616 0
3617 0
3618 0
3619 0
3620 0
3621 0
3622 0
3623 0
3624 0
3625 0
3626 0
3627 0
3628 0
3629 0
3630 0
3631 0
3632 0
3633 0
3634 0
3635 0
3636 0
3637 0
3638 0
3639 0
3640 0
3641 0
3642 0
3643 0
3644 0
3645 0
3646 0
3647 0
3648 0
3649 0
3650 0
3651 0
3652 1
3653 0
3654 0
3655 0
3656 0
3657 0
3658 0
3659 0
3660 0
3661 0
3662 0
3663 0
3664 0
3665 0
3666 0
3667 0
3668 0
3669 0
3670 0
3671 0
3672 0
3673 0
3674 0
3675 0
3676 0
3677 0
3678 0
3679 0
3680 0
3681 0
3682 0
3683 0
3684 0
3685 0
3686 0
3687 0
3688 0
3689 0
3690 0
3691 0
3692 0
3693 0
3694 0
3695 0
3696 0
3697 0
3698 0
3699 0
3700 0
3701 1
3702 0
3703 0
3704 0
3705 0
3706 0
3707 0
3708 0
3709 0
3710 0
3711 0
3712 0
3713 0
3714 0
3715 0
3716 0
3717 0
3718 0
3719 0
3720 0
3721 0
3722 0
3723 0
3724 0
3725 0
3726 0
3727 0
3728 0
3729 0
3730 0
3731 0
3732 0
3733 0
3734 0
3735 0
3736 0
3737 0
3738 0
3739 0
3740 0
3741 0
3742 0
3743 0
3744 0
3745 0
3746 0
3747 0
3748 0
3749 0
3750 0
3751 0
3752 0
3753 0
3754 0
3755 0
3756 0
3757 0
3758 0
3759 0
3760 0
3761 0
3762 0
3763 0
3764 0
3765 0
3766 0
3767 0
3768 0
3769 0
3770 0
3771 0
3772 0
3773 0
3774 0
3775 0
3776 0
3777 0
3778 0
3779 0
3780 0
3781 0
3782 0
3783 0
3784 0
3785 0
3786 0
3787 0
3788 0
3789 0
3790 0
3791 0
3792 0
3793 0
3794 0
3795 0
3796 0
3797 0
3798 0
3799 0
3800 0
3801 0
3802 0
3803 0
3804 0
3805 0
3806 0
3807 0
3808 0
3809 0
3810 0
3811 0
3812 0
3813 0
3814 0
3815 0
3816 0
3817 0
3818 0
3819 0
3820 0
3821 0
3822 0
3823 0
3824 0
3825 0
3826 0
3827 0
3828 0
3829 0
3830 0
3831 0
3832 0
3833 0
3834 0
3835 0
3836 0
3837 0
3838 0
3839 0
3840 0
3841 0
3842 0
3843 0
3844 0
3845 0
3846 0
3847 0
3848 0
3849 0
3850 0
3851 0
3852 0
3853 0
3854 0
3855 0
3856 0
3857 0
3858 0
3859 0
3860 0
3861 0
3862 0
3863 0
3864 0
3865 1
3866 0
3867 0
3868 0
3869 0
3870 0
3871 0
3872 0
3873 0
3874 0
3875 0
3876 0
3877 0
3878 0
3879 0
3880 0
3881 0
3882 0
3883 0
3884 0
3885 0
3886 0
3887 0
3888 0
3889 0
3890 0
3891 0
3892 0
3893 0
3894 1
3895 0
3896 0
3897 0
3898 0
3899 0
3900 0
3901 0
3902 0
3903 0
3904 0
3905 0
3906 0
3907 0
3908 0
3909 0
3910 0
3911 0
3912 0
3913 0
3914 0
3915 0
3916 0
3917 0
3918 0
3919 0
3920 0
3921 0
3922 0
3923 0
3924 0
3925 0
3926 0
3927 0
3928 0
3929 0
3930 0
3931 0
3932 0
3933 0
3934 0
3935 0
3936 0
3937 0
3938 0
3939 0
3940 0
3941 0
3942 0
3943 0
3944 0
3945 0
3946 0
3947 0
3948 0
3949 0
3950 0
3951 0
3952 0
3953 0
3954 0
3955 0
3956 0
3957 0
3958 0
3959 0
3960 0
3961 0
3962 0
3963 0
3964 0
3965 0
3966 0
3967 0
3968 0
3969 0
3970 0
3971 0
3972 0
3973 0
3974 0
3975 0
3976 0
3977 0
3978 0
3979 0
3980 0
3981 0
3982 0
3983 0
3984 0
3985 0
3986 0
3987 0
3988 0
3989 0
3990 0
3991 0
3992 0
3993 0
3994 0
3995 0
3996 0
3997 0
3998 0
3999 0
4000 0
4001 0
4002 0
4003 0
4004 0
4005 0
4006 0
4007 0
4008 0
4009 0
4010 0
4011 0
4012 0
4013 0
4014 0
4015 0
4016 0
4017 0
4018 1
4019 0
4020 0
4021 1
4022 0
4023 0
4024 0
4025 0
4026 0
4027 0
4028 0
4029 0
4030 0
4031 0
4032 0
4033 0
4034 0
4035 0
4036 0
4037 0
4038 0
4039 0
4040 0
4041 0
4042 0
4043 0
4044 0
4045 0
4046 0
4047 0
4048 0
4049 0
4050 0
4051 0
4052 0
4053 0
4054 0
4055 0
4056 0
4057 0
4058 0
4059 0
4060 0
4061 0
4062 0
4063 0
4064 0
4065 0
4066 0
4067 0
4068 0
4069 0
4070 0
4071 0
4072 0
4073 0
4074 0
4075 0
4076 0
4077 0
4078 0
4079 0
4080 0
4081 0
4082 0
4083 0
4084 0
4085 0
4086 0
4087 0
4088 1
4089 0
4090 0
4091 0
4092 0
4093 0
4094 0
4095 0
4096 0
4097 0
4098 0
4099 0
4100 0
4101 0
4102 0
4103 0
4104 0
4105 0
4106 0
4107 0
4108 0
4109 0
4110 0
4111 0
4112 0
4113 0
4114 0
4115 0
4116 0
4117 0
4118 0
4119 0
4120 0
4121 0
4122 0
4123 0
4124 0
4125 0
4126 0
4127 0
4128 0
4129 0
4130 0
4131 0
4132 0
4133 0
4134 0
4135 0
4136 0
4137 0
4138 0
4139 0
4140 0
4141 0
4142 0
4143 0
4144 0
4145 0
4146 0
4147 0
4148 0
4149 0
4150 0
4151 0
4152 0
4153 0
4154 0
4155 0
4156 0
4157 0
4158 0
4159 0
4160 0
4161 0
4162 0
4163 0
4164 0
4165 0
4166 0
4167 0
4168 0
4169 0
4170 0
4171 0
4172 0
4173 0
4174 0
4175 0
4176 0
4177 1
4178 0
4179 0
4180 0
4181 0
4182 0
4183 0
4184 0
4185 0
4186 0
4187 0
4188 0
4189 0
4190 0
4191 0
4192 0
4193 0
4194 0
4195 0
4196 0
4197 0
4198 0
4199 0
4200 0
4201 0
4202 0
4203 0
4204 0
4205 0
4206 0
4207 0
4208 0
4209 0
4210 0
4211 0
4212 0
4213 0
4214 0
4215 0
4216 0
4217 0
4218 0
4219 0
4220 0
4221 0
4222 0
4223 0
4224 0
4225 0
4226 0
4227 0
4228 0
4229 1
