0 0.019195556640625
1 0.043060302734375
2 0.003936767578125
3 0.029571533203125
4 0.02294921875
5 0.01629638671875
6 0.0493316650390625
7 0.017242431640625
8 0.010955810546875
9 0.007354736328125
10 0.026458740234375
11 0.01971435546875
12 0.022979736328125
13 0.030914306640625
14 0.0093841552734375
15 0.00848388671875
16 0.0169677734375
17 0.0452880859375
18 0.0359649658203125
19 0.0389404296875
20 0.0214385986328125
21 0.0020599365234375
22 0.0018157958984375
23 0.0105133056640625
24 0.0425872802734375
25 0.0231781005859375
26 0.01861572265625
27 0.0319976806640625
28 0.016448974609375
29 0.0370635986328125
30 0.0298004150390625
31 0.0198974609375
32 0.0175628662109375
33 0.0301971435546875
34 0.0554351806640625
35 0.0257415771484375
36 0.03094482421875
37 0.0110015869140625
38 0.0097503662109375
39 0.0485687255859375
40 0.014801025390625
41 0.0229949951171875
42 0.013458251953125
43 0.0225372314453125
44 0.06036376953125
45 0.0095977783203125
46 0.0606842041015625
47 0.0277557373046875
48 0.0130767822265625
49 0.0459442138671875
50 0.0370941162109375
51 0.074981689453125
52 0.032012939453125
53 0.0281829833984375
54 0.024871826171875
55 0.0621490478515625
56 0.01007080078125
57 0.0230865478515625
58 0.003753662109375
59 0.016357421875
60 0.038726806640625
61 0.0085296630859375
62 0.0060882568359375
63 0.0272064208984375
