0 5783507 0 0 0
1 2832317 5782009 785630 5782009
2 1322832 2834190 674351 2834190
3 794843 1324498 567796 2015130
4 528683 797989 424027 1365903
5 391922 533946 339398 1019979
6 305992 393796 278274 791214
7 248166 305887 232476 635879
8 210030 248405 198736 528430
9 181455 210132 171772 450639
10 161093 181382 151985 390630
11 142785 160918 135228 344326
12 128582 142714 121279 305719
13 117690 128530 109840 274599
14 108535 117507 100310 249094
15 99848 108635 91358 228633
16 94026 99330 84485 209071
17 87736 93612 78424 193364
18 82016 87109 73101 179893
19 77475 81807 68110 167930
20 73308 77595 63623 157503
21 69214 72937 59614 147532
22 66083 69338 56124 139384
23 62750 65675 53308 130978
24 60176 62244 50580 124029
25 57246 60041 47863 118202
26 55053 56778 45423 111831
27 53197 54357 43723 107012
28 50850 52974 41379 102648
29 49325 50776 39691 97674
30 47283 49101 37840 94521
31 45618 46962 36382 89833
32 44183 45360 35097 86879
33 42709 44017 33676 84208
34 41491 42803 32481 81017
35 40247 41659 30932 78372
36 38787 40369 29870 75684
37 37377 38723 28927 72668
38 37195 37421 27872 69741
39 35983 37075 26971 68598
40 34736 35503 26407 65707
41 33880 34729 25302 64079
42 33075 33849 24693 61783
43 32090 32789 23892 60356
44 31746 31975 23074 58473
45 30727 31419 22847 57232
46 29977 31001 21650 56129
47 29438 29988 21400 54319
48 28568 29142 20758 52783
49 27999 28414 20568 51239
50 27713 27848 19724 50403
51 27176 27702 19773 49493
52 26547 27031 19118 48500
53 26122 26866 18638 47528
54 25860 26360 17937 46744
55 25369 25805 17696 45746
56 24633 25315 17243 44658
57 24539 24770 16435 43835
58 23688 24451 16399 43077
59 23185 23889 15865 41939
60 22798 23135 15713 40832
61 22625 22755 15420 39973
62 22406 22786 14998 39595
63 22024 22358 14594 38849
64 21758 21879 14526 38324
65 21277 21630 14291 37147
66 20775 21159 14101 36705
67 20453 20819 13566 35990
68 20365 20430 13297 35310
69 20200 19983 13092 34754
70 19826 19839 12885 34354
71 19403 19662 12614 33954
72 19043 19388 12452 33141
73 18950 19038 12115 32680
74 18509 19037 12093 32207
75 18394 18739 11679 31773
76 18303 18349 11819 31483
77 17878 18322 11475 30916
78 17539 18004 11278 30422
79 17541 17500 11197 29632
80 17367 17357 11078 29403
81 17102 17349 11036 29125
82 16940 17128 10732 28846
83 16779 16785 10506 28380
84 16683 16641 10367 27966
85 16283 16476 10430 27871
86 15867 16470 10135 27430
87 15878 16082 9940 26713
88 15659 15755 9784 26516
89 15601 15500 9444 26076
90 15465 15319 9506 25770
91 15033 15405 9391 25495
92 14737 14856 9185 24871
93 14876 14713 9207 24851
94 14344 14804 8883 24607
95 14554 14372 8883 24092
96 14096 14472 8725 24171
97 14179 14222 8564 23479
98 14222 14077 8500 23289
99 13697 14083 8524 23175
100 13551 13723 8439 22761
101 13394 13616 8201 22409
102 13346 13422 8046 22150
103 13089 13393 7889 21959
104 12966 13100 7865 21538
105 13000 12918 7774 21175
106 12736 12943 7524 21201
107 12789 12507 7696 20632
108 12486 12662 7539 20656
109 12272 12481 7485 20402
110 12367 12343 7347 20216
111 12273 12332 7335 20200
112 12178 12330 7238 20089
113 12047 12299 7147 19985
114 12142 12273 6966 19899
115 11961 12146 7203 19798
116 11872 12007 6915 19429
117 11795 11869 7040 19302
118 11684 11885 6800 19214
119 11743 11835 6715 19064
120 11729 11666 6586 18871
121 11545 11634 6684 18677
122 11450 11421 6751 18400
123 11265 11398 6383 18461
124 11219 11286 6565 18188
125 11242 11056 6315 18012
126 11007 11283 6427 18097
127 10948 10993 6243 17674
128 10883 11040 6236 17683
129 10674 11156 6199 17655
130 10744 10858 6117 17267
131 10628 10821 6150 17302
132 10559 10809 5876 17276
133 10405 10654 5864 16895
134 10209 10352 5856 16552
135 10320 10232 5837 16507
136 9976 10413 5714 16656
137 10077 10182 5690 16218
138 9877 10141 5644 16140
139 9804 9931 5644 15893
140 9673 9886 5539 15848
141 9938 9676 5372 15541
142 9746 9870 5491 15615
143 9468 9656 5267 15352
144 9430 9301 5309 15062
145 9434 9309 5186 14907
146 9331 9298 5336 14924
147 9441 9429 5225 14901
148 9175 9389 5172 14878
149 9217 9220 5183 14694
150 9054 9373 5048 14638
151 8996 9167 4977 14525
152 8879 8967 5029 14249
153 8923 9011 4861 14312
154 8724 9046 4867 14333
155 8848 8780 4810 13994
156 8652 8706 4921 13859
157 8618 8598 4733 13735
158 8796 8564 4847 13478
159 8654 8689 4702 13755
160 8603 8505 4585 13695
161 8551 8582 4531 13563
162 8470 8506 4674 13398
163 8525 8486 4629 13290
164 8394 8507 4719 13335
165 8389 8543 4657 13361
166 8331 8461 4571 13246
167 8169 8373 4566 13195
168 8296 8366 4451 13163
169 8170 8502 4506 13198
170 8244 8219 4312 12727
171 8215 8178 4251 12751
172 8042 8205 4383 12776
173 7989 8089 4414 12652
174 8065 8076 4206 12415
175 8116 8009 4311 12495
176 7955 8000 4354 12487
177 7985 7741 4219 12216
178 7812 7925 4120 12404
179 7775 7760 4330 12115
180 7717 7796 4094 12176
181 7623 7681 4112 11970
182 7721 7637 4007 11915
183 7645 7624 4149 11972
184 7805 7639 3958 11778
185 7791 7738 3980 11994
186 7551 7608 4083 11777
187 7559 7415 3894 11704
188 7468 7557 3929 11728
189 7428 7436 3986 11493
190 7456 7428 3919 11529
191 7193 7375 3749 11467
192 7266 7164 3747 11208
193 7132 7269 3849 11250
194 7186 7258 3704 11235
195 7199 7155 3764 11097
196 7145 7167 3645 11091
197 6986 7008 3627 10910
198 6904 6989 3574 10868
199 6841 6926 3664 10655
200 6784 6939 3498 10677
201 6774 6824 3507 10571
202 6676 6798 3489 10446
203 6805 6559 3632 10256
204 6713 6941 3528 10679
205 6755 6803 3504 10448
206 6550 6832 3388 10527
207 6665 6581 3448 10220
208 6602 6572 3472 10178
209 6584 6587 3383 10181
210 6457 6524 3470 10049
211 6517 6510 3314 10046
212 6624 6562 3329 10123
213 6504 6582 3220 10109
214 6528 6337 3307 9940
215 6596 6597 3298 10008
216 6514 6564 3343 9942
217 6480 6427 3412 9822
218 6342 6562 3282 10105
219 6383 6364 3258 9709
220 6409 6412 3252 9818
221 6409 6385 3277 9742
222 6379 6364 3305 9751
223 6293 6416 3138 9749
224 6340 6296 3344 9763
225 6282 6410 3136 9722
226 6320 6269 3141 9713
227 6126 6374 3182 9639
228 5965 6251 3081 9586
229 6022 6058 3077 9247
230 6036 6153 3043 9303
231 6175 6072 3104 9276
232 5887 6162 3109 9296
233 5858 6002 3103 9065
234 6052 5991 2951 9142
235 6037 6077 3074 9207
236 5857 5978 3045 9040
237 5819 5901 2939 8992
238 6093 5778 2959 8911
239 6001 5968 2999 9074
240 5857 5923 3002 9090
241 5883 5996 2905 9043
242 5811 6011 2934 9117
243 5777 5869 2862 8846
244 5657 5759 2921 8785
245 5593 5734 2840 8736
246 5679 5603 2822 8535
247 5662 5608 2859 8589
248 5656 5619 2806 8606
249 5686 5641 2750 8563
250 5567 5614 2802 8595
251 5501 5583 2802 8483
252 5457 5534 2750 8398
253 5408 5520 2741 8343
254 5465 5410 2676 8276
255 5479 5432 2723 8300
256 5519 5497 2686 8360
257 5325 5494 2769 8341
258 5340 5391 2718 8172
259 5434 5436 2726 8166
260 5444 5380 2682 8239
261 5498 5552 2738 8361
262 5440 5550 2643 8306
263 5299 5514 2506 8316
264 5351 5249 2623 8085
265 5378 5322 2627 8113
266 5302 5436 2588 8148
267 5263 5219 2663 7935
268 5429 5306 2583 7892
269 5251 5388 2645 8193
270 5246 5357 2586 7905
271 5229 5277 2531 7918
272 5186 5125 2529 7783
273 5170 5148 2451 7739
274 4976 5054 2601 7614
275 4867 4960 2459 7558
276 4943 4900 2520 7434
277 5073 4946 2501 7506
278 5157 5035 2497 7691
279 5094 5224 2452 7785
280 5009 5086 2389 7601
281 5116 4991 2425 7595
282 5034 5123 2468 7636
283 5047 5055 2489 7541
284 4926 5067 2451 7662
285 4923 4937 2304 7400
286 4995 4851 2413 7346
287 4871 4886 2381 7327
288 4840 4824 2350 7347
289 4792 4870 2283 7291
290 4696 4786 2320 7149
291 4756 4662 2367 7070
292 4658 4769 2374 7146
293 4643 4701 2286 7128
294 4832 4675 2254 6993
295 4777 4708 2343 7101
296 4558 4752 2255 7167
297 4548 4678 2215 7001
298 4652 4659 2188 6995
299 4621 4659 2257 6946
300 4584 4639 2208 6990
301 4514 4523 2242 6843
302 4478 4629 2224 6873
303 4456 4569 2191 6859
304 4427 4526 2052 6794
305 4474 4368 2089 6652
306 4324 4435 2125 6665
307 4565 4274 2121 6536
308 4368 4466 2164 6695
309 4262 4422 2127 6616
310 4376 4299 2023 6472
311 4388 4287 2049 6504
312 4402 4251 1998 6409
313 4243 4291 2126 6405
314 4348 4172 2090 6301
315 4213 4395 2030 6471
316 4406 4218 2091 6339
317 4394 4377 2037 6585
318 4393 4350 2043 6459
319 4330 4419 2092 6579
320 4343 4375 2038 6451
321 4273 4262 2069 6331
322 4157 4181 2005 6332
323 4247 4146 1931 6232
324 4279 4263 2079 6370
325 4188 4319 2037 6448
326 4258 4246 2035 6310
327 4195 4196 1974 6308
328 4267 4207 2001 6214
329 4147 4247 1987 6309
330 4235 4129 1939 6205
331 4110 4277 1921 6293
332 4123 4135 1942 6193
333 4089 4168 1890 6176
334 4068 4060 1935 6063
335 4085 4115 1951 6098
336 4025 4130 1930 6008
337 4091 3980 1937 5949
338 4150 3982 1979 5913
339 3901 4047 1930 6078
340 4120 4032 1872 6028
341 3979 4094 1843 6069
342 3965 3959 1844 5870
343 3942 3929 1855 5854
344 3967 3921 1879 5817
345 3982 3963 1920 5905
346 3959 3969 1825 5934
347 3982 3930 1917 5837
348 4006 3932 1877 5848
349 3950 3895 1902 5835
350 3993 3886 1831 5800
351 3934 3952 1880 5891
352 3935 3995 1945 5948
353 3967 4018 1862 5860
354 3936 4029 1897 5932
355 3894 3929 1850 5859
356 4028 3882 1832 5780
357 3968 3903 1819 5805
358 4005 3895 1854 5772
359 3909 3971 1867 5868
360 3880 3945 1817 5805
361 3809 3929 1811 5876
362 3758 3891 1828 5771
363 3761 3857 1764 5716
364 3791 3816 1823 5651
365 3880 3788 1817 5625
366 3854 3893 1722 5735
367 3800 3774 1797 5647
368 3711 3714 1823 5527
369 3688 3831 1830 5691
370 3800 3722 1767 5532
371 3793 3841 1724 5751
372 3861 3814 1893 5563
373 3846 3878 1772 5738
374 3807 3968 1677 5802
375 3800 3866 1776 5697
376 3765 3900 1656 5669
377 3735 3763 1695 5595
378 3704 3740 1733 5474
379 3802 3642 1749 5451
380 3733 3828 1669 5543
381 3678 3688 1727 5415
382 3572 3647 1709 5405
383 3682 3632 1766 5306
384 3659 3725 1732 5514
385 3588 3685 1725 5456
386 3610 3655 1673 5349
387 3638 3593 1651 5321
388 3613 3634 1676 5303
389 3637 3566 1695 5258
390 3597 3577 1609 5324
391 3641 3579 1623 5277
392 3626 3588 1722 5317
393 3640 3693 1588 5411
394 3645 3647 1697 5255
395 3633 3593 1682 5323
396 3531 3594 1653 5282
397 3612 3490 1630 5232
398 3494 3568 1669 5204
399 3538 3433 1624 5067
400 3510 3549 1695 5176
401 3527 3532 1617 5225
402 3547 3550 1646 5175
403 3553 3595 1600 5257
404 3463 3527 1638 5206
405 3440 3476 1578 5176
406 3385 3448 1644 5114
407 3419 3469 1561 5100
408 3547 3427 1601 5025
409 3611 3492 1546 5132
410 3461 3534 1605 5207
411 3355 3496 1548 5044
412 3395 3317 1570 4915
413 3360 3418 1513 5002
414 3345 3421 1544 4985
415 3351 3439 1560 4973
416 3295 3314 1539 4848
417 3428 3278 1523 4837
418 3437 3353 1552 4917
419 3427 3312 1578 4903
420 3382 3325 1582 4918
421 3493 3336 1608 4906
422 3470 3463 1546 5004
423 3458 3433 1573 5028
424 3386 3451 1549 4984
425 3435 3380 1557 4959
426 3379 3413 1492 4922
427 3427 3280 1602 4856
428 3441 3450 1599 5000
429 3430 3488 1575 4984
430 3338 3480 1591 5056
431 3419 3445 1519 4966
432 3498 3299 1621 4934
433 3398 3421 1517 4976
434 3417 3271 1611 4946
435 3434 3461 1582 5029
436 3285 3497 1514 5019
437 3458 3284 1546 4845
438 3398 3519 1516 5111
439 3490 3478 1530 5018
440 3459 3512 1518 5107
441 3358 3477 1563 5109
442 3361 3386 1434 4897
443 3287 3254 1563 4857
444 3344 3363 1477 4917
445 3466 3420 1504 4981
446 3461 3471 1517 5040
447 3421 3444 1544 5004
448 3400 3458 1504 5018
449 3293 3407 1565 4952
450 3393 3356 1528 4797
451 3415 3439 1558 4940
452 3379 3426 1447 5041
453 3322 3386 1467 4884
454 3218 3204 1501 4663
455 3191 3193 1471 4636
456 3343 3122 1509 4653
457 3238 3331 1397 4835
458 3265 3224 1510 4723
459 3187 3266 1423 4825
460 3121 3242 1460 4726
461 3202 3207 1476 4729
462 3238 3301 1432 4715
463 3156 3272 1449 4744
464 3165 3243 1362 4690
465 3148 3166 1425 4617
466 3130 3199 1411 4612
467 3276 3148 1368 4524
468 3196 3153 1442 4579
469 3250 3082 1475 4502
470 3210 3186 1410 4657
471 3270 3200 1476 4691
472 3233 3330 1430 4751
473 3188 3260 1463 4676
474 3197 3160 1372 4579
475 3207 3117 1403 4591
476 3217 3200 1421 4643
477 3129 3165 1454 4539
478 3179 3125 1400 4548
479 3078 3153 1528 4514
480 3021 3142 1399 4478
481 3156 3073 1398 4541
482 3143 3229 1368 4639
483 3041 3101 1345 4508
484 3068 3033 1397 4429
485 3061 3096 1417 4524
486 2988 3102 1322 4492
487 3013 3068 1320 4422
488 2961 2976 1345 4331
489 2932 2895 1366 4218
490 3074 2900 1365 4262
491 3105 2999 1321 4302
492 3071 2945 1347 4383
493 3139 2988 1399 4412
494 3147 3164 1373 4552
495 3125 3120 1364 4507
496 3205 3085 1432 4528
497 3251 3232 1394 4592
498 3154 3182 1378 4602
499 3054 3131 1399 4561
500 3015 3041 1361 4475
501 3019 3035 1380 4384
502 2990 3034 1323 4428
503 3053 3051 1321 4384
504 2973 3037 1324 4418
505 2915 2961 1311 4319
506 2956 2935 1276 4250
507 3052 2938 1285 4269
508 3031 3024 1314 4345
509 3019 3035 1359 4375
510 3041 3031 1405 4313
511 3078 3061 1269 4416
512 2992 3004 1320 4361
513 2947 2876 1288 4256
514 2979 2866 1302 4208
515 2907 2911 1269 4216
516 2846 2941 1287 4226
517 2859 2837 1306 4119
518 2831 2864 1262 4120
519 2866 2830 1267 4112
520 2951 2859 1272 4071
521 2923 2882 1350 4170
522 2890 2960 1214 4261
523 2924 2839 1264 4153
524 2914 2859 1303 4121
525 2941 2828 1279 4095
526 2944 2849 1324 4135
527 2862 2864 1348 4155
528 2886 2836 1313 4114
529 2913 2834 1288 4169
530 2896 2907 1244 4269
531 2888 2894 1239 4195
532 2826 2859 1282 4165
533 2863 2865 1209 4155
534 2865 2789 1249 4096
535 2863 2793 1214 4070
536 2874 2827 1239 4064
537 2822 2799 1174 4060
538 2811 2731 1268 3959
539 2872 2792 1292 4077
540 2850 2853 1236 4029
541 2772 2781 1262 4000
542 2816 2735 1230 3998
543 2843 2838 1246 4114
544 2735 2830 1232 4111
545 2830 2775 1216 4047
546 2774 2840 1143 4096
547 2741 2765 1190 4014
548 2750 2709 1284 3873
549 2713 2827 1191 4039
550 2744 2800 1203 4023
551 2838 2802 1127 3985
552 2779 2741 1152 3967
553 2752 2684 1224 3875
554 2684 2728 1197 3936
555 2654 2690 1138 3858
556 2728 2675 1143 3849
557 2674 2712 1214 3866
558 2632 2641 1175 3835
559 2730 2648 1124 3862
560 2745 2679 1149 3852
561 2687 2714 1142 3910
562 2673 2615 1190 3796
563 2631 2663 1183 3843
564 2631 2701 1136 3901
565 2702 2711 1087 3833
566 2653 2685 1204 3847
567 2678 2691 1132 3837
568 2591 2673 1202 3871
569 2593 2664 1150 3839
570 2632 2633 1148 3840
571 2644 2683 1126 3840
572 2637 2682 1185 3868
573 2738 2665 1134 3832
574 2766 2714 1148 3925
575 2666 2704 1174 3935
576 2691 2693 1123 3919
577 2640 2762 1207 3895
578 2573 2745 1118 3903
579 2566 2680 1072 3856
580 2654 2658 1096 3764
581 2606 2619 1132 3722
582 2599 2548 1129 3732
583 2682 2569 1167 3704
584 2640 2642 1158 3835
585 2581 2638 1162 3809
586 2693 2603 1097 3755
587 2632 2687 1039 3900
588 2583 2623 1077 3763
589 2584 2579 1093 3653
590 2465 2510 1054 3633
591 2531 2437 1123 3556
592 2655 2563 1144 3659
593 2553 2681 1140 3813
594 2449 2607 1138 3741
595 2537 2533 1083 3655
596 2573 2549 1139 3692
597 2579 2587 1059 3728
598 2552 2490 1137 3593
599 2561 2507 1086 3679
600 2553 2613 1137 3791
601 2609 2611 1060 3725
602 2530 2590 1074 3750
603 2509 2494 1090 3520
604 2574 2427 1074 3561
605 2561 2531 1108 3614
606 2545 2531 1089 3641
607 2482 2520 1113 3687
608 2522 2508 1103 3562
609 2591 2531 1094 3639
610 2574 2545 1114 3683
611 2561 2510 1099 3655
612 2547 2530 1100 3689
613 2536 2520 1109 3579
614 2428 2539 1148 3685
615 2578 2537 1108 3651
616 2598 2624 1047 3699
617 2585 2596 1048 3711
618 2435 2554 1110 3717
619 2466 2521 1084 3599
620 2478 2513 1097 3558
621 2550 2470 1061 3531
622 2477 2484 1095 3577
623 2466 2505 1071 3488
624 2480 2449 1050 3531
625 2488 2449 1061 3528
626 2592 2491 1053 3574
627 2497 2624 1054 3726
628 2547 2485 1017 3480
629 2416 2476 1114 3592
630 2471 2398 1067 3398
631 2609 2427 1044 3520
632 2487 2518 1064 3584
633 2435 2435 1067 3607
634 2617 2496 1000 3636
635 2500 2628 1056 3714
636 2423 2513 1022 3582
637 2441 2396 1049 3431
638 2420 2397 1053 3475
639 2413 2463 1084 3550
640 2385 2487 1007 3511
641 2491 2372 1072 3413
642 2525 2456 1036 3556
643 2491 2490 1069 3560
644 2447 2422 1035 3478
645 2499 2399 1000 3542
646 2482 2463 1044 3480
647 2379 2470 996 3572
648 2431 2401 1083 3436
649 2352 2484 1022 3498
650 2330 2377 1030 3422
651 2312 2357 1001 3408
652 2366 2323 957 3377
653 2486 2406 1015 3437
654 2515 2447 1006 3486
655 2507 2447 1019 3495
656 2379 2444 1077 3478
657 2338 2353 992 3346
658 2396 2374 1030 3391
659 2383 2363 1019 3354
660 2368 2343 1034 3384
661 2421 2371 1013 3430
662 2423 2416 1005 3500
663 2335 2409 1032 3458
664 2419 2332 981 3340
665 2450 2419 985 3421
666 2469 2404 1040 3431
667 2327 2409 1038 3514
668 2402 2371 976 3396
669 2416 2397 980 3434
670 2376 2433 1023 3458
671 2334 2381 987 3333
672 2196 2279 948 3375
673 2236 2236 972 3210
674 2302 2243 1042 3176
675 2265 2351 1015 3387
676 2332 2342 899 3325
677 2446 2268 971 3302
678 2439 2338 1049 3334
679 2418 2389 992 3449
680 2439 2380 1052 3384
681 2354 2402 994 3446
682 2382 2364 1002 3415
683 2388 2352 1066 3362
684 2477 2403 986 3455
685 2367 2449 1054 3484
686 2309 2435 990 3465
687 2352 2364 1007 3324
688 2282 2383 999 3400
689 2357 2287 966 3255
690 2373 2298 981 3342
691 2372 2363 979 3391
692 2378 2351 1025 3322
693 2204 2382 984 3404
694 2262 2308 934 3305
695 2214 2377 953 3324
696 2289 2248 998 3216
697 2290 2281 980 3280
698 2297 2321 953 3273
699 2297 2291 1014 3226
700 2350 2255 993 3238
701 2223 2340 965 3321
702 2256 2219 968 3177
703 2278 2255 929 3182
704 2260 2226 970 3233
705 2310 2296 956 3301
706 2218 2330 950 3317
707 2132 2250 1002 3216
708 2225 2205 954 3185
709 2204 2254 984 3238
710 2289 2247 952 3230
711 2295 2336 953 3297
712 2294 2275 928 3270
713 2220 2266 1016 3282
714 2216 2282 989 3244
715 2297 2268 918 3284
716 2293 2266 925 3232
717 2248 2206 992 3211
718 2275 2223 946 3206
719 2222 2254 956 3191
720 2214 2252 940 3203
721 2275 2198 951 3138
722 2264 2237 988 3191
723 2309 2244 960 3260
724 2192 2348 957 3324
725 2256 2285 908 3246
726 2342 2321 998 3241
727 2311 2308 977 3278
728 2333 2299 970 3291
729 2323 2387 987 3388
730 2254 2403 937 3371
731 2213 2273 944 3259
732 2290 2208 976 3145
733 2264 2316 943 3265
734 2175 2252 948 3212
735 2320 2174 930 3109
736 2350 2240 967 3218
737 2294 2320 897 3263
738 2221 2264 974 3258
739 2288 2220 933 3148
740 2322 2244 952 3208
741 2253 2268 955 3260
742 2319 2269 906 3233
743 2264 2228 944 3209
744 2214 2187 896 3169
745 2184 2187 920 3141
746 2175 2172 879 3107
747 2286 2196 945 3124
748 2316 2231 972 3148
749 2282 2289 939 3300
750 2177 2253 951 3203
751 2272 2218 916 3123
752 2260 2263 981 3236
753 2145 2297 912 3277
754 2241 2230 900 3136
755 2245 2239 946 3173
756 2187 2262 905 3176
757 2192 2178 968 3113
758 2209 2231 950 3143
759 2271 2206 924 3139
760 2245 2223 940 3155
761 2341 2239 894 3234
762 2280 2297 967 3204
763 2135 2204 974 3189
764 2201 2179 949 3151
765 2270 2270 999 3220
766 2323 2321 914 3287
767 2349 2304 951 3277
768 2239 2333 933 3306
769 2194 2201 968 3179
770 2217 2191 934 3109
771 2271 2205 932 3157
772 2327 2275 966 3255
773 2323 2335 941 3279
774 2335 2317 940 3286
775 2372 2261 934 3206
776 2449 2330 936 3332
777 2346 2454 996 3367
778 2300 2330 947 3354
779 2387 2319 913 3336
780 2330 2335 897 3269
781 2245 2288 938 3259
782 2247 2210 973 3182
783 2184 2237 937 3200
784 2206 2166 958 3119
785 2202 2250 953 3214
786 2233 2294 894 3187
787 2205 2281 922 3207
788 2115 2220 904 3160
789 2156 2152 855 3041
790 2214 2138 871 3021
791 2208 2136 922 3079
792 2241 2197 951 3107
793 2209 2267 920 3157
794 2247 2154 963 3077
795 2157 2271 898 3191
796 2211 2156 925 3108
797 2238 2184 918 3117
798 2201 2245 929 3103
799 2218 2200 945 3145
800 2174 2258 857 3162
801 2171 2147 880 3102
802 2215 2209 899 3068
803 2196 2205 894 3064
804 2156 2225 949 3123
805 2149 2186 931 3076
806 2236 2150 901 3055
807 2241 2183 919 3148
808 2225 2224 913 3181
809 2271 2216 897 3182
810 2269 2264 865 3197
811 2140 2271 948 3172
812 2189 2188 891 3047
813 2204 2173 956 3101
814 2180 2239 922 3150
815 2257 2197 943 3096
816 2253 2256 891 3195
817 2248 2248 890 3189
818 2206 2175 946 3058
819 2245 2228 884 3190
820 2203 2311 872 3209
821 2120 2222 889 3108
822 2238 2083 914 2996
823 2199 2253 874 3212
824 2147 2263 927 3116
825 2132 2182 854 3102
826 2184 2152 889 3030
827 2162 2184 891 3071
828 2139 2162 920 3013
829 2087 2130 880 2991
830 2166 2134 889 2980
831 2229 2170 921 3109
832 2165 2300 931 3194
833 2179 2208 871 3160
834 2190 2213 887 3126
835 2243 2193 944 3076
836 2364 2222 914 3092
837 2218 2239 964 3172
838 2233 2182 882 3101
839 2245 2221 949 3131
840 2182 2176 896 3127
841 2143 2136 835 3058
842 2147 2155 842 3072
843 2172 2135 854 3016
844 2201 2147 908 3026
845 2114 2188 889 3077
846 2122 2111 946 3004
847 2236 2223 956 3071
848 2151 2236 942 3202
849 2099 2189 864 3080
850 2173 2115 886 3038
851 2190 2190 899 3080
852 2229 2185 917 3113
853 2175 2148 953 3038
854 2227 2158 851 3083
855 2141 2234 958 3124
856 2209 2171 955 3036
857 2191 2248 929 3172
858 2208 2244 915 3168
859 2281 2263 861 3170
860 2242 2348 965 3253
861 2336 2325 916 3213
862 2299 2286 902 3184
863 2270 2229 905 3152
864 2262 2158 910 3069
865 2241 2146 938 3090
866 2231 2196 943 3084
867 2342 2228 911 3156
868 2253 2290 964 3193
869 2284 2216 930 3163
870 2195 2320 923 3225
871 2276 2227 926 3164
872 2157 2276 954 3220
873 2190 2273 904 3219
874 2255 2270 866 3183
875 2239 2216 958 3189
876 2244 2215 862 3166
877 2213 2257 886 3172
878 2167 2210 937 3119
879 2186 2150 898 3039
880 2147 2164 890 3099
881 2217 2151 918 3056
882 2288 2285 857 3282
883 2257 2338 820 3177
884 2210 2181 948 3109
885 2117 2209 880 3142
886 2201 2165 856 3033
887 2254 2167 902 3021
888 2260 2207 899 3100
889 2192 2232 914 3081
890 2138 2139 907 3031
891 2197 2110 892 3037
892 2114 2190 851 3074
893 2052 2123 822 3020
894 2044 2092 804 2946
895 2068 1993 851 2880
896 2069 2035 864 2874
897 2068 2091 868 2943
898 2053 2042 905 2937
899 2102 2108 862 3000
900 2100 2096 891 2940
901 2088 2028 911 2910
902 2105 2092 893 3002
903 2063 2144 869 2985
904 2052 2082 918 2975
905 2074 2063 861 2921
906 2171 2050 896 2958
907 2186 2168 851 3061
908 2088 2193 899 3110
909 2150 2124 860 2966
910 2107 2138 863 2989
911 2173 2098 854 3013
912 2096 2163 854 2979
913 2008 2039 876 2915
914 2027 1984 905 2857
915 2080 2100 841 2931
916 2087 2073 839 2916
917 2078 2045 850 2881
918 2142 2028 884 2875
919 2142 2088 834 2957
920 2113 2119 864 3035
921 2119 2123 900 2967
922 2141 2122 850 3005
923 2073 2139 878 3037
924 2190 2140 860 2996
925 2186 2184 861 3042
926 2155 2211 893 3110
927 2112 2182 860 3021
928 2068 2135 803 3072
929 2131 2104 886 2901
930 2114 2130 900 2994
931 2138 2131 821 3018
932 2102 2105 835 2967
933 2100 2044 885 2891
934 2105 2069 865 2944
935 2178 2118 857 3004
936 2083 2184 892 3020
937 2117 2123 858 2994
938 2159 2156 883 2997
939 2200 2147 884 3050
940 2226 2172 915 3030
941 2153 2186 873 3113
942 2209 2179 907 3057
943 2138 2214 866 3112
944 2121 2150 865 3056
945 2144 2178 900 3058
946 2127 2196 856 3076
947 2065 2106 837 2940
948 2178 2011 884 2896
949 2186 2087 875 2980
950 2165 2188 844 3109
951 2155 2171 862 3010
952 2135 2159 865 2988
953 2078 2125 892 2976
954 2031 2124 866 2984
955 2077 2120 905 2940
956 2140 2086 885 2907
957 2191 2169 852 3047
958 2172 2123 875 2962
959 2153 2124 886 2999
960 2171 2116 869 2966
961 2222 2119 885 2984
962 2247 2179 877 3036
963 2268 2235 872 3088
964 2299 2242 890 3165
965 2247 2329 897 3223
966 2218 2263 877 3121
967 2206 2206 926 3116
968 2169 2201 857 3085
969 2142 2174 872 3091
970 2210 2173 883 3053
971 2249 2201 847 3082
972 2154 2147 887 3040
973 2215 2143 815 2999
974 2149 2184 892 3093
975 2150 2180 904 3038
976 2155 2147 879 3022
977 2167 2194 852 3053
978 2154 2146 912 3026
979 2180 2187 851 3069
980 2080 2179 862 3026
981 2074 2116 829 2929
982 2075 2045 811 2860
983 2213 1989 836 2824
984 2228 2126 860 2976
985 2127 2189 844 3052
986 2070 2097 853 2949
987 2151 2063 787 2927
988 2164 2051 868 2865
989 2026 2075 839 2958
990 2016 2035 824 2898
991 2114 2028 839 2873
992 2126 2102 854 2963
993 2146 2111 873 2956
994 2131 2139 866 2996
995 2126 2176 839 3015
996 2167 2154 843 3026
997 2145 2189 893 3085
998 2123 2229 884 3098
999 2051 2146 859 3017
1000 2148 2102 808 2951
1001 2188 2124 868 2965
1002 2168 2156 893 3014
1003 2129 2135 910 3011
1004 2077 2172 914 3026
1005 2114 2121 873 3012
1006 2107 2147 814 3029
1007 2019 2066 834 2963
1008 2070 2038 839 2849
1009 2004 2022 900 2867
1010 2095 2072 792 2882
1011 2062 2061 878 2958
1012 2058 2074 830 2881
1013 2143 2044 860 2906
1014 2151 2136 879 2981
1015 2271 2136 881 2969
1016 2144 2206 886 3130
1017 2228 2210 883 3084
1018 2260 2258 908 3111
1019 2194 2233 861 3131
1020 2154 2199 845 3089
1021 2139 2174 823 3029
1022 2214 2130 850 3024
1023 2239 2186 863 3055
1024 2178 2205 913 3093
1025 2130 2153 903 3003
1026 2263 2153 880 3005
1027 2173 2252 851 3160
1028 2212 2140 880 3030
1029 2096 2224 882 3098
1030 2210 2143 849 2986
1031 2309 2179 879 3038
1032 2290 2293 880 3151
1033 2260 2234 914 3106
1034 2245 2270 878 3169
1035 2279 2281 850 3106
1036 2173 2278 887 3230
1037 2229 2227 858 3110
1038 2225 2211 902 3032
1039 2169 2191 882 3079
1040 2214 2174 907 2973
1041 2155 2151 880 3054
1042 2231 2168 853 3038
1043 2209 2221 860 3109
1044 2078 2168 867 3023
1045 2057 2072 869 2937
1046 2126 2075 829 2929
1047 2146 2125 852 2981
1048 2130 2166 821 2987
1049 2053 2156 860 2976
1050 2111 2067 874 2878
1051 2124 2078 838 2890
1052 2222 2095 853 2946
1053 2246 2152 848 3008
1054 2239 2173 859 3028
1055 2094 2217 869 3114
1056 2128 2097 879 2873
1057 2204 2137 868 2960
1058 2175 2176 831 3031
1059 2230 2076 827 2952
1060 2215 2133 877 3006
1061 2240 2159 933 2978
1062 2223 2135 868 3071
1063 2220 2217 902 3108
1064 2206 2249 767 3121
1065 2154 2174 875 3031
1066 2071 2119 881 2943
1067 2089 2069 861 2958
1068 2036 2097 822 2933
1069 2055 2090 861 3011
1070 2046 2203 820 3016
1071 2082 2160 816 2986
1072 2050 2126 832 2945
1073 2117 2083 881 2887
1074 2122 2157 826 3021
1075 2098 2106 814 2909
1076 2069 2056 861 2924
1077 2086 2084 837 2932
1078 2074 2106 845 2914
1079 2120 2064 839 2902
1080 2050 2066 867 2912
1081 2089 1990 814 2906
1082 2196 2076 820 2893
1083 2073 2157 823 3009
1084 2088 2094 812 2929
1085 2134 2119 841 2989
1086 2100 2127 859 2964
1087 2054 2147 863 3016
1088 2129 2128 853 2939
1089 2191 2102 806 2961
1090 2078 2164 899 3073
1091 1981 2084 814 2923
1092 2131 2027 790 2862
1093 2056 2097 888 2936
1094 2023 2092 819 2946
1095 2032 2043 836 2862
1096 2076 2000 740 2834
1097 2126 2015 794 2860
1098 2112 2043 855 2859
1099 2089 2072 830 2862
1100 2039 2060 867 2874
1101 1994 1994 847 2795
1102 2016 1986 814 2922
1103 2074 2113 845 2901
1104 2043 2106 839 2916
1105 2133 2087 832 2940
1106 2078 2225 792 3030
1107 2085 2082 885 2898
1108 2175 2102 878 2948
1109 2166 2254 875 3074
1110 2095 2175 832 2977
1111 2157 2060 802 2866
1112 2176 2106 838 2989
1113 2155 2157 829 2952
1114 2237 2086 853 2906
1115 2142 2185 860 3000
1116 2146 2059 858 2933
1117 2108 2111 872 2971
1118 2117 2075 805 2956
1119 2226 2066 868 2874
1120 2133 2176 886 3022
1121 2097 2165 885 3026
1122 2123 2127 805 2953
1123 2191 2078 816 2951
1124 2169 2092 825 2961
1125 2175 2106 809 2937
1126 2169 2117 868 2965
1127 2168 2160 829 3059
1128 2204 2201 865 3009
1129 2166 2262 915 3065
1130 2052 2184 906 2980
1131 2106 2071 836 2950
1132 2152 2170 833 3013
1133 2116 2182 812 3071
1134 2049 2095 821 2901
1135 1990 2083 836 2920
1136 1999 1984 830 2763
1137 2002 1937 821 2826
1138 1965 2069 793 2923
1139 2080 2036 818 2783
1140 2158 2107 812 2950
1141 2110 2167 838 2952
1142 2176 2058 830 2854
1143 2168 2071 815 2907
1144 2109 2098 856 2957
1145 2104 2097 803 2939
1146 2096 2062 841 2917
1147 1997 2086 806 2902
1148 1988 1995 812 2820
1149 2088 1993 802 2830
1150 2123 2066 844 2862
1151 2022 2113 862 2927
1152 2040 2021 841 2873
1153 2040 2100 809 2886
1154 2049 2026 843 2825
1155 2124 1996 814 2812
1156 2088 2085 833 2950
1157 2082 2068 831 2905
1158 2091 2107 809 2951
1159 2039 2088 836 2911
1160 1998 2022 814 2837
1161 1984 2010 759 2813
1162 2039 1984 791 2806
1163 1977 2053 769 2821
1164 1974 1923 816 2690
1165 2024 1905 801 2722
1166 2017 1973 782 2791
1167 2115 2015 840 2825
1168 2071 2079 751 2884
1169 1900 2018 803 2837
1170 1902 1929 781 2715
1171 1933 1932 818 2703
1172 1995 1951 815 2677
1173 2052 2027 792 2816
1174 2038 2044 783 2839
1175 1986 1981 834 2781
1176 2037 1973 822 2786
1177 2073 2040 795 2794
1178 2077 2062 853 2840
1179 2049 2077 806 2868
1180 2042 2024 835 2863
1181 2034 2071 809 2862
1182 2059 2000 754 2818
1183 2071 2038 855 2909
1184 2000 2111 787 2883
1185 2102 2033 810 2765
1186 2061 2062 829 2854
1187 2027 2031 813 2850
1188 2069 2007 832 2810
1189 1966 2055 800 2881
1190 2094 2012 810 2783
1191 2025 2064 835 2877
1192 1982 1992 807 2781
1193 2073 1978 834 2735
1194 2036 2044 811 2851
1195 2098 2046 831 2855
1196 2118 2045 867 2847
1197 2051 2076 852 2906
1198 2084 2053 809 2908
1199 2117 2039 864 2861
1200 2151 2118 824 2927
1201 2076 2136 867 2992
1202 2078 2121 809 2930
1203 2020 2078 832 2944
1204 2080 2048 804 2852
1205 2041 2069 848 2920
1206 2075 2058 824 2922
1207 2073 2131 859 2906
1208 2131 2098 837 2880
1209 2206 2075 834 2921
1210 2086 2169 824 3035
1211 2104 2063 824 2849
1212 2163 2096 815 2971
1213 2147 2135 862 3002
1214 2151 2169 846 2985
1215 2115 2165 846 3024
1216 2101 2114 848 2959
1217 2026 2102 860 2916
1218 2094 2085 818 2900
1219 2140 2090 856 2902
1220 2137 2138 857 2935
1221 2067 2133 862 2957
1222 1986 2103 824 2929
1223 2069 2026 827 2836
1224 2087 2012 797 2832
1225 2143 2090 854 2936
1226 2194 2159 904 2946
1227 2054 2215 867 3032
1228 2026 2102 834 2942
1229 2099 2118 819 2943
1230 2027 2114 901 2922
1231 2158 2112 810 2876
1232 2172 2159 871 2999
1233 2069 2165 833 3013
1234 2093 2086 856 2903
1235 2088 2097 880 2919
1236 2169 2119 875 2962
1237 2160 2225 848 3063
1238 2226 2176 824 3028
1239 2175 2199 873 3029
1240 2164 2215 833 3079
1241 2161 2121 817 2894
1242 2156 2083 865 2986
1243 2148 2182 810 2996
1244 2125 2156 848 2958
1245 2148 2118 853 2939
1246 2079 2187 818 2962
1247 2175 2055 911 2855
1248 2099 2195 884 3013
1249 2135 2158 812 2985
1250 2075 2125 840 2958
1251 2173 2153 840 2949
1252 2103 2155 867 2954
1253 2199 2122 835 2929
1254 2259 2117 845 2925
1255 2144 2192 851 3085
1256 2087 2166 797 3042
1257 2192 2110 807 2965
1258 2027 2128 805 2937
1259 2071 2011 770 2818
1260 2058 2030 811 2879
1261 2042 2084 817 2849
1262 2020 1997 844 2757
1263 2053 2023 806 2876
1264 2140 2056 798 2863
1265 2056 2120 841 2943
1266 1978 2106 776 2880
1267 2022 1999 769 2761
1268 2066 1968 771 2775
1269 2067 2046 826 2846
1270 2140 2067 832 2858
1271 2123 2122 839 2918
1272 2103 2126 845 2976
1273 2161 2149 792 2994
1274 2136 2125 776 2976
1275 2061 2038 823 2863
1276 2012 2058 878 2893
1277 2096 2114 830 2873
1278 2067 2156 856 2961
1279 2112 2135 788 2977
1280 2093 2123 838 2900
1281 1959 2068 805 2918
1282 1965 2013 801 2858
1283 1949 2071 775 2843
1284 2010 1973 804 2689
1285 2054 1956 842 2789
1286 2112 2057 832 2844
1287 2129 2115 873 2918
1288 2185 2114 819 2873
1289 2274 2112 869 3003
1290 2090 2249 803 3086
1291 2115 2100 806 2902
1292 2023 2062 806 2847
1293 2094 1992 848 2818
1294 2071 2138 832 2961
1295 2086 2106 837 2914
1296 2117 2097 848 2925
1297 2256 2162 781 2985
1298 2128 2209 895 3031
1299 2048 2088 795 2913
1300 2183 2043 783 2903
1301 2088 2151 852 2949
1302 2032 2097 850 2885
1303 2105 2080 825 2858
1304 2137 2020 835 2840
1305 2139 2040 863 2900
1306 2162 2127 791 2979
1307 2149 2132 866 2914
1308 2120 2139 855 3005
1309 2206 2084 803 2888
1310 2169 2145 909 3016
1311 2190 2194 824 3022
1312 2168 2163 845 3025
1313 2222 2133 865 2995
1314 2166 2199 867 3073
1315 2123 2180 795 3021
1316 2174 2121 866 2914
1317 2153 2195 865 3053
1318 2187 2167 856 2993
1319 2136 2176 835 3071
1320 2248 2153 827 2974
1321 2143 2194 838 3057
1322 2169 2051 868 2946
1323 2122 2156 839 3019
1324 2135 2143 842 2961
1325 2098 2176 882 3001
1326 2095 2193 820 3003
1327 2100 2184 800 2989
1328 2140 2147 844 2935
1329 2142 2134 846 2974
1330 2196 2170 791 2953
1331 2141 2168 877 2984
1332 2076 2133 860 2964
1333 2201 2151 828 2942
1334 2209 2168 873 2978
1335 2228 2183 850 3068
1336 2213 2233 844 3083
1337 2171 2198 843 2983
1338 2105 2132 813 2963
1339 2069 2080 815 2983
1340 2139 2122 834 2907
1341 2124 2185 893 3038
1342 2210 2212 825 3018
1343 2250 2172 870 3012
1344 2193 2222 830 3044
1345 2129 2145 818 2991
1346 2152 2142 870 2983
1347 2097 2202 874 2995
1348 2073 2160 814 3005
1349 2073 2140 816 2998
1350 2068 2124 848 2914
1351 2177 2154 802 2937
1352 2138 2142 840 2980
1353 2152 2165 851 3032
1354 2197 2138 832 2975
1355 2144 2188 806 3046
1356 2143 2111 836 2965
1357 2147 2110 845 2942
1358 2115 2190 829 3009
1359 2160 2129 823 2960
1360 2171 2129 875 2916
1361 2141 2168 867 3031
1362 2245 2106 857 2928
1363 2141 2237 833 3127
1364 2227 2158 884 2988
1365 2171 2208 824 3037
1366 2173 2140 827 3006
1367 2245 2130 881 2947
1368 2200 2157 800 2989
1369 2184 2140 833 3027
1370 2210 2121 845 2973
1371 2190 2166 873 3008
1372 2121 2172 846 2934
1373 2166 2095 806 2929
1374 2154 2149 840 2958
1375 2071 2123 821 2938
1376 2063 2042 846 2863
1377 2166 2008 805 2804
1378 2139 2076 816 2932
1379 2085 2119 805 2944
1380 2073 2104 814 2896
1381 2007 2086 845 2904
1382 2104 2065 748 2835
1383 2078 2028 873 2832
1384 2158 2064 834 2903
1385 2234 2129 877 2972
1386 2185 2176 896 2956
1387 2199 2143 815 3009
1388 2130 2118 860 2983
1389 2194 2075 870 2964
1390 2194 2193 864 3058
1391 2174 2189 877 3056
1392 2192 2220 861 3053
1393 2172 2187 836 3073
1394 2268 2170 843 3048
1395 2192 2265 863 3074
1396 2124 2180 895 3033
1397 2100 2155 870 2997
1398 2119 2164 838 3059
1399 2233 2190 833 2971
1400 2156 2214 932 3101
1401 2212 2215 831 3045
1402 2221 2205 840 3080
1403 2149 2144 877 3019
1404 2186 2164 796 3016
1405 2182 2182 857 3024
1406 2231 2186 824 3004
1407 2210 2244 845 3111
1408 2237 2196 814 3051
1409 2212 2183 877 3070
1410 2167 2191 827 3035
1411 2148 2176 829 3033
1412 2201 2165 900 2989
1413 2176 2257 808 3122
1414 2200 2188 847 2992
1415 2253 2177 849 2998
1416 2131 2200 844 3085
1417 2190 2113 824 2937
1418 2139 2146 853 2926
1419 2205 2018 886 2839
1420 2162 2118 878 2977
1421 2220 2137 830 2947
1422 2174 2175 873 3082
1423 2105 2144 832 2962
1424 2232 2096 834 2916
1425 2145 2166 834 3012
1426 2171 2142 865 3009
1427 2193 2246 845 3037
1428 2154 2231 802 3080
1429 2106 2149 866 2979
1430 2154 2113 812 2932
1431 2122 2168 766 3005
1432 2158 2100 838 2919
1433 2090 2078 797 2912
1434 2069 2109 820 2925
1435 2101 2095 859 2880
1436 2082 2119 823 2913
1437 2111 2081 812 2856
1438 2210 2048 864 2842
1439 2192 2166 896 2972
1440 2212 2159 862 3023
1441 2280 2232 848 3041
1442 2263 2217 887 3060
1443 2191 2218 916 3121
1444 2138 2240 812 3065
1445 2205 2117 902 2960
1446 2230 2167 888 3038
1447 2266 2241 882 3046
1448 2335 2239 859 3072
1449 2297 2236 876 3115
1450 2312 2250 846 3108
1451 2266 2261 896 3151
1452 2172 2270 838 3146
1453 2117 2149 865 2974
1454 2188 2120 830 3000
1455 2263 2192 840 3064
1456 2234 2207 857 3079
1457 2169 2216 880 3062
1458 2226 2119 845 2958
1459 2250 2170 832 3064
1460 2168 2192 868 3058
1461 2167 2174 871 2983
1462 2280 2158 854 3015
1463 2258 2219 902 3100
1464 2256 2312 893 3115
1465 2240 2268 866 3126
1466 2207 2214 825 3059
1467 2234 2166 842 3049
1468 2236 2223 804 3060
1469 2157 2183 846 2999
1470 2189 2143 834 2971
1471 2224 2221 878 3040
1472 2201 2220 884 3069
1473 2175 2215 842 3065
1474 2296 2166 830 3013
1475 2265 2260 936 3107
1476 2279 2229 842 3092
1477 2192 2252 893 3129
1478 2224 2244 875 3102
1479 2304 2263 878 3082
1480 2361 2321 915 3164
1481 2218 2375 899 3225
1482 2225 2205 909 3106
1483 2252 2258 882 3089
1484 2303 2271 890 3110
1485 2357 2279 924 3192
1486 2422 2318 901 3168
1487 2286 2368 923 3260
1488 2253 2266 929 3142
1489 2286 2305 930 3177
1490 2246 2328 907 3180
1491 2215 2259 909 3127
1492 2243 2241 867 3102
1493 2168 2260 891 3108
1494 2100 2202 845 3045
1495 2262 2136 837 2980
1496 2231 2196 845 3003
1497 2379 2096 921 2982
1498 2297 2371 986 3224
1499 2287 2372 871 3238
1500 2273 2337 876 3181
1501 2328 2289 890 3097
1502 2283 2283 863 3154
1503 2352 2273 859 3172
1504 2392 2361 903 3208
1505 2246 2352 855 3215
1506 2136 2218 892 3087
1507 2205 2178 829 3040
1508 2222 2186 866 3011
1509 2277 2195 888 3055
1510 2294 2240 854 3107
1511 2255 2261 919 3124
1512 2231 2276 864 3118
1513 2235 2195 914 3035
1514 2306 2209 837 3065
1515 2278 2254 870 3140
1516 2287 2238 878 3108
1517 2254 2301 929 3208
1518 2230 2357 869 3170
1519 2370 2317 871 3205
1520 2236 2422 892 3263
1521 2268 2288 874 3108
1522 2155 2286 847 3159
1523 2138 2167 886 3057
1524 2170 2181 829 2985
1525 2225 2175 814 2995
1526 2130 2174 866 3021
1527 2231 2131 812 2969
1528 2150 2215 882 3077
1529 2103 2246 865 3093
1530 2194 2228 864 3030
1531 2228 2254 849 3106
1532 2210 2264 819 3123
1533 2196 2226 866 3105
1534 2198 2250 832 3076
1535 2163 2206 808 3076
1536 2134 2170 807 3016
1537 2079 2185 810 3047
1538 2221 2056 887 2867
1539 2148 2238 908 3088
1540 2197 2174 831 3039
1541 2170 2202 876 3058
1542 2195 2230 904 3086
1543 2195 2275 845 3092
1544 2175 2245 842 3078
1545 2102 2245 807 3083
1546 2140 2107 808 2895
1547 2189 2118 835 2969
1548 2149 2228 899 3032
1549 2276 2199 880 2997
1550 2270 2245 906 3066
1551 2214 2222 855 3159
1552 2182 2220 863 3060
1553 2089 2196 910 3047
1554 2164 2149 847 3003
1555 2236 2272 821 3074
1556 2285 2238 914 3083
1557 2279 2288 920 3099
1558 2196 2346 863 3210
1559 2277 2259 811 3087
1560 2214 2197 908 3074
1561 2354 2206 890 3080
1562 2278 2317 869 3177
1563 2296 2256 869 3103
1564 2248 2344 889 3245
1565 2296 2313 855 3166
1566 2330 2248 869 3067
1567 2314 2205 875 3107
1568 2241 2278 801 3159
1569 2221 2202 881 3045
1570 2247 2191 881 3036
1571 2208 2256 838 3140
1572 2258 2262 933 3097
1573 2271 2361 899 3157
1574 2261 2348 869 3220
1575 2334 2310 852 3179
1576 2262 2304 903 3173
1577 2101 2213 825 3101
1578 2190 2079 844 2998
1579 2273 2205 876 3043
1580 2249 2288 875 3165
1581 2311 2282 825 3123
1582 2318 2310 884 3204
1583 2303 2290 858 3112
1584 2278 2319 889 3202
1585 2205 2297 846 3134
1586 2268 2211 889 3056
1587 2174 2227 899 3125
1588 2254 2231 843 3077
1589 2267 2274 874 3130
1590 2208 2334 854 3181
1591 2262 2285 828 3189
1592 2150 2307 826 3154
1593 2237 2162 907 3011
1594 2265 2227 857 3071
1595 2252 2247 904 3123
1596 2244 2271 932 3115
1597 2233 2278 869 3141
1598 2242 2270 881 3117
1599 2309 2228 802 3141
1600 2263 2291 902 3128
1601 2201 2294 894 3148
1602 2153 2241 908 3091
1603 2194 2235 866 3059
1604 2232 2213 841 3061
1605 2252 2235 862 3206
1606 2231 2259 869 3061
1607 2210 2180 846 3063
1608 2222 2182 849 3057
1609 2263 2215 870 3074
1610 2195 2304 865 3148
1611 2275 2271 845 3094
1612 2333 2299 832 3147
1613 2347 2293 882 3168
1614 2276 2345 899 3210
1615 2227 2267 874 3142
1616 2294 2236 889 3129
1617 2333 2324 888 3187
1618 2261 2323 855 3226
1619 2117 2283 920 3147
1620 2109 2189 832 3030
1621 2241 2163 809 3054
1622 2264 2270 841 3124
1623 2214 2273 817 3157
1624 2261 2183 870 3021
1625 2273 2248 924 3109
1626 2295 2278 900 3137
1627 2264 2327 844 3197
1628 2354 2269 852 3124
1629 2349 2354 884 3244
1630 2394 2286 888 3126
1631 2268 2334 867 3245
1632 2237 2325 874 3140
1633 2246 2240 859 3098
1634 2355 2238 870 3069
1635 2338 2330 907 3190
1636 2350 2318 894 3196
1637 2363 2363 846 3271
1638 2346 2343 838 3252
1639 2325 2312 915 3234
1640 2366 2363 887 3236
1641 2447 2339 839 3159
1642 2405 2382 915 3285
1643 2302 2355 902 3270
1644 2343 2316 880 3168
1645 2374 2323 908 3226
1646 2238 2336 893 3256
1647 2312 2233 918 3145
1648 2287 2340 894 3188
1649 2343 2336 910 3246
1650 2360 2352 924 3234
1651 2319 2395 878 3293
1652 2365 2346 926 3256
1653 2317 2421 899 3295
1654 2249 2344 941 3222
1655 2330 2279 932 3173
1656 2269 2376 887 3251
1657 2267 2269 892 3098
1658 2334 2224 933 3120
1659 2355 2347 911 3252
1660 2353 2377 928 3267
1661 2250 2358 879 3290
1662 2315 2266 918 3190
1663 2342 2327 956 3190
1664 2362 2281 1011 3210
1665 2321 2445 876 3385
1666 2392 2405 837 3286
1667 2440 2351 952 3257
1668 2388 2380 913 3322
1669 2388 2408 918 3275
1670 2407 2394 958 3299
1671 2455 2439 930 3345
1672 2513 2461 929 3392
1673 2343 2464 893 3379
1674 2434 2318 949 3234
1675 2456 2413 888 3354
1676 2402 2496 924 3419
1677 2426 2456 949 3359
1678 2361 2474 909 3387
1679 2334 2407 961 3316
1680 2469 2416 928 3317
1681 2456 2543 944 3411
1682 2423 2459 955 3337
1683 2448 2423 959 3360
1684 2463 2432 953 3394
1685 2327 2482 959 3420
1686 2427 2372 942 3300
1687 2434 2531 896 3454
1688 2387 2428 936 3349
1689 2387 2396 902 3314
1690 2403 2389 917 3284
1691 2383 2354 983 3228
1692 2334 2317 951 3244
1693 2390 2339 968 3245
1694 2464 2380 956 3311
1695 2432 2464 922 3381
1696 2490 2430 928 3336
1697 2496 2460 1004 3421
1698 2510 2468 944 3360
1699 2542 2470 1012 3411
1700 2464 2520 936 3462
1701 2495 2485 949 3431
1702 2474 2510 925 3452
1703 2444 2472 964 3375
1704 2414 2383 941 3306
1705 2425 2432 939 3347
1706 2414 2410 950 3265
1707 2420 2444 921 3362
1708 2535 2394 948 3241
1709 2458 2441 955 3387
1710 2568 2440 977 3385
1711 2538 2509 952 3450
1712 2537 2478 978 3434
1713 2476 2514 989 3455
1714 2422 2511 942 3455
1715 2482 2462 968 3400
1716 2524 2567 988 3466
1717 2487 2658 921 3587
1718 2492 2537 931 3480
1719 2447 2528 941 3503
1720 2534 2532 970 3433
1721 2506 2528 994 3477
1722 2340 2538 967 3488
1723 2391 2397 918 3349
1724 2425 2396 920 3351
1725 2437 2417 921 3359
1726 2360 2452 974 3408
1727 2441 2425 933 3280
1728 2440 2415 936 3358
1729 2471 2494 928 3437
1730 2475 2522 934 3394
1731 2462 2523 952 3463
1732 2520 2474 999 3361
1733 2517 2574 1009 3510
1734 2506 2604 941 3564
1735 2530 2552 928 3439
1736 2541 2488 968 3435
1737 2567 2526 990 3503
1738 2553 2532 953 3432
1739 2442 2518 1042 3506
1740 2539 2497 966 3498
1741 2549 2574 973 3580
1742 2504 2588 987 3518
1743 2480 2510 982 3485
1744 2581 2529 941 3506
1745 2508 2585 1001 3563
1746 2520 2533 948 3473
1747 2457 2465 986 3403
1748 2512 2480 876 3417
1749 2552 2516 991 3427
1750 2620 2529 946 3486
1751 2650 2548 980 3469
1752 2601 2582 999 3531
1753 2468 2569 974 3546
1754 2451 2477 933 3403
1755 2546 2466 926 3401
1756 2589 2545 981 3476
1757 2467 2612 912 3567
1758 2367 2541 982 3460
1759 2486 2445 917 3383
1760 2476 2569 955 3489
1761 2523 2471 974 3413
1762 2490 2556 956 3465
1763 2483 2467 969 3417
1764 2539 2537 921 3439
1765 2498 2570 997 3515
1766 2477 2558 974 3463
1767 2511 2558 955 3465
1768 2530 2526 951 3463
1769 2527 2491 968 3444
1770 2542 2520 929 3475
1771 2487 2571 988 3517
1772 2495 2550 941 3488
1773 2563 2531 932 3432
1774 2524 2484 940 3426
1775 2585 2466 1011 3369
1776 2497 2562 997 3492
1777 2545 2477 962 3397
1778 2619 2530 974 3500
1779 2758 2598 1062 3515
1780 2779 2679 1025 3659
1781 2726 2738 972 3748
1782 2642 2614 984 3629
1783 2669 2550 999 3542
1784 2546 2590 1003 3562
1785 2518 2522 910 3517
1786 2459 2484 993 3402
1787 2514 2437 982 3311
1788 2587 2472 956 3420
1789 2551 2536 1001 3525
1790 2562 2533 1005 3518
1791 2523 2582 960 3558
1792 2570 2519 974 3449
1793 2595 2575 1009 3550
1794 2531 2615 948 3582
1795 2551 2531 968 3461
1796 2553 2532 957 3502
1797 2534 2482 976 3469
1798 2544 2468 954 3435
1799 2593 2564 948 3484
1800 2656 2531 949 3478
1801 2645 2637 985 3614
1802 2669 2640 969 3612
1803 2576 2661 967 3620
1804 2534 2517 999 3504
1805 2558 2532 972 3480
1806 2543 2493 975 3443
1807 2623 2522 941 3522
1808 2625 2645 992 3628
1809 2555 2610 1006 3582
1810 2504 2567 942 3495
1811 2527 2484 990 3477
1812 2558 2563 965 3519
1813 2624 2568 896 3474
1814 2571 2521 985 3562
1815 2522 2608 991 3538
1816 2617 2546 974 3463
1817 2635 2602 952 3524
1818 2539 2609 970 3605
1819 2678 2593 1044 3559
1820 2716 2669 992 3604
1821 2797 2645 1069 3668
1822 2719 2816 1031 3823
1823 2618 2735 952 3721
1824 2669 2611 998 3633
1825 2615 2632 974 3578
1826 2557 2559 1008 3568
1827 2583 2543 977 3514
1828 2570 2553 978 3542
1829 2567 2541 997 3460
1830 2620 2537 986 3577
1831 2540 2626 999 3589
1832 2649 2593 954 3555
1833 2547 2669 974 3614
1834 2588 2529 1007 3490
1835 2709 2583 1038 3512
1836 2744 2690 998 3682
1837 2749 2715 1059 3725
1838 2725 2799 1088 3789
1839 2740 2750 1024 3719
1840 2713 2707 983 3736
1841 2717 2671 1004 3723
1842 2718 2736 1032 3702
1843 2595 2717 986 3710
1844 2601 2642 922 3602
1845 2586 2539 1008 3518
1846 2622 2568 992 3538
1847 2523 2588 973 3519
1848 2479 2459 986 3405
1849 2483 2439 980 3411
1850 2613 2446 965 3410
1851 2514 2566 980 3533
1852 2521 2499 987 3474
1853 2505 2474 969 3428
1854 2534 2503 1002 3412
1855 2469 2470 977 3438
1856 2605 2451 991 3451
1857 2630 2593 970 3565
1858 2688 2591 978 3608
1859 2633 2628 946 3618
1860 2599 2587 985 3612
1861 2684 2599 1003 3546
1862 2571 2695 1008 3655
1863 2636 2564 976 3566
1864 2722 2615 1024 3626
1865 2682 2645 1010 3669
1866 2647 2682 950 3668
1867 2656 2671 981 3657
1868 2722 2594 981 3556
1869 2567 2662 990 3650
1870 2660 2595 971 3600
1871 2515 2714 1024 3691
1872 2602 2599 1010 3585
1873 2525 2666 997 3593
1874 2592 2531 937 3498
1875 2702 2616 1053 3627
1876 2660 2711 994 3693
1877 2792 2712 1017 3689
1878 2727 2758 1040 3779
1879 2737 2742 1000 3802
1880 2705 2773 1073 3782
1881 2837 2723 1014 3757
1882 2675 2738 1093 3719
1883 2865 2630 1028 3737
1884 2760 2836 1071 3858
1885 2795 2809 1068 3806
1886 2812 2817 1010 3810
1887 2811 2718 1018 3792
1888 2883 2759 1034 3830
1889 2717 2882 1051 3879
1890 2692 2720 1033 3751
1891 2733 2699 982 3714
1892 2767 2724 1018 3754
1893 2697 2695 1043 3703
1894 2651 2700 970 3717
1895 2675 2629 1056 3649
1896 2748 2663 1061 3605
1897 2707 2749 1025 3760
1898 2722 2720 1081 3712
1899 2789 2705 1036 3677
1900 2811 2708 1086 3743
1901 2821 2765 1078 3840
1902 2823 2792 1081 3812
1903 2816 2842 1093 3908
1904 2791 2834 1034 3918
1905 2860 2782 1102 3883
1906 2923 2887 1051 3997
1907 2937 2989 1093 4022
1908 2834 2921 1029 4039
1909 2745 2847 1037 3927
1910 2688 2656 1008 3760
1911 2655 2727 1041 3760
1912 2735 2651 993 3665
1913 2737 2730 1031 3744
1914 2815 2764 1045 3782
1915 2731 2798 1063 3789
1916 2647 2704 1047 3712
1917 2696 2710 999 3691
1918 2707 2733 1054 3726
1919 2751 2686 999 3715
1920 2733 2712 1070 3753
1921 2774 2716 1035 3714
1922 2680 2751 1041 3794
1923 2743 2690 1066 3724
1924 2760 2786 1025 3813
1925 2718 2775 1097 3814
1926 2750 2766 1065 3785
1927 2696 2820 991 3855
1928 2764 2756 1101 3815
1929 2863 2824 1030 3828
1930 2811 2862 1052 3854
1931 2878 2756 1069 3798
1932 2855 2828 1023 3853
1933 2746 2771 1088 3870
1934 2776 2768 1030 3818
1935 2781 2812 1050 3798
1936 2796 2767 1101 3820
1937 2896 2893 1018 3894
1938 2790 2950 1026 3973
1939 2883 2788 1081 3778
1940 2973 2853 1056 3918
1941 2922 2934 1106 4012
1942 2838 2879 1026 3919
1943 2802 2781 1069 3844
1944 2832 2839 1149 3905
1945 2882 2893 1015 3920
1946 2885 2886 1124 3911
1947 2835 2866 1105 3895
1948 2889 2844 1089 3910
1949 2996 2906 1112 3927
1950 3156 2909 1067 4027
1951 3053 3033 1148 4157
1952 3092 2938 1086 4078
1953 3050 3004 1189 4197
1954 3022 3077 1135 4184
1955 2948 3068 1084 4157
1956 2940 2932 1107 4057
1957 2904 2938 1064 4031
1958 2871 2863 1064 3977
1959 2860 2826 1098 3931
1960 2894 2872 1112 3921
1961 2887 2982 1122 4069
1962 2999 2949 1047 3968
1963 2961 2876 1104 3982
1964 3054 2903 1123 4029
1965 2982 2950 1179 4054
1966 2943 2946 1072 4088
1967 3037 2938 1165 4062
1968 2986 3048 1132 4135
1969 2915 3005 1093 4131
1970 3030 2907 1064 3989
1971 3058 3008 1075 4132
1972 3062 2970 1093 4038
1973 3067 2959 1114 4076
1974 2980 3024 1096 4159
1975 3023 2983 1096 4074
1976 2897 3020 1206 4090
1977 2972 3018 1114 4071
1978 2978 3096 1184 4166
1979 2999 3052 1130 4109
1980 3023 2970 1126 4052
1981 3008 3005 1150 4141
1982 2990 3022 1084 4049
1983 2955 2973 1104 4124
1984 2947 2958 1174 4052
1985 3104 2994 1137 4059
1986 2989 3104 1214 4219
1987 3039 3021 1058 4114
1988 2983 3050 1120 4234
1989 2922 2952 1134 4048
1990 3049 2891 1084 4009
1991 3043 2997 1185 4126
1992 2975 2992 1168 4084
1993 3021 3069 1160 4240
1994 3075 3068 1132 4144
1995 3058 3107 1156 4243
1996 3119 3089 1172 4194
1997 3082 3076 1088 4167
1998 3059 2995 1101 4211
1999 3028 3015 1144 4170
2000 3119 3019 1100 4141
2001 3085 3077 1135 4242
2002 2977 3079 1135 4183
2003 2996 2964 1111 4083
2004 3046 2968 1120 4132
2005 3109 2986 1161 4072
2006 3097 3101 1171 4247
2007 3192 3118 1165 4245
2008 3036 3178 1105 4312
2009 3011 3042 1176 4225
2010 2935 3044 1128 4152
2011 3013 2984 1130 4090
2012 3130 3048 1106 4167
2013 3034 3123 1173 4322
2014 3092 3108 1168 4228
2015 3117 3161 1056 4267
2016 3047 3059 1182 4216
2017 2983 3036 1168 4191
2018 3100 3050 1113 4106
2019 3145 3035 1146 4224
2020 3117 3141 1084 4279
2021 3061 3074 1144 4194
2022 3099 3050 1124 4220
2023 3046 3092 1117 4246
2024 3033 3038 1169 4179
2025 2993 3079 1125 4225
2026 2968 3042 1180 4203
2027 3145 3008 1099 4155
2028 3072 3167 1160 4295
2029 3094 3068 1123 4233
2030 3077 3134 1157 4250
2031 3118 3108 1200 4205
2032 3127 3113 1223 4243
2033 3263 3160 1236 4301
2034 3269 3258 1228 4430
2035 3144 3299 1210 4449
2036 3174 3173 1140 4296
2037 3182 3147 1187 4297
2038 3090 3078 1232 4242
2039 3272 3095 1182 4238
2040 3299 3247 1176 4477
2041 3203 3255 1183 4374
2042 3276 3140 1224 4315
2043 3234 3291 1207 4474
2044 3205 3268 1278 4422
2045 3261 3258 1201 4406
2046 3312 3260 1253 4464
2047 3210 3244 1235 4396
2048 3293 3190 1201 4410
2049 3370 3293 1206 4546
2050 3465 3367 1215 4569
2051 3288 3440 1251 4649
2052 3225 3391 1202 4615
2053 3273 3355 1208 4503
2054 3308 3286 1196 4455
2055 3294 3303 1222 4553
2056 3290 3269 1237 4396
2057 3231 3221 1227 4467
2058 3222 3232 1210 4477
2059 3252 3261 1241 4491
2060 3446 3302 1277 4533
2061 3389 3463 1254 4646
2062 3300 3334 1217 4629
2063 3323 3273 1255 4484
2064 3349 3316 1288 4596
2065 3357 3398 1232 4618
2066 3346 3405 1256 4661
2067 3329 3364 1165 4570
2068 3341 3218 1294 4464
2069 3290 3293 1202 4450
2070 3353 3271 1234 4427
2071 3278 3264 1216 4503
2072 3352 3269 1210 4491
2073 3429 3354 1221 4595
2074 3444 3447 1243 4653
2075 3460 3405 1311 4572
2076 3485 3392 1254 4595
2077 3444 3422 1318 4689
2078 3479 3503 1231 4766
2079 3418 3467 1264 4764
2080 3419 3460 1217 4683
2081 3424 3371 1294 4630
2082 3417 3433 1261 4697
2083 3383 3392 1221 4581
2084 3399 3305 1261 4519
2085 3377 3265 1259 4529
2086 3436 3349 1292 4626
2087 3466 3478 1247 4683
2088 3328 3506 1208 4725
2089 3412 3286 1313 4450
2090 3373 3393 1276 4683
2091 3373 3400 1255 4579
2092 3472 3358 1229 4565
2093 3458 3409 1240 4673
2094 3359 3367 1311 4582
2095 3355 3313 1248 4494
2096 3464 3347 1229 4569
2097 3274 3426 1274 4642
2098 3432 3303 1214 4515
2099 3429 3434 1211 4667
2100 3459 3448 1236 4663
2101 3474 3402 1332 4642
2102 3440 3426 1330 4630
2103 3456 3424 1272 4755
2104 3534 3513 1327 4724
2105 3525 3584 1274 4845
2106 3579 3582 1332 4825
2107 3427 3599 1316 4864
2108 3470 3470 1332 4760
2109 3544 3498 1320 4755
2110 3555 3554 1269 4860
2111 3520 3504 1324 4792
2112 3548 3436 1270 4768
2113 3475 3480 1281 4755
2114 3479 3401 1283 4600
2115 3414 3391 1293 4682
2116 3467 3364 1299 4643
2117 3401 3492 1317 4729
2118 3414 3482 1255 4687
2119 3356 3368 1356 4634
2120 3308 3340 1257 4612
2121 3356 3318 1268 4590
2122 3394 3404 1294 4600
2123 3390 3399 1266 4642
2124 3433 3344 1348 4582
2125 3442 3365 1345 4638
2126 3503 3530 1288 4796
2127 3519 3502 1335 4785
2128 3573 3525 1372 4778
2129 3558 3649 1377 4947
2130 3643 3648 1384 4973
2131 3660 3663 1360 5035
2132 3633 3709 1371 5063
2133 3668 3691 1273 5048
2134 3660 3678 1339 4995
2135 3698 3609 1354 4879
2136 3681 3649 1361 4993
2137 3580 3658 1400 5024
2138 3594 3712 1331 5026
2139 3653 3678 1367 5035
2140 3639 3659 1333 5063
2141 3573 3728 1385 5041
2142 3609 3630 1379 4907
2143 3748 3632 1391 5018
2144 3814 3775 1330 5096
2145 3822 3816 1391 5192
2146 3760 3778 1435 5121
2147 3722 3796 1423 5159
2148 3601 3795 1385 5062
2149 3710 3605 1400 4970
2150 3741 3693 1324 5129
2151 3740 3698 1367 5062
2152 3686 3730 1290 5178
2153 3718 3682 1403 5006
2154 3656 3666 1285 5100
2155 3721 3646 1375 4963
2156 3730 3754 1422 5083
2157 3728 3759 1362 5110
2158 3757 3722 1385 5114
2159 3814 3772 1344 5147
2160 3686 3799 1350 5159
2161 3736 3630 1370 5026
2162 3652 3765 1444 5117
2163 3833 3691 1383 5099
2164 3780 3818 1324 5242
2165 3855 3765 1433 5127
2166 4001 3820 1432 5187
2167 3872 4002 1444 5432
2168 3877 3965 1432 5341
2169 3765 3951 1379 5320
2170 3803 3790 1343 5199
2171 3884 3829 1347 5261
2172 3945 3888 1403 5245
2173 3736 3837 1413 5260
2174 3659 3708 1363 5061
2175 3794 3614 1415 4955
2176 3757 3800 1407 5188
2177 3824 3765 1465 5116
2178 3890 3881 1468 5183
2179 3866 3862 1464 5250
2180 3851 3949 1394 5309
2181 3738 3873 1458 5238
2182 3766 3805 1417 5182
2183 3818 3855 1380 5268
2184 3895 3861 1416 5221
2185 3860 3875 1450 5246
2186 3947 3820 1443 5244
2187 3923 3972 1386 5416
2188 3902 3924 1439 5369
2189 3965 3885 1400 5304
2190 3907 3915 1344 5369
2191 3906 3796 1437 5230
2192 3904 3838 1417 5273
2193 3827 3875 1412 5288
2194 3760 3873 1333 5271
2195 3811 3663 1432 5089
2196 3906 3809 1380 5163
2197 3847 3853 1401 5195
2198 3771 3810 1391 5202
2199 3672 3748 1431 5108
2200 3732 3766 1384 5119
2201 3805 3781 1445 5155
2202 3914 3834 1393 5213
2203 3888 3861 1443 5263
2204 3851 3848 1457 5275
2205 3923 3909 1362 5346
2206 3928 3922 1474 5318
2207 3937 3908 1495 5300
2208 3885 3945 1447 5430
2209 3968 3943 1518 5315
2210 3908 4045 1479 5519
2211 3889 4048 1428 5461
2212 3916 3916 1483 5298
2213 3898 3914 1441 5334
2214 3879 3998 1428 5445
2215 3884 4001 1469 5385
2216 3978 3927 1400 5345
2217 3715 3955 1453 5391
2218 3835 3699 1408 5085
2219 3819 3803 1437 5182
2220 3883 3850 1459 5239
2221 3910 3915 1395 5314
2222 3854 3941 1441 5427
2223 3931 3932 1426 5352
2224 3916 3953 1443 5396
2225 3950 3964 1494 5470
2226 3907 4023 1457 5496
2227 4001 4055 1390 5506
2228 4016 4038 1430 5458
2229 3985 3970 1461 5363
2230 3970 3980 1440 5450
2231 4039 3961 1489 5371
2232 4031 3978 1540 5381
2233 3904 3959 1423 5444
2234 4013 3878 1446 5372
2235 3998 3984 1458 5424
2236 3971 3987 1427 5490
2237 3908 3966 1455 5426
2238 4060 3892 1470 5358
2239 4046 4049 1491 5457
2240 4014 4012 1396 5467
2241 3970 3931 1449 5405
2242 4005 3960 1493 5400
2243 3981 3930 1542 5409
2244 4003 4003 1437 5460
2245 4112 4030 1504 5496
2246 4169 4129 1528 5537
2247 4193 4196 1633 5663
2248 4140 4257 1426 5759
2249 4065 4028 1544 5513
2250 4135 4028 1531 5517
2251 4080 4147 1498 5570
2252 4074 3961 1501 5488
2253 4179 4027 1470 5541
2254 4032 4112 1606 5595
2255 3951 4024 1482 5565
2256 4142 3991 1546 5446
2257 4110 4090 1502 5606
2258 4059 4087 1549 5580
2259 4094 4073 1483 5569
2260 4188 4138 1578 5636
2261 4169 4235 1519 5678
2262 4202 4194 1564 5743
2263 4207 4215 1544 5733
2264 4193 4230 1633 5771
2265 4245 4242 1592 5784
2266 4400 4327 1622 5832
2267 4381 4479 1522 6008
2268 4387 4301 1582 5875
2269 4341 4246 1601 5814
2270 4380 4265 1582 5843
2271 4443 4319 1632 5919
2272 4288 4436 1574 6003
2273 4313 4285 1573 5829
2274 4238 4277 1561 5887
2275 4239 4247 1556 5794
2276 4249 4178 1556 5703
2277 4332 4223 1553 5783
2278 4365 4283 1542 5829
2279 4382 4297 1636 5907
2280 4445 4400 1650 5984
2281 4303 4458 1564 6054
2282 4388 4264 1653 5821
2283 4436 4383 1604 5980
2284 4307 4457 1609 6002
2285 4229 4223 1524 5806
2286 4309 4166 1607 5730
2287 4371 4258 1609 5838
2288 4378 4331 1607 5914
2289 4289 4375 1536 5947
2290 4360 4317 1534 5907
2291 4183 4346 1621 5930
2292 4079 4185 1555 5745
2293 4209 4211 1528 5794
2294 4201 4329 1526 5859
2295 4288 4228 1592 5727
2296 4368 4281 1573 5878
2297 4343 4397 1533 5933
2298 4339 4298 1534 5876
2299 4257 4230 1560 5744
2300 4351 4169 1584 5744
2301 4310 4223 1603 5793
2302 4361 4282 1657 5798
2303 4268 4354 1574 5926
2304 4420 4304 1544 5872
2305 4486 4398 1620 5936
2306 4448 4445 1590 6037
2307 4450 4366 1642 5944
2308 4373 4404 1636 6023
2309 4404 4409 1628 6027
2310 4372 4450 1560 5973
2311 4327 4427 1564 5959
2312 4250 4265 1633 5806
2313 4414 4349 1575 5892
2314 4420 4405 1609 5912
2315 4283 4369 1625 6009
2316 4442 4240 1590 5815
2317 4234 4346 1671 5925
2318 4308 4253 1584 5809
2319 4311 4344 1651 5931
2320 4325 4330 1699 5927
2321 4484 4380 1616 5917
2322 4445 4475 1670 6058
2323 4399 4403 1594 5999
2324 4378 4353 1612 5940
2325 4479 4330 1571 6007
2326 4634 4465 1664 6076
2327 4470 4564 1558 6197
2328 4538 4382 1581 5994
2329 4513 4419 1626 5963
2330 4530 4370 1605 6007
2331 4664 4476 1620 6096
2332 4554 4633 1753 6227
2333 4484 4587 1632 6188
2334 4491 4550 1639 6220
2335 4542 4549 1655 6147
2336 4557 4453 1718 6084
2337 4396 4519 1644 6228
2338 4547 4412 1656 6017
2339 4597 4531 1722 6153
2340 4537 4607 1694 6230
2341 4749 4561 1662 6254
2342 4718 4716 1749 6362
2343 4704 4640 1684 6334
2344 4602 4620 1768 6326
2345 4583 4602 1679 6263
2346 4659 4621 1731 6302
2347 4642 4613 1685 6299
2348 4790 4643 1677 6317
2349 4694 4608 1707 6260
2350 4552 4562 1769 6247
2351 4647 4512 1754 6192
2352 4710 4617 1681 6365
2353 4741 4772 1655 6419
2354 4646 4730 1704 6444
2355 4616 4718 1620 6426
2356 4555 4712 1688 6340
2357 4627 4650 1675 6280
2358 4607 4715 1628 6382
2359 4698 4619 1710 6268
2360 4714 4611 1718 6243
2361 4627 4677 1677 6366
2362 4638 4582 1794 6300
2363 4776 4682 1677 6337
2364 4757 4699 1683 6454
2365 4832 4699 1704 6461
2366 4738 4812 1697 6527
2367 4626 4772 1701 6455
2368 4729 4605 1702 6361
2369 4729 4754 1720 6431
2370 4695 4739 1709 6413
2371 4804 4736 1792 6396
2372 4699 4833 1756 6476
2373 4816 4735 1784 6453
2374 4748 4876 1701 6622
2375 4840 4764 1744 6486
2376 4843 4854 1801 6568
2377 4771 4858 1794 6544
2378 4765 4852 1722 6600
2379 4768 4770 1745 6498
2380 4929 4824 1787 6535
2381 4891 4923 1758 6645
2382 4886 4813 1725 6609
2383 4826 4771 1783 6543
2384 4931 4799 1738 6485
2385 4882 4886 1783 6663
2386 4922 4899 1744 6589
2387 4888 4894 1835 6711
2388 4838 4920 1770 6631
2389 5001 4700 1803 6496
2390 4974 4860 1775 6731
2391 5029 4927 1829 6785
2392 5116 5084 1830 6825
2393 5039 5116 1846 6973
2394 4912 5080 1804 6859
2395 4948 4928 1825 6676
2396 4991 4922 1765 6714
2397 4881 4891 1773 6786
2398 5098 4863 1831 6693
2399 5085 5123 1817 6931
2400 4994 5063 1785 6915
2401 5093 4965 1850 6782
2402 5018 5034 1823 6880
2403 4928 5080 1763 6896
2404 5056 4949 1797 6712
2405 4973 4989 1853 6811
2406 4984 5035 1813 6842
2407 5006 5010 1742 6805
2408 4951 5019 1814 6848
2409 5043 5013 1838 6806
2410 5058 5064 1832 6891
2411 5124 5031 1873 6868
2412 5152 5162 1788 7027
2413 5025 5177 1856 7052
2414 5121 5104 1941 6944
2415 5210 5228 1836 7085
2416 5177 5250 1776 7179
2417 5236 5223 1876 7102
2418 5201 5278 1907 7087
2419 5247 5173 1948 7018
2420 5202 5240 1920 7077
2421 5168 5288 1845 7200
2422 5161 5225 1845 7052
2423 5268 5118 1894 6988
2424 5289 5134 1950 7069
2425 5209 5267 1900 7188
2426 5162 5241 1898 7129
2427 4920 5230 1880 7124
2428 5105 5011 1850 6872
2429 5168 5071 1905 6862
2430 5229 5202 1879 7075
2431 5198 5213 1888 7117
2432 5150 5186 1834 7075
2433 5190 5148 1927 7036
2434 5174 5201 1802 7071
2435 5294 5050 1900 6895
2436 5216 5224 1881 7185
2437 5239 5252 1902 7159
2438 5209 5246 2025 7072
2439 5344 5260 1863 7165
2440 5566 5324 1979 7169
2441 5454 5354 2014 7374
2442 5447 5425 2012 7274
2443 5403 5371 2010 7314
2444 5475 5360 2009 7309
2445 5409 5419 1944 7362
2446 5428 5403 1955 7397
2447 5477 5429 1866 7414
2448 5549 5357 2011 7311
2449 5527 5500 1917 7417
2450 5421 5500 2052 7433
2451 5526 5364 1961 7264
2452 5523 5514 1977 7469
2453 5351 5501 1938 7473
2454 5402 5406 1910 7368
2455 5340 5403 1998 7304
2456 5418 5323 1903 7304
2457 5412 5431 1995 7406
2458 5374 5595 1980 7498
2459 5493 5487 1919 7314
2460 5295 5510 1959 7530
2461 5389 5368 1956 7243
2462 5520 5354 1958 7295
2463 5485 5396 2009 7388
2464 5529 5404 2029 7426
2465 5481 5483 1986 7467
2466 5662 5482 1974 7492
2467 5648 5548 1996 7547
2468 5512 5487 1907 7577
2469 5570 5458 1888 7474
2470 5493 5477 2069 7409
2471 5442 5457 2002 7372
2472 5451 5405 2000 7389
2473 5473 5379 2039 7397
2474 5589 5522 1973 7578
2475 5608 5639 1997 7586
2476 5641 5669 1996 7774
2477 5637 5721 1963 7680
2478 5658 5665 1969 7616
2479 5607 5572 2052 7589
2480 5498 5618 1974 7613
2481 5456 5481 2063 7515
2482 5681 5549 2000 7538
2483 5618 5671 2068 7722
2484 5581 5586 1988 7548
2485 5637 5563 2073 7502
2486 5727 5673 2030 7681
2487 5792 5697 2074 7701
2488 5726 5782 2088 7922
2489 5727 5814 2015 7794
2490 5694 5652 2014 7723
2491 5604 5598 2032 7603
2492 5736 5572 2002 7711
2493 5692 5688 2140 7700
2494 5834 5629 2051 7651
2495 5575 5747 2085 7842
2496 5621 5633 2078 7619
2497 5709 5626 2105 7704
2498 5660 5758 2108 7825
2499 5689 5731 2040 7866
2500 5646 5844 2050 7844
2501 5686 5801 2015 7800
2502 5718 5685 2116 7618
2503 5724 5723 2024 7802
2504 5777 5764 1967 7826
2505 5711 5684 2090 7703
2506 5639 5765 2060 7850
2507 5752 5695 2041 7650
2508 5706 5742 2056 7871
2509 5808 5738 1984 7735
2510 5748 5695 2084 7773
2511 5782 5712 2014 7776
2512 5747 5731 2108 7782
2513 5776 5747 2117 7738
2514 5745 5782 2125 7838
2515 5889 5849 2056 7832
2516 5858 5857 2103 7942
2517 5688 5795 2145 7874
2518 5847 5747 2085 7776
2519 5998 5815 2125 7911
2520 5896 5924 2116 8021
2521 5778 5886 2072 8021
2522 5845 5774 2092 7909
2523 5845 5800 2042 7819
2524 5824 5790 2112 7912
2525 5763 5886 2126 7986
2526 5728 5919 2070 7899
2527 5652 5767 2060 7854
2528 5718 5667 2130 7734
2529 5693 5808 2040 7820
2530 5765 5697 2054 7789
2531 5798 5741 2027 7827
2532 5848 5782 2108 7812
2533 5747 5898 2057 7931
2534 5769 5777 2137 7773
2535 5892 5744 2069 7701
2536 5704 5792 2083 7861
2537 5667 5748 2155 7805
2538 5897 5731 2062 7759
2539 5840 5831 2088 7952
2540 5807 5756 2124 7839
2541 6069 5720 2154 7862
2542 5926 6050 2199 8117
2543 5927 5923 2199 7990
2544 5945 5975 2147 8142
2545 5889 6017 2095 8081
2546 5775 5935 2086 8032
2547 5696 5795 2015 7886
2548 5857 5658 2122 7853
2549 5934 5853 2149 7966
2550 5989 5904 2070 8016
2551 6026 5921 2170 8102
2552 6043 5963 2155 8007
2553 6030 5907 2096 8064
2554 5954 5969 2185 8141
2555 6076 5912 2146 8088
2556 5950 6051 2203 8200
2557 6043 5893 2148 8113
2558 6060 6024 2207 8200
2559 6053 6105 2208 8193
2560 6158 6146 2265 8306
2561 6060 6235 2213 8349
2562 6110 6055 2265 8266
2563 6054 6131 2175 8335
2564 6085 6089 2142 8277
2565 6144 6081 2223 8216
2566 6074 6136 2150 8215
2567 6129 6036 2125 8206
2568 6121 5993 2153 8144
2569 6070 5998 2226 8232
2570 6050 6011 2162 8128
2571 5987 6007 2230 8178
2572 6027 6009 2195 8095
2573 6067 5917 2142 8131
2574 6042 6017 2253 8220
2575 6086 6019 2214 8153
2576 6110 5992 2171 8220
2577 5928 6205 2257 8445
2578 6135 6128 2098 8279
2579 6191 6186 2173 8316
2580 6112 6177 2282 8347
2581 6024 6165 2165 8335
2582 6136 6053 2253 8214
2583 6069 6099 2231 8214
2584 6006 6045 2232 8309
2585 6216 6089 2234 8353
2586 6210 6332 2212 8498
2587 6257 6236 2202 8475
2588 6137 6212 2272 8471
2589 6156 6242 2223 8417
2590 6243 6225 2252 8443
2591 6401 6276 2172 8544
2592 6457 6277 2328 8501
2593 6348 6394 2241 8658
2594 6339 6365 2357 8653
2595 6335 6544 2201 8779
2596 6394 6483 2195 8660
2597 6301 6392 2309 8659
2598 6255 6309 2250 8568
2599 6280 6416 2229 8700
2600 6386 6384 2269 8510
2601 6389 6393 2249 8659
2602 6401 6398 2266 8693
2603 6406 6335 2254 8565
2604 6327 6395 2207 8710
2605 6445 6338 2264 8610
2606 6320 6428 2370 8692
2607 6411 6308 2319 8553
2608 6418 6370 2360 8689
2609 6504 6476 2314 8694
2610 6496 6586 2289 8942
2611 6515 6592 2327 8929
2612 6576 6610 2331 8923
2613 6522 6484 2368 8727
2614 6568 6477 2358 8819
2615 6604 6548 2328 8837
2616 6646 6556 2256 8836
2617 6563 6470 2294 8817
2618 6468 6490 2304 8857
2619 6577 6327 2325 8654
2620 6577 6519 2349 8903
2621 6478 6631 2292 8936
2622 6555 6435 2353 8814
2623 6559 6622 2272 8919
2624 6423 6579 2325 8903
2625 6536 6462 2331 8768
2626 6650 6643 2314 8913
2627 6591 6652 2291 9003
2628 6566 6635 2325 9017
2629 6494 6628 2319 9033
2630 6504 6565 2282 8816
2631 6438 6342 2327 8695
2632 6459 6359 2411 8665
2633 6843 6479 2377 8808
2634 6749 6776 2422 9086
2635 6745 6685 2393 9113
2636 6745 6769 2338 9111
2637 6690 6655 2407 9036
2638 6804 6711 2328 9048
2639 6790 6663 2428 8992
2640 6924 6582 2341 9021
2641 6865 6741 2427 9141
2642 6810 6839 2357 9231
2643 6840 6748 2359 9176
2644 6858 6736 2360 9095
2645 6743 6832 2332 9199
2646 6736 6685 2299 9090
2647 6748 6659 2358 9010
2648 6676 6618 2394 8963
2649 6825 6654 2374 9055
2650 6825 6787 2448 9175
2651 6769 6791 2453 9233
2652 6802 6780 2379 9145
2653 6749 6814 2422 9236
2654 6718 6697 2323 9015
2655 6889 6615 2303 9124
2656 6898 6797 2468 9238
2657 6845 6821 2508 9250
2658 6967 6908 2384 9363
2659 6949 6901 2474 9378
2660 7092 6838 2443 9306
2661 6978 7060 2442 9559
2662 7001 6968 2499 9438
2663 6906 6995 2519 9454
2664 6880 6941 2358 9409
2665 6900 6948 2406 9410
2666 6860 6917 2492 9382
2667 6757 6872 2525 9324
2668 6908 6837 2416 9272
2669 6934 6971 2461 9455
2670 6993 6970 2388 9442
2671 6831 7024 2503 9516
2672 6881 6880 2453 9335
2673 6863 6918 2422 9409
2674 7042 6905 2486 9332
2675 7140 7012 2555 9510
2676 7040 7165 2487 9629
2677 6917 7087 2560 9605
2678 6940 7053 2453 9512
2679 6991 7050 2455 9556
2680 6868 7070 2496 9398
2681 6901 6860 2398 9408
2682 7029 6964 2487 9355
2683 7137 7023 2463 9494
2684 6861 7154 2547 9557
2685 7061 6896 2471 9360
2686 7070 7004 2451 9438
2687 7029 7034 2449 9481
2688 7071 6860 2564 9350
2689 6952 7010 2441 9501
2690 6994 6923 2482 9456
2691 7081 7072 2492 9536
2692 7076 7260 2468 9722
2693 7110 7155 2494 9658
2694 7093 7074 2544 9497
2695 6963 6947 2544 9443
2696 6966 6871 2498 9421
2697 6963 6976 2443 9552
2698 6914 6993 2577 9468
2699 7128 6983 2509 9401
2700 7118 7161 2592 9651
2701 7155 7147 2476 9622
2702 7150 7182 2497 9706
2703 7014 7104 2560 9710
2704 7180 7083 2489 9631
2705 7115 7243 2626 9741
2706 7073 7156 2485 9705
2707 7251 7053 2510 9669
2708 7281 7170 2476 9621
2709 7306 7177 2530 9782
2710 7238 7248 2481 9849
2711 7214 7195 2546 9767
2712 7329 7113 2644 9695
2713 7162 7352 2550 9891
2714 7345 7245 2598 9737
2715 7110 7376 2490 9929
2716 7309 7090 2577 9638
2717 7264 7313 2627 9855
2718 7315 7267 2561 9875
2719 7370 7411 2527 9970
2720 7278 7344 2611 9828
2721 7235 7156 2665 9765
2722 7235 7264 2591 9897
2723 7207 7348 2621 9991
2724 7376 7271 2579 9874
2725 7557 7350 2624 9930
2726 7472 7437 2629 10058
2727 7319 7421 2542 10152
2728 7285 7316 2632 9945
2729 7216 7322 2569 9886
2730 7322 7217 2553 9806
2731 7232 7324 2510 9947
2732 7409 7228 2491 9775
2733 7548 7285 2519 9797
2734 7392 7303 2680 9953
2735 7337 7334 2538 9955
2736 7229 7326 2567 9905
2737 7313 7165 2537 9694
2738 7359 7124 2542 9763
2739 7400 7295 2561 9836
2740 7527 7312 2590 9878
2741 7324 7425 2533 10043
2742 7389 7233 2571 9865
2743 7432 7337 2577 9887
2744 7413 7303 2571 9945
2745 7258 7346 2638 9927
2746 7380 7240 2652 9799
2747 7393 7379 2605 9947
2748 7375 7445 2611 10038
2749 7402 7491 2676 10042
2750 7416 7500 2582 10153
2751 7334 7474 2609 10072
2752 7416 7393 2563 9982
2753 7544 7476 2586 10110
2754 7516 7468 2646 10065
2755 7400 7429 2671 10049
2756 7380 7412 2672 9974
2757 7583 7385 2671 9989
2758 7750 7558 2659 10273
2759 7697 7718 2761 10406
2760 7507 7684 2605 10303
2761 7366 7491 2695 10196
2762 7277 7489 2616 10089
2763 7598 7433 2628 10133
2764 7530 7669 2807 10329
2765 7633 7677 2667 10323
2766 7729 7667 2707 10458
2767 7738 7680 2705 10431
2768 7669 7679 2748 10491
2769 7781 7752 2721 10422
2770 7596 7838 2657 10565
2771 7734 7630 2584 10338
2772 7663 7661 2656 10381
2773 7709 7539 2658 10195
2774 7663 7464 2702 10208
2775 7611 7559 2665 10302
2776 7650 7566 2744 10149
2777 7849 7594 2761 10296
2778 7819 7798 2668 10522
2779 7650 7639 2772 10383
2780 7645 7557 2700 10353
2781 7797 7584 2831 10342
2782 7878 7761 2707 10525
2783 7976 7825 2785 10622
2784 7710 8007 2760 10694
2785 7826 7718 2757 10399
2786 7974 7720 2736 10546
2787 7790 7894 2830 10677
2788 7619 7845 2778 10608
2789 7718 7666 2733 10385
2790 7783 7747 2700 10573
2791 7767 7868 2778 10624
2792 7837 7825 2775 10584
2793 7831 7842 2719 10546
2794 7743 7768 2801 10546
2795 7670 7810 2819 10485
2796 7709 7757 2801 10507
2797 7925 7768 2722 10457
2798 8023 7870 2727 10659
2799 7814 7999 2846 10809
2800 7792 7960 2780 10744
2801 7729 7916 2778 10582
2802 7878 7858 2686 10678
2803 8037 7919 2674 10750
2804 8094 8075 2859 10841
2805 7909 8153 2875 10854
2806 8073 8015 2729 10815
2807 7872 8076 2755 10865
2808 7933 7875 2810 10730
2809 7838 8027 2748 10872
2810 8017 7948 2774 10700
2811 7970 7974 2823 10747
2812 7804 7977 2751 10706
2813 7825 7727 2741 10550
2814 7745 7737 2775 10555
2815 7945 7697 2790 10472
2816 8086 7860 2768 10652
2817 7915 8084 2814 10842
2818 8041 7892 2917 10707
2819 8001 8077 2731 10821
2820 7936 7885 2795 10721
2821 8084 7852 2856 10657
2822 7983 8138 2913 11033
2823 8259 8088 2843 10912
2824 8259 8302 2867 11217
2825 8269 8329 2910 11244
2826 8163 8326 2834 11181
2827 8316 8114 2952 10959
2828 8162 8230 2852 11190
2829 8274 8093 2828 10959
2830 8397 8169 2827 11128
2831 8193 8265 2866 11183
2832 8307 8261 2823 11157
2833 8079 8335 2878 11127
2834 7977 8058 2914 10877
2835 8050 8034 2803 10875
2836 8004 8167 2855 11031
2837 8112 8137 2894 10886
2838 8113 8181 2865 11024
2839 8107 8109 2787 11014
2840 8197 8126 2816 10992
2841 8216 8090 2811 10881
2842 8027 8194 2871 11100
2843 8063 8011 2848 10863
2844 7977 8085 2836 11009
2845 8064 8089 2851 10874
2846 8236 8161 2883 10982
2847 8214 8276 2906 11132
2848 7990 8293 2873 11182
2849 8078 8078 2909 10886
2850 8150 8109 2885 10993
2851 8600 8168 2884 11039
2852 8477 8479 2849 11420
2853 8278 8316 2986 11217
2854 8260 8261 2869 11259
2855 8231 8347 2852 11287
2856 8252 8263 2909 11190
2857 8140 8287 2932 11223
2858 8301 8262 2935 11120
2859 8229 8377 2838 11323
2860 8281 8239 2913 11164
2861 8452 8283 2896 11212
2862 8146 8550 3030 11462
2863 8095 8426 2866 11208
2864 8256 8190 2833 11160
2865 8187 8166 2872 11034
2866 8361 8188 2826 11075
2867 8253 8275 2998 11237
2868 8297 8197 2916 11092
2869 8195 8325 2942 11264
2870 8165 8213 2830 11129
2871 8257 8077 2884 11006
2872 8207 8116 2913 11064
2873 8244 8208 2830 11095
2874 8293 8190 2865 11138
2875 8533 8204 2868 11056
2876 8184 8408 2936 11364
2877 8259 8167 2927 11057
2878 8243 8256 2840 11130
2879 8308 8166 2943 11115
2880 8263 8297 2898 11244
2881 8432 8325 2874 11215
2882 8501 8484 2941 11389
2883 8243 8550 2858 11470
2884 8319 8285 2865 11211
2885 8356 8338 2862 11246
2886 8498 8289 2855 11270
2887 8510 8412 2853 11325
2888 8354 8453 2906 11405
2889 8206 8434 2880 11393
2890 8385 8287 2827 11304
2891 8414 8429 2980 11419
2892 8403 8473 2964 11359
2893 8224 8382 2897 11290
2894 8118 8189 2874 11195
2895 8309 8241 2982 11159
2896 8295 8375 3020 11265
2897 8482 8407 2944 11330
2898 8492 8427 2890 11479
2899 8481 8428 2909 11467
2900 8527 8365 2968 11391
2901 8427 8347 2872 11424
2902 8337 8370 2885 11331
2903 8255 8185 3028 11234
2904 8330 8366 2856 11329
2905 8567 8367 3000 11332
2906 8554 8554 2987 11550
2907 8551 8586 2949 11575
2908 8496 8501 2947 11466
2909 8504 8367 2850 11385
2910 8577 8329 2938 11390
2911 8438 8498 2951 11419
2912 8572 8440 2903 11406
2913 8525 8524 2991 11476
2914 8554 8597 2989 11562
2915 8456 8633 2984 11630
2916 8317 8508 2986 11398
2917 8512 8437 2885 11357
2918 8490 8408 2926 11441
2919 8318 8407 2958 11370
2920 8443 8301 2945 11220
2921 8583 8339 2977 11310
2922 8355 8584 2850 11609
2923 8600 8354 2864 11327
2924 8356 8463 2933 11503
2925 8329 8247 2943 11110
2926 8301 8205 2912 11199
2927 8399 8322 2933 11317
2928 8362 8474 2890 11431
2929 8408 8424 2879 11407
2930 8589 8359 3038 11241
2931 8631 8555 2919 11665
2932 8313 8635 2959 11569
2933 8629 8352 2923 11298
2934 8574 8568 3010 11531
2935 8562 8498 2890 11507
2936 8461 8446 2928 11517
2937 8410 8521 3016 11443
2938 8453 8489 2965 11429
2939 8372 8583 3012 11466
2940 8386 8437 2906 11382
2941 8397 8404 2974 11373
2942 8541 8339 3005 11336
2943 8253 8524 2989 11491
2944 8341 8357 2907 11326
2945 8452 8448 2853 11365
2946 8578 8477 2921 11481
2947 8611 8582 3036 11535
2948 8747 8620 2935 11519
2949 8787 8592 2905 11566
2950 8645 8579 3029 11697
2951 8648 8674 2962 11585
2952 8538 8522 2909 11609
2953 8524 8515 2960 11559
2954 8563 8479 2992 11436
2955 8551 8634 2876 11640
2956 8385 8633 2899 11663
2957 8388 8500 2995 11523
2958 8432 8599 2920 11435
2959 8490 8501 2942 11504
2960 8477 8541 2840 11502
2961 8579 8521 2952 11474
2962 8417 8540 2918 11525
2963 8395 8478 2966 11520
2964 8487 8490 2824 11417
2965 8295 8516 2836 11448
2966 8362 8239 2790 11224
2967 8346 8306 2957 11292
2968 8371 8312 2872 11229
2969 8404 8412 2929 11364
2970 8260 8448 2884 11435
2971 8247 8305 2844 11323
2972 8247 8271 2783 11145
2973 8291 8105 2864 10981
2974 8176 8205 2939 11120
2975 8074 8267 2808 11182
2976 8057 8153 2822 10971
2977 8067 8024 2867 10860
2978 8108 8023 2834 10923
2979 8207 8115 2935 10948
2980 8277 8206 2935 11076
2981 8191 8282 2932 11139
2982 8188 8176 2851 11051
2983 8483 8163 2858 11099
2984 8467 8441 3026 11406
2985 8353 8469 2868 11380
2986 8272 8298 2946 11301
2987 8319 8374 2867 11329
2988 8389 8413 2948 11368
2989 8440 8421 3007 11339
2990 8656 8492 2857 11391
2991 8640 8522 2999 11506
2992 8496 8620 2857 11614
2993 8346 8415 2954 11385
2994 8346 8279 2925 11290
2995 8482 8447 2950 11359
2996 8379 8582 2925 11519
2997 8322 8417 2952 11387
2998 8409 8470 2869 11458
2999 8469 8509 3046 11416
3000 8583 8559 2849 11556
3001 8669 8550 2959 11575
3002 8669 8604 2983 11592
3003 8606 8603 2935 11538
3004 8560 8487 2884 11522
3005 8361 8474 2878 11532
3006 8291 8412 2970 11397
3007 8372 8342 2929 11325
3008 8414 8540 2809 11496
3009 8375 8477 2838 11379
3010 8358 8304 2860 11343
3011 8291 8344 2845 11244
3012 8412 8345 2839 11345
3013 8295 8437 2876 11305
3014 8197 8250 2907 11200
3015 8345 8184 2806 11014
3016 8359 8210 2910 11171
3017 8273 8209 2814 11103
3018 8316 8143 2774 11066
3019 8298 8073 2902 11076
3020 8302 8233 2854 11205
3021 8325 8240 2981 11164
3022 8416 8280 2891 11166
3023 8517 8415 2939 11268
3024 8442 8485 2909 11434
3025 8253 8435 2867 11438
3026 8214 8318 2840 11213
3027 8308 8256 2839 11224
3028 8155 8300 2797 11172
3029 8110 8060 2812 10962
3030 8133 8057 2772 10864
3031 8154 8029 2812 10936
3032 7995 8118 2819 10994
3033 7966 8009 2696 10823
3034 8201 7913 2744 10742
3035 8151 8127 2828 11062
3036 8218 8090 2753 10946
3037 8074 8167 2878 10978
3038 8299 8095 2782 10964
3039 8179 8267 2912 11102
3040 8334 8165 2796 10988
3041 8371 8286 2939 11129
3042 8579 8318 2908 11211
3043 8545 8486 2930 11441
3044 8262 8528 2759 11451
3045 8396 8202 2840 11099
3046 8250 8474 2859 11349
3047 8114 8339 2755 11277
3048 8185 8153 2822 10976
3049 8322 8102 2826 10969
3050 8097 8242 2893 11129
3051 8132 8229 2716 11067
3052 7797 8141 2798 10984
3053 8003 7952 2716 10816
3054 8134 8055 2821 10855
3055 8084 8260 2712 11141
3056 8090 8083 2760 10921
3057 8062 8156 2702 10937
3058 8133 8037 2761 10830
3059 7986 8071 2873 10842
3060 8128 8068 2747 10808
3061 7971 8099 2810 10916
3062 8141 7979 2834 10862
3063 8129 8157 2808 10925
3064 7918 8135 2849 10996
3065 8290 7963 2787 10811
3066 8240 8275 2759 11054
3067 8150 8118 2859 10956
3068 8244 8114 2843 10959
3069 8128 8151 2960 10971
3070 7976 8244 2823 11156
3071 8135 8076 2786 10835
3072 8033 8160 2776 11071
3073 7951 8068 2812 10943
3074 7917 8145 2656 11024
3075 7950 8034 2682 10883
3076 8256 8022 2740 10839
3077 8207 8228 2711 11069
3078 8102 8214 2721 11039
3079 8057 8094 2768 10877
3080 7909 8054 2756 10859
3081 8112 7885 2751 10726
3082 8113 8151 2689 10976
3083 8096 8100 2762 10967
3084 8133 8078 2775 10841
3085 8149 8111 2742 10872
3086 8168 8128 2711 10976
3087 7904 8128 2736 10984
3088 8014 7864 2708 10641
3089 7936 7965 2813 10750
3090 8217 7983 2718 10734
3091 8147 8183 2751 10981
3092 8025 8039 2735 10866
3093 8010 7940 2776 10693
3094 8102 7937 2730 10686
3095 7966 8032 2674 10940
3096 7887 7955 2779 10753
3097 7894 7858 2770 10592
3098 7847 8003 2683 10781
3099 7947 7954 2666 10738
3100 8053 7847 2778 10604
3101 8053 7900 2831 10687
3102 8145 7972 2764 10808
3103 7884 8089 2655 10911
3104 7817 7877 2673 10672
3105 7932 7754 2713 10535
3106 7869 7980 2724 10762
3107 7868 8017 2653 10686
3108 7757 7909 2697 10620
3109 7913 7632 2660 10328
3110 7917 7774 2729 10531
3111 7935 7836 2726 10534
3112 7890 7870 2650 10637
3113 7938 7858 2620 10618
3114 7717 7890 2657 10588
3115 7746 7647 2600 10364
3116 7742 7723 2755 10395
3117 7905 7780 2579 10438
3118 7737 7797 2665 10517
3119 7887 7718 2625 10511
3120 7951 7871 2739 10550
3121 7725 7922 2668 10702
3122 7745 7742 2663 10476
3123 7699 7752 2598 10519
3124 7625 7719 2666 10458
3125 7634 7611 2641 10373
3126 7697 7733 2665 10505
3127 7606 7870 2571 10534
3128 7684 7711 2603 10422
3129 7882 7691 2581 10341
3130 7913 7763 2759 10459
3131 7869 7953 2745 10603
3132 7844 7979 2568 10721
3133 8168 7864 2703 10624
3134 7896 8180 2780 10797
3135 7785 7919 2617 10640
3136 7614 7886 2606 10600
3137 7583 7650 2656 10408
3138 7678 7632 2606 10260
3139 7830 7669 2582 10321
3140 7697 7807 2621 10569
3141 7661 7629 2632 10352
3142 7576 7535 2710 10161
3143 7860 7560 2611 10257
3144 7885 7769 2616 10456
3145 7632 7747 2669 10436
3146 7641 7602 2658 10255
3147 7670 7650 2736 10341
3148 7891 7759 2606 10429
3149 7664 7880 2697 10715
3150 7863 7825 2641 10387
3151 7850 7762 2611 10484
3152 7845 7729 2514 10508
3153 7905 7783 2621 10479
3154 7747 7891 2681 10576
3155 7764 7843 2652 10478
3156 7789 7793 2640 10479
3157 7885 7762 2668 10484
3158 7744 7879 2587 10559
3159 7584 7768 2587 10457
3160 7670 7596 2595 10286
3161 7877 7692 2577 10337
3162 7743 7833 2704 10495
3163 7804 7696 2600 10384
3164 7740 7739 2573 10454
3165 7742 7571 2602 10251
3166 7706 7691 2655 10394
3167 7796 7809 2609 10521
3168 7907 7866 2717 10478
3169 7597 8034 2527 10742
3170 7501 7563 2628 10171
3171 7643 7452 2626 10175
3172 7711 7650 2595 10313
3173 7494 7685 2608 10392
3174 7556 7477 2619 10096
3175 7577 7503 2535 10145
3176 7516 7481 2562 10102
3177 7505 7521 2532 10162
3178 7422 7469 2585 10134
3179 7419 7445 2583 10070
3180 7347 7501 2522 10091
3181 7421 7358 2544 9958
3182 7260 7412 2506 9961
3183 7529 7201 2551 9852
3184 7541 7512 2446 10096
3185 7349 7417 2525 10050
3186 7415 7256 2426 9811
3187 7524 7269 2609 9826
3188 7419 7480 2575 10078
3189 7169 7482 2522 10055
3190 7313 7239 2534 9796
3191 7310 7438 2535 10000
3192 7365 7377 2503 9839
3193 7319 7379 2483 9978
3194 7415 7288 2437 9834
3195 7347 7297 2557 9905
3196 7363 7302 2532 9832
3197 7310 7430 2556 10065
3198 7402 7348 2500 9825
3199 7366 7468 2376 9998
3200 7262 7357 2523 9942
3201 7221 7374 2428 9829
3202 7283 7267 2415 9868
3203 7175 7384 2408 9853
3204 7124 7242 2296 9699
3205 7258 7110 2434 9645
3206 7134 7222 2435 9680
3207 7273 7121 2443 9608
3208 6937 7217 2396 9706
3209 7040 7025 2363 9507
3210 7100 7097 2399 9542
3211 7098 7124 2436 9559
3212 7148 7023 2407 9474
3213 7177 7058 2464 9485
3214 7330 7147 2445 9632
3215 7153 7274 2407 9730
3216 7117 7141 2397 9665
3217 7081 7239 2428 9650
3218 7055 7130 2364 9560
3219 6964 7049 2240 9435
3220 7030 6943 2342 9354
3221 6772 6997 2335 9464
3222 6808 6801 2322 9160
3223 6839 6857 2321 9238
3224 6961 6962 2299 9380
3225 6934 6894 2324 9317
3226 6969 6860 2350 9338
3227 7074 6995 2357 9405
3228 7125 7033 2361 9425
3229 6762 7186 2295 9577
3230 6629 6859 2270 9263
3231 6667 6703 2261 9114
3232 6752 6729 2303 9040
3233 6868 6908 2241 9195
3234 6713 6878 2345 9223
3235 6798 6767 2310 9034
3236 6812 6810 2305 9216
3237 6653 6857 2234 9184
3238 6707 6633 2288 8932
3239 6658 6645 2297 9024
3240 6553 6636 2223 8986
3241 6783 6636 2268 8986
3242 6824 6789 2262 9134
3243 6673 6841 2261 9163
3244 6571 6765 2166 9095
3245 6607 6655 2144 8960
3246 6453 6606 2229 8900
3247 6487 6444 2213 8717
3248 6460 6480 2089 8806
3249 6368 6423 2238 8688
3250 6501 6468 2175 8693
3251 6598 6544 2172 8797
3252 6504 6527 2170 8789
3253 6439 6366 2194 8582
3254 6400 6273 2198 8602
3255 6489 6385 2146 8728
3256 6470 6549 2177 8791
3257 6402 6441 2149 8733
3258 6360 6430 2192 8669
3259 6395 6447 2075 8652
3260 6301 6473 2148 8698
3261 6291 6370 2081 8522
3262 6467 6363 2143 8474
3263 6356 6353 2089 8533
3264 6383 6207 2127 8465
3265 6446 6372 2151 8662
3266 6464 6419 2112 8530
3267 6235 6377 2259 8585
3268 6308 6335 2136 8520
3269 6406 6368 2160 8488
3270 6348 6362 2177 8590
3271 6430 6393 2166 8540
3272 6385 6378 2184 8609
3273 6457 6406 2136 8629
3274 6667 6487 2110 8734
3275 6581 6624 2094 8894
3276 6366 6429 2138 8712
3277 6248 6350 2190 8550
3278 6313 6306 2118 8494
3279 6266 6355 2062 8595
3280 6236 6354 2067 8545
3281 6303 6228 2055 8391
3282 6361 6388 2073 8570
3283 6179 6293 2031 8517
3284 6128 6170 2028 8266
3285 6205 6050 2026 8184
3286 6110 6079 2174 8201
3287 5959 6147 1980 8273
3288 6094 5919 2014 8015
3289 6034 5966 2003 8141
3290 5846 6063 1987 8177
3291 5926 5911 1941 7979
3292 5906 5912 1948 8023
3293 6032 5935 1997 7998
3294 6133 6039 2032 8109
3295 5952 6094 1992 8191
3296 6038 5971 2073 8098
3297 5892 6156 1996 8225
3298 5874 5998 1979 8065
3299 5793 5906 1993 7881
3300 5700 5789 1923 7804
3301 5875 5656 1953 7706
3302 5951 5819 1917 7822
3303 5939 5879 1974 7905
3304 5858 5848 1935 7879
3305 5681 5745 1974 7743
3306 5840 5687 1858 7707
3307 5914 5775 1865 7771
3308 5877 5775 1892 7808
3309 5819 5735 1856 7868
3310 5680 5830 1930 7783
3311 5575 5636 1870 7631
3312 5502 5622 1865 7614
3313 5627 5537 1930 7525
3314 5509 5681 1865 7674
3315 5545 5597 1873 7545
3316 5675 5646 1790 7549
3317 5602 5688 1866 7585
3318 5548 5661 1827 7601
3319 5575 5611 1866 7486
3320 5517 5534 1854 7522
3321 5447 5548 1869 7498
3322 5329 5573 1801 7405
3323 5337 5279 1869 7177
3324 5244 5414 1820 7265
3325 5365 5349 1826 7228
3326 5385 5497 1872 7377
3327 5458 5454 1842 7288
3328 5507 5571 1813 7495
3329 5449 5619 1795 7485
3330 5642 5506 1789 7344
3331 5452 5569 1910 7481
3332 5420 5502 1785 7390
3333 5504 5456 1816 7348
3334 5564 5594 1822 7532
3335 5433 5583 1806 7443
3336 5453 5465 1869 7404
3337 5349 5529 1825 7360
3338 5329 5423 1807 7276
3339 5404 5399 1845 7243
3340 5382 5468 1814 7377
3341 5440 5446 1799 7315
3342 5346 5480 1874 7365
3343 5283 5435 1794 7326
3344 5263 5379 1755 7234
3345 5271 5298 1754 7081
3346 5104 5302 1673 7160
3347 5219 5003 1723 6742
3348 5286 5033 1754 6857
3349 5268 5138 1665 6992
3350 5265 5179 1737 7012
3351 5240 5257 1746 7129
3352 5067 5323 1752 7072
3353 5120 5076 1670 6835
3354 5140 5123 1675 6943
3355 4968 5057 1716 6799
3356 5079 4974 1670 6789
3357 5150 5148 1693 6911
3358 5147 5229 1670 6922
3359 5183 5138 1700 6797
3360 5096 5065 1636 6865
3361 4977 5046 1574 6833
3362 4978 4967 1590 6663
3363 4986 4904 1590 6644
3364 4905 4898 1626 6530
3365 4755 4763 1652 6431
3366 4778 4740 1684 6390
3367 4919 4800 1555 6400
3368 4943 4805 1620 6521
3369 4936 4829 1657 6559
3370 4759 4925 1578 6573
3371 4685 4800 1606 6436
3372 4656 4697 1548 6299
3373 4774 4709 1514 6272
3374 4744 4654 1569 6263
3375 4661 4631 1590 6321
3376 4805 4648 1576 6312
3377 4630 4756 1542 6412
3378 4668 4604 1454 6266
3379 4639 4668 1537 6285
3380 4632 4619 1603 6236
3381 4601 4721 1540 6267
3382 4566 4674 1561 6249
3383 4455 4636 1485 6248
3384 4543 4537 1536 6107
3385 4716 4492 1488 6018
3386 4851 4562 1552 6195
3387 4639 4785 1573 6356
3388 4524 4638 1488 6195
3389 4586 4539 1485 6054
3390 4485 4514 1595 6101
3391 4470 4509 1505 6043
3392 4513 4590 1488 6177
3393 4542 4553 1436 6096
3394 4427 4448 1546 6001
3395 4450 4380 1466 5913
3396 4530 4449 1487 5924
3397 4493 4420 1506 5971
3398 4455 4443 1482 6013
3399 4446 4379 1417 5923
3400 4426 4342 1497 5886
3401 4441 4362 1460 5869
3402 4397 4360 1396 5914
3403 4425 4331 1443 5881
3404 4429 4415 1360 6015
3405 4357 4435 1397 5970
3406 4266 4436 1380 5885
3407 4282 4253 1378 5718
3408 4307 4300 1413 5778
3409 4267 4292 1374 5800
3410 4221 4265 1427 5673
3411 4166 4248 1356 5716
3412 4303 4180 1399 5659
3413 4396 4306 1409 5763
3414 4384 4393 1439 5880
3415 4352 4444 1446 5953
3416 4284 4416 1440 5905
3417 4334 4351 1407 5858
3418 4321 4343 1434 5805
3419 4393 4370 1360 5819
3420 4404 4367 1315 5879
3421 4269 4360 1458 5752
3422 4309 4226 1402 5671
3423 4286 4317 1322 5757
3424 4044 4212 1349 5714
3425 4125 4085 1374 5496
3426 4098 4176 1286 5537
3427 4071 4014 1294 5448
3428 3951 4026 1286 5414
3429 3961 3939 1261 5356
3430 3936 3910 1296 5228
3431 3853 3875 1345 5252
3432 3906 3926 1264 5240
3433 3897 3910 1289 5265
3434 3917 3934 1271 5295
3435 3839 3937 1263 5270
3436 3837 3807 1318 5149
3437 3819 3925 1242 5209
3438 3831 3755 1286 5110
3439 3767 3799 1257 5132
3440 3748 3755 1226 5028
3441 3892 3678 1250 4992
3442 3819 3844 1312 5121
3443 3830 3803 1272 5090
3444 3857 3890 1259 5153
3445 3830 3901 1223 5177
3446 3838 3840 1233 5122
3447 3792 3794 1211 5052
3448 3794 3683 1217 4967
3449 3641 3742 1144 5063
3450 3606 3675 1151 4897
3451 3620 3582 1159 4740
3452 3486 3513 1105 4763
3453 3517 3420 1160 4641
3454 3585 3445 1138 4636
3455 3649 3522 1165 4795
3456 3528 3603 1194 4810
3457 3500 3518 1152 4744
3458 3317 3527 1187 4694
3459 3407 3348 1116 4510
3460 3364 3383 1102 4596
3461 3465 3292 1169 4449
3462 3492 3450 1094 4631
3463 3403 3406 1106 4582
3464 3440 3350 1095 4524
3465 3539 3439 1172 4573
3466 3502 3502 1112 4694
3467 3443 3465 1122 4651
3468 3433 3389 1144 4513
3469 3340 3403 1099 4614
3470 3239 3417 1091 4601
3471 3346 3324 1103 4424
3472 3339 3396 1107 4535
3473 3240 3381 1081 4531
3474 3211 3311 1056 4430
3475 3241 3219 1071 4379
3476 3207 3248 1003 4392
3477 3215 3178 1044 4259
3478 3281 3177 1005 4310
3479 3120 3271 1067 4342
3480 3115 3113 1050 4168
3481 3198 3105 1039 4179
3482 3224 3228 1040 4279
3483 3146 3248 1049 4318
3484 3095 3170 1022 4237
3485 3148 3132 1001 4169
3486 3241 3054 1006 4161
3487 3207 3173 1061 4234
3488 3163 3228 1037 4333
3489 3091 3223 996 4301
3490 3161 3093 967 4110
3491 3050 3110 994 4194
3492 2970 3101 974 4094
3493 3000 2964 929 3970
3494 2912 2976 929 3986
3495 2851 2913 909 3933
3496 2831 2866 936 3843
3497 2815 2838 918 3772
3498 2897 2765 949 3752
3499 2783 2888 930 3894
3500 2789 2824 907 3793
3501 2812 2771 921 3726
3502 2770 2795 973 3769
3503 2670 2852 916 3813
3504 2750 2733 908 3662
3505 2880 2794 878 3784
3506 2842 2880 915 3848
3507 2869 2848 896 3809
3508 2835 2850 884 3789
3509 2840 2845 829 3811
3510 2809 2796 879 3735
3511 2697 2799 874 3748
3512 2711 2712 883 3614
3513 2665 2692 888 3621
3514 2687 2720 925 3607
3515 2743 2753 884 3692
3516 2729 2785 849 3688
3517 2725 2758 840 3648
3518 2670 2657 861 3547
3519 2678 2621 829 3535
3520 2664 2652 895 3588
3521 2641 2735 859 3607
3522 2659 2681 873 3601
3523 2641 2711 800 3600
3524 2592 2693 837 3589
3525 2600 2611 870 3456
3526 2551 2642 876 3528
3527 2564 2580 805 3451
3528 2522 2542 855 3399
3529 2527 2498 787 3361
3530 2574 2489 742 3392
3531 2466 2540 847 3415
3532 2617 2525 790 3304
3533 2584 2561 800 3406
3534 2537 2516 821 3396
3535 2568 2531 830 3357
3536 2522 2610 783 3447
3537 2459 2563 824 3408
3538 2375 2518 789 3360
3539 2376 2417 779 3242
3540 2363 2455 761 3356
3541 2374 2416 706 3212
3542 2391 2381 756 3179
3543 2388 2325 790 3114
3544 2390 2351 697 3183
3545 2303 2332 756 3151
3546 2272 2267 736 3023
3547 2237 2272 735 3054
3548 2324 2253 710 3023
3549 2299 2324 742 3103
3550 2285 2284 751 3012
3551 2279 2266 720 3019
3552 2243 2235 742 2978
3553 2210 2199 794 2960
3554 2203 2253 651 3022
3555 2217 2217 709 2946
3556 2213 2192 782 2907
3557 2239 2220 730 2969
3558 2180 2338 693 3110
3559 2135 2200 655 2939
3560 2251 2146 708 2887
3561 2235 2282 634 3038
3562 2191 2279 660 3020
3563 2133 2178 671 2900
3564 2215 2146 704 2820
3565 2190 2213 727 2946
3566 2193 2209 717 2933
3567 2140 2175 699 2879
3568 2108 2126 666 2860
3569 2076 2065 621 2781
3570 2115 2000 710 2686
3571 2086 2069 663 2763
3572 2030 2034 694 2722
3573 2066 1995 644 2711
3574 2027 2069 644 2786
3575 2000 2067 648 2748
3576 2082 2040 632 2695
3577 2002 2070 672 2721
3578 2062 2010 670 2681
3579 2019 2065 632 2733
3580 2008 2038 637 2663
3581 2065 1959 611 2613
3582 2030 2029 662 2734
3583 2010 2007 635 2677
3584 1891 2003 684 2692
3585 1979 1948 611 2593
3586 1931 1911 640 2572
3587 1864 1862 631 2552
3588 1872 1886 566 2535
3589 1952 1883 624 2511
3590 1929 1930 569 2628
3591 1897 1973 616 2619
3592 1915 1980 675 2584
3593 1881 1940 591 2551
3594 1891 1948 612 2600
3595 1953 1923 611 2531
3596 1803 1908 606 2553
3597 1887 1814 575 2441
3598 1862 1895 592 2552
3599 1796 1863 617 2489
3600 1871 1827 527 2387
3601 1901 1809 605 2450
3602 1932 1872 577 2470
3603 1846 1865 597 2528
3604 1884 1863 568 2466
3605 1845 1895 568 2471
3606 1831 1836 532 2433
3607 1818 1795 549 2373
3608 1838 1753 600 2386
3609 1725 1849 521 2451
3610 1681 1769 543 2373
3611 1661 1728 545 2283
3612 1693 1713 537 2270
3613 1691 1738 535 2318
3614 1642 1757 532 2308
3615 1638 1647 541 2181
3616 1699 1662 532 2218
3617 1653 1710 546 2274
3618 1639 1667 517 2235
3619 1630 1671 536 2195
3620 1614 1658 530 2164
3621 1638 1591 542 2146
3622 1665 1599 499 2150
3623 1652 1643 553 2203
3624 1668 1650 520 2186
3625 1682 1695 507 2254
3626 1693 1718 491 2287
3627 1631 1738 481 2275
3628 1613 1680 515 2186
3629 1518 1614 497 2090
3630 1547 1565 486 2091
3631 1596 1541 497 2073
3632 1496 1634 490 2126
3633 1478 1564 461 2045
3634 1534 1505 438 2019
3635 1433 1534 498 2019
3636 1435 1431 467 1919
3637 1421 1488 424 1979
3638 1487 1447 434 1938
3639 1459 1450 469 1948
3640 1399 1445 425 1893
3641 1494 1413 421 1886
3642 1361 1450 417 1921
3643 1430 1345 404 1819
3644 1280 1388 401 1818
3645 1278 1247 383 1694
3646 1260 1230 395 1657
3647 1257 1259 401 1706
3648 1276 1248 375 1651
3649 1274 1265 395 1688
3650 1243 1258 381 1687
3651 1218 1257 394 1670
3652 1193 1268 399 1684
3653 1200 1260 369 1665
3654 1222 1219 420 1576
3655 1159 1211 336 1642
3656 1195 1149 416 1527
3657 1223 1196 358 1608
3658 1230 1206 384 1598
3659 1145 1203 386 1614
3660 1166 1188 384 1550
3661 1208 1140 381 1527
3662 1205 1205 389 1628
3663 1242 1221 365 1594
3664 1226 1215 367 1608
3665 1224 1160 365 1586
3666 1139 1175 357 1556
3667 1107 1129 369 1508
3668 1230 1123 326 1491
3669 1164 1193 377 1603
3670 1218 1188 316 1551
3671 1197 1156 350 1556
3672 1230 1174 338 1544
3673 1158 1167 348 1550
3674 1116 1126 312 1523
3675 1053 1134 345 1488
3676 1048 1106 337 1448
3677 1062 1104 326 1452
3678 1035 1117 315 1421
3679 1074 1029 335 1392
3680 1098 1067 317 1400
3681 1100 1054 314 1409
3682 1041 1070 300 1442
3683 1001 1015 338 1340
3684 996 1010 312 1363
3685 918 1034 298 1361
3686 978 957 296 1270
3687 951 991 294 1305
3688 951 930 299 1242
3689 934 948 288 1272
3690 889 945 285 1245
3691 905 858 301 1158
3692 903 900 269 1211
3693 913 887 262 1182
3694 818 904 245 1221
3695 849 848 258 1150
3696 876 854 278 1138
3697 863 890 267 1172
3698 853 850 246 1131
3699 832 782 273 1063
3700 780 773 255 1069
3701 809 775 235 1060
3702 835 787 242 1040
3703 820 785 245 1058
3704 834 788 245 1060
3705 848 803 258 1080
3706 804 832 257 1111
3707 744 841 241 1090
3708 778 794 202 1048
3709 777 761 233 1003
3710 727 767 245 1046
3711 714 779 198 1012
3712 742 710 204 948
3713 757 694 202 924
3714 791 725 221 981
3715 704 747 226 1009
3716 666 738 178 992
3717 699 674 196 902
3718 662 690 199 933
3719 659 657 209 875
3720 693 663 205 891
3721 655 693 234 910
3722 680 659 194 901
3723 635 675 189 894
3724 603 618 195 832
3725 653 584 173 810
3726 611 634 206 848
3727 598 611 187 804
3728 583 595 176 805
3729 561 598 183 810
3730 588 593 166 778
3731 620 594 194 779
3732 587 619 185 805
3733 615 592 190 778
3734 607 622 169 809
3735 581 624 187 835
3736 555 618 178 807
3737 598 585 177 768
3738 583 609 153 805
3739 577 598 161 785
3740 547 558 186 757
3741 536 551 170 744
3742 539 554 177 730
3743 595 550 177 719
3744 552 602 205 784
3745 554 584 158 781
3746 545 553 162 740
3747 534 536 170 717
3748 485 545 165 720
3749 515 499 135 661
3750 502 494 177 662
3751 517 494 151 662
3752 495 511 157 687
3753 532 474 155 625
3754 526 520 155 708
3755 495 519 171 702
3756 520 521 143 684
3757 466 537 163 696
3758 422 465 122 626
3759 450 429 126 591
3760 459 472 136 611
3761 439 467 154 600
3762 425 428 122 576
3763 389 433 140 580
3764 411 399 120 535
3765 394 402 126 528
3766 354 398 119 540
3767 354 362 118 490
3768 369 379 97 498
3769 346 350 115 481
3770 354 343 100 472
3771 366 348 95 464
3772 376 331 111 444
3773 344 366 109 485
3774 331 339 118 443
3775 343 338 123 443
3776 386 327 107 449
3777 348 373 91 509
3778 350 324 111 444
3779 364 332 123 450
3780 360 364 88 472
3781 365 338 91 448
3782 315 323 108 448
3783 320 304 94 412
3784 317 317 96 427
3785 321 313 78 411
3786 321 292 99 396
3787 246 302 94 403
3788 254 261 74 349
3789 266 256 94 341
3790 287 269 95 357
3791 281 299 74 382
3792 307 265 101 360
3793 280 309 86 403
3794 234 279 82 384
3795 263 251 86 331
3796 254 262 79 350
3797 248 268 84 370
3798 261 278 73 345
3799 254 264 76 355
3800 218 270 67 350
3801 234 223 79 301
3802 236 247 69 321
3803 245 225 68 314
3804 225 255 72 330
3805 213 232 65 304
3806 213 219 65 290
3807 241 217 67 295
3808 236 247 83 329
3809 237 256 65 334
3810 198 246 68 324
3811 215 185 60 250
3812 203 191 61 271
3813 184 208 74 284
3814 195 214 51 276
3815 200 205 58 259
3816 183 203 47 260
3817 192 175 40 232
3818 152 175 68 233
3819 174 155 40 223
3820 187 189 44 251
3821 177 187 47 238
3822 177 181 47 242
3823 166 182 52 222
3824 176 157 44 209
3825 156 167 43 239
3826 162 150 48 195
3827 154 158 35 206
3828 129 149 48 218
3829 134 138 38 183
3830 156 140 45 178
3831 145 157 45 205
3832 154 160 34 205
3833 150 164 51 203
3834 158 155 39 203
3835 147 164 49 221
3836 148 161 46 204
3837 135 159 38 199
3838 138 150 37 189
3839 137 133 41 176
3840 113 131 38 169
3841 120 96 35 146
3842 133 109 36 165
3843 140 143 39 179
3844 126 145 41 181
3845 108 121 28 155
3846 117 111 34 155
3847 133 125 37 161
3848 133 130 37 169
3849 118 132 31 175
3850 122 111 26 142
3851 109 104 30 139
3852 90 97 30 137
3853 87 87 28 109
3854 80 90 34 119
3855 84 93 29 123
3856 88 102 18 137
3857 85 87 29 120
3858 78 92 23 120
3859 77 87 32 113
3860 78 85 24 116
3861 64 82 24 111
3862 85 64 22 92
3863 85 80 29 107
3864 87 78 30 105
3865 85 87 27 113
3866 89 86 30 122
3867 67 91 18 118
3868 74 66 9 97
3869 80 64 30 91
3870 64 77 30 103
3871 85 71 28 95
3872 69 88 31 114
3873 79 89 20 110
3874 86 96 25 117
3875 78 84 34 111
3876 83 87 24 114
3877 96 92 26 121
3878 83 87 19 113
3879 96 72 28 98
3880 71 87 21 113
3881 89 75 19 107
3882 82 96 20 118
3883 77 90 21 113
3884 75 74 13 97
3885 60 66 24 86
3886 63 54 15 75
3887 60 61 16 82
3888 69 43 19 60
3889 81 58 20 87
3890 63 75 26 95
3891 62 66 19 90
3892 60 63 19 85
3893 67 60 18 95
3894 67 73 26 93
3895 65 81 18 111
3896 64 86 22 110
3897 71 74 15 92
3898 49 67 23 97
3899 47 56 24 77
3900 51 67 17 93
3901 47 65 14 79
3902 40 52 10 71
3903 39 42 16 59
3904 26 48 18 69
3905 32 43 14 54
3906 45 44 14 56
3907 52 58 14 76
3908 52 60 17 68
3909 54 43 17 56
3910 44 51 16 76
3911 45 43 14 63
3912 43 41 9 54
3913 38 41 13 56
3914 37 39 14 50
3915 31 38 14 50
3916 27 32 13 48
3917 27 31 14 45
3918 38 31 12 43
3919 40 41 14 54
3920 31 39 16 52
3921 34 36 9 47
3922 43 35 11 45
3923 36 44 6 58
3924 26 34 8 45
3925 26 30 3 45
3926 22 26 3 33
3927 19 15 3 26
3928 20 16 5 19
3929 13 14 6 22
3930 14 9 3 16
3931 25 12 7 17
3932 20 21 7 28
3933 13 17 7 24
3934 16 16 4 22
3935 18 17 4 24
3936 12 18 8 21
3937 22 13 3 21
3938 17 23 6 27
3939 14 17 8 24
3940 20 14 11 20
3941 17 22 5 27
3942 13 14 6 26
3943 13 13 9 19
3944 23 13 4 19
3945 22 23 6 30
3946 19 18 3 25
3947 19 17 4 22
3948 18 14 2 20
3949 12 14 10 19
3950 6 14 4 17
3951 8 6 9 13
3952 11 7 3 11
3953 9 10 5 14
3954 11 10 3 18
3955 13 15 1 21
3956 15 14 7 16
3957 10 12 4 18
3958 9 10 2 18
3959 12 11 4 16
3960 17 16 3 21
3961 8 20 1 23
3962 7 8 1 14
3963 10 10 3 12
3964 12 10 1 14
3965 14 10 5 16
3966 12 16 5 17
3967 18 17 1 20
3968 14 15 4 18
3969 14 16 7 22
3970 7 21 1 25
3971 12 13 4 17
3972 13 16 2 17
3973 12 15 1 16
3974 7 10 1 14
3975 10 5 2 6
3976 11 9 2 11
3977 8 13 2 16
3978 7 10 0 12
3979 5 6 0 8
3980 3 3 1 4
3981 1 2 0 5
3982 2 1 2 2
3983 4 3 1 5
3984 2 6 3 8
3985 3 7 1 8
3986 3 4 0 5
3987 2 4 1 5
3988 1 1 0 1
3989 2 0 0 1
3990 5 1 3 2
3991 5 6 1 7
3992 6 2 0 5
3993 1 3 1 6
3994 1 0 1 3
3995 3 2 0 2
3996 2 2 1 3
3997 5 1 0 2
3998 3 2 0 5
3999 5 2 2 3
4000 2 5 2 6
4001 3 3 1 4
4002 2 2 1 3
4003 4 1 1 4
4004 1 4 1 5
4005 2 2 1 2
4006 2 1 6 1
4007 4 3 3 3
4008 6 5 3 7
4009 8 6 3 7
4010 12 8 1 10
4011 12 7 4 9
4012 4 8 0 13
4013 5 3 0 4
4014 8 3 2 5
4015 9 6 2 7
4016 7 9 1 11
4017 5 6 0 8
4018 3 5 2 5
4019 1 4 0 5
4020 2 2 3 2
4021 2 4 1 4
4022 3 4 1 5
4023 5 4 0 4
4024 6 6 0 8
4025 3 7 1 8
4026 4 2 0 3
4027 1 3 2 4
4028 1 2 0 2
4029 7 1 1 2
4030 5 6 1 6
4031 3 3 0 5
4032 2 2 3 2
4033 5 2 2 2
4034 3 4 0 8
4035 0 3 1 3
4036 1 1 0 1
4037 1 2 0 2
4038 0 1 0 1
4039 2 0 4 1
4040 3 5 1 5
4041 3 5 3 5
4042 1 4 2 6
4043 4 4 0 6
4044 1 5 1 7
4045 1 1 0 1
4046 1 1 0 1
4047 2 0 0 1
4048 1 2 1 3
4049 2 1 1 1
4050 3 2 1 3
4051 3 3 1 4
4052 3 2 1 2
4053 5 1 3 2
4054 7 6 1 6
4055 8 5 4 6
4056 7 8 1 10
4057 6 8 1 11
4058 3 6 0 8
4059 2 2 1 2
4060 4 1 1 1
4061 2 3 1 3
4062 0 2 1 2
4064 1 0 0 0
4065 0 0 1 0
4066 2 0 1 1
4067 7 3 1 3
4068 7 8 1 9
4069 4 7 1 8
4070 12 2 1 2
4071 8 10 1 13
4072 7 6 1 6
4073 6 4 1 7
4074 2 5 3 8
4075 3 5 0 6
4076 4 3 1 3
4077 4 5 1 7
4078 3 5 2 6
4079 2 4 1 4
4080 3 2 1 3
4081 8 2 0 5
4082 4 5 2 7
4083 7 2 0 4
4084 4 4 2 7
4085 3 3 1 6
4086 5 3 1 4
4087 3 4 0 5
4088 1 2 1 5
4089 1 1 0 1
4090 1 0 0 1
4091 0 0 0 1
