0 0.23834228515625
1 0.2387542724609375
2 0.2403106689453125
3 0.243896484375
4 0.2415008544921875
5 0.241943359375
6 0.241912841796875
7 0.2396392822265625
8 0.2403106689453125
9 0.239959716796875
10 0.2397308349609375
11 0.23931884765625
12 0.23785400390625
13 0.2417144775390625
14 0.2418975830078125
15 0.23828125
16 0.2395477294921875
17 0.2411651611328125
18 0.23699951171875
19 0.2426605224609375
20 0.239776611328125
21 0.2401885986328125
22 0.24298095703125
23 0.24072265625
24 0.237335205078125
25 0.2417144775390625
26 0.2368011474609375
27 0.2381591796875
28 0.24102783203125
29 0.2425689697265625
30 0.236846923828125
31 0.238250732421875
32 0.2401580810546875
33 0.2421722412109375
34 0.2401123046875
35 0.238189697265625
36 0.2366790771484375
37 0.2383575439453125
38 0.242279052734375
39 0.239471435546875
40 0.241180419921875
41 0.243316650390625
42 0.2392730712890625
43 0.2410736083984375
44 0.237518310546875
45 0.237396240234375
46 0.238800048828125
47 0.2419891357421875
48 0.239776611328125
49 0.238067626953125
50 0.2401885986328125
51 0.241485595703125
52 0.2393341064453125
53 0.2409515380859375
54 0.240142822265625
55 0.240753173828125
56 0.23876953125
57 0.2381439208984375
58 0.2396392822265625
59 0.2387237548828125
60 0.2402191162109375
61 0.240997314453125
62 0.241363525390625
63 0.239288330078125
