0 255229809 0 0 0
1 141524580 255249288 40625389 255249288
2 71241742 141513547 36436081 141513547
3 45284342 71232539 27127909 106867289
4 29323478 45283895 18515314 76448633
5 19385222 29327926 12422730 54116159
6 13045268 19380111 8298720 38156899
7 8895667 13038926 5565770 26966634
8 6118224 8895250 3755880 19090482
9 4239539 6120274 2540778 13520009
10 2956612 4239910 1731287 9592720
11 2067874 2957632 1182734 6809727
12 1447574 2066647 811150 4835085
13 1018554 1448354 558500 3435820
14 717275 1018757 385608 2443344
15 505254 716384 267228 1736625
16 356140 504036 185756 1232879
17 251762 355688 128550 878108
18 178648 251862 89818 624910
19 125951 178177 62755 444581
20 89816 125872 43601 316003
21 63397 89141 30876 225142
22 44840 63333 21422 160547
23 31909 44864 15109 114145
24 22678 32107 10563 81474
25 16322 22543 7486 57818
26 11569 16237 5236 41379
27 8226 11461 3611 29224
28 5593 8060 2625 20868
29 4022 5645 1770 14819
30 2931 4035 1313 10520
31 1989 2937 947 7634
32 1464 2099 660 5353
33 1111 1496 513 3816
34 757 1025 345 2806
35 586 759 223 2012
36 374 557 147 1465
37 273 366 117 964
38 173 249 80 695
39 144 185 44 492
40 84 147 44 365
41 74 92 19 261
42 59 74 17 180
43 35 51 10 131
44 28 38 11 89
45 21 27 7 76
46 22 22 3 47
47 13 17 2 41
48 9 7 1 28
49 3 6 1 14
50 2 2 2 12
51 1 4 0 7
52 1 1 0 5
53 0 1 1 3
54 1 0 1 1
55 0 0 2 2
56 0 1 0 4
57 0 0 0 1
58 1 1 0 2
59 0 0 1 0
61 0 0 0 1
65 0 0 0 1
66 1 0 0 0
67 0 0 0 1
69 0 0 0 1
