0 1.0 0.0 255229809
1 -0.062188016016680156 1.3363374466679463 437399257
2 0.055595697395138526 1.672429727351116 249191370
3 -0.1541068824696895 2.5052496204228003 179279540
4 -0.2533744101625728 3.0273579273675133 124287425
5 -0.37559658894812425 3.5943830280351268 85924111
6 -0.48116790258941855 4.047072775331915 59500887
7 -0.6094067956965701 4.616008939468128 41428071
8 -0.7196784721866903 5.079900718347472 28964586
9 -0.8436419690994125 5.6572324997793535 20300326
10 -0.9511165447380117 6.1375417371088705 14280619
11 -1.0668138784642858 6.73465443400371 10060335
12 -1.1705928366551734 7.255174133803602 7093809
13 -1.279379453782401 7.898608413308308 5012874
14 -1.378645529459902 8.462193140181332 3546227
15 -1.483085814993143 9.16660027669023 2509107
16 -1.5744863433392966 9.780735538934657 1774775
17 -1.6779914495955246 10.513662410950232 1258420
18 -1.761316623683645 11.209545128741494 893376
19 -1.8611008910651885 12.018637707201894 633287
20 -1.951308352988296 12.797391038868861 449420
21 -2.0366012867272985 13.688302347594416 319415
22 -2.1290865882747156 14.426881661964442 226809
23 -2.2146088121963476 15.409407401280472 161163
24 -2.292455215098287 16.16795902879891 114715
25 -2.351493396711832 17.26589938199766 81626
26 -2.4462051423071633 18.117757838846096 58184
27 -2.519081366747035 18.96252647887664 41061
28 -2.64584336106718 20.251214758383863 29086
29 -2.713017320848091 21.1257822256473 20611
30 -2.7449878081820644 22.255004002831583 14764
31 -2.8846736045411543 23.759169075112172 10570
32 -2.831081984753243 24.01332841336677 7477
33 -2.8685661764705883 25.307908973561847 5440
34 -3.09646878198567 27.121962965504455 3908
35 -3.2077277561148527 29.691694978701413 2821
36 -3.306143001007049 28.867001538463096 1986
37 -3.3559822747415065 32.37253806763263 1354
38 -3.3491561181434597 31.261001397568055 948
39 -3.427941176470588 32.468336937716266 680
40 -3.6490872210953347 35.935683751013165 493
41 -3.827683615819209 36.21606977560726 354
42 -3.7890625 43.16644287109375 256
43 -4.0227272727272725 42.30630165289256 176
44 -3.53125 38.8896484375 128
45 -3.576923076923077 35.87869822485207 104
46 -3.111111111111111 36.98765432098766 72
47 -3.0714285714285716 24.387755102040813 56
48 -5.0 64.6842105263158 38
49 -5.277777777777778 66.64506172839506 18
50 -4.9375 63.80859375 16
51 -2.5 11.75 8
52 -10.666666666666666 101.22222222222221 6
53 -4.75 29.1875 4
54 -5.333333333333333 93.55555555555556 3
55 -1.25 24.1875 4
56 -5.25 32.1875 4
57 -28.0 0.0 1
58 -0.6666666666666666 1.5555555555555554 3
59 10.0 0.0 1
61 -5.0 0.0 1
65 -4.0 0.0 1
66 1.0 0.0 1
67 -2.0 0.0 1
69 -3.0 0.0 1
