0 0.2618408203125
1 0.260009765625
2 0.2634124755859375
3 0.2598114013671875
4 0.2610626220703125
5 0.261016845703125
6 0.2587127685546875
7 0.2602386474609375
8 0.2604217529296875
9 0.258758544921875
10 0.260467529296875
11 0.26019287109375
12 0.262603759765625
13 0.259674072265625
14 0.2612457275390625
15 0.2569732666015625
16 0.2559967041015625
17 0.256561279296875
18 0.257598876953125
19 0.2603302001953125
20 0.259857177734375
21 0.260498046875
22 0.2598419189453125
23 0.2598724365234375
24 0.25860595703125
25 0.2618408203125
26 0.2573699951171875
27 0.2638397216796875
28 0.2559356689453125
29 0.2598419189453125
30 0.2593994140625
31 0.259521484375
32 0.25762939453125
33 0.25897216796875
34 0.260650634765625
35 0.2602081298828125
36 0.258270263671875
37 0.262420654296875
38 0.25927734375
39 0.2618560791015625
40 0.2602691650390625
41 0.26287841796875
42 0.2602691650390625
43 0.25787353515625
44 0.25933837890625
45 0.260772705078125
46 0.2616424560546875
47 0.2579345703125
48 0.259490966796875
49 0.26153564453125
50 0.26055908203125
51 0.2587890625
52 0.258880615234375
53 0.2611083984375
54 0.2609710693359375
55 0.2606353759765625
56 0.25909423828125
57 0.25811767578125
58 0.2591094970703125
59 0.260498046875
60 0.2627105712890625
61 0.2584381103515625
62 0.2634429931640625
63 0.2603759765625
