0 1.0 -1.0 241966759
1 -0.03533583400910574 1.3645862567738671 421552184
2 0.10486445466415939 1.717797602664586 249781483
3 -0.08577549773442049 2.60779421641328 188573607
4 -0.16953197446825422 3.1744036967046703 137231039
5 -0.2773004811111855 3.760308725317287 99625204
6 -0.3702758546040047 4.222943989558953 72448818
7 -0.4881126940376725 4.7515532220126495 52962589
8 -0.5897026814664549 5.1662108704700005 38888124
9 -0.7056887921517244 5.642492966989467 28650370
10 -0.8078611530419484 6.00810445442683 21161832
11 -0.9189406794948216 6.459761383926706 15660605
12 -1.0171736055398206 6.8076488723713116 11609618
13 -1.122039393582752 7.247375396089211 8615718
14 -1.2164832463475497 7.592012637345202 6402962
15 -1.318963804155116 8.041395548609831 4765547
16 -1.4090061509600729 8.411260030099804 3548064
17 -1.504248474269865 8.880154660182683 2647421
18 -1.5960068057742582 9.257138641264222 1971855
19 -1.6822714777496817 9.774220125313303 1470743
20 -1.7703113429836936 10.208805760035577 1097921
21 -1.852039179375321 10.788238926163176 819717
22 -1.9425453903191305 11.279127173592588 611474
23 -2.012738630367336 11.781183202165982 456721
24 -2.0905773764940063 12.310621883889915 343121
25 -2.1835670454280316 12.953383712619278 257154
26 -2.250820652880739 13.488067972860371 192225
27 -2.3529958907152375 14.048169521509568 144064
28 -2.4129432193737514 14.844010970017347 107114
29 -2.5119993029450574 15.314332760897951 80338
30 -2.559304515978462 16.106432199793154 59987
31 -2.7010669774948446 16.53382180632234 44612
32 -2.6591964526470324 17.246268966577045 33377
33 -2.784721392440355 18.071567222367815 25107
34 -2.882337345564452 18.901734616873522 18859
35 -2.8462549277266755 19.354619918989346 14459
36 -3.0197661469933186 20.73873233309007 10776
37 -3.130079255252233 21.124166071221442 7949
38 -3.1570111915734036 22.575777262421596 6076
39 -3.180561848663344 22.81540199665352 4414
40 -3.2421669106881406 23.861626919390343 3415
41 -3.1511957843534657 25.43948437165497 2467
42 -3.6376969038566 25.157896615830765 1841
43 -3.562330623306233 25.45970946159369 1476
44 -3.5987544483985765 25.85149155912405 1124
45 -3.468557336621455 28.37595120119338 811
46 -3.3930434782608696 24.430164083175903 575
47 -3.58974358974359 27.04333273564034 429
48 -3.8035714285714284 33.61926020408157 336
49 -3.9491525423728815 32.41008330939384 236
50 -3.6307692307692307 35.891439842209 195
51 -4.875862068965517 35.16228299643287 145
52 -3.4782608695652173 39.93383742911153 92
53 -2.8208955223880596 34.63733570951214 67
54 -4.90566037735849 30.13314346742611 53
55 -3.1041666666666665 33.74913194444445 48
56 -3.764705882352941 35.53633217993081 34
57 -4.869565217391305 53.27032136105859 23
58 -4.235294117647059 26.71280276816609 17
59 -2.8 35.52 10
60 -11.0 -9.909090909090907 11
61 -7.111111111111111 55.9753086419753 9
62 -2.272727272727273 45.396694214876035 11
63 -8.375 6.84375 8
64 -2.3333333333333335 -1.8888888888888902 6
65 -8.666666666666666 94.44444444444447 3
66 -1.0 0.5 4
67 -8.5 -16.0 2
