0 0 0
1 2.1379508579844297 0.0
2 2.3234713271420815 0.0
3 2.5930354854646227 -0.6667790731523043
4 2.82908766465886 -0.8752581931695785
5 3.017255457687614 -1.085539072883218
6 3.164890938341665 -1.2455310797610586
7 3.2776269300944456 -1.426876732669241
8 3.3688172240903795 -1.5717775529121738
9 3.4334513707399594 -1.7316925401621879
10 3.483565095340796 -1.8636796594533107
11 3.5221830232547084 -2.0100015328916423
12 3.549099384960292 -2.1323371860380043
13 3.5652238693423968 -2.267153641796801
14 3.5744286666158285 -2.3837486349647574
15 3.579764600919635 -2.513396460464036
16 3.5874253866701844 -2.6254793447785603
17 3.5880004873419344 -2.747746060218382
18 3.585521512328574 -2.8555821706457305
19 3.5821723533828314 -2.9726898634493173
20 3.5896276096310387 -3.0765399783338405
21 3.585902455609296 -3.19151142411468
22 3.5883640069540195 -3.2985649741209215
23 3.5770957175785516 -3.3926554572572214
24 3.568179947880949 -3.4971246331574752
25 3.564563897527025 -3.6122328092473808
26 3.547129519268971 -3.6967320556861325
27 3.536441767611829 -3.8140251528279423
28 3.5691915513474144 -3.910349657884812
29 3.5759979851404107 -4.015453327378294
30 3.566488473103909 -4.076152208748894
31 3.4938719927371764 -4.228067377017801
32 3.585718589936728 -4.228920325063422
33 3.4225181598062955 -4.364791702285291
34 3.5002727768685213 -4.512008485491325
35 3.477077363896848 -4.522613568140884
36 3.52219074598678 -4.622085407388001
37 3.4699599465954605 -4.851885098743267
38 3.5786713286713288 -4.8429771348576764
39 3.536523929471033 -4.914452365521711
40 3.437888198757764 -5.029806884970613
41 3.4549180327868854 -4.968860164512338
42 3.4966887417218544 -5.440122044241037
43 3.711864406779661 -5.358166189111748
44 3.204081632653061 -5.390428211586902
45 3.5789473684210527 -5.275741710296684
46 3.0833333333333335 -4.880382775119617
47 3.641025641025641 -5.5514950166112955
48 3.4 -5.776371308016878
49 4.0 -5.898809523809524
50 3.473684210526316 -6.125984251968504
51 4.7 -6.495575221238938
52 4.888888888888889 -5.59375
53 2.3333333333333335 -5.023809523809524
54 3.0 -7.026315789473684
55 3.1666666666666665 -5.32258064516129
56 4.0 -5.56
57 5.0 -7.8125
58 3.0 -6.25
59 0 -5.0
60 3.0 -13.777777777777779
61 0 -13.4
62 3.0 -4.285714285714286
63 3.0 -14.4
64 0 -3.0
65 2.0 -13.5
66 0 -1.3333333333333333
67 0 -8.0
