0 0.5409698486328125
1 0.541473388671875
2 0.5390625
3 0.5435333251953125
4 0.5428314208984375
5 0.5423583984375
6 0.5392608642578125
7 0.5378875732421875
8 0.5404510498046875
9 0.5397186279296875
10 0.5423583984375
11 0.542022705078125
12 0.5400390625
13 0.53936767578125
14 0.5376739501953125
15 0.5386962890625
16 0.5372772216796875
17 0.539794921875
18 0.5410614013671875
19 0.5376434326171875
20 0.5408172607421875
21 0.5389862060546875
22 0.537567138671875
23 0.5397796630859375
24 0.5388336181640625
25 0.5410003662109375
26 0.5419921875
27 0.539093017578125
28 0.539581298828125
29 0.5450592041015625
30 0.5411376953125
31 0.5386810302734375
32 0.5400390625
33 0.5430755615234375
34 0.5401611328125
35 0.54058837890625
36 0.53936767578125
37 0.540435791015625
38 0.540069580078125
39 0.53851318359375
40 0.5398712158203125
41 0.5384368896484375
42 0.537689208984375
43 0.5396881103515625
44 0.541748046875
45 0.5393218994140625
46 0.53863525390625
47 0.542816162109375
48 0.5380096435546875
49 0.5384521484375
50 0.5423583984375
51 0.538726806640625
52 0.5382232666015625
53 0.5433197021484375
54 0.5417327880859375
55 0.538116455078125
56 0.5436859130859375
57 0.541717529296875
58 0.540191650390625
59 0.5424041748046875
60 0.53997802734375
61 0.53729248046875
62 0.5404815673828125
63 0.538116455078125
