-2451 1
-2450 0
-2449 0
-2448 0
-2447 0
-2446 0
-2445 0
-2444 0
-2443 0
-2442 0
-2441 0
-2440 0
-2439 0
-2438 0
-2437 0
-2436 0
-2435 0
-2434 0
-2433 0
-2432 0
-2431 0
-2430 0
-2429 0
-2428 0
-2427 0
-2426 0
-2425 0
-2424 0
-2423 0
-2422 0
-2421 0
-2420 0
-2419 0
-2418 0
-2417 0
-2416 0
-2415 0
-2414 0
-2413 0
-2412 0
-2411 0
-2410 0
-2409 0
-2408 0
-2407 0
-2406 0
-2405 0
-2404 0
-2403 0
-2402 0
-2401 0
-2400 0
-2399 0
-2398 0
-2397 0
-2396 0
-2395 0
-2394 0
-2393 0
-2392 0
-2391 0
-2390 0
-2389 0
-2388 0
-2387 0
-2386 0
-2385 0
-2384 0
-2383 0
-2382 0
-2381 0
-2380 0
-2379 0
-2378 0
-2377 0
-2376 0
-2375 0
-2374 0
-2373 0
-2372 0
-2371 0
-2370 0
-2369 0
-2368 0
-2367 0
-2366 0
-2365 0
-2364 0
-2363 0
-2362 0
-2361 0
-2360 0
-2359 0
-2358 0
-2357 0
-2356 0
-2355 0
-2354 0
-2353 0
-2352 0
-2351 0
-2350 0
-2349 0
-2348 0
-2347 0
-2346 0
-2345 0
-2344 0
-2343 0
-2342 0
-2341 0
-2340 0
-2339 0
-2338 0
-2337 0
-2336 0
-2335 0
-2334 0
-2333 0
-2332 0
-2331 0
-2330 0
-2329 0
-2328 0
-2327 0
-2326 0
-2325 1
-2324 0
-2323 0
-2322 0
-2321 0
-2320 0
-2319 0
-2318 0
-2317 0
-2316 0
-2315 0
-2314 0
-2313 0
-2312 0
-2311 0
-2310 0
-2309 0
-2308 0
-2307 0
-2306 0
-2305 0
-2304 0
-2303 0
-2302 0
-2301 0
-2300 0
-2299 0
-2298 0
-2297 0
-2296 0
-2295 0
-2294 0
-2293 0
-2292 0
-2291 0
-2290 0
-2289 1
-2288 0
-2287 0
-2286 0
-2285 0
-2284 0
-2283 0
-2282 0
-2281 0
-2280 0
-2279 0
-2278 0
-2277 0
-2276 0
-2275 0
-2274 0
-2273 0
-2272 0
-2271 0
-2270 0
-2269 0
-2268 0
-2267 0
-2266 0
-2265 0
-2264 0
-2263 0
-2262 0
-2261 0
-2260 0
-2259 0
-2258 0
-2257 0
-2256 0
-2255 0
-2254 0
-2253 0
-2252 0
-2251 0
-2250 0
-2249 0
-2248 0
-2247 0
-2246 0
-2245 0
-2244 0
-2243 0
-2242 0
-2241 0
-2240 0
-2239 0
-2238 0
-2237 0
-2236 0
-2235 0
-2234 0
-2233 0
-2232 0
-2231 0
-2230 0
-2229 0
-2228 0
-2227 0
-2226 0
-2225 0
-2224 0
-2223 0
-2222 0
-2221 0
-2220 0
-2219 0
-2218 0
-2217 0
-2216 0
-2215 0
-2214 0
-2213 0
-2212 0
-2211 0
-2210 0
-2209 0
-2208 0
-2207 0
-2206 0
-2205 0
-2204 0
-2203 0
-2202 0
-2201 0
-2200 0
-2199 0
-2198 0
-2197 0
-2196 0
-2195 0
-2194 0
-2193 0
-2192 0
-2191 0
-2190 1
-2189 1
-2188 0
-2187 0
-2186 0
-2185 0
-2184 0
-2183 0
-2182 0
-2181 0
-2180 0
-2179 0
-2178 0
-2177 0
-2176 0
-2175 1
-2174 0
-2173 0
-2172 1
-2171 0
-2170 0
-2169 0
-2168 0
-2167 0
-2166 0
-2165 0
-2164 0
-2163 0
-2162 0
-2161 0
-2160 0
-2159 0
-2158 0
-2157 0
-2156 0
-2155 0
-2154 0
-2153 0
-2152 0
-2151 0
-2150 0
-2149 0
-2148 0
-2147 0
-2146 0
-2145 0
-2144 0
-2143 0
-2142 0
-2141 0
-2140 0
-2139 0
-2138 0
-2137 0
-2136 0
-2135 0
-2134 0
-2133 1
-2132 0
-2131 0
-2130 0
-2129 0
-2128 0
-2127 0
-2126 1
-2125 0
-2124 0
-2123 0
-2122 0
-2121 0
-2120 0
-2119 0
-2118 0
-2117 0
-2116 0
-2115 0
-2114 0
-2113 0
-2112 0
-2111 0
-2110 0
-2109 0
-2108 0
-2107 0
-2106 0
-2105 0
-2104 0
-2103 0
-2102 0
-2101 0
-2100 0
-2099 0
-2098 0
-2097 0
-2096 0
-2095 0
-2094 0
-2093 2
-2092 0
-2091 0
-2090 0
-2089 1
-2088 0
-2087 0
-2086 0
-2085 0
-2084 0
-2083 1
-2082 0
-2081 1
-2080 0
-2079 0
-2078 0
-2077 0
-2076 0
-2075 0
-2074 0
-2073 0
-2072 0
-2071 0
-2070 0
-2069 0
-2068 0
-2067 0
-2066 0
-2065 0
-2064 0
-2063 0
-2062 0
-2061 0
-2060 0
-2059 0
-2058 0
-2057 0
-2056 0
-2055 0
-2054 0
-2053 0
-2052 0
-2051 0
-2050 0
-2049 0
-2048 0
-2047 0
-2046 0
-2045 0
-2044 0
-2043 0
-2042 1
-2041 0
-2040 0
-2039 0
-2038 0
-2037 0
-2036 0
-2035 1
-2034 1
-2033 0
-2032 0
-2031 0
-2030 0
-2029 0
-2028 0
-2027 0
-2026 0
-2025 0
-2024 0
-2023 0
-2022 0
-2021 0
-2020 0
-2019 0
-2018 0
-2017 0
-2016 0
-2015 0
-2014 0
-2013 0
-2012 0
-2011 0
-2010 0
-2009 0
-2008 0
-2007 0
-2006 0
-2005 0
-2004 1
-2003 0
-2002 0
-2001 0
-2000 0
-1999 0
-1998 0
-1997 0
-1996 1
-1995 0
-1994 0
-1993 0
-1992 0
-1991 0
-1990 0
-1989 0
-1988 0
-1987 0
-1986 1
-1985 0
-1984 0
-1983 0
-1982 0
-1981 0
-1980 1
-1979 0
-1978 0
-1977 0
-1976 0
-1975 0
-1974 0
-1973 0
-1972 0
-1971 0
-1970 0
-1969 0
-1968 1
-1967 0
-1966 0
-1965 0
-1964 1
-1963 0
-1962 0
-1961 0
-1960 0
-1959 0
-1958 1
-1957 0
-1956 1
-1955 0
-1954 2
-1953 0
-1952 1
-1951 0
-1950 0
-1949 0
-1948 0
-1947 0
-1946 2
-1945 0
-1944 0
-1943 0
-1942 0
-1941 2
-1940 0
-1939 0
-1938 1
-1937 0
-1936 0
-1935 0
-1934 0
-1933 0
-1932 0
-1931 0
-1930 0
-1929 1
-1928 0
-1927 0
-1926 0
-1925 0
-1924 1
-1923 0
-1922 1
-1921 1
-1920 0
-1919 0
-1918 0
-1917 0
-1916 0
-1915 0
-1914 4
-1913 0
-1912 1
-1911 0
-1910 0
-1909 1
-1908 1
-1907 0
-1906 1
-1905 0
-1904 0
-1903 0
-1902 0
-1901 1
-1900 0
-1899 0
-1898 0
-1897 1
-1896 0
-1895 0
-1894 0
-1893 0
-1892 0
-1891 0
-1890 2
-1889 0
-1888 1
-1887 0
-1886 0
-1885 0
-1884 0
-1883 0
-1882 2
-1881 0
-1880 0
-1879 0
-1878 0
-1877 1
-1876 1
-1875 0
-1874 0
-1873 1
-1872 0
-1871 0
-1870 1
-1869 3
-1868 0
-1867 0
-1866 0
-1865 0
-1864 1
-1863 1
-1862 0
-1861 0
-1860 0
-1859 0
-1858 0
-1857 0
-1856 0
-1855 0
-1854 0
-1853 1
-1852 1
-1851 0
-1850 0
-1849 0
-1848 0
-1847 0
-1846 0
-1845 0
-1844 0
-1843 1
-1842 1
-1841 0
-1840 2
-1839 0
-1838 0
-1837 0
-1836 1
-1835 0
-1834 1
-1833 0
-1832 0
-1831 0
-1830 1
-1829 0
-1828 0
-1827 0
-1826 1
-1825 1
-1824 0
-1823 0
-1822 0
-1821 1
-1820 1
-1819 0
-1818 0
-1817 0
-1816 0
-1815 0
-1814 1
-1813 0
-1812 0
-1811 0
-1810 1
-1809 0
-1808 1
-1807 1
-1806 0
-1805 0
-1804 0
-1803 1
-1802 0
-1801 1
-1800 0
-1799 0
-1798 0
-1797 0
-1796 0
-1795 2
-1794 0
-1793 0
-1792 0
-1791 0
-1790 1
-1789 0
-1788 0
-1787 0
-1786 1
-1785 0
-1784 0
-1783 1
-1782 1
-1781 0
-1780 0
-1779 0
-1778 0
-1777 1
-1776 0
-1775 1
-1774 1
-1773 0
-1772 1
-1771 0
-1770 0
-1769 1
-1768 0
-1767 0
-1766 1
-1765 0
-1764 0
-1763 1
-1762 0
-1761 0
-1760 0
-1759 0
-1758 0
-1757 1
-1756 1
-1755 0
-1754 0
-1753 0
-1752 1
-1751 0
-1750 1
-1749 0
-1748 0
-1747 2
-1746 0
-1745 0
-1744 1
-1743 1
-1742 1
-1741 1
-1740 0
-1739 1
-1738 0
-1737 0
-1736 0
-1735 0
-1734 0
-1733 0
-1732 0
-1731 1
-1730 0
-1729 0
-1728 0
-1727 1
-1726 0
-1725 0
-1724 2
-1723 1
-1722 0
-1721 0
-1720 2
-1719 1
-1718 0
-1717 1
-1716 1
-1715 1
-1714 0
-1713 0
-1712 2
-1711 0
-1710 3
-1709 2
-1708 0
-1707 0
-1706 1
-1705 0
-1704 0
-1703 0
-1702 0
-1701 0
-1700 2
-1699 1
-1698 0
-1697 0
-1696 2
-1695 0
-1694 2
-1693 0
-1692 1
-1691 2
-1690 1
-1689 3
-1688 1
-1687 0
-1686 0
-1685 2
-1684 0
-1683 0
-1682 0
-1681 4
-1680 1
-1679 1
-1678 1
-1677 0
-1676 1
-1675 1
-1674 2
-1673 1
-1672 1
-1671 0
-1670 1
-1669 0
-1668 0
-1667 2
-1666 1
-1665 2
-1664 1
-1663 1
-1662 1
-1661 1
-1660 1
-1659 0
-1658 1
-1657 0
-1656 1
-1655 1
-1654 4
-1653 1
-1652 0
-1651 1
-1650 2
-1649 0
-1648 1
-1647 1
-1646 0
-1645 0
-1644 2
-1643 2
-1642 1
-1641 0
-1640 2
-1639 2
-1638 0
-1637 0
-1636 1
-1635 1
-1634 2
-1633 0
-1632 0
-1631 2
-1630 2
-1629 0
-1628 1
-1627 3
-1626 1
-1625 1
-1624 2
-1623 4
-1622 0
-1621 2
-1620 0
-1619 0
-1618 1
-1617 0
-1616 2
-1615 2
-1614 2
-1613 2
-1612 2
-1611 2
-1610 1
-1609 0
-1608 1
-1607 3
-1606 1
-1605 5
-1604 0
-1603 1
-1602 3
-1601 1
-1600 3
-1599 3
-1598 1
-1597 1
-1596 1
-1595 0
-1594 1
-1593 3
-1592 1
-1591 0
-1590 0
-1589 1
-1588 1
-1587 2
-1586 5
-1585 3
-1584 2
-1583 1
-1582 2
-1581 2
-1580 3
-1579 1
-1578 1
-1577 2
-1576 3
-1575 0
-1574 2
-1573 1
-1572 2
-1571 2
-1570 1
-1569 1
-1568 2
-1567 1
-1566 2
-1565 1
-1564 3
-1563 1
-1562 2
-1561 5
-1560 1
-1559 2
-1558 0
-1557 2
-1556 1
-1555 3
-1554 5
-1553 0
-1552 4
-1551 0
-1550 1
-1549 1
-1548 5
-1547 1
-1546 3
-1545 4
-1544 5
-1543 2
-1542 3
-1541 2
-1540 3
-1539 1
-1538 4
-1537 1
-1536 5
-1535 0
-1534 3
-1533 5
-1532 4
-1531 1
-1530 2
-1529 3
-1528 2
-1527 2
-1526 1
-1525 2
-1524 2
-1523 0
-1522 1
-1521 3
-1520 2
-1519 3
-1518 0
-1517 2
-1516 5
-1515 2
-1514 3
-1513 1
-1512 0
-1511 4
-1510 4
-1509 3
-1508 2
-1507 3
-1506 4
-1505 6
-1504 3
-1503 1
-1502 2
-1501 4
-1500 6
-1499 4
-1498 5
-1497 5
-1496 3
-1495 3
-1494 4
-1493 3
-1492 3
-1491 7
-1490 4
-1489 4
-1488 5
-1487 3
-1486 5
-1485 1
-1484 4
-1483 4
-1482 2
-1481 2
-1480 3
-1479 7
-1478 2
-1477 4
-1476 4
-1475 2
-1474 2
-1473 2
-1472 5
-1471 2
-1470 8
-1469 2
-1468 4
-1467 3
-1466 4
-1465 4
-1464 6
-1463 2
-1462 3
-1461 3
-1460 2
-1459 6
-1458 1
-1457 3
-1456 7
-1455 9
-1454 4
-1453 4
-1452 3
-1451 6
-1450 4
-1449 4
-1448 6
-1447 7
-1446 7
-1445 6
-1444 4
-1443 4
-1442 4
-1441 4
-1440 5
-1439 5
-1438 5
-1437 4
-1436 5
-1435 8
-1434 4
-1433 6
-1432 6
-1431 8
-1430 6
-1429 3
-1428 9
-1427 4
-1426 5
-1425 7
-1424 6
-1423 3
-1422 7
-1421 6
-1420 6
-1419 4
-1418 6
-1417 4
-1416 5
-1415 6
-1414 5
-1413 8
-1412 9
-1411 8
-1410 4
-1409 7
-1408 5
-1407 9
-1406 13
-1405 2
-1404 10
-1403 7
-1402 8
-1401 6
-1400 3
-1399 10
-1398 3
-1397 3
-1396 4
-1395 7
-1394 5
-1393 5
-1392 9
-1391 8
-1390 6
-1389 3
-1388 1
-1387 1
-1386 4
-1385 4
-1384 5
-1383 7
-1382 8
-1381 7
-1380 0
-1379 5
-1378 9
-1377 10
-1376 3
-1375 6
-1374 9
-1373 7
-1372 2
-1371 4
-1370 6
-1369 5
-1368 9
-1367 3
-1366 4
-1365 9
-1364 5
-1363 4
-1362 9
-1361 5
-1360 5
-1359 4
-1358 4
-1357 12
-1356 6
-1355 6
-1354 5
-1353 4
-1352 8
-1351 10
-1350 9
-1349 7
-1348 10
-1347 6
-1346 5
-1345 8
-1344 6
-1343 6
-1342 5
-1341 10
-1340 7
-1339 6
-1338 6
-1337 10
-1336 5
-1335 8
-1334 10
-1333 7
-1332 12
-1331 8
-1330 6
-1329 13
-1328 8
-1327 10
-1326 7
-1325 12
-1324 4
-1323 11
-1322 7
-1321 4
-1320 9
-1319 9
-1318 8
-1317 18
-1316 5
-1315 15
-1314 8
-1313 8
-1312 9
-1311 7
-1310 8
-1309 11
-1308 9
-1307 8
-1306 10
-1305 9
-1304 9
-1303 10
-1302 10
-1301 15
-1300 13
-1299 18
-1298 12
-1297 15
-1296 8
-1295 10
-1294 8
-1293 11
-1292 11
-1291 18
-1290 15
-1289 14
-1288 8
-1287 11
-1286 14
-1285 17
-1284 11
-1283 9
-1282 4
-1281 6
-1280 15
-1279 9
-1278 12
-1277 11
-1276 11
-1275 6
-1274 9
-1273 12
-1272 20
-1271 8
-1270 11
-1269 18
-1268 13
-1267 14
-1266 15
-1265 16
-1264 13
-1263 13
-1262 12
-1261 13
-1260 11
-1259 15
-1258 11
-1257 14
-1256 6
-1255 16
-1254 15
-1253 14
-1252 7
-1251 18
-1250 20
-1249 9
-1248 18
-1247 17
-1246 17
-1245 13
-1244 10
-1243 18
-1242 14
-1241 21
-1240 21
-1239 15
-1238 16
-1237 15
-1236 14
-1235 20
-1234 14
-1233 18
-1232 16
-1231 19
-1230 13
-1229 22
-1228 16
-1227 14
-1226 17
-1225 17
-1224 21
-1223 22
-1222 17
-1221 16
-1220 17
-1219 16
-1218 16
-1217 10
-1216 10
-1215 13
-1214 9
-1213 21
-1212 16
-1211 20
-1210 17
-1209 23
-1208 21
-1207 17
-1206 23
-1205 17
-1204 26
-1203 16
-1202 17
-1201 18
-1200 18
-1199 25
-1198 23
-1197 25
-1196 27
-1195 25
-1194 19
-1193 20
-1192 23
-1191 27
-1190 15
-1189 19
-1188 30
-1187 19
-1186 26
-1185 15
-1184 20
-1183 18
-1182 32
-1181 19
-1180 15
-1179 16
-1178 27
-1177 22
-1176 12
-1175 28
-1174 20
-1173 18
-1172 19
-1171 24
-1170 24
-1169 20
-1168 23
-1167 24
-1166 34
-1165 21
-1164 25
-1163 21
-1162 27
-1161 26
-1160 20
-1159 32
-1158 22
-1157 21
-1156 30
-1155 32
-1154 30
-1153 31
-1152 25
-1151 28
-1150 30
-1149 28
-1148 28
-1147 34
-1146 23
-1145 26
-1144 28
-1143 32
-1142 24
-1141 36
-1140 36
-1139 31
-1138 36
-1137 19
-1136 30
-1135 27
-1134 31
-1133 33
-1132 32
-1131 40
-1130 31
-1129 22
-1128 40
-1127 31
-1126 33
-1125 30
-1124 27
-1123 36
-1122 30
-1121 34
-1120 25
-1119 39
-1118 32
-1117 37
-1116 33
-1115 43
-1114 35
-1113 36
-1112 27
-1111 39
-1110 30
-1109 34
-1108 37
-1107 38
-1106 33
-1105 37
-1104 34
-1103 36
-1102 42
-1101 34
-1100 35
-1099 51
-1098 43
-1097 36
-1096 39
-1095 38
-1094 40
-1093 40
-1092 44
-1091 32
-1090 36
-1089 40
-1088 52
-1087 40
-1086 36
-1085 35
-1084 39
-1083 52
-1082 47
-1081 36
-1080 48
-1079 53
-1078 47
-1077 56
-1076 43
-1075 40
-1074 54
-1073 37
-1072 48
-1071 52
-1070 43
-1069 46
-1068 46
-1067 48
-1066 39
-1065 33
-1064 51
-1063 52
-1062 42
-1061 48
-1060 53
-1059 48
-1058 52
-1057 69
-1056 45
-1055 52
-1054 44
-1053 47
-1052 40
-1051 51
-1050 66
-1049 57
-1048 39
-1047 54
-1046 58
-1045 61
-1044 50
-1043 54
-1042 55
-1041 54
-1040 51
-1039 57
-1038 62
-1037 54
-1036 48
-1035 68
-1034 41
-1033 41
-1032 69
-1031 51
-1030 61
-1029 57
-1028 50
-1027 66
-1026 76
-1025 64
-1024 66
-1023 55
-1022 69
-1021 49
-1020 74
-1019 79
-1018 69
-1017 59
-1016 69
-1015 60
-1014 59
-1013 61
-1012 76
-1011 65
-1010 59
-1009 60
-1008 66
-1007 67
-1006 65
-1005 63
-1004 72
-1003 55
-1002 75
-1001 74
-1000 89
-999 71
-998 77
-997 76
-996 81
-995 71
-994 84
-993 77
-992 100
-991 74
-990 77
-989 86
-988 74
-987 72
-986 85
-985 83
-984 76
-983 67
-982 82
-981 85
-980 94
-979 98
-978 87
-977 93
-976 81
-975 83
-974 86
-973 84
-972 87
-971 98
-970 98
-969 81
-968 76
-967 74
-966 88
-965 105
-964 85
-963 82
-962 91
-961 95
-960 103
-959 88
-958 78
-957 117
-956 93
-955 98
-954 113
-953 94
-952 107
-951 91
-950 101
-949 90
-948 87
-947 84
-946 113
-945 93
-944 103
-943 118
-942 102
-941 125
-940 98
-939 115
-938 110
-937 119
-936 108
-935 120
-934 121
-933 114
-932 124
-931 115
-930 124
-929 116
-928 125
-927 114
-926 109
-925 92
-924 123
-923 130
-922 128
-921 122
-920 138
-919 110
-918 119
-917 134
-916 141
-915 132
-914 114
-913 128
-912 134
-911 115
-910 128
-909 130
-908 130
-907 153
-906 164
-905 115
-904 141
-903 136
-902 141
-901 139
-900 142
-899 155
-898 151
-897 130
-896 139
-895 141
-894 143
-893 133
-892 160
-891 136
-890 149
-889 145
-888 175
-887 142
-886 151
-885 148
-884 142
-883 142
-882 161
-881 160
-880 179
-879 175
-878 172
-877 147
-876 157
-875 160
-874 178
-873 196
-872 137
-871 156
-870 174
-869 169
-868 180
-867 163
-866 191
-865 190
-864 206
-863 173
-862 179
-861 188
-860 196
-859 183
-858 175
-857 181
-856 206
-855 164
-854 192
-853 186
-852 185
-851 203
-850 177
-849 172
-848 219
-847 195
-846 208
-845 176
-844 195
-843 228
-842 224
-841 207
-840 210
-839 218
-838 183
-837 205
-836 229
-835 207
-834 226
-833 213
-832 237
-831 211
-830 254
-829 246
-828 225
-827 236
-826 241
-825 241
-824 251
-823 243
-822 263
-821 223
-820 221
-819 258
-818 248
-817 251
-816 265
-815 270
-814 236
-813 247
-812 243
-811 227
-810 264
-809 269
-808 258
-807 294
-806 273
-805 281
-804 283
-803 308
-802 286
-801 276
-800 306
-799 310
-798 283
-797 310
-796 305
-795 291
-794 312
-793 305
-792 308
-791 289
-790 287
-789 305
-788 337
-787 296
-786 330
-785 317
-784 321
-783 347
-782 306
-781 313
-780 334
-779 329
-778 330
-777 335
-776 348
-775 345
-774 326
-773 318
-772 375
-771 369
-770 364
-769 331
-768 357
-767 403
-766 365
-765 330
-764 358
-763 374
-762 388
-761 370
-760 355
-759 360
-758 350
-757 430
-756 391
-755 391
-754 378
-753 378
-752 442
-751 392
-750 416
-749 364
-748 412
-747 423
-746 418
-745 397
-744 387
-743 426
-742 476
-741 421
-740 452
-739 469
-738 437
-737 454
-736 463
-735 429
-734 412
-733 415
-732 457
-731 460
-730 477
-729 480
-728 463
-727 464
-726 491
-725 476
-724 471
-723 503
-722 477
-721 485
-720 484
-719 511
-718 510
-717 526
-716 525
-715 575
-714 542
-713 523
-712 585
-711 536
-710 524
-709 551
-708 566
-707 561
-706 554
-705 583
-704 606
-703 599
-702 540
-701 580
-700 631
-699 562
-698 609
-697 601
-696 613
-695 621
-694 616
-693 566
-692 600
-691 662
-690 611
-689 605
-688 618
-687 657
-686 677
-685 642
-684 620
-683 691
-682 651
-681 686
-680 637
-679 697
-678 698
-677 674
-676 666
-675 703
-674 679
-673 644
-672 724
-671 697
-670 750
-669 695
-668 753
-667 737
-666 744
-665 771
-664 727
-663 776
-662 816
-661 791
-660 782
-659 815
-658 821
-657 789
-656 795
-655 815
-654 808
-653 846
-652 762
-651 829
-650 866
-649 832
-648 827
-647 926
-646 888
-645 868
-644 879
-643 915
-642 874
-641 957
-640 975
-639 925
-638 1005
-637 928
-636 949
-635 953
-634 904
-633 963
-632 958
-631 996
-630 991
-629 1026
-628 988
-627 964
-626 950
-625 1036
-624 982
-623 1071
-622 1021
-621 1012
-620 1040
-619 1053
-618 1041
-617 1101
-616 1123
-615 1164
-614 1128
-613 1079
-612 1151
-611 1133
-610 1121
-609 1163
-608 1163
-607 1125
-606 1143
-605 1213
-604 1193
-603 1212
-602 1235
-601 1235
-600 1154
-599 1260
-598 1268
-597 1261
-596 1309
-595 1257
-594 1257
-593 1280
-592 1303
-591 1329
-590 1392
-589 1288
-588 1348
-587 1318
-586 1389
-585 1435
-584 1359
-583 1407
-582 1454
-581 1390
-580 1437
-579 1466
-578 1434
-577 1438
-576 1543
-575 1483
-574 1511
-573 1506
-572 1550
-571 1558
-570 1540
-569 1603
-568 1521
-567 1633
-566 1617
-565 1573
-564 1606
-563 1620
-562 1700
-561 1683
-560 1721
-559 1677
-558 1790
-557 1722
-556 1738
-555 1773
-554 1720
-553 1881
-552 1759
-551 1902
-550 1887
-549 1763
-548 1887
-547 1821
-546 1818
-545 1946
-544 1861
-543 1916
-542 1928
-541 1906
-540 1937
-539 2040
-538 2033
-537 2065
-536 2128
-535 2037
-534 2094
-533 2126
-532 2111
-531 2144
-530 2110
-529 2153
-528 2152
-527 2211
-526 2198
-525 2265
-524 2181
-523 2204
-522 2312
-521 2333
-520 2251
-519 2325
-518 2350
-517 2336
-516 2298
-515 2338
-514 2390
-513 2402
-512 2387
-511 2387
-510 2552
-509 2488
-508 2480
-507 2567
-506 2594
-505 2462
-504 2578
-503 2591
-502 2652
-501 2617
-500 2832
-499 2807
-498 2800
-497 2673
-496 2784
-495 2859
-494 2776
-493 2797
-492 2933
-491 2907
-490 2853
-489 2921
-488 2926
-487 2981
-486 2964
-485 3046
-484 3094
-483 3127
-482 3064
-481 3127
-480 3191
-479 3093
-478 3341
-477 3223
-476 3345
-475 3336
-474 3323
-473 3301
-472 3426
-471 3467
-470 3471
-469 3493
-468 3472
-467 3504
-466 3571
-465 3530
-464 3606
-463 3641
-462 3643
-461 3701
-460 3833
-459 3703
-458 3737
-457 3795
-456 3856
-455 3887
-454 3938
-453 3936
-452 3971
-451 4004
-450 4127
-449 4003
-448 4192
-447 4222
-446 4215
-445 4219
-444 4371
-443 4332
-442 4353
-441 4338
-440 4471
-439 4349
-438 4403
-437 4538
-436 4623
-435 4547
-434 4621
-433 4635
-432 4625
-431 4781
-430 4802
-429 4877
-428 4827
-427 4851
-426 5001
-425 4969
-424 4997
-423 5097
-422 5208
-421 5311
-420 5233
-419 5292
-418 5321
-417 5303
-416 5413
-415 5498
-414 5495
-413 5550
-412 5620
-411 5831
-410 5594
-409 5824
-408 5782
-407 5948
-406 5879
-405 5773
-404 6070
-403 6205
-402 6030
-401 6303
-400 6182
-399 6162
-398 6391
-397 6317
-396 6443
-395 6621
-394 6559
-393 6596
-392 6825
-391 6806
-390 6699
-389 6951
-388 6884
-387 6863
-386 7003
-385 7045
-384 7158
-383 7317
-382 7222
-381 7469
-380 7345
-379 7453
-378 7437
-377 7657
-376 7695
-375 7820
-374 7887
-373 7859
-372 7993
-371 8234
-370 8214
-369 8340
-368 8393
-367 8421
-366 8267
-365 8494
-364 8613
-363 8738
-362 8742
-361 8967
-360 8849
-359 8907
-358 9152
-357 9039
-356 9225
-355 9297
-354 9703
-353 9547
-352 9480
-351 9741
-350 9642
-349 9979
-348 9991
-347 9943
-346 10075
-345 10127
-344 10334
-343 10530
-342 10548
-341 10615
-340 10606
-339 10599
-338 10905
-337 11091
-336 11158
-335 11054
-334 11413
-333 11539
-332 11451
-331 11690
-330 11884
-329 11980
-328 11944
-327 11884
-326 12165
-325 12468
-324 12529
-323 12638
-322 12774
-321 12789
-320 12773
-319 12959
-318 13368
-317 13392
-316 13396
-315 13480
-314 13637
-313 14021
-312 13935
-311 14062
-310 14263
-309 14351
-308 14761
-307 14646
-306 14923
-305 15085
-304 15220
-303 15385
-302 15525
-301 15431
-300 15986
-299 15866
-298 16041
-297 16251
-296 16357
-295 16644
-294 16827
-293 17217
-292 17019
-291 17448
-290 17459
-289 17741
-288 17838
-287 17995
-286 18181
-285 18506
-284 18638
-283 18483
-282 18966
-281 19046
-280 19053
-279 19514
-278 19555
-277 19849
-276 20173
-275 20417
-274 20691
-273 20712
-272 20990
-271 20963
-270 21116
-269 21634
-268 21648
-267 22133
-266 22168
-265 22244
-264 22660
-263 23046
-262 23226
-261 23515
-260 23803
-259 23933
-258 24269
-257 24604
-256 24774
-255 24994
-254 25287
-253 25522
-252 25819
-251 25893
-250 26436
-249 26863
-248 26825
-247 27332
-246 27840
-245 27931
-244 28194
-243 28698
-242 28694
-241 29441
-240 29160
-239 29913
-238 29715
-237 30435
-236 30750
-235 30922
-234 31546
-233 31999
-232 32000
-231 32576
-230 32819
-229 33503
-228 33389
-227 33821
-226 34079
-225 34719
-224 35094
-223 35255
-222 35883
-221 36290
-220 36721
-219 37329
-218 37667
-217 38295
-216 38790
-215 39260
-214 39880
-213 39903
-212 40692
-211 41299
-210 41450
-209 41730
-208 42715
-207 43104
-206 43617
-205 44081
-204 44912
-203 45147
-202 45683
-201 45915
-200 46900
-199 47223
-198 47911
-197 48687
-196 49231
-195 49497
-194 50345
-193 51173
-192 51578
-191 51954
-190 53440
-189 53146
-188 54463
-187 55113
-186 55703
-185 56508
-184 57223
-183 57782
-182 58612
-181 59411
-180 59863
-179 61064
-178 61670
-177 62304
-176 63304
-175 64516
-174 64651
-173 66197
-172 66812
-171 68188
-170 68343
-169 69391
-168 70595
-167 71572
-166 72469
-165 73524
-164 74194
-163 75388
-162 76967
-161 78139
-160 78765
-159 80264
-158 80722
-157 81683
-156 83093
-155 84622
-154 85853
-153 86112
-152 87990
-151 89316
-150 90809
-149 92131
-148 93266
-147 94656
-146 96166
-145 97193
-144 98324
-143 100156
-142 101848
-141 103669
-140 105448
-139 106725
-138 108258
-137 109811
-136 111588
-135 112981
-134 115068
-133 117203
-132 119034
-131 120839
-130 123078
-129 124711
-128 127360
-127 129220
-126 130922
-125 133319
-124 135210
-123 137036
-122 139454
-121 142530
-120 144216
-119 147013
-118 149817
-117 151841
-116 155206
-115 157341
-114 159816
-113 163607
-112 165574
-111 168700
-110 172312
-109 175944
-108 178227
-107 181906
-106 184509
-105 188313
-104 191470
-103 195415
-102 199200
-101 203556
-100 208053
-99 211745
-98 214226
-97 219864
-96 224176
-95 228322
-94 233301
-93 237166
-92 242340
-91 247591
-90 252802
-89 258086
-88 263881
-87 270378
-86 274640
-85 280491
-84 287238
-83 292772
-82 300480
-81 307696
-80 314778
-79 321370
-78 328684
-77 335878
-76 344541
-75 352225
-74 361754
-73 371296
-72 379872
-71 389679
-70 397799
-69 409939
-68 420312
-67 430574
-66 442183
-65 454729
-64 468269
-63 480364
-62 493354
-61 507012
-60 523110
-59 536640
-58 554448
-57 569899
-56 587177
-55 607042
-54 625578
-53 645211
-52 665998
-51 688132
-50 710322
-49 734731
-48 761497
-47 789854
-46 816611
-45 848197
-44 881079
-43 913340
-42 949848
-41 988996
-40 1027193
-39 1071117
-38 1118885
-37 1167064
-36 1217271
-35 1275885
-34 1336094
-33 1399893
-32 1473712
-31 1548209
-30 1630467
-29 1719516
-28 1817876
-27 1926416
-26 2042603
-25 2171802
-24 2314369
-23 2472257
-22 2650276
-21 2849394
-20 3072830
-19 3326874
-18 3614320
-17 3943947
-16 4327618
-15 4775959
-14 5312814
-13 5943042
-12 6707434
-11 7652991
-10 8849078
-9 10380664
-8 12405686
-7 15190654
-6 19230607
-5 25350113
-4 35846617
-3 58148059
-2 118968408
-1 612421785
0 0
1 612422309
2 118967465
3 58156314
4 35828609
5 25344533
6 19241626
7 15197629
8 12403239
9 10381467
10 8852666
11 7653585
12 6705074
13 5944333
14 5307510
15 4775879
16 4329462
17 3944104
18 3615771
19 3325379
20 3072267
21 2849780
22 2650756
23 2475853
24 2313274
25 2172617
26 2042292
27 1925676
28 1816960
29 1721344
30 1630774
31 1547200
32 1475256
33 1398524
34 1337347
35 1276914
36 1218058
37 1167135
38 1115630
39 1070552
40 1026708
41 989190
42 950410
43 912933
44 880168
45 847724
46 817779
47 789373
48 761757
49 735477
50 710541
51 688341
52 666170
53 643598
54 625736
55 607048
56 588326
57 570489
58 554091
59 537586
60 522301
61 508171
62 494033
63 479087
64 466904
65 455897
66 442393
67 431115
68 418387
69 409714
70 399780
71 389393
72 379468
73 370182
74 361696
75 352234
76 344532
77 336316
78 328813
79 321548
80 314593
81 307339
82 300006
83 292455
84 287158
85 280383
86 275328
87 269139
88 263476
89 257961
90 252408
91 247633
92 242609
93 237690
94 232022
95 227692
96 223871
97 219651
98 215716
99 210869
100 207277
101 203949
102 199574
103 196037
104 191532
105 188545
106 184995
107 181468
108 178392
109 175866
110 171865
111 168942
112 166303
113 162402
114 159719
115 158194
116 154698
117 151830
118 150209
119 146508
120 144798
121 142287
122 139334
123 137848
124 134935
125 132839
126 130588
127 129093
128 126848
129 125176
130 122576
131 120740
132 118419
133 117432
134 115495
135 114007
136 111564
137 109668
138 108372
139 106492
140 104808
141 103919
142 102348
143 100552
144 99194
145 97246
146 96289
147 95141
148 93352
149 92011
150 90953
151 89044
152 87911
153 86855
154 85304
155 84590
156 82959
157 82042
158 80598
159 79434
160 78894
161 77451
162 76657
163 75490
164 74458
165 73716
166 72325
167 71830
168 70244
169 69312
170 68702
171 68090
172 67439
173 65988
174 64940
175 64424
176 63507
177 62848
178 61658
179 60775
180 60551
181 59048
182 58423
183 57852
184 57463
185 56388
186 55671
187 54877
188 53962
189 53527
190 52456
191 51752
192 51628
193 50907
194 49850
195 49785
196 48838
197 48258
198 47750
199 47473
200 46960
201 45978
202 45866
203 45283
204 44843
205 44053
206 43366
207 42998
208 42493
209 41873
210 41715
211 41217
212 40514
213 40055
214 39620
215 38967
216 38649
217 38333
218 37763
219 37238
220 37524
221 36229
222 35696
223 35374
224 35060
225 34771
226 34322
227 34247
228 33522
229 33345
230 33190
231 32707
232 32150
233 31593
234 31348
235 31318
236 30783
237 30391
238 30065
239 29764
240 29521
241 28816
242 28886
243 28384
244 28365
245 28293
246 27414
247 27189
248 26886
249 26805
250 26667
251 26016
252 25922
253 25432
254 25191
255 25122
256 24798
257 24302
258 24468
259 24129
260 23741
261 23569
262 23201
263 22844
264 22781
265 22447
266 22155
267 22431
268 21650
269 21439
270 21308
271 20886
272 21060
273 20728
274 20543
275 20603
276 19872
277 19840
278 19662
279 19578
280 19116
281 18980
282 18706
283 18563
284 18502
285 18322
286 18165
287 17849
288 17672
289 17808
290 17558
291 17373
292 16965
293 17021
294 16998
295 16617
296 16264
297 16055
298 15971
299 15937
300 15752
301 15484
302 15614
303 15270
304 15131
305 15289
306 14827
307 14859
308 14605
309 14472
310 14399
311 14057
312 14256
313 13888
314 13791
315 13654
316 13510
317 13420
318 13158
319 13191
320 12738
321 12866
322 12887
323 12501
324 12496
325 12224
326 12144
327 12085
328 12022
329 11941
330 11946
331 11847
332 11772
333 11602
334 11199
335 11220
336 11168
337 10861
338 10797
339 10943
340 10752
341 10671
342 10549
343 10398
344 10411
345 10132
346 10069
347 10109
348 9850
349 9912
350 9719
351 9724
352 9355
353 9490
354 9394
355 9198
356 9386
357 9192
358 8948
359 8957
360 8825
361 8715
362 8872
363 8588
364 8676
365 8602
366 8478
367 8354
368 8256
369 8347
370 8196
371 7989
372 7890
373 7663
374 7837
375 7680
376 7916
377 7542
378 7478
379 7518
380 7537
381 7490
382 7471
383 7154
384 7204
385 7130
386 7095
387 6913
388 7001
389 6891
390 6804
391 6591
392 6671
393 6641
394 6593
395 6347
396 6517
397 6526
398 6348
399 6267
400 6297
401 6136
402 6121
403 6200
404 6190
405 5729
406 5958
407 5880
408 5855
409 5680
410 5656
411 5710
412 5605
413 5635
414 5539
415 5493
416 5471
417 5405
418 5330
419 5218
420 5182
421 5237
422 5132
423 5215
424 5068
425 4989
426 4972
427 4907
428 4860
429 4786
430 4719
431 4764
432 4726
433 4632
434 4642
435 4617
436 4570
437 4388
438 4423
439 4505
440 4441
441 4478
442 4363
443 4275
444 4338
445 4291
446 4183
447 4076
448 4111
449 4149
450 4251
451 4161
452 3995
453 3932
454 3848
455 3890
456 3911
457 3732
458 3850
459 3883
460 3775
461 3710
462 3591
463 3716
464 3659
465 3657
466 3548
467 3483
468 3592
469 3479
470 3444
471 3432
472 3405
473 3403
474 3380
475 3293
476 3266
477 3252
478 3227
479 3063
480 3158
481 3178
482 3171
483 3234
484 3043
485 3038
486 3011
487 2971
488 3021
489 2924
490 3022
491 2883
492 2939
493 2756
494 2787
495 2866
496 2773
497 2723
498 2757
499 2745
500 2701
501 2703
502 2609
503 2601
504 2638
505 2504
506 2597
507 2477
508 2612
509 2513
510 2529
511 2368
512 2491
513 2451
514 2379
515 2347
516 2409
517 2430
518 2332
519 2365
520 2310
521 2260
522 2207
523 2185
524 2218
525 2125
526 2165
527 2163
528 2131
529 2164
530 2110
531 2078
532 2067
533 2149
534 2024
535 2101
536 2011
537 2003
538 1983
539 1963
540 2034
541 1922
542 1884
543 1897
544 1912
545 1919
546 1896
547 1932
548 1868
549 1816
550 1794
551 1845
552 1793
553 1767
554 1800
555 1721
556 1760
557 1700
558 1669
559 1740
560 1686
561 1740
562 1701
563 1590
564 1536
565 1661
566 1642
567 1602
568 1615
569 1537
570 1527
571 1518
572 1507
573 1520
574 1508
575 1499
576 1547
577 1588
578 1485
579 1456
580 1512
581 1484
582 1412
583 1499
584 1433
585 1370
586 1434
587 1353
588 1381
589 1364
590 1298
591 1306
592 1336
593 1357
594 1316
595 1221
596 1219
597 1296
598 1224
599 1290
600 1262
601 1216
602 1229
603 1145
604 1195
605 1207
606 1261
607 1199
608 1139
609 1156
610 1094
611 1099
612 1148
613 1163
614 1163
615 1054
616 1045
617 1091
618 1090
619 1045
620 1043
621 1049
622 1047
623 990
624 1012
625 998
626 1027
627 999
628 1033
629 976
630 900
631 961
632 973
633 955
634 984
635 943
636 904
637 920
638 934
639 884
640 900
641 937
642 929
643 886
644 913
645 838
646 836
647 908
648 857
649 887
650 856
651 839
652 830
653 751
654 809
655 803
656 740
657 794
658 751
659 729
660 816
661 767
662 775
663 757
664 757
665 732
666 750
667 720
668 748
669 682
670 718
671 740
672 730
673 715
674 672
675 680
676 746
677 730
678 686
679 704
680 680
681 690
682 658
683 680
684 610
685 657
686 616
687 631
688 658
689 689
690 639
691 591
692 608
693 640
694 614
695 587
696 606
697 621
698 548
699 571
700 557
701 601
702 608
703 597
704 547
705 570
706 585
707 539
708 581
709 531
710 528
711 540
712 557
713 512
714 510
715 561
716 475
717 515
718 491
719 508
720 500
721 463
722 518
723 520
724 430
725 476
726 449
727 479
728 487
729 478
730 480
731 471
732 501
733 455
734 467
735 451
736 469
737 456
738 441
739 444
740 443
741 437
742 443
743 439
744 447
745 409
746 402
747 390
748 434
749 420
750 405
751 376
752 380
753 401
754 421
755 430
756 372
757 401
758 379
759 370
760 408
761 377
762 377
763 358
764 354
765 371
766 363
767 379
768 386
769 364
770 332
771 361
772 346
773 355
774 329
775 357
776 315
777 302
778 316
779 326
780 336
781 325
782 328
783 325
784 309
785 281
786 341
787 316
788 331
789 315
790 332
791 324
792 293
793 345
794 308
795 287
796 285
797 294
798 302
799 306
800 295
801 283
802 288
803 320
804 288
805 295
806 262
807 268
808 257
809 281
810 272
811 255
812 257
813 242
814 233
815 253
816 240
817 245
818 217
819 246
820 251
821 231
822 243
823 251
824 224
825 247
826 232
827 222
828 251
829 248
830 234
831 218
832 233
833 226
834 241
835 220
836 212
837 226
838 230
839 202
840 223
841 203
842 185
843 187
844 186
845 217
846 188
847 186
848 177
849 179
850 199
851 208
852 191
853 174
854 194
855 201
856 197
857 183
858 195
859 199
860 184
861 205
862 187
863 160
864 195
865 165
866 176
867 188
868 180
869 173
870 174
871 160
872 193
873 161
874 163
875 166
876 179
877 150
878 160
879 169
880 172
881 167
882 159
883 140
884 158
885 178
886 149
887 152
888 139
889 153
890 151
891 141
892 150
893 131
894 137
895 139
896 142
897 145
898 119
899 135
900 148
901 145
902 145
903 141
904 123
905 156
906 123
907 145
908 150
909 109
910 138
911 122
912 133
913 137
914 144
915 117
916 131
917 113
918 126
919 122
920 148
921 117
922 119
923 121
924 104
925 110
926 128
927 119
928 115
929 113
930 104
931 120
932 122
933 117
934 106
935 85
936 106
937 99
938 112
939 101
940 121
941 91
942 86
943 108
944 111
945 110
946 102
947 101
948 106
949 110
950 91
951 83
952 91
953 86
954 91
955 86
956 81
957 78
958 106
959 73
960 98
961 89
962 88
963 96
964 87
965 100
966 100
967 87
968 98
969 92
970 92
971 109
972 78
973 68
974 78
975 73
976 75
977 85
978 77
979 78
980 74
981 96
982 98
983 96
984 89
985 84
986 74
987 77
988 69
989 63
990 77
991 83
992 71
993 85
994 56
995 74
996 71
997 72
998 82
999 77
1000 97
1001 71
1002 69
1003 82
1004 79
1005 60
1006 60
1007 71
1008 72
1009 84
1010 58
1011 51
1012 69
1013 50
1014 68
1015 73
1016 64
1017 65
1018 55
1019 64
1020 72
1021 71
1022 75
1023 55
1024 48
1025 51
1026 62
1027 57
1028 71
1029 69
1030 57
1031 64
1032 52
1033 54
1034 46
1035 57
1036 43
1037 47
1038 55
1039 58
1040 55
1041 48
1042 68
1043 51
1044 57
1045 63
1046 41
1047 67
1048 47
1049 49
1050 52
1051 56
1052 40
1053 54
1054 55
1055 44
1056 48
1057 38
1058 37
1059 58
1060 55
1061 43
1062 55
1063 58
1064 36
1065 59
1066 42
1067 43
1068 48
1069 41
1070 55
1071 49
1072 47
1073 38
1074 37
1075 43
1076 51
1077 42
1078 33
1079 33
1080 36
1081 49
1082 36
1083 46
1084 39
1085 38
1086 37
1087 35
1088 42
1089 39
1090 46
1091 43
1092 38
1093 26
1094 32
1095 44
1096 32
1097 47
1098 35
1099 39
1100 41
1101 26
1102 41
1103 41
1104 35
1105 41
1106 29
1107 42
1108 37
1109 35
1110 38
1111 26
1112 34
1113 40
1114 20
1115 30
1116 32
1117 49
1118 32
1119 36
1120 30
1121 30
1122 26
1123 39
1124 28
1125 29
1126 40
1127 33
1128 28
1129 36
1130 28
1131 24
1132 29
1133 32
1134 30
1135 23
1136 29
1137 22
1138 29
1139 29
1140 23
1141 26
1142 37
1143 32
1144 37
1145 26
1146 38
1147 30
1148 31
1149 28
1150 24
1151 19
1152 34
1153 25
1154 30
1155 28
1156 23
1157 28
1158 24
1159 25
1160 32
1161 20
1162 25
1163 19
1164 23
1165 22
1166 26
1167 31
1168 22
1169 34
1170 29
1171 31
1172 33
1173 20
1174 18
1175 31
1176 23
1177 26
1178 22
1179 15
1180 18
1181 25
1182 25
1183 27
1184 33
1185 19
1186 20
1187 21
1188 26
1189 24
1190 14
1191 25
1192 22
1193 22
1194 15
1195 10
1196 19
1197 9
1198 18
1199 17
1200 17
1201 19
1202 18
1203 13
1204 20
1205 21
1206 18
1207 18
1208 22
1209 17
1210 24
1211 25
1212 15
1213 15
1214 20
1215 21
1216 16
1217 20
1218 15
1219 11
1220 17
1221 22
1222 20
1223 17
1224 14
1225 19
1226 21
1227 22
1228 12
1229 14
1230 10
1231 14
1232 16
1233 15
1234 21
1235 15
1236 15
1237 16
1238 8
1239 14
1240 14
1241 10
1242 20
1243 16
1244 11
1245 8
1246 10
1247 18
1248 13
1249 12
1250 16
1251 9
1252 6
1253 23
1254 13
1255 22
1256 20
1257 16
1258 7
1259 24
1260 16
1261 12
1262 12
1263 19
1264 22
1265 10
1266 13
1267 13
1268 19
1269 10
1270 15
1271 13
1272 14
1273 11
1274 11
1275 7
1276 11
1277 11
1278 12
1279 12
1280 14
1281 13
1282 6
1283 10
1284 10
1285 14
1286 15
1287 15
1288 6
1289 5
1290 7
1291 11
1292 11
1293 5
1294 12
1295 6
1296 8
1297 17
1298 12
1299 8
1300 10
1301 12
1302 3
1303 8
1304 12
1305 7
1306 13
1307 9
1308 13
1309 13
1310 11
1311 15
1312 10
1313 13
1314 13
1315 11
1316 5
1317 10
1318 10
1319 12
1320 9
1321 13
1322 8
1323 9
1324 9
1325 9
1326 14
1327 10
1328 10
1329 15
1330 10
1331 11
1332 10
1333 11
1334 9
1335 8
1336 6
1337 14
1338 8
1339 4
1340 10
1341 4
1342 10
1343 4
1344 7
1345 9
1346 9
1347 4
1348 6
1349 9
1350 8
1351 13
1352 8
1353 9
1354 11
1355 8
1356 8
1357 9
1358 8
1359 4
1360 11
1361 7
1362 10
1363 5
1364 7
1365 6
1366 3
1367 7
1368 5
1369 8
1370 6
1371 8
1372 12
1373 6
1374 5
1375 3
1376 6
1377 8
1378 7
1379 8
1380 4
1381 5
1382 4
1383 9
1384 6
1385 4
1386 5
1387 10
1388 7
1389 5
1390 5
1391 4
1392 3
1393 10
1394 10
1395 4
1396 5
1397 5
1398 5
1399 4
1400 2
1401 9
1402 1
1403 8
1404 7
1405 4
1406 4
1407 5
1408 7
1409 4
1410 4
1411 3
1412 3
1413 7
1414 7
1415 3
1416 6
1417 4
1418 4
1419 4
1420 7
1421 2
1422 7
1423 7
1424 4
1425 5
1426 8
1427 12
1428 9
1429 5
1430 5
1431 5
1432 3
1433 4
1434 3
1435 2
1436 2
1437 3
1438 4
1439 8
1440 4
1441 3
1442 5
1443 7
1444 3
1445 6
1446 3
1447 3
1448 6
1449 5
1450 1
1451 5
1452 4
1453 4
1454 4
1455 2
1456 5
1457 5
1458 4
1459 4
1460 3
1461 2
1462 5
1463 2
1464 3
1465 3
1466 1
1467 3
1468 4
1469 5
1470 3
1471 3
1472 4
1473 6
1474 3
1475 2
1476 5
1477 6
1478 2
1479 1
1480 3
1481 5
1482 2
1483 5
1484 6
1485 2
1486 3
1487 5
1488 4
1489 7
1490 1
1491 6
1492 4
1493 2
1494 2
1495 0
1496 5
1497 7
1498 4
1499 2
1500 2
1501 5
1502 5
1503 1
1504 2
1505 3
1506 3
1507 3
1508 3
1509 4
1510 3
1511 2
1512 3
1513 3
1514 1
1515 2
1516 6
1517 5
1518 2
1519 3
1520 2
1521 3
1522 1
1523 1
1524 2
1525 1
1526 4
1527 2
1528 1
1529 2
1530 0
1531 4
1532 4
1533 5
1534 0
1535 0
1536 0
1537 1
1538 2
1539 3
1540 1
1541 2
1542 2
1543 1
1544 2
1545 0
1546 2
1547 3
1548 1
1549 0
1550 0
1551 3
1552 0
1553 4
1554 3
1555 1
1556 2
1557 1
1558 2
1559 1
1560 0
1561 2
1562 4
1563 1
1564 1
1565 4
1566 0
1567 4
1568 3
1569 1
1570 2
1571 0
1572 1
1573 1
1574 1
1575 1
1576 2
1577 1
1578 1
1579 6
1580 0
1581 1
1582 1
1583 0
1584 1
1585 1
1586 2
1587 4
1588 2
1589 0
1590 0
1591 1
1592 0
1593 2
1594 2
1595 0
1596 2
1597 0
1598 1
1599 1
1600 2
1601 2
1602 2
1603 2
1604 2
1605 4
1606 0
1607 0
1608 2
1609 0
1610 1
1611 3
1612 1
1613 1
1614 0
1615 1
1616 2
1617 0
1618 0
1619 2
1620 0
1621 4
1622 0
1623 0
1624 0
1625 0
1626 0
1627 1
1628 0
1629 0
1630 0
1631 5
1632 3
1633 0
1634 1
1635 0
1636 2
1637 1
1638 1
1639 0
1640 0
1641 1
1642 0
1643 0
1644 0
1645 1
1646 3
1647 1
1648 1
1649 3
1650 0
1651 1
1652 1
1653 0
1654 1
1655 1
1656 0
1657 2
1658 0
1659 2
1660 0
1661 0
1662 1
1663 0
1664 0
1665 1
1666 0
1667 0
1668 0
1669 3
1670 0
1671 2
1672 1
1673 0
1674 0
1675 3
1676 1
1677 2
1678 0
1679 0
1680 0
1681 3
1682 0
1683 1
1684 0
1685 2
1686 1
1687 3
1688 4
1689 0
1690 2
1691 0
1692 0
1693 0
1694 0
1695 0
1696 0
1697 0
1698 0
1699 0
1700 0
1701 0
1702 1
1703 1
1704 0
1705 1
1706 1
1707 1
1708 1
1709 2
1710 1
1711 0
1712 0
1713 3
1714 2
1715 1
1716 0
1717 1
1718 2
1719 1
1720 0
1721 2
1722 0
1723 0
1724 0
1725 1
1726 0
1727 0
1728 0
1729 0
1730 1
1731 2
1732 0
1733 1
1734 0
1735 0
1736 1
1737 0
1738 1
1739 0
1740 1
1741 1
1742 1
1743 2
1744 0
1745 1
1746 0
1747 0
1748 0
1749 0
1750 0
1751 1
1752 0
1753 0
1754 2
1755 0
1756 0
1757 0
1758 0
1759 1
1760 1
1761 0
1762 0
1763 0
1764 0
1765 0
1766 0
1767 0
1768 1
1769 0
1770 0
1771 1
1772 0
1773 2
1774 0
1775 0
1776 0
1777 0
1778 1
1779 0
1780 2
1781 1
1782 0
1783 4
1784 0
1785 2
1786 0
1787 0
1788 0
1789 0
1790 0
1791 0
1792 1
1793 1
1794 1
1795 1
1796 0
1797 0
1798 2
1799 1
1800 0
1801 0
1802 2
1803 1
1804 0
1805 2
1806 0
1807 1
1808 1
1809 0
1810 0
1811 1
1812 0
1813 3
1814 0
1815 0
1816 0
1817 0
1818 1
1819 1
1820 0
1821 0
1822 0
1823 1
1824 0
1825 0
1826 0
1827 0
1828 0
1829 0
1830 2
1831 0
1832 0
1833 0
1834 0
1835 0
1836 0
1837 2
1838 0
1839 0
1840 0
1841 0
1842 0
1843 1
1844 1
1845 0
1846 0
1847 0
1848 0
1849 0
1850 1
1851 0
1852 1
1853 4
1854 2
1855 0
1856 0
1857 2
1858 0
1859 1
1860 1
1861 1
1862 1
1863 0
1864 0
1865 1
1866 1
1867 0
1868 1
1869 0
1870 0
1871 0
1872 0
1873 0
1874 0
1875 0
1876 0
1877 1
1878 0
1879 1
1880 0
1881 1
1882 0
1883 1
1884 0
1885 0
1886 0
1887 1
1888 0
1889 0
1890 1
1891 0
1892 0
1893 1
1894 1
1895 0
1896 2
1897 0
1898 0
1899 0
1900 0
1901 0
1902 2
1903 1
1904 0
1905 0
1906 1
1907 0
1908 0
1909 2
1910 0
1911 0
1912 0
1913 0
1914 0
1915 0
1916 0
1917 0
1918 0
1919 0
1920 0
1921 0
1922 0
1923 1
1924 1
1925 1
1926 1
1927 0
1928 0
1929 0
1930 0
1931 0
1932 0
1933 0
1934 0
1935 0
1936 0
1937 0
1938 0
1939 0
1940 0
1941 0
1942 0
1943 0
1944 1
1945 0
1946 0
1947 0
1948 1
1949 0
1950 0
1951 0
1952 0
1953 0
1954 0
1955 0
1956 0
1957 0
1958 0
1959 0
1960 0
1961 0
1962 2
1963 0
1964 0
1965 0
1966 0
1967 1
1968 0
1969 0
1970 0
1971 0
1972 0
1973 0
1974 0
1975 0
1976 2
1977 1
1978 0
1979 0
1980 1
1981 0
1982 0
1983 0
1984 0
1985 1
1986 0
1987 0
1988 0
1989 0
1990 0
1991 1
1992 0
1993 0
1994 2
1995 0
1996 0
1997 0
1998 1
1999 0
2000 1
2001 0
2002 0
2003 0
2004 0
2005 1
2006 0
2007 1
2008 0
2009 2
2010 0
2011 0
2012 0
2013 0
2014 0
2015 0
2016 0
2017 0
2018 1
2019 0
2020 0
2021 0
2022 0
2023 0
2024 0
2025 0
2026 0
2027 0
2028 0
2029 0
2030 0
2031 1
2032 0
2033 1
2034 0
2035 0
2036 0
2037 0
2038 0
2039 0
2040 0
2041 0
2042 0
2043 0
2044 0
2045 1
2046 0
2047 0
2048 1
2049 0
2050 0
2051 0
2052 0
2053 0
2054 0
2055 1
2056 0
2057 1
2058 0
2059 0
2060 1
2061 0
2062 0
2063 0
2064 0
2065 0
2066 0
2067 0
2068 0
2069 0
2070 0
2071 0
2072 0
2073 0
2074 0
2075 0
2076 0
2077 0
2078 0
2079 1
2080 0
2081 1
2082 0
2083 1
2084 0
2085 0
2086 0
2087 1
2088 0
2089 0
2090 0
2091 0
2092 0
2093 0
2094 0
2095 0
2096 0
2097 0
2098 0
2099 0
2100 0
2101 0
2102 0
2103 0
2104 0
2105 0
2106 0
2107 0
2108 0
2109 0
2110 0
2111 0
2112 0
2113 0
2114 0
2115 0
2116 0
2117 0
2118 0
2119 0
2120 0
2121 1
2122 0
2123 0
2124 0
2125 0
2126 0
2127 0
2128 0
2129 0
2130 0
2131 0
2132 0
2133 0
2134 0
2135 0
2136 0
2137 0
2138 0
2139 0
2140 0
2141 0
2142 0
2143 0
2144 0
2145 0
2146 0
2147 0
2148 0
2149 0
2150 0
2151 0
2152 0
2153 0
2154 0
2155 0
2156 0
2157 0
2158 0
2159 0
2160 0
2161 0
2162 0
2163 0
2164 0
2165 0
2166 0
2167 0
2168 0
2169 0
2170 0
2171 0
2172 0
2173 0
2174 0
2175 0
2176 0
2177 0
2178 0
2179 0
2180 0
2181 0
2182 0
2183 0
2184 0
2185 0
2186 0
2187 0
2188 0
2189 0
2190 0
2191 0
2192 0
2193 0
2194 0
2195 0
2196 0
2197 0
2198 0
2199 0
2200 0
2201 0
2202 0
2203 0
2204 0
2205 0
2206 0
2207 0
2208 0
2209 0
2210 0
2211 0
2212 0
2213 0
2214 0
2215 0
2216 0
2217 0
2218 0
2219 0
2220 0
2221 0
2222 0
2223 0
2224 0
2225 0
2226 0
2227 0
2228 0
2229 0
2230 0
2231 0
2232 0
2233 0
2234 0
2235 0
2236 0
2237 0
2238 0
2239 0
2240 0
2241 0
2242 0
2243 0
2244 0
2245 0
2246 0
2247 0
2248 0
2249 0
2250 0
2251 0
2252 0
2253 0
2254 0
2255 0
2256 0
2257 0
2258 0
2259 0
2260 0
2261 0
2262 0
2263 0
2264 0
2265 0
2266 0
2267 0
2268 0
2269 0
2270 0
2271 0
2272 0
2273 0
2274 0
2275 0
2276 0
2277 0
2278 0
2279 0
2280 0
2281 0
2282 0
2283 0
2284 0
2285 0
2286 1
2287 0
2288 0
2289 0
2290 0
2291 0
2292 0
2293 0
2294 0
2295 0
2296 0
2297 0
2298 0
2299 0
2300 0
2301 0
2302 0
2303 0
2304 0
2305 0
2306 0
2307 0
2308 0
2309 1
2310 0
2311 0
2312 0
2313 0
2314 0
2315 0
2316 0
2317 0
2318 0
2319 0
2320 0
2321 0
2322 0
2323 0
2324 0
2325 0
2326 0
2327 0
2328 0
2329 0
2330 0
2331 0
2332 0
2333 0
2334 0
2335 0
2336 0
2337 0
2338 0
2339 0
2340 0
2341 0
2342 0
2343 0
2344 0
2345 0
2346 0
2347 0
2348 0
2349 0
2350 0
2351 0
2352 0
2353 0
2354 0
2355 0
2356 0
2357 0
2358 0
2359 0
2360 0
2361 0
2362 0
2363 0
2364 0
2365 0
2366 1
2367 0
2368 0
2369 0
2370 0
2371 0
2372 0
2373 0
2374 0
2375 1
2376 0
2377 0
2378 0
2379 0
2380 0
2381 0
2382 0
2383 0
2384 0
2385 0
2386 0
2387 0
2388 0
2389 0
2390 0
2391 0
2392 0
2393 0
2394 0
2395 0
2396 0
2397 0
2398 0
2399 0
2400 0
2401 1
2402 1
2403 0
2404 0
2405 0
2406 0
2407 0
2408 0
2409 0
2410 0
2411 0
2412 0
2413 0
2414 0
2415 0
2416 0
2417 0
2418 0
2419 0
2420 0
2421 0
2422 0
2423 0
2424 0
2425 0
2426 0
2427 0
2428 0
2429 0
2430 0
2431 0
2432 0
2433 0
2434 0
2435 0
2436 0
2437 0
2438 0
2439 0
2440 0
2441 0
2442 0
2443 0
2444 0
2445 0
2446 0
2447 0
2448 0
2449 0
2450 0
2451 0
2452 0
2453 0
2454 0
2455 0
2456 0
2457 0
2458 0
2459 0
2460 0
2461 0
2462 0
2463 0
2464 0
2465 0
2466 0
2467 0
2468 0
2469 0
2470 0
2471 0
2472 0
2473 0
2474 0
2475 0
2476 0
2477 0
2478 0
2479 0
2480 0
2481 0
2482 0
2483 0
2484 0
2485 0
2486 0
2487 0
2488 0
2489 0
2490 0
2491 0
2492 0
2493 0
2494 0
2495 0
2496 0
2497 0
2498 0
2499 0
2500 1
