0 1.0 -1.0 13272370
1 -0.03504511955602061 1.3651867748512525 23118911
2 0.10434589939654279 1.7170738520091504 13697740
3 -0.08552541871320937 2.6083728335612055 10340610
4 -0.1703042083654775 3.1748771453509628 7523396
5 -0.2780951850692587 3.7576205032382894 5460037
6 -0.36938221962606244 4.217829513082225 3975102
7 -0.4877714743706711 4.750664053201233 2904602
8 -0.5896984204225878 5.16103752680717 2131013
9 -0.7048200636526859 5.65232130053358 1570083
10 -0.8061608370166983 6.024658455230606 1161076
11 -0.9165573105485163 6.469544523177238 860339
12 -1.0163254806432942 6.798466535413112 637531
13 -1.1160847079502434 7.203430813400105 473344
14 -1.2139488080727912 7.599880143488266 352790
15 -1.3318385821654395 7.974898238787174 261582
16 -1.4192833053575002 8.388823221850636 194811
17 -1.4979253398507348 9.005545681394517 144843
18 -1.5893852685988554 9.198419661427405 108340
19 -1.6618148455806687 9.75800794829275 80657
20 -1.7542479546884833 10.278618972529108 60382
21 -1.8471517578994214 10.538210299285735 44940
22 -1.9393328391401037 11.04882876138823 33725
23 -2.0292962487976918 11.750968615113392 24952
24 -2.1227986166533652 12.36654224982828 18795
25 -2.149186321600115 13.002802102622017 13949
26 -2.2242429924064875 13.753184730882477 10667
27 -2.3206494165398275 13.606899613138335 7884
28 -2.3656830973904146 14.27595955626607 5863
29 -2.4836272040302267 14.776541948745297 4367
30 -2.629852542882937 15.687763242699887 3323
31 -2.6162097735399286 17.144027525815712 2517
32 -2.566966649020646 16.551909707675133 1889
33 -2.7183391003460207 17.5714380814406 1445
34 -2.7549019607843137 18.228338750830304 1122
35 -3.028235294117647 18.410170242214846 850
36 -3.090909090909091 25.23172282263194 572
37 -3.3995535714285716 20.749910315688815 448
38 -2.6123076923076924 21.23477396449697 325
39 -2.872950819672131 18.439028486965903 244
40 -2.5625 22.544270833333332 192
41 -2.727272727272727 25.805785123966952 132
42 -2.9479166666666665 22.484157986111114 96
43 -2.7666666666666666 23.568888888888864 90
44 -4.779661016949152 25.39442688882511 59
45 -2.4523809523809526 18.519274376417233 42
46 -4.410256410256411 30.689020381328096 39
47 -3.6551724137931036 30.3139120095125 29
48 -5.222222222222222 25.456790123456788 18
49 -3.3636363636363638 63.2809917355372 11
50 -5.8 46.92 5
51 -5.5 16.5 4
52 -2.5 37.8 10
53 -4.285714285714286 32.12244897959184 7
54 -1.6666666666666667 -2.555555555555556 3
55 0.5 2.0 2
56 -3.6666666666666665 0.7777777777777803 3
57 1.0 3.0 2
58 -1.5 -2.0 2
59 -1.0 -1.0 1
60 -2.0 -4.0 1
61 -2.0 -4.0 1
