0 0 0
1 2.141935602255378 0.0
2 2.330187274171143 0.0
3 2.605624446865536 -0.6667717166745355
4 2.851142414311496 -0.8744251770402132
5 3.049425488504831 -1.0829216879966954
6 3.2089490066955433 -1.241989149755244
7 3.3339255037283935 -1.4213355484614634
8 3.4327073852076015 -1.5658970202312248
9 3.5096247166132755 -1.7237210911625416
10 3.568381972729749 -1.8556316409095457
11 3.6175432608722096 -1.9991889380967631
12 3.648254954855731 -2.1220471104995777
13 3.6730199814620246 -2.255115325464777
14 3.692967400627298 -2.3723808581184738
15 3.703261031925397 -2.4987738891478823
16 3.713729111155106 -2.607758438480001
17 3.717806894488182 -2.729381281760849
18 3.7221539083246737 -2.838613341834838
19 3.7181140291720456 -2.9497022454491875
20 3.711475744507107 -3.0549156530830066
21 3.7150495371562555 -3.1654069114383554
22 3.707020179755468 -3.273106460429829
23 3.6995873517974576 -3.372858077703003
24 3.7142608061627227 -3.4797376262121102
25 3.689990547211427 -3.5974049173963976
26 3.686217008797654 -3.6877209055837747
27 3.656765078790074 -3.7832103159040757
28 3.6763183125599235 -3.857331561908252
29 3.6522391793845386 -3.9715855463821246
30 3.6573927530195753 -4.076577046444311
31 3.685338264085273 -4.192415635355379
32 3.6768093274562776 -4.2626188896261885
33 3.703024574669187 -4.31768168957732
34 3.708477082306555 -4.420756264916467
35 3.608809993425378 -4.549766036264379
36 3.641533821628608 -4.6337673774926085
37 3.6793975255513716 -4.7073030003297065
38 3.5479876160990713 -4.820999781707051
39 3.6159274193548385 -4.842037487480326
40 3.6343283582089554 -5.068824404761905
41 3.5647058823529414 -5.121399666746012
42 3.4881422924901186 -5.203050524308866
43 3.5083333333333333 -5.46233874323762
44 3.5238095238095237 -5.579718004338395
45 3.690265486725664 -5.453867028493894
46 3.6459627329192545 -5.599099099099099
47 3.5785714285714287 -5.145124716553288
48 3.311926605504587 -6.2974588938714495
49 3.3734939759036147 -5.955555555555556
50 3.576923076923077 -5.5625
51 4.142857142857143 -5.336391437308868
52 3.5428571428571427 -6.715415019762846
53 3.8846153846153846 -5.6022727272727275
54 3.5294117647058822 -5.774834437086093
55 3.3846153846153846 -4.9921875
56 3.2857142857142856 -6.764705882352941
57 3.0 -6.333333333333333
58 6.166666666666667 -6.213114754098361
59 3.0 -5.439024390243903
60 4.0 -7.206896551724138
61 0 -8.571428571428571
62 5.5 -8.0
63 0 -3.8333333333333335
64 0 -12.125
65 4.5 -3.6666666666666665
66 3.0 -2.75
67 0 0.0
68 0 -2.0
69 4.0 -13.4
70 0 -7.333333333333333
71 0 -5.333333333333333
72 0 0.0
73 0 -9.0
75 5.0 0
80 0 -11.0
81 0 0
82 2.0 0.0
84 0 -4.0
