0 1.0 0.0 234761563
1 -0.023736449440430154 1.3791222351168926 411854394
2 0.1272669568707606 1.7538519515769257 248147200
3 -0.054436064378561445 2.664449543217073 191444663
4 -0.13023884445046083 3.2845103596568985 142396526
5 -0.229404218389407 3.9536115290661202 105690053
6 -0.31577297738824783 4.512691675783053 78582234
7 -0.4272042135250589 5.178029984417212 58736188
8 -0.524816206768887 5.730014808060497 44107990
9 -0.6362064929523984 6.3890631305752486 33235420
10 -0.735014153665615 6.9399328869773225 25100918
11 -0.841097991995489 7.6080035039629434 18991541
12 -0.9373051797766672 8.165027288242463 14403343
13 -1.0402822391816546 8.834426084127195 10933280
14 -1.13416373622103 9.426582995631087 8311307
15 -1.2327121937184113 10.131054039126855 6325470
16 -1.3198375073956456 10.768425593025562 4820404
17 -1.4142342682560325 11.512766411609753 3670143
18 -1.4982753988418929 12.190944912360692 2802677
19 -1.5893718722439976 12.964750981130413 2138514
20 -1.6713280384878078 13.683073335538628 1635427
21 -1.755568902598488 14.529005187090158 1250381
22 -1.841506651753872 15.310391629539637 957567
23 -1.9214386066573004 16.15755188800052 731708
24 -2.009762788734611 17.040406222389677 559164
25 -2.106518785720978 18.055352427197924 426920
26 -2.169429165250982 18.868945098501136 326697
27 -2.2404723328517955 19.874966589093905 250586
28 -2.299912888805429 20.694637229056767 191709
29 -2.387789811690432 21.798582270831215 146992
30 -2.463826402480986 22.786143097872408 111891
31 -2.5470024955022925 24.14634569548446 86155
32 -2.5880642670018323 25.17375277882476 66037
33 -2.6506831809692324 26.11598031572715 50865
34 -2.722717349428535 27.197032400267886 38935
35 -2.822823426866472 28.48739890076735 29829
36 -2.9045462462985543 29.63302409736485 22964
37 -2.92732343065278 30.92710671111169 17571
38 -3.0547707184407344 32.056454727591635 13237
39 -3.0708895949166006 33.228890471527954 10072
40 -3.148431522570773 35.01010274263295 7842
41 -3.2718703489333554 36.53762942721243 6047
42 -3.247438412906039 37.26273324642504 4587
43 -3.476217930239262 40.904378200993 3469
44 -3.520313082370481 41.35432088595259 2683
45 -3.4022346368715084 41.60357042539246 2148
46 -3.5526641883519208 45.02665647087367 1614
47 -3.1850424055512723 40.01973000976692 1297
48 -3.909547738693467 52.49835105174111 995
49 -3.6799007444168734 49.85287145416818 806
50 -3.33953488372093 44.419599783666854 645
51 -3.490322580645161 47.3681859174471 465
52 -4.5584045584045585 59.17536383633251 351
53 -3.501945525291829 48.57684446395857 257
54 -4.043478260869565 55.79038017223272 207
55 -3.7365269461077846 41.379683746279895 167
56 -5.10091743119266 69.76045787391634 109
57 -4.0 67.76315789473684 76
58 -4.538461538461538 52.94082840236686 78
59 -3.9454545454545453 43.03338842975206 55
60 -5.128205128205129 67.75279421433268 39
61 -7.36 92.39040000000001 25
62 -5.285714285714286 102.10884353741497 21
63 -2.9375 14.18359375 16
64 -8.727272727272727 110.01652892561982 11
65 -0.8333333333333334 14.972222222222221 12
66 -1.1666666666666667 16.138888888888886 6
67 0.3333333333333333 0.888888888888889 3
68 -1.0 3.2 5
69 -7.875 163.859375 8
70 -4.4 78.24000000000002 5
71 -4.25 46.6875 4
72 -1.0 0.0 2
73 -9.0 0.0 1
75 5.0 0.0 1
80 -5.0 36.0 2
81 1.0 0.0 2
82 0.5 2.25 2
84 -4.0 0.0 1
