0 0.2704620361328125
1 0.268707275390625
2 0.269439697265625
3 0.269439697265625
4 0.269439697265625
5 0.2667694091796875
6 0.2705535888671875
7 0.26922607421875
8 0.2733612060546875
9 0.2689971923828125
10 0.2691802978515625
11 0.2674102783203125
12 0.26971435546875
13 0.270477294921875
14 0.2709808349609375
15 0.2718963623046875
16 0.272369384765625
17 0.267822265625
18 0.2724609375
19 0.26959228515625
20 0.2743682861328125
21 0.2694549560546875
22 0.2734832763671875
23 0.2710113525390625
24 0.26824951171875
25 0.27276611328125
26 0.2684478759765625
27 0.2723846435546875
28 0.2710418701171875
29 0.2726898193359375
30 0.2711029052734375
31 0.2700958251953125
32 0.2700653076171875
33 0.2728729248046875
34 0.268524169921875
35 0.2684783935546875
36 0.2684326171875
37 0.26995849609375
38 0.2689208984375
39 0.270843505859375
40 0.26934814453125
41 0.2709503173828125
42 0.2706756591796875
43 0.2697296142578125
44 0.270172119140625
45 0.26739501953125
46 0.2687530517578125
47 0.2696075439453125
48 0.269805908203125
49 0.2688140869140625
50 0.2683258056640625
51 0.269744873046875
52 0.2715606689453125
53 0.2686004638671875
54 0.26776123046875
55 0.2656707763671875
56 0.2716217041015625
57 0.271087646484375
58 0.27008056640625
59 0.2708587646484375
60 0.271331787109375
61 0.2706451416015625
62 0.2693634033203125
63 0.2668304443359375
