-35 1
-34 1
-33 0
-32 1
-31 0
-30 4
-29 8
-28 9
-27 14
-26 28
-25 45
-24 87
-23 123
-22 221
-21 380
-20 683
-19 1174
-18 2100
-17 3840
-16 6799
-15 12111
-14 21886
-13 40375
-12 73697
-11 137647
-10 258125
-9 492323
-8 950827
-7 1881461
-6 3820530
-5 8109470
-4 18462690
-3 47314360
-2 124140570
-1 620974781
0 0
1 620979228
2 124129414
3 47317771
4 18460600
5 8116350
6 3818666
7 1882550
8 951735
9 491585
10 257543
11 137174
12 74230
13 39754
14 22106
15 12175
16 6682
17 3779
18 2143
19 1152
20 652
21 412
22 223
23 129
24 81
25 38
26 27
27 14
28 4
29 7
30 2
31 1
32 1
