1 0.4399 0.5601
2 0.4911 0.5089
3 0.4971 0.5029
4 0.4992 0.5008
5 0.5004 0.4996
6 0.5008 0.4992
7 0.5014 0.4986
8 0.5019 0.4981
9 0.5023 0.4977
10 0.5025 0.4975
11 0.5029 0.4971
12 0.5031 0.4969
13 0.5035 0.4965
14 0.5035 0.4965
15 0.5035 0.4965
16 0.5036 0.4964
17 0.5036 0.4964
18 0.5039 0.4961
19 0.5041 0.4959
20 0.5042 0.4958
21 0.5039 0.4961
22 0.5042 0.4958
23 0.5043 0.4957
24 0.5041 0.4959
25 0.5046 0.4954
26 0.5043 0.4957
27 0.5042 0.4958
28 0.5045 0.4955
29 0.5042 0.4958
30 0.5047 0.4953
31 0.505 0.495
32 0.5042 0.4958
33 0.5042 0.4958
34 0.5047 0.4953
35 0.5048 0.4952
36 0.5048 0.4952
37 0.5046 0.4954
38 0.5045 0.4955
39 0.5046 0.4954
40 0.5048 0.4952
41 0.5047 0.4953
42 0.505 0.495
43 0.5047 0.4953
44 0.5045 0.4955
45 0.5046 0.4954
46 0.505 0.495
47 0.5047 0.4953
48 0.5045 0.4955
49 0.5045 0.4955
50 0.5048 0.4952
51 0.5047 0.4953
52 0.505 0.495
53 0.505 0.495
54 0.504 0.496
55 0.5045 0.4955
56 0.5045 0.4955
57 0.5045 0.4955
58 0.5044 0.4956
59 0.5048 0.4952
60 0.5043 0.4957
61 0.5044 0.4956
62 0.5047 0.4953
63 0.5045 0.4955
64 0.5042 0.4958
65 0.505 0.495
66 0.5042 0.4958
67 0.5044 0.4956
68 0.5048 0.4952
69 0.5043 0.4957
70 0.5044 0.4956
71 0.5046 0.4954
72 0.5042 0.4958
73 0.5041 0.4959
74 0.504 0.496
75 0.504 0.496
76 0.5043 0.4957
77 0.5044 0.4956
78 0.504 0.496
79 0.5045 0.4955
80 0.5041 0.4959
81 0.5044 0.4956
82 0.5042 0.4958
83 0.5042 0.4958
84 0.5042 0.4958
85 0.5042 0.4958
86 0.5038 0.4962
87 0.5046 0.4954
88 0.5037 0.4963
89 0.5042 0.4958
90 0.5042 0.4958
91 0.5041 0.4959
92 0.5038 0.4962
93 0.5046 0.4954
94 0.5043 0.4957
95 0.504 0.496
96 0.5037 0.4963
97 0.5032 0.4968
98 0.5039 0.4961
99 0.5037 0.4963
100 0.5039 0.4961
101 0.5038 0.4962
102 0.5042 0.4958
103 0.5035 0.4965
104 0.5036 0.4964
105 0.5033 0.4967
106 0.5037 0.4963
107 0.5038 0.4962
108 0.5037 0.4963
109 0.504 0.496
110 0.5033 0.4967
111 0.5037 0.4963
112 0.5039 0.4961
113 0.5037 0.4963
114 0.5036 0.4964
115 0.504 0.496
116 0.5034 0.4966
117 0.5035 0.4965
118 0.5034 0.4966
119 0.5038 0.4962
120 0.5037 0.4963
121 0.5041 0.4959
122 0.504 0.496
123 0.5037 0.4963
124 0.5033 0.4967
125 0.5035 0.4965
126 0.5032 0.4968
127 0.503 0.497
128 0.5028 0.4972
129 0.5033 0.4967
130 0.5033 0.4967
131 0.5039 0.4961
132 0.503 0.497
133 0.5028 0.4972
134 0.5033 0.4967
135 0.5028 0.4972
136 0.5033 0.4967
137 0.5031 0.4969
138 0.5036 0.4964
139 0.5028 0.4972
140 0.5031 0.4969
141 0.5031 0.4969
142 0.5034 0.4966
143 0.503 0.497
144 0.5027 0.4973
145 0.5029 0.4971
146 0.5029 0.4971
147 0.5029 0.4971
148 0.5027 0.4973
149 0.503 0.497
150 0.503 0.497
151 0.5029 0.4971
152 0.5033 0.4967
153 0.503 0.497
154 0.5027 0.4973
155 0.5029 0.4971
156 0.5027 0.4973
157 0.5025 0.4975
158 0.503 0.497
159 0.503 0.497
160 0.5029 0.4971
161 0.5024 0.4976
162 0.5027 0.4973
163 0.503 0.497
164 0.5032 0.4968
165 0.5034 0.4966
166 0.5026 0.4974
167 0.5028 0.4972
168 0.5032 0.4968
169 0.5029 0.4971
170 0.5024 0.4976
171 0.5023 0.4977
172 0.5031 0.4969
173 0.5027 0.4973
174 0.5026 0.4974
175 0.5028 0.4972
176 0.5029 0.4971
177 0.5024 0.4976
178 0.5027 0.4973
179 0.5019 0.4981
180 0.5023 0.4977
181 0.5033 0.4967
182 0.502 0.498
183 0.5024 0.4976
184 0.5018 0.4982
185 0.5024 0.4976
186 0.5021 0.4979
187 0.5017 0.4983
188 0.5016 0.4984
189 0.5027 0.4973
190 0.5021 0.4979
191 0.5025 0.4975
192 0.5018 0.4982
193 0.5021 0.4979
194 0.502 0.498
195 0.5024 0.4976
196 0.5014 0.4986
197 0.5019 0.4981
198 0.5028 0.4972
199 0.5012 0.4988
200 0.5022 0.4978
201 0.5018 0.4982
202 0.5017 0.4983
203 0.5019 0.4981
204 0.5015 0.4985
205 0.5014 0.4986
206 0.5021 0.4979
207 0.5022 0.4978
208 0.5022 0.4978
209 0.5009 0.4991
210 0.5017 0.4983
211 0.5021 0.4979
212 0.502 0.498
213 0.5013 0.4987
214 0.5017 0.4983
215 0.502 0.498
216 0.5013 0.4987
217 0.5021 0.4979
218 0.5006 0.4994
219 0.5016 0.4984
220 0.5024 0.4976
221 0.5021 0.4979
222 0.5008 0.4992
223 0.5013 0.4987
224 0.5017 0.4983
225 0.5016 0.4984
226 0.5014 0.4986
227 0.5015 0.4985
228 0.5023 0.4977
229 0.5014 0.4986
230 0.5011 0.4989
231 0.5019 0.4981
232 0.501 0.499
233 0.5004 0.4996
234 0.5023 0.4977
235 0.5022 0.4978
236 0.5006 0.4994
237 0.501 0.499
238 0.5019 0.4981
239 0.5014 0.4986
240 0.5004 0.4996
241 0.5021 0.4979
242 0.5011 0.4989
243 0.5015 0.4985
244 0.5018 0.4982
245 0.5013 0.4987
246 0.5008 0.4992
247 0.5001 0.4999
248 0.5014 0.4986
249 0.5012 0.4988
250 0.5004 0.4996
251 0.5013 0.4987
252 0.501 0.499
253 0.5006 0.4994
254 0.5012 0.4988
255 0.501 0.499
256 0.501 0.499
257 0.5002 0.4998
258 0.5012 0.4988
259 0.5006 0.4994
260 0.5017 0.4983
261 0.5013 0.4987
262 0.5007 0.4993
263 0.5011 0.4989
264 0.5015 0.4985
265 0.501 0.499
266 0.5011 0.4989
267 0.5008 0.4992
268 0.5012 0.4988
269 0.4999 0.5001
270 0.5004 0.4996
271 0.5009 0.4991
272 0.5004 0.4996
273 0.5011 0.4989
274 0.5009 0.4991
275 0.5009 0.4991
276 0.4995 0.5005
277 0.5005 0.4995
278 0.5009 0.4991
279 0.5008 0.4992
280 0.5012 0.4988
281 0.5013 0.4987
282 0.5008 0.4992
283 0.501 0.499
284 0.5002 0.4998
285 0.5009 0.4991
286 0.5006 0.4994
287 0.5006 0.4994
288 0.5012 0.4988
289 0.5017 0.4983
290 0.5016 0.4984
291 0.5008 0.4992
292 0.5015 0.4985
293 0.5002 0.4998
294 0.5002 0.4998
295 0.4998 0.5002
296 0.4995 0.5005
297 0.5002 0.4998
298 0.5012 0.4988
299 0.5002 0.4998
300 0.5004 0.4996
301 0.5003 0.4997
302 0.4995 0.5005
303 0.5004 0.4996
304 0.5004 0.4996
305 0.5006 0.4994
306 0.5004 0.4996
307 0.5009 0.4991
308 0.4997 0.5003
309 0.4998 0.5002
310 0.5007 0.4993
311 0.4999 0.5001
312 0.4999 0.5001
313 0.501 0.499
314 0.5 0.5
315 0.5005 0.4995
316 0.5003 0.4997
317 0.5005 0.4995
318 0.5007 0.4993
319 0.5004 0.4996
320 0.5009 0.4991
321 0.5 0.5
322 0.5001 0.4999
323 0.4995 0.5005
324 0.4999 0.5001
325 0.5001 0.4999
326 0.4996 0.5004
327 0.4997 0.5003
328 0.5001 0.4999
329 0.5006 0.4994
330 0.4999 0.5001
331 0.4995 0.5005
332 0.5005 0.4995
333 0.5001 0.4999
334 0.5003 0.4997
335 0.4994 0.5006
336 0.5 0.5
337 0.4989 0.5011
338 0.4998 0.5002
339 0.5006 0.4994
340 0.4996 0.5004
341 0.4999 0.5001
342 0.4999 0.5001
343 0.5009 0.4991
344 0.4995 0.5005
345 0.5002 0.4998
346 0.5003 0.4997
347 0.4987 0.5013
348 0.4999 0.5001
349 0.4991 0.5009
350 0.5002 0.4998
351 0.5008 0.4992
352 0.4998 0.5002
353 0.5003 0.4997
354 0.4981 0.5019
355 0.4993 0.5007
356 0.4993 0.5007
357 0.4995 0.5005
358 0.4996 0.5004
359 0.499 0.501
360 0.5021 0.4979
361 0.4993 0.5007
362 0.4984 0.5016
363 0.5 0.5
364 0.5 0.5
365 0.4991 0.5009
366 0.4993 0.5007
367 0.4991 0.5009
368 0.5007 0.4993
369 0.4998 0.5002
370 0.4995 0.5005
371 0.4996 0.5004
372 0.4993 0.5007
373 0.4995 0.5005
374 0.4998 0.5002
375 0.4995 0.5005
376 0.4994 0.5006
377 0.4986 0.5014
378 0.4997 0.5003
379 0.4989 0.5011
380 0.499 0.501
381 0.4995 0.5005
382 0.4989 0.5011
383 0.4999 0.5001
384 0.4986 0.5014
385 0.5004 0.4996
386 0.5001 0.4999
387 0.4992 0.5008
388 0.499 0.501
389 0.4999 0.5001
390 0.4991 0.5009
391 0.499 0.501
392 0.4986 0.5014
393 0.4997 0.5003
394 0.4987 0.5013
395 0.4987 0.5013
396 0.4995 0.5005
397 0.4978 0.5022
398 0.4979 0.5021
399 0.4991 0.5009
400 0.4999 0.5001
401 0.5002 0.4998
402 0.4995 0.5005
403 0.5002 0.4998
404 0.4991 0.5009
405 0.4991 0.5009
406 0.499 0.501
407 0.499 0.501
408 0.4988 0.5012
409 0.4979 0.5021
410 0.499 0.501
411 0.499 0.501
412 0.4998 0.5002
413 0.4986 0.5014
414 0.4985 0.5015
415 0.4995 0.5005
416 0.4992 0.5008
417 0.4996 0.5004
418 0.5001 0.4999
419 0.4992 0.5008
420 0.499 0.501
421 0.4996 0.5004
422 0.4989 0.5011
423 0.4988 0.5012
424 0.4983 0.5017
425 0.4991 0.5009
426 0.4984 0.5016
427 0.4989 0.5011
428 0.4983 0.5017
429 0.4987 0.5013
430 0.4986 0.5014
431 0.4999 0.5001
432 0.4986 0.5014
433 0.4991 0.5009
434 0.5 0.5
435 0.5002 0.4998
436 0.4998 0.5002
437 0.4994 0.5006
438 0.4999 0.5001
439 0.4987 0.5013
440 0.4986 0.5014
441 0.4981 0.5019
442 0.4995 0.5005
443 0.4975 0.5025
444 0.4983 0.5017
445 0.4989 0.5011
446 0.4991 0.5009
447 0.4976 0.5024
448 0.4997 0.5003
449 0.4997 0.5003
450 0.4991 0.5009
451 0.4992 0.5008
452 0.4975 0.5025
453 0.4981 0.5019
454 0.4993 0.5007
455 0.4978 0.5022
456 0.4983 0.5017
457 0.4989 0.5011
458 0.4982 0.5018
459 0.4978 0.5022
460 0.4986 0.5014
461 0.498 0.502
462 0.4984 0.5016
463 0.4988 0.5012
464 0.4988 0.5012
465 0.4996 0.5004
466 0.4998 0.5002
467 0.4989 0.5011
468 0.4982 0.5018
469 0.4995 0.5005
470 0.4979 0.5021
471 0.4992 0.5008
472 0.4996 0.5004
473 0.498 0.502
474 0.4979 0.5021
475 0.5003 0.4997
476 0.4988 0.5012
477 0.4979 0.5021
478 0.4984 0.5016
479 0.4983 0.5017
480 0.4986 0.5014
481 0.4997 0.5003
482 0.498 0.502
483 0.4979 0.5021
484 0.4997 0.5003
485 0.4969 0.5031
486 0.4975 0.5025
487 0.4977 0.5023
488 0.4992 0.5008
489 0.4984 0.5016
490 0.4985 0.5015
491 0.4984 0.5016
492 0.4977 0.5023
493 0.4973 0.5027
494 0.4979 0.5021
495 0.4968 0.5032
496 0.4974 0.5026
497 0.4978 0.5022
498 0.4979 0.5021
499 0.4973 0.5027
500 0.4969 0.5031
501 0.4989 0.5011
502 0.4982 0.5018
503 0.4974 0.5026
504 0.4975 0.5025
505 0.4983 0.5017
506 0.4991 0.5009
507 0.4984 0.5016
508 0.4986 0.5014
509 0.4983 0.5017
510 0.4972 0.5028
511 0.4969 0.5031
512 0.4968 0.5032
513 0.4975 0.5025
514 0.4971 0.5029
515 0.4997 0.5003
516 0.4978 0.5022
517 0.4977 0.5023
518 0.4971 0.5029
519 0.4982 0.5018
520 0.4973 0.5027
521 0.4976 0.5024
522 0.4973 0.5027
523 0.4974 0.5026
524 0.4959 0.5041
525 0.4975 0.5025
526 0.4983 0.5017
527 0.4964 0.5036
528 0.4984 0.5016
529 0.4996 0.5004
530 0.498 0.502
531 0.4972 0.5028
532 0.4976 0.5024
533 0.498 0.502
534 0.4991 0.5009
535 0.498 0.502
536 0.4992 0.5008
537 0.498 0.502
538 0.4972 0.5028
539 0.4983 0.5017
540 0.4967 0.5033
541 0.4986 0.5014
542 0.4981 0.5019
543 0.4989 0.5011
544 0.4982 0.5018
545 0.497 0.503
546 0.4977 0.5023
547 0.4965 0.5035
548 0.4975 0.5025
549 0.4987 0.5013
550 0.4973 0.5027
551 0.4981 0.5019
552 0.4967 0.5033
553 0.4967 0.5033
554 0.499 0.501
555 0.497 0.503
556 0.4991 0.5009
557 0.499 0.501
558 0.4974 0.5026
559 0.4952 0.5048
560 0.4965 0.5035
561 0.4974 0.5026
562 0.4978 0.5022
563 0.4981 0.5019
564 0.497 0.503
565 0.499 0.501
566 0.4973 0.5027
567 0.4985 0.5015
568 0.4979 0.5021
569 0.4969 0.5031
570 0.4976 0.5024
571 0.4986 0.5014
572 0.4962 0.5038
573 0.497 0.503
574 0.4969 0.5031
575 0.4977 0.5023
576 0.4972 0.5028
577 0.4967 0.5033
578 0.4977 0.5023
579 0.4978 0.5022
580 0.4979 0.5021
581 0.4981 0.5019
582 0.4966 0.5034
583 0.4965 0.5035
584 0.497 0.503
585 0.4985 0.5015
586 0.4984 0.5016
587 0.4964 0.5036
588 0.4973 0.5027
589 0.4975 0.5025
590 0.4967 0.5033
591 0.4979 0.5021
592 0.4987 0.5013
593 0.4989 0.5011
594 0.4966 0.5034
595 0.4975 0.5025
596 0.498 0.502
597 0.4977 0.5023
598 0.4989 0.5011
599 0.4981 0.5019
600 0.4972 0.5028
601 0.4966 0.5034
602 0.4953 0.5047
603 0.4979 0.5021
604 0.4964 0.5036
605 0.4965 0.5035
606 0.4978 0.5022
607 0.4982 0.5018
608 0.4988 0.5012
609 0.4977 0.5023
610 0.4967 0.5033
611 0.4991 0.5009
612 0.4974 0.5026
613 0.4975 0.5025
614 0.4961 0.5039
615 0.4959 0.5041
616 0.4986 0.5014
617 0.4969 0.5031
618 0.4963 0.5037
619 0.497 0.503
620 0.4981 0.5019
621 0.4957 0.5043
622 0.4982 0.5018
623 0.498 0.502
624 0.4992 0.5008
625 0.4971 0.5029
626 0.4972 0.5028
627 0.4971 0.5029
628 0.4974 0.5026
629 0.4972 0.5028
630 0.4967 0.5033
631 0.4975 0.5025
632 0.4958 0.5042
633 0.4986 0.5014
634 0.4971 0.5029
635 0.4981 0.5019
636 0.4977 0.5023
637 0.4972 0.5028
638 0.4984 0.5016
639 0.496 0.504
640 0.4975 0.5025
641 0.4966 0.5034
642 0.4973 0.5027
643 0.4972 0.5028
644 0.498 0.502
645 0.4964 0.5036
646 0.4967 0.5033
647 0.4975 0.5025
648 0.5003 0.4997
649 0.496 0.504
650 0.4959 0.5041
651 0.4978 0.5022
652 0.4957 0.5043
653 0.4955 0.5045
654 0.4964 0.5036
655 0.4972 0.5028
656 0.4973 0.5027
657 0.4984 0.5016
658 0.4973 0.5027
659 0.4968 0.5032
660 0.498 0.502
661 0.4973 0.5027
662 0.4984 0.5016
663 0.4977 0.5023
664 0.4969 0.5031
665 0.4969 0.5031
666 0.4982 0.5018
667 0.4972 0.5028
668 0.4961 0.5039
669 0.4979 0.5021
670 0.4973 0.5027
671 0.4993 0.5007
672 0.4969 0.5031
673 0.4964 0.5036
674 0.4981 0.5019
675 0.4971 0.5029
676 0.4978 0.5022
677 0.4954 0.5046
678 0.4966 0.5034
679 0.4982 0.5018
680 0.4952 0.5048
681 0.4993 0.5007
682 0.4967 0.5033
683 0.4984 0.5016
684 0.4948 0.5052
685 0.4961 0.5039
686 0.4985 0.5015
687 0.4959 0.5041
688 0.4956 0.5044
689 0.4988 0.5012
690 0.4964 0.5036
691 0.4956 0.5044
692 0.4955 0.5045
693 0.4957 0.5043
694 0.4974 0.5026
695 0.496 0.504
696 0.4959 0.5041
697 0.4978 0.5022
698 0.4957 0.5043
699 0.4976 0.5024
700 0.4964 0.5036
701 0.4961 0.5039
702 0.4982 0.5018
703 0.4978 0.5022
704 0.4988 0.5012
705 0.4964 0.5036
706 0.4961 0.5039
707 0.4973 0.5027
708 0.4973 0.5027
709 0.4973 0.5027
710 0.4975 0.5025
711 0.4948 0.5052
712 0.4975 0.5025
713 0.4966 0.5034
714 0.4982 0.5018
715 0.4979 0.5021
716 0.4978 0.5022
717 0.4952 0.5048
718 0.4954 0.5046
719 0.4976 0.5024
720 0.4987 0.5013
721 0.4967 0.5033
722 0.4965 0.5035
723 0.4981 0.5019
724 0.497 0.503
725 0.4971 0.5029
726 0.4973 0.5027
727 0.4968 0.5032
728 0.4976 0.5024
729 0.4953 0.5047
730 0.4956 0.5044
731 0.4974 0.5026
732 0.4963 0.5037
733 0.4948 0.5052
734 0.4961 0.5039
735 0.498 0.502
736 0.4962 0.5038
737 0.4978 0.5022
738 0.4968 0.5032
739 0.4956 0.5044
740 0.4985 0.5015
741 0.4973 0.5027
742 0.4959 0.5041
743 0.4972 0.5028
744 0.4959 0.5041
745 0.4969 0.5031
746 0.4971 0.5029
747 0.4968 0.5032
748 0.4976 0.5024
749 0.4961 0.5039
750 0.4977 0.5023
751 0.4957 0.5043
752 0.4974 0.5026
753 0.4978 0.5022
754 0.496 0.504
755 0.4977 0.5023
756 0.4954 0.5046
757 0.4953 0.5047
758 0.4978 0.5022
759 0.4962 0.5038
760 0.4982 0.5018
761 0.4985 0.5015
762 0.4969 0.5031
763 0.4947 0.5053
764 0.498 0.502
765 0.4957 0.5043
766 0.4981 0.5019
767 0.4968 0.5032
768 0.4949 0.5051
769 0.4968 0.5032
770 0.4963 0.5037
771 0.4958 0.5042
772 0.4953 0.5047
773 0.4948 0.5052
774 0.4953 0.5047
775 0.4942 0.5058
776 0.4964 0.5036
777 0.4942 0.5058
778 0.4956 0.5044
779 0.498 0.502
780 0.4976 0.5024
781 0.4963 0.5037
782 0.4963 0.5037
783 0.4975 0.5025
784 0.4968 0.5032
785 0.4973 0.5027
786 0.4975 0.5025
787 0.4943 0.5057
788 0.4961 0.5039
789 0.4959 0.5041
790 0.4939 0.5061
791 0.4978 0.5022
792 0.4961 0.5039
793 0.4984 0.5016
794 0.4959 0.5041
795 0.4919 0.5081
796 0.4944 0.5056
797 0.4958 0.5042
798 0.4955 0.5045
799 0.4955 0.5045
800 0.4947 0.5053
801 0.4966 0.5034
802 0.4949 0.5051
803 0.4971 0.5029
804 0.4978 0.5022
805 0.4971 0.5029
806 0.4972 0.5028
807 0.4988 0.5012
808 0.496 0.504
809 0.495 0.505
810 0.4957 0.5043
811 0.496 0.504
812 0.4981 0.5019
813 0.497 0.503
814 0.4951 0.5049
815 0.4946 0.5054
816 0.4969 0.5031
817 0.4966 0.5034
818 0.4964 0.5036
819 0.4942 0.5058
820 0.4957 0.5043
821 0.4949 0.5051
822 0.4953 0.5047
823 0.4971 0.5029
824 0.4962 0.5038
825 0.4963 0.5037
826 0.495 0.505
827 0.4963 0.5037
828 0.4959 0.5041
829 0.4953 0.5047
830 0.4949 0.5051
831 0.4986 0.5014
832 0.4956 0.5044
833 0.4973 0.5027
834 0.4953 0.5047
835 0.4953 0.5047
836 0.4992 0.5008
837 0.496 0.504
838 0.4976 0.5024
839 0.4951 0.5049
840 0.4941 0.5059
841 0.4948 0.5052
842 0.4967 0.5033
843 0.4958 0.5042
844 0.4973 0.5027
845 0.4968 0.5032
846 0.4967 0.5033
847 0.4935 0.5065
848 0.4955 0.5045
849 0.4948 0.5052
850 0.4957 0.5043
851 0.4973 0.5027
852 0.4946 0.5054
853 0.4958 0.5042
854 0.4943 0.5057
855 0.4938 0.5062
856 0.4944 0.5056
857 0.4943 0.5057
858 0.4974 0.5026
859 0.4941 0.5059
860 0.4954 0.5046
861 0.4964 0.5036
862 0.4971 0.5029
863 0.4963 0.5037
864 0.498 0.502
865 0.4927 0.5073
866 0.4961 0.5039
867 0.4969 0.5031
868 0.4969 0.5031
869 0.4963 0.5037
870 0.4939 0.5061
871 0.4976 0.5024
872 0.4964 0.5036
873 0.4932 0.5068
874 0.499 0.501
875 0.4972 0.5028
876 0.4974 0.5026
877 0.4971 0.5029
878 0.4933 0.5067
879 0.4959 0.5041
880 0.4971 0.5029
881 0.4946 0.5054
882 0.4965 0.5035
883 0.4948 0.5052
884 0.497 0.503
885 0.4962 0.5038
886 0.4956 0.5044
887 0.4936 0.5064
888 0.4947 0.5053
889 0.4954 0.5046
890 0.4974 0.5026
891 0.4941 0.5059
892 0.495 0.505
893 0.4968 0.5032
894 0.4925 0.5075
895 0.4969 0.5031
896 0.4962 0.5038
897 0.4973 0.5027
898 0.4948 0.5052
899 0.4957 0.5043
900 0.495 0.505
901 0.4964 0.5036
902 0.4972 0.5028
903 0.4995 0.5005
904 0.4951 0.5049
905 0.4938 0.5062
906 0.4926 0.5074
907 0.4965 0.5035
908 0.495 0.505
909 0.4952 0.5048
910 0.4979 0.5021
911 0.4947 0.5053
912 0.4939 0.5061
913 0.4966 0.5034
914 0.4938 0.5062
915 0.4947 0.5053
916 0.4979 0.5021
917 0.4972 0.5028
918 0.4946 0.5054
919 0.4942 0.5058
920 0.4964 0.5036
921 0.4976 0.5024
922 0.4948 0.5052
923 0.4939 0.5061
924 0.4998 0.5002
925 0.4968 0.5032
926 0.4949 0.5051
927 0.4943 0.5057
928 0.4958 0.5042
929 0.4963 0.5037
930 0.4959 0.5041
931 0.4955 0.5045
932 0.4917 0.5083
933 0.4945 0.5055
934 0.4963 0.5037
935 0.4945 0.5055
936 0.4943 0.5057
937 0.4958 0.5042
938 0.4948 0.5052
939 0.4969 0.5031
940 0.4949 0.5051
941 0.4944 0.5056
942 0.4954 0.5046
943 0.4983 0.5017
944 0.4969 0.5031
945 0.4936 0.5064
946 0.4936 0.5064
947 0.4926 0.5074
948 0.4965 0.5035
949 0.4962 0.5038
950 0.4942 0.5058
951 0.4934 0.5066
952 0.4974 0.5026
953 0.4988 0.5012
954 0.4969 0.5031
955 0.4927 0.5073
956 0.4976 0.5024
957 0.4935 0.5065
958 0.4961 0.5039
959 0.4931 0.5069
960 0.4943 0.5057
961 0.4959 0.5041
962 0.4944 0.5056
963 0.4955 0.5045
964 0.4933 0.5067
965 0.4957 0.5043
966 0.4961 0.5039
967 0.4952 0.5048
968 0.496 0.504
969 0.4965 0.5035
970 0.4956 0.5044
971 0.4949 0.5051
972 0.4945 0.5055
973 0.499 0.501
974 0.4937 0.5063
975 0.4959 0.5041
976 0.4951 0.5049
977 0.4931 0.5069
978 0.494 0.506
979 0.4965 0.5035
980 0.4966 0.5034
981 0.496 0.504
982 0.4956 0.5044
983 0.4945 0.5055
984 0.4961 0.5039
985 0.4971 0.5029
986 0.5014 0.4986
987 0.494 0.506
988 0.494 0.506
989 0.4926 0.5074
990 0.4959 0.5041
991 0.4963 0.5037
992 0.4982 0.5018
993 0.4961 0.5039
994 0.4908 0.5092
995 0.4932 0.5068
996 0.5 0.5
997 0.495 0.505
998 0.4981 0.5019
999 0.4967 0.5033
1000 0.4986 0.5014
1001 0.4975 0.5025
1002 0.4954 0.5046
1003 0.4954 0.5046
1004 0.4956 0.5044
1005 0.4945 0.5055
1006 0.4963 0.5037
1007 0.4966 0.5034
1008 0.4954 0.5046
1009 0.4954 0.5046
1010 0.4919 0.5081
1011 0.495 0.505
1012 0.4964 0.5036
1013 0.4971 0.5029
1014 0.4927 0.5073
1015 0.4953 0.5047
1016 0.4945 0.5055
1017 0.4959 0.5041
1018 0.4919 0.5081
1019 0.4943 0.5057
1020 0.4948 0.5052
1021 0.4956 0.5044
1022 0.4926 0.5074
1023 0.4945 0.5055
1024 0.4963 0.5037
1025 0.4939 0.5061
1026 0.4967 0.5033
1027 0.4949 0.5051
1028 0.4946 0.5054
1029 0.4933 0.5067
1030 0.4981 0.5019
1031 0.4968 0.5032
1032 0.4976 0.5024
1033 0.4964 0.5036
1034 0.4943 0.5057
1035 0.496 0.504
1036 0.4934 0.5066
1037 0.4962 0.5038
1038 0.4933 0.5067
1039 0.4944 0.5056
1040 0.4949 0.5051
1041 0.4932 0.5068
1042 0.4931 0.5069
1043 0.4946 0.5054
1044 0.4936 0.5064
1045 0.4959 0.5041
1046 0.4981 0.5019
1047 0.4985 0.5015
1048 0.4966 0.5034
1049 0.4968 0.5032
1050 0.4954 0.5046
1051 0.4942 0.5058
1052 0.4979 0.5021
1053 0.4954 0.5046
1054 0.4927 0.5073
1055 0.495 0.505
1056 0.4889 0.5111
1057 0.4938 0.5062
1058 0.4984 0.5016
1059 0.4921 0.5079
1060 0.4978 0.5022
1061 0.4953 0.5047
1062 0.4962 0.5038
1063 0.494 0.506
1064 0.4959 0.5041
1065 0.4926 0.5074
1066 0.4967 0.5033
1067 0.495 0.505
1068 0.4938 0.5062
1069 0.493 0.507
1070 0.4969 0.5031
1071 0.4953 0.5047
1072 0.4962 0.5038
1073 0.4946 0.5054
1074 0.4959 0.5041
1075 0.4937 0.5063
1076 0.4928 0.5072
1077 0.4955 0.5045
1078 0.4958 0.5042
1079 0.4938 0.5062
1080 0.4943 0.5057
1081 0.4954 0.5046
1082 0.4947 0.5053
1083 0.4913 0.5087
1084 0.4914 0.5086
1085 0.4956 0.5044
1086 0.4946 0.5054
1087 0.4964 0.5036
1088 0.4968 0.5032
1089 0.4959 0.5041
1090 0.4963 0.5037
1091 0.4965 0.5035
1092 0.498 0.502
1093 0.4949 0.5051
1094 0.4932 0.5068
1095 0.4914 0.5086
1096 0.4976 0.5024
1097 0.5004 0.4996
1098 0.4973 0.5027
1099 0.4964 0.5036
1100 0.4944 0.5056
1101 0.497 0.503
1102 0.4912 0.5088
1103 0.4917 0.5083
1104 0.4947 0.5053
1105 0.4955 0.5045
1106 0.4934 0.5066
1107 0.4914 0.5086
1108 0.4944 0.5056
1109 0.494 0.506
1110 0.4976 0.5024
1111 0.4932 0.5068
1112 0.4941 0.5059
1113 0.4962 0.5038
1114 0.4956 0.5044
1115 0.4881 0.5119
1116 0.4891 0.5109
1117 0.4949 0.5051
1118 0.4963 0.5037
1119 0.4925 0.5075
1120 0.4922 0.5078
1121 0.4963 0.5037
1122 0.4941 0.5059
1123 0.491 0.509
1124 0.4986 0.5014
1125 0.4915 0.5085
1126 0.4924 0.5076
1127 0.4981 0.5019
1128 0.4935 0.5065
1129 0.4964 0.5036
1130 0.4935 0.5065
1131 0.4986 0.5014
1132 0.4982 0.5018
1133 0.4978 0.5022
1134 0.4956 0.5044
1135 0.4935 0.5065
1136 0.4969 0.5031
1137 0.4959 0.5041
1138 0.4939 0.5061
1139 0.4899 0.5101
1140 0.497 0.503
1141 0.4967 0.5033
1142 0.4978 0.5022
1143 0.4978 0.5022
1144 0.4946 0.5054
1145 0.4947 0.5053
1146 0.4978 0.5022
1147 0.4925 0.5075
1148 0.494 0.506
1149 0.4988 0.5012
1150 0.4938 0.5062
1151 0.4919 0.5081
1152 0.4957 0.5043
1153 0.4981 0.5019
1154 0.4896 0.5104
1155 0.4938 0.5062
1156 0.4963 0.5037
1157 0.4988 0.5012
1158 0.4963 0.5037
1159 0.4971 0.5029
1160 0.4903 0.5097
1161 0.495 0.505
1162 0.4931 0.5069
1163 0.4998 0.5002
1164 0.4931 0.5069
1165 0.4931 0.5069
1166 0.4956 0.5044
1167 0.4985 0.5015
1168 0.4928 0.5072
1169 0.4982 0.5018
1170 0.4913 0.5087
1171 0.4901 0.5099
1172 0.4953 0.5047
1173 0.4907 0.5093
1174 0.4953 0.5047
1175 0.4961 0.5039
1176 0.4924 0.5076
1177 0.4936 0.5064
1178 0.4925 0.5075
1179 0.4925 0.5075
1180 0.4939 0.5061
1181 0.4987 0.5013
1182 0.4938 0.5062
1183 0.4966 0.5034
1184 0.4962 0.5038
1185 0.4952 0.5048
1186 0.4909 0.5091
1187 0.4935 0.5065
1188 0.4953 0.5047
1189 0.4961 0.5039
1190 0.4953 0.5047
1191 0.4964 0.5036
1192 0.4947 0.5053
1193 0.4939 0.5061
1194 0.4933 0.5067
1195 0.4887 0.5113
1196 0.4928 0.5072
1197 0.4946 0.5054
1198 0.4958 0.5042
1199 0.4942 0.5058
1200 0.4904 0.5096
1201 0.4962 0.5038
1202 0.4938 0.5062
1203 0.4963 0.5037
1204 0.4928 0.5072
1205 0.4946 0.5054
1206 0.4932 0.5068
1207 0.4917 0.5083
1208 0.4976 0.5024
1209 0.501 0.499
1210 0.4974 0.5026
1211 0.4967 0.5033
1212 0.4969 0.5031
1213 0.4926 0.5074
1214 0.496 0.504
1215 0.4963 0.5037
1216 0.4906 0.5094
1217 0.4968 0.5032
1218 0.4932 0.5068
1219 0.4976 0.5024
1220 0.494 0.506
1221 0.494 0.506
1222 0.4944 0.5056
1223 0.4947 0.5053
1224 0.492 0.508
1225 0.4945 0.5055
1226 0.493 0.507
1227 0.4941 0.5059
1228 0.495 0.505
1229 0.4961 0.5039
1230 0.494 0.506
1231 0.4945 0.5055
1232 0.4872 0.5128
1233 0.4937 0.5063
1234 0.4966 0.5034
1235 0.4921 0.5079
1236 0.4942 0.5058
1237 0.4986 0.5014
1238 0.4885 0.5115
1239 0.4937 0.5063
1240 0.4915 0.5085
1241 0.4943 0.5057
1242 0.4965 0.5035
1243 0.4984 0.5016
1244 0.502 0.498
1245 0.496 0.504
1246 0.4919 0.5081
1247 0.4979 0.5021
1248 0.4929 0.5071
1249 0.4953 0.5047
1250 0.4926 0.5074
1251 0.494 0.506
1252 0.4918 0.5082
1253 0.4907 0.5093
1254 0.4978 0.5022
1255 0.4907 0.5093
1256 0.4893 0.5107
1257 0.501 0.499
1258 0.4982 0.5018
1259 0.4931 0.5069
1260 0.4948 0.5052
1261 0.4947 0.5053
1262 0.4934 0.5066
1263 0.4971 0.5029
1264 0.4956 0.5044
1265 0.4932 0.5068
1266 0.4979 0.5021
1267 0.4932 0.5068
1268 0.4955 0.5045
1269 0.4939 0.5061
1270 0.4931 0.5069
1271 0.4925 0.5075
1272 0.497 0.503
1273 0.4955 0.5045
1274 0.4923 0.5077
1275 0.4953 0.5047
1276 0.4943 0.5057
1277 0.4929 0.5071
1278 0.4913 0.5087
1279 0.496 0.504
1280 0.4971 0.5029
1281 0.4964 0.5036
1282 0.4971 0.5029
1283 0.4956 0.5044
1284 0.4891 0.5109
1285 0.4978 0.5022
1286 0.4933 0.5067
1287 0.4923 0.5077
1288 0.4932 0.5068
1289 0.4941 0.5059
1290 0.4965 0.5035
1291 0.4939 0.5061
1292 0.4932 0.5068
1293 0.4967 0.5033
1294 0.4975 0.5025
1295 0.4964 0.5036
1296 0.493 0.507
1297 0.4962 0.5038
1298 0.4957 0.5043
1299 0.502 0.498
1300 0.4937 0.5063
1301 0.4932 0.5068
1302 0.4853 0.5147
1303 0.492 0.508
1304 0.498 0.502
1305 0.4993 0.5007
1306 0.5004 0.4996
1307 0.4947 0.5053
1308 0.4936 0.5064
1309 0.4935 0.5065
1310 0.4958 0.5042
1311 0.4991 0.5009
1312 0.495 0.505
1313 0.5013 0.4987
1314 0.4901 0.5099
1315 0.4954 0.5046
1316 0.4919 0.5081
1317 0.4923 0.5077
1318 0.4916 0.5084
1319 0.4911 0.5089
1320 0.4913 0.5087
1321 0.4939 0.5061
1322 0.495 0.505
1323 0.4917 0.5083
1324 0.4904 0.5096
1325 0.49 0.51
1326 0.4973 0.5027
1327 0.4959 0.5041
1328 0.498 0.502
1329 0.4924 0.5076
1330 0.4933 0.5067
1331 0.4965 0.5035
1332 0.4943 0.5057
1333 0.4925 0.5075
1334 0.4969 0.5031
1335 0.4903 0.5097
1336 0.4932 0.5068
1337 0.4899 0.5101
1338 0.4906 0.5094
1339 0.4948 0.5052
1340 0.4937 0.5063
1341 0.4927 0.5073
1342 0.4945 0.5055
1343 0.4906 0.5094
1344 0.4926 0.5074
1345 0.4989 0.5011
1346 0.493 0.507
1347 0.4922 0.5078
1348 0.4943 0.5057
1349 0.4955 0.5045
1350 0.4924 0.5076
1351 0.4898 0.5102
1352 0.4972 0.5028
1353 0.4941 0.5059
1354 0.498 0.502
1355 0.5003 0.4997
1356 0.4941 0.5059
1357 0.4968 0.5032
1358 0.4924 0.5076
1359 0.4949 0.5051
1360 0.4916 0.5084
1361 0.493 0.507
1362 0.4996 0.5004
1363 0.4957 0.5043
1364 0.4942 0.5058
1365 0.4908 0.5092
1366 0.49 0.51
1367 0.4918 0.5082
1368 0.4946 0.5054
1369 0.493 0.507
1370 0.4946 0.5054
1371 0.4929 0.5071
1372 0.4978 0.5022
1373 0.494 0.506
1374 0.4989 0.5011
1375 0.4922 0.5078
1376 0.4958 0.5042
1377 0.4937 0.5063
1378 0.4984 0.5016
1379 0.4897 0.5103
1380 0.4957 0.5043
1381 0.5001 0.4999
1382 0.4973 0.5027
1383 0.4966 0.5034
1384 0.4943 0.5057
1385 0.4935 0.5065
1386 0.4958 0.5042
1387 0.4933 0.5067
1388 0.4935 0.5065
1389 0.4954 0.5046
1390 0.4918 0.5082
1391 0.4951 0.5049
1392 0.4925 0.5075
1393 0.4967 0.5033
1394 0.4919 0.5081
1395 0.4913 0.5087
1396 0.4925 0.5075
1397 0.4983 0.5017
1398 0.4923 0.5077
1399 0.4992 0.5008
1400 0.4971 0.5029
1401 0.4964 0.5036
1402 0.4959 0.5041
1403 0.4968 0.5032
1404 0.4975 0.5025
1405 0.4897 0.5103
1406 0.4968 0.5032
1407 0.4963 0.5037
1408 0.4936 0.5064
1409 0.4925 0.5075
1410 0.4985 0.5015
1411 0.4929 0.5071
1412 0.5011 0.4989
1413 0.4879 0.5121
1414 0.4916 0.5084
1415 0.5061 0.4939
1416 0.4987 0.5013
1417 0.4992 0.5008
1418 0.4907 0.5093
1419 0.4988 0.5012
1420 0.4983 0.5017
1421 0.4953 0.5047
1422 0.4875 0.5125
1423 0.4959 0.5041
1424 0.4903 0.5097
1425 0.495 0.505
1426 0.4957 0.5043
1427 0.4994 0.5006
1428 0.4959 0.5041
1429 0.5004 0.4996
1430 0.4903 0.5097
1431 0.4914 0.5086
1432 0.4892 0.5108
1433 0.493 0.507
1434 0.493 0.507
1435 0.4954 0.5046
1436 0.4989 0.5011
1437 0.498 0.502
1438 0.4925 0.5075
1439 0.4977 0.5023
1440 0.4873 0.5127
1441 0.4943 0.5057
1442 0.4987 0.5013
1443 0.4944 0.5056
1444 0.4986 0.5014
1445 0.5019 0.4981
1446 0.5001 0.4999
1447 0.4949 0.5051
1448 0.4892 0.5108
1449 0.4931 0.5069
1450 0.4917 0.5083
1451 0.4973 0.5027
1452 0.4953 0.5047
1453 0.4914 0.5086
1454 0.4978 0.5022
1455 0.4968 0.5032
1456 0.4976 0.5024
1457 0.4987 0.5013
1458 0.4961 0.5039
1459 0.4875 0.5125
1460 0.4913 0.5087
1461 0.504 0.496
1462 0.494 0.506
1463 0.4942 0.5058
1464 0.4982 0.5018
1465 0.4888 0.5112
1466 0.4922 0.5078
1467 0.4933 0.5067
1468 0.4862 0.5138
1469 0.4944 0.5056
1470 0.4829 0.5171
1471 0.4987 0.5013
1472 0.4964 0.5036
1473 0.4961 0.5039
1474 0.492 0.508
1475 0.4963 0.5037
1476 0.4916 0.5084
1477 0.4997 0.5003
1478 0.4885 0.5115
1479 0.4893 0.5107
1480 0.4962 0.5038
1481 0.4872 0.5128
1482 0.4928 0.5072
1483 0.4968 0.5032
1484 0.4971 0.5029
1485 0.4974 0.5026
1486 0.4875 0.5125
1487 0.4924 0.5076
1488 0.494 0.506
1489 0.4955 0.5045
1490 0.5004 0.4996
1491 0.4896 0.5104
1492 0.4921 0.5079
1493 0.4922 0.5078
1494 0.4931 0.5069
1495 0.4958 0.5042
1496 0.499 0.501
1497 0.5023 0.4977
1498 0.4909 0.5091
1499 0.4951 0.5049
1500 0.5055 0.4945
1501 0.4924 0.5076
1502 0.4981 0.5019
1503 0.4826 0.5174
1504 0.4886 0.5114
1505 0.4966 0.5034
1506 0.4986 0.5014
1507 0.4928 0.5072
1508 0.4923 0.5077
1509 0.4903 0.5097
1510 0.49 0.51
1511 0.4913 0.5087
1512 0.4957 0.5043
1513 0.4947 0.5053
1514 0.49 0.51
1515 0.4858 0.5142
1516 0.496 0.504
1517 0.4924 0.5076
1518 0.4884 0.5116
1519 0.4926 0.5074
1520 0.501 0.499
1521 0.4939 0.5061
1522 0.4915 0.5085
1523 0.4996 0.5004
1524 0.5004 0.4996
1525 0.4913 0.5087
1526 0.493 0.507
1527 0.4907 0.5093
1528 0.499 0.501
1529 0.4865 0.5135
1530 0.4878 0.5122
1531 0.4993 0.5007
1532 0.497 0.503
1533 0.4991 0.5009
1534 0.4865 0.5135
1535 0.4951 0.5049
1536 0.4909 0.5091
1537 0.4944 0.5056
1538 0.4857 0.5143
1539 0.4963 0.5037
1540 0.4951 0.5049
1541 0.4998 0.5002
1542 0.4939 0.5061
1543 0.4879 0.5121
1544 0.4933 0.5067
1545 0.4972 0.5028
1546 0.4941 0.5059
1547 0.4959 0.5041
1548 0.4913 0.5087
1549 0.4891 0.5109
1550 0.4985 0.5015
1551 0.4988 0.5012
1552 0.4987 0.5013
1553 0.4961 0.5039
1554 0.4933 0.5067
1555 0.5 0.5
1556 0.4933 0.5067
1557 0.4962 0.5038
1558 0.4939 0.5061
1559 0.4984 0.5016
1560 0.4966 0.5034
1561 0.49 0.51
1562 0.4938 0.5062
1563 0.489 0.511
1564 0.5014 0.4986
1565 0.4931 0.5069
1566 0.5029 0.4971
1567 0.4953 0.5047
1568 0.4945 0.5055
1569 0.4965 0.5035
1570 0.4976 0.5024
1571 0.4957 0.5043
1572 0.4983 0.5017
1573 0.493 0.507
1574 0.4851 0.5149
1575 0.4995 0.5005
1576 0.4893 0.5107
1577 0.4958 0.5042
1578 0.505 0.495
1579 0.5001 0.4999
1580 0.4909 0.5091
1581 0.4927 0.5073
1582 0.4878 0.5122
1583 0.4904 0.5096
1584 0.492 0.508
1585 0.4928 0.5072
1586 0.4872 0.5128
1587 0.4974 0.5026
1588 0.4915 0.5085
1589 0.4999 0.5001
1590 0.5045 0.4955
1591 0.5006 0.4994
1592 0.4856 0.5144
1593 0.4934 0.5066
1594 0.4912 0.5088
1595 0.4924 0.5076
1596 0.4912 0.5088
1597 0.4969 0.5031
1598 0.4861 0.5139
1599 0.4865 0.5135
1600 0.492 0.508
1601 0.5003 0.4997
1602 0.4918 0.5082
1603 0.4955 0.5045
1604 0.4854 0.5146
1605 0.4932 0.5068
1606 0.4956 0.5044
1607 0.4984 0.5016
1608 0.5024 0.4976
1609 0.4869 0.5131
1610 0.4938 0.5062
1611 0.4941 0.5059
1612 0.4932 0.5068
1613 0.4886 0.5114
1614 0.5 0.5
1615 0.5012 0.4988
1616 0.494 0.506
1617 0.4948 0.5052
1618 0.4856 0.5144
1619 0.5006 0.4994
1620 0.4841 0.5159
1621 0.4881 0.5119
1622 0.4973 0.5027
1623 0.5005 0.4995
1624 0.4882 0.5118
1625 0.4968 0.5032
1626 0.4934 0.5066
1627 0.4987 0.5013
1628 0.4964 0.5036
1629 0.4847 0.5153
1630 0.4847 0.5153
1631 0.495 0.505
1632 0.4905 0.5095
1633 0.4941 0.5059
1634 0.4974 0.5026
1635 0.4866 0.5134
1636 0.4754 0.5246
1637 0.4921 0.5079
1638 0.4857 0.5143
1639 0.4928 0.5072
1640 0.4932 0.5068
1641 0.4928 0.5072
1642 0.4841 0.5159
1643 0.4989 0.5011
1644 0.4978 0.5022
1645 0.4849 0.5151
1646 0.4946 0.5054
1647 0.4899 0.5101
1648 0.494 0.506
1649 0.4968 0.5032
1650 0.4999 0.5001
1651 0.4879 0.5121
1652 0.5067 0.4933
1653 0.4979 0.5021
1654 0.496 0.504
1655 0.4964 0.5036
1656 0.489 0.511
1657 0.5026 0.4974
1658 0.4911 0.5089
1659 0.491 0.509
1660 0.4954 0.5046
1661 0.4951 0.5049
1662 0.4912 0.5088
1663 0.4923 0.5077
1664 0.4994 0.5006
1665 0.491 0.509
1666 0.496 0.504
1667 0.4885 0.5115
1668 0.5033 0.4967
1669 0.4934 0.5066
1670 0.4884 0.5116
1671 0.4963 0.5037
1672 0.4882 0.5118
1673 0.4952 0.5048
1674 0.4896 0.5104
1675 0.4991 0.5009
1676 0.4882 0.5118
1677 0.4984 0.5016
1678 0.492 0.508
1679 0.4967 0.5033
1680 0.4954 0.5046
1681 0.4994 0.5006
1682 0.4993 0.5007
1683 0.4941 0.5059
1684 0.4913 0.5087
1685 0.4785 0.5215
1686 0.5061 0.4939
1687 0.4879 0.5121
1688 0.4965 0.5035
1689 0.4926 0.5074
1690 0.4967 0.5033
1691 0.4921 0.5079
1692 0.4905 0.5095
1693 0.4915 0.5085
1694 0.4866 0.5134
1695 0.4963 0.5037
1696 0.5006 0.4994
1697 0.4824 0.5176
1698 0.5002 0.4998
1699 0.4927 0.5073
1700 0.496 0.504
1701 0.4818 0.5182
1702 0.5049 0.4951
1703 0.4942 0.5058
1704 0.5003 0.4997
1705 0.5101 0.4899
1706 0.4932 0.5068
1707 0.4934 0.5066
1708 0.4929 0.5071
1709 0.4861 0.5139
1710 0.4908 0.5092
1711 0.4962 0.5038
1712 0.4973 0.5027
1713 0.4874 0.5126
1714 0.494 0.506
1715 0.4909 0.5091
1716 0.5018 0.4982
1717 0.4924 0.5076
1718 0.4966 0.5034
1719 0.4947 0.5053
1720 0.4947 0.5053
1721 0.5036 0.4964
1722 0.4949 0.5051
1723 0.4944 0.5056
1724 0.492 0.508
1725 0.4913 0.5087
1726 0.4948 0.5052
1727 0.4937 0.5063
1728 0.4848 0.5152
1729 0.4972 0.5028
1730 0.4906 0.5094
1731 0.5051 0.4949
1732 0.4813 0.5187
1733 0.499 0.501
1734 0.4977 0.5023
1735 0.4866 0.5134
1736 0.495 0.505
1737 0.4904 0.5096
1738 0.4937 0.5063
1739 0.5036 0.4964
1740 0.5004 0.4996
1741 0.4954 0.5046
1742 0.4904 0.5096
1743 0.5056 0.4944
1744 0.4924 0.5076
1745 0.4967 0.5033
1746 0.4952 0.5048
1747 0.5056 0.4944
1748 0.4881 0.5119
1749 0.477 0.523
1750 0.4872 0.5128
1751 0.4832 0.5168
1752 0.4935 0.5065
1753 0.4979 0.5021
1754 0.4891 0.5109
1755 0.4881 0.5119
1756 0.4971 0.5029
1757 0.5014 0.4986
1758 0.4989 0.5011
1759 0.496 0.504
1760 0.4972 0.5028
1761 0.5044 0.4956
1762 0.5071 0.4929
1763 0.4831 0.5169
1764 0.4845 0.5155
1765 0.4989 0.5011
1766 0.4993 0.5007
1767 0.4967 0.5033
1768 0.4893 0.5107
1769 0.5058 0.4942
1770 0.4878 0.5122
1771 0.4982 0.5018
1772 0.4924 0.5076
1773 0.4839 0.5161
1774 0.4973 0.5027
1775 0.4932 0.5068
1776 0.495 0.505
1777 0.5009 0.4991
1778 0.4908 0.5092
1779 0.4953 0.5047
1780 0.4921 0.5079
1781 0.4778 0.5222
1782 0.4923 0.5077
1783 0.4999 0.5001
1784 0.5042 0.4958
1785 0.4953 0.5047
1786 0.4943 0.5057
1787 0.4902 0.5098
1788 0.4924 0.5076
1789 0.4908 0.5092
1790 0.4929 0.5071
1791 0.5053 0.4947
1792 0.4985 0.5015
1793 0.5037 0.4963
1794 0.4944 0.5056
1795 0.4836 0.5164
1796 0.478 0.522
1797 0.5024 0.4976
1798 0.488 0.512
1799 0.4961 0.5039
1800 0.5044 0.4956
1801 0.4842 0.5158
1802 0.4816 0.5184
1803 0.4868 0.5132
1804 0.486 0.514
1805 0.5048 0.4952
1806 0.4784 0.5216
1807 0.4958 0.5042
1808 0.509 0.491
1809 0.4775 0.5225
1810 0.5018 0.4982
1811 0.4886 0.5114
1812 0.4919 0.5081
1813 0.4772 0.5228
1814 0.4907 0.5093
1815 0.4861 0.5139
1816 0.5028 0.4972
1817 0.5025 0.4975
1818 0.4818 0.5182
1819 0.5097 0.4903
1820 0.4859 0.5141
1821 0.489 0.511
1822 0.4943 0.5057
1823 0.4933 0.5067
1824 0.4871 0.5129
1825 0.4868 0.5132
1826 0.4787 0.5213
1827 0.5022 0.4978
1828 0.4947 0.5053
1829 0.4929 0.5071
1830 0.5026 0.4974
1831 0.4973 0.5027
1832 0.4827 0.5173
1833 0.5037 0.4963
1834 0.4953 0.5047
1835 0.4884 0.5116
1836 0.4941 0.5059
1837 0.4974 0.5026
1838 0.5033 0.4967
1839 0.4883 0.5117
1840 0.4871 0.5129
1841 0.4928 0.5072
1842 0.4914 0.5086
1843 0.4927 0.5073
1844 0.5009 0.4991
1845 0.4789 0.5211
1846 0.5019 0.4981
1847 0.4886 0.5114
1848 0.5084 0.4916
1849 0.4925 0.5075
1850 0.4931 0.5069
1851 0.4882 0.5118
1852 0.5008 0.4992
1853 0.5068 0.4932
1854 0.5031 0.4969
1855 0.4876 0.5124
1856 0.5011 0.4989
1857 0.4976 0.5024
1858 0.5059 0.4941
1859 0.4885 0.5115
1860 0.4993 0.5007
1861 0.4917 0.5083
1862 0.5012 0.4988
1863 0.4935 0.5065
1864 0.4969 0.5031
1865 0.4922 0.5078
1866 0.4874 0.5126
1867 0.4856 0.5144
1868 0.4999 0.5001
1869 0.5025 0.4975
1870 0.5041 0.4959
1871 0.4872 0.5128
1872 0.5038 0.4962
1873 0.4892 0.5108
1874 0.4902 0.5098
1875 0.4852 0.5148
1876 0.4844 0.5156
1877 0.4917 0.5083
1878 0.5024 0.4976
1879 0.5021 0.4979
1880 0.4821 0.5179
1881 0.4963 0.5037
1882 0.4972 0.5028
1883 0.4874 0.5126
1884 0.4854 0.5146
1885 0.5029 0.4971
1886 0.4894 0.5106
1887 0.4944 0.5056
1888 0.5017 0.4983
1889 0.5056 0.4944
1890 0.5 0.5
1891 0.4946 0.5054
1892 0.5031 0.4969
1893 0.5015 0.4985
1894 0.4874 0.5126
1895 0.4837 0.5163
1896 0.4907 0.5093
1897 0.4822 0.5178
1898 0.4923 0.5077
1899 0.4982 0.5018
1900 0.493 0.507
1901 0.4956 0.5044
1902 0.4909 0.5091
1903 0.4947 0.5053
1904 0.4951 0.5049
1905 0.5134 0.4866
1906 0.4866 0.5134
1907 0.4862 0.5138
1908 0.5047 0.4953
1909 0.4931 0.5069
1910 0.5074 0.4926
1911 0.4884 0.5116
1912 0.5022 0.4978
1913 0.4821 0.5179
1914 0.4903 0.5097
1915 0.4968 0.5032
1916 0.5055 0.4945
1917 0.5 0.5
1918 0.4894 0.5106
1919 0.4882 0.5118
1920 0.5005 0.4995
1921 0.4925 0.5075
1922 0.4759 0.5241
1923 0.4955 0.5045
1924 0.5092 0.4908
1925 0.5196 0.4804
1926 0.4762 0.5238
1927 0.497 0.503
1928 0.4769 0.5231
1929 0.4953 0.5047
1930 0.4934 0.5066
1931 0.4843 0.5157
1932 0.4919 0.5081
1933 0.5053 0.4947
1934 0.4862 0.5138
1935 0.4971 0.5029
1936 0.4956 0.5044
1937 0.4855 0.5145
1938 0.4837 0.5163
1939 0.479 0.521
1940 0.4924 0.5076
1941 0.4926 0.5074
1942 0.4869 0.5131
1943 0.4953 0.5047
1944 0.4925 0.5075
1945 0.5041 0.4959
1946 0.5034 0.4966
1947 0.493 0.507
1948 0.4936 0.5064
1949 0.4987 0.5013
1950 0.4881 0.5119
1951 0.4985 0.5015
1952 0.5081 0.4919
1953 0.4872 0.5128
1954 0.4975 0.5025
1955 0.5002 0.4998
1956 0.4882 0.5118
1957 0.5034 0.4966
1958 0.4882 0.5118
1959 0.4932 0.5068
1960 0.4962 0.5038
1961 0.4824 0.5176
1962 0.4878 0.5122
1963 0.4909 0.5091
1964 0.4816 0.5184
1965 0.4894 0.5106
1966 0.4967 0.5033
1967 0.5074 0.4926
1968 0.5025 0.4975
1969 0.5095 0.4905
1970 0.4974 0.5026
1971 0.4861 0.5139
1972 0.4817 0.5183
1973 0.484 0.516
1974 0.494 0.506
1975 0.506 0.494
1976 0.4802 0.5198
1977 0.4944 0.5056
1978 0.4992 0.5008
1979 0.5054 0.4946
1980 0.4851 0.5149
1981 0.4936 0.5064
1982 0.4853 0.5147
1983 0.4948 0.5052
1984 0.5057 0.4943
1985 0.485 0.515
1986 0.496 0.504
1987 0.5104 0.4896
1988 0.5111 0.4889
1989 0.4775 0.5225
1990 0.494 0.506
1991 0.4949 0.5051
1992 0.4998 0.5002
1993 0.4958 0.5042
1994 0.4781 0.5219
1995 0.5006 0.4994
1996 0.4817 0.5183
1997 0.5191 0.4809
1998 0.4956 0.5044
1999 0.4957 0.5043
2000 0.4921 0.5079
2001 0.4841 0.5159
2002 0.5131 0.4869
2003 0.4951 0.5049
2004 0.491 0.509
2005 0.4839 0.5161
2006 0.4882 0.5118
2007 0.4894 0.5106
2008 0.4932 0.5068
2009 0.4833 0.5167
2010 0.483 0.517
2011 0.4813 0.5187
2012 0.488 0.512
2013 0.4884 0.5116
2014 0.5002 0.4998
2015 0.4937 0.5063
2016 0.4901 0.5099
2017 0.4801 0.5199
2018 0.4886 0.5114
2019 0.5083 0.4917
2020 0.4962 0.5038
2021 0.4887 0.5113
2022 0.5 0.5
2023 0.505 0.495
2024 0.4866 0.5134
2025 0.48 0.52
2026 0.4986 0.5014
2027 0.4987 0.5013
2028 0.4723 0.5277
2029 0.4845 0.5155
2030 0.5012 0.4988
2031 0.4915 0.5085
2032 0.4799 0.5201
2033 0.5308 0.4692
2034 0.468 0.532
2035 0.4864 0.5136
2036 0.5012 0.4988
2037 0.5022 0.4978
2038 0.4904 0.5096
2039 0.4825 0.5175
2040 0.4908 0.5092
2041 0.4912 0.5088
2042 0.5005 0.4995
2043 0.4941 0.5059
2044 0.501 0.499
2045 0.5032 0.4968
2046 0.4802 0.5198
2047 0.5135 0.4865
2048 0.4707 0.5293
2049 0.4975 0.5025
2050 0.4959 0.5041
2051 0.4953 0.5047
2052 0.5062 0.4938
2053 0.4881 0.5119
2054 0.5042 0.4958
2055 0.497 0.503
2056 0.4616 0.5384
2057 0.4853 0.5147
2058 0.5104 0.4896
2059 0.4878 0.5122
2060 0.4864 0.5136
2061 0.4955 0.5045
2062 0.4822 0.5178
2063 0.4948 0.5052
2064 0.4742 0.5258
2065 0.467 0.533
2066 0.4832 0.5168
2067 0.5134 0.4866
2068 0.4764 0.5236
2069 0.4909 0.5091
2070 0.497 0.503
2071 0.5036 0.4964
2072 0.4734 0.5266
2073 0.4848 0.5152
2074 0.5081 0.4919
2075 0.4908 0.5092
2076 0.5043 0.4957
2077 0.4683 0.5317
2078 0.5107 0.4893
2079 0.4627 0.5373
2080 0.4666 0.5334
2081 0.4789 0.5211
2082 0.4848 0.5152
2083 0.4778 0.5222
2084 0.4941 0.5059
2085 0.4944 0.5056
2086 0.4958 0.5042
2087 0.5177 0.4823
2088 0.513 0.487
2089 0.4784 0.5216
2090 0.4915 0.5085
2091 0.4792 0.5208
2092 0.4876 0.5124
2093 0.4926 0.5074
2094 0.5167 0.4833
2095 0.5023 0.4977
2096 0.494 0.506
2097 0.4786 0.5214
2098 0.5043 0.4957
2099 0.4958 0.5042
2100 0.5117 0.4883
2101 0.5009 0.4991
2102 0.5112 0.4888
2103 0.4913 0.5087
2104 0.4751 0.5249
2105 0.4644 0.5356
2106 0.4828 0.5172
2107 0.4865 0.5135
2108 0.5077 0.4923
2109 0.5079 0.4921
2110 0.5066 0.4934
2111 0.4911 0.5089
2112 0.4887 0.5113
2113 0.4909 0.5091
2114 0.4779 0.5221
2115 0.4958 0.5042
2116 0.5073 0.4927
2117 0.4828 0.5172
2118 0.4696 0.5304
2119 0.4989 0.5011
2120 0.4868 0.5132
2121 0.4968 0.5032
2122 0.4817 0.5183
2123 0.4927 0.5073
2124 0.4901 0.5099
2125 0.4801 0.5199
2126 0.4906 0.5094
2127 0.4845 0.5155
2128 0.4948 0.5052
2129 0.4854 0.5146
2130 0.4843 0.5157
2131 0.4868 0.5132
2132 0.5063 0.4937
2133 0.488 0.512
2134 0.4862 0.5138
2135 0.5061 0.4939
2136 0.5138 0.4862
2137 0.4959 0.5041
2138 0.4936 0.5064
2139 0.4975 0.5025
2140 0.4855 0.5145
2141 0.4857 0.5143
2142 0.5204 0.4796
2143 0.4912 0.5088
2144 0.4805 0.5195
2145 0.4747 0.5253
2146 0.4939 0.5061
2147 0.4885 0.5115
2148 0.4945 0.5055
2149 0.5156 0.4844
2150 0.5043 0.4957
2151 0.5014 0.4986
2152 0.489 0.511
2153 0.4828 0.5172
2154 0.4884 0.5116
2155 0.5007 0.4993
2156 0.5011 0.4989
2157 0.4978 0.5022
2158 0.5 0.5
2159 0.5124 0.4876
2160 0.4859 0.5141
2161 0.4862 0.5138
2162 0.5 0.5
2163 0.4922 0.5078
2164 0.4941 0.5059
2165 0.4996 0.5004
2166 0.4992 0.5008
2167 0.5032 0.4968
2168 0.5119 0.4881
2169 0.48 0.52
2170 0.4803 0.5197
2171 0.4846 0.5154
2172 0.4909 0.5091
2173 0.4919 0.5081
2174 0.5054 0.4946
2175 0.4807 0.5193
2176 0.5171 0.4829
2177 0.472 0.528
2178 0.5016 0.4984
2179 0.4683 0.5317
2180 0.5133 0.4867
2181 0.4683 0.5317
2182 0.4852 0.5148
2183 0.4794 0.5206
2184 0.5071 0.4929
2185 0.506 0.494
2186 0.5059 0.4941
2187 0.4922 0.5078
2188 0.4882 0.5118
2189 0.5087 0.4913
2190 0.4989 0.5011
2191 0.4798 0.5202
2192 0.5099 0.4901
2193 0.5 0.5
2194 0.4925 0.5075
2195 0.4825 0.5175
2196 0.4804 0.5196
2197 0.5025 0.4975
2198 0.5069 0.4931
2199 0.5119 0.4881
2200 0.4914 0.5086
2201 0.4992 0.5008
2202 0.4933 0.5067
2203 0.4676 0.5324
2204 0.5043 0.4957
2205 0.4786 0.5214
2206 0.4843 0.5157
2207 0.4842 0.5158
2208 0.4779 0.5221
2209 0.4835 0.5165
2210 0.4884 0.5116
2211 0.5319 0.4681
2212 0.4938 0.5062
2213 0.4889 0.5111
2214 0.5102 0.4898
2215 0.4801 0.5199
2216 0.4988 0.5012
2217 0.4764 0.5236
2218 0.4931 0.5069
2219 0.4957 0.5043
2220 0.4996 0.5004
2221 0.4875 0.5125
2222 0.4943 0.5057
2223 0.4835 0.5165
2224 0.4967 0.5033
2225 0.5035 0.4965
2226 0.4759 0.5241
2227 0.5119 0.4881
2228 0.4904 0.5096
2229 0.519 0.481
2230 0.4951 0.5049
2231 0.4908 0.5092
2232 0.4928 0.5072
2233 0.4754 0.5246
2234 0.5038 0.4962
2235 0.4618 0.5382
2236 0.4985 0.5015
2237 0.4873 0.5127
2238 0.4862 0.5138
2239 0.4927 0.5073
2240 0.4909 0.5091
2241 0.5031 0.4969
2242 0.4941 0.5059
2243 0.4972 0.5028
2244 0.4983 0.5017
2245 0.516 0.484
2246 0.4731 0.5269
2247 0.4813 0.5187
2248 0.4933 0.5067
2249 0.4943 0.5057
2250 0.501 0.499
2251 0.4493 0.5507
2252 0.4963 0.5037
2253 0.4923 0.5077
2254 0.5196 0.4804
2255 0.489 0.511
2256 0.4918 0.5082
2257 0.4801 0.5199
2258 0.5072 0.4928
2259 0.4769 0.5231
2260 0.4731 0.5269
2261 0.5077 0.4923
2262 0.494 0.506
2263 0.5079 0.4921
2264 0.5 0.5
2265 0.5011 0.4989
2266 0.4916 0.5084
2267 0.5106 0.4894
2268 0.5027 0.4973
2269 0.4967 0.5033
2270 0.486 0.514
2271 0.5189 0.4811
2272 0.4947 0.5053
2273 0.485 0.515
2274 0.4779 0.5221
2275 0.485 0.515
2276 0.4777 0.5223
2277 0.5017 0.4983
2278 0.5011 0.4989
2279 0.4928 0.5072
2280 0.5027 0.4973
2281 0.4973 0.5027
2282 0.5005 0.4995
2283 0.5065 0.4935
2284 0.5115 0.4885
2285 0.507 0.493
2286 0.5152 0.4848
2287 0.4864 0.5136
2288 0.4794 0.5206
2289 0.5051 0.4949
2290 0.5074 0.4926
2291 0.4595 0.5405
2292 0.4989 0.5011
2293 0.4983 0.5017
2294 0.5043 0.4957
2295 0.4946 0.5054
2296 0.4783 0.5217
2297 0.5 0.5
2298 0.4779 0.5221
2299 0.5033 0.4967
2300 0.5006 0.4994
2301 0.4615 0.5385
2302 0.4731 0.5269
2303 0.4813 0.5187
2304 0.4737 0.5263
2305 0.5113 0.4887
2306 0.4982 0.5018
2307 0.4927 0.5073
2308 0.4857 0.5143
2309 0.4704 0.5296
2310 0.4963 0.5037
2311 0.5057 0.4943
2312 0.5114 0.4886
2313 0.4549 0.5451
2314 0.4796 0.5204
2315 0.4956 0.5044
2316 0.5049 0.4951
2317 0.4805 0.5195
2318 0.484 0.516
2319 0.51 0.49
2320 0.5381 0.4619
2321 0.5201 0.4799
2322 0.4949 0.5051
2323 0.4988 0.5012
2324 0.5017 0.4983
2325 0.4797 0.5203
2326 0.4981 0.5019
2327 0.5039 0.4961
2328 0.4906 0.5094
2329 0.5203 0.4797
2330 0.4963 0.5037
2331 0.4779 0.5221
2332 0.4982 0.5018
2333 0.4924 0.5076
2334 0.4937 0.5063
2335 0.4447 0.5553
2336 0.4883 0.5117
2337 0.4779 0.5221
2338 0.5127 0.4873
2339 0.5027 0.4973
2340 0.4718 0.5282
2341 0.4716 0.5284
2342 0.4905 0.5095
2343 0.5149 0.4851
2344 0.4851 0.5149
2345 0.4839 0.5161
2346 0.5178 0.4822
2347 0.511 0.489
2348 0.4786 0.5214
2349 0.504 0.496
2350 0.4968 0.5032
2351 0.4906 0.5094
2352 0.4993 0.5007
2353 0.4981 0.5019
2354 0.489 0.511
2355 0.5209 0.4791
2356 0.464 0.536
2357 0.4738 0.5262
2358 0.5057 0.4943
2359 0.4831 0.5169
2360 0.5177 0.4823
2361 0.4812 0.5188
2362 0.5103 0.4897
2363 0.5298 0.4702
2364 0.4873 0.5127
2365 0.5137 0.4863
2366 0.5305 0.4695
2367 0.493 0.507
2368 0.4872 0.5128
2369 0.4832 0.5168
2370 0.5038 0.4962
2371 0.5355 0.4645
2372 0.5399 0.4601
2373 0.4918 0.5082
2374 0.4787 0.5213
2375 0.5182 0.4818
2376 0.5013 0.4987
2377 0.5149 0.4851
2378 0.4919 0.5081
2379 0.4742 0.5258
2380 0.5205 0.4795
2381 0.4895 0.5105
2382 0.4783 0.5217
2383 0.5122 0.4878
2384 0.519 0.481
2385 0.5048 0.4952
2386 0.4795 0.5205
2387 0.5183 0.4817
2388 0.5 0.5
2389 0.5174 0.4826
2390 0.5047 0.4953
2391 0.4762 0.5238
2392 0.4698 0.5302
2393 0.5217 0.4783
2394 0.545 0.455
2395 0.5007 0.4993
2396 0.5286 0.4714
2397 0.4852 0.5148
2398 0.4797 0.5203
2399 0.4993 0.5007
2400 0.4869 0.5131
2401 0.5058 0.4942
2402 0.5063 0.4937
2403 0.4821 0.5179
2404 0.5087 0.4913
2405 0.4721 0.5279
2406 0.4904 0.5096
2407 0.5135 0.4865
2408 0.4801 0.5199
2409 0.4951 0.5049
2410 0.5042 0.4958
2411 0.4992 0.5008
2412 0.5179 0.4821
2413 0.497 0.503
2414 0.4801 0.5199
2415 0.5049 0.4951
2416 0.4938 0.5062
2417 0.4526 0.5474
2418 0.5234 0.4766
2419 0.4791 0.5209
2420 0.4688 0.5312
2421 0.4963 0.5037
2422 0.4871 0.5129
2423 0.4769 0.5231
2424 0.4497 0.5503
2425 0.5351 0.4649
2426 0.49 0.51
2427 0.4591 0.5409
2428 0.5217 0.4783
2429 0.4905 0.5095
2430 0.4903 0.5097
2431 0.5214 0.4786
2432 0.5043 0.4957
2433 0.4601 0.5399
2434 0.4668 0.5332
2435 0.5339 0.4661
2436 0.4718 0.5282
2437 0.5058 0.4942
2438 0.511 0.489
2439 0.4739 0.5261
2440 0.4875 0.5125
2441 0.4859 0.5141
2442 0.4886 0.5114
2443 0.5209 0.4791
2444 0.5423 0.4577
2445 0.4795 0.5205
2446 0.5127 0.4873
2447 0.4748 0.5252
2448 0.5176 0.4824
2449 0.5077 0.4923
2450 0.5148 0.4852
2451 0.5 0.5
2452 0.4983 0.5017
2453 0.4957 0.5043
2454 0.4719 0.5281
2455 0.4608 0.5392
2456 0.501 0.499
2457 0.497 0.503
2458 0.494 0.506
2459 0.5 0.5
2460 0.5176 0.4824
2461 0.4848 0.5152
2462 0.4894 0.5106
2463 0.5158 0.4842
2464 0.4668 0.5332
2465 0.5114 0.4886
2466 0.4775 0.5225
2467 0.497 0.503
2468 0.4903 0.5097
2469 0.4857 0.5143
2470 0.4519 0.5481
2471 0.501 0.499
2472 0.4612 0.5388
2473 0.4816 0.5184
2474 0.4382 0.5618
2475 0.5212 0.4788
2476 0.4632 0.5368
2477 0.4941 0.5059
2478 0.4951 0.5049
2479 0.5158 0.4842
2480 0.4906 0.5094
2481 0.5164 0.4836
2482 0.4873 0.5127
2483 0.4898 0.5102
2484 0.4559 0.5441
2485 0.522 0.478
2486 0.5022 0.4978
2487 0.482 0.518
2488 0.4988 0.5012
2489 0.4552 0.5448
2490 0.4729 0.5271
2491 0.5107 0.4893
2492 0.4987 0.5013
2493 0.4772 0.5228
2494 0.5179 0.4821
2495 0.4523 0.5477
2496 0.4833 0.5167
2497 0.4756 0.5244
2498 0.4557 0.5443
2499 0.5228 0.4772
2500 0.4784 0.5216
2501 0.4722 0.5278
2502 0.4849 0.5151
2503 0.4892 0.5108
2504 0.5121 0.4879
2505 0.4938 0.5062
2506 0.486 0.514
2507 0.491 0.509
2508 0.4899 0.5101
2509 0.4719 0.5281
2510 0.4897 0.5103
2511 0.5033 0.4967
2512 0.4614 0.5386
2513 0.5088 0.4912
2514 0.4812 0.5188
2515 0.4498 0.5502
2516 0.52 0.48
2517 0.5162 0.4838
2518 0.5254 0.4746
2519 0.4767 0.5233
2520 0.4479 0.5521
2521 0.4595 0.5405
2522 0.4706 0.5294
2523 0.4919 0.5081
2524 0.4479 0.5521
2525 0.4924 0.5076
2526 0.5049 0.4951
2527 0.5071 0.4929
2528 0.4808 0.5192
2529 0.5113 0.4887
2530 0.4865 0.5135
2531 0.5063 0.4937
2532 0.5 0.5
2533 0.5293 0.4707
2534 0.51 0.49
2535 0.5011 0.4989
2536 0.4681 0.5319
2537 0.5063 0.4937
2538 0.4597 0.5403
2539 0.4877 0.5123
2540 0.5383 0.4617
2541 0.4764 0.5236
2542 0.4589 0.5411
2543 0.5024 0.4976
2544 0.5011 0.4989
2545 0.4702 0.5298
2546 0.4727 0.5273
2547 0.4972 0.5028
2548 0.4796 0.5204
2549 0.5231 0.4769
2550 0.5447 0.4553
2551 0.5027 0.4973
2552 0.5145 0.4855
2553 0.5118 0.4882
2554 0.5029 0.4971
2555 0.4802 0.5198
2556 0.4825 0.5175
2557 0.4515 0.5485
2558 0.5055 0.4945
2559 0.4711 0.5289
2560 0.5042 0.4958
2561 0.4834 0.5166
2562 0.4915 0.5085
2563 0.5026 0.4974
2564 0.5026 0.4974
2565 0.4847 0.5153
2566 0.496 0.504
2567 0.4684 0.5316
2568 0.4738 0.5262
2569 0.4972 0.5028
2570 0.5173 0.4827
2571 0.4762 0.5238
2572 0.4871 0.5129
2573 0.5127 0.4873
2574 0.4475 0.5525
2575 0.4608 0.5392
2576 0.4984 0.5016
2577 0.4955 0.5045
2578 0.5196 0.4804
2579 0.4942 0.5058
2580 0.5175 0.4825
2581 0.5106 0.4894
2582 0.4983 0.5017
2583 0.4797 0.5203
2584 0.5174 0.4826
2585 0.5129 0.4871
2586 0.4838 0.5162
2587 0.5248 0.4752
2588 0.5152 0.4848
2589 0.5406 0.4594
2590 0.458 0.542
2591 0.4846 0.5154
2592 0.5138 0.4862
2593 0.4921 0.5079
2594 0.4986 0.5014
2595 0.5089 0.4911
2596 0.4653 0.5347
2597 0.5 0.5
2598 0.4519 0.5481
2599 0.4753 0.5247
2600 0.4829 0.5171
2601 0.4763 0.5237
2602 0.497 0.503
2603 0.4627 0.5373
2604 0.4954 0.5046
2605 0.4597 0.5403
2606 0.4855 0.5145
2607 0.4806 0.5194
2608 0.4834 0.5166
2609 0.4484 0.5516
2610 0.4909 0.5091
2611 0.487 0.513
2612 0.4662 0.5338
2613 0.5155 0.4845
2614 0.481 0.519
2615 0.4571 0.5429
2616 0.4752 0.5248
2617 0.4704 0.5296
2618 0.5305 0.4695
2619 0.5108 0.4892
2620 0.4537 0.5463
2621 0.4623 0.5377
2622 0.4931 0.5069
2623 0.4618 0.5382
2624 0.4771 0.5229
2625 0.5055 0.4945
2626 0.4948 0.5052
2627 0.4983 0.5017
2628 0.4732 0.5268
2629 0.5288 0.4712
2630 0.5104 0.4896
2631 0.4831 0.5169
2632 0.4632 0.5368
2633 0.4979 0.5021
2634 0.5314 0.4686
2635 0.5125 0.4875
2636 0.4576 0.5424
2637 0.4599 0.5401
2638 0.5371 0.4629
2639 0.4936 0.5064
2640 0.4793 0.5207
2641 0.5318 0.4682
2642 0.5042 0.4958
2643 0.5089 0.4911
2644 0.4799 0.5201
2645 0.4864 0.5136
2646 0.4897 0.5103
2647 0.5216 0.4784
2648 0.4578 0.5422
2649 0.5348 0.4652
2650 0.4691 0.5309
2651 0.4532 0.5468
2652 0.5704 0.4296
2653 0.3688 0.6312
2654 0.5107 0.4893
2655 0.5514 0.4486
2656 0.4655 0.5345
2657 0.4506 0.5494
2658 0.5751 0.4249
2659 0.5094 0.4906
2660 0.5017 0.4983
2661 0.4773 0.5227
2662 0.512 0.488
2663 0.4496 0.5504
2664 0.5478 0.4522
2665 0.5231 0.4769
2666 0.4486 0.5514
2667 0.5106 0.4894
2668 0.4978 0.5022
2669 0.4413 0.5587
2670 0.5038 0.4962
2671 0.4633 0.5367
2672 0.3982 0.6018
2673 0.5207 0.4793
2674 0.5238 0.4762
2675 0.5171 0.4829
2676 0.4397 0.5603
2677 0.5023 0.4977
2678 0.4622 0.5378
2679 0.498 0.502
2680 0.4585 0.5415
2681 0.5021 0.4979
2682 0.4805 0.5195
2683 0.5556 0.4444
2684 0.5059 0.4941
2685 0.5018 0.4982
2686 0.4758 0.5242
2687 0.4675 0.5325
2688 0.5038 0.4962
2689 0.449 0.551
2690 0.4857 0.5143
2691 0.4679 0.5321
2692 0.4667 0.5333
2693 0.494 0.506
2694 0.4937 0.5063
2695 0.4672 0.5328
2696 0.5089 0.4911
2697 0.5448 0.4552
2698 0.4366 0.5634
2699 0.4612 0.5388
2700 0.447 0.553
2701 0.5288 0.4712
2702 0.4834 0.5166
2703 0.4889 0.5111
2704 0.4657 0.5343
2705 0.4264 0.5736
2706 0.493 0.507
2707 0.4286 0.5714
2708 0.4925 0.5075
2709 0.4793 0.5207
2710 0.4387 0.5613
2711 0.49 0.51
2712 0.4925 0.5075
2713 0.514 0.486
2714 0.4817 0.5183
2715 0.482 0.518
2716 0.428 0.572
2717 0.3881 0.6119
2718 0.5053 0.4947
2719 0.4778 0.5222
2720 0.5503 0.4497
2721 0.5484 0.4516
2722 0.4938 0.5062
2723 0.4286 0.5714
2724 0.5122 0.4878
2725 0.5054 0.4946
2726 0.4749 0.5251
2727 0.4722 0.5278
2728 0.4821 0.5179
2729 0.5722 0.4278
2730 0.4949 0.5051
2731 0.5463 0.4537
2732 0.5 0.5
2733 0.4516 0.5484
2734 0.5326 0.4674
2735 0.5556 0.4444
2736 0.5187 0.4813
2737 0.5482 0.4518
2738 0.5174 0.4826
2739 0.4299 0.5701
2740 0.4835 0.5165
2741 0.4728 0.5272
2742 0.4718 0.5282
2743 0.4831 0.5169
2744 0.497 0.503
2745 0.4775 0.5225
2746 0.4703 0.5297
2747 0.4706 0.5294
2748 0.4217 0.5783
2749 0.4937 0.5063
2750 0.4625 0.5375
2751 0.5088 0.4912
2752 0.5185 0.4815
2753 0.486 0.514
2754 0.4556 0.5444
2755 0.5376 0.4624
2756 0.494 0.506
2757 0.4929 0.5071
2758 0.5125 0.4875
2759 0.4528 0.5472
2760 0.5602 0.4398
2761 0.4971 0.5029
2762 0.4431 0.5569
2763 0.5127 0.4873
2764 0.5312 0.4688
2765 0.5238 0.4762
2766 0.4535 0.5465
2767 0.5414 0.4586
2768 0.4912 0.5088
2769 0.4598 0.5402
2770 0.4969 0.5031
2771 0.5691 0.4309
2772 0.5051 0.4949
2773 0.4667 0.5333
2774 0.4561 0.5439
2775 0.4848 0.5152
2776 0.4172 0.5828
2777 0.4348 0.5652
2778 0.5706 0.4294
2779 0.5446 0.4554
2780 0.476 0.524
2781 0.516 0.484
2782 0.4974 0.5026
2783 0.5185 0.4815
2784 0.4977 0.5023
2785 0.5022 0.4978
2786 0.4369 0.5631
2787 0.4821 0.5179
2788 0.456 0.544
2789 0.5266 0.4734
2790 0.4819 0.5181
2791 0.5351 0.4649
2792 0.5 0.5
2793 0.432 0.568
2794 0.5723 0.4277
2795 0.4762 0.5238
2796 0.4943 0.5057
2797 0.5053 0.4947
2798 0.4651 0.5349
2799 0.5161 0.4839
2800 0.4677 0.5323
2801 0.4734 0.5266
2802 0.4726 0.5274
2803 0.5369 0.4631
2804 0.4969 0.5031
2805 0.488 0.512
2806 0.5316 0.4684
2807 0.5668 0.4332
2808 0.4649 0.5351
2809 0.4703 0.5297
2810 0.5238 0.4762
2811 0.4494 0.5506
2812 0.5562 0.4438
2813 0.431 0.569
2814 0.5266 0.4734
2815 0.4329 0.5671
2816 0.4615 0.5385
2817 0.5338 0.4662
2818 0.4745 0.5255
2819 0.4752 0.5248
2820 0.5161 0.4839
2821 0.4969 0.5031
2822 0.5489 0.4511
2823 0.4286 0.5714
2824 0.5098 0.4902
2825 0.4362 0.5638
2826 0.4599 0.5401
2827 0.4676 0.5324
2828 0.5438 0.4562
2829 0.4786 0.5214
2830 0.5704 0.4296
2831 0.5745 0.4255
2832 0.442 0.558
2833 0.4211 0.5789
2834 0.4586 0.5414
2835 0.4882 0.5118
2836 0.4684 0.5316
2837 0.5031 0.4969
2838 0.4756 0.5244
2839 0.4615 0.5385
2840 0.5156 0.4844
2841 0.4733 0.5267
2842 0.5143 0.4857
2843 0.4645 0.5355
2844 0.5 0.5
2845 0.4658 0.5342
2846 0.5823 0.4177
2847 0.4824 0.5176
2848 0.4564 0.5436
2849 0.5093 0.4907
2850 0.5369 0.4631
2851 0.4818 0.5182
2852 0.496 0.504
2853 0.5 0.5
2854 0.4366 0.5634
2855 0.4855 0.5145
2856 0.4485 0.5515
2857 0.4113 0.5887
2858 0.4876 0.5124
2859 0.4729 0.5271
2860 0.4576 0.5424
2861 0.5455 0.4545
2862 0.5583 0.4417
2863 0.5417 0.4583
2864 0.4296 0.5704
2865 0.437 0.563
2866 0.5417 0.4583
2867 0.5196 0.4804
2868 0.505 0.495
2869 0.4026 0.5974
2870 0.5455 0.4545
2871 0.4255 0.5745
2872 0.5521 0.4479
2873 0.4907 0.5093
2874 0.525 0.475
2875 0.4812 0.5188
2876 0.4248 0.5752
2877 0.4508 0.5492
2878 0.5203 0.4797
2879 0.5259 0.4741
2880 0.4745 0.5255
2881 0.376 0.624
2882 0.4426 0.5574
2883 0.5175 0.4825
2884 0.5484 0.4516
2885 0.5 0.5
2886 0.528 0.472
2887 0.5312 0.4688
2888 0.4273 0.5727
2889 0.5963 0.4037
2890 0.5391 0.4609
2891 0.5357 0.4643
2892 0.5189 0.4811
2893 0.5 0.5
2894 0.4274 0.5726
2895 0.54 0.46
2896 0.5246 0.4754
2897 0.5113 0.4887
2898 0.5041 0.4959
2899 0.5039 0.4961
2900 0.5333 0.4667
2901 0.5278 0.4722
2902 0.5352 0.4648
2903 0.4615 0.5385
2904 0.4273 0.5727
2905 0.5135 0.4865
2906 0.5 0.5
2907 0.5242 0.4758
2908 0.5076 0.4924
2909 0.4318 0.5682
2910 0.4636 0.5364
2911 0.4273 0.5727
2912 0.5 0.5
2913 0.5376 0.4624
2914 0.617 0.383
2915 0.4914 0.5086
2916 0.4397 0.5603
2917 0.5487 0.4513
2918 0.5079 0.4921
2919 0.4878 0.5122
2920 0.3978 0.6022
2921 0.5568 0.4432
2922 0.5545 0.4455
2923 0.4434 0.5566
2924 0.4024 0.5976
2925 0.4615 0.5385
2926 0.4535 0.5465
2927 0.5698 0.4302
2928 0.5051 0.4949
2929 0.4607 0.5393
2930 0.4943 0.5057
2931 0.5244 0.4756
2932 0.5581 0.4419
2933 0.3929 0.6071
2934 0.425 0.575
2935 0.4944 0.5056
2936 0.4945 0.5055
2937 0.4409 0.5591
2938 0.5128 0.4872
2939 0.4493 0.5507
2940 0.5303 0.4697
2941 0.5 0.5
2942 0.5 0.5
2943 0.4747 0.5253
2944 0.5495 0.4505
2945 0.3587 0.6413
2946 0.4762 0.5238
2947 0.5248 0.4752
2948 0.4948 0.5052
2949 0.4286 0.5714
2950 0.4615 0.5385
2951 0.5443 0.4557
2952 0.5638 0.4362
2953 0.5102 0.4898
2954 0.5455 0.4545
2955 0.407 0.593
2956 0.4737 0.5263
2957 0.4861 0.5139
2958 0.4935 0.5065
2959 0.57 0.43
2960 0.5146 0.4854
2961 0.5044 0.4956
2962 0.4571 0.5429
2963 0.4773 0.5227
2964 0.5699 0.4301
2965 0.45 0.55
2966 0.5243 0.4757
2967 0.3548 0.6452
2968 0.4925 0.5075
2969 0.5513 0.4487
2970 0.473 0.527
2971 0.5758 0.4242
2972 0.4474 0.5526
2973 0.4595 0.5405
2974 0.5591 0.4409
2975 0.5059 0.4941
2976 0.5392 0.4608
2977 0.5385 0.4615
2978 0.4762 0.5238
2979 0.4904 0.5096
2980 0.4167 0.5833
2981 0.5918 0.4082
2982 0.4958 0.5042
2983 0.5234 0.4766
2984 0.5 0.5
2985 0.4737 0.5263
2986 0.4274 0.5726
2987 0.6055 0.3945
2988 0.4957 0.5043
2989 0.4483 0.5517
2990 0.5464 0.4536
2991 0.55 0.45
2992 0.4369 0.5631
2993 0.4286 0.5714
2994 0.5402 0.4598
2995 0.5357 0.4643
2996 0.4691 0.5309
2997 0.5658 0.4342
2998 0.4634 0.5366
2999 0.4925 0.5075
3000 0.4265 0.5735
3001 0.5432 0.4568
3002 0.6458 0.3542
3003 0.4314 0.5686
3004 0.5263 0.4737
3005 0.4848 0.5152
3006 0.3838 0.6162
3007 0.4316 0.5684
3008 0.3864 0.6136
3009 0.4048 0.5952
3010 0.5667 0.4333
3011 0.4865 0.5135
3012 0.4571 0.5429
3013 0.4688 0.5312
3014 0.4125 0.5875
3015 0.4853 0.5147
3016 0.4938 0.5062
3017 0.4675 0.5325
3018 0.6104 0.3896
3019 0.4359 0.5641
3020 0.5821 0.4179
3021 0.4493 0.5507
3022 0.4247 0.5753
3023 0.4035 0.5965
3024 0.5733 0.4267
3025 0.3651 0.6349
3026 0.5472 0.4528
3027 0.4754 0.5246
3028 0.5441 0.4559
3029 0.5641 0.4359
3030 0.4583 0.5417
3031 0.4789 0.5211
3032 0.4429 0.5571
3033 0.4138 0.5862
3034 0.6296 0.3704
3035 0.4658 0.5342
3036 0.5441 0.4559
3037 0.4474 0.5526
3038 0.4058 0.5942
3039 0.5323 0.4677
3040 0.4714 0.5286
3041 0.4861 0.5139
3042 0.5373 0.4627
3043 0.4805 0.5195
3044 0.5541 0.4459
3045 0.5 0.5
3046 0.4333 0.5667
3047 0.5254 0.4746
3048 0.5156 0.4844
3049 0.4795 0.5205
3050 0.5316 0.4684
3051 0.4026 0.5974
3052 0.5301 0.4699
3053 0.4368 0.5632
3054 0.5263 0.4737
3055 0.4688 0.5312
3056 0.459 0.541
3057 0.4912 0.5088
3058 0.5139 0.4861
3059 0.4933 0.5067
3060 0.5125 0.4875
3061 0.475 0.525
3062 0.5479 0.4521
3063 0.5753 0.4247
3064 0.3766 0.6234
3065 0.5 0.5
3066 0.3968 0.6032
3067 0.3148 0.6852
3068 0.5893 0.4107
3069 0.4571 0.5429
3070 0.5143 0.4857
3071 0.3684 0.6316
3072 0.4894 0.5106
3073 0.5536 0.4464
3074 0.459 0.541
3075 0.5179 0.4821
3076 0.5455 0.4545
3077 0.463 0.537
3078 0.4103 0.5897
3079 0.5294 0.4706
3080 0.6078 0.3922
3081 0.5263 0.4737
3082 0.5789 0.4211
3083 0.5294 0.4706
3084 0.4098 0.5902
3085 0.4918 0.5082
3086 0.4833 0.5167
3087 0.4423 0.5577
3088 0.4 0.6
3089 0.4792 0.5208
3090 0.4894 0.5106
3091 0.5962 0.4038
3092 0.5652 0.4348
3093 0.5075 0.4925
3094 0.5 0.5
3095 0.4286 0.5714
3096 0.4828 0.5172
3097 0.5441 0.4559
3098 0.4179 0.5821
3099 0.5152 0.4848
3100 0.4483 0.5517
3101 0.4531 0.5469
3102 0.5645 0.4355
3103 0.4533 0.5467
3104 0.4091 0.5909
3105 0.4483 0.5517
3106 0.4925 0.5075
3107 0.4737 0.5263
3108 0.6042 0.3958
3109 0.4773 0.5227
3110 0.5227 0.4773
3111 0.5814 0.4186
3112 0.6222 0.3778
3113 0.44 0.56
3114 0.5128 0.4872
3115 0.549 0.451
3116 0.5 0.5
3117 0.6418 0.3582
3118 0.4878 0.5122
3119 0.5 0.5
3120 0.3971 0.6029
3121 0.5556 0.4444
3122 0.3833 0.6167
3123 0.507 0.493
3124 0.4762 0.5238
3125 0.4359 0.5641
3126 0.5135 0.4865
3127 0.5057 0.4943
3128 0.4466 0.5534
3129 0.4545 0.5455
3130 0.5152 0.4848
3131 0.4231 0.5769
3132 0.4681 0.5319
3133 0.6122 0.3878
3134 0.4667 0.5333
3135 0.5 0.5
3136 0.5286 0.4714
3137 0.4355 0.5645
3138 0.4667 0.5333
3139 0.5156 0.4844
3140 0.5205 0.4795
3141 0.3797 0.6203
3142 0.4242 0.5758
3143 0.3 0.7
3144 0.4706 0.5294
3145 0.55 0.45
3146 0.4091 0.5909
3147 0.6098 0.3902
3148 0.4407 0.5593
3149 0.3889 0.6111
3150 0.4681 0.5319
3151 0.5116 0.4884
3152 0.5435 0.4565
3153 0.5 0.5
3154 0.4348 0.5652
3155 0.5455 0.4545
3156 0.4848 0.5152
3157 0.5152 0.4848
3158 0.4375 0.5625
3159 0.4419 0.5581
3160 0.4474 0.5526
3161 0.55 0.45
3162 0.4182 0.5818
3163 0.3929 0.6071
3164 0.4872 0.5128
3165 0.3611 0.6389
3166 0.5 0.5
3167 0.5952 0.4048
3168 0.4815 0.5185
3169 0.5185 0.4815
3170 0.5 0.5
3171 0.4583 0.5417
3172 0.5319 0.4681
3173 0.4528 0.5472
3174 0.5 0.5
3175 0.4 0.6
3176 0.5278 0.4722
3177 0.5349 0.4651
3178 0.4 0.6
3179 0.5814 0.4186
3180 0.5357 0.4643
3181 0.463 0.537
3182 0.5208 0.4792
3183 0.4038 0.5962
3184 0.4375 0.5625
3185 0.439 0.561
3186 0.4516 0.5484
3187 0.4444 0.5556
3188 0.5517 0.4483
3189 0.5806 0.4194
3190 0.4643 0.5357
3191 0.5714 0.4286
3192 0.4857 0.5143
3193 0.5185 0.4815
3194 0.4545 0.5455
3195 0.4375 0.5625
3196 0.625 0.375
3197 0.4865 0.5135
3198 0.5556 0.4444
3199 0.5476 0.4524
3200 0.45 0.55
3201 0.3571 0.6429
3202 0.4242 0.5758
3203 0.5556 0.4444
3204 0.6 0.4
3205 0.4902 0.5098
3206 0.45 0.55
3207 0.5102 0.4898
3208 0.56 0.44
3209 0.5192 0.4808
3210 0.5893 0.4107
3211 0.5 0.5
3212 0.575 0.425
3213 0.5278 0.4722
3214 0.2973 0.7027
3215 0.52 0.48
3216 0.625 0.375
3217 0.6286 0.3714
3218 0.4595 0.5405
3219 0.6216 0.3784
3220 0.4146 0.5854
3221 0.5 0.5
3222 0.3214 0.6786
3223 0.48 0.52
3224 0.6857 0.3143
3225 0.5116 0.4884
3226 0.3659 0.6341
3227 0.5 0.5
3228 0.6852 0.3148
3229 0.4516 0.5484
3230 0.4333 0.5667
3231 0.3556 0.6444
3232 0.4146 0.5854
3233 0.6429 0.3571
3234 0.4894 0.5106
3235 0.3469 0.6531
3236 0.4167 0.5833
3237 0.4074 0.5926
3238 0.5185 0.4815
3239 0.5517 0.4483
3240 0.5946 0.4054
3241 0.4595 0.5405
3242 0.619 0.381
3243 0.6333 0.3667
3244 0.4762 0.5238
3245 0.3704 0.6296
3246 0.5556 0.4444
3247 0.375 0.625
3248 0.44 0.56
3249 0.5 0.5
3250 0.3704 0.6296
3251 0.5769 0.4231
3252 0.5 0.5
3253 0.65 0.35
3254 0.4231 0.5769
3255 0.6 0.4
3256 0.3913 0.6087
3257 0.4762 0.5238
3258 0.381 0.619
3259 0.4444 0.5556
3260 0.48 0.52
3261 0.6154 0.3846
3262 0.3448 0.6552
3263 0.5417 0.4583
3264 0.5 0.5
3265 0.6207 0.3793
3266 0.5714 0.4286
3267 0.619 0.381
3268 0.5385 0.4615
3269 0.4348 0.5652
3270 0.5556 0.4444
3271 0.6667 0.3333
3272 0.5333 0.4667
3273 0.5 0.5
3274 0.52 0.48
3275 0.4828 0.5172
3276 0.6207 0.3793
3277 0.4688 0.5312
3278 0.5667 0.4333
3279 0.4722 0.5278
3280 0.4186 0.5814
3281 0.4722 0.5278
3282 0.4419 0.5581
3283 0.4286 0.5714
3284 0.4688 0.5312
3285 0.2727 0.7273
3286 0.3889 0.6111
3287 0.5 0.5
3288 0.64 0.36
3289 0.5 0.5
3290 0.5625 0.4375
3291 0.4857 0.5143
3292 0.4857 0.5143
3293 0.7037 0.2963
3294 0.4 0.6
3295 0.4583 0.5417
3296 0.5 0.5
3297 0.5357 0.4643
3298 0.44 0.56
3299 0.3 0.7
3300 0.4 0.6
3301 0.375 0.625
3302 0.3571 0.6429
3303 0.5 0.5
3304 0.5 0.5
3305 0.4737 0.5263
3306 0.4545 0.5455
3307 0.3571 0.6429
3308 0.3333 0.6667
3309 0.5789 0.4211
3310 0.4667 0.5333
3311 0.5652 0.4348
3312 0.5833 0.4167
3313 0.5 0.5
3314 0.7 0.3
3315 0.5 0.5
3316 0.6 0.4
3317 0.5143 0.4857
3318 0.6957 0.3043
3319 0.6061 0.3939
3320 0.4444 0.5556
3321 0.5714 0.4286
3322 0.5 0.5
3323 0.7143 0.2857
3324 0.5758 0.4242
3325 0.5556 0.4444
3326 0.25 0.75
3327 0.5833 0.4167
3328 0.6786 0.3214
3329 0.4848 0.5152
3330 0.5 0.5
3331 0.5641 0.4359
3332 0.3824 0.6176
3333 0.5667 0.4333
3334 0.6857 0.3143
3335 0.4167 0.5833
3336 0.44 0.56
3337 0.64 0.36
3338 0.5 0.5
3339 0.625 0.375
3340 0.5897 0.4103
3341 0.4 0.6
3342 0.5263 0.4737
3343 0.5946 0.4054
3344 0.6047 0.3953
3345 0.4545 0.5455
3346 0.5 0.5
3347 0.4615 0.5385
3348 0.3704 0.6296
3349 0.4 0.6
3350 0.5357 0.4643
3351 0.6176 0.3824
3352 0.5312 0.4688
3353 0.5312 0.4688
3354 0.4688 0.5312
3355 0.5278 0.4722
3356 0.4474 0.5526
3357 0.5806 0.4194
3358 0.4 0.6
3359 0.6765 0.3235
3360 0.5 0.5
3361 0.5 0.5
3362 0.5294 0.4706
3363 0.5156 0.4844
3364 0.3725 0.6275
3365 0.4688 0.5312
3366 0.5429 0.4571
3367 0.3333 0.6667
3368 0.6786 0.3214
3369 0.5143 0.4857
3370 0.4828 0.5172
3371 0.5357 0.4643
3372 0.5 0.5
3373 0.5 0.5
3374 0.5526 0.4474
3375 0.4242 0.5758
3376 0.5806 0.4194
3377 0.3913 0.6087
3378 0.381 0.619
3379 0.4737 0.5263
3380 0.4583 0.5417
3381 0.5 0.5
3382 0.5 0.5
3383 0.4 0.6
3384 0.5714 0.4286
3385 0.44 0.56
3386 0.4762 0.5238
3387 0.381 0.619
3388 0.5357 0.4643
3389 0.4545 0.5455
3390 0.619 0.381
3391 0.6176 0.3824
3392 0.3333 0.6667
3393 0.5 0.5
3394 0.44 0.56
3395 0.5333 0.4667
3396 0.2727 0.7273
3397 0.4375 0.5625
3398 0.5333 0.4667
3399 0.6875 0.3125
3400 0.5455 0.4545
3401 0.4444 0.5556
3402 0.5 0.5
3403 0.5 0.5
3404 0.6053 0.3947
3405 0.3143 0.6857
3406 0.5 0.5
3407 0.75 0.25
3408 0.2727 0.7273
3409 0.6111 0.3889
3410 0.5 0.5
3411 0.6875 0.3125
3412 0.5789 0.4211
3413 0.4783 0.5217
3414 0.3462 0.6538
3415 0.6 0.4
3416 0.4583 0.5417
3417 0.4545 0.5455
3418 0.4242 0.5758
3419 0.3929 0.6071
3420 0.3333 0.6667
3421 0.6875 0.3125
3422 0.3684 0.6316
3423 0.5 0.5
3424 0.6 0.4
3425 0.5556 0.4444
3426 0.5556 0.4444
3427 0.6429 0.3571
3428 0.2143 0.7857
3429 0.4444 0.5556
3430 0.7 0.3
3431 0.7273 0.2727
3432 0.5238 0.4762
3433 0.6667 0.3333
3434 0.5938 0.4062
3435 0.5152 0.4848
3436 0.5556 0.4444
3437 0.45 0.55
3438 0.5172 0.4828
3439 0.5625 0.4375
3440 0.5 0.5
3441 0.4091 0.5909
3442 0.4091 0.5909
3443 0.3636 0.6364
3444 0.5833 0.4167
3445 0.4167 0.5833
3446 0.75 0.25
3447 0.5714 0.4286
3448 0.5833 0.4167
3449 0.5882 0.4118
3450 0.5385 0.4615
3451 0.6774 0.3226
3452 0.3421 0.6579
3453 0.4857 0.5143
3454 0.2857 0.7143
3455 0.6667 0.3333
3456 0.7826 0.2174
3457 0.5769 0.4231
3458 0.5161 0.4839
3459 0.5172 0.4828
3460 0.4333 0.5667
3461 0.3333 0.6667
3462 0.5714 0.4286
3463 0.5217 0.4783
3464 0.3889 0.6111
3465 0.4706 0.5294
3466 0.3846 0.6154
3467 0.4762 0.5238
3468 0.2857 0.7143
3469 0.5 0.5
3470 0.4167 0.5833
3471 0.3077 0.6923
3472 0.5 0.5
3473 0.6842 0.3158
3474 0.4286 0.5714
3475 0.3158 0.6842
3476 0.4444 0.5556
3477 0.6538 0.3462
3478 0.4483 0.5517
3479 0.3478 0.6522
3480 0.5238 0.4762
3481 0.5769 0.4231
3482 0.641 0.359
3483 0.6304 0.3696
3484 0.3902 0.6098
3485 0.4688 0.5312
3486 0.4545 0.5455
3487 0.4706 0.5294
3488 0.6111 0.3889
3489 0.5217 0.4783
3490 0.44 0.56
3491 0.5 0.5
3492 0.3889 0.6111
3493 0.4615 0.5385
3494 0.6875 0.3125
3495 0.6875 0.3125
3496 0.6154 0.3846
3497 0.75 0.25
3498 0.3333 0.6667
3499 0.4375 0.5625
3500 0.5263 0.4737
3501 0.3636 0.6364
3502 0.3333 0.6667
3503 0.5 0.5
3504 0.3333 0.6667
3505 0.6667 0.3333
3506 0.3333 0.6667
3507 0.5556 0.4444
3508 0.5714 0.4286
3509 0.4615 0.5385
3510 0.8667 0.1333
3511 0.3889 0.6111
3512 0.25 0.75
3513 0.375 0.625
3514 0.65 0.35
3515 0.4167 0.5833
3516 0.5455 0.4545
3517 0.3704 0.6296
3518 0.5217 0.4783
3519 0.4762 0.5238
3520 0.5417 0.4583
3521 0.4348 0.5652
3522 0.4211 0.5789
3523 0.4706 0.5294
3524 0.5625 0.4375
3525 0.5333 0.4667
3526 0.5 0.5
3527 0.5 0.5
3528 0.7 0.3
3529 0.4762 0.5238
3530 0.5263 0.4737
3531 0.4 0.6
3532 0.6429 0.3571
3533 0.6 0.4
3534 0.5833 0.4167
3535 0.4706 0.5294
3536 0.4615 0.5385
3537 0.5833 0.4167
3538 0.45 0.55
3539 0.3684 0.6316
3540 0.5333 0.4667
3541 0.6667 0.3333
3542 0.4545 0.5455
3543 0.4762 0.5238
3544 0.3684 0.6316
3545 0.3333 0.6667
3546 0.3333 0.6667
3547 0.4615 0.5385
3548 0.5263 0.4737
3549 0.45 0.55
3550 0.3529 0.6471
3551 0.1667 0.8333
3552 0.6923 0.3077
3553 0.6923 0.3077
3554 0.4167 0.5833
3555 0.7778 0.2222
3556 0.4444 0.5556
3557 0.5333 0.4667
3558 0.5 0.5
3559 0.5263 0.4737
3560 0.4375 0.5625
3561 0.1667 0.8333
3562 0.1111 0.8889
3563 0.3333 0.6667
3564 0.6667 0.3333
3565 0.6667 0.3333
3566 0.5 0.5
3567 0.6154 0.3846
3568 0.7273 0.2727
3569 0.6667 0.3333
3570 0.5294 0.4706
3571 0.619 0.381
3572 0.5652 0.4348
3573 0.6087 0.3913
3574 0.5357 0.4643
3575 0.5 0.5
3576 0.3478 0.6522
3577 0.5 0.5
3578 0.1765 0.8235
3579 0.4 0.6
3580 0.625 0.375
3581 0.375 0.625
3582 0.7143 0.2857
3583 0.5882 0.4118
3584 0.2667 0.7333
3585 0.4615 0.5385
3586 0.1 0.9
3587 0.5 0.5
3588 0.6667 0.3333
3589 0.6364 0.3636
3590 0.5 0.5
3591 0.8182 0.1818
3592 0.5556 0.4444
3593 0.5714 0.4286
3594 0.4706 0.5294
3595 0.5263 0.4737
3596 0.5789 0.4211
3597 0.619 0.381
3598 0.45 0.55
3599 0.5357 0.4643
3600 0.3684 0.6316
3601 0.5263 0.4737
3602 0.5 0.5
3603 0.5455 0.4545
3604 0.3077 0.6923
3605 0.5 0.5
3606 0.5 0.5
3607 0.5 0.5
3608 0.5 0.5
3609 0.4545 0.5455
3610 0.6111 0.3889
3611 0.4762 0.5238
3612 0.4375 0.5625
3613 0.5714 0.4286
3614 0.4 0.6
3615 0.5 0.5
3616 0.25 0.75
3617 0.7143 0.2857
3618 0.375 0.625
3619 0.75 0.25
3620 0.3333 0.6667
3621 0.75 0.25
3622 0.4545 0.5455
3623 0.6364 0.3636
3624 0.5625 0.4375
3625 0.5 0.5
3626 0.0 1.0
3627 1.0 0.0
3628 0.6957 0.3043
3629 0.4545 0.5455
3630 0.619 0.381
3631 0.2353 0.7647
3632 0.5263 0.4737
3633 0.6842 0.3158
3634 0.5 0.5
3635 0.5333 0.4667
3636 0.4667 0.5333
3637 0.6111 0.3889
3638 0.4 0.6
3639 0.3889 0.6111
3640 0.4211 0.5789
3641 0.375 0.625
3642 0.7 0.3
3643 0.6111 0.3889
3644 0.4667 0.5333
3645 0.4167 0.5833
3646 0.75 0.25
3647 0.3333 0.6667
3648 0.5385 0.4615
3649 0.4667 0.5333
3650 0.3333 0.6667
3651 0.8 0.2
3652 0.4286 0.5714
3653 0.8 0.2
3654 0.5789 0.4211
3655 0.4706 0.5294
3656 0.5 0.5
3657 0.6364 0.3636
3658 0.1 0.9
3659 0.4 0.6
3660 0.75 0.25
3661 0.3333 0.6667
3662 0.4286 0.5714
3663 0.6364 0.3636
3664 0.6667 0.3333
3665 0.6 0.4
3666 0.4667 0.5333
3667 0.4 0.6
3668 0.3636 0.6364
3669 0.4444 0.5556
3670 0.1667 0.8333
3671 0.875 0.125
3672 0.3077 0.6923
3673 0.6667 0.3333
3674 0.5625 0.4375
3675 0.5333 0.4667
3676 0.6875 0.3125
3677 0.4118 0.5882
3678 0.5 0.5
3679 0.3077 0.6923
3680 0.3846 0.6154
3681 0.4444 0.5556
3682 0.4545 0.5455
3683 0.4167 0.5833
3684 0.3636 0.6364
3685 0.6923 0.3077
3686 0.55 0.45
3687 0.4444 0.5556
3688 0.375 0.625
3689 0.5625 0.4375
3690 0.4706 0.5294
3691 0.3333 0.6667
3692 0.4 0.6
3693 0.5714 0.4286
3694 0.5714 0.4286
3695 0.5455 0.4545
3696 0.5 0.5
3697 0.5385 0.4615
3698 0.5294 0.4706
3699 0.3333 0.6667
3700 0.4 0.6
3701 0.5 0.5
3702 0.1667 0.8333
3703 0.3333 0.6667
3704 0.8 0.2
3705 0.6667 0.3333
3706 0.6667 0.3333
3707 0.5 0.5
3708 0.6 0.4
3709 0.8333 0.1667
3710 0.5556 0.4444
3711 0.5385 0.4615
3712 0.5556 0.4444
3713 0.5 0.5
3714 0.5 0.5
3715 0.4444 0.5556
3716 0.875 0.125
3717 0.5 0.5
3718 0.4444 0.5556
3719 0.4444 0.5556
3720 0.4286 0.5714
3721 0.0 1.0
3722 0.5 0.5
3723 1.0 0.0
3724 0.0 1.0
3726 1.0 0.0
3727 0.6667 0.3333
3728 1.0 0.0
3729 0.6 0.4
3730 0.75 0.25
3731 0.4545 0.5455
3732 0.4 0.6
3733 0.4 0.6
3734 0.8 0.2
3735 0.0 1.0
3736 0.5 0.5
3737 1.0 0.0
3738 0.3333 0.6667
3739 0.0 1.0
3740 1.0 0.0
3741 0.6 0.4
3742 0.3333 0.6667
3743 0.5556 0.4444
3744 0.0 1.0
3745 1.0 0.0
3746 1.0 0.0
3747 0.0 1.0
3748 0.5 0.5
3749 0.75 0.25
3750 0.25 0.75
3751 1.0 0.0
3752 0.5 0.5
3753 0.4 0.6
3754 0.0 1.0
3755 1.0 0.0
3756 0.75 0.25
3757 0.75 0.25
3758 0.5 0.5
3759 1.0 0.0
3760 0.6 0.4
3761 0.2 0.8
3762 0.5 0.5
3763 0.0 1.0
3764 0.0 1.0
3765 0.6667 0.3333
3766 0.5 0.5
3767 0.2 0.8
3768 0.8333 0.1667
3769 0.4444 0.5556
3770 0.5556 0.4444
3771 0.3636 0.6364
3772 0.2857 0.7143
3773 0.0 1.0
3780 0.6 0.4
3781 0.6667 0.3333
3782 0.0 1.0
3783 1.0 0.0
3784 0.6667 0.3333
3785 0.3333 0.6667
3786 0.0 1.0
3789 1.0 0.0
3790 0.6667 0.3333
3791 0.25 0.75
3792 0.3333 0.6667
3793 0.0 1.0
3794 0.8333 0.1667
3795 0.2857 0.7143
3796 0.25 0.75
3797 0.0 1.0
3798 0.5 0.5
3799 1.0 0.0
3800 1.0 0.0
3801 0.6 0.4
3802 0.4 0.6
3803 0.0 1.0
3804 1.0 0.0
3805 0.5 0.5
3810 1.0 0.0
3811 0.25 0.75
3812 0.6 0.4
3813 0.3333 0.6667
3814 0.0 1.0
3816 1.0 0.0
3817 1.0 0.0
3818 0.5 0.5
3819 0.5 0.5
3820 1.0 0.0
3821 1.0 0.0
3822 0.625 0.375
3823 0.5 0.5
3824 0.5 0.5
3825 0.3333 0.6667
3826 0.75 0.25
3827 0.25 0.75
3828 0.5 0.5
3829 0.25 0.75
3830 0.0 1.0
3831 0.0 1.0
3832 0.8 0.2
3833 0.25 0.75
3834 0.8 0.2
3835 0.625 0.375
3836 0.4 0.6
3837 0.3333 0.6667
3838 1.0 0.0
3839 0.7143 0.2857
3840 0.8667 0.1333
3841 0.25 0.75
3842 0.3333 0.6667
3843 0.2 0.8
3844 0.5714 0.4286
3845 0.625 0.375
3846 0.625 0.375
3847 0.2727 0.7273
3848 0.6 0.4
3849 0.4 0.6
3850 0.5 0.5
3851 0.5 0.5
3852 0.25 0.75
3853 0.0 1.0
3854 1.0 0.0
3855 0.6667 0.3333
3856 0.75 0.25
3857 1.0 0.0
3858 0.5556 0.4444
3859 0.2857 0.7143
3860 0.8333 0.1667
3861 0.5 0.5
3862 0.4444 0.5556
3863 0.3636 0.6364
3864 0.4444 0.5556
3865 0.5 0.5
3866 0.6667 0.3333
3867 0.25 0.75
3868 0.2222 0.7778
3869 0.2857 0.7143
3870 0.2857 0.7143
3871 0.2857 0.7143
3872 0.25 0.75
3873 0.5 0.5
3874 0.75 0.25
3875 0.3333 0.6667
3876 0.6667 0.3333
3877 0.5 0.5
3878 0.3333 0.6667
3879 0.5 0.5
3880 0.3333 0.6667
3881 0.3333 0.6667
3882 0.6 0.4
3883 0.5 0.5
3884 0.1667 0.8333
3885 0.0 1.0
3886 0.25 0.75
3887 0.8 0.2
3888 0.4286 0.5714
3889 0.5 0.5
3890 0.2222 0.7778
3891 0.0 1.0
3892 0.2 0.8
3893 0.6 0.4
3894 0.2857 0.7143
3895 0.3333 0.6667
3896 0.2 0.8
3897 0.0 1.0
3898 0.0 1.0
3899 0.0 1.0
3900 0.6667 0.3333
3901 0.3333 0.6667
3902 0.5 0.5
3903 0.3333 0.6667
3904 0.0 1.0
3905 0.5 0.5
3906 0.8 0.2
3907 0.4286 0.5714
3908 0.5556 0.4444
3909 0.5 0.5
3910 0.625 0.375
3911 0.1429 0.8571
3912 0.4 0.6
3913 0.3333 0.6667
3914 0.75 0.25
3915 0.3333 0.6667
3916 1.0 0.0
3917 0.4 0.6
3918 0.3333 0.6667
3919 0.25 0.75
3920 0.5 0.5
3921 0.5 0.5
3922 1.0 0.0
3923 1.0 0.0
3924 0.6667 0.3333
3925 0.25 0.75
3927 0.3333 0.6667
3928 0.3333 0.6667
3929 0.0 1.0
3930 0.6 0.4
3931 0.4 0.6
3932 0.0 1.0
3933 0.6 0.4
3934 0.8 0.2
3935 0.5 0.5
3936 0.25 0.75
3937 0.8333 0.1667
3938 0.5 0.5
3939 0.4286 0.5714
3940 0.6667 0.3333
3941 0.5 0.5
3942 0.6 0.4
3943 0.8333 0.1667
3944 0.625 0.375
3945 0.2857 0.7143
3946 0.0 1.0
3947 0.75 0.25
3948 0.5 0.5
3949 0.5 0.5
3950 0.5 0.5
3951 0.0 1.0
3952 0.5 0.5
3953 0.0 1.0
3954 1.0 0.0
3955 0.6667 0.3333
3956 1.0 0.0
3957 0.5 0.5
3958 0.5 0.5
3959 0.6667 0.3333
3960 0.5556 0.4444
3961 0.625 0.375
3962 0.375 0.625
3963 0.8571 0.1429
3964 0.5455 0.4545
3965 0.625 0.375
3966 0.4444 0.5556
3967 0.6 0.4
3968 0.6667 0.3333
3969 0.6667 0.3333
3970 0.1667 0.8333
3971 0.5 0.5
3972 0.8333 0.1667
3973 0.6667 0.3333
3974 0.7143 0.2857
3975 0.6 0.4
3976 0.6 0.4
3977 0.3333 0.6667
3978 0.0 1.0
3980 1.0 0.0
3981 0.75 0.25
3982 1.0 0.0
3983 0.5 0.5
3984 0.5 0.5
3985 0.5 0.5
3986 0.0 1.0
3988 0.0 1.0
3991 0.5 0.5
3992 0.8 0.2
3993 0.5 0.5
3994 0.5 0.5
3995 0.0 1.0
3998 0.0 1.0
4000 1.0 0.0
4001 0.5 0.5
4002 0.0 1.0
4006 1.0 0.0
4007 0.5 0.5
4008 0.5 0.5
4009 0.6 0.4
4010 0.5 0.5
4011 0.4 0.6
4012 0.7143 0.2857
4013 0.1111 0.8889
4014 0.4286 0.5714
4015 0.3333 0.6667
4016 0.5 0.5
4017 0.2857 0.7143
4018 0.5714 0.4286
4019 0.5 0.5
4020 0.8571 0.1429
4021 0.6667 0.3333
4022 0.2222 0.7778
4023 0.3333 0.6667
4024 0.0 1.0
4025 0.0 1.0
4026 0.5 0.5
4027 1.0 0.0
4028 1.0 0.0
4029 1.0 0.0
4030 0.5556 0.4444
4031 0.3333 0.6667
4032 0.5 0.5
4034 1.0 0.0
4035 1.0 0.0
4036 0.5 0.5
4037 0.0 1.0
4038 0.6667 0.3333
4039 0.0 1.0
4040 0.0 1.0
4042 1.0 0.0
4043 0.25 0.75
4044 0.0 1.0
4045 0.5 0.5
4046 0.5 0.5
4047 0.3333 0.6667
4048 0.0 1.0
4049 1.0 0.0
4050 0.0 1.0
4051 0.875 0.125
4052 0.3333 0.6667
4053 0.1667 0.8333
4054 0.6667 0.3333
4055 0.4 0.6
4056 0.0 1.0
4057 0.3333 0.6667
4058 1.0 0.0
4059 0.5 0.5
4060 0.0 1.0
4061 1.0 0.0
4062 0.0 1.0
4063 1.0 0.0
4064 0.5 0.5
4065 0.75 0.25
4066 0.6 0.4
4067 0.0 1.0
4068 0.8 0.2
4069 0.375 0.625
4070 0.5 0.5
4071 0.5 0.5
4072 0.25 0.75
4073 0.5 0.5
4074 0.3333 0.6667
4075 1.0 0.0
4078 1.0 0.0
4079 1.0 0.0
4080 0.2857 0.7143
4081 0.5 0.5
4082 0.5 0.5
4083 0.5 0.5
4084 0.0 1.0
4086 1.0 0.0
4087 0.5 0.5
4088 0.3333 0.6667
4089 0.75 0.25
4090 0.0 1.0
4091 0.4 0.6
4092 0.3333 0.6667
4093 0.0 1.0
4100 1.0 0.0
4101 1.0 0.0
4102 0.5 0.5
4103 0.3333 0.6667
4104 0.6667 0.3333
4105 0.6667 0.3333
4106 0.25 0.75
4107 0.4 0.6
4108 0.5714 0.4286
4109 0.6 0.4
4110 0.3 0.7
4111 0.4 0.6
4112 0.6 0.4
4113 0.4 0.6
4114 0.5 0.5
4115 0.6 0.4
4116 0.0 1.0
4121 1.0 0.0
4122 0.0 1.0
4123 1.0 0.0
4125 0.5 0.5
4129 1.0 0.0
4130 1.0 0.0
4131 1.0 0.0
4132 1.0 0.0
4133 0.6667 0.3333
4134 0.0 1.0
4137 1.0 0.0
4138 1.0 0.0
4139 0.0 1.0
4140 0.5 0.5
4141 0.0 1.0
4149 0.0 1.0
4150 0.5 0.5
4151 0.0 1.0
4152 0.0 1.0
4153 0.0 1.0
4159 0.0 1.0
4160 0.0 1.0
4161 1.0 0.0
4162 0.0 1.0
4163 1.0 0.0
4164 0.5 0.5
4165 0.75 0.25
4166 0.6 0.4
4167 0.0 1.0
4168 0.0 1.0
4170 1.0 0.0
4171 0.3333 0.6667
4172 1.0 0.0
4173 0.3333 0.6667
4174 0.5 0.5
4175 0.0 1.0
4177 0.0 1.0
4178 0.0 1.0
4185 0.0 1.0
4192 1.0 0.0
4193 0.5 0.5
4194 0.0 1.0
4195 0.5 0.5
4196 1.0 0.0
4197 0.3333 0.6667
4198 1.0 0.0
4199 1.0 0.0
4200 0.0 1.0
4201 0.3333 0.6667
4202 0.0 1.0
4204 0.5 0.5
4205 0.5 0.5
4206 0.5 0.5
4207 0.25 0.75
4208 0.6667 0.3333
4209 0.6667 0.3333
4210 0.3333 0.6667
4211 0.3333 0.6667
4212 0.5 0.5
4217 0.6667 0.3333
4218 0.3333 0.6667
4219 0.0 1.0
4221 1.0 0.0
4225 1.0 0.0
4226 0.6667 0.3333
4227 0.5 0.5
4228 0.5 0.5
4229 0.6667 0.3333
4230 0.25 0.75
4231 0.0 1.0
4232 0.5 0.5
4233 0.3333 0.6667
4234 0.0 1.0
4235 0.8571 0.1429
4236 0.375 0.625
4237 0.4 0.6
4238 0.8 0.2
4239 0.6 0.4
4240 0.25 0.75
4241 0.2 0.8
4242 0.0 1.0
4243 0.5 0.5
4244 0.0 1.0
4245 0.5 0.5
4246 0.0 1.0
4252 0.6667 0.3333
4253 1.0 0.0
4254 0.0 1.0
4255 0.3333 0.6667
4256 0.4 0.6
4257 0.25 0.75
4258 0.6667 0.3333
4259 0.5 0.5
4260 0.6667 0.3333
4261 1.0 0.0
4262 0.0 1.0
4269 1.0 0.0
4270 0.5 0.5
4271 1.0 0.0
4272 0.5 0.5
4273 0.5 0.5
4274 0.0 1.0
4275 0.5 0.5
4276 0.6667 0.3333
4277 0.25 0.75
4278 0.0 1.0
4279 0.0 1.0
4290 0.75 0.25
4291 0.0 1.0
4296 0.5 0.5
4297 0.0 1.0
4298 1.0 0.0
4299 0.0 1.0
4300 0.5 0.5
4301 0.3333 0.6667
4302 0.5 0.5
4303 0.0 1.0
4304 0.0 1.0
4305 0.0 1.0
4306 0.0 1.0
4307 1.0 0.0
4308 0.8333 0.1667
4309 0.2 0.8
4310 0.5 0.5
4311 1.0 0.0
4312 1.0 0.0
4319 0.0 1.0
4323 0.0 1.0
4324 0.0 1.0
4332 1.0 0.0
4333 1.0 0.0
4334 0.0 1.0
4335 0.5 0.5
4336 0.0 1.0
4337 0.0 1.0
4354 1.0 0.0
4355 0.0 1.0
4357 0.0 1.0
4358 0.0 1.0
4359 0.0 1.0
4365 1.0 0.0
4367 0.75 0.25
4368 0.2857 0.7143
4369 0.3333 0.6667
4370 1.0 0.0
4371 0.0 1.0
4374 0.0 1.0
4375 0.0 1.0
4377 1.0 0.0
4378 1.0 0.0
4379 0.5 0.5
4380 0.75 0.25
4381 0.3333 0.6667
4383 0.0 1.0
4384 1.0 0.0
4385 1.0 0.0
4386 1.0 0.0
4387 1.0 0.0
4388 0.5 0.5
4389 1.0 0.0
4390 0.5 0.5
4391 0.0 1.0
4392 0.0 1.0
4395 1.0 0.0
4396 0.0 1.0
4397 0.0 1.0
4402 1.0 0.0
4403 0.0 1.0
4405 0.3333 0.6667
4406 0.5 0.5
4407 0.5 0.5
4408 0.0 1.0
4412 1.0 0.0
4413 0.0 1.0
4414 0.0 1.0
4415 0.0 1.0
4416 0.75 0.25
4417 0.75 0.25
4418 0.6667 0.3333
4419 0.1429 0.8571
4420 0.0 1.0
4423 0.5 0.5
4424 0.75 0.25
4425 0.0 1.0
4426 0.0 1.0
4427 1.0 0.0
4428 1.0 0.0
4429 1.0 0.0
4430 0.0 1.0
4431 1.0 0.0
4432 1.0 0.0
4435 1.0 0.0
4436 1.0 0.0
4437 0.6667 0.3333
4438 0.5 0.5
4439 0.2 0.8
4440 0.6667 0.3333
4441 0.6 0.4
4442 0.6667 0.3333
4443 0.6667 0.3333
4444 0.5556 0.4444
4445 0.4286 0.5714
4446 0.1667 0.8333
4447 0.5 0.5
4448 0.3333 0.6667
4449 0.3333 0.6667
4450 0.0 1.0
4451 0.0 1.0
4456 1.0 0.0
4457 0.6667 0.3333
4458 0.5 0.5
4459 0.0 1.0
4460 0.0 1.0
4461 0.0 1.0
4462 0.0 1.0
4467 1.0 0.0
4469 1.0 0.0
4470 0.6667 0.3333
4471 0.0 1.0
4473 0.5 0.5
4474 0.0 1.0
4480 0.6667 0.3333
4481 0.4 0.6
4482 0.25 0.75
4483 0.0 1.0
4504 1.0 0.0
4505 0.5 0.5
4506 0.6667 0.3333
4507 0.6667 0.3333
4508 0.5 0.5
4509 1.0 0.0
4511 1.0 0.0
4513 1.0 0.0
4514 1.0 0.0
4518 0.5 0.5
4519 0.0 1.0
4522 1.0 0.0
4523 0.5 0.5
4524 0.0 1.0
4530 0.0 1.0
4548 1.0 0.0
4549 0.0 1.0
4552 1.0 0.0
4553 0.0 1.0
4557 1.0 0.0
4558 0.0 1.0
4559 1.0 0.0
4567 0.0 1.0
4589 1.0 0.0
4590 0.0 1.0
4592 0.0 1.0
4602 1.0 0.0
4604 0.5 0.5
4605 0.0 1.0
4611 1.0 0.0
4612 1.0 0.0
4613 0.75 0.25
4614 0.6667 0.3333
4615 0.5 0.5
4616 0.3333 0.6667
4617 0.4 0.6
4618 0.4444 0.5556
4619 0.4444 0.5556
4620 0.6667 0.3333
4621 0.375 0.625
4622 0.6667 0.3333
4623 0.5 0.5
4624 0.6667 0.3333
4625 0.6667 0.3333
4626 0.3333 0.6667
4627 1.0 0.0
4628 0.0 1.0
4629 0.5 0.5
4630 0.5 0.5
4631 0.2 0.8
4632 0.5 0.5
4633 0.6 0.4
4634 0.25 0.75
4635 0.0 1.0
4648 1.0 0.0
4649 0.0 1.0
4650 1.0 0.0
4657 0.0 1.0
4694 1.0 0.0
4695 1.0 0.0
4696 0.0 1.0
4706 1.0 0.0
4707 0.0 1.0
4708 0.0 1.0
4710 1.0 0.0
4711 0.0 1.0
4712 1.0 0.0
4713 0.0 1.0
4729 1.0 0.0
4730 0.0 1.0
4733 1.0 0.0
4734 0.5 0.5
4741 1.0 0.0
4747 1.0 0.0
4748 0.6667 0.3333
4749 0.6667 0.3333
4750 0.0 1.0
4753 1.0 0.0
4754 0.0 1.0
4757 1.0 0.0
4758 0.0 1.0
4759 0.0 1.0
4760 0.0 1.0
4761 0.5 0.5
4762 0.0 1.0
4766 1.0 0.0
4767 0.6667 0.3333
4768 0.5 0.5
4769 1.0 0.0
4770 1.0 0.0
4771 1.0 0.0
4775 0.0 1.0
4776 0.0 1.0
4781 1.0 0.0
4782 0.0 1.0
4787 0.0 1.0
4788 0.0 1.0
4838 1.0 0.0
4839 0.3333 0.6667
4840 0.4 0.6
4841 0.3333 0.6667
4842 0.0 1.0
4965 1.0 0.0
4966 0.0 1.0
4981 0.0 1.0
5066 1.0 0.0
5067 1.0 0.0
5068 0.0 1.0
