0 0.44329833984375
1 0.4568634033203125
2 0.4449920654296875
3 0.443389892578125
4 0.4522705078125
5 0.449188232421875
6 0.4423828125
7 0.45159912109375
8 0.450225830078125
9 0.4483795166015625
10 0.440582275390625
11 0.447540283203125
12 0.44671630859375
13 0.4398651123046875
14 0.4447174072265625
15 0.43994140625
16 0.4422607421875
17 0.442596435546875
18 0.44854736328125
19 0.4425811767578125
20 0.443328857421875
21 0.4442596435546875
22 0.449920654296875
23 0.444366455078125
24 0.44866943359375
25 0.4500732421875
26 0.4459991455078125
27 0.4458160400390625
28 0.4373779296875
29 0.4421539306640625
30 0.448516845703125
31 0.448699951171875
32 0.44366455078125
33 0.4407958984375
34 0.443328857421875
35 0.4405517578125
36 0.4399261474609375
37 0.4443206787109375
38 0.4445648193359375
39 0.4381866455078125
40 0.446441650390625
41 0.443145751953125
42 0.447235107421875
43 0.4466400146484375
44 0.4447174072265625
45 0.4437255859375
46 0.4467315673828125
47 0.434844970703125
48 0.4514312744140625
49 0.4433135986328125
50 0.4428863525390625
51 0.4455413818359375
52 0.44390869140625
53 0.4441680908203125
54 0.4432830810546875
55 0.4385528564453125
56 0.446746826171875
57 0.4484100341796875
58 0.4494171142578125
59 0.4530181884765625
60 0.4384307861328125
61 0.4441375732421875
62 0.4428558349609375
63 0.443023681640625
