1 0.3969 0.6031
2 0.4765 0.5235
3 0.4908 0.5092
4 0.4974 0.5026
5 0.5011 0.4989
6 0.5033 0.4967
7 0.5047 0.4953
8 0.5058 0.4942
9 0.5064 0.4936
10 0.5067 0.4933
11 0.5075 0.4925
12 0.5076 0.4924
13 0.5077 0.4923
14 0.5079 0.4921
15 0.5083 0.4917
16 0.5085 0.4915
17 0.5083 0.4917
18 0.5082 0.4918
19 0.5085 0.4915
20 0.5083 0.4917
21 0.5085 0.4915
22 0.5085 0.4915
23 0.5083 0.4917
24 0.5082 0.4918
25 0.5087 0.4913
26 0.5083 0.4917
27 0.5083 0.4917
28 0.5087 0.4913
29 0.5084 0.4916
30 0.5088 0.4912
31 0.5084 0.4916
32 0.508 0.492
33 0.5085 0.4915
34 0.5085 0.4915
35 0.5081 0.4919
36 0.5079 0.4921
37 0.5084 0.4916
38 0.5081 0.4919
39 0.508 0.492
40 0.5077 0.4923
41 0.5083 0.4917
42 0.5081 0.4919
43 0.5081 0.4919
44 0.5079 0.4921
45 0.5077 0.4923
46 0.5077 0.4923
47 0.5075 0.4925
48 0.5076 0.4924
49 0.5075 0.4925
50 0.5076 0.4924
51 0.5078 0.4922
52 0.5079 0.4921
53 0.5071 0.4929
54 0.5073 0.4927
55 0.5073 0.4927
56 0.5074 0.4926
57 0.5069 0.4931
58 0.5074 0.4926
59 0.5071 0.4929
60 0.5073 0.4927
61 0.5069 0.4931
62 0.5072 0.4928
63 0.5071 0.4929
64 0.5071 0.4929
65 0.5067 0.4933
66 0.5067 0.4933
67 0.5068 0.4932
68 0.5067 0.4933
69 0.5067 0.4933
70 0.5069 0.4931
71 0.5069 0.4931
72 0.5065 0.4935
73 0.5063 0.4937
74 0.5065 0.4935
75 0.5066 0.4934
76 0.5061 0.4939
77 0.5063 0.4937
78 0.5061 0.4939
79 0.5062 0.4938
80 0.5065 0.4935
81 0.5062 0.4938
82 0.506 0.494
83 0.5058 0.4942
84 0.5064 0.4936
85 0.5061 0.4939
86 0.5061 0.4939
87 0.5066 0.4934
88 0.5059 0.4941
89 0.5061 0.4939
90 0.5062 0.4938
91 0.5057 0.4943
92 0.5057 0.4943
93 0.5054 0.4946
94 0.506 0.494
95 0.5056 0.4944
96 0.5061 0.4939
97 0.5054 0.4946
98 0.5053 0.4947
99 0.5061 0.4939
100 0.5056 0.4944
101 0.5055 0.4945
102 0.5052 0.4948
103 0.5053 0.4947
104 0.5052 0.4948
105 0.5061 0.4939
106 0.5057 0.4943
107 0.5051 0.4949
108 0.5052 0.4948
109 0.5053 0.4947
110 0.5052 0.4948
111 0.5048 0.4952
112 0.5054 0.4946
113 0.5051 0.4949
114 0.5057 0.4943
115 0.5048 0.4952
116 0.5049 0.4951
117 0.5052 0.4948
118 0.5052 0.4948
119 0.5047 0.4953
120 0.5044 0.4956
121 0.5044 0.4956
122 0.504 0.496
123 0.5048 0.4952
124 0.5046 0.4954
125 0.505 0.495
126 0.505 0.495
127 0.5044 0.4956
128 0.5039 0.4961
129 0.5045 0.4955
130 0.5046 0.4954
131 0.5042 0.4958
132 0.5039 0.4961
133 0.5038 0.4962
134 0.5043 0.4957
135 0.5045 0.4955
136 0.5044 0.4956
137 0.504 0.496
138 0.5044 0.4956
139 0.5043 0.4957
140 0.5041 0.4959
141 0.5036 0.4964
142 0.5045 0.4955
143 0.5044 0.4956
144 0.5044 0.4956
145 0.5046 0.4954
146 0.5034 0.4966
147 0.5042 0.4958
148 0.5037 0.4963
149 0.5042 0.4958
150 0.5037 0.4963
151 0.5041 0.4959
152 0.5035 0.4965
153 0.5038 0.4962
154 0.5038 0.4962
155 0.5037 0.4963
156 0.5042 0.4958
157 0.5027 0.4973
158 0.504 0.496
159 0.5035 0.4965
160 0.5034 0.4966
161 0.5036 0.4964
162 0.5031 0.4969
163 0.5029 0.4971
164 0.5032 0.4968
165 0.5035 0.4965
166 0.5037 0.4963
167 0.5032 0.4968
168 0.5039 0.4961
169 0.5036 0.4964
170 0.5034 0.4966
171 0.5032 0.4968
172 0.5028 0.4972
173 0.5034 0.4966
174 0.503 0.497
175 0.5033 0.4967
176 0.5029 0.4971
177 0.5029 0.4971
178 0.5035 0.4965
179 0.5028 0.4972
180 0.5033 0.4967
181 0.5028 0.4972
182 0.5038 0.4962
183 0.5019 0.4981
184 0.5034 0.4966
185 0.5026 0.4974
186 0.5025 0.4975
187 0.5021 0.4979
188 0.5022 0.4978
189 0.5028 0.4972
190 0.5031 0.4969
191 0.5023 0.4977
192 0.5023 0.4977
193 0.5026 0.4974
194 0.5022 0.4978
195 0.5024 0.4976
196 0.502 0.498
197 0.5031 0.4969
198 0.5023 0.4977
199 0.5019 0.4981
200 0.5027 0.4973
201 0.5019 0.4981
202 0.5027 0.4973
203 0.5017 0.4983
204 0.5025 0.4975
205 0.5026 0.4974
206 0.5021 0.4979
207 0.5018 0.4982
208 0.5028 0.4972
209 0.5022 0.4978
210 0.5029 0.4971
211 0.5021 0.4979
212 0.5023 0.4977
213 0.5024 0.4976
214 0.5029 0.4971
215 0.5017 0.4983
216 0.5021 0.4979
217 0.5027 0.4973
218 0.5027 0.4973
219 0.5022 0.4978
220 0.502 0.498
221 0.5017 0.4983
222 0.5024 0.4976
223 0.5009 0.4991
224 0.5021 0.4979
225 0.5019 0.4981
226 0.5016 0.4984
227 0.5012 0.4988
228 0.5025 0.4975
229 0.5031 0.4969
230 0.5026 0.4974
231 0.5015 0.4985
232 0.5024 0.4976
233 0.5015 0.4985
234 0.5011 0.4989
235 0.5013 0.4987
236 0.5012 0.4988
237 0.5023 0.4977
238 0.5022 0.4978
239 0.5019 0.4981
240 0.5011 0.4989
241 0.5021 0.4979
242 0.5018 0.4982
243 0.5017 0.4983
244 0.501 0.499
245 0.5021 0.4979
246 0.5014 0.4986
247 0.5012 0.4988
248 0.5011 0.4989
249 0.502 0.498
250 0.5016 0.4984
251 0.5018 0.4982
252 0.502 0.498
253 0.5011 0.4989
254 0.5016 0.4984
255 0.5005 0.4995
256 0.5016 0.4984
257 0.5009 0.4991
258 0.5015 0.4985
259 0.5012 0.4988
260 0.5014 0.4986
261 0.5009 0.4991
262 0.5016 0.4984
263 0.5014 0.4986
264 0.5011 0.4989
265 0.5012 0.4988
266 0.5013 0.4987
267 0.5018 0.4982
268 0.5022 0.4978
269 0.5017 0.4983
270 0.501 0.499
271 0.5006 0.4994
272 0.5015 0.4985
273 0.5007 0.4993
274 0.5005 0.4995
275 0.5009 0.4991
276 0.5009 0.4991
277 0.5007 0.4993
278 0.5013 0.4987
279 0.501 0.499
280 0.5009 0.4991
281 0.5004 0.4996
282 0.5009 0.4991
283 0.501 0.499
284 0.5009 0.4991
285 0.5015 0.4985
286 0.5014 0.4986
287 0.5008 0.4992
288 0.5002 0.4998
289 0.5006 0.4994
290 0.5015 0.4985
291 0.5002 0.4998
292 0.5017 0.4983
293 0.5006 0.4994
294 0.5011 0.4989
295 0.5008 0.4992
296 0.5012 0.4988
297 0.5008 0.4992
298 0.5008 0.4992
299 0.5003 0.4997
300 0.501 0.499
301 0.5 0.5
302 0.5008 0.4992
303 0.5004 0.4996
304 0.5014 0.4986
305 0.4998 0.5002
306 0.4997 0.5003
307 0.4996 0.5004
308 0.4999 0.5001
309 0.5 0.5
310 0.4997 0.5003
311 0.4997 0.5003
312 0.5001 0.4999
313 0.5 0.5
314 0.4999 0.5001
315 0.5003 0.4997
316 0.4999 0.5001
317 0.4997 0.5003
318 0.4997 0.5003
319 0.5003 0.4997
320 0.5003 0.4997
321 0.5006 0.4994
322 0.4997 0.5003
323 0.5 0.5
324 0.5 0.5
325 0.5 0.5
326 0.5004 0.4996
327 0.5001 0.4999
328 0.5001 0.4999
329 0.5002 0.4998
330 0.4991 0.5009
331 0.5005 0.4995
332 0.4994 0.5006
333 0.499 0.501
334 0.4994 0.5006
335 0.4988 0.5012
336 0.501 0.499
337 0.5006 0.4994
338 0.4987 0.5013
339 0.5012 0.4988
340 0.5007 0.4993
341 0.4996 0.5004
342 0.4998 0.5002
343 0.4999 0.5001
344 0.4992 0.5008
345 0.499 0.501
346 0.4992 0.5008
347 0.4992 0.5008
348 0.5002 0.4998
349 0.5 0.5
350 0.4989 0.5011
351 0.4991 0.5009
352 0.4989 0.5011
353 0.4993 0.5007
354 0.5001 0.4999
355 0.4995 0.5005
356 0.4994 0.5006
357 0.4998 0.5002
358 0.4981 0.5019
359 0.5 0.5
360 0.4989 0.5011
361 0.4994 0.5006
362 0.4991 0.5009
363 0.4999 0.5001
364 0.4976 0.5024
365 0.499 0.501
366 0.4995 0.5005
367 0.4996 0.5004
368 0.4978 0.5022
369 0.499 0.501
370 0.4992 0.5008
371 0.5002 0.4998
372 0.4984 0.5016
373 0.5001 0.4999
374 0.4999 0.5001
375 0.4993 0.5007
376 0.4987 0.5013
377 0.5 0.5
378 0.4992 0.5008
379 0.4983 0.5017
380 0.4997 0.5003
381 0.5003 0.4997
382 0.4981 0.5019
383 0.5003 0.4997
384 0.4987 0.5013
385 0.4993 0.5007
386 0.4989 0.5011
387 0.4976 0.5024
388 0.4994 0.5006
389 0.4994 0.5006
390 0.4995 0.5005
391 0.4991 0.5009
392 0.4989 0.5011
393 0.499 0.501
394 0.4987 0.5013
395 0.4968 0.5032
396 0.4992 0.5008
397 0.4989 0.5011
398 0.4984 0.5016
399 0.4983 0.5017
400 0.4982 0.5018
401 0.4981 0.5019
402 0.4994 0.5006
403 0.4986 0.5014
404 0.4991 0.5009
405 0.4981 0.5019
406 0.4992 0.5008
407 0.4993 0.5007
408 0.4984 0.5016
409 0.4994 0.5006
410 0.4997 0.5003
411 0.4989 0.5011
412 0.4989 0.5011
413 0.5001 0.4999
414 0.4965 0.5035
415 0.4991 0.5009
416 0.4985 0.5015
417 0.4988 0.5012
418 0.4986 0.5014
419 0.4984 0.5016
420 0.4993 0.5007
421 0.4971 0.5029
422 0.4972 0.5028
423 0.4976 0.5024
424 0.5004 0.4996
425 0.4988 0.5012
426 0.4988 0.5012
427 0.4981 0.5019
428 0.5001 0.4999
429 0.4993 0.5007
430 0.4985 0.5015
431 0.5004 0.4996
432 0.498 0.502
433 0.4983 0.5017
434 0.4979 0.5021
435 0.4989 0.5011
436 0.4982 0.5018
437 0.4977 0.5023
438 0.4995 0.5005
439 0.4987 0.5013
440 0.4975 0.5025
441 0.4995 0.5005
442 0.4992 0.5008
443 0.4986 0.5014
444 0.498 0.502
445 0.4981 0.5019
446 0.499 0.501
447 0.4986 0.5014
448 0.4995 0.5005
449 0.4971 0.5029
450 0.4962 0.5038
451 0.4974 0.5026
452 0.4985 0.5015
453 0.4978 0.5022
454 0.4987 0.5013
455 0.4985 0.5015
456 0.4973 0.5027
457 0.4987 0.5013
458 0.4984 0.5016
459 0.4988 0.5012
460 0.4983 0.5017
461 0.4983 0.5017
462 0.4999 0.5001
463 0.4977 0.5023
464 0.4985 0.5015
465 0.4969 0.5031
466 0.4995 0.5005
467 0.4994 0.5006
468 0.4984 0.5016
469 0.4981 0.5019
470 0.4984 0.5016
471 0.4972 0.5028
472 0.4971 0.5029
473 0.4975 0.5025
474 0.4992 0.5008
475 0.4986 0.5014
476 0.4988 0.5012
477 0.4986 0.5014
478 0.4991 0.5009
479 0.4985 0.5015
480 0.4983 0.5017
481 0.4973 0.5027
482 0.4991 0.5009
483 0.499 0.501
484 0.4988 0.5012
485 0.4979 0.5021
486 0.4971 0.5029
487 0.5002 0.4998
488 0.4992 0.5008
489 0.4971 0.5029
490 0.4972 0.5028
491 0.499 0.501
492 0.4993 0.5007
493 0.4974 0.5026
494 0.4974 0.5026
495 0.4968 0.5032
496 0.4978 0.5022
497 0.499 0.501
498 0.4979 0.5021
499 0.4983 0.5017
500 0.499 0.501
501 0.4987 0.5013
502 0.4979 0.5021
503 0.4967 0.5033
504 0.4985 0.5015
505 0.4978 0.5022
506 0.4975 0.5025
507 0.4971 0.5029
508 0.4982 0.5018
509 0.4983 0.5017
510 0.5002 0.4998
511 0.4978 0.5022
512 0.4979 0.5021
513 0.4967 0.5033
514 0.4982 0.5018
515 0.4988 0.5012
516 0.4966 0.5034
517 0.4962 0.5038
518 0.4967 0.5033
519 0.4977 0.5023
520 0.4972 0.5028
521 0.4974 0.5026
522 0.4969 0.5031
523 0.4957 0.5043
524 0.4981 0.5019
525 0.4972 0.5028
526 0.4969 0.5031
527 0.4961 0.5039
528 0.4982 0.5018
529 0.4969 0.5031
530 0.4955 0.5045
531 0.4971 0.5029
532 0.4993 0.5007
533 0.4967 0.5033
534 0.4997 0.5003
535 0.4975 0.5025
536 0.4972 0.5028
537 0.4985 0.5015
538 0.4966 0.5034
539 0.4979 0.5021
540 0.4967 0.5033
541 0.4991 0.5009
542 0.4979 0.5021
543 0.4962 0.5038
544 0.4969 0.5031
545 0.4975 0.5025
546 0.4988 0.5012
547 0.497 0.503
548 0.4986 0.5014
549 0.4966 0.5034
550 0.4965 0.5035
551 0.4984 0.5016
552 0.499 0.501
553 0.499 0.501
554 0.4978 0.5022
555 0.4973 0.5027
556 0.498 0.502
557 0.4999 0.5001
558 0.497 0.503
559 0.4979 0.5021
560 0.4998 0.5002
561 0.4978 0.5022
562 0.4976 0.5024
563 0.4981 0.5019
564 0.495 0.505
565 0.4986 0.5014
566 0.4971 0.5029
567 0.4973 0.5027
568 0.4976 0.5024
569 0.4961 0.5039
570 0.4975 0.5025
571 0.497 0.503
572 0.497 0.503
573 0.497 0.503
574 0.4975 0.5025
575 0.4965 0.5035
576 0.4993 0.5007
577 0.4964 0.5036
578 0.4978 0.5022
579 0.4987 0.5013
580 0.5025 0.4975
581 0.4968 0.5032
582 0.4947 0.5053
583 0.4955 0.5045
584 0.4962 0.5038
585 0.4984 0.5016
586 0.4966 0.5034
587 0.4969 0.5031
588 0.4956 0.5044
589 0.4961 0.5039
590 0.4965 0.5035
591 0.4969 0.5031
592 0.498 0.502
593 0.4971 0.5029
594 0.4974 0.5026
595 0.4956 0.5044
596 0.4964 0.5036
597 0.4974 0.5026
598 0.498 0.502
599 0.4964 0.5036
600 0.4972 0.5028
601 0.4988 0.5012
602 0.496 0.504
603 0.4963 0.5037
604 0.4979 0.5021
605 0.4976 0.5024
606 0.4987 0.5013
607 0.4963 0.5037
608 0.4969 0.5031
609 0.4988 0.5012
610 0.4957 0.5043
611 0.497 0.503
612 0.4959 0.5041
613 0.4974 0.5026
614 0.4974 0.5026
615 0.4981 0.5019
616 0.4956 0.5044
617 0.4987 0.5013
618 0.4989 0.5011
619 0.4977 0.5023
620 0.4941 0.5059
621 0.4965 0.5035
622 0.4969 0.5031
623 0.4977 0.5023
624 0.498 0.502
625 0.4961 0.5039
626 0.4959 0.5041
627 0.4955 0.5045
628 0.4943 0.5057
629 0.4957 0.5043
630 0.4971 0.5029
631 0.4976 0.5024
632 0.4968 0.5032
633 0.495 0.505
634 0.4964 0.5036
635 0.496 0.504
636 0.4959 0.5041
637 0.4991 0.5009
638 0.4958 0.5042
639 0.4956 0.5044
640 0.4989 0.5011
641 0.4964 0.5036
642 0.4975 0.5025
643 0.4948 0.5052
644 0.4977 0.5023
645 0.4971 0.5029
646 0.4977 0.5023
647 0.4985 0.5015
648 0.4994 0.5006
649 0.4969 0.5031
650 0.4988 0.5012
651 0.4972 0.5028
652 0.4973 0.5027
653 0.4981 0.5019
654 0.4936 0.5064
655 0.497 0.503
656 0.5007 0.4993
657 0.4954 0.5046
658 0.4989 0.5011
659 0.4966 0.5034
660 0.4969 0.5031
661 0.4964 0.5036
662 0.4979 0.5021
663 0.4962 0.5038
664 0.4974 0.5026
665 0.495 0.505
666 0.4978 0.5022
667 0.4958 0.5042
668 0.4943 0.5057
669 0.4981 0.5019
670 0.4924 0.5076
671 0.4973 0.5027
672 0.4998 0.5002
673 0.497 0.503
674 0.4957 0.5043
675 0.4939 0.5061
676 0.4959 0.5041
677 0.4945 0.5055
678 0.4983 0.5017
679 0.4967 0.5033
680 0.4982 0.5018
681 0.4977 0.5023
682 0.4965 0.5035
683 0.4992 0.5008
684 0.4966 0.5034
685 0.4971 0.5029
686 0.4947 0.5053
687 0.4979 0.5021
688 0.4965 0.5035
689 0.4976 0.5024
690 0.4973 0.5027
691 0.4993 0.5007
692 0.498 0.502
693 0.4985 0.5015
694 0.5002 0.4998
695 0.4978 0.5022
696 0.4937 0.5063
697 0.4969 0.5031
698 0.495 0.505
699 0.4988 0.5012
700 0.4982 0.5018
701 0.4961 0.5039
702 0.4964 0.5036
703 0.4961 0.5039
704 0.4956 0.5044
705 0.4957 0.5043
706 0.4961 0.5039
707 0.4965 0.5035
708 0.495 0.505
709 0.4959 0.5041
710 0.4962 0.5038
711 0.4962 0.5038
712 0.495 0.505
713 0.4952 0.5048
714 0.4987 0.5013
715 0.4957 0.5043
716 0.5004 0.4996
717 0.4957 0.5043
718 0.4953 0.5047
719 0.4963 0.5037
720 0.4995 0.5005
721 0.4936 0.5064
722 0.4978 0.5022
723 0.4965 0.5035
724 0.4961 0.5039
725 0.4925 0.5075
726 0.4947 0.5053
727 0.497 0.503
728 0.4961 0.5039
729 0.4967 0.5033
730 0.4942 0.5058
731 0.4975 0.5025
732 0.493 0.507
733 0.4984 0.5016
734 0.4965 0.5035
735 0.4972 0.5028
736 0.4966 0.5034
737 0.4946 0.5054
738 0.499 0.501
739 0.4953 0.5047
740 0.4972 0.5028
741 0.4992 0.5008
742 0.4956 0.5044
743 0.4946 0.5054
744 0.4968 0.5032
745 0.496 0.504
746 0.4948 0.5052
747 0.4935 0.5065
748 0.4987 0.5013
749 0.4971 0.5029
750 0.493 0.507
751 0.4968 0.5032
752 0.4963 0.5037
753 0.4961 0.5039
754 0.4992 0.5008
755 0.4958 0.5042
756 0.4995 0.5005
757 0.4955 0.5045
758 0.4948 0.5052
759 0.4987 0.5013
760 0.4991 0.5009
761 0.4954 0.5046
762 0.4976 0.5024
763 0.4971 0.5029
764 0.4963 0.5037
765 0.4975 0.5025
766 0.4957 0.5043
767 0.4986 0.5014
768 0.4973 0.5027
769 0.4979 0.5021
770 0.4952 0.5048
771 0.4944 0.5056
772 0.4925 0.5075
773 0.494 0.506
774 0.4969 0.5031
775 0.4984 0.5016
776 0.4965 0.5035
777 0.4983 0.5017
778 0.4968 0.5032
779 0.4992 0.5008
780 0.4972 0.5028
781 0.4938 0.5062
782 0.4962 0.5038
783 0.4938 0.5062
784 0.4959 0.5041
785 0.5003 0.4997
786 0.4937 0.5063
787 0.4949 0.5051
788 0.4947 0.5053
789 0.4935 0.5065
790 0.4941 0.5059
791 0.4964 0.5036
792 0.4966 0.5034
793 0.4943 0.5057
794 0.4958 0.5042
795 0.499 0.501
796 0.4948 0.5052
797 0.4934 0.5066
798 0.4932 0.5068
799 0.498 0.502
800 0.4949 0.5051
801 0.4969 0.5031
802 0.4929 0.5071
803 0.4951 0.5049
804 0.4996 0.5004
805 0.4942 0.5058
806 0.4995 0.5005
807 0.4996 0.5004
808 0.496 0.504
809 0.4943 0.5057
810 0.4977 0.5023
811 0.494 0.506
812 0.4968 0.5032
813 0.4917 0.5083
814 0.4926 0.5074
815 0.4923 0.5077
816 0.4982 0.5018
817 0.4933 0.5067
818 0.4928 0.5072
819 0.4947 0.5053
820 0.4934 0.5066
821 0.4949 0.5051
822 0.498 0.502
823 0.4923 0.5077
824 0.4978 0.5022
825 0.4958 0.5042
826 0.4931 0.5069
827 0.4929 0.5071
828 0.4969 0.5031
829 0.4947 0.5053
830 0.4944 0.5056
831 0.4972 0.5028
832 0.4924 0.5076
833 0.4992 0.5008
834 0.4976 0.5024
835 0.4926 0.5074
836 0.4966 0.5034
837 0.4963 0.5037
838 0.4963 0.5037
839 0.4951 0.5049
840 0.4961 0.5039
841 0.498 0.502
842 0.4966 0.5034
843 0.4975 0.5025
844 0.4959 0.5041
845 0.498 0.502
846 0.4995 0.5005
847 0.4931 0.5069
848 0.4943 0.5057
849 0.4959 0.5041
850 0.4947 0.5053
851 0.4928 0.5072
852 0.4961 0.5039
853 0.4972 0.5028
854 0.4954 0.5046
855 0.4972 0.5028
856 0.4946 0.5054
857 0.497 0.503
858 0.4952 0.5048
859 0.4961 0.5039
860 0.4982 0.5018
861 0.5009 0.4991
862 0.4959 0.5041
863 0.4994 0.5006
864 0.4989 0.5011
865 0.4889 0.5111
866 0.498 0.502
867 0.4944 0.5056
868 0.4986 0.5014
869 0.4938 0.5062
870 0.4951 0.5049
871 0.495 0.505
872 0.497 0.503
873 0.5015 0.4985
874 0.4913 0.5087
875 0.4983 0.5017
876 0.4951 0.5049
877 0.4958 0.5042
878 0.4957 0.5043
879 0.4968 0.5032
880 0.4993 0.5007
881 0.4946 0.5054
882 0.4973 0.5027
883 0.496 0.504
884 0.4956 0.5044
885 0.4962 0.5038
886 0.4936 0.5064
887 0.4988 0.5012
888 0.4995 0.5005
889 0.4976 0.5024
890 0.4972 0.5028
891 0.4876 0.5124
892 0.4965 0.5035
893 0.4969 0.5031
894 0.4931 0.5069
895 0.4991 0.5009
896 0.4958 0.5042
897 0.4995 0.5005
898 0.4983 0.5017
899 0.4948 0.5052
900 0.4954 0.5046
901 0.4957 0.5043
902 0.4946 0.5054
903 0.4896 0.5104
904 0.4929 0.5071
905 0.4991 0.5009
906 0.4956 0.5044
907 0.4977 0.5023
908 0.4942 0.5058
909 0.4913 0.5087
910 0.4991 0.5009
911 0.4968 0.5032
912 0.4943 0.5057
913 0.4956 0.5044
914 0.4904 0.5096
915 0.4919 0.5081
916 0.4951 0.5049
917 0.4954 0.5046
918 0.4986 0.5014
919 0.4962 0.5038
920 0.4964 0.5036
921 0.4956 0.5044
922 0.4941 0.5059
923 0.4989 0.5011
924 0.4941 0.5059
925 0.4946 0.5054
926 0.4946 0.5054
927 0.4969 0.5031
928 0.5044 0.4956
929 0.4947 0.5053
930 0.494 0.506
931 0.4973 0.5027
932 0.4935 0.5065
933 0.4958 0.5042
934 0.4945 0.5055
935 0.4945 0.5055
936 0.4928 0.5072
937 0.5014 0.4986
938 0.4967 0.5033
939 0.4891 0.5109
940 0.4934 0.5066
941 0.4942 0.5058
942 0.4955 0.5045
943 0.4934 0.5066
944 0.4946 0.5054
945 0.4999 0.5001
946 0.4989 0.5011
947 0.4916 0.5084
948 0.4953 0.5047
949 0.4913 0.5087
950 0.4937 0.5063
951 0.4915 0.5085
952 0.4941 0.5059
953 0.4942 0.5058
954 0.4921 0.5079
955 0.4968 0.5032
956 0.4966 0.5034
957 0.4928 0.5072
958 0.4915 0.5085
959 0.493 0.507
960 0.4948 0.5052
961 0.4936 0.5064
962 0.4952 0.5048
963 0.4939 0.5061
964 0.4945 0.5055
965 0.4966 0.5034
966 0.4952 0.5048
967 0.4905 0.5095
968 0.4943 0.5057
969 0.49 0.51
970 0.4934 0.5066
971 0.4889 0.5111
972 0.4913 0.5087
973 0.4939 0.5061
974 0.4915 0.5085
975 0.4912 0.5088
976 0.4964 0.5036
977 0.4913 0.5087
978 0.4931 0.5069
979 0.5009 0.4991
980 0.4969 0.5031
981 0.4937 0.5063
982 0.4923 0.5077
983 0.5001 0.4999
984 0.4898 0.5102
985 0.4979 0.5021
986 0.5018 0.4982
987 0.4974 0.5026
988 0.4971 0.5029
989 0.4993 0.5007
990 0.4863 0.5137
991 0.4948 0.5052
992 0.4946 0.5054
993 0.4938 0.5062
994 0.491 0.509
995 0.4921 0.5079
996 0.489 0.511
997 0.4944 0.5056
998 0.4971 0.5029
999 0.4931 0.5069
1000 0.4959 0.5041
1001 0.4923 0.5077
1002 0.4962 0.5038
1003 0.4918 0.5082
1004 0.4977 0.5023
1005 0.494 0.506
1006 0.4975 0.5025
1007 0.4921 0.5079
1008 0.5003 0.4997
1009 0.4871 0.5129
1010 0.4966 0.5034
1011 0.4918 0.5082
1012 0.4981 0.5019
1013 0.4879 0.5121
1014 0.5002 0.4998
1015 0.4883 0.5117
1016 0.4957 0.5043
1017 0.4944 0.5056
1018 0.4993 0.5007
1019 0.4937 0.5063
1020 0.4985 0.5015
1021 0.4984 0.5016
1022 0.4897 0.5103
1023 0.4942 0.5058
1024 0.4971 0.5029
1025 0.4995 0.5005
1026 0.4976 0.5024
1027 0.4961 0.5039
1028 0.4954 0.5046
1029 0.4974 0.5026
1030 0.4943 0.5057
1031 0.4922 0.5078
1032 0.495 0.505
1033 0.495 0.505
1034 0.4906 0.5094
1035 0.4947 0.5053
1036 0.5004 0.4996
1037 0.4944 0.5056
1038 0.49 0.51
1039 0.4955 0.5045
1040 0.4918 0.5082
1041 0.4866 0.5134
1042 0.4931 0.5069
1043 0.4953 0.5047
1044 0.5001 0.4999
1045 0.4892 0.5108
1046 0.4922 0.5078
1047 0.5028 0.4972
1048 0.4918 0.5082
1049 0.4976 0.5024
1050 0.4974 0.5026
1051 0.4959 0.5041
1052 0.4949 0.5051
1053 0.4968 0.5032
1054 0.4938 0.5062
1055 0.4973 0.5027
1056 0.4922 0.5078
1057 0.4906 0.5094
1058 0.4913 0.5087
1059 0.4923 0.5077
1060 0.4938 0.5062
1061 0.4919 0.5081
1062 0.5036 0.4964
1063 0.5 0.5
1064 0.4897 0.5103
1065 0.4974 0.5026
1066 0.4996 0.5004
1067 0.4894 0.5106
1068 0.4932 0.5068
1069 0.5047 0.4953
1070 0.4977 0.5023
1071 0.4925 0.5075
1072 0.4991 0.5009
1073 0.4962 0.5038
1074 0.4964 0.5036
1075 0.497 0.503
1076 0.4964 0.5036
1077 0.4902 0.5098
1078 0.4849 0.5151
1079 0.5073 0.4927
1080 0.4976 0.5024
1081 0.4961 0.5039
1082 0.5033 0.4967
1083 0.497 0.503
1084 0.4958 0.5042
1085 0.4961 0.5039
1086 0.5019 0.4981
1087 0.4947 0.5053
1088 0.5049 0.4951
1089 0.494 0.506
1090 0.4977 0.5023
1091 0.4899 0.5101
1092 0.4924 0.5076
1093 0.5008 0.4992
1094 0.5 0.5
1095 0.4917 0.5083
1096 0.4988 0.5012
1097 0.4945 0.5055
1098 0.4945 0.5055
1099 0.5008 0.4992
1100 0.4977 0.5023
1101 0.4888 0.5112
1102 0.4905 0.5095
1103 0.4819 0.5181
1104 0.4969 0.5031
1105 0.4947 0.5053
1106 0.4945 0.5055
1107 0.489 0.511
1108 0.5011 0.4989
1109 0.4873 0.5127
1110 0.4973 0.5027
1111 0.492 0.508
1112 0.4964 0.5036
1113 0.4925 0.5075
1114 0.4982 0.5018
1115 0.4978 0.5022
1116 0.4977 0.5023
1117 0.4919 0.5081
1118 0.485 0.515
1119 0.4948 0.5052
1120 0.5037 0.4963
1121 0.4971 0.5029
1122 0.4949 0.5051
1123 0.4953 0.5047
1124 0.4941 0.5059
1125 0.4934 0.5066
1126 0.4885 0.5115
1127 0.4935 0.5065
1128 0.4923 0.5077
1129 0.493 0.507
1130 0.4946 0.5054
1131 0.4943 0.5057
1132 0.4962 0.5038
1133 0.4973 0.5027
1134 0.4884 0.5116
1135 0.5023 0.4977
1136 0.4918 0.5082
1137 0.4906 0.5094
1138 0.4954 0.5046
1139 0.5004 0.4996
1140 0.5032 0.4968
1141 0.4892 0.5108
1142 0.4899 0.5101
1143 0.499 0.501
1144 0.4883 0.5117
1145 0.4845 0.5155
1146 0.5022 0.4978
1147 0.5016 0.4984
1148 0.4897 0.5103
1149 0.5047 0.4953
1150 0.4884 0.5116
1151 0.4973 0.5027
1152 0.4942 0.5058
1153 0.4948 0.5052
1154 0.4983 0.5017
1155 0.4967 0.5033
1156 0.4896 0.5104
1157 0.5009 0.4991
1158 0.4925 0.5075
1159 0.494 0.506
1160 0.4978 0.5022
1161 0.4778 0.5222
1162 0.5017 0.4983
1163 0.4862 0.5138
1164 0.4929 0.5071
1165 0.4948 0.5052
1166 0.487 0.513
1167 0.501 0.499
1168 0.4935 0.5065
1169 0.4983 0.5017
1170 0.4929 0.5071
1171 0.4919 0.5081
1172 0.4887 0.5113
1173 0.4879 0.5121
1174 0.4816 0.5184
1175 0.4899 0.5101
1176 0.5001 0.4999
1177 0.5029 0.4971
1178 0.5006 0.4994
1179 0.4933 0.5067
1180 0.4978 0.5022
1181 0.4926 0.5074
1182 0.4934 0.5066
1183 0.4898 0.5102
1184 0.4856 0.5144
1185 0.4878 0.5122
1186 0.5107 0.4893
1187 0.4981 0.5019
1188 0.4907 0.5093
1189 0.4869 0.5131
1190 0.4918 0.5082
1191 0.4945 0.5055
1192 0.4955 0.5045
1193 0.4974 0.5026
1194 0.4872 0.5128
1195 0.4908 0.5092
1196 0.505 0.495
1197 0.4983 0.5017
1198 0.498 0.502
1199 0.4926 0.5074
1200 0.4897 0.5103
1201 0.4868 0.5132
1202 0.4943 0.5057
1203 0.4846 0.5154
1204 0.5009 0.4991
1205 0.5012 0.4988
1206 0.5046 0.4954
1207 0.4992 0.5008
1208 0.49 0.51
1209 0.5015 0.4985
1210 0.4939 0.5061
1211 0.5027 0.4973
1212 0.5017 0.4983
1213 0.4916 0.5084
1214 0.5031 0.4969
1215 0.4964 0.5036
1216 0.4969 0.5031
1217 0.4801 0.5199
1218 0.4822 0.5178
1219 0.4945 0.5055
1220 0.4982 0.5018
1221 0.4901 0.5099
1222 0.4938 0.5062
1223 0.4968 0.5032
1224 0.4914 0.5086
1225 0.498 0.502
1226 0.4931 0.5069
1227 0.4908 0.5092
1228 0.4866 0.5134
1229 0.4928 0.5072
1230 0.4843 0.5157
1231 0.4927 0.5073
1232 0.4924 0.5076
1233 0.4908 0.5092
1234 0.4822 0.5178
1235 0.5002 0.4998
1236 0.483 0.517
1237 0.485 0.515
1238 0.4871 0.5129
1239 0.4871 0.5129
1240 0.4938 0.5062
1241 0.4981 0.5019
1242 0.5007 0.4993
1243 0.48 0.52
1244 0.4884 0.5116
1245 0.4948 0.5052
1246 0.5036 0.4964
1247 0.4859 0.5141
1248 0.5021 0.4979
1249 0.4879 0.5121
1250 0.4869 0.5131
1251 0.5036 0.4964
1252 0.5026 0.4974
1253 0.4987 0.5013
1254 0.5141 0.4859
1255 0.4859 0.5141
1256 0.5028 0.4972
1257 0.4949 0.5051
1258 0.4839 0.5161
1259 0.4976 0.5024
1260 0.4819 0.5181
1261 0.4886 0.5114
1262 0.4854 0.5146
1263 0.5162 0.4838
1264 0.4992 0.5008
1265 0.4962 0.5038
1266 0.4976 0.5024
1267 0.4854 0.5146
1268 0.4994 0.5006
1269 0.4907 0.5093
1270 0.4981 0.5019
1271 0.494 0.506
1272 0.4954 0.5046
1273 0.4975 0.5025
1274 0.5033 0.4967
1275 0.49 0.51
1276 0.5048 0.4952
1277 0.4948 0.5052
1278 0.5014 0.4986
1279 0.4927 0.5073
1280 0.4886 0.5114
1281 0.495 0.505
1282 0.5074 0.4926
1283 0.4893 0.5107
1284 0.508 0.492
1285 0.4947 0.5053
1286 0.5063 0.4937
1287 0.501 0.499
1288 0.5069 0.4931
1289 0.4872 0.5128
1290 0.5018 0.4982
1291 0.4961 0.5039
1292 0.4829 0.5171
1293 0.4807 0.5193
1294 0.4937 0.5063
1295 0.4877 0.5123
1296 0.4955 0.5045
1297 0.4877 0.5123
1298 0.4987 0.5013
1299 0.5064 0.4936
1300 0.4934 0.5066
1301 0.4884 0.5116
1302 0.5021 0.4979
1303 0.4889 0.5111
1304 0.5047 0.4953
1305 0.4835 0.5165
1306 0.4949 0.5051
1307 0.5027 0.4973
1308 0.4937 0.5063
1309 0.4981 0.5019
1310 0.4977 0.5023
1311 0.4709 0.5291
1312 0.4916 0.5084
1313 0.4875 0.5125
1314 0.5009 0.4991
1315 0.4947 0.5053
1316 0.4938 0.5062
1317 0.4983 0.5017
1318 0.4879 0.5121
1319 0.4873 0.5127
1320 0.4925 0.5075
1321 0.4942 0.5058
1322 0.4859 0.5141
1323 0.502 0.498
1324 0.5018 0.4982
1325 0.4958 0.5042
1326 0.5066 0.4934
1327 0.4834 0.5166
1328 0.5013 0.4987
1329 0.4896 0.5104
1330 0.4964 0.5036
1331 0.4873 0.5127
1332 0.4821 0.5179
1333 0.5078 0.4922
1334 0.4888 0.5112
1335 0.5042 0.4958
1336 0.4875 0.5125
1337 0.4946 0.5054
1338 0.5014 0.4986
1339 0.496 0.504
1340 0.5108 0.4892
1341 0.5073 0.4927
1342 0.5027 0.4973
1343 0.4945 0.5055
1344 0.4985 0.5015
1345 0.4939 0.5061
1346 0.5001 0.4999
1347 0.4965 0.5035
1348 0.4951 0.5049
1349 0.4752 0.5248
1350 0.4967 0.5033
1351 0.5027 0.4973
1352 0.4852 0.5148
1353 0.4926 0.5074
1354 0.4931 0.5069
1355 0.5008 0.4992
1356 0.511 0.489
1357 0.4914 0.5086
1358 0.4761 0.5239
1359 0.4994 0.5006
1360 0.4966 0.5034
1361 0.4882 0.5118
1362 0.4917 0.5083
1363 0.4914 0.5086
1364 0.4836 0.5164
1365 0.4939 0.5061
1366 0.4992 0.5008
1367 0.506 0.494
1368 0.4902 0.5098
1369 0.4768 0.5232
1370 0.5028 0.4972
1371 0.5042 0.4958
1372 0.4916 0.5084
1373 0.5068 0.4932
1374 0.4877 0.5123
1375 0.4857 0.5143
1376 0.5132 0.4868
1377 0.4897 0.5103
1378 0.496 0.504
1379 0.5042 0.4958
1380 0.5047 0.4953
1381 0.5081 0.4919
1382 0.4713 0.5287
1383 0.4933 0.5067
1384 0.4862 0.5138
1385 0.4943 0.5057
1386 0.4985 0.5015
1387 0.5064 0.4936
1388 0.5117 0.4883
1389 0.4911 0.5089
1390 0.5083 0.4917
1391 0.4739 0.5261
1392 0.4975 0.5025
1393 0.4985 0.5015
1394 0.5061 0.4939
1395 0.4872 0.5128
1396 0.4936 0.5064
1397 0.4965 0.5035
1398 0.4831 0.5169
1399 0.4819 0.5181
1400 0.5008 0.4992
1401 0.4745 0.5255
1402 0.5 0.5
1403 0.4867 0.5133
1404 0.4871 0.5129
1405 0.4809 0.5191
1406 0.4909 0.5091
1407 0.4962 0.5038
1408 0.4883 0.5117
1409 0.5012 0.4988
1410 0.5018 0.4982
1411 0.4779 0.5221
1412 0.4915 0.5085
1413 0.5105 0.4895
1414 0.4829 0.5171
1415 0.5057 0.4943
1416 0.5025 0.4975
1417 0.4827 0.5173
1418 0.4912 0.5088
1419 0.5132 0.4868
1420 0.4924 0.5076
1421 0.4994 0.5006
1422 0.5176 0.4824
1423 0.4931 0.5069
1424 0.4867 0.5133
1425 0.4879 0.5121
1426 0.4856 0.5144
1427 0.4901 0.5099
1428 0.5127 0.4873
1429 0.4938 0.5062
1430 0.4987 0.5013
1431 0.4747 0.5253
1432 0.4835 0.5165
1433 0.468 0.532
1434 0.5168 0.4832
1435 0.489 0.511
1436 0.4905 0.5095
1437 0.4897 0.5103
1438 0.4884 0.5116
1439 0.4845 0.5155
1440 0.4834 0.5166
1441 0.4898 0.5102
1442 0.4928 0.5072
1443 0.5013 0.4987
1444 0.4923 0.5077
1445 0.5061 0.4939
1446 0.493 0.507
1447 0.4926 0.5074
1448 0.4975 0.5025
1449 0.5152 0.4848
1450 0.4984 0.5016
1451 0.4931 0.5069
1452 0.5045 0.4955
1453 0.5241 0.4759
1454 0.4785 0.5215
1455 0.4873 0.5127
1456 0.4954 0.5046
1457 0.4937 0.5063
1458 0.4982 0.5018
1459 0.4966 0.5034
1460 0.4931 0.5069
1461 0.4917 0.5083
1462 0.4894 0.5106
1463 0.4746 0.5254
1464 0.4856 0.5144
1465 0.5165 0.4835
1466 0.5062 0.4938
1467 0.4882 0.5118
1468 0.4979 0.5021
1469 0.5052 0.4948
1470 0.4828 0.5172
1471 0.4868 0.5132
1472 0.4898 0.5102
1473 0.5048 0.4952
1474 0.489 0.511
1475 0.4962 0.5038
1476 0.4997 0.5003
1477 0.5015 0.4985
1478 0.4954 0.5046
1479 0.4908 0.5092
1480 0.521 0.479
1481 0.4929 0.5071
1482 0.4826 0.5174
1483 0.4884 0.5116
1484 0.4947 0.5053
1485 0.496 0.504
1486 0.4991 0.5009
1487 0.5089 0.4911
1488 0.4914 0.5086
1489 0.497 0.503
1490 0.5073 0.4927
1491 0.5037 0.4963
1492 0.5066 0.4934
1493 0.4827 0.5173
1494 0.5095 0.4905
1495 0.4954 0.5046
1496 0.4972 0.5028
1497 0.4889 0.5111
1498 0.495 0.505
1499 0.5073 0.4927
1500 0.483 0.517
1501 0.5113 0.4887
1502 0.5003 0.4997
1503 0.5013 0.4987
1504 0.5013 0.4987
1505 0.5033 0.4967
1506 0.4973 0.5027
1507 0.5111 0.4889
1508 0.487 0.513
1509 0.4997 0.5003
1510 0.4817 0.5183
1511 0.4698 0.5302
1512 0.5021 0.4979
1513 0.5144 0.4856
1514 0.5097 0.4903
1515 0.4784 0.5216
1516 0.471 0.529
1517 0.522 0.478
1518 0.4871 0.5129
1519 0.4897 0.5103
1520 0.5026 0.4974
1521 0.4975 0.5025
1522 0.4847 0.5153
1523 0.4989 0.5011
1524 0.4674 0.5326
1525 0.519 0.481
1526 0.4707 0.5293
1527 0.498 0.502
1528 0.5086 0.4914
1529 0.4832 0.5168
1530 0.491 0.509
1531 0.4867 0.5133
1532 0.4761 0.5239
1533 0.4958 0.5042
1534 0.4988 0.5012
1535 0.4962 0.5038
1536 0.4996 0.5004
1537 0.5 0.5
1538 0.4853 0.5147
1539 0.4956 0.5044
1540 0.4814 0.5186
1541 0.4931 0.5069
1542 0.4829 0.5171
1543 0.4859 0.5141
1544 0.5028 0.4972
1545 0.4836 0.5164
1546 0.4712 0.5288
1547 0.5106 0.4894
1548 0.488 0.512
1549 0.5206 0.4794
1550 0.4996 0.5004
1551 0.5209 0.4791
1552 0.5022 0.4978
1553 0.4893 0.5107
1554 0.4976 0.5024
1555 0.4733 0.5267
1556 0.5034 0.4966
1557 0.4979 0.5021
1558 0.4895 0.5105
1559 0.479 0.521
1560 0.5077 0.4923
1561 0.4983 0.5017
1562 0.4868 0.5132
1563 0.4943 0.5057
1564 0.4528 0.5472
1565 0.4557 0.5443
1566 0.4859 0.5141
1567 0.4902 0.5098
1568 0.4978 0.5022
1569 0.474 0.526
1570 0.4788 0.5212
1571 0.4664 0.5336
1572 0.5037 0.4963
1573 0.4609 0.5391
1574 0.4887 0.5113
1575 0.4837 0.5163
1576 0.5186 0.4814
1577 0.4722 0.5278
1578 0.4766 0.5234
1579 0.5103 0.4897
1580 0.4806 0.5194
1581 0.5163 0.4837
1582 0.454 0.546
1583 0.5035 0.4965
1584 0.4783 0.5217
1585 0.4995 0.5005
1586 0.506 0.494
1587 0.4817 0.5183
1588 0.4886 0.5114
1589 0.5127 0.4873
1590 0.4969 0.5031
1591 0.491 0.509
1592 0.4989 0.5011
1593 0.4887 0.5113
1594 0.4717 0.5283
1595 0.4887 0.5113
1596 0.5076 0.4924
1597 0.5159 0.4841
1598 0.5016 0.4984
1599 0.5027 0.4973
1600 0.492 0.508
1601 0.4973 0.5027
1602 0.4915 0.5085
1603 0.4956 0.5044
1604 0.5027 0.4973
1605 0.4756 0.5244
1606 0.5261 0.4739
1607 0.4994 0.5006
1608 0.4964 0.5036
1609 0.4876 0.5124
1610 0.492 0.508
1611 0.5018 0.4982
1612 0.5183 0.4817
1613 0.5204 0.4796
1614 0.5005 0.4995
1615 0.4906 0.5094
1616 0.4894 0.5106
1617 0.4957 0.5043
1618 0.5095 0.4905
1619 0.4902 0.5098
1620 0.4836 0.5164
1621 0.4954 0.5046
1622 0.5023 0.4977
1623 0.5153 0.4847
1624 0.4705 0.5295
1625 0.5091 0.4909
1626 0.4662 0.5338
1627 0.492 0.508
1628 0.5119 0.4881
1629 0.5212 0.4788
1630 0.4938 0.5062
1631 0.5013 0.4987
1632 0.4919 0.5081
1633 0.5505 0.4495
1634 0.5024 0.4976
1635 0.4881 0.5119
1636 0.4848 0.5152
1637 0.4807 0.5193
1638 0.4921 0.5079
1639 0.5013 0.4987
1640 0.4948 0.5052
1641 0.5034 0.4966
1642 0.5162 0.4838
1643 0.4876 0.5124
1644 0.5006 0.4994
1645 0.5158 0.4842
1646 0.4798 0.5202
1647 0.5073 0.4927
1648 0.5231 0.4769
1649 0.4937 0.5063
1650 0.5006 0.4994
1651 0.4853 0.5147
1652 0.5013 0.4987
1653 0.5013 0.4987
1654 0.5007 0.4993
1655 0.4684 0.5316
1656 0.4936 0.5064
1657 0.4758 0.5242
1658 0.4912 0.5088
1659 0.5199 0.4801
1660 0.5135 0.4865
1661 0.5063 0.4937
1662 0.4683 0.5317
1663 0.4796 0.5204
1664 0.4903 0.5097
1665 0.4826 0.5174
1666 0.4864 0.5136
1667 0.4842 0.5158
1668 0.4983 0.5017
1669 0.5114 0.4886
1670 0.4778 0.5222
1671 0.516 0.484
1672 0.4816 0.5184
1673 0.4658 0.5342
1674 0.4853 0.5147
1675 0.4829 0.5171
1676 0.488 0.512
1677 0.4967 0.5033
1678 0.5233 0.4767
1679 0.4977 0.5023
1680 0.5174 0.4826
1681 0.4984 0.5016
1682 0.512 0.488
1683 0.5064 0.4936
1684 0.497 0.503
1685 0.5 0.5
1686 0.4895 0.5105
1687 0.4709 0.5291
1688 0.4943 0.5057
1689 0.4991 0.5009
1690 0.5408 0.4592
1691 0.5113 0.4887
1692 0.4647 0.5353
1693 0.4578 0.5422
1694 0.489 0.511
1695 0.509 0.491
1696 0.4764 0.5236
1697 0.5192 0.4808
1698 0.5198 0.4802
1699 0.5292 0.4708
1700 0.4881 0.5119
1701 0.4745 0.5255
1702 0.4807 0.5193
1703 0.4966 0.5034
1704 0.4727 0.5273
1705 0.5104 0.4896
1706 0.4717 0.5283
1707 0.5 0.5
1708 0.4836 0.5164
1709 0.4866 0.5134
1710 0.5 0.5
1711 0.5155 0.4845
1712 0.4973 0.5027
1713 0.5 0.5
1714 0.477 0.523
1715 0.481 0.519
1716 0.4825 0.5175
1717 0.4682 0.5318
1718 0.5019 0.4981
1719 0.5017 0.4983
1720 0.5034 0.4966
1721 0.4867 0.5133
1722 0.4872 0.5128
1723 0.4899 0.5101
1724 0.4631 0.5369
1725 0.5132 0.4868
1726 0.4831 0.5169
1727 0.4705 0.5295
1728 0.4669 0.5331
1729 0.473 0.527
1730 0.4875 0.5125
1731 0.4982 0.5018
1732 0.4809 0.5191
1733 0.469 0.531
1734 0.4577 0.5423
1735 0.4857 0.5143
1736 0.4981 0.5019
1737 0.4535 0.5465
1738 0.4826 0.5174
1739 0.4882 0.5118
1740 0.4578 0.5422
1741 0.5068 0.4932
1742 0.4593 0.5407
1743 0.5045 0.4955
1744 0.462 0.538
1745 0.4979 0.5021
1746 0.4969 0.5031
1747 0.501 0.499
1748 0.4835 0.5165
1749 0.4836 0.5164
1750 0.4676 0.5324
1751 0.4515 0.5485
1752 0.4886 0.5114
1753 0.5 0.5
1754 0.4978 0.5022
1755 0.4659 0.5341
1756 0.5034 0.4966
1757 0.5054 0.4946
1758 0.4926 0.5074
1759 0.5045 0.4955
1760 0.472 0.528
1761 0.4592 0.5408
1762 0.5112 0.4888
1763 0.4538 0.5462
1764 0.5157 0.4843
1765 0.5171 0.4829
1766 0.4962 0.5038
1767 0.4764 0.5236
1768 0.5085 0.4915
1769 0.532 0.468
1770 0.4456 0.5544
1771 0.5137 0.4863
1772 0.4866 0.5134
1773 0.5238 0.4762
1774 0.4954 0.5046
1775 0.5034 0.4966
1776 0.4822 0.5178
1777 0.5106 0.4894
1778 0.4848 0.5152
1779 0.5026 0.4974
1780 0.4672 0.5328
1781 0.5 0.5
1782 0.4928 0.5072
1783 0.5037 0.4963
1784 0.4757 0.5243
1785 0.4986 0.5014
1786 0.4864 0.5136
1787 0.5052 0.4948
1788 0.5093 0.4907
1789 0.4779 0.5221
1790 0.5036 0.4964
1791 0.5095 0.4905
1792 0.4629 0.5371
1793 0.4435 0.5565
1794 0.4884 0.5116
1795 0.5308 0.4692
1796 0.4601 0.5399
1797 0.5273 0.4727
1798 0.4726 0.5274
1799 0.4986 0.5014
1800 0.5457 0.4543
1801 0.5359 0.4641
1802 0.4843 0.5157
1803 0.5 0.5
1804 0.4885 0.5115
1805 0.4743 0.5257
1806 0.4667 0.5333
1807 0.4928 0.5072
1808 0.5117 0.4883
1809 0.5276 0.4724
1810 0.4827 0.5173
1811 0.4971 0.5029
1812 0.5254 0.4746
1813 0.4571 0.5429
1814 0.4968 0.5032
1815 0.497 0.503
1816 0.4698 0.5302
1817 0.4772 0.5228
1818 0.5417 0.4583
1819 0.4931 0.5069
1820 0.4983 0.5017
1821 0.5244 0.4756
1822 0.4855 0.5145
1823 0.516 0.484
1824 0.5316 0.4684
1825 0.4949 0.5051
1826 0.4414 0.5586
1827 0.5016 0.4984
1828 0.516 0.484
1829 0.4942 0.5058
1830 0.4749 0.5251
1831 0.4674 0.5326
1832 0.4713 0.5287
1833 0.4689 0.5311
1834 0.5345 0.4655
1835 0.4912 0.5088
1836 0.5018 0.4982
1837 0.4929 0.5071
1838 0.4959 0.5041
1839 0.5194 0.4806
1840 0.5104 0.4896
1841 0.4964 0.5036
1842 0.5174 0.4826
1843 0.556 0.444
1844 0.4902 0.5098
1845 0.5051 0.4949
1846 0.4807 0.5193
1847 0.5039 0.4961
1848 0.4896 0.5104
1849 0.5271 0.4729
1850 0.4964 0.5036
1851 0.4944 0.5056
1852 0.5243 0.4757
1853 0.4947 0.5053
1854 0.4779 0.5221
1855 0.4923 0.5077
1856 0.5346 0.4654
1857 0.4413 0.5587
1858 0.5 0.5
1859 0.4818 0.5182
1860 0.488 0.512
1861 0.4823 0.5177
1862 0.4784 0.5216
1863 0.4843 0.5157
1864 0.4702 0.5298
1865 0.4745 0.5255
1866 0.5165 0.4835
1867 0.5222 0.4778
1868 0.5213 0.4787
1869 0.4852 0.5148
1870 0.5632 0.4368
1871 0.4629 0.5371
1872 0.48 0.52
1873 0.4696 0.5304
1874 0.531 0.469
1875 0.5121 0.4879
1876 0.4576 0.5424
1877 0.5051 0.4949
1878 0.4667 0.5333
1879 0.4644 0.5356
1880 0.4846 0.5154
1881 0.5135 0.4865
1882 0.4439 0.5561
1883 0.4897 0.5103
1884 0.4975 0.5025
1885 0.4815 0.5185
1886 0.5302 0.4698
1887 0.4954 0.5046
1888 0.5236 0.4764
1889 0.4652 0.5348
1890 0.4874 0.5126
1891 0.5134 0.4866
1892 0.5288 0.4712
1893 0.4787 0.5213
1894 0.5574 0.4426
1895 0.52 0.48
1896 0.4883 0.5117
1897 0.4706 0.5294
1898 0.5048 0.4952
1899 0.4481 0.5519
1900 0.4975 0.5025
1901 0.5152 0.4848
1902 0.4348 0.5652
1903 0.4939 0.5061
1904 0.52 0.48
1905 0.4914 0.5086
1906 0.5525 0.4475
1907 0.4947 0.5053
1908 0.4518 0.5482
1909 0.5294 0.4706
1910 0.4902 0.5098
1911 0.5677 0.4323
1912 0.546 0.454
1913 0.5257 0.4743
1914 0.5318 0.4682
1915 0.4475 0.5525
1916 0.4698 0.5302
1917 0.5229 0.4771
1918 0.5341 0.4659
1919 0.555 0.445
1920 0.4739 0.5261
1921 0.4658 0.5342
1922 0.4581 0.5419
1923 0.4806 0.5194
1924 0.4673 0.5327
1925 0.44 0.56
1926 0.4973 0.5027
1927 0.4615 0.5385
1928 0.4872 0.5128
1929 0.4444 0.5556
1930 0.4904 0.5096
1931 0.503 0.497
1932 0.4588 0.5412
1933 0.4778 0.5222
1934 0.495 0.505
1935 0.4286 0.5714
1936 0.4568 0.5432
1937 0.4238 0.5762
1938 0.5705 0.4295
1939 0.5085 0.4915
1940 0.4911 0.5089
1941 0.4788 0.5212
1942 0.515 0.485
1943 0.4767 0.5233
1944 0.5148 0.4852
1945 0.4943 0.5057
1946 0.5767 0.4233
1947 0.4817 0.5183
1948 0.4541 0.5459
1949 0.5086 0.4914
1950 0.5673 0.4327
1951 0.4864 0.5136
1952 0.4531 0.5469
1953 0.4862 0.5138
1954 0.4551 0.5449
1955 0.4648 0.5352
1956 0.4931 0.5069
1957 0.4626 0.5374
1958 0.5315 0.4685
1959 0.5093 0.4907
1960 0.5146 0.4854
1961 0.4218 0.5782
1962 0.4198 0.5802
1963 0.5714 0.4286
1964 0.5357 0.4643
1965 0.509 0.491
1966 0.4286 0.5714
1967 0.5821 0.4179
1968 0.5603 0.4397
1969 0.5259 0.4741
1970 0.4569 0.5431
1971 0.5496 0.4504
1972 0.4565 0.5435
1973 0.5455 0.4545
1974 0.4764 0.5236
1975 0.4364 0.5636
1976 0.4667 0.5333
1977 0.5135 0.4865
1978 0.5108 0.4892
1979 0.5417 0.4583
1980 0.5031 0.4969
1981 0.519 0.481
1982 0.4118 0.5882
1983 0.4638 0.5362
1984 0.4274 0.5726
1985 0.4561 0.5439
1986 0.4806 0.5194
1987 0.5083 0.4917
1988 0.4959 0.5041
1989 0.5172 0.4828
1990 0.5185 0.4815
1991 0.5027 0.4973
1992 0.5084 0.4916
1993 0.4588 0.5412
1994 0.4571 0.5429
1995 0.5079 0.4921
1996 0.495 0.505
1997 0.5 0.5
1998 0.5536 0.4464
1999 0.5537 0.4463
2000 0.4697 0.5303
2001 0.4609 0.5391
2002 0.5446 0.4554
2003 0.5714 0.4286
2004 0.5508 0.4492
2005 0.5159 0.4841
2006 0.4586 0.5414
2007 0.5 0.5
2008 0.4872 0.5128
2009 0.5167 0.4833
2010 0.5253 0.4747
2011 0.4734 0.5266
2012 0.4722 0.5278
2013 0.4603 0.5397
2014 0.542 0.458
2015 0.5203 0.4797
2016 0.4323 0.5677
2017 0.405 0.595
2018 0.5238 0.4762
2019 0.5109 0.4891
2020 0.4426 0.5574
2021 0.4696 0.5304
2022 0.5116 0.4884
2023 0.5182 0.4818
2024 0.446 0.554
2025 0.4485 0.5515
2026 0.4435 0.5565
2027 0.4444 0.5556
2028 0.4887 0.5113
2029 0.4667 0.5333
2030 0.4737 0.5263
2031 0.4242 0.5758
2032 0.3944 0.6056
2033 0.573 0.427
2034 0.5596 0.4404
2035 0.5138 0.4862
2036 0.5372 0.4628
2037 0.4717 0.5283
2038 0.3684 0.6316
2039 0.4267 0.5733
2040 0.5244 0.4756
2041 0.433 0.567
2042 0.5682 0.4318
2043 0.4615 0.5385
2044 0.4667 0.5333
2045 0.5699 0.4301
2046 0.5169 0.4831
2047 0.5918 0.4082
2048 0.47 0.53
2049 0.5545 0.4455
2050 0.4712 0.5288
2051 0.51 0.49
2052 0.4388 0.5612
2053 0.5119 0.4881
2054 0.5306 0.4694
2055 0.4321 0.5679
2056 0.5542 0.4458
2057 0.59 0.41
2058 0.547 0.453
2059 0.3333 0.6667
2060 0.5 0.5
2061 0.5135 0.4865
2062 0.5309 0.4691
2063 0.4143 0.5857
2064 0.5493 0.4507
2065 0.4146 0.5854
2066 0.4675 0.5325
2067 0.3974 0.6026
2068 0.3971 0.6029
2069 0.5094 0.4906
2070 0.5714 0.4286
2071 0.4444 0.5556
2072 0.5588 0.4412
2073 0.6154 0.3846
2074 0.5213 0.4787
2075 0.5699 0.4301
2076 0.5165 0.4835
2077 0.551 0.449
2078 0.5354 0.4646
2079 0.4565 0.5435
2080 0.5862 0.4138
2081 0.4565 0.5435
2082 0.4935 0.5065
2083 0.5698 0.4302
2084 0.4535 0.5465
2085 0.507 0.493
2086 0.5541 0.4459
2087 0.4769 0.5231
2088 0.5412 0.4588
2089 0.4667 0.5333
2090 0.5844 0.4156
2091 0.4419 0.5581
2092 0.5104 0.4896
2093 0.4353 0.5647
2094 0.4098 0.5902
2095 0.4727 0.5273
2096 0.4151 0.5849
2097 0.5306 0.4694
2098 0.569 0.431
2099 0.4918 0.5082
2100 0.5882 0.4118
2101 0.5256 0.4744
2102 0.4028 0.5972
2103 0.4375 0.5625
2104 0.6216 0.3784
2105 0.481 0.519
2106 0.519 0.481
2107 0.55 0.45
2108 0.4205 0.5795
2109 0.4306 0.5694
2110 0.4857 0.5143
2111 0.4691 0.5309
2112 0.5385 0.4615
2113 0.55 0.45
2114 0.4941 0.5059
2115 0.55 0.45
2116 0.4722 0.5278
2117 0.4805 0.5195
2118 0.4533 0.5467
2119 0.4177 0.5823
2120 0.4938 0.5062
2121 0.4362 0.5638
2122 0.35 0.65
2123 0.4762 0.5238
2124 0.5641 0.4359
2125 0.4267 0.5733
2126 0.5 0.5
2127 0.569 0.431
2128 0.5263 0.4737
2129 0.4308 0.5692
2130 0.549 0.451
2131 0.5686 0.4314
2132 0.6271 0.3729
2133 0.5333 0.4667
2134 0.4154 0.5846
2135 0.5574 0.4426
2136 0.5781 0.4219
2137 0.5976 0.4024
2138 0.4651 0.5349
2139 0.5417 0.4583
2140 0.4265 0.5735
2141 0.4714 0.5286
2142 0.4098 0.5902
2143 0.5405 0.4595
2144 0.5116 0.4884
2145 0.5606 0.4394
2146 0.3704 0.6296
2147 0.5636 0.4364
2148 0.4407 0.5593
2149 0.4098 0.5902
2150 0.5231 0.4769
2151 0.4909 0.5091
2152 0.4583 0.5417
2153 0.575 0.425
2154 0.6226 0.3774
2155 0.3409 0.6591
2156 0.4375 0.5625
2157 0.5741 0.4259
2158 0.4821 0.5179
2159 0.4694 0.5306
2160 0.5962 0.4038
2161 0.4821 0.5179
2162 0.5469 0.4531
2163 0.5085 0.4915
2164 0.5738 0.4262
2165 0.5441 0.4559
2166 0.459 0.541
2167 0.5484 0.4516
2168 0.4603 0.5397
2169 0.449 0.551
2170 0.5323 0.4677
2171 0.4655 0.5345
2172 0.4717 0.5283
2173 0.6383 0.3617
2174 0.5161 0.4839
2175 0.5135 0.4865
2176 0.4868 0.5132
2177 0.4627 0.5373
2178 0.434 0.566
2179 0.4651 0.5349
2180 0.5682 0.4318
2181 0.5 0.5
2182 0.4286 0.5714
2183 0.56 0.44
2184 0.3636 0.6364
2185 0.4186 0.5814
2186 0.5366 0.4634
2187 0.4884 0.5116
2188 0.5 0.5
2189 0.5 0.5
2190 0.4 0.6
2191 0.4828 0.5172
2192 0.4643 0.5357
2193 0.4348 0.5652
2194 0.5652 0.4348
2195 0.3469 0.6531
2196 0.4167 0.5833
2197 0.3793 0.6207
2198 0.5 0.5
2199 0.6061 0.3939
2200 0.4571 0.5429
2201 0.5294 0.4706
2202 0.5143 0.4857
2203 0.4839 0.5161
2204 0.5333 0.4667
2205 0.4419 0.5581
2206 0.4634 0.5366
2207 0.55 0.45
2208 0.5 0.5
2209 0.46 0.54
2210 0.4146 0.5854
2211 0.5349 0.4651
2212 0.4186 0.5814
2213 0.5833 0.4167
2214 0.5741 0.4259
2215 0.4918 0.5082
2216 0.5556 0.4444
2217 0.4828 0.5172
2218 0.4107 0.5893
2219 0.6136 0.3864
2220 0.6122 0.3878
2221 0.4483 0.5517
2222 0.5556 0.4444
2223 0.4565 0.5435
2224 0.5455 0.4545
2225 0.5385 0.4615
2226 0.463 0.537
2227 0.4565 0.5435
2228 0.4906 0.5094
2229 0.5208 0.4792
2230 0.5854 0.4146
2231 0.5366 0.4634
2232 0.4524 0.5476
2233 0.381 0.619
2234 0.4324 0.5676
2235 0.4865 0.5135
2236 0.5 0.5
2237 0.4615 0.5385
2238 0.3846 0.6154
2239 0.5217 0.4783
2240 0.5 0.5
2241 0.4474 0.5526
2242 0.5238 0.4762
2243 0.4872 0.5128
2244 0.5161 0.4839
2245 0.5625 0.4375
2246 0.44 0.56
2247 0.44 0.56
2248 0.6061 0.3939
2249 0.3636 0.6364
2250 0.5217 0.4783
2251 0.5 0.5
2252 0.4839 0.5161
2253 0.5769 0.4231
2254 0.6286 0.3714
2255 0.4 0.6
2256 0.5 0.5
2257 0.4375 0.5625
2258 0.6667 0.3333
2259 0.5581 0.4419
2260 0.6 0.4
2261 0.4912 0.5088
2262 0.3846 0.6154
2263 0.4615 0.5385
2264 0.6923 0.3077
2265 0.5161 0.4839
2266 0.5 0.5
2267 0.3871 0.6129
2268 0.44 0.56
2269 0.44 0.56
2270 0.5 0.5
2271 0.375 0.625
2272 0.5625 0.4375
2273 0.6957 0.3043
2274 0.5455 0.4545
2275 0.5172 0.4828
2276 0.4483 0.5517
2277 0.4615 0.5385
2278 0.5294 0.4706
2279 0.3333 0.6667
2280 0.5417 0.4583
2281 0.6923 0.3077
2282 0.6667 0.3333
2283 0.3333 0.6667
2284 0.5455 0.4545
2285 0.5556 0.4444
2286 0.4545 0.5455
2287 0.55 0.45
2288 0.6111 0.3889
2289 0.4615 0.5385
2290 0.5 0.5
2291 0.2963 0.7037
2292 0.3846 0.6154
2293 0.3529 0.6471
2294 0.2222 0.7778
2295 0.6111 0.3889
2296 0.4762 0.5238
2297 0.5 0.5
2298 0.381 0.619
2299 0.4 0.6
2300 0.3571 0.6429
2301 0.7333 0.2667
2302 0.45 0.55
2303 0.6818 0.3182
2304 0.4828 0.5172
2305 0.5263 0.4737
2306 0.6897 0.3103
2307 0.5135 0.4865
2308 0.4839 0.5161
2309 0.4375 0.5625
2310 0.3158 0.6842
2311 0.4167 0.5833
2312 0.6667 0.3333
2313 0.4545 0.5455
2314 0.7 0.3
2315 0.6667 0.3333
2316 0.381 0.619
2317 0.3333 0.6667
2318 0.619 0.381
2319 0.5769 0.4231
2320 0.5714 0.4286
2321 0.2667 0.7333
2322 0.5 0.5
2323 0.4643 0.5357
2324 0.5357 0.4643
2325 0.4412 0.5588
2326 0.4 0.6
2327 0.5 0.5
2328 0.625 0.375
2329 0.3333 0.6667
2330 0.5294 0.4706
2331 0.4737 0.5263
2332 0.5926 0.4074
2333 0.5172 0.4828
2334 0.4643 0.5357
2335 0.5 0.5
2336 0.4545 0.5455
2337 0.4444 0.5556
2338 0.4167 0.5833
2339 0.5833 0.4167
2340 0.6667 0.3333
2341 0.5 0.5
2342 0.6 0.4
2343 0.4783 0.5217
2344 0.2727 0.7273
2345 0.25 0.75
2346 0.5833 0.4167
2347 0.4211 0.5789
2348 0.4783 0.5217
2349 0.4444 0.5556
2350 0.1818 0.8182
2351 0.3684 0.6316
2352 0.52 0.48
2353 0.3478 0.6522
2354 0.5 0.5
2355 0.5333 0.4667
2356 0.25 0.75
2357 0.3333 0.6667
2358 0.6923 0.3077
2359 0.7273 0.2727
2360 0.4815 0.5185
2361 0.4118 0.5882
2362 0.4444 0.5556
2363 0.65 0.35
2364 0.5 0.5
2365 0.6111 0.3889
2366 0.4545 0.5455
2367 0.4375 0.5625
2368 0.5714 0.4286
2369 0.6667 0.3333
2370 0.4118 0.5882
2371 0.4118 0.5882
2372 0.2857 0.7143
2373 0.5 0.5
2374 0.5 0.5
2375 0.5 0.5
2376 0.375 0.625
2377 0.5 0.5
2378 0.75 0.25
2379 0.8235 0.1765
2380 0.68 0.32
2381 0.5 0.5
2382 0.5814 0.4186
2383 0.3333 0.6667
2384 0.3043 0.6957
2385 0.5238 0.4762
2386 0.5 0.5
2387 0.7 0.3
2388 0.6364 0.3636
2389 0.6429 0.3571
2390 0.7692 0.2308
2391 0.3462 0.6538
2392 0.4118 0.5882
2393 0.4615 0.5385
2394 0.4545 0.5455
2395 0.7778 0.2222
2396 0.8333 0.1667
2397 0.6 0.4
2398 0.5 0.5
2399 0.4167 0.5833
2400 0.4348 0.5652
2401 0.5238 0.4762
2402 0.5294 0.4706
2403 0.625 0.375
2404 0.4167 0.5833
2405 0.3333 0.6667
2406 0.6875 0.3125
2407 0.4545 0.5455
2408 0.2222 0.7778
2409 0.5263 0.4737
2410 0.5 0.5
2411 0.4706 0.5294
2412 0.5 0.5
2413 0.4444 0.5556
2414 0.4783 0.5217
2415 0.52 0.48
2416 0.5217 0.4783
2417 0.4118 0.5882
2418 0.3125 0.6875
2419 0.375 0.625
2420 0.4 0.6
2421 0.2857 0.7143
2422 0.5714 0.4286
2423 0.6 0.4
2424 0.5 0.5
2425 0.7143 0.2857
2426 0.6 0.4
2427 0.3158 0.6842
2428 0.4167 0.5833
2429 0.25 0.75
2430 0.5455 0.4545
2431 0.5833 0.4167
2432 0.4444 0.5556
2433 0.4375 0.5625
2434 0.5833 0.4167
2435 0.4737 0.5263
2436 0.4211 0.5789
2437 0.7368 0.2632
2438 0.4545 0.5455
2439 0.5 0.5
2440 0.5385 0.4615
2441 0.6522 0.3478
2442 0.4375 0.5625
2443 0.375 0.625
2444 0.3636 0.6364
2445 0.6667 0.3333
2446 0.5909 0.4091
2447 0.4167 0.5833
2448 0.5926 0.4074
2449 0.4138 0.5862
2450 0.6 0.4
2451 0.5769 0.4231
2452 0.3478 0.6522
2453 0.5 0.5
2454 0.1538 0.8462
2455 0.7692 0.2308
2456 0.2143 0.7857
2457 0.5 0.5
2458 0.2308 0.7692
2459 0.3333 0.6667
2460 0.3636 0.6364
2461 0.7059 0.2941
2462 0.55 0.45
2463 0.5625 0.4375
2464 0.4615 0.5385
2465 0.4286 0.5714
2466 0.375 0.625
2467 0.25 0.75
2468 0.5 0.5
2469 0.9167 0.0833
2470 0.6364 0.3636
2471 0.56 0.44
2472 0.3182 0.6818
2473 0.5294 0.4706
2474 0.5385 0.4615
2475 0.7 0.3
2476 0.2308 0.7692
2477 0.3333 0.6667
2478 0.5556 0.4444
2479 0.4 0.6
2480 0.25 0.75
2481 0.4286 0.5714
2482 0.625 0.375
2483 0.5 0.5
2484 0.8182 0.1818
2485 0.7619 0.2381
2486 0.5833 0.4167
2487 0.5135 0.4865
2488 0.4286 0.5714
2489 0.4167 0.5833
2490 0.1333 0.8667
2491 0.5 0.5
2492 0.3077 0.6923
2493 0.3636 0.6364
2494 0.4375 0.5625
2495 0.6364 0.3636
2496 0.3333 0.6667
2497 0.4286 0.5714
2498 0.2857 0.7143
2499 0.4667 0.5333
2500 0.4737 0.5263
2501 0.5714 0.4286
2502 0.55 0.45
2503 0.5625 0.4375
2504 0.5882 0.4118
2505 0.3846 0.6154
2506 0.1111 0.8889
2507 0.8 0.2
2508 0.5 0.5
2509 0.4 0.6
2510 0.4 0.6
2511 0.5 0.5
2512 0.8 0.2
2513 0.4 0.6
2514 0.5 0.5
2515 0.5 0.5
2516 0.5 0.5
2517 0.5 0.5
2518 0.5 0.5
2519 0.3 0.7
2520 0.8333 0.1667
2521 0.3077 0.6923
2522 0.375 0.625
2523 0.4286 0.5714
2524 0.5 0.5
2525 0.4286 0.5714
2526 0.5 0.5
2527 0.625 0.375
2528 0.4 0.6
2529 0.5 0.5
2530 0.5 0.5
2531 0.5 0.5
2532 0.5 0.5
2533 0.4545 0.5455
2534 0.6875 0.3125
2535 0.6667 0.3333
2536 0.5263 0.4737
2537 0.5 0.5
2538 0.3333 0.6667
2539 0.5556 0.4444
2540 0.4286 0.5714
2541 0.625 0.375
2542 0.5294 0.4706
2543 0.4167 0.5833
2544 0.75 0.25
2545 0.6667 0.3333
2546 0.6667 0.3333
2547 0.4286 0.5714
2548 0.3077 0.6923
2549 0.4 0.6
2550 0.4286 0.5714
2551 0.3333 0.6667
2552 0.2 0.8
2553 0.2 0.8
2554 0.5 0.5
2555 0.25 0.75
2556 0.6667 0.3333
2557 0.7778 0.2222
2558 0.2 0.8
2559 0.5 0.5
2560 0.0 1.0
2561 0.5 0.5
2562 0.0 1.0
2563 0.5 0.5
2564 0.6667 0.3333
2565 0.0 1.0
2567 1.0 0.0
2568 0.0 1.0
2569 0.3333 0.6667
2570 0.6667 0.3333
2571 0.4 0.6
2572 0.25 0.75
2573 0.5 0.5
2574 0.5 0.5
2575 0.5 0.5
2576 0.5 0.5
2577 1.0 0.0
2578 0.5 0.5
2579 0.6 0.4
2580 0.0 1.0
2581 0.3333 0.6667
2582 0.7143 0.2857
2583 0.5 0.5
2584 0.8333 0.1667
2585 0.4 0.6
2586 0.5556 0.4444
2587 0.3333 0.6667
2588 0.0 1.0
2589 0.0 1.0
2590 0.6 0.4
2591 0.4545 0.5455
2592 0.5385 0.4615
2593 0.4545 0.5455
2594 0.6 0.4
2595 0.5333 0.4667
2596 0.3333 0.6667
2597 0.25 0.75
2598 0.8 0.2
2599 0.2 0.8
2600 0.5 0.5
2601 0.3333 0.6667
2602 0.6667 0.3333
2603 0.5 0.5
2604 0.1667 0.8333
2605 0.8 0.2
2606 0.5 0.5
2607 0.4 0.6
2608 0.4 0.6
2609 0.6667 0.3333
2610 0.0 1.0
2612 1.0 0.0
2613 0.0 1.0
2614 0.5 0.5
2615 0.0 1.0
2616 1.0 0.0
2617 0.4286 0.5714
2618 0.0 1.0
2622 1.0 0.0
2623 1.0 0.0
2624 1.0 0.0
2625 0.5 0.5
2626 0.0 1.0
2627 1.0 0.0
2628 0.5 0.5
2629 0.3333 0.6667
2630 0.0 1.0
2631 1.0 0.0
2632 0.6 0.4
2633 0.25 0.75
2634 0.25 0.75
2635 0.4 0.6
2636 0.3333 0.6667
2637 1.0 0.0
2638 0.75 0.25
2639 0.5 0.5
2640 0.5 0.5
2641 0.75 0.25
2642 0.6667 0.3333
2643 0.6923 0.3077
2644 0.2 0.8
2645 0.6667 0.3333
2646 0.5714 0.4286
2647 0.5556 0.4444
2648 0.0 1.0
2649 0.2857 0.7143
2650 0.6 0.4
2651 0.0 1.0
2652 0.75 0.25
2653 0.375 0.625
2654 0.5 0.5
2655 0.25 0.75
2656 0.6667 0.3333
2657 0.3333 0.6667
2658 0.8 0.2
2659 0.2 0.8
2660 1.0 0.0
2661 0.0 1.0
2662 0.6667 0.3333
2663 0.8333 0.1667
2664 0.1429 0.8571
2665 0.5556 0.4444
2666 0.1667 0.8333
2667 1.0 0.0
2668 0.3333 0.6667
2669 0.5 0.5
2670 0.4 0.6
2671 0.0 1.0
2674 1.0 0.0
2675 1.0 0.0
2676 0.3333 0.6667
2677 0.5 0.5
2678 0.3333 0.6667
2679 0.3333 0.6667
2680 1.0 0.0
2681 0.0 1.0
2682 0.75 0.25
2683 0.5 0.5
2684 0.1667 0.8333
2685 0.75 0.25
2686 0.0 1.0
2687 0.0 1.0
2700 0.0 1.0
2704 1.0 0.0
2705 0.5 0.5
2706 0.5 0.5
2707 1.0 0.0
2708 0.6 0.4
2709 0.6667 0.3333
2710 0.3636 0.6364
2711 0.2857 0.7143
2712 0.0 1.0
2713 0.6667 0.3333
2714 0.3333 0.6667
2715 0.0 1.0
2716 1.0 0.0
2717 1.0 0.0
2718 0.3333 0.6667
2719 0.0 1.0
2720 1.0 0.0
2721 0.5 0.5
2722 0.5 0.5
2723 0.3333 0.6667
2724 0.2 0.8
2725 1.0 0.0
2726 0.7143 0.2857
2727 0.2 0.8
2728 0.3333 0.6667
2729 0.5 0.5
2730 0.3333 0.6667
2731 0.3333 0.6667
2732 0.0 1.0
2734 0.6667 0.3333
2735 1.0 0.0
2736 1.0 0.0
2737 1.0 0.0
2738 1.0 0.0
2739 0.6 0.4
2740 0.0 1.0
2743 0.0 1.0
2744 0.6667 0.3333
2745 0.0 1.0
2746 0.0 1.0
2747 0.5 0.5
2748 0.5 0.5
2749 0.2 0.8
2750 0.25 0.75
2751 0.0 1.0
2752 0.0 1.0
2753 0.0 1.0
2754 0.0 1.0
2755 0.5 0.5
2757 0.0 1.0
2758 0.3333 0.6667
2759 0.3333 0.6667
2760 1.0 0.0
2761 1.0 0.0
2762 0.5 0.5
2763 0.6667 0.3333
2764 0.0 1.0
2765 0.6 0.4
2766 0.0 1.0
2767 1.0 0.0
2768 1.0 0.0
2769 0.0 1.0
2770 0.6667 0.3333
2771 0.6667 0.3333
2772 0.3333 0.6667
2773 0.0 1.0
2778 0.0 1.0
2780 1.0 0.0
2781 1.0 0.0
2782 0.3333 0.6667
2783 0.4 0.6
2784 0.75 0.25
2785 0.0 1.0
2786 0.0 1.0
2790 1.0 0.0
2791 0.5 0.5
2792 0.3333 0.6667
2793 0.6667 0.3333
2794 0.5 0.5
2795 0.5 0.5
2796 1.0 0.0
2797 0.6667 0.3333
2798 0.5 0.5
2801 1.0 0.0
2802 0.6667 0.3333
2803 0.5 0.5
2804 0.3333 0.6667
2805 0.0 1.0
2806 1.0 0.0
2807 0.6667 0.3333
2808 1.0 0.0
2809 1.0 0.0
2810 0.5714 0.4286
2811 0.5556 0.4444
2812 0.4286 0.5714
2813 0.4 0.6
2814 0.75 0.25
2815 0.8 0.2
2816 0.25 0.75
2817 0.5 0.5
2818 0.5 0.5
2823 0.0 1.0
2824 0.5 0.5
2825 0.0 1.0
2826 1.0 0.0
2827 0.5 0.5
2828 0.0 1.0
2829 0.5 0.5
2830 0.6667 0.3333
2831 0.375 0.625
2832 0.625 0.375
2833 0.5714 0.4286
2834 0.8 0.2
2835 0.25 0.75
2836 0.0 1.0
2837 1.0 0.0
2838 0.8 0.2
2839 0.4286 0.5714
2840 0.3333 0.6667
2845 1.0 0.0
2846 1.0 0.0
2847 0.6667 0.3333
2848 0.3333 0.6667
2849 0.6667 0.3333
2850 1.0 0.0
2851 0.5 0.5
2852 0.8 0.2
2853 0.5714 0.4286
2854 0.5 0.5
2855 0.3333 0.6667
2858 1.0 0.0
2859 0.0 1.0
2860 0.0 1.0
2865 0.0 1.0
2867 1.0 0.0
2868 1.0 0.0
2869 0.5 0.5
2870 1.0 0.0
2871 0.0 1.0
2880 1.0 0.0
2881 0.5 0.5
2882 0.75 0.25
2883 0.5 0.5
2884 0.0 1.0
2885 0.0 1.0
2886 1.0 0.0
2887 0.6667 0.3333
2888 0.4 0.6
2889 0.5714 0.4286
2890 0.1667 0.8333
2891 0.0 1.0
2894 1.0 0.0
2895 1.0 0.0
2896 0.0 1.0
2898 0.0 1.0
2899 0.5 0.5
2900 0.0 1.0
2901 0.3333 0.6667
2902 0.5 0.5
2903 0.3333 0.6667
2904 0.0 1.0
2905 1.0 0.0
2906 1.0 0.0
2907 0.0 1.0
2908 0.0 1.0
2909 0.0 1.0
2914 0.0 1.0
2915 0.0 1.0
2951 0.0 1.0
3055 0.0 1.0
3056 0.5 0.5
3057 0.0 1.0
3058 0.0 1.0
3059 0.0 1.0
3060 0.0 1.0
3065 1.0 0.0
3066 0.0 1.0
3090 1.0 0.0
3092 1.0 0.0
3093 0.5 0.5
3094 0.8 0.2
3095 0.25 0.75
3096 0.0 1.0
3098 1.0 0.0
3099 0.6667 0.3333
3100 0.6 0.4
3101 0.5 0.5
3102 0.25 0.75
3104 0.0 1.0
3114 1.0 0.0
3115 0.5 0.5
3117 0.0 1.0
3171 1.0 0.0
3172 0.0 1.0
3173 1.0 0.0
3174 0.0 1.0
