-1277 1
-1276 0
-1275 0
-1274 0
-1273 0
-1272 0
-1271 0
-1270 0
-1269 0
-1268 0
-1267 0
-1266 0
-1265 0
-1264 0
-1263 0
-1262 0
-1261 0
-1260 0
-1259 0
-1258 0
-1257 0
-1256 0
-1255 0
-1254 0
-1253 0
-1252 0
-1251 0
-1250 0
-1249 0
-1248 0
-1247 0
-1246 0
-1245 0
-1244 0
-1243 0
-1242 0
-1241 0
-1240 0
-1239 0
-1238 0
-1237 0
-1236 0
-1235 0
-1234 0
-1233 0
-1232 0
-1231 0
-1230 0
-1229 0
-1228 0
-1227 0
-1226 0
-1225 0
-1224 0
-1223 0
-1222 0
-1221 0
-1220 0
-1219 0
-1218 0
-1217 0
-1216 0
-1215 0
-1214 0
-1213 0
-1212 0
-1211 0
-1210 0
-1209 0
-1208 0
-1207 0
-1206 0
-1205 0
-1204 0
-1203 0
-1202 0
-1201 0
-1200 0
-1199 0
-1198 0
-1197 0
-1196 0
-1195 0
-1194 0
-1193 0
-1192 0
-1191 0
-1190 0
-1189 1
-1188 0
-1187 0
-1186 0
-1185 0
-1184 0
-1183 0
-1182 0
-1181 0
-1180 0
-1179 0
-1178 0
-1177 0
-1176 1
-1175 0
-1174 0
-1173 0
-1172 0
-1171 0
-1170 0
-1169 0
-1168 0
-1167 0
-1166 0
-1165 0
-1164 0
-1163 0
-1162 0
-1161 1
-1160 0
-1159 0
-1158 0
-1157 0
-1156 0
-1155 0
-1154 0
-1153 0
-1152 0
-1151 0
-1150 0
-1149 0
-1148 0
-1147 0
-1146 0
-1145 0
-1144 1
-1143 0
-1142 0
-1141 0
-1140 0
-1139 0
-1138 0
-1137 0
-1136 0
-1135 0
-1134 0
-1133 0
-1132 0
-1131 0
-1130 0
-1129 0
-1128 0
-1127 0
-1126 0
-1125 0
-1124 0
-1123 0
-1122 0
-1121 0
-1120 0
-1119 0
-1118 0
-1117 0
-1116 0
-1115 0
-1114 0
-1113 0
-1112 0
-1111 0
-1110 0
-1109 0
-1108 1
-1107 0
-1106 0
-1105 0
-1104 0
-1103 1
-1102 1
-1101 0
-1100 1
-1099 0
-1098 0
-1097 0
-1096 1
-1095 0
-1094 0
-1093 0
-1092 0
-1091 0
-1090 0
-1089 0
-1088 0
-1087 0
-1086 0
-1085 0
-1084 0
-1083 0
-1082 0
-1081 0
-1080 0
-1079 0
-1078 0
-1077 0
-1076 0
-1075 0
-1074 0
-1073 0
-1072 0
-1071 1
-1070 1
-1069 1
-1068 0
-1067 0
-1066 0
-1065 0
-1064 0
-1063 1
-1062 0
-1061 0
-1060 0
-1059 0
-1058 0
-1057 0
-1056 0
-1055 0
-1054 0
-1053 0
-1052 0
-1051 0
-1050 1
-1049 0
-1048 0
-1047 1
-1046 0
-1045 0
-1044 1
-1043 1
-1042 0
-1041 0
-1040 0
-1039 1
-1038 1
-1037 1
-1036 0
-1035 1
-1034 0
-1033 0
-1032 0
-1031 0
-1030 1
-1029 0
-1028 0
-1027 0
-1026 1
-1025 0
-1024 0
-1023 1
-1022 0
-1021 1
-1020 0
-1019 2
-1018 1
-1017 0
-1016 0
-1015 0
-1014 1
-1013 0
-1012 1
-1011 0
-1010 1
-1009 2
-1008 0
-1007 0
-1006 0
-1005 1
-1004 1
-1003 0
-1002 1
-1001 0
-1000 2
-999 1
-998 3
-997 1
-996 1
-995 1
-994 0
-993 0
-992 0
-991 0
-990 0
-989 1
-988 1
-987 0
-986 1
-985 0
-984 0
-983 1
-982 1
-981 0
-980 0
-979 2
-978 0
-977 0
-976 0
-975 0
-974 0
-973 1
-972 0
-971 1
-970 0
-969 0
-968 1
-967 0
-966 0
-965 2
-964 0
-963 1
-962 1
-961 1
-960 2
-959 3
-958 0
-957 1
-956 1
-955 0
-954 1
-953 0
-952 0
-951 0
-950 0
-949 1
-948 0
-947 0
-946 2
-945 1
-944 2
-943 1
-942 1
-941 2
-940 0
-939 1
-938 0
-937 1
-936 1
-935 0
-934 0
-933 2
-932 2
-931 2
-930 0
-929 1
-928 2
-927 2
-926 1
-925 0
-924 1
-923 1
-922 0
-921 1
-920 1
-919 1
-918 1
-917 1
-916 0
-915 1
-914 1
-913 3
-912 0
-911 0
-910 5
-909 1
-908 1
-907 3
-906 0
-905 1
-904 5
-903 2
-902 2
-901 0
-900 0
-899 1
-898 3
-897 2
-896 2
-895 3
-894 3
-893 2
-892 2
-891 2
-890 2
-889 2
-888 1
-887 2
-886 0
-885 1
-884 0
-883 1
-882 2
-881 3
-880 2
-879 1
-878 1
-877 1
-876 0
-875 2
-874 0
-873 0
-872 1
-871 2
-870 2
-869 1
-868 2
-867 2
-866 1
-865 2
-864 2
-863 5
-862 1
-861 2
-860 2
-859 2
-858 1
-857 1
-856 2
-855 2
-854 1
-853 2
-852 1
-851 4
-850 1
-849 4
-848 5
-847 2
-846 3
-845 5
-844 3
-843 3
-842 4
-841 4
-840 5
-839 2
-838 3
-837 3
-836 4
-835 1
-834 4
-833 2
-832 4
-831 2
-830 4
-829 3
-828 0
-827 2
-826 3
-825 2
-824 2
-823 6
-822 6
-821 2
-820 1
-819 3
-818 4
-817 3
-816 5
-815 5
-814 4
-813 1
-812 4
-811 8
-810 4
-809 2
-808 2
-807 3
-806 2
-805 2
-804 2
-803 6
-802 4
-801 4
-800 5
-799 7
-798 3
-797 6
-796 2
-795 3
-794 2
-793 5
-792 2
-791 5
-790 3
-789 4
-788 3
-787 4
-786 6
-785 3
-784 5
-783 8
-782 6
-781 7
-780 6
-779 9
-778 7
-777 2
-776 4
-775 2
-774 7
-773 6
-772 8
-771 5
-770 5
-769 5
-768 10
-767 7
-766 12
-765 6
-764 7
-763 4
-762 6
-761 7
-760 6
-759 7
-758 6
-757 6
-756 11
-755 8
-754 12
-753 9
-752 6
-751 9
-750 5
-749 6
-748 7
-747 10
-746 11
-745 10
-744 11
-743 9
-742 13
-741 11
-740 11
-739 13
-738 8
-737 17
-736 13
-735 7
-734 9
-733 10
-732 16
-731 12
-730 13
-729 10
-728 7
-727 7
-726 7
-725 5
-724 8
-723 7
-722 10
-721 8
-720 14
-719 15
-718 11
-717 9
-716 10
-715 18
-714 19
-713 5
-712 12
-711 10
-710 10
-709 14
-708 12
-707 12
-706 12
-705 10
-704 20
-703 13
-702 11
-701 7
-700 13
-699 13
-698 11
-697 15
-696 14
-695 17
-694 12
-693 13
-692 14
-691 20
-690 19
-689 25
-688 18
-687 16
-686 14
-685 22
-684 13
-683 17
-682 18
-681 13
-680 22
-679 32
-678 20
-677 22
-676 25
-675 20
-674 24
-673 20
-672 24
-671 20
-670 11
-669 20
-668 25
-667 27
-666 25
-665 19
-664 17
-663 21
-662 16
-661 20
-660 28
-659 28
-658 19
-657 24
-656 26
-655 20
-654 20
-653 22
-652 21
-651 25
-650 20
-649 30
-648 24
-647 15
-646 23
-645 23
-644 25
-643 27
-642 28
-641 21
-640 37
-639 25
-638 31
-637 32
-636 36
-635 40
-634 26
-633 28
-632 32
-631 31
-630 34
-629 30
-628 28
-627 32
-626 35
-625 26
-624 38
-623 26
-622 24
-621 24
-620 28
-619 30
-618 39
-617 38
-616 48
-615 36
-614 39
-613 24
-612 35
-611 38
-610 37
-609 41
-608 49
-607 39
-606 45
-605 37
-604 32
-603 37
-602 58
-601 42
-600 40
-599 50
-598 50
-597 41
-596 36
-595 55
-594 58
-593 38
-592 50
-591 48
-590 59
-589 49
-588 55
-587 46
-586 58
-585 46
-584 39
-583 62
-582 53
-581 62
-580 55
-579 60
-578 72
-577 60
-576 60
-575 66
-574 52
-573 58
-572 62
-571 62
-570 68
-569 74
-568 48
-567 69
-566 66
-565 57
-564 82
-563 68
-562 72
-561 65
-560 68
-559 73
-558 67
-557 89
-556 75
-555 92
-554 75
-553 82
-552 99
-551 73
-550 94
-549 92
-548 60
-547 102
-546 85
-545 92
-544 95
-543 90
-542 88
-541 99
-540 103
-539 106
-538 111
-537 91
-536 107
-535 97
-534 115
-533 91
-532 86
-531 121
-530 108
-529 107
-528 115
-527 115
-526 118
-525 113
-524 109
-523 135
-522 115
-521 110
-520 121
-519 117
-518 125
-517 134
-516 140
-515 132
-514 139
-513 152
-512 144
-511 143
-510 131
-509 146
-508 132
-507 148
-506 137
-505 124
-504 142
-503 128
-502 144
-501 168
-500 163
-499 161
-498 163
-497 155
-496 169
-495 164
-494 158
-493 170
-492 187
-491 187
-490 205
-489 175
-488 206
-487 182
-486 181
-485 199
-484 193
-483 192
-482 212
-481 182
-480 186
-479 189
-478 204
-477 216
-476 212
-475 220
-474 193
-473 202
-472 234
-471 237
-470 244
-469 232
-468 252
-467 219
-466 231
-465 250
-464 256
-463 269
-462 243
-461 258
-460 283
-459 272
-458 265
-457 265
-456 291
-455 278
-454 277
-453 280
-452 297
-451 260
-450 277
-449 303
-448 286
-447 292
-446 318
-445 343
-444 305
-443 300
-442 324
-441 338
-440 319
-439 336
-438 352
-437 372
-436 388
-435 358
-434 354
-433 388
-432 417
-431 348
-430 350
-429 370
-428 376
-427 409
-426 416
-425 419
-424 411
-423 426
-422 432
-421 414
-420 424
-419 427
-418 478
-417 436
-416 485
-415 439
-414 450
-413 476
-412 470
-411 468
-410 480
-409 495
-408 480
-407 519
-406 529
-405 558
-404 533
-403 528
-402 530
-401 574
-400 586
-399 546
-398 524
-397 555
-396 611
-395 609
-394 587
-393 636
-392 580
-391 610
-390 645
-389 673
-388 685
-387 730
-386 695
-385 677
-384 713
-383 692
-382 746
-381 695
-380 753
-379 691
-378 801
-377 783
-376 788
-375 806
-374 840
-373 793
-372 829
-371 850
-370 867
-369 871
-368 874
-367 915
-366 941
-365 869
-364 910
-363 946
-362 945
-361 938
-360 1011
-359 1006
-358 1013
-357 1035
-356 1009
-355 1087
-354 1030
-353 1038
-352 1128
-351 1086
-350 1075
-349 1163
-348 1089
-347 1104
-346 1134
-345 1166
-344 1187
-343 1276
-342 1191
-341 1262
-340 1314
-339 1269
-338 1250
-337 1369
-336 1355
-335 1359
-334 1406
-333 1364
-332 1457
-331 1460
-330 1423
-329 1494
-328 1444
-327 1529
-326 1577
-325 1551
-324 1646
-323 1634
-322 1654
-321 1625
-320 1662
-319 1682
-318 1718
-317 1762
-316 1811
-315 1805
-314 1880
-313 1845
-312 1855
-311 1909
-310 1982
-309 1968
-308 2042
-307 1961
-306 2072
-305 2035
-304 2089
-303 2056
-302 2210
-301 2189
-300 2217
-299 2251
-298 2196
-297 2357
-296 2362
-295 2374
-294 2453
-293 2473
-292 2562
-291 2571
-290 2495
-289 2644
-288 2681
-287 2659
-286 2644
-285 2742
-284 2749
-283 2858
-282 2837
-281 3007
-280 2919
-279 3048
-278 3009
-277 3176
-276 3230
-275 3176
-274 3191
-273 3255
-272 3452
-271 3397
-270 3428
-269 3536
-268 3451
-267 3569
-266 3579
-265 3766
-264 3740
-263 3812
-262 3872
-261 3954
-260 3972
-259 4090
-258 4198
-257 4222
-256 4102
-255 4433
-254 4321
-253 4516
-252 4524
-251 4678
-250 4641
-249 4755
-248 4759
-247 4832
-246 4938
-245 5168
-244 4942
-243 5274
-242 5164
-241 5389
-240 5478
-239 5548
-238 5692
-237 5599
-236 5749
-235 5870
-234 5987
-233 6103
-232 6240
-231 6240
-230 6350
-229 6492
-228 6632
-227 6607
-226 6814
-225 6825
-224 6841
-223 7052
-222 7082
-221 7427
-220 7274
-219 7548
-218 7771
-217 7922
-216 7850
-215 8086
-214 8240
-213 8359
-212 8660
-211 8550
-210 8828
-209 8855
-208 9061
-207 9150
-206 9453
-205 9485
-204 9600
-203 9802
-202 9979
-201 10276
-200 10187
-199 10477
-198 10832
-197 10875
-196 11314
-195 11387
-194 11446
-193 11468
-192 11806
-191 11905
-190 12510
-189 12401
-188 12611
-187 12957
-186 13006
-185 13470
-184 13442
-183 13745
-182 14011
-181 14149
-180 14467
-179 14867
-178 15120
-177 15350
-176 15529
-175 15796
-174 16264
-173 16316
-172 16781
-171 16887
-170 17172
-169 17670
-168 18048
-167 18311
-166 18476
-165 19047
-164 19155
-163 19494
-162 20089
-161 20132
-160 20600
-159 21090
-158 21357
-157 21906
-156 22602
-155 22551
-154 22993
-153 23409
-152 23969
-151 24589
-150 24703
-149 25134
-148 25654
-147 26355
-146 26926
-145 27726
-144 27990
-143 28649
-142 29075
-141 29506
-140 30103
-139 30475
-138 31265
-137 32026
-136 32606
-135 33069
-134 33684
-133 34201
-132 35198
-131 35747
-130 36771
-129 37688
-128 38267
-127 39152
-126 39654
-125 40813
-124 41564
-123 42232
-122 43337
-121 43951
-120 44883
-119 45894
-118 46778
-117 48092
-116 48737
-115 50271
-114 51691
-113 52320
-112 53457
-111 54478
-110 56079
-109 57087
-108 58084
-107 59983
-106 61487
-105 62510
-104 64020
-103 65293
-102 67147
-101 68634
-100 70761
-99 72020
-98 73627
-97 75113
-96 77411
-95 79268
-94 80888
-93 82705
-92 84566
-91 87192
-90 89722
-89 91318
-88 94055
-87 96294
-86 98278
-85 101647
-84 104027
-83 106620
-82 109648
-81 112321
-80 115043
-79 118316
-78 121903
-77 125136
-76 128703
-75 132205
-74 135545
-73 139892
-72 143535
-71 147904
-70 152313
-69 156564
-68 161439
-67 166463
-66 171208
-65 175889
-64 182853
-63 187188
-62 194098
-61 199682
-60 206388
-59 212889
-58 220175
-57 227858
-56 236283
-55 244671
-54 252757
-53 262418
-52 271804
-51 281383
-50 292127
-49 302784
-48 314099
-47 326972
-46 339909
-45 353158
-44 367297
-43 383523
-42 399511
-41 417611
-40 435319
-39 455700
-38 475108
-37 498689
-36 523193
-35 548763
-34 575925
-33 606154
-32 640059
-31 674800
-30 711535
-29 753599
-28 799694
-27 846032
-26 901735
-25 960718
-24 1027892
-23 1097788
-22 1180513
-21 1272851
-20 1375852
-19 1489471
-18 1623448
-17 1775311
-16 1953836
-15 2159817
-14 2405398
-13 2695684
-12 3052051
-11 3495348
-10 4047403
-9 4762343
-8 5715942
-7 7042453
-6 8975065
-5 12027778
-4 17384729
-3 29020771
-2 66395219
-1 400779161
0 0
1 418416068
2 54279640
3 25734769
4 16367877
5 11582629
6 8749960
7 6903591
8 5629978
9 4700819
10 4003829
11 3456708
12 3028854
13 2679353
14 2389409
15 2146839
16 1941699
17 1768199
18 1616431
19 1482479
20 1370334
21 1267375
22 1178046
23 1094121
24 1022463
25 957729
26 898003
27 845457
28 795312
29 750488
30 708807
31 672705
32 638730
33 604208
34 575407
35 548529
36 521744
37 497575
38 474572
39 453955
40 434036
41 416541
42 398320
43 383193
44 367279
45 352224
46 338715
47 326228
48 313601
49 301990
50 291328
51 281537
52 270982
53 262214
54 251884
55 243564
56 235496
57 227075
58 220123
59 212934
60 205620
61 200153
62 192498
63 187541
64 182118
65 176861
66 171264
67 165973
68 161061
69 156612
70 152664
71 147418
72 143546
73 139252
74 134940
75 132000
76 128564
77 125133
78 120616
79 118160
80 115611
81 111364
82 109262
83 106373
84 103942
85 100725
86 98444
87 96399
88 93523
89 91369
90 89538
91 87048
92 84484
93 82838
94 80914
95 78431
96 77235
97 75182
98 73703
99 72133
100 69763
101 68689
102 66573
103 65215
104 63737
105 62357
106 61338
107 59514
108 58241
109 57315
110 56033
111 54651
112 53417
113 52573
114 51051
115 49990
116 48803
117 47881
118 46948
119 46071
120 45158
121 43906
122 42967
123 42618
124 41401
125 40795
126 39669
127 38440
128 38416
129 37510
130 36751
131 36150
132 35160
133 34695
134 33848
135 32952
136 32369
137 31594
138 31094
139 31015
140 30025
141 29696
142 28783
143 28293
144 27576
145 27304
146 26735
147 26582
148 25976
149 25175
150 24741
151 24565
152 24138
153 23383
154 23066
155 22599
156 22234
157 21924
158 21358
159 20857
160 20804
161 20511
162 19905
163 19664
164 19008
165 18813
166 18703
167 18145
168 17900
169 17464
170 17440
171 16944
172 16641
173 16344
174 16105
175 15656
176 15765
177 15424
178 15120
179 14616
180 14595
181 14167
182 13872
183 13672
184 13361
185 13394
186 13005
187 12641
188 12776
189 12430
190 12095
191 11883
192 11752
193 11702
194 11453
195 11160
196 10978
197 10887
198 10653
199 10415
200 10366
201 10262
202 9959
203 9888
204 9713
205 9619
206 9481
207 9240
208 8954
209 8929
210 8891
211 8489
212 8600
213 8337
214 8242
215 7997
216 7935
217 7930
218 7733
219 7579
220 7576
221 7263
222 7284
223 7108
224 6871
225 6947
226 6757
227 6660
228 6620
229 6493
230 6166
231 6159
232 6038
233 6119
234 5937
235 5818
236 5794
237 5642
238 5636
239 5606
240 5438
241 5422
242 5313
243 5115
244 5110
245 4894
246 4937
247 4891
248 4862
249 4609
250 4664
251 4557
252 4512
253 4516
254 4424
255 4268
256 4188
257 4170
258 4071
259 4091
260 4054
261 3932
262 3798
263 3894
264 3853
265 3739
266 3621
267 3620
268 3492
269 3510
270 3358
271 3477
272 3341
273 3250
274 3121
275 3137
276 3321
277 3147
278 3024
279 2999
280 3045
281 2956
282 2878
283 2783
284 2857
285 2720
286 2797
287 2788
288 2693
289 2562
290 2646
291 2538
292 2480
293 2538
294 2392
295 2443
296 2366
297 2240
298 2262
299 2344
300 2152
301 2164
302 2174
303 2159
304 2071
305 2100
306 2064
307 2003
308 1954
309 1911
310 1889
311 1896
312 1917
313 1926
314 1835
315 1798
316 1811
317 1772
318 1772
319 1676
320 1748
321 1701
322 1634
323 1605
324 1581
325 1512
326 1543
327 1493
328 1500
329 1440
330 1452
331 1500
332 1431
333 1367
334 1371
335 1291
336 1315
337 1281
338 1318
339 1266
340 1239
341 1265
342 1279
343 1202
344 1204
345 1170
346 1231
347 1123
348 1121
349 1120
350 1076
351 1113
352 1098
353 1024
354 1035
355 1010
356 965
357 1016
358 999
359 955
360 1013
361 942
362 934
363 925
364 997
365 915
366 891
367 921
368 882
369 831
370 845
371 802
372 826
373 801
374 816
375 815
376 751
377 779
378 792
379 699
380 728
381 738
382 700
383 689
384 687
385 680
386 648
387 675
388 676
389 619
390 587
391 642
392 581
393 625
394 662
395 581
396 629
397 596
398 587
399 595
400 554
401 561
402 517
403 579
404 530
405 473
406 505
407 525
408 546
409 490
410 518
411 501
412 540
413 490
414 467
415 473
416 454
417 440
418 441
419 467
420 444
421 415
422 420
423 424
424 407
425 398
426 426
427 411
428 403
429 372
430 355
431 359
432 358
433 368
434 341
435 329
436 336
437 362
438 359
439 346
440 336
441 336
442 332
443 358
444 304
445 304
446 305
447 299
448 282
449 279
450 269
451 314
452 264
453 304
454 273
455 257
456 265
457 267
458 294
459 238
460 276
461 264
462 251
463 261
464 238
465 258
466 247
467 223
468 235
469 219
470 217
471 251
472 229
473 200
474 180
475 222
476 213
477 212
478 196
479 199
480 180
481 201
482 201
483 187
484 225
485 204
486 163
487 186
488 190
489 164
490 184
491 143
492 164
493 166
494 164
495 170
496 159
497 161
498 164
499 146
500 177
501 164
502 156
503 146
504 151
505 138
506 140
507 131
508 147
509 146
510 132
511 114
512 139
513 147
514 110
515 129
516 112
517 141
518 126
519 112
520 126
521 138
522 101
523 124
524 116
525 106
526 106
527 105
528 130
529 131
530 101
531 108
532 101
533 90
534 100
535 89
536 98
537 91
538 85
539 85
540 96
541 89
542 86
543 88
544 106
545 83
546 79
547 91
548 93
549 80
550 88
551 86
552 79
553 86
554 80
555 81
556 82
557 102
558 76
559 84
560 88
561 60
562 65
563 63
564 72
565 73
566 50
567 60
568 59
569 61
570 61
571 72
572 58
573 58
574 59
575 54
576 68
577 64
578 54
579 54
580 57
581 69
582 66
583 42
584 48
585 50
586 53
587 52
588 59
589 39
590 60
591 42
592 47
593 44
594 58
595 47
596 55
597 40
598 53
599 56
600 49
601 41
602 50
603 56
604 44
605 27
606 39
607 41
608 47
609 43
610 37
611 40
612 31
613 53
614 32
615 43
616 41
617 44
618 38
619 26
620 27
621 44
622 30
623 36
624 32
625 25
626 29
627 34
628 33
629 30
630 28
631 30
632 43
633 29
634 22
635 19
636 35
637 34
638 37
639 34
640 24
641 21
642 22
643 23
644 28
645 33
646 24
647 24
648 24
649 29
650 28
651 24
652 23
653 26
654 25
655 28
656 21
657 22
658 22
659 23
660 21
661 21
662 25
663 23
664 16
665 15
666 25
667 22
668 17
669 25
670 24
671 12
672 18
673 24
674 20
675 24
676 16
677 22
678 23
679 21
680 22
681 12
682 13
683 13
684 17
685 19
686 13
687 17
688 18
689 13
690 11
691 13
692 12
693 11
694 17
695 19
696 11
697 9
698 20
699 12
700 16
701 15
702 15
703 20
704 14
705 15
706 14
707 9
708 12
709 17
710 8
711 9
712 10
713 13
714 11
715 10
716 12
717 14
718 12
719 7
720 14
721 7
722 19
723 15
724 8
725 14
726 13
727 10
728 6
729 10
730 4
731 15
732 10
733 14
734 6
735 8
736 6
737 7
738 10
739 3
740 8
741 3
742 9
743 10
744 4
745 7
746 5
747 10
748 11
749 10
750 7
751 7
752 12
753 8
754 5
755 9
756 8
757 3
758 7
759 7
760 4
761 14
762 8
763 7
764 9
765 8
766 4
767 8
768 7
769 7
770 0
771 8
772 6
773 6
774 9
775 7
776 4
777 7
778 3
779 7
780 9
781 10
782 2
783 12
784 4
785 9
786 3
787 2
788 5
789 8
790 6
791 4
792 5
793 5
794 5
795 2
796 6
797 6
798 7
799 5
800 1
801 7
802 4
803 5
804 5
805 5
806 4
807 8
808 3
809 1
810 6
811 1
812 6
813 5
814 3
815 3
816 5
817 3
818 0
819 5
820 3
821 5
822 3
823 5
824 7
825 6
826 4
827 1
828 2
829 2
830 11
831 1
832 2
833 0
834 4
835 0
836 1
837 4
838 0
839 4
840 4
841 1
842 4
843 3
844 3
845 5
846 3
847 1
848 0
849 2
850 3
851 3
852 2
853 2
854 0
855 1
856 2
857 3
858 1
859 0
860 1
861 0
862 1
863 5
864 5
865 2
866 3
867 1
868 1
869 2
870 1
871 3
872 5
873 2
874 2
875 0
876 2
877 3
878 2
879 1
880 2
881 0
882 2
883 1
884 3
885 3
886 1
887 1
888 4
889 0
890 3
891 2
892 2
893 5
894 3
895 4
896 0
897 1
898 1
899 4
900 0
901 1
902 2
903 1
904 1
905 3
906 2
907 2
908 2
909 2
910 3
911 1
912 1
913 1
914 2
915 0
916 2
917 3
918 3
919 1
920 0
921 2
922 0
923 2
924 0
925 0
926 0
927 0
928 1
929 2
930 0
931 0
932 0
933 1
934 2
935 0
936 0
937 2
938 2
939 2
940 0
941 1
942 0
943 3
944 2
945 0
946 1
947 0
948 1
949 2
950 0
951 0
952 1
953 1
954 0
955 1
956 0
957 0
958 0
959 0
960 0
961 1
962 0
963 1
964 0
965 0
966 0
967 2
968 0
969 0
970 0
971 0
972 1
973 1
974 1
975 1
976 0
977 1
978 0
979 0
980 2
981 0
982 0
983 1
984 1
985 0
986 0
987 0
988 0
989 0
990 0
991 0
992 0
993 1
994 1
995 0
996 0
997 1
998 1
999 1
1000 2
1001 0
1002 0
1003 1
1004 1
1005 1
1006 2
1007 0
1008 0
1009 0
1010 1
1011 0
1012 0
1013 0
1014 0
1015 0
1016 0
1017 0
1018 0
1019 1
1020 0
1021 0
1022 0
1023 0
1024 0
1025 1
1026 0
1027 0
1028 0
1029 1
1030 0
1031 1
1032 0
1033 0
1034 0
1035 1
1036 1
1037 0
1038 0
1039 1
1040 1
1041 0
1042 1
1043 0
1044 0
1045 1
1046 0
1047 0
1048 1
1049 0
1050 0
1051 0
1052 0
1053 0
1054 0
1055 1
1056 0
1057 0
1058 0
1059 0
1060 0
1061 0
1062 0
1063 0
1064 0
1065 0
1066 1
1067 0
1068 0
1069 0
1070 0
1071 0
1072 0
1073 0
1074 1
1075 0
1076 0
1077 0
1078 1
1079 0
1080 0
1081 0
1082 0
1083 0
1084 0
1085 1
1086 0
1087 0
1088 0
1089 0
1090 0
1091 0
1092 0
1093 0
1094 1
1095 0
1096 0
1097 0
1098 2
1099 0
1100 0
1101 0
1102 0
1103 0
1104 0
1105 0
1106 0
1107 0
1108 0
1109 1
1110 0
1111 0
1112 0
1113 1
1114 0
1115 0
1116 0
1117 0
1118 0
1119 0
1120 0
1121 0
1122 0
1123 0
1124 0
1125 0
1126 0
1127 0
1128 0
1129 0
1130 0
1131 0
1132 0
1133 0
1134 0
1135 0
1136 1
1137 0
1138 0
1139 0
1140 0
1141 0
1142 0
1143 0
1144 0
1145 0
1146 0
1147 0
1148 1
1149 0
1150 0
1151 0
1152 1
1153 0
1154 0
1155 0
1156 0
1157 0
1158 0
1159 0
1160 0
1161 0
1162 0
1163 0
1164 0
1165 0
1166 0
1167 0
1168 0
1169 0
1170 0
1171 0
1172 0
1173 0
1174 0
1175 0
1176 0
1177 0
1178 0
1179 0
1180 0
1181 0
1182 0
1183 0
1184 0
1185 0
1186 0
1187 0
1188 1
1189 0
1190 1
1191 0
1192 0
1193 0
1194 0
1195 0
1196 0
1197 0
1198 0
1199 0
1200 0
1201 0
1202 1
1203 0
1204 0
1205 0
1206 0
1207 0
1208 1
1209 0
1210 0
1211 0
1212 0
1213 0
1214 0
1215 0
1216 0
1217 0
1218 0
1219 0
1220 0
1221 0
1222 0
1223 0
1224 0
1225 0
1226 0
1227 0
1228 0
1229 0
1230 0
1231 0
1232 0
1233 0
1234 1
1235 0
1236 0
1237 0
1238 0
1239 0
1240 0
1241 0
1242 0
1243 0
1244 0
1245 0
1246 0
1247 0
1248 0
1249 0
1250 0
1251 0
1252 0
1253 0
1254 0
1255 0
1256 0
1257 0
1258 0
1259 0
1260 0
1261 0
1262 0
1263 0
1264 0
1265 0
1266 0
1267 0
1268 0
1269 0
1270 0
1271 0
1272 0
1273 0
1274 0
1275 0
1276 0
1277 0
1278 0
1279 0
1280 0
1281 0
1282 0
1283 0
1284 0
1285 0
1286 0
1287 0
1288 0
1289 0
1290 0
1291 0
1292 0
1293 0
1294 0
1295 0
1296 0
1297 0
1298 0
1299 0
1300 0
1301 0
1302 0
1303 0
1304 0
1305 0
1306 0
1307 0
1308 0
1309 0
1310 0
1311 0
1312 0
1313 0
1314 0
1315 0
1316 0
1317 0
1318 0
1319 1
1320 0
1321 0
1322 0
1323 0
1324 0
1325 0
1326 0
1327 0
1328 0
1329 0
1330 0
1331 0
1332 0
1333 0
1334 0
1335 1
