1 12903898 24564249 3264510 24564249
2 9647492 14710579 3742338 14710579
3 8415226 8716817 3908693 12786746
4 7307275 7178093 3686548 11108004
5 6499250 6098902 3454229 9908141
6 5879036 5388805 3226547 8984546
7 5403112 4868952 3014060 8259180
8 5022246 4482819 2834306 7676907
9 4712684 4184697 2670794 7196948
10 4451744 3944066 2526613 6793300
11 4231431 3735783 2400456 6435596
12 4036597 3567708 2285286 6133687
13 3863377 3416654 2186002 5865743
14 3713488 3283091 2091638 5624524
15 3580709 3166496 2011059 5408745
16 3461266 3061644 1933774 5214219
17 3348136 2965862 1862378 5040444
18 3245371 2876140 1796959 4878705
19 3152883 2796473 1739137 4728260
20 3062376 2725060 1684620 4592442
21 2981192 2651195 1633593 4460896
22 2910877 2588386 1581517 4342105
23 2838656 2529703 1539394 4235223
24 2769132 2471107 1495562 4127875
25 2711104 2416686 1456980 4025880
26 2650234 2367821 1420111 3937065
27 2597455 2320292 1382654 3850306
28 2546683 2273059 1350668 3764384
29 2494475 2230480 1318697 3686735
30 2451781 2188283 1287723 3610135
31 2405385 2153126 1260067 3543881
32 2360770 2117583 1230276 3477557
33 2321913 2080234 1204781 3409218
34 2282185 2045956 1181488 3347333
35 2242563 2014865 1156165 3290698
36 2203327 1982042 1132913 3232116
37 2170031 1948336 1112324 3173257
38 2136258 1919524 1089625 3123033
39 2103797 1892584 1070165 3074326
40 2072100 1867041 1049849 3027377
41 2043955 1839723 1032766 2976541
42 2015350 1813600 1013492 2932627
43 1987359 1789804 995529 2888355
44 1959815 1766028 980222 2848568
45 1934206 1744952 963126 2809034
46 1908729 1721972 946771 2768854
47 1881623 1700215 932351 2731194
48 1856442 1678418 918048 2691848
49 1834658 1656410 901845 2655161
50 1810285 1637073 890041 2619958
51 1788699 1614435 876337 2583323
52 1769716 1596597 861584 2549511
53 1745018 1582131 849885 2522723
54 1723343 1561317 838490 2487911
55 1701707 1541943 826171 2455244
56 1681724 1524774 816068 2424525
57 1662003 1508529 801938 2397145
58 1645928 1489531 790474 2365523
59 1626024 1473377 780408 2339310
60 1609517 1456462 770122 2311473
61 1590740 1445264 761011 2287949
62 1575890 1429298 748594 2258783
63 1558954 1414829 741935 2236802
64 1541790 1401057 732989 2210885
65 1526648 1386554 721974 2189414
66 1509168 1372512 713369 2164029
67 1492675 1355951 704345 2137922
68 1476295 1342107 695413 2114535
69 1463833 1328905 685646 2092602
70 1450425 1318775 680102 2072695
71 1435203 1305512 671982 2049751
72 1421105 1292123 662468 2030321
73 1406317 1279744 653969 2009360
74 1394026 1267261 646762 1988217
75 1381711 1255448 639384 1968498
76 1368111 1245827 631291 1951472
77 1355498 1232718 624707 1930781
78 1340423 1220723 617780 1910917
79 1328954 1208707 610196 1891393
80 1315449 1197216 605717 1871582
81 1302716 1186841 598904 1854729
82 1288972 1177060 593253 1837420
83 1277789 1166552 584297 1819357
84 1268294 1153670 578088 1799778
85 1256204 1144463 572608 1784615
86 1245528 1134550 564884 1767014
87 1236050 1124694 561516 1750972
88 1225554 1117457 553454 1737808
89 1215386 1106792 547840 1720696
90 1201463 1095826 544195 1703173
91 1191868 1085866 536258 1689336
92 1182103 1078221 531255 1674863
93 1171642 1070511 526099 1661250
94 1161950 1059204 521021 1643204
95 1151964 1050960 515360 1630376
96 1143432 1041640 511010 1614714
97 1133183 1034176 504931 1603116
98 1123785 1026953 500051 1590061
99 1115591 1017374 496653 1573487
100 1106059 1009183 489898 1560473
101 1096253 999269 486045 1548107
102 1086405 992599 481274 1535160
103 1078458 985196 476350 1521967
104 1068135 977239 471939 1508583
105 1061207 967258 468805 1493206
106 1054899 961554 464329 1484729
107 1045297 955909 459275 1473972
108 1037191 947468 455183 1461808
109 1029045 939747 449970 1448242
110 1021064 932037 446155 1436852
111 1010069 924331 442081 1424253
112 1002657 915467 439135 1411093
113 995906 911064 434272 1401264
114 991014 903640 430937 1389667
115 981991 899091 427054 1382094
116 973891 891114 422606 1369585
117 968052 884647 419462 1358713
118 960762 878773 415584 1348196
119 952802 872468 411371 1338957
120 942427 864195 408625 1327283
121 935812 856863 403190 1315881
122 928388 851431 399224 1306766
123 922567 843698 396883 1294363
124 914644 838200 394302 1285251
125 909806 830759 390891 1274840
126 904088 826528 388139 1266526
127 896303 821909 385494 1259305
128 888929 815701 380204 1249549
129 884003 808381 376980 1238380
130 877829 803443 375373 1230300
131 870895 798303 371159 1221407
132 862364 793148 369518 1212632
133 856984 787077 364622 1202993
134 851942 781174 361790 1192850
135 846212 774094 358539 1183447
136 840443 769019 356559 1176130
137 833091 763731 353246 1167623
138 827351 757656 350680 1157418
139 822014 753331 347477 1149346
140 816310 747975 344412 1141819
141 808027 742397 342108 1133662
142 804071 735536 339436 1123073
143 799153 731815 337157 1116323
144 794432 727477 334267 1109115
145 789605 722209 331922 1101016
146 782672 718693 328767 1096387
147 778548 712621 326031 1086316
148 771374 708093 323590 1078772
149 767951 701561 319667 1069449
150 761986 698764 318509 1064698
151 755531 694182 317320 1055508
152 749737 688966 313270 1048196
153 745802 683472 310043 1039949
154 740264 678680 308692 1032957
155 735910 674646 306272 1026772
156 731934 670031 305404 1019912
157 725644 668283 301330 1015968
158 722728 661697 298523 1005025
159 717764 657923 296157 999903
160 712371 653448 294462 993174
161 706139 648719 293449 985482
162 701255 644561 289062 978076
163 695338 638725 287574 971603
164 690086 634017 285708 963468
165 686605 630061 283486 956456
166 683444 626303 281458 950607
167 677765 622819 279744 945251
168 674108 618192 278025 937346
169 669797 614454 275510 931804
170 665357 610035 273591 926189
171 661391 606570 270815 920217
172 656410 604141 269225 915304
173 652427 599152 267675 907518
174 647789 595326 265007 902055
175 644539 591661 263005 895613
176 639616 588150 260799 889870
177 634688 583035 258773 883150
178 631023 579424 257537 876291
179 626342 576085 255855 872203
180 622134 571082 253902 864493
181 617682 567812 251936 859818
182 615845 563121 250029 852766
183 609917 562833 247944 851272
184 607848 557548 246695 843137
185 603037 555279 244926 839335
186 599657 551480 242682 833925
187 595270 548602 241103 829251
188 591672 545202 238797 823155
189 589259 541035 236735 816922
190 584872 536763 236816 811467
191 579329 533622 234684 806713
192 576015 530179 232419 801001
193 572602 526493 231653 795846
194 569249 524029 229581 791896
195 565980 520719 227691 786062
196 561541 517680 225976 781103
197 560322 513949 225000 775641
198 556410 512374 223410 772679
199 551902 508845 221781 767768
200 550562 504536 219988 762223
201 545770 502637 218446 758551
202 543914 498972 216946 752603
203 538363 496698 215567 748897
204 534434 491139 213808 740678
205 532014 488067 212048 736448
206 529056 486716 210917 733873
207 524103 483698 209552 728288
208 522461 479505 208482 722733
209 518473 477664 206014 718235
210 515237 472174 205279 712080
211 510772 470444 204425 709174
212 507776 466854 202047 703348
213 504458 463917 201274 699056
214 502875 461234 199380 694293
215 498919 459990 198543 692801
216 497023 456698 196499 687756
217 495029 454538 196165 683815
218 492253 452123 195127 679862
219 488658 449342 193755 676322
220 486620 446903 191275 672369
221 482114 444424 190717 668200
222 479825 439784 188620 662006
223 474716 438618 186994 659315
224 471729 433933 186628 652849
225 468522 431686 185263 648761
226 465550 428188 183561 644908
227 462025 426627 182064 640923
228 460162 422509 181394 635062
229 459059 420624 180914 632117
230 456062 419392 180339 629728
231 452615 417644 178112 626971
232 451129 414239 177501 622548
233 447721 413484 176050 620053
234 444538 409910 174260 616175
235 441349 407260 173419 611586
236 438181 404720 171716 606857
237 436204 400483 170950 601578
238 434553 398567 169202 598573
239 432230 397480 169209 596821
240 429157 395793 167077 593653
241 426693 392463 166491 588137
242 424454 390023 165453 585607
243 421732 387898 164608 582428
244 418226 385747 162934 578815
245 415870 382611 162750 573711
246 413326 380527 161004 571096
247 410439 377629 159870 567555
248 408113 375801 158370 563933
249 406303 373603 158139 559993
250 404220 371775 156706 557415
251 402019 369526 156324 554404
252 400072 367822 155341 551078
253 397356 365410 153615 548584
254 394572 363091 153203 544347
255 391080 360432 151417 541360
256 389918 358263 150929 537345
257 387073 356353 149459 534509
258 384355 353313 149352 530465
259 382008 351852 148207 527721
260 380803 350540 146592 524531
261 378287 349217 146197 522689
262 376170 346594 145010 517923
263 374742 344516 144073 515940
264 372274 343004 143050 513020
265 369972 340000 142273 509773
266 367307 337931 141225 505983
267 366229 335403 140431 503102
268 364524 334355 140398 500410
269 361591 333062 139767 497925
270 359316 331375 138423 495693
271 357153 329013 137016 493019
272 355352 327085 136750 489137
273 352390 324733 135459 486577
274 351150 322374 133520 483730
275 348320 321034 134101 480746
276 346519 319161 132901 477748
277 344192 317449 131866 474794
278 343756 314860 130676 471883
279 341682 314679 130780 470610
280 339312 312741 130033 467697
281 336033 310301 128700 463902
282 334740 308410 127313 460462
283 333240 306256 126868 458181
284 330933 305054 126236 455453
285 329354 302007 125366 452041
286 327093 300525 125079 449599
287 325409 299379 124139 448073
288 323616 298935 123087 446362
289 321229 296431 122515 442629
290 319986 293386 121344 438731
291 317290 292293 120628 437582
292 316421 290330 120234 433724
293 314026 289139 119368 432303
294 312660 287528 118903 429664
295 311065 286316 117610 427271
296 309358 284529 117524 424849
297 307367 282534 116334 422266
298 305916 281365 115907 420531
299 304602 280871 114869 419000
300 302663 278633 114561 415481
301 300705 276538 112924 413656
302 298535 274745 113285 410575
303 297428 273549 111978 408819
304 296811 272824 111723 406230
305 294292 271255 110515 405154
306 292029 269908 110116 402626
307 289746 268039 109020 399405
308 287220 265521 108800 396156
309 286003 263922 108163 394092
310 285504 263302 107113 393145
311 282987 262223 106930 390458
312 281770 259400 105648 387314
313 279968 258955 105316 385261
314 277762 256698 104725 382569
315 276241 254683 104477 380222
316 274736 253760 103307 378183
317 273364 252448 102649 376464
318 271376 251024 102097 373897
319 269820 249167 101919 371330
320 268788 247416 100714 369123
321 267505 246093 100562 367128
322 265494 245323 99935 365825
323 264267 243097 99378 363576
324 262811 242199 98632 361371
325 262205 241501 97395 359647
326 261131 240112 97305 357898
327 259003 238694 96866 355766
328 257599 237091 96269 353768
329 255592 235498 96038 351363
330 253592 234423 94942 349830
331 252568 233173 94873 346774
332 251437 232141 93723 345963
333 249075 231021 93657 344107
334 248145 229562 92504 341474
335 246690 229002 91725 340048
336 246584 226383 91746 336947
337 246025 225735 91187 336350
338 242579 224846 90763 335101
339 242256 222110 90238 330887
340 240853 221711 90275 330258
341 239096 220515 89227 328855
342 238237 219649 88388 326906
343 236866 218226 88156 325090
344 235650 217419 86880 323503
345 233566 216292 86728 321620
346 231733 214621 86586 319346
347 230284 212722 85568 316852
348 229598 211308 85416 314762
349 228603 210724 84666 313306
350 226898 209552 84140 312375
351 225224 208438 83574 309856
352 223421 206693 83372 308107
353 222907 204783 81829 305554
354 221999 203812 81747 303601
355 219843 202877 81844 302236
356 218888 201651 80991 300659
357 218617 201065 80356 299188
358 215883 200595 80080 298195
359 215181 198206 79907 295047
360 213769 197504 78825 293932
361 212614 196156 78979 292347
362 211486 195472 78337 290835
363 211345 194409 77923 289436
364 208774 194248 77342 288914
365 208451 192455 76713 286275
366 208285 191576 76130 285034
367 206788 190776 76150 283433
368 204895 189523 75025 282405
369 203739 187806 74966 279818
370 201881 186370 74797 277584
371 202187 185361 73982 275968
372 199837 185527 73786 275403
373 199636 183502 73292 272814
374 199513 183021 72799 272475
375 197872 182849 72720 271344
376 195707 181131 72067 269152
377 195459 179469 71464 266870
378 194707 179026 70655 266174
379 192910 178178 70632 265377
380 192497 176841 70165 263002
381 191767 176369 70277 261712
382 189831 176192 69660 261442
383 189490 174378 69461 258596
384 187946 173340 68833 258109
385 186989 172417 68507 256172
386 186029 171627 67955 255148
387 183871 171317 67528 253778
388 183556 168828 66832 251000
389 181917 168207 67287 249823
390 181238 167190 66611 248349
391 180848 166970 65964 247695
392 180021 166090 65626 246751
393 179051 165434 65313 245360
394 177974 164337 64955 244199
395 176254 164150 64332 243671
396 175578 162066 63850 240200
397 174886 161133 63610 239571
398 173599 160553 63304 238436
399 172142 159370 63239 236978
400 171158 158569 62617 235443
401 170139 157688 62050 233928
402 169618 156042 61579 231770
403 168257 155516 61520 231077
404 166972 153995 61543 229332
405 165942 153708 60477 228171
406 165825 152695 60125 226644
407 165229 152292 60243 226149
408 164330 151947 59412 225178
409 163845 150373 59220 223627
410 162931 149727 59332 222520
411 162404 149188 58534 221905
412 161439 149156 58938 221351
413 161523 148397 58577 219976
414 159237 148416 57812 220071
415 158888 146334 57255 216919
416 157498 145648 57255 216047
417 156855 144882 56588 214474
418 155308 143408 56527 212992
419 155112 142914 55691 212168
420 154395 142496 56284 211246
421 153122 142181 55161 210677
422 151872 141224 55094 209289
423 151002 140149 54581 207555
424 150895 138299 54617 205147
425 149716 138103 54210 204910
426 148834 137131 53858 203692
427 148308 136659 53237 203072
428 147936 136160 53474 201367
429 147060 135665 53132 200717
430 146313 134809 52605 200079
431 146179 133780 52533 198398
432 144308 133894 52399 198261
433 143217 132376 51845 196392
434 142387 131764 51328 195357
435 142147 130863 51187 194175
436 141400 130618 50739 193563
437 140468 130214 50404 192657
438 140058 128759 50375 190835
439 139463 128700 50048 190491
440 138295 128045 49307 189477
441 137522 126610 49473 187384
442 137254 126064 48870 186709
443 136598 125654 48796 186467
444 135320 124935 48393 185190
445 134109 124097 48580 184103
446 133774 123472 48006 182510
447 132701 122651 48083 181778
448 132635 121968 47552 180523
449 131362 121341 47064 180472
450 130010 120905 46722 179412
451 129586 120108 46365 177811
452 129123 119519 46646 176854
453 128611 119012 45840 176021
454 127925 117835 45999 174839
455 127199 117352 45642 173885
456 125820 117077 45633 173322
457 125991 115925 44880 171752
458 125385 115950 45020 171522
459 125084 115301 44713 170611
460 124579 115086 44332 170076
461 123728 114222 43883 168763
462 123085 112607 44015 167169
463 121825 112524 43420 166769
464 121522 111449 43370 165868
465 120043 111678 43014 165099
466 120416 110053 42382 163113
467 119376 109923 42846 162580
468 118555 109042 42348 161942
469 118177 108871 41973 161404
470 117802 108742 41689 160547
471 116554 107792 41277 159603
472 114965 106822 41547 158336
473 114488 106119 41044 157103
474 114137 105515 41095 155727
475 113986 105141 40616 155451
476 114053 105006 40322 155105
477 113296 104592 40531 154711
478 113216 103918 40021 153768
479 112234 103814 40048 153221
480 111715 102473 39665 152432
481 111024 102615 39220 151891
482 110812 102202 39198 150573
483 110336 101574 39015 149978
484 109744 101451 39054 149530
485 108788 100592 38656 148676
486 107474 99572 38050 147202
487 107451 98363 38251 145583
488 106704 98364 38168 145339
489 105934 97957 37982 145596
490 105190 97647 37204 143974
491 105244 96531 37351 143166
492 104684 96299 37553 142620
493 103799 96068 36906 142200
494 103419 95599 36601 141510
495 102646 95344 36285 140708
496 102080 94394 36436 139716
497 101569 93767 36199 138317
498 100941 93232 35828 137909
499 100196 92415 35766 136880
500 99660 91625 35336 135528
501 99792 91501 34869 135359
502 99025 91878 35252 135392
503 97974 91100 34652 134401
504 97654 89933 34693 133118
505 96558 89786 34781 132485
506 96582 88969 34051 131930
507 95918 89022 34247 131693
508 95608 88116 33875 130395
509 95604 88043 33523 130004
510 95316 87688 33908 129111
511 94391 87066 33238 128758
512 93583 86544 33455 128118
513 93030 86300 32919 127627
514 92640 85717 32926 126493
515 92682 85400 32764 126057
516 92045 85545 32532 126280
517 91239 84925 32210 125322
518 90697 83963 32131 124441
519 90274 83303 31934 123350
520 89965 83336 31604 122937
521 89595 83195 31403 122239
522 88893 82474 31442 121813
523 88359 82240 30909 121338
524 88109 81352 31057 120093
525 87323 80872 30723 119394
526 87218 80641 30318 118990
527 86377 80350 30304 118516
528 86230 79573 30275 117333
529 85364 79168 30135 116958
530 84595 78852 29618 116267
531 84311 77867 29501 115119
532 84162 77333 29728 114222
533 83300 77538 29561 114381
534 83386 76773 29407 112947
535 82735 76319 28938 112807
536 82215 75684 28775 112240
537 82188 75531 28735 111610
538 81416 75714 28648 111558
539 81342 75156 28479 110744
540 80479 75032 28313 110237
541 80285 73856 28352 109050
542 79427 73575 28233 108548
543 79252 73445 27668 108554
544 78656 72837 27611 107595
545 78011 72166 27325 106398
546 77562 71589 27577 105638
547 76940 71167 27250 105449
548 77482 70895 26604 104689
549 76495 70899 27054 104947
550 75782 70218 26557 103780
551 76015 69646 26339 102992
552 75840 69662 26573 102823
553 75649 69552 26519 102569
554 74706 69439 26284 101902
555 73763 68301 26055 100900
556 73456 67517 25786 100057
557 73499 67233 25892 99429
558 72926 67472 25546 99670
559 73039 67217 25322 99198
560 72704 66778 25617 98393
561 72258 66629 25136 98270
562 71887 66069 25247 98064
563 71873 66057 24946 97552
564 70751 66325 24885 97570
565 70996 65218 24684 96202
566 70711 65485 24387 96219
567 70124 64887 24518 95660
568 69635 64506 24370 94924
569 69425 64352 23865 94773
570 68864 63813 24275 94090
571 68471 63494 24011 93591
572 68228 63190 23765 93086
573 67435 62823 23746 92264
574 67414 62115 23287 91629
575 66762 61898 23246 91273
576 66854 61325 23361 90453
577 65817 61547 23254 90369
578 65781 60933 23035 89595
579 65830 60561 22939 89233
580 66476 60189 22927 88510
581 65568 60380 22561 89251
582 64701 60337 22501 89057
583 63721 59595 22461 87754
584 63479 58877 22061 86860
585 63514 58635 22147 86201
586 63126 58680 22175 86461
587 62776 58511 22103 85953
588 62471 58161 21760 85723
589 62262 57661 21536 85112
590 61628 57393 21679 84467
591 61261 56709 21311 83608
592 60962 56212 21299 82928
593 60881 56009 21003 82826
594 60420 55953 21118 82406
595 59850 55433 20504 81796
596 59520 54835 20486 81157
597 59056 54525 20598 80483
598 58874 54134 20545 80041
599 58614 54353 20359 80125
600 58502 53900 20179 79555
601 58332 53606 20487 79202
602 57717 53724 20151 79137
603 57595 53347 19760 78509
604 57615 52996 19719 77992
605 57208 52660 19849 77801
606 57057 52415 19781 77233
607 56227 52260 19690 77044
608 55719 51660 19400 76065
609 56071 51207 19401 75837
610 55606 51677 19255 76162
611 55183 50933 19076 75155
612 54825 50339 18749 74781
613 54558 50255 19000 74326
614 53943 49923 18905 73619
615 54217 49632 18680 73464
616 53479 49868 18708 73460
617 53675 49273 18580 72625
618 53421 49206 18761 72501
619 53193 49202 18561 72427
620 52595 49288 18150 72436
621 52465 48538 18225 71688
622 52433 48401 18133 71437
623 52276 48304 18087 71016
624 52026 47997 18045 70622
625 51260 47677 17783 70138
626 51047 47090 17549 69743
627 50781 47169 17560 69589
628 50302 47132 17506 69383
629 49941 46658 17325 68423
630 50173 45916 17034 68000
631 49923 45966 17257 67841
632 49677 45749 17112 67637
633 49327 45754 16667 67329
634 48993 45371 16913 66874
635 48447 45157 16820 66332
636 48265 44741 16549 65877
637 48102 44403 16951 65281
638 47703 44329 16468 65251
639 47596 43783 16097 64828
640 47613 43563 16500 64391
641 47350 43890 16285 64567
642 47119 43371 16221 63982
643 46390 43293 16112 63813
644 46485 42768 15886 62940
645 46161 42753 15851 62730
646 45903 42299 15661 62141
647 45699 41911 15706 61778
648 45458 41850 15917 61530
649 45129 41578 15574 61455
650 45148 41515 15555 60983
651 44648 41226 15448 60776
652 44626 41105 15341 60613
653 44848 40976 15250 60564
654 43964 41164 15072 60577
655 44229 40680 14769 59699
656 44212 40259 15346 59400
657 43151 40458 15147 59378
658 43444 39834 14875 58574
659 43257 40222 14903 58960
660 42822 39869 14962 58505
661 42476 39453 14714 58028
662 42503 39123 14623 57619
663 42277 39147 14511 57666
664 42076 38934 14461 57120
665 41515 38676 14256 56894
666 41680 38338 14185 56369
667 41190 38463 14219 56352
668 40904 38168 14026 56206
669 40676 37726 14226 55314
670 40189 37687 13888 55743
671 40329 37227 13887 54801
672 40504 37146 13967 54523
673 40231 37285 13928 54822
674 39948 37073 13780 54669
675 39681 37086 13492 54480
676 39488 36615 13527 53894
677 39026 36460 13421 53606
678 39190 36044 13404 52962
679 39075 35888 13010 52779
680 39183 35612 13073 52639
681 38682 35679 13147 52316
682 38262 35207 13011 51996
683 38224 34984 13141 51525
684 38069 35058 12818 51582
685 37846 34839 12929 51368
686 37281 34613 12751 51103
687 37255 34178 12562 50242
688 36891 34259 12622 50213
689 36926 33964 12429 49833
690 36620 33824 12450 49610
691 36526 33339 12374 49028
692 36298 33252 12441 49127
693 36338 33369 12383 49008
694 36324 33071 12280 48570
695 36214 33103 12187 48838
696 35422 33237 12142 48785
697 35416 32555 12078 48083
698 35014 32703 11892 47854
699 34999 32107 12050 47269
700 34642 32124 12044 47018
701 34463 31933 11687 46874
702 34151 31728 11858 46674
703 33780 31441 11752 46239
704 33755 31348 11497 46056
705 33598 31192 11510 45892
706 33449 31083 11411 45568
707 33308 30667 11372 45305
708 32977 30718 11417 45284
709 32920 30458 11188 44836
710 32812 30140 11062 44544
711 32493 30156 11279 44447
712 32199 29996 11001 44080
713 32121 29701 10881 43844
714 31997 29419 11098 43325
715 31629 29443 11000 43368
716 32241 29440 10767 42939
717 31909 29608 10692 43334
718 31499 29273 10782 43082
719 31052 28881 10750 42428
720 31142 28570 10691 41913
721 30661 28567 10466 42192
722 30827 28268 10476 41674
723 30936 28525 10375 41892
724 30694 28447 10485 41832
725 29988 28284 10230 41439
726 29813 27719 10190 40864
727 30088 27699 10083 40657
728 29798 27815 10259 40686
729 29836 27592 10140 40506
730 29503 27603 10120 40552
731 29385 27123 10139 39929
732 28950 27295 9937 39984
733 29135 26739 9954 39333
734 29013 26915 9954 39515
735 28857 26767 9937 39232
736 29097 26732 9743 39379
737 28658 26855 9629 39119
738 28579 26171 9741 38480
739 28274 26056 9625 38612
740 28404 26048 9505 38338
741 28201 26095 9815 38143
742 28018 25986 9541 38224
743 27750 25971 9450 38005
744 27566 25535 9407 37444
745 27447 25292 9310 37355
746 26974 25171 9309 37053
747 26698 24939 9174 36822
748 26930 24756 9076 36192
749 26831 24741 9163 36411
750 26635 24792 8920 36563
751 26664 24565 8955 36082
752 26291 24509 8997 35819
753 25984 24100 8890 35423
754 26156 23823 8780 35042
755 25651 23973 8904 35144
756 25835 23578 8799 34709
757 25629 23889 8853 35107
758 25690 23806 8479 34883
759 25625 23398 8633 34432
760 25607 23334 8696 34428
761 25361 23446 8556 34541
762 25311 23389 8529 34169
763 25015 23127 8545 33947
764 24859 22963 8414 33763
765 24701 22933 8501 33533
766 24488 22832 8378 33441
767 24634 22626 8431 33245
768 24638 22719 8234 33224
769 24714 22499 8184 33173
770 24390 22561 8163 33188
771 24304 22497 8057 33092
772 23922 22454 7999 32894
773 23532 22070 8027 32322
774 23470 21620 7982 31839
775 23417 21523 7994 31609
776 23343 21539 7897 31680
777 23372 21499 7884 31470
778 23271 21510 7959 31636
779 23341 21545 7919 31355
780 23276 21511 7884 31509
781 23044 21457 7668 31484
782 22866 21097 7688 31028
783 22671 20956 7557 30989
784 22581 20915 7543 30628
785 22581 20582 7722 30266
786 22241 20726 7533 30535
787 22201 20789 7577 30389
788 22286 20665 7389 30312
789 22060 20686 7494 30330
790 21949 20458 7292 29941
791 21823 20180 7319 29563
792 21603 19955 7426 29424
793 21420 19800 7164 29249
794 21296 19726 7251 29027
795 21475 19665 7141 28736
796 21258 19755 7139 28992
797 20932 19638 7032 28716
798 20857 19365 6859 28477
799 20752 19276 7181 28155
800 20629 19156 6970 28168
801 20539 19209 7074 27960
802 20196 19076 6892 27869
803 19980 18464 6763 27267
804 20111 18274 6990 27145
805 20052 18577 6703 27385
806 20221 18513 6824 27097
807 20400 18541 6825 27274
808 20252 18730 6727 27416
809 19879 18541 6714 27209
810 20045 18373 6641 26937
811 19887 18593 6587 27114
812 19788 18247 6579 26702
813 19465 18199 6464 26800
814 19106 17956 6500 26378
815 19053 17823 6335 26183
816 19205 17538 6405 25791
817 18920 17684 6382 25988
818 18779 17605 6271 25777
819 18546 17374 6268 25344
820 18438 17130 6233 25332
821 18399 17054 6167 25075
822 18618 17016 6170 24983
823 18295 17039 6060 25115
824 18265 16732 6092 24574
825 18343 16722 6041 24796
826 18001 16840 6062 24738
827 17725 16629 6062 24477
828 17805 16317 5984 24088
829 17580 16324 5991 24079
830 17546 16210 5758 23830
831 17673 16177 5884 23823
832 17296 16386 5855 23865
833 17263 15873 5818 23155
834 17167 15777 5786 23173
835 16747 15789 5769 23192
836 16715 15379 5706 22730
837 16934 15480 5594 22863
838 16675 15520 5660 22665
839 16567 15425 5655 22658
840 16428 15401 5655 22431
841 16531 15154 5589 22302
842 16398 15263 5632 22332
843 16556 15098 5410 22185
844 16229 15110 5624 22211
845 16216 14953 5527 21914
846 16421 15017 5534 22000
847 16281 15178 5314 22200
848 16126 15073 5405 22027
849 16060 14807 5317 21728
850 15884 14737 5405 21742
851 15652 14652 5236 21499
852 15829 14504 5218 21382
853 15820 14581 5278 21335
854 15528 14485 5295 21207
855 15569 14356 5275 21075
856 15298 14308 5111 20854
857 15204 13965 5238 20690
858 15064 14012 5069 20526
859 15024 13918 5079 20422
860 14969 13758 5074 20191
861 15081 13712 5102 20114
862 14936 13820 5001 20264
863 14930 13635 5060 20037
864 14924 13626 5024 20034
865 14489 13719 4864 20232
866 14603 13415 4924 19685
867 14393 13427 4902 19729
868 14625 13260 4771 19503
869 14374 13385 4883 19744
870 14322 13369 4901 19606
871 14150 13357 4903 19439
872 14323 13141 4825 19376
873 14448 13240 4922 19257
874 14197 13254 4628 19492
875 14360 13132 4748 19238
876 14221 13166 4708 19304
877 14009 12992 4726 19055
878 13914 12821 4691 18925
879 13759 12798 4745 18746
880 13712 12486 4612 18378
881 13511 12522 4648 18554
882 13653 12482 4478 18329
883 13618 12541 4472 18379
884 13397 12389 4459 18176
885 13285 12204 4464 18022
886 13194 12293 4415 18065
887 13473 12191 4316 17877
888 13476 12280 4446 17956
889 13218 12154 4416 17804
890 13133 11962 4396 17724
891 12593 12119 4347 17805
892 12748 11735 4209 17198
893 12857 11677 4154 17221
894 12589 11819 4237 17297
895 12682 11447 4228 16968
896 12470 11573 4220 16972
897 12503 11379 4165 16701
898 12613 11459 4128 16856
899 12387 11515 4238 16972
900 12324 11553 4181 16813
901 12441 11399 4061 16788
902 12358 11483 4007 16721
903 12005 11442 4068 16759
904 11955 11203 4003 16419
905 12051 11064 4096 16207
906 12046 11229 4042 16371
907 12180 11177 3970 16301
908 11950 11224 4125 16452
909 11784 11150 3894 16235
910 11939 10845 3894 15893
911 11915 10876 3870 15989
912 11655 10801 3867 15880
913 11725 10815 3822 15826
914 11480 10815 3794 15874
915 11382 10609 3699 15579
916 11303 10385 3811 15412
917 11269 10463 3793 15343
918 11492 10365 3736 15316
919 11332 10445 3759 15320
920 11285 10314 3711 15212
921 11216 10352 3611 15092
922 11039 10188 3653 15044
923 11098 10112 3685 14851
924 10961 10091 3641 14951
925 10928 10203 3602 14850
926 10881 10138 3577 14771
927 10815 9931 3656 14649
928 11087 9858 3589 14420
929 10857 10103 3565 14729
930 10510 9931 3624 14480
931 10576 9747 3512 14241
932 10370 9734 3473 14205
933 10275 9412 3449 13954
934 10214 9421 3433 13951
935 10316 9527 3358 13976
936 10176 9605 3356 13927
937 10167 9308 3507 13598
938 10086 9312 3440 13705
939 9906 9480 3327 13821
940 9921 9236 3326 13599
941 9919 9203 3254 13483
942 9862 9150 3281 13381
943 9797 9094 3232 13375
944 9613 8938 3263 13157
945 9783 8751 3213 12999
946 9635 8896 3318 13008
947 9572 8905 3179 13187
948 9663 8932 3191 13098
949 9645 9040 3138 13236
950 9530 8881 3157 13012
951 9350 8834 3118 12898
952 9406 8717 3073 12778
953 9259 8683 3168 12721
954 9278 8665 3022 12695
955 9398 8655 3043 12601
956 9251 8601 3158 12580
957 9200 8641 3082 12643
958 9167 8483 2929 12513
959 8989 8342 2970 12300
960 9004 8185 2981 12237
961 8945 8424 2938 12191
962 8945 8231 2890 12065
963 8813 8173 2989 12093
964 8918 8238 2866 12046
965 8899 8275 2909 11969
966 8780 8186 2931 11940
967 8590 8105 2879 11912
968 8713 8018 2826 11805
969 8658 8136 2821 11946
970 8639 8076 2805 11751
971 8533 8007 2664 11704
972 8396 7781 2704 11494
973 8312 7704 2748 11334
974 8225 7681 2762 11367
975 8147 7678 2744 11282
976 8327 7598 2708 11197
977 8153 7686 2686 11221
978 8070 7475 2686 11057
979 8212 7427 2717 10888
980 8261 7571 2691 11089
981 8085 7581 2684 11045
982 8013 7435 2546 10891
983 7987 7153 2676 10658
984 7746 7257 2526 10701
985 7868 7024 2551 10506
986 8095 7227 2518 10535
987 7959 7336 2615 10684
988 7869 7276 2623 10616
989 7865 7162 2615 10509
990 7692 7278 2414 10675
991 7746 7045 2391 10350
992 7630 7016 2525 10375
993 7607 7063 2454 10314
994 7528 7061 2482 10376
995 7491 6967 2402 10211
996 7404 6887 2371 10215
997 7337 6829 2466 10027
998 7457 6801 2410 9983
999 7341 6840 2437 10051
1000 7274 6786 2475 9909
1001 7194 6771 2463 9960
1002 7234 6667 2402 9783
1003 7191 6584 2261 9769
1004 7217 6601 2314 9620
1005 7057 6601 2328 9612
1006 7092 6399 2300 9485
1007 6984 6520 2337 9620
1008 7116 6443 2275 9380
1009 6826 6559 2310 9620
1010 6955 6353 2237 9319
1011 6889 6418 2206 9399
1012 6975 6371 2316 9362
1013 6779 6487 2218 9442
1014 6982 6310 2252 9227
1015 6758 6419 2177 9364
1016 6687 6176 2277 9118
1017 6682 6204 2252 9136
1018 6858 6205 2139 9024
1019 6720 6247 2233 9183
1020 6723 6161 2225 9003
1021 6740 6220 2260 9056
1022 6579 6303 2147 9093
1023 6520 6003 2111 8835
1024 6429 5907 2139 8667
1025 6431 5824 2159 8607
1026 6479 5884 2101 8664
1027 6467 5961 2104 8707
1028 6350 5848 2085 8590
1029 6324 5830 2130 8543
1030 6295 5841 2098 8585
1031 6252 5878 2022 8536
1032 6215 5834 2083 8466
1033 6202 5791 2056 8424
1034 6057 5806 2017 8385
1035 6048 5574 2001 8221
1036 6138 5598 2051 8176
1037 6111 5642 2027 8322
1038 5992 5666 1933 8247
1039 5948 5462 1974 8067
1040 5956 5523 1905 8122
1041 5767 5529 1902 8092
1042 5773 5316 1921 7909
1043 5786 5379 1940 7874
1044 5881 5311 1959 7838
1045 5842 5438 1857 8040
1046 5732 5337 1826 7798
1047 5837 5195 1904 7656
1048 5730 5298 1840 7823
1049 5749 5254 1871 7693
1050 5784 5317 1855 7720
1051 5721 5285 1894 7741
1052 5769 5340 1808 7733
1053 5725 5287 1838 7660
1054 5673 5258 1858 7720
1055 5680 5210 1816 7578
1056 5594 5212 1801 7630
1057 5423 5101 1814 7513
1058 5273 5019 1832 7357
1059 5304 4956 1758 7284
1060 5337 4966 1783 7299
1061 5364 5024 1727 7325
1062 5419 4908 1780 7096
1063 5406 4905 1766 7173
1064 5208 4913 1777 7280
1065 5250 4841 1747 7069
1066 5205 4755 1761 6977
1067 5120 4755 1603 7014
1068 4967 4675 1686 6836
1069 5095 4493 1686 6654
1070 5099 4666 1675 6837
1071 5073 4721 1662 6940
1072 5189 4662 1626 6839
1073 5112 4654 1685 6900
1074 5058 4683 1706 6862
1075 5089 4660 1639 6809
1076 5026 4621 1590 6711
1077 4901 4572 1613 6775
1078 4726 4461 1472 6583
1079 4857 4300 1616 6287
1080 4791 4376 1566 6418
1081 4687 4291 1615 6402
1082 4692 4290 1668 6277
1083 4699 4364 1583 6359
1084 4707 4334 1493 6305
1085 4582 4226 1604 6283
1086 4761 4275 1533 6246
1087 4689 4359 1562 6385
1088 4825 4298 1553 6254
1089 4732 4386 1503 6386
1090 4790 4339 1518 6367
1091 4583 4386 1551 6388
1092 4482 4226 1506 6173
1093 4633 4175 1501 6114
1094 4573 4206 1532 6105
1095 4552 4197 1406 6158
1096 4482 4136 1515 6027
1097 4414 4099 1476 6020
1098 4427 4070 1453 6011
1099 4462 4113 1492 5934
1100 4488 4147 1482 6024
1101 4473 4155 1370 6111
1102 4368 4115 1448 6042
1103 4205 4124 1357 5981
1104 4269 3885 1364 5703
1105 4274 3906 1362 5757
1106 4224 3893 1367 5716
1107 4085 3893 1392 5723
1108 4179 3779 1369 5524
1109 4040 3866 1379 5702
1110 4156 3802 1296 5511
1111 4001 3862 1406 5583
1112 4095 3786 1359 5534
1113 4009 3830 1403 5577
1114 4101 3739 1303 5442
1115 4110 3826 1372 5530
1116 4141 3821 1383 5576
1117 4078 3853 1329 5585
1118 3855 3757 1323 5498
1119 3898 3581 1276 5283
1120 4047 3587 1277 5246
1121 4020 3644 1294 5375
1122 3955 3687 1244 5306
1123 3900 3591 1312 5311
1124 3938 3596 1253 5315
1125 3916 3656 1261 5315
1126 3740 3618 1284 5260
1127 3845 3534 1202 5180
1128 3865 3661 1257 5282
1129 3886 3692 1226 5257
1130 3787 3570 1286 5184
1131 3837 3534 1208 5162
1132 3838 3557 1256 5173
1133 3847 3579 1231 5134
1134 3773 3548 1175 5183
1135 3800 3421 1239 4993
1136 3716 3495 1196 5076
1137 3565 3414 1196 4944
1138 3546 3311 1234 4868
1139 3632 3268 1192 4817
1140 3760 3357 1224 4921
1141 3673 3526 1185 5073
1142 3480 3433 1206 4879
1143 3648 3239 1114 4782
1144 3592 3408 1159 4978
1145 3517 3410 1121 4935
1146 3600 3241 1149 4708
1147 3598 3252 1168 4736
1148 3428 3274 1217 4840
1149 3562 3212 1183 4657
1150 3550 3311 1125 4897
1151 3553 3326 1116 4720
1152 3481 3229 1144 4734
1153 3400 3239 1158 4653
1154 3443 3155 1122 4597
1155 3478 3196 1147 4686
1156 3354 3236 1118 4662
1157 3396 3120 1152 4531
1158 3381 3138 1073 4590
1159 3400 3119 1075 4584
1160 3425 3142 1139 4605
1161 3209 3205 1057 4662
1162 3295 2969 1078 4344
1163 3199 3053 1049 4490
1164 3142 2990 1068 4331
1165 3141 2926 1056 4285
1166 3116 2949 1007 4343
1167 3146 2880 1028 4158
1168 3097 2828 1017 4223
1169 3094 2862 1037 4160
1170 3075 2917 1043 4237
1171 3080 2893 998 4213
1172 3104 2896 979 4271
1173 3051 2916 989 4240
1174 2963 2853 940 4201
1175 2936 2803 968 4065
1176 2974 2715 983 3955
1177 3065 2735 968 3987
1178 3022 2784 983 3996
1179 2968 2800 980 4055
1180 2860 2731 991 3885
1181 2873 2666 926 3913
1182 2893 2704 949 3945
1183 2876 2715 899 3932
1184 2819 2634 867 3905
1185 2678 2608 954 3814
1186 2843 2511 987 3669
1187 2968 2740 933 3931
1188 2896 2738 899 3939
1189 2762 2671 945 3906
1190 2693 2564 939 3753
1191 2719 2538 904 3704
1192 2770 2555 892 3728
1193 2751 2571 917 3706
1194 2676 2554 905 3769
1195 2631 2518 908 3671
1196 2693 2437 883 3505
1197 2693 2431 890 3608
1198 2688 2463 876 3592
1199 2642 2403 876 3624
1200 2573 2465 886 3604
1201 2520 2435 877 3581
1202 2689 2444 798 3568
1203 2570 2502 851 3638
1204 2595 2387 889 3472
1205 2646 2403 827 3456
1206 2683 2358 863 3481
1207 2594 2391 874 3479
1208 2592 2364 765 3494
1209 2566 2340 862 3408
1210 2539 2331 814 3436
1211 2603 2324 819 3385
1212 2620 2368 855 3451
1213 2529 2391 820 3463
1214 2638 2360 773 3369
1215 2613 2384 783 3445
1216 2545 2355 849 3437
1217 2404 2309 750 3415
1218 2338 2262 769 3336
1219 2418 2202 751 3239
1220 2445 2232 839 3308
1221 2470 2345 760 3360
1222 2452 2277 794 3327
1223 2437 2231 782 3261
1224 2377 2244 807 3296
1225 2439 2230 753 3218
1226 2373 2223 776 3237
1227 2363 2172 768 3249
1228 2317 2241 760 3247
1229 2348 2181 800 3240
1230 2321 2269 743 3263
1231 2365 2192 712 3168
1232 2337 2166 750 3182
1233 2225 2131 773 3110
1234 2201 2067 700 3115
1235 2271 2051 735 3003
1236 2169 2072 711 3083
1237 2138 2038 698 3011
1238 2109 2052 691 2948
1239 2105 1961 658 2909
1240 2148 1983 696 2916
1241 2211 2030 694 2927
1242 2253 2050 709 2954
1243 2106 2090 723 3065
1244 1991 1970 688 2806
1245 2041 1863 689 2787
1246 2111 1870 688 2759
1247 2062 1943 618 2835
1248 2103 1855 684 2764
1249 2043 1875 608 2782
1250 1962 1835 638 2740
1251 2002 1802 662 2626
1252 1999 1798 662 2633
1253 2009 1785 653 2676
1254 2086 1814 712 2644
1255 1990 1878 647 2790
1256 2065 1817 622 2657
1257 2003 1853 630 2687
1258 1882 1856 621 2670
1259 1909 1746 649 2583
1260 1881 1806 597 2664
1261 1925 1764 583 2625
1262 1847 1780 596 2590
1263 1974 1635 629 2440
1264 1886 1745 647 2541
1265 1827 1751 645 2510
1266 1823 1727 641 2488
1267 1764 1749 594 2500
1268 1814 1675 599 2419
1269 1835 1702 553 2479
1270 1783 1671 610 2411
1271 1792 1613 583 2433
1272 1790 1628 569 2403
1273 1791 1675 569 2384
1274 1845 1662 594 2407
1275 1809 1710 557 2463
1276 1871 1650 593 2417
1277 1818 1732 602 2471
1278 1846 1670 576 2408
1279 1826 1682 587 2485
1280 1707 1655 576 2390
1281 1664 1558 561 2270
1282 1727 1496 573 2233
1283 1669 1593 571 2338
1284 1737 1551 579 2243
1285 1686 1585 555 2289
1286 1728 1505 571 2242
1287 1767 1581 560 2318
1288 1806 1607 594 2335
1289 1741 1668 569 2431
1290 1787 1634 568 2338
1291 1794 1666 568 2399
1292 1694 1662 559 2413
1293 1646 1608 519 2339
1294 1659 1529 540 2255
1295 1646 1529 503 2257
1296 1625 1525 576 2241
1297 1575 1517 509 2189
1298 1587 1436 519 2117
1299 1615 1435 547 2107
1300 1626 1489 502 2185
1301 1563 1521 521 2183
1302 1583 1487 549 2114
1303 1561 1476 478 2132
1304 1616 1405 523 2099
1305 1569 1508 463 2171
1306 1532 1424 489 2063
1307 1523 1363 525 2026
1308 1457 1377 501 2008
1309 1488 1358 495 1998
1310 1527 1387 504 2050
1311 1489 1495 478 2210
1312 1506 1450 481 2055
1313 1451 1412 463 2012
1314 1462 1308 495 1950
1315 1438 1380 485 1964
1316 1439 1345 466 1953
1317 1457 1350 457 1927
1318 1387 1335 493 1973
1319 1376 1321 470 1942
1320 1400 1304 469 1926
1321 1440 1342 443 1927
1322 1372 1298 454 1932
1323 1425 1279 444 1854
1324 1475 1306 435 1896
1325 1435 1334 458 1925
1326 1429 1284 487 1866
1327 1391 1350 438 1955
1328 1468 1286 418 1876
1329 1378 1278 433 1888
1330 1385 1215 427 1838
1331 1335 1299 430 1857
1332 1272 1248 414 1811
1333 1385 1179 398 1728
1334 1312 1260 430 1822
1335 1359 1210 457 1786
1336 1324 1284 435 1849
1337 1327 1241 427 1792
1338 1341 1172 419 1750
1339 1293 1209 422 1743
1340 1326 1138 419 1671
1341 1323 1193 444 1716
1342 1309 1184 428 1718
1343 1297 1171 403 1738
1344 1270 1196 427 1707
1345 1246 1183 421 1708
1346 1304 1177 393 1696
1347 1274 1164 417 1715
1348 1254 1187 424 1711
1349 1146 1145 415 1724
1350 1217 1117 383 1621
1351 1253 1114 431 1666
1352 1248 1191 376 1723
1353 1236 1164 389 1674
1354 1189 1094 389 1622
1355 1184 1071 407 1586
1356 1224 1091 423 1576
1357 1215 1131 388 1659
1358 1123 1165 404 1680
1359 1145 1093 411 1560
1360 1151 1077 373 1545
1361 1086 1082 406 1564
1362 1134 1053 346 1530
1363 1115 1065 397 1565
1364 1090 1068 387 1577
1365 1118 1044 380 1535
1366 1088 1030 404 1497
1367 1175 1030 355 1494
1368 1148 1063 371 1580
1369 1056 1057 364 1558
1370 1078 989 377 1439
1371 1134 1011 354 1463
1372 1139 1056 346 1536
1373 1167 1046 400 1525
1374 1114 1075 374 1563
1375 1077 1062 371 1533
1376 1168 1008 368 1457
1377 1159 1112 358 1581
1378 1088 1048 409 1521
1379 1135 1020 360 1470
1380 1119 1043 392 1483
1381 1088 981 388 1429
1382 1078 1034 303 1549
1383 1036 1019 362 1436
1384 1013 962 312 1400
1385 1049 932 347 1428
1386 1048 954 323 1379
1387 1051 933 333 1349
1388 1078 915 345 1358
1389 970 952 375 1394
1390 1042 909 336 1333
1391 1008 1004 301 1453
1392 1051 939 328 1393
1393 1039 966 323 1370
1394 1017 910 354 1338
1395 975 893 340 1384
1396 981 915 333 1348
1397 1025 958 326 1370
1398 1015 952 299 1406
1399 974 953 317 1388
1400 1016 905 318 1330
1401 914 897 316 1362
1402 957 831 307 1264
1403 943 901 316 1328
1404 934 903 296 1295
1405 922 863 271 1288
1406 900 854 310 1255
1407 902 828 288 1208
1408 891 854 294 1242
1409 921 855 283 1198
1410 974 843 299 1264
1411 920 946 292 1324
1412 914 861 304 1260
1413 971 846 313 1231
1414 905 877 283 1272
1415 918 806 284 1175
1416 938 799 286 1212
1417 872 824 255 1208
1418 819 785 300 1159
1419 891 763 292 1122
1420 847 823 293 1175
1421 903 771 251 1157
1422 871 767 319 1109
1423 838 780 275 1144
1424 827 796 272 1159
1425 850 777 242 1146
1426 847 784 249 1161
1427 824 765 261 1129
1428 846 742 283 1073
1429 844 766 267 1139
1430 852 773 267 1125
1431 810 771 242 1164
1432 809 777 246 1127
1433 752 774 221 1106
1434 774 657 271 977
1435 798 707 229 1073
1436 787 739 246 1073
1437 756 734 240 1038
1438 718 674 250 1014
1439 687 664 220 965
1440 707 645 212 982
1441 659 668 252 949
1442 653 616 231 910
1443 704 629 225 924
1444 690 651 238 957
1445 753 666 241 970
1446 738 689 241 1007
1447 687 656 215 929
1448 680 576 216 905
1449 697 606 254 895
1450 725 630 211 942
1451 689 649 236 951
1452 691 644 254 928
1453 729 620 281 917
1454 700 690 237 1021
1455 702 680 237 988
1456 715 689 260 993
1457 734 713 251 1010
1458 747 681 242 996
1459 724 657 231 968
1460 699 645 234 959
1461 723 657 222 977
1462 747 707 223 1012
1463 728 707 225 1055
1464 709 683 217 981
1465 766 656 236 938
1466 796 703 229 1000
1467 736 713 213 995
1468 720 637 224 952
1469 725 658 240 945
1470 687 695 252 1006
1471 700 675 220 970
1472 679 637 211 927
1473 658 605 234 875
1474 643 596 201 882
1475 620 567 230 863
1476 623 561 216 840
1477 661 569 201 857
1478 666 605 195 877
1479 648 570 182 861
1480 699 555 194 821
1481 663 608 209 897
1482 626 613 206 892
1483 609 589 212 860
1484 616 573 183 816
1485 603 555 210 826
1486 614 541 201 818
1487 625 567 229 824
1488 643 596 190 862
1489 622 581 198 830
1490 625 543 208 809
1491 613 556 211 812
1492 602 540 208 789
1493 578 566 201 835
1494 597 538 210 777
1495 625 562 189 829
1496 598 561 212 819
1497 580 547 189 804
1498 625 552 175 816
1499 632 566 204 812
1500 592 588 187 834
1501 634 526 177 775
1502 612 542 173 784
1503 579 527 190 765
1504 553 509 192 741
1505 567 508 192 749
1506 550 529 194 752
1507 619 496 164 749
1508 557 527 195 792
1509 558 526 200 759
1510 542 536 167 763
1511 554 551 155 800
1512 566 504 151 711
1513 589 477 163 710
1514 584 509 181 736
1515 514 550 182 759
1516 491 493 150 720
1517 547 435 166 653
1518 535 494 145 716
1519 478 470 188 694
1520 512 474 171 676
1521 554 498 152 713
1522 496 518 187 726
1523 487 484 183 673
1524 456 465 153 694
1525 536 435 162 647
1526 465 487 177 722
1527 503 436 130 638
1528 528 447 181 685
1529 489 476 171 706
1530 491 451 161 676
1531 479 485 160 674
1532 474 454 144 680
1533 492 467 151 654
1534 490 442 158 651
1535 504 447 142 656
1536 489 450 167 657
1537 534 454 140 674
1538 519 485 157 717
1539 527 472 153 692
1540 467 477 168 684
1541 451 412 157 625
1542 477 453 143 664
1543 453 451 169 658
1544 482 438 142 617
1545 458 461 162 662
1546 429 446 152 652
1547 491 440 157 621
1548 480 471 151 662
1549 504 434 166 617
1550 491 450 171 663
1551 525 447 161 631
1552 518 489 163 675
1553 488 446 154 670
1554 492 418 140 638
1555 423 452 154 642
1556 445 378 141 578
1557 456 412 143 604
1558 463 425 143 632
1559 429 436 153 633
1560 438 409 157 577
1561 433 406 159 596
1562 446 406 124 601
1563 452 416 154 620
1564 415 462 136 666
1565 408 422 112 621
1566 398 384 136 565
1567 407 391 144 573
1568 431 387 131 567
1569 412 421 144 617
1570 435 432 117 601
1571 408 402 105 587
1572 391 360 150 533
1573 355 371 110 544
1574 364 333 113 499
1575 384 340 105 522
1576 414 351 129 504
1577 367 374 126 551
1578 350 345 109 504
1579 358 319 137 475
1580 367 335 104 509
1581 405 332 118 490
1582 343 357 111 546
1583 404 339 105 502
1584 385 386 112 542
1585 387 352 122 510
1586 374 363 134 496
1587 363 335 112 511
1588 361 333 112 495
1589 365 327 138 478
1590 347 321 130 483
1591 342 328 122 481
1592 361 334 113 476
1593 346 348 128 496
1594 375 343 91 522
1595 350 342 124 496
1596 347 301 121 454
1597 374 308 113 457
1598 351 309 130 478
1599 337 316 128 460
1600 318 303 110 442
1601 353 298 101 459
1602 348 328 113 477
1603 342 320 111 461
1604 354 311 108 457
1605 325 330 85 452
1606 352 278 111 417
1607 326 286 122 449
1608 328 295 90 424
1609 336 298 95 453
1610 316 300 115 445
1611 307 271 103 407
1612 321 275 119 409
1613 371 291 101 435
1614 362 351 122 483
1615 341 325 103 461
1616 294 275 120 432
1617 307 281 100 414
1618 344 291 113 440
1619 358 338 116 493
1620 355 346 101 487
1621 328 313 104 440
1622 324 280 104 424
1623 350 298 105 428
1624 309 320 106 467
1625 323 291 96 404
1626 271 286 95 419
1627 285 252 86 383
1628 286 247 101 369
1629 316 253 89 372
1630 298 278 103 411
1631 301 275 93 392
1632 307 296 86 406
1633 342 250 105 365
1634 311 279 113 420
1635 303 277 88 410
1636 288 274 96 408
1637 282 279 91 403
1638 270 260 103 385
1639 289 252 85 372
1640 284 260 97 389
1641 282 262 84 361
1642 297 240 101 373
1643 296 253 78 393
1644 303 266 93 395
1645 299 263 110 384
1646 284 272 85 400
1647 302 269 82 373
1648 295 256 101 361
1649 304 242 89 403
1650 297 287 91 387
1651 295 262 84 402
1652 293 264 98 389
1653 291 280 97 386
1654 275 264 105 379
1655 246 242 88 379
1656 251 241 94 354
1657 256 255 78 368
1658 245 234 89 346
1659 248 221 105 326
1660 261 230 101 343
1661 257 265 105 353
1662 262 250 78 386
1663 271 273 94 396
1664 271 258 82 367
1665 251 242 81 356
1666 240 224 83 341
1667 238 227 68 326
1668 234 201 67 303
1669 232 198 82 300
1670 232 206 69 329
1671 257 211 81 317
1672 250 220 78 353
1673 204 245 89 336
1674 231 211 66 315
1675 240 233 71 333
1676 224 222 82 321
1677 220 209 79 303
1678 249 193 65 286
1679 226 213 94 323
1680 234 204 79 292
1681 231 210 79 312
1682 263 228 78 325
1683 269 253 86 346
1684 237 244 97 338
1685 250 221 75 325
1686 251 235 75 340
1687 243 243 65 346
1688 211 231 91 309
1689 193 202 79 273
1690 270 186 75 293
1691 277 250 85 346
1692 242 260 74 364
1693 209 227 62 321
1694 200 183 67 279
1695 208 186 74 272
1696 199 198 63 288
1697 209 168 75 263
1698 228 184 74 279
1699 236 217 90 290
1700 240 220 68 323
1701 213 223 76 320
1702 210 211 64 296
1703 228 204 63 295
1704 196 206 64 290
1705 201 171 68 258
1706 193 193 65 289
1707 196 192 78 274
1708 192 189 58 267
1709 190 178 65 269
1710 192 179 73 265
1711 227 181 56 266
1712 224 200 55 282
1713 209 176 71 280
1714 208 194 51 284
1715 199 193 54 273
1716 189 189 73 281
1717 191 197 52 276
1718 211 193 60 269
1719 234 208 64 296
1720 242 210 58 296
1721 231 221 79 327
1722 215 217 71 301
1723 217 207 73 302
1724 198 216 59 298
1725 199 185 74 259
1726 181 190 77 276
1727 202 194 53 287
1728 208 206 60 306
1729 216 211 64 312
1730 218 215 55 287
1731 203 188 75 280
1732 211 199 53 285
1733 203 196 54 291
1734 172 183 55 269
1735 185 175 53 252
1736 200 182 63 265
1737 168 195 61 276
1738 167 167 55 238
1739 168 157 59 238
1740 164 158 42 244
1741 169 147 55 218
1742 151 172 52 239
1743 169 149 53 218
1744 161 173 58 255
1745 183 179 55 240
1746 195 175 48 246
1747 188 180 63 250
1748 172 165 48 235
1749 174 160 47 236
1750 165 164 44 238
1751 147 161 39 226
1752 167 141 47 224
1753 161 156 50 211
1754 171 158 60 233
1755 159 166 46 235
1756 181 144 42 220
1757 188 157 44 227
1758 173 170 59 239
1759 171 150 51 218
1760 151 158 51 226
1761 140 148 57 232
1762 151 134 55 197
1763 133 148 44 213
1764 166 118 31 185
1765 151 142 61 198
1766 151 138 43 197
1767 137 137 45 200
1768 135 123 44 173
1769 149 115 59 183
1770 129 150 43 214
1771 142 110 45 177
1772 141 123 40 191
1773 175 132 45 200
1774 168 154 47 219
1775 180 145 45 222
1776 166 156 37 218
1777 161 139 55 207
1778 154 149 54 221
1779 144 139 46 188
1780 142 139 50 219
1781 157 151 44 201
1782 152 146 53 211
1783 148 145 56 201
1784 134 133 42 194
1785 137 107 38 176
1786 129 120 50 189
1787 143 133 53 192
1788 173 152 45 210
1789 160 164 45 224
1790 163 142 44 204
1791 163 134 52 207
1792 149 154 32 210
1793 126 138 35 202
1794 128 116 40 176
1795 137 113 44 160
1796 132 138 35 196
1797 161 124 32 173
1798 144 147 46 212
1799 127 139 49 177
1800 152 106 45 164
1801 136 125 58 168
1802 139 117 31 181
1803 132 125 41 173
1804 138 111 32 178
1805 133 137 42 194
1806 125 125 29 176
1807 131 123 40 176
1808 137 121 38 167
1809 135 108 37 154
1810 124 108 43 179
1811 135 125 39 176
1812 130 124 56 168
1813 113 128 31 171
1814 122 106 35 159
1815 140 112 23 165
1816 113 117 35 167
1817 107 94 29 149
1818 118 91 38 132
1819 116 100 26 146
1820 110 98 40 151
1821 118 100 43 146
1822 117 104 34 160
1823 123 101 38 151
1824 117 104 51 148
1825 107 106 40 150
1826 93 100 35 162
1827 115 114 38 152
1828 136 111 25 151
1829 125 119 45 174
1830 95 118 47 157
1831 103 101 33 155
1832 116 116 32 166
1833 116 119 27 162
1834 116 94 39 135
1835 106 86 33 144
1836 110 93 33 142
1837 105 95 34 143
1838 93 87 28 123
1839 99 75 35 124
1840 118 87 29 141
1841 104 98 34 140
1842 93 84 41 125
1843 112 79 42 123
1844 119 103 31 156
1845 114 110 36 147
1846 103 102 34 148
1847 93 88 35 126
1848 90 77 28 123
1849 95 73 41 122
1850 101 93 35 138
1851 100 100 33 136
1852 114 97 37 137
1853 101 103 39 143
1854 101 95 29 142
1855 95 95 33 132
1856 110 83 29 121
1857 95 90 29 157
1858 101 98 33 134
1859 93 98 39 142
1860 117 104 25 149
1861 107 117 43 161
1862 102 116 42 157
1863 107 106 32 148
1864 106 110 28 151
1865 85 87 36 134
1866 104 89 37 132
1867 105 97 36 129
1868 114 95 33 135
1869 100 101 31 139
1870 115 82 41 121
1871 101 103 30 152
1872 102 101 30 143
1873 90 93 26 131
1874 103 81 34 121
1875 119 101 29 141
1876 105 117 30 160
1877 115 102 35 147
1878 100 102 33 152
1879 93 93 31 143
1880 78 87 32 117
1881 92 75 22 108
1882 68 76 27 119
1883 72 63 23 99
1884 76 72 23 100
1885 84 72 20 112
1886 87 77 27 101
1887 81 67 26 109
1888 94 74 28 111
1889 89 87 18 123
1890 68 67 29 102
1891 73 56 23 91
1892 76 66 25 90
1893 75 61 15 98
1894 82 58 20 81
1895 84 55 20 96
1896 74 83 30 109
1897 70 77 26 108
1898 75 65 30 103
1899 71 78 24 117
1900 83 74 16 100
1901 81 71 21 96
1902 61 62 19 104
1903 61 45 20 83
1904 66 51 12 72
1905 67 51 19 89
1906 78 55 22 81
1907 70 70 23 95
1908 61 62 14 91
1909 60 54 30 80
1910 59 58 16 78
1911 65 46 23 67
1912 67 52 22 74
1913 67 58 25 83
1914 70 55 22 81
1915 60 67 21 100
1916 57 57 13 79
1917 63 46 17 73
1918 69 50 25 82
1919 92 54 24 93
1920 79 86 30 121
1921 78 82 24 117
1922 74 78 19 110
1923 75 71 24 107
1924 73 70 20 106
1925 67 80 21 112
1926 73 71 19 93
1927 64 62 20 98
1928 60 57 16 80
1929 52 58 20 90
1930 53 56 24 80
1931 61 61 23 83
1932 58 69 20 92
1933 68 64 18 94
1934 79 71 20 101
1935 54 86 30 112
1936 55 61 19 88
1937 45 64 19 87
1938 66 44 19 64
1939 68 59 22 87
1940 60 59 23 86
1941 59 61 20 86
1942 69 59 17 81
1943 63 66 19 90
1944 67 61 20 82
1945 67 66 19 88
1946 77 55 32 80
1947 71 63 21 99
1948 62 71 22 101
1949 74 62 15 86
1950 96 63 22 90
1951 84 76 23 113
1952 64 64 23 105
1953 68 61 20 93
1954 51 59 20 85
1955 49 44 17 76
1956 59 45 12 73
1957 52 57 16 79
1958 60 45 16 67
1959 66 56 16 79
1960 70 60 18 83
1961 49 56 13 85
1962 39 49 16 76
1963 59 38 17 57
1964 69 59 21 78
1965 67 59 18 82
1966 48 53 12 80
1967 61 38 17 56
1968 56 41 23 62
1969 44 42 27 64
1970 41 47 12 63
1971 54 40 18 59
1972 44 44 19 75
1973 68 46 16 70
1974 70 71 21 100
1975 51 74 21 93
1976 56 53 14 80
1977 58 55 18 72
1978 49 49 22 68
1979 62 43 16 66
1980 54 43 26 79
1981 61 49 21 76
1982 57 66 13 100
1983 47 56 17 74
1984 36 43 14 67
1985 36 38 16 62
1986 39 44 23 67
1987 43 46 18 59
1988 48 42 13 62
1989 52 50 23 70
1990 73 55 11 78
1991 73 59 20 92
1992 73 70 18 88
1993 55 61 23 92
1994 51 52 13 76
1995 46 42 18 62
1996 36 35 14 51
1997 38 34 10 48
1998 46 37 16 50
1999 54 42 13 54
2000 48 50 14 70
2001 41 43 12 62
2002 46 34 15 51
2003 40 33 20 45
2004 46 35 19 53
2005 58 41 7 61
2006 41 46 20 72
2007 45 39 9 54
2008 36 36 21 60
2009 50 40 12 58
2010 63 47 20 75
2011 55 66 25 89
2012 53 60 15 76
2013 38 47 20 68
2014 50 36 21 60
2015 62 47 15 71
2016 51 55 16 88
2017 41 54 8 72
2018 55 41 11 60
2019 53 51 17 67
2020 38 48 16 68
2021 43 40 11 61
2022 48 37 18 63
2023 56 46 15 66
2024 55 56 7 77
2025 48 45 13 75
2026 44 47 11 69
2027 44 48 12 70
2028 54 49 11 68
2029 41 48 15 64
2030 42 42 12 60
2031 31 45 11 57
2032 20 29 8 43
2033 38 26 13 38
2034 43 33 18 48
2035 48 33 8 53
2036 48 33 17 56
2037 31 43 19 56
2038 23 35 12 60
2039 23 32 9 43
2040 29 26 14 39
2041 31 34 11 55
2042 36 32 14 38
2043 33 31 9 49
2044 32 29 10 48
2045 37 25 16 40
2046 37 27 9 43
2047 42 28 16 40
2048 38 38 9 53
2049 41 34 15 45
2050 37 37 12 55
2051 38 34 13 49
2052 27 39 16 55
2053 34 30 9 41
2054 40 36 12 46
2055 24 32 11 46
2056 37 24 9 37
2057 45 31 14 41
2058 46 39 18 53
2059 26 50 9 70
2060 29 23 7 36
2061 31 23 7 36
2062 27 25 16 38
2063 24 29 5 41
2064 30 20 9 32
2065 24 30 10 48
2066 28 28 8 41
2067 27 32 4 47
2068 18 25 9 41
2069 19 18 8 26
2070 23 14 5 21
2071 16 19 12 35
2072 29 21 9 30
2073 42 26 14 35
2074 41 34 8 45
2075 42 28 11 40
2076 40 31 7 44
2077 41 32 13 44
2078 40 35 13 46
2079 31 34 11 50
2080 37 29 14 36
2081 28 35 14 50
2082 31 30 7 39
2083 39 28 10 37
2084 20 31 19 47
2085 26 22 10 35
2086 28 19 13 33
2087 27 19 4 34
2088 36 24 10 39
2089 26 25 9 40
2090 33 27 12 32
2091 31 33 7 48
2092 38 33 11 47
2093 25 34 12 48
2094 17 24 8 36
2095 16 19 10 29
2096 18 19 4 31
2097 21 16 5 23
2098 24 19 9 25
2099 23 19 7 31
2100 30 18 10 28
2101 27 23 14 37
2102 18 37 11 43
2103 21 25 7 36
2104 31 20 15 28
2105 28 28 10 41
2106 33 27 8 38
2107 32 23 12 36
2108 24 30 13 51
2109 22 26 9 41
2110 26 23 8 36
2111 31 24 7 43
2112 35 25 7 36
2113 30 23 14 36
2114 32 27 10 43
2115 30 28 14 36
2116 23 20 11 38
2117 26 31 11 40
2118 26 33 8 41
2119 25 28 8 46
2120 32 31 8 41
2121 35 42 6 53
2122 22 32 6 52
2123 26 24 4 33
2124 36 23 8 34
2125 21 25 11 43
2126 20 23 9 29
2127 26 17 7 25
2128 33 20 7 36
2129 24 26 4 37
2130 19 14 9 23
2131 20 14 9 22
2132 26 12 11 22
2133 32 26 8 35
2134 23 25 4 38
2135 27 16 7 27
2136 28 15 9 27
2137 40 19 9 33
2138 29 39 11 46
2139 25 26 14 33
2140 24 26 5 39
2141 27 27 6 37
2142 17 19 8 36
2143 16 10 4 17
2144 16 12 6 21
2145 22 17 15 29
2146 16 28 4 34
2147 19 13 12 24
2148 24 20 2 33
2149 25 24 0 36
2150 22 20 12 31
2151 19 23 8 28
2152 17 20 5 26
2153 21 14 2 17
2154 14 12 19 20
2155 11 22 4 29
2156 14 19 7 27
2157 22 16 9 23
2158 18 21 9 29
2159 17 16 6 26
2160 23 14 8 21
2161 20 18 7 29
2162 28 19 7 29
2163 26 24 4 29
2164 26 18 9 26
2165 26 25 11 31
2166 24 24 4 33
2167 22 21 12 28
2168 25 25 4 34
2169 18 22 4 27
2170 26 14 7 29
2171 22 24 5 31
2172 17 21 8 28
2173 19 11 11 17
2174 25 21 7 30
2175 30 28 8 36
2176 34 32 3 39
2177 24 28 7 36
2178 19 18 4 30
2179 16 13 4 23
2180 17 15 8 19
2181 17 16 6 23
2182 16 17 2 24
2183 22 12 6 22
2184 15 20 5 35
2185 13 16 5 25
2186 15 13 7 19
2187 18 16 3 22
2188 18 18 6 24
2189 21 17 7 28
2190 12 20 6 27
2191 23 17 5 30
2192 19 22 7 30
2193 14 16 6 26
2194 20 14 6 20
2195 16 22 1 32
2196 10 12 5 21
2197 10 10 1 18
2198 10 12 4 14
2199 15 10 5 13
2200 9 11 7 19
2201 15 11 3 16
2202 10 12 8 17
2203 11 9 4 16
2204 18 12 6 21
2205 14 19 5 24
2206 17 17 2 22
2207 23 18 10 27
2208 21 18 4 25
2209 18 19 5 27
2210 13 17 4 24
2211 14 12 9 20
2212 12 19 6 25
2213 22 14 6 20
2214 25 17 6 23
2215 24 19 6 31
2216 26 19 4 24
2217 23 17 5 30
2218 17 20 6 33
2219 18 16 9 17
2220 27 13 3 19
2221 17 21 9 32
2222 25 19 5 24
2223 12 17 9 25
2224 22 11 2 20
2225 23 18 5 24
2226 15 17 10 29
2227 17 21 4 25
2228 17 21 9 27
2229 22 18 3 23
2230 19 13 5 17
2231 14 14 8 19
2232 14 12 5 23
2233 14 19 2 26
2234 12 11 4 21
2235 14 12 4 19
2236 19 15 1 20
2237 13 18 5 21
2238 4 9 6 16
2239 11 7 1 11
2240 12 13 6 18
2241 16 15 1 21
2242 18 13 4 20
2243 13 13 6 20
2244 13 14 3 15
2245 13 10 5 14
2246 10 9 1 14
2247 8 7 3 14
2248 13 9 7 13
2249 7 15 5 21
2250 6 9 6 11
2251 12 9 1 13
2252 10 14 5 16
2253 11 6 4 11
2254 18 8 4 13
2255 10 14 4 21
2256 12 9 3 15
2257 10 12 4 18
2258 16 9 6 11
2259 20 13 4 19
2260 25 14 5 20
2261 21 22 7 29
2262 12 19 3 24
2263 10 9 2 14
2264 11 6 7 8
2265 9 9 7 15
2266 11 13 4 15
2267 9 12 3 19
2268 9 10 2 14
2269 8 10 3 14
2270 5 8 5 10
2271 4 7 2 10
2272 7 5 2 7
2273 15 6 1 7
2274 12 10 6 15
2275 11 9 4 14
2276 11 10 2 16
2277 9 11 3 14
2278 14 11 4 16
2279 8 13 2 20
2280 10 9 3 11
2281 15 5 3 8
2282 21 8 5 13
2283 10 15 1 22
2284 7 7 5 10
2285 7 6 3 8
2286 8 6 2 12
2287 7 6 4 9
2288 9 3 2 7
2289 9 10 3 14
2290 10 11 6 16
2291 5 14 3 19
2292 4 6 1 8
2293 3 5 3 11
2294 1 6 1 7
2295 8 4 3 7
2296 6 9 4 11
2297 8 4 0 8
2298 6 5 2 13
2299 7 9 1 12
2300 4 7 1 9
2301 8 4 3 4
2302 6 9 3 11
2303 11 5 4 7
2304 7 12 7 15
2305 8 8 2 9
2306 17 6 3 9
2307 11 13 8 18
2308 13 10 2 16
2309 9 12 5 18
2310 5 9 1 13
2311 5 4 0 7
2312 6 2 2 4
2313 3 5 2 6
2314 5 3 2 3
2315 8 4 2 5
2316 7 9 1 13
2317 6 9 0 12
2318 11 6 2 8
2319 13 6 2 11
2320 13 10 7 15
2321 5 15 3 22
2322 14 13 1 15
2323 11 12 2 15
2324 12 7 3 13
2325 12 14 3 19
2326 7 12 3 15
2327 6 8 2 8
2328 13 4 2 9
2329 6 10 2 16
2330 5 7 4 8
2331 5 7 4 10
2332 13 6 3 11
2333 13 12 2 14
2334 11 10 2 15
2335 8 10 5 13
2336 9 6 1 12
2337 5 7 3 10
2338 4 6 1 7
2339 4 5 3 5
2340 7 4 3 5
2341 6 6 3 9
2342 8 6 4 8
2343 8 9 3 12
2344 4 12 2 16
2345 2 10 2 12
2346 4 4 3 5
2347 7 6 1 11
2348 10 8 1 12
2349 10 11 2 15
2350 4 11 0 18
2351 4 9 3 12
2352 10 7 3 12
2353 7 12 1 15
2354 7 6 1 8
2355 7 4 1 7
2356 3 8 1 12
2357 2 4 1 6
2358 8 3 1 4
2359 12 6 4 6
2360 10 11 3 14
2361 6 7 1 10
2362 8 6 0 10
2363 7 4 6 7
2364 6 6 3 9
2365 8 4 3 7
2366 9 9 1 12
2367 6 4 1 9
2368 6 3 2 6
2369 10 3 2 6
2370 5 7 2 10
2371 6 4 1 10
2372 3 6 1 10
2373 3 3 1 4
2374 2 1 1 3
2375 4 2 1 5
2376 2 3 1 5
2377 1 0 0 1
2378 1 0 2 1
2379 9 1 5 3
2380 14 7 3 8
2381 15 12 2 17
2382 21 14 4 18
2383 11 20 1 24
2384 6 13 1 16
2385 8 7 3 10
2386 5 7 3 8
2387 6 3 1 3
2388 5 2 2 4
2389 7 3 2 5
2390 15 3 5 6
2391 8 11 1 17
2392 6 7 1 10
2393 5 4 1 7
2394 4 5 1 6
2395 3 1 4 2
2396 5 2 5 2
2397 8 6 4 8
2398 10 9 4 14
2399 7 11 3 14
2400 8 7 2 13
2401 8 8 3 10
2402 6 5 3 8
2403 4 3 6 6
2404 3 4 2 7
2405 3 5 1 8
2406 9 4 2 5
2407 8 10 2 12
2408 3 8 1 14
2409 7 5 3 9
2410 7 4 0 7
2411 7 5 1 9
2412 8 5 1 9
2413 8 5 0 10
2414 8 8 3 12
2415 11 9 2 12
2416 7 7 5 11
2417 7 6 0 10
2418 3 6 2 11
2419 1 3 2 5
2420 2 3 2 6
2421 2 4 0 5
2422 3 3 1 3
2423 6 4 0 4
2424 4 2 2 6
2425 9 2 1 4
2426 10 5 2 8
2427 5 8 1 13
2428 3 4 2 7
2429 1 4 1 6
2430 5 2 1 5
2431 7 4 0 5
2432 7 4 1 10
2433 6 6 1 9
2434 6 2 1 5
2435 9 5 0 10
2436 6 8 2 11
2437 11 4 3 5
2438 10 10 0 12
2439 6 7 3 9
2440 6 4 1 6
2441 15 4 0 8
2442 9 12 5 18
2443 1 8 5 10
2444 3 4 1 7
2445 8 4 4 6
2446 10 8 3 9
2447 6 11 4 14
2448 13 8 3 11
2449 11 14 1 17
2450 13 6 2 10
2451 10 7 5 11
2452 6 10 2 15
2453 6 7 3 9
2454 2 7 0 11
2455 7 1 3 3
2456 2 8 1 11
2457 5 5 1 6
2458 3 5 0 10
2459 4 6 0 8
2460 4 4 0 7
2461 9 5 3 5
2462 9 8 2 9
2463 8 5 1 7
2464 6 5 0 7
2465 4 3 2 8
2466 0 3 3 5
2467 1 3 1 6
2468 2 3 1 3
2469 9 1 2 1
2470 12 7 2 8
2471 11 9 3 11
2472 6 8 1 15
2473 8 5 1 8
2474 5 5 2 6
2475 5 0 2 3
2476 3 5 0 10
2477 2 3 0 4
2478 3 3 2 4
2479 3 5 1 6
2480 2 5 0 6
2481 3 2 0 4
2482 5 1 0 3
2483 4 4 1 5
2484 5 1 4 2
2485 13 3 3 5
2486 19 10 2 15
2487 19 14 0 18
2488 13 12 2 20
2489 8 10 2 14
2490 2 7 0 13
2491 4 3 1 5
2492 4 5 0 9
2493 4 6 0 7
2494 5 7 2 9
2495 3 4 4 4
2496 4 5 0 8
2497 4 5 2 8
2498 3 7 1 10
2499 7 5 0 8
2500 7 8 2 10
2501 7 4 1 6
2502 8 3 3 9
2503 8 6 1 7
2504 6 4 4 7
2505 4 4 1 8
2506 0 4 1 8
2507 4 1 0 1
2508 2 2 1 3
2509 2 1 0 3
2510 1 2 1 3
2511 1 2 1 2
2512 2 1 2 1
2513 2 3 0 3
2514 3 2 0 3
2515 4 2 1 5
2516 7 2 0 7
2517 7 6 1 8
2518 5 5 2 7
2519 2 5 1 7
2520 7 2 3 2
2521 3 7 1 9
2522 3 4 0 5
2523 2 3 1 4
2524 1 1 1 2
2525 1 2 2 4
2526 2 2 2 4
2527 3 1 2 3
2528 4 4 0 6
2529 5 5 2 7
2530 7 7 1 8
2531 6 3 0 6
2532 3 3 4 7
2533 5 4 0 6
2534 10 4 1 5
2535 8 5 4 6
2536 10 5 0 9
2537 5 6 3 8
2538 2 1 1 6
2539 1 3 4 4
2540 3 4 0 4
2541 9 4 1 6
2542 8 8 1 8
2543 4 7 1 7
2544 5 2 1 2
2545 7 3 1 4
2546 7 4 5 6
2547 4 6 2 8
2548 3 5 1 9
2549 1 5 3 6
2550 2 3 1 4
2551 0 5 3 6
2552 0 3 1 4
2553 1 3 0 4
2554 3 1 0 3
2555 0 2 1 3
2556 1 0 1 1
2557 7 2 0 2
2558 1 6 1 8
2559 0 1 1 1
2560 0 0 0 1
2561 1 1 0 1
2562 0 1 0 2
2563 1 1 0 1
2564 1 0 1 1
2565 0 1 0 2
2567 0 0 1 0
2568 0 1 0 1
2569 1 0 0 2
2570 1 1 1 1
2571 2 1 0 3
2572 0 3 1 3
2573 2 1 0 2
2574 4 2 0 4
2575 2 4 2 4
2576 1 1 0 1
2577 1 0 1 0
2578 2 0 0 2
2579 2 0 1 2
2580 0 2 0 3
2581 1 1 0 2
2582 3 2 2 2
2583 2 2 0 2
2584 2 1 3 1
2585 1 1 1 3
2586 4 2 1 4
2587 3 4 0 6
2588 0 3 0 5
2589 0 1 0 3
2590 3 2 0 2
2591 4 5 1 6
2592 7 5 0 6
2593 3 4 2 6
2594 6 4 0 4
2595 7 6 1 7
2596 1 6 2 6
2597 1 2 0 3
2598 3 1 1 1
2599 1 2 0 4
2600 2 2 0 2
2601 1 1 0 2
2602 1 0 1 1
2603 3 2 0 3
2604 1 4 0 5
2605 4 1 0 1
2606 2 3 1 3
2607 2 2 0 3
2608 2 3 0 3
2609 2 1 0 1
2610 0 0 0 2
2612 1 0 0 0
2613 0 1 0 2
2614 1 1 0 1
2615 0 1 0 2
2616 4 0 0 0
2617 3 2 0 4
2618 0 0 0 3
2622 1 0 1 0
2623 1 0 0 0
2624 1 0 1 0
2625 1 1 0 1
2626 0 1 0 2
2627 1 0 0 0
2628 0 0 1 1
2629 1 1 0 2
2630 0 1 0 1
2631 2 0 0 0
2632 2 0 1 2
2633 0 2 1 3
2634 1 2 0 3
2635 2 3 0 3
2636 1 2 0 2
2637 4 0 0 0
2638 1 1 2 1
2639 1 0 0 1
2640 1 1 0 1
2641 1 1 2 1
2642 3 2 1 2
2643 7 4 2 4
2644 1 6 1 8
2645 3 3 3 3
2646 4 1 0 3
2647 4 3 1 4
2648 0 4 0 7
2649 0 3 2 5
2650 1 1 2 2
2651 0 3 0 5
2652 5 1 1 2
2653 3 3 0 5
2654 2 3 2 4
2655 1 3 0 3
2656 2 1 0 1
2657 2 2 0 4
2658 4 1 0 1
2659 0 3 1 4
2660 2 0 1 0
2661 0 2 0 3
2662 2 1 0 1
2663 3 1 2 1
2664 1 4 0 6
2665 3 4 2 4
2666 1 5 0 5
2667 0 0 2 0
2668 1 0 0 2
2669 2 2 0 2
2670 2 0 0 3
2671 0 1 0 2
2674 1 0 1 0
2675 1 0 1 0
2676 0 1 1 2
2677 1 2 1 2
2678 1 1 0 2
2679 1 1 0 2
2680 0 0 1 0
2681 0 0 0 2
2682 2 0 1 1
2683 3 3 1 4
2684 1 4 0 5
2685 3 1 0 1
2686 0 2 0 4
2687 0 1 0 1
2700 0 0 0 1
2704 1 0 0 0
2705 1 1 0 1
2706 1 1 0 1
2707 2 0 0 0
2708 3 1 0 2
2709 5 2 1 3
2710 3 5 1 7
2711 2 5 0 5
2712 0 4 0 6
2713 1 0 1 1
2714 1 1 0 2
2715 0 2 0 2
2716 0 0 1 0
2717 1 0 0 0
2718 0 1 1 2
2719 0 1 0 1
2720 1 0 0 0
2721 1 1 0 1
2722 3 1 0 3
2723 2 4 0 4
2724 0 3 1 4
2725 3 0 0 0
2726 4 2 1 2
2727 1 2 0 4
2728 1 1 0 2
2729 1 1 1 2
2730 1 2 0 2
2731 1 1 0 2
2732 0 0 0 1
2734 1 0 1 1
2735 0 0 1 0
2736 0 0 1 0
2737 2 0 0 0
2738 1 0 1 0
2739 3 0 0 2
2740 0 3 0 3
2743 0 0 0 2
2744 2 1 0 1
2745 0 3 0 3
2746 0 1 0 1
2747 1 1 0 1
2748 2 0 0 2
2749 1 3 0 4
2750 1 3 0 3
2751 0 1 0 2
2752 0 1 0 1
2753 0 1 0 1
2754 0 1 0 1
2755 0 1 1 1
2757 0 0 0 1
2758 1 1 0 2
2759 1 2 0 2
2760 1 0 0 0
2761 1 0 0 0
2762 1 0 0 1
2763 1 1 1 1
2764 0 2 0 3
2765 3 1 0 2
2766 0 3 0 4
2767 0 0 1 0
2768 0 0 1 0
2769 0 1 0 1
2770 2 1 0 1
2771 2 1 0 1
2772 1 1 0 2
2773 0 0 0 1
2778 0 0 0 1
2780 0 0 1 0
2781 1 0 0 0
2782 1 1 0 2
2783 2 1 0 3
2784 2 1 1 1
2785 0 1 0 2
2786 0 0 0 1
2790 1 0 0 0
2791 1 1 0 1
2792 0 1 1 2
2793 2 0 0 1
2794 2 1 1 3
2795 1 0 0 1
2796 2 0 0 0
2797 1 1 1 1
2798 0 0 1 1
2801 1 0 0 0
2802 2 1 0 1
2803 1 1 1 2
2804 1 2 0 2
2805 0 1 0 2
2806 1 0 0 0
2807 1 0 1 1
2808 0 0 2 0
2809 1 0 0 0
2810 4 1 0 3
2811 4 4 1 4
2812 3 3 0 4
2813 2 3 0 3
2814 2 0 1 1
2815 3 1 1 1
2816 0 2 1 3
2817 1 0 0 1
2818 0 0 1 1
2823 0 0 0 1
2824 1 1 0 1
2825 0 1 0 1
2826 0 0 1 0
2827 1 1 0 1
2828 0 1 0 1
2829 1 0 0 1
2830 4 2 0 2
2831 3 5 0 5
2832 4 3 1 3
2833 4 3 0 3
2834 4 1 0 1
2835 1 0 0 3
2836 0 0 0 1
2837 1 0 0 0
2838 4 1 0 1
2839 3 3 0 4
2840 0 2 1 2
2845 1 0 0 0
2846 1 0 0 0
2847 1 0 1 1
2848 1 2 0 2
2849 1 1 1 1
2850 1 0 0 0
2851 1 0 0 1
2852 3 1 1 1
2853 3 2 1 3
2854 2 2 1 3
2855 0 2 1 2
2858 1 0 1 0
2859 0 1 0 2
2860 0 1 0 1
2865 0 0 0 1
2867 1 0 0 0
2868 1 0 0 0
2869 1 0 0 1
2870 1 0 0 0
2871 0 0 0 1
2880 0 0 1 0
2881 1 1 0 1
2882 2 1 1 1
2883 2 3 1 3
2884 0 3 0 4
2885 0 1 0 2
2886 1 0 0 0
2887 1 0 1 1
2888 1 2 1 3
2889 4 2 0 3
2890 1 4 0 5
2891 0 1 0 2
2894 1 0 0 0
2895 0 0 2 0
2896 0 1 0 1
2898 0 0 0 1
2899 1 1 0 1
2900 0 1 0 2
2901 1 1 0 2
2902 1 1 0 1
2903 0 1 1 2
2904 0 1 0 1
2905 1 0 0 0
2906 0 0 1 0
2907 0 0 0 1
2908 0 0 0 1
2909 0 1 0 1
2914 0 0 0 1
2915 0 1 0 1
2951 0 0 0 1
3055 0 0 0 1
3056 1 1 0 1
3057 0 2 0 2
3058 0 1 0 1
3059 0 1 0 1
3060 0 1 0 1
3065 1 0 0 0
3066 0 1 0 2
3090 0 0 1 0
3092 0 0 1 0
3093 1 0 0 1
3094 3 1 1 1
3095 1 3 0 3
3096 0 0 0 1
3098 1 0 0 0
3099 2 1 0 1
3100 3 1 0 2
3101 3 2 0 3
3102 0 2 1 3
3104 0 0 0 1
3114 1 0 0 0
3115 0 1 1 1
3117 0 0 0 1
3171 0 0 1 0
3172 0 1 0 1
3173 1 0 0 0
3174 0 0 0 1
