-140 1
-139 0
-138 0
-137 0
-136 0
-135 0
-134 0
-133 0
-132 0
-131 0
-130 0
-129 0
-128 0
-127 1
-126 1
-125 0
-124 1
-123 0
-122 0
-121 1
-120 0
-119 1
-118 1
-117 1
-116 1
-115 1
-114 0
-113 1
-112 5
-111 6
-110 6
-109 3
-108 3
-107 5
-106 13
-105 8
-104 6
-103 6
-102 8
-101 3
-100 7
-99 13
-98 11
-97 13
-96 13
-95 14
-94 8
-93 24
-92 28
-91 20
-90 24
-89 27
-88 33
-87 43
-86 43
-85 58
-84 60
-83 74
-82 65
-81 98
-80 89
-79 107
-78 120
-77 145
-76 167
-75 186
-74 207
-73 232
-72 274
-71 332
-70 366
-69 387
-68 412
-67 475
-66 567
-65 620
-64 718
-63 789
-62 869
-61 1062
-60 1194
-59 1373
-58 1518
-57 1701
-56 2039
-55 2330
-54 2612
-53 2961
-52 3372
-51 3838
-50 4263
-49 4902
-48 5677
-47 6529
-46 7388
-45 8435
-44 9572
-43 11240
-42 12701
-41 14426
-40 16714
-39 19103
-38 22278
-37 25559
-36 29159
-35 34013
-34 39202
-33 45037
-32 52447
-31 60800
-30 70204
-29 81754
-28 94961
-27 111315
-26 129776
-25 151741
-24 177844
-23 210084
-22 246138
-21 290055
-20 345422
-19 410873
-18 489209
-17 587623
-16 705349
-15 856784
-14 1039607
-13 1276461
-12 1577203
-11 1970031
-10 2484226
-9 3181996
-8 4144456
-7 5524484
-6 7571626
-5 10865262
-4 16677326
-3 29006961
-2 61954204
-1 245628110
0 0
1 267027913
2 47231958
3 24829644
4 15454771
5 10359975
6 7319808
7 5373267
8 4048629
9 3116146
10 2440545
11 1934630
12 1552504
13 1257800
14 1026101
15 842125
16 695919
17 578196
18 483727
19 404855
20 340557
21 288453
22 243184
23 207010
24 176003
25 150319
26 127892
27 109877
28 93947
29 80663
30 69588
31 59865
32 51680
33 44657
34 38615
35 33191
36 29015
37 25091
38 21737
39 19016
40 16569
41 14452
42 12660
43 10955
44 9440
45 8284
46 7352
47 6385
48 5599
49 4940
50 4336
51 3637
52 3401
53 2855
54 2418
55 2202
56 1927
57 1773
58 1491
59 1341
60 1169
61 1041
62 870
63 759
64 691
65 622
66 554
67 480
68 412
69 347
70 368
71 309
72 227
73 221
74 184
75 177
76 147
77 166
78 118
79 105
80 96
81 77
82 72
83 82
84 54
85 43
86 56
87 40
88 28
89 41
90 25
91 25
92 26
93 22
94 17
95 15
96 9
97 17
98 18
99 11
100 9
101 10
102 7
103 5
104 5
105 3
106 6
107 7
108 6
109 2
110 2
111 1
112 1
113 1
114 0
115 3
116 3
117 0
118 1
119 1
120 0
121 0
122 0
123 1
124 0
125 0
126 1
127 0
128 1
