1 83017
2 35082
3 22685
4 15489
5 11291
6 8443
7 6747
8 5423
9 4627
10 3760
11 3192
12 2740
13 2254
14 2013
15 1655
16 1557
17 1393
18 1205
19 1082
20 965
21 868
22 773
23 692
24 612
25 587
26 521
27 441
28 461
29 396
30 336
31 315
32 270
33 291
34 227
35 234
36 212
37 170
38 168
39 132
40 157
41 143
42 110
43 102
44 85
45 103
46 82
47 86
48 74
49 65
50 56
51 52
52 67
53 51
54 50
55 44
56 33
57 41
58 33
59 42
60 33
61 38
62 23
63 20
64 29
65 29
66 21
67 17
68 13
69 20
70 9
71 20
72 10
73 14
74 6
75 5
76 12
77 13
78 14
79 4
80 10
81 8
82 5
83 8
84 9
85 3
86 7
87 6
88 2
89 5
90 1
91 6
92 2
93 5
94 2
95 3
96 2
97 6
98 4
99 1
100 1
101 1
102 0
103 4
104 1
105 1
106 2
107 2
108 1
109 3
110 3
111 2
112 3
113 2
114 0
115 0
116 1
117 0
118 0
119 1
120 1
121 2
122 0
123 1
124 1
125 0
126 0
127 0
128 0
129 0
130 1
131 0
132 0
133 0
134 0
135 1
136 0
137 0
138 0
139 0
140 0
141 0
142 0
143 0
144 0
145 0
146 0
147 0
148 0
149 0
150 0
151 0
152 0
153 0
154 0
155 0
156 0
157 0
158 0
159 0
160 0
161 0
162 0
163 0
164 0
165 0
166 0
167 1
