1 0.5131 0.4869
2 0.529 0.471
3 0.5264 0.4736
4 0.5215 0.4785
5 0.517 0.483
6 0.5134 0.4866
7 0.51 0.49
8 0.5071 0.4929
9 0.5047 0.4953
10 0.5023 0.4977
11 0.5003 0.4997
12 0.4983 0.5017
13 0.4963 0.5037
14 0.4949 0.5051
15 0.4933 0.5067
16 0.4919 0.5081
17 0.4906 0.5094
18 0.4892 0.5108
19 0.4881 0.5119
20 0.4869 0.5131
21 0.4857 0.5143
22 0.4845 0.5155
23 0.4835 0.5165
24 0.4826 0.5174
25 0.4814 0.5186
26 0.481 0.519
27 0.4798 0.5202
28 0.4792 0.5208
29 0.4785 0.5215
30 0.4771 0.5229
31 0.477 0.523
32 0.476 0.524
33 0.4754 0.5246
34 0.4749 0.5251
35 0.474 0.526
36 0.4734 0.5266
37 0.473 0.527
38 0.4722 0.5278
39 0.4716 0.5284
40 0.471 0.529
41 0.4705 0.5295
42 0.4699 0.5301
43 0.4699 0.5301
44 0.4689 0.5311
45 0.4686 0.5314
46 0.4682 0.5318
47 0.4682 0.5318
48 0.467 0.533
49 0.4674 0.5326
50 0.4669 0.5331
51 0.4663 0.5337
52 0.4654 0.5346
53 0.4656 0.5344
54 0.4653 0.5347
55 0.4643 0.5357
56 0.4645 0.5355
57 0.4638 0.5362
58 0.4636 0.5364
59 0.4638 0.5362
60 0.4635 0.5365
61 0.463 0.537
62 0.4624 0.5376
63 0.462 0.538
64 0.4623 0.5377
65 0.4611 0.5389
66 0.4623 0.5377
67 0.4608 0.5392
68 0.4613 0.5387
69 0.4616 0.5384
70 0.46 0.54
71 0.4608 0.5392
72 0.4591 0.5409
73 0.46 0.54
74 0.4607 0.5393
75 0.4593 0.5407
76 0.4602 0.5398
77 0.4585 0.5415
78 0.4588 0.5412
79 0.4585 0.5415
80 0.4579 0.5421
81 0.4595 0.5405
82 0.4595 0.5405
83 0.4583 0.5417
84 0.4585 0.5415
85 0.4591 0.5409
86 0.4572 0.5428
87 0.457 0.543
88 0.4546 0.5454
89 0.4588 0.5412
90 0.4579 0.5421
91 0.4558 0.5442
92 0.4564 0.5436
93 0.4555 0.5445
94 0.457 0.543
95 0.4566 0.5434
96 0.4574 0.5426
97 0.4568 0.5432
98 0.4563 0.5437
99 0.4543 0.5457
100 0.4521 0.5479
101 0.4544 0.5456
102 0.4567 0.5433
103 0.4546 0.5454
104 0.4543 0.5457
105 0.4569 0.5431
106 0.4542 0.5458
107 0.4582 0.5418
108 0.4551 0.5449
109 0.456 0.544
110 0.4543 0.5457
111 0.4523 0.5477
112 0.4541 0.5459
113 0.4537 0.5463
114 0.4563 0.5437
115 0.4555 0.5445
116 0.4551 0.5449
117 0.4508 0.5492
118 0.4543 0.5457
119 0.4581 0.5419
120 0.454 0.546
121 0.4516 0.5484
122 0.4551 0.5449
123 0.4566 0.5434
124 0.451 0.549
125 0.4537 0.5463
126 0.4512 0.5488
127 0.4479 0.5521
128 0.4538 0.5462
129 0.4491 0.5509
130 0.4524 0.5476
131 0.4498 0.5502
132 0.4494 0.5506
133 0.4503 0.5497
134 0.4439 0.5561
135 0.4582 0.5418
136 0.454 0.546
137 0.4503 0.5497
138 0.4511 0.5489
139 0.4488 0.5512
140 0.4476 0.5524
141 0.4433 0.5567
142 0.449 0.551
143 0.4526 0.5474
144 0.4471 0.5529
145 0.4493 0.5507
146 0.4467 0.5533
147 0.4533 0.5467
148 0.4475 0.5525
149 0.4468 0.5532
150 0.4522 0.5478
151 0.4438 0.5562
152 0.4456 0.5544
153 0.445 0.555
154 0.4587 0.5413
155 0.4499 0.5501
156 0.4511 0.5489
157 0.4563 0.5437
158 0.4462 0.5538
159 0.4436 0.5564
160 0.4548 0.5452
161 0.4512 0.5488
162 0.4426 0.5574
163 0.443 0.557
164 0.454 0.546
165 0.4455 0.5545
166 0.4418 0.5582
167 0.4548 0.5452
168 0.4374 0.5626
169 0.4422 0.5578
170 0.4354 0.5646
171 0.4462 0.5538
172 0.429 0.571
173 0.4501 0.5499
174 0.4584 0.5416
175 0.4629 0.5371
176 0.4362 0.5638
177 0.4422 0.5578
178 0.4622 0.5378
179 0.4501 0.5499
180 0.4553 0.5447
181 0.4575 0.5425
182 0.4516 0.5484
183 0.4392 0.5608
184 0.4681 0.5319
185 0.4672 0.5328
186 0.456 0.544
187 0.4632 0.5368
188 0.4345 0.5655
189 0.4463 0.5537
190 0.4305 0.5695
191 0.4093 0.5907
192 0.4382 0.5618
193 0.4125 0.5875
194 0.4882 0.5118
195 0.4545 0.5455
196 0.4689 0.5311
197 0.4315 0.5685
198 0.4293 0.5707
199 0.4788 0.5212
200 0.4467 0.5533
201 0.4633 0.5367
202 0.4861 0.5139
203 0.4421 0.5579
204 0.4338 0.5662
205 0.4883 0.5117
206 0.4298 0.5702
207 0.4275 0.5725
208 0.4344 0.5656
209 0.4493 0.5507
210 0.4543 0.5457
211 0.4897 0.5103
212 0.3645 0.6355
213 0.48 0.52
214 0.4632 0.5368
215 0.444 0.556
216 0.4728 0.5272
217 0.45 0.55
218 0.4545 0.5455
219 0.5152 0.4848
220 0.4905 0.5095
221 0.4084 0.5916
222 0.5479 0.4521
223 0.3989 0.6011
224 0.5028 0.4972
225 0.4103 0.5897
226 0.4351 0.5649
227 0.438 0.562
228 0.5082 0.4918
229 0.4444 0.5556
230 0.52 0.48
231 0.4356 0.5644
232 0.3953 0.6047
233 0.4796 0.5204
234 0.3474 0.6526
235 0.4 0.6
236 0.541 0.459
237 0.4143 0.5857
238 0.3846 0.6154
239 0.5 0.5
240 0.5114 0.4886
241 0.4 0.6
242 0.4921 0.5079
243 0.4706 0.5294
244 0.5424 0.4576
245 0.36 0.64
246 0.4694 0.5306
247 0.3091 0.6909
248 0.3784 0.6216
249 0.4444 0.5556
250 0.3103 0.6897
251 0.4583 0.5417
252 0.4375 0.5625
253 0.4 0.6
254 0.3438 0.6562
255 0.3333 0.6667
256 0.55 0.45
257 0.619 0.381
258 0.6071 0.3929
259 0.5652 0.4348
260 0.5714 0.4286
261 0.4167 0.5833
262 0.5 0.5
263 0.5 0.5
264 0.5 0.5
265 0.5385 0.4615
266 0.4483 0.5517
267 0.4 0.6
268 0.5333 0.4667
269 0.3158 0.6842
270 0.3846 0.6154
271 0.5714 0.4286
272 0.6875 0.3125
273 0.5294 0.4706
274 0.4 0.6
275 0.5455 0.4545
276 0.4 0.6
277 0.4167 0.5833
278 0.3333 0.6667
279 0.5 0.5
280 0.4286 0.5714
281 0.4444 0.5556
282 0.5 0.5
283 0.4167 0.5833
284 0.8 0.2
285 0.75 0.25
286 0.4 0.6
287 0.3333 0.6667
288 0.5556 0.4444
289 0.5 0.5
290 0.5556 0.4444
291 0.5714 0.4286
292 0.625 0.375
293 0.5 0.5
294 0.5 0.5
295 0.375 0.625
296 0.3333 0.6667
297 0.0 1.0
298 1.0 0.0
299 0.4 0.6
300 0.0 1.0
301 1.0 0.0
302 0.0 1.0
303 1.0 0.0
304 1.0 0.0
305 0.25 0.75
307 0.0 1.0
308 0.0 1.0
309 0.0 1.0
310 1.0 0.0
311 1.0 0.0
312 0.0 1.0
314 0.0 1.0
318 0.0 1.0
