1 2.1163370853838277 0.0
2 2.3452050761310512 0.0
3 2.688174995245935 -0.6666650476471065
4 3.0240260373587207 -0.8085598370975147
5 3.331793659808379 -0.9702654847309843
6 3.617431317209938 -1.083274576694406
7 3.8827927019124124 -1.211712702813996
8 4.132087855920882 -1.3070294679970798
9 4.362954787860801 -1.4134979455143164
10 4.584499522146025 -1.4966621817310917
11 4.788182074301116 -1.590117609062037
12 4.9845800084741905 -1.6681250296647487
13 5.167601110531025 -1.7517790682213763
14 5.341522040227955 -1.8230144996411
15 5.503322346430846 -1.9029059364160477
16 5.653504993753685 -1.970301762999953
17 5.802743985139862 -2.0462915228217526
18 5.937766377934179 -2.11046595719989
19 6.0753288581964195 -2.182364983204134
20 6.190891693362299 -2.2465838371593456
21 6.315384842853927 -2.313633324563389
22 6.41159712986224 -2.3765331910696035
23 6.518115926047633 -2.440762922988179
24 6.616071766509278 -2.501798560465881
25 6.711475646943966 -2.5652294480939903
26 6.794529962824067 -2.6216602106242175
27 6.878148564502381 -2.6851272375763515
28 6.951587613006095 -2.741884981500633
29 7.020037273611133 -2.803922949697877
30 7.089855571575401 -2.8555161531970237
31 7.1607006861791005 -2.916317754386777
32 7.210872590651652 -2.979527931182759
33 7.279608240901307 -3.0291847193021755
34 7.327992563847861 -3.08317978406305
35 7.3820368379631125 -3.1395639754407854
36 7.424734012308295 -3.1899623089123677
37 7.44856431070362 -3.2488959480463495
38 7.499966074759168 -3.303034220496031
39 7.548301200108765 -3.3560901586887377
40 7.566440337540016 -3.4023437994232473
41 7.617551767854628 -3.4604443486253107
42 7.643457831958997 -3.516500329651542
43 7.640873646614432 -3.566548244184572
44 7.701920540810107 -3.617398448186002
45 7.701839553335293 -3.6660578120136944
46 7.71780014768155 -3.719721516259412
47 7.791237250743373 -3.7738663003649706
48 7.791985998264012 -3.8234458229358546
49 7.798035967105461 -3.8711235009895195
50 7.8148809695293515 -3.9119288550725386
51 7.819413868312617 -3.972030500289778
52 7.843803940726266 -4.0167742059469305
53 7.857104715323835 -4.0666951014184125
54 7.850942825368789 -4.109450398180361
55 7.854584362425721 -4.165637321331814
56 7.84842189039993 -4.2163429441646345
57 7.882660683932341 -4.247163065641164
58 7.894460295929027 -4.308868147984842
59 7.936249958539255 -4.3541566944748356
60 7.8819166304513795 -4.386498549834203
61 7.924071504570145 -4.448136992360849
62 7.9230641607602665 -4.4948106077801375
63 7.901313056640968 -4.5508406441181535
64 7.910175023581021 -4.570550569936907
65 7.928117691675621 -4.597778165094732
66 7.89072908646604 -4.663131372565501
67 7.917062754627975 -4.722682418623641
68 7.9024199476054955 -4.775789379891857
69 7.971818864148111 -4.78832142139485
70 7.936003902977081 -4.837946088209798
71 7.918126295735978 -4.87615350752116
72 7.949961702331371 -4.950785667189861
73 7.94711684370258 -4.976385656701584
74 7.908422263232501 -5.01301934883599
75 7.9130836078609565 -5.078051169560389
76 7.8783905831351415 -5.057319587628866
77 7.948098655712025 -5.172033953715562
78 7.944619182900433 -5.212903120777508
79 7.933525646804291 -5.25651782522365
80 7.935712246645732 -5.298641690017832
81 7.907120179571697 -5.329040625632817
82 7.963019411104761 -5.359043848964677
83 7.857582198905522 -5.449866855932249
84 7.801309469760329 -5.4767093727404195
85 7.929359991859992 -5.468952092053957
86 7.9032283948966215 -5.532536228237899
87 7.860639175844503 -5.594978042262813
88 7.792742305925586 -5.666305151589845
89 7.923294013191273 -5.659943139308694
90 7.78813958179251 -5.697736644946013
91 7.735792801206983 -5.754067729347179
92 7.838092723226074 -5.780057651991615
93 7.845055821371611 -5.8630120581814165
94 7.88267492680443 -5.8686159882103786
95 7.844745612086203 -5.843021637613781
96 7.811592165682692 -5.939334338600057
97 7.786423183803096 -5.988450156032289
98 7.739080218395632 -6.063812728531688
99 7.711814584511023 -6.049187033439002
100 7.710267564507479 -6.1818035405118845
101 7.827487061529615 -6.137922660457409
102 7.774904790539186 -6.220171997585998
103 7.799930143206427 -6.32549056663202
104 7.757620488596944 -6.275026641800986
105 7.71996879875195 -6.226836497071484
106 7.7396322862560805 -6.3384096959767655
107 7.671607952563655 -6.385667635697503
108 7.692101863812511 -6.439309588360686
109 7.81025641025641 -6.496144297734912
110 7.73566187868141 -6.57613665374707
111 7.80210643015521 -6.6092739475289815
112 7.516548600627105 -6.5904910366328915
113 7.83640667829554 -6.68283060738062
114 7.748553798688778 -6.577672718835199
115 7.605941931127616 -6.8355831205156266
116 7.796989247311828 -6.712915436930579
117 7.5457719751024745 -6.754019346792949
118 7.383643724696356 -6.927196863422179
119 7.466443514644351 -6.8550867358533445
120 7.703550932568149 -6.7892935808684705
121 7.560161974546857 -6.7144937788689605
122 7.339253641987627 -7.00787193807995
123 7.794812800669316 -7.016129781992284
124 7.696018202502844 -6.977282656181739
125 7.549600376116596 -7.144101427614286
126 7.89778449144008 -7.156106620056806
127 7.646884272997033 -7.174008429074534
128 7.544627629334849 -7.19679861024941
129 7.797483890764038 -7.382145400401372
130 7.397672162948593 -7.263700970343037
131 7.528063766190634 -7.209050487664945
132 7.372746935832732 -7.269260165087129
133 7.487675388699279 -7.384671532846715
134 7.4245207667731625 -7.56531684174856
135 7.634328358208955 -7.368652209717266
136 7.644298245614035 -7.652985429959052
137 7.67953667953668 -7.622830506793613
138 7.35810162991371 -7.63386198928684
139 7.636507101525513 -7.527599051811717
140 7.375358166189112 -7.732415902140673
141 7.584423305588585 -7.644632145917493
142 7.4526588845654995 -7.749768058316766
143 7.278994845360825 -7.825666199158485
144 7.451846488052136 -7.729653743711157
145 7.567293777134587 -7.941785658245724
146 7.590797041906327 -7.718486700809516
147 7.427127211457456 -8.030168589174801
148 7.192552225249773 -8.009578191195432
149 7.3314500941619585 -7.881268582755204
150 7.937438905180841 -7.91628296358309
151 7.648979591836735 -8.22248597324126
152 7.4878318584070795 -8.32659228265923
153 7.959630911188005 -7.986754966887418
154 7.256020278833967 -8.329548455241616
155 7.053805774278215 -8.299539170506913
156 7.626886145404664 -8.444029850746269
157 7.873715124816447 -8.377661215674175
158 7.3467492260061915 -8.391883322764743
159 7.269035532994923 -7.959946146078761
160 8.030575539568344 -8.50809643756747
161 7.295169946332737 -8.04881769641495
162 6.395112016293279 -8.204065364687127
163 7.042826552462527 -8.851232762223152
164 8.174008810572687 -8.60643115942029
165 8.106728538283063 -8.641975308641975
166 8.022784810126582 -9.165917041479261
167 6.410187667560321 -8.151871657754011
168 6.7984496124031 -8.496735582154516
169 6.916666666666667 -8.45174659561871
170 7.4851190476190474 -8.907664453832227
171 7.869436201780416 -9.348202396804261
172 7.303754266211604 -9.167123287671233
173 6.9689922480620154 -9.064073226544622
174 7.264591439688716 -9.359741309620048
175 7.268656716417911 -10.03355155482815
176 7.898039215686275 -8.807973962571197
177 6.412322274881516 -9.065077910174152
178 7.064676616915423 -9.587128712871287
179 7.564102564102564 -9.034447821681864
180 6.743589743589744 -9.55614406779661
181 6.972527472527473 -8.417693169092946
182 7.90625 -8.583046964490263
183 7.80625 -9.247272727272728
184 5.886666666666667 -9.458950201884253
185 8.130434782608695 -10.413101604278076
186 6.197452229299363 -8.951590594744122
187 6.894736842105263 -8.665693430656935
188 8.166666666666666 -11.243684992570579
189 5.82258064516129 -9.674536256323778
190 6.92436974789916 -10.792642140468228
191 8.02127659574468 -9.382142857142858
192 9.731182795698924 -9.376782077393075
193 8.175 -12.11276595744681
194 6.781609195402299 -10.4
195 6.878048780487805 -8.55072463768116
196 7.627906976744186 -9.067708333333334
197 6.923076923076923 -10.314720812182742
198 4.971830985915493 -10.649546827794563
199 7.942028985507246 -11.335593220338984
200 8.956521739130435 -10.661490683229813
201 7.296875 -9.88
202 7.706666666666667 -10.053956834532373
203 6.120689655172414 -9.612456747404844
204 8.64 -10.586330935251798
205 6.472727272727273 -12.679166666666667
206 5.818181818181818 -11.06439393939394
207 6.3061224489795915 -8.843881856540085
208 7.358974358974359 -8.246376811594203
209 6.235294117647059 -10.710526315789474
210 6.689655172413793 -11.427745664739884
211 5.92 -11.6878612716763
212 6.481481481481482 -10.088235294117647
213 5.948717948717949 -10.192307692307692
214 7.2 -7.184931506849315
215 6.40625 -9.422818791946309
216 9.32 -10.76984126984127
217 7.166666666666667 -10.62809917355372
218 6.333333333333333 -13.956140350877194
219 6.8076923076923075 -11.510416666666666
220 7.620689655172414 -11.25233644859813
221 4.882352941176471 -11.327433628318584
222 8.92 -7.7176470588235295
223 8.11111111111111 -10.938053097345133
224 8.105263157894736 -11.865168539325843
225 5.4375 -12.282608695652174
226 4.363636363636363 -9.297297297297296
227 5.666666666666667 -6.12987012987013
228 5.363636363636363 -10.4
229 6.153846153846154 -14.461538461538462
230 4.333333333333333 -9.0625
231 6.882352941176471 -10.807017543859649
232 9.25 -6.769230769230769
233 3.9 -9.058823529411764
234 7.923076923076923 -8.258064516129032
235 6.5 -10.422222222222222
236 15.6 -6.642857142857143
237 5.4 -8.365853658536585
238 5.0 -13.25
239 2.8 -9.363636363636363
240 4.181818181818182 -12.720930232558139
241 8.222222222222221 -9.9375
242 5.285714285714286 -7.53125
243 3.5 -2.4722222222222223
244 6.818181818181818 -6.7407407407407405
245 8.8 -3.625
246 3.8 -9.307692307692308
247 5.333333333333333 -8.842105263157896
248 6.5 -6.130434782608695
249 4.2 -10.4
250 11.333333333333334 -11.0
251 14.0 -20.615384615384617
252 5.0 -14.166666666666666
253 3.0 -17.666666666666668
254 7.0 -10.238095238095237
255 16.0 -8.375
256 18.0 -8.555555555555555
257 2.0 -6.5
258 5.666666666666667 -10.090909090909092
259 14.0 -13.9
260 5.666666666666667 -20.444444444444443
261 2.0 -9.714285714285714
262 18.0 -17.333333333333332
263 6.0 -11.375
264 4.75 -17.444444444444443
265 14.0 -17.0
266 3.3333333333333335 -28.125
267 0 -10.333333333333334
268 6.5 -17.571428571428573
269 3.0 0.0
270 3.0 -4.5
271 4.75 -0.8333333333333334
272 2.0 -34.4
273 4.0 -15.5
274 4.0 -7.555555555555555
275 9.0 -5.8
276 0 -2.5
277 17.0 -17.285714285714285
278 3.0 -7.25
279 0 -26.666666666666668
280 2.0 -34.75
281 10.0 -30.4
282 0 -1.0
283 4.5 -9.142857142857142
284 11.5 0.0
285 4.0 -3.0
286 5.0 -0.6666666666666666
287 0 -2.0
288 2.5 -32.5
289 0 -1.2
290 5.666666666666667 -36.0
291 4.0 -0.6666666666666666
292 7.0 -8.333333333333334
293 2.0 -15.666666666666666
294 0 -8.6
295 14.5 -1.0
296 11.0 0.0
297 0 0.0
298 0 0
299 0 -9.0
300 0 -3.6666666666666665
301 2.0 0
302 0 -52.0
303 0 0
304 0 0
305 5.0 -39.666666666666664
307 0 -13.0
308 0 -4.0
309 0 0.0
310 0 0
311 0 0
312 0 -3.0
314 0 -146.0
318 0 -4.0
