1 0.5248 0.4752
2 0.533 0.467
3 0.5278 0.4722
4 0.5207 0.4793
5 0.5145 0.4855
6 0.5093 0.4907
7 0.5049 0.4951
8 0.5009 0.4991
9 0.4973 0.5027
10 0.4944 0.5056
11 0.4914 0.5086
12 0.489 0.511
13 0.4867 0.5133
14 0.4846 0.5154
15 0.4823 0.5177
16 0.4809 0.5191
17 0.4789 0.5211
18 0.4775 0.5225
19 0.4759 0.5241
20 0.4746 0.5254
21 0.473 0.527
22 0.4718 0.5282
23 0.4704 0.5296
24 0.4693 0.5307
25 0.4683 0.5317
26 0.4675 0.5325
27 0.4661 0.5339
28 0.4659 0.5341
29 0.4643 0.5357
30 0.4634 0.5366
31 0.4627 0.5373
32 0.4622 0.5378
33 0.4613 0.5387
34 0.4607 0.5393
35 0.4601 0.5399
36 0.4589 0.5411
37 0.4582 0.5418
38 0.4574 0.5426
39 0.4576 0.5424
40 0.4565 0.5435
41 0.4559 0.5441
42 0.4559 0.5441
43 0.4542 0.5458
44 0.4537 0.5463
45 0.4545 0.5455
46 0.453 0.547
47 0.454 0.546
48 0.4522 0.5478
49 0.4523 0.5477
50 0.4518 0.5482
51 0.4517 0.5483
52 0.4508 0.5492
53 0.4498 0.5502
54 0.4497 0.5503
55 0.4506 0.5494
56 0.4497 0.5503
57 0.4482 0.5518
58 0.4497 0.5503
59 0.4477 0.5523
60 0.4483 0.5517
61 0.4477 0.5523
62 0.4479 0.5521
63 0.4484 0.5516
64 0.4466 0.5534
65 0.4466 0.5534
66 0.4468 0.5532
67 0.4463 0.5537
68 0.4458 0.5542
69 0.4469 0.5531
70 0.4465 0.5535
71 0.4465 0.5535
72 0.4467 0.5533
73 0.4431 0.5569
74 0.4465 0.5535
75 0.4424 0.5576
76 0.446 0.554
77 0.445 0.555
78 0.4413 0.5587
79 0.4478 0.5522
80 0.4438 0.5562
81 0.4419 0.5581
82 0.4474 0.5526
83 0.4442 0.5558
84 0.442 0.558
85 0.4465 0.5535
86 0.443 0.557
87 0.4437 0.5563
88 0.4456 0.5544
89 0.4405 0.5595
90 0.4423 0.5577
91 0.4391 0.5609
92 0.4436 0.5564
93 0.4338 0.5662
94 0.4478 0.5522
95 0.4377 0.5623
96 0.4429 0.5571
97 0.4384 0.5616
98 0.4432 0.5568
99 0.4448 0.5552
100 0.4395 0.5605
101 0.442 0.558
102 0.4405 0.5595
103 0.4571 0.5429
104 0.4461 0.5539
105 0.444 0.556
106 0.4458 0.5542
107 0.44 0.56
108 0.441 0.559
109 0.4433 0.5567
110 0.4321 0.5679
111 0.4312 0.5688
112 0.4388 0.5612
113 0.4456 0.5544
114 0.43 0.57
115 0.4512 0.5488
116 0.4386 0.5614
117 0.4469 0.5531
118 0.4329 0.5671
119 0.4415 0.5585
120 0.4371 0.5629
121 0.4426 0.5574
122 0.4364 0.5636
123 0.4413 0.5587
124 0.4488 0.5512
125 0.446 0.554
126 0.4504 0.5496
127 0.4244 0.5756
128 0.4464 0.5536
129 0.4598 0.5402
130 0.4395 0.5605
131 0.4786 0.5214
132 0.4533 0.5467
133 0.4552 0.5448
134 0.4356 0.5644
135 0.4192 0.5808
136 0.4421 0.5579
137 0.4616 0.5384
138 0.4418 0.5582
139 0.4322 0.5678
140 0.408 0.592
141 0.4406 0.5594
142 0.4667 0.5333
143 0.456 0.544
144 0.4004 0.5996
145 0.4311 0.5689
146 0.4621 0.5379
147 0.4515 0.5485
148 0.3822 0.6178
149 0.4667 0.5333
150 0.3898 0.6102
151 0.47 0.53
152 0.3919 0.6081
153 0.3587 0.6413
154 0.4513 0.5487
155 0.4323 0.5677
156 0.3815 0.6185
157 0.4236 0.5764
158 0.4351 0.5649
159 0.4595 0.5405
160 0.5037 0.4963
161 0.4194 0.5806
162 0.4111 0.5889
163 0.3778 0.6222
164 0.5495 0.4505
165 0.4949 0.5051
166 0.4636 0.5364
167 0.4316 0.5684
168 0.3951 0.6049
169 0.3594 0.6406
170 0.4912 0.5088
171 0.5263 0.4737
172 0.36 0.64
173 0.3944 0.6056
174 0.4839 0.5161
175 0.2982 0.7018
176 0.3673 0.6327
177 0.3429 0.6571
178 0.4595 0.5405
179 0.5 0.5
180 0.5306 0.4694
181 0.3469 0.6531
182 0.4524 0.5476
183 0.4118 0.5882
184 0.3667 0.6333
185 0.5 0.5
186 0.3158 0.6842
187 0.4167 0.5833
188 0.4737 0.5263
189 0.3636 0.6364
190 0.3 0.7
191 0.3333 0.6667
192 0.5 0.5
193 0.5333 0.4667
194 0.4545 0.5455
195 0.5 0.5
196 0.5 0.5
197 0.3333 0.6667
198 0.0 1.0
199 0.4 0.6
200 0.0 1.0
201 0.0 1.0
202 0.5 0.5
203 0.6667 0.3333
204 0.5 0.5
205 0.3333 0.6667
206 0.5 0.5
207 0.25 0.75
208 0.5 0.5
211 1.0 0.0
212 0.0 1.0
213 0.0 1.0
214 0.0 1.0
215 0.6 0.4
216 0.5 0.5
217 0.5 0.5
218 0.5 0.5
219 0.0 1.0
220 0.0 1.0
221 0.6667 0.3333
222 0.0 1.0
223 1.0 0.0
224 0.0 1.0
233 1.0 0.0
237 0.0 1.0
239 1.0 0.0
240 0.0 1.0
243 0.0 1.0
