1 0.15650535812759347 1.3190253456166103 56615953
2 0.24951183186257242 1.5928130638166467 51399811
3 0.16137665111394553 2.5192191049632426 48938703
4 0.16452038492160637 3.1749992525574458 44006571
5 0.14900856876396718 3.9252011829416285 39461234
6 0.14095684725430016 4.639903343630443 35287743
7 0.11613181555495415 5.47191232741788 31658904
8 0.09945244888199803 6.233219267631572 28493778
9 0.07077877910266546 7.086430961682108 25713710
10 0.05087529302544083 7.878072904901341 23253527
11 0.019589610596822807 8.749399125778947 21083829
12 -0.005298811154184251 9.545557841810995 19141086
13 -0.03690385223319065 10.414439657188565 17410784
14 -0.06476478972841425 11.205620329411326 15858895
15 -0.10097960712952782 12.065953315550704 14460593
16 -0.12743762247788387 12.883703424324692 13196260
17 -0.16464944992646868 13.741111886837869 12063569
18 -0.19465180795771653 14.544490261797572 11026530
19 -0.23431001572791899 15.367112412373476 10089701
20 -0.2676925505477117 16.144945637220168 9248935
21 -0.30457696912568316 17.01941347414049 8478471
22 -0.34003061856128763 17.8066343668931 7776982
23 -0.3770922591702767 18.62949490928413 7133318
24 -0.41155481184750164 19.42313331805143 6541396
25 -0.4477620963410493 20.300902481127252 6004481
26 -0.4825157809269724 21.063731213152135 5515202
27 -0.5230128411335984 21.931332887302087 5070191
28 -0.5551865235526866 22.67101346605071 4662950
29 -0.5941479803747025 23.517088641803067 4290177
30 -0.6288462231041464 24.234852912559937 3942894
31 -0.663528794421961 25.159640206037277 3624643
32 -0.701008416408865 25.93323083134621 3336221
33 -0.7377988617642166 26.777452011244826 3071947
34 -0.7725500396344793 27.48264708498689 2829607
35 -0.8087853184127964 28.356797567674757 2604732
36 -0.8528693831262538 29.164446736277174 2401091
37 -0.88900115009952 29.94176708348692 2211113
38 -0.9239202198261443 30.86680727334152 2038702
39 -0.9559234646442015 31.690014319786403 1879027
40 -0.9920829779122754 32.461699782414705 1733859
41 -1.0248844033712294 33.34032731358663 1598230
42 -1.0656069867339037 34.00012272318128 1476169
43 -1.1029273343373494 35.11443537837933 1359872
44 -1.140450502213993 35.74528433681614 1251359
45 -1.1630033025333872 36.77456521798577 1153357
46 -1.1973468203143889 37.40340670219291 1062951
47 -1.2366125816529974 38.750680799151056 980062
48 -1.2732222671912563 39.16547759964644 904326
49 -1.3100689460150545 40.27898036660113 834566
50 -1.3438078186391702 41.19400514170384 769648
51 -1.368139973536781 42.33379814780135 710420
52 -1.3978223677294825 43.25294941246652 656401
53 -1.4435643662446254 44.20543648324362 605628
54 -1.4715768837888152 44.989932734224936 557029
55 -1.49781908605438 46.19632942524266 515151
56 -1.5319114134549046 46.71002845251557 476867
57 -1.562869150386188 47.75562493471844 440200
58 -1.5828312844477874 48.51103209924002 405505
59 -1.626982091035898 49.385452403184075 374226
60 -1.68025581153406 50.630476435271355 346036
61 -1.6892133333750536 52.109613988980044 319589
62 -1.7130127500101837 52.73760722406925 294588
63 -1.7564464762687486 53.935959646383786 272552
64 -1.7799795839738166 54.37315812528076 251763
65 -1.8166484467130917 56.114045606459435 232346
66 -1.8141541331467879 56.65386984822618 214425
67 -1.8780772853897265 58.36385945634392 198511
68 -1.9120635042206673 59.26788796366804 182791
69 -1.9264438085327784 60.656997253227914 169136
70 -1.9351994258176972 60.944496158834916 156048
71 -2.0083452997856446 62.63254292733662 144153
72 -2.0365659538683327 64.04605601126757 133184
73 -2.081133332250256 64.77519893650582 123106
74 -2.0961930898599674 66.87954781832113 113688
75 -2.1571929289850655 68.30750617094664 104992
76 -2.1561031280800953 69.03191650500501 96385
77 -2.184495967515788 70.42130105468588 89151
78 -2.222319624029026 71.56060150078203 82134
79 -2.218415755614319 72.43243558991846 76011
80 -2.2737438855430203 73.73015094783598 70734
81 -2.3939022897024613 76.1006264643109 65336
82 -2.2611913238396624 75.71281482547326 60672
83 -2.368860370343891 77.7319802054982 55948
84 -2.3932896259159273 78.22889442325143 51860
85 -2.374576554723767 79.65482853446599 47822
86 -2.371937286486731 79.88953532748486 44201
87 -2.4593613756484887 81.48409392929997 41057
88 -2.413387071281808 81.58947675808373 37962
89 -2.461385519925015 82.33582110416502 35207
90 -2.480931811169392 86.36867373833083 32410
91 -2.601954463026395 87.93884633790893 29778
92 -2.619757014752676 89.94696864214417 27656
93 -2.7727451907915484 92.42348139486415 25368
94 -2.591161875427789 93.29482092930625 23376
95 -2.638571362989487 90.3747634550253 21783
96 -2.671476526880104 94.11487908145462 19959
97 -2.702070698792548 94.5014692411362 18303
98 -2.7841565483908997 102.57229643287796 16966
99 -2.8308892944804582 100.66943165298437 15889
100 -2.7718752114772958 100.82019295783243 14777
101 -2.742768823139766 98.34621160203675 13587
102 -2.8858462028339438 106.73477976873616 12562
103 -2.732473264301477 104.79534507970448 11782
104 -2.8177206015582534 102.6759606677238 11038
105 -2.775821365335432 104.37085352071607 10166
106 -2.901880709296077 110.69397281972998 9305
107 -2.8357365324720267 105.63087885825817 8669
108 -3.017879314626273 111.670402952408 8054
109 -2.9091273018414734 110.08528365259595 7494
110 -2.966343411294923 109.57217014333507 7012
111 -3.1024250159540525 116.50801581680878 6268
112 -2.9971726453437 114.92807117199602 5659
113 -2.9359363153904474 119.11340911194122 5276
114 -3.2023121387283235 118.0267824327098 4844
115 -3.1161460624725033 119.38774194434987 4546
116 -3.0211972979268578 117.19102516792186 4293
117 -2.9836358987471234 114.07746169714135 3911
118 -3.2210469216164905 126.06369589337741 3687
119 -3.1573589296102385 134.26406888280422 3438
120 -3.2230009557183816 126.76390548932689 3139
121 -3.225860904794058 132.97295714202994 2962
122 -3.3106617647058822 141.2391510326557 2720
123 -3.202127659574468 138.93747380245796 2538
124 -3.3051215277777777 140.0236543255088 2304
125 -3.2344827586206897 133.77582243361078 2175
126 -3.3467208947635996 139.20972869840935 1967
127 -3.433240997229917 149.4289227369342 1805
128 -3.6496305418719213 149.67588656300808 1624
129 -2.974341661039838 130.08712017766342 1481
130 -3.9563172043010755 176.48397891013414 1488
131 -2.8562091503267975 130.42812593446965 1377
132 -3.525765496639283 144.07009790169226 1339
133 -3.8904 179.10718784 1250
134 -3.0924805531547106 139.07096333691655 1157
135 -3.3533834586466167 131.37136073265873 1064
136 -3.805128205128205 165.11689677843526 975
137 -2.924398625429553 125.99886633365217 873
138 -3.9315726290516206 175.92929128434085 833
139 -3.3771812080536914 151.78659339669386 745
140 -4.356083086053412 188.6061425212866 674
141 -3.6695804195804196 166.0184452784977 572
142 -3.4035087719298245 156.62665435518622 570
143 -3.4905008635578585 161.13419301338442 579
144 -4.1682785299806575 178.79760109843653 517
145 -4.995555555555556 228.90664691358023 450
146 -4.023696682464455 242.4165000786146 422
147 -3.6310679611650487 200.26680177208033 412
148 -4.7844827586206895 225.21504657154182 348
149 -4.006666666666667 178.63328888888884 300
150 -5.291525423728814 227.98958919850617 295
151 -4.081272084805653 185.0075291238497 283
152 -3.4395604395604398 143.49176830495512 273
153 -6.744394618834081 302.24408292947777 223
154 -2.928205128205128 117.5640762656147 195
155 -5.578125 248.91056315104166 192
156 -6.433526011560693 351.63286444585515 173
157 -3.9166666666666665 162.29861111111111 144
158 -3.3969465648854964 173.15541052386223 131
159 -5.425675675675675 280.32555697589476 148
160 -3.474074074074074 210.32340192043895 135
161 -3.2661290322580645 113.69530437044745 124
162 -3.111111111111111 112.4543209876543 90
163 -9.955555555555556 509.6646913580247 90
164 -4.637362637362638 243.3959666706919 91
165 -3.3838383838383836 203.3880216304459 99
166 -3.6818181818181817 273.2714876033058 110
167 -6.568421052631579 312.4347922437674 95
168 -3.185185185185185 191.50891632373114 81
169 -5.65625 319.7255859375 64
170 -5.0701754385964914 315.5389350569406 57
171 -3.539473684210526 162.30107340720224 76
172 -4.52 227.1829333333333 75
173 -8.014084507042254 352.91529458440795 71
174 -3.564516129032258 130.6006763787721 62
175 -8.631578947368421 391.5660203139428 57
176 -6.26530612244898 312.39900041649315 49
177 -4.6 177.55428571428573 35
178 -6.108108108108108 341.12344777209637 37
179 -2.875 180.859375 32
180 -4.877551020408164 325.5360266555602 49
181 -4.8979591836734695 225.35693461057895 49
182 -0.047619047619047616 5.712018140589568 42
183 -7.676470588235294 483.3365051903115 34
184 -8.8 453.8266666666668 30
185 -5.346153846153846 344.9955621301776 26
186 -2.6842105263157894 107.79501385041553 19
187 -4.333333333333333 294.55555555555554 12
188 -3.0 117.89473684210526 19
189 -5.363636363636363 155.32231404958682 11
190 -9.7 323.40999999999997 10
191 -7.222222222222222 389.7283950617284 9
192 -8.625 720.484375 8
193 -3.2666666666666666 145.7955555555556 15
194 -0.8181818181818182 9.603305785123966 11
195 -0.5 2.85 10
196 0.625 9.484375 8
197 -12.666666666666666 106.8888888888889 3
198 -5.0 0.0 1
199 -2.2 26.959999999999997 5
200 -35.0 1156.0 2
201 -1.0 0.0 1
202 2.0 9.0 2
203 3.0 44.666666666666664 3
204 -15.666666666666666 748.5555555555555 6
205 -27.166666666666668 709.1388888888888 6
206 0.0 63.333333333333336 6
207 -0.75 1.1875 4
208 12.0 169.0 2
211 3.0 1.0 2
212 -1.0 0.0 1
213 -2.0 0.0 1
214 -2.0 0.0 1
215 -22.6 1719.0400000000002 5
216 -6.5 155.25 4
217 0.0 1.0 2
218 -9.5 338.75 4
219 -1.5 0.25 2
220 -103.0 0.0 1
221 -1.6666666666666667 14.222222222222223 3
222 -2.0 2.0 3
223 1.0 0.0 1
224 -2.0 0.0 1
233 7.0 0.0 1
237 -34.0 0.0 1
239 1.0 0.0 2
240 -1.6666666666666667 0.888888888888889 3
243 -77.0 0.0 1
