0 1.0 0.0
1 0.418 0.582
2 0.4886 0.5114
3 0.4728 0.5272
4 0.4658 0.5342
5 0.46 0.54
6 0.4567 0.5433
7 0.4544 0.5456
8 0.4525 0.5475
9 0.4526 0.5474
10 0.4522 0.5478
11 0.453 0.547
12 0.4534 0.5466
13 0.4541 0.5459
14 0.4537 0.5463
15 0.4559 0.5441
16 0.4564 0.5436
17 0.4584 0.5416
18 0.4593 0.5407
19 0.4606 0.5394
20 0.4592 0.5408
21 0.4603 0.5397
22 0.4627 0.5373
23 0.4624 0.5376
24 0.4644 0.5356
25 0.4641 0.5359
26 0.4652 0.5348
27 0.465 0.535
28 0.4661 0.5339
29 0.4678 0.5322
30 0.4693 0.5307
31 0.4682 0.5318
32 0.4676 0.5324
33 0.4697 0.5303
34 0.4705 0.5295
35 0.4692 0.5308
36 0.471 0.529
37 0.473 0.527
38 0.4709 0.5291
39 0.4733 0.5267
40 0.4748 0.5252
41 0.4729 0.5271
42 0.4756 0.5244
43 0.474 0.526
44 0.4732 0.5268
45 0.4746 0.5254
46 0.4775 0.5225
47 0.4764 0.5236
48 0.478 0.522
49 0.4758 0.5242
50 0.4747 0.5253
51 0.4779 0.5221
52 0.4801 0.5199
53 0.4777 0.5223
54 0.476 0.524
55 0.4801 0.5199
56 0.4788 0.5212
57 0.4791 0.5209
58 0.4793 0.5207
59 0.4797 0.5203
60 0.4789 0.5211
61 0.4783 0.5217
62 0.4821 0.5179
63 0.4817 0.5183
64 0.4819 0.5181
65 0.4817 0.5183
66 0.4814 0.5186
67 0.4778 0.5222
68 0.4794 0.5206
69 0.4807 0.5193
70 0.4838 0.5162
71 0.4827 0.5173
72 0.4819 0.5181
73 0.4831 0.5169
74 0.4809 0.5191
75 0.4855 0.5145
76 0.4849 0.5151
77 0.4826 0.5174
78 0.4809 0.5191
79 0.4822 0.5178
80 0.4861 0.5139
81 0.4844 0.5156
82 0.4839 0.5161
83 0.4806 0.5194
84 0.4845 0.5155
85 0.4831 0.5169
86 0.4842 0.5158
87 0.489 0.511
88 0.4824 0.5176
89 0.4887 0.5113
90 0.4863 0.5137
91 0.4888 0.5112
92 0.4878 0.5122
93 0.4827 0.5173
94 0.4825 0.5175
95 0.4845 0.5155
96 0.4809 0.5191
97 0.4829 0.5171
98 0.4832 0.5168
99 0.4834 0.5166
100 0.4834 0.5166
101 0.4883 0.5117
102 0.4894 0.5106
103 0.4897 0.5103
104 0.4857 0.5143
105 0.4864 0.5136
106 0.4875 0.5125
107 0.4862 0.5138
108 0.485 0.515
109 0.4846 0.5154
110 0.4873 0.5127
111 0.4832 0.5168
112 0.4876 0.5124
113 0.4883 0.5117
114 0.4871 0.5129
115 0.4889 0.5111
116 0.4849 0.5151
117 0.4839 0.5161
118 0.4883 0.5117
119 0.487 0.513
120 0.4918 0.5082
121 0.4845 0.5155
122 0.4883 0.5117
123 0.4846 0.5154
124 0.4873 0.5127
125 0.4919 0.5081
126 0.4923 0.5077
127 0.4919 0.5081
128 0.488 0.512
129 0.489 0.511
130 0.4887 0.5113
131 0.4895 0.5105
132 0.4861 0.5139
133 0.4925 0.5075
134 0.49 0.51
135 0.4871 0.5129
136 0.4885 0.5115
137 0.4888 0.5112
138 0.4881 0.5119
139 0.4894 0.5106
140 0.4914 0.5086
141 0.4854 0.5146
142 0.4922 0.5078
143 0.4914 0.5086
144 0.4917 0.5083
145 0.4877 0.5123
146 0.487 0.513
147 0.4886 0.5114
148 0.4878 0.5122
149 0.4947 0.5053
150 0.4876 0.5124
151 0.4904 0.5096
152 0.4901 0.5099
153 0.4921 0.5079
154 0.4879 0.5121
155 0.4879 0.5121
156 0.4881 0.5119
157 0.4886 0.5114
158 0.4909 0.5091
159 0.4876 0.5124
160 0.4874 0.5126
161 0.489 0.511
162 0.4924 0.5076
163 0.4886 0.5114
164 0.4925 0.5075
165 0.4828 0.5172
166 0.4898 0.5102
167 0.4863 0.5137
168 0.4909 0.5091
169 0.4951 0.5049
170 0.4896 0.5104
171 0.4903 0.5097
172 0.4852 0.5148
173 0.4916 0.5084
174 0.4947 0.5053
175 0.4981 0.5019
176 0.4858 0.5142
177 0.4907 0.5093
178 0.4943 0.5057
179 0.4881 0.5119
180 0.4907 0.5093
181 0.4923 0.5077
182 0.485 0.515
183 0.4878 0.5122
184 0.4931 0.5069
185 0.4941 0.5059
186 0.4922 0.5078
187 0.4914 0.5086
188 0.4935 0.5065
189 0.491 0.509
190 0.4871 0.5129
191 0.4946 0.5054
192 0.4917 0.5083
193 0.4874 0.5126
194 0.4929 0.5071
195 0.4901 0.5099
196 0.495 0.505
197 0.4976 0.5024
198 0.489 0.511
199 0.4868 0.5132
200 0.4917 0.5083
201 0.4957 0.5043
202 0.4884 0.5116
203 0.4909 0.5091
204 0.4917 0.5083
205 0.494 0.506
206 0.4887 0.5113
207 0.4984 0.5016
208 0.4969 0.5031
209 0.4912 0.5088
210 0.4978 0.5022
211 0.4915 0.5085
212 0.4953 0.5047
213 0.4915 0.5085
214 0.4823 0.5177
215 0.4917 0.5083
216 0.4924 0.5076
217 0.4906 0.5094
218 0.4945 0.5055
219 0.4975 0.5025
220 0.4934 0.5066
221 0.4933 0.5067
222 0.4899 0.5101
223 0.4935 0.5065
224 0.4899 0.5101
225 0.4938 0.5062
226 0.4885 0.5115
227 0.4886 0.5114
228 0.4954 0.5046
229 0.4919 0.5081
230 0.4883 0.5117
231 0.4953 0.5047
232 0.4923 0.5077
233 0.4977 0.5023
234 0.4886 0.5114
235 0.4956 0.5044
236 0.4836 0.5164
237 0.4883 0.5117
238 0.4827 0.5173
239 0.4921 0.5079
240 0.4953 0.5047
241 0.4859 0.5141
242 0.4924 0.5076
243 0.4903 0.5097
244 0.4944 0.5056
245 0.4871 0.5129
246 0.4932 0.5068
247 0.485 0.515
248 0.4954 0.5046
249 0.4994 0.5006
250 0.4939 0.5061
251 0.4964 0.5036
252 0.4966 0.5034
253 0.4917 0.5083
254 0.4954 0.5046
255 0.4963 0.5037
256 0.5018 0.4982
257 0.4948 0.5052
258 0.4831 0.5169
259 0.4921 0.5079
260 0.4948 0.5052
261 0.4911 0.5089
262 0.4984 0.5016
263 0.4938 0.5062
264 0.4935 0.5065
265 0.4975 0.5025
266 0.4935 0.5065
267 0.489 0.511
268 0.4989 0.5011
269 0.4802 0.5198
270 0.4911 0.5089
271 0.4984 0.5016
272 0.4982 0.5018
273 0.4985 0.5015
274 0.4911 0.5089
275 0.4907 0.5093
276 0.4898 0.5102
277 0.4967 0.5033
278 0.4872 0.5128
279 0.4898 0.5102
280 0.4949 0.5051
281 0.4838 0.5162
282 0.4931 0.5069
283 0.4924 0.5076
284 0.4978 0.5022
285 0.4938 0.5062
286 0.4986 0.5014
287 0.4912 0.5088
288 0.4897 0.5103
289 0.4927 0.5073
290 0.4847 0.5153
291 0.4954 0.5046
292 0.5006 0.4994
293 0.4945 0.5055
294 0.4929 0.5071
295 0.4886 0.5114
296 0.5035 0.4965
297 0.4976 0.5024
298 0.4987 0.5013
299 0.5029 0.4971
300 0.4982 0.5018
301 0.4947 0.5053
302 0.487 0.513
303 0.502 0.498
304 0.494 0.506
305 0.493 0.507
306 0.4898 0.5102
307 0.498 0.502
308 0.4994 0.5006
309 0.4957 0.5043
310 0.4969 0.5031
311 0.4912 0.5088
312 0.4977 0.5023
313 0.4927 0.5073
314 0.4864 0.5136
315 0.4888 0.5112
316 0.4859 0.5141
317 0.4906 0.5094
318 0.4951 0.5049
319 0.4966 0.5034
320 0.493 0.507
321 0.4932 0.5068
322 0.4915 0.5085
323 0.4953 0.5047
324 0.4926 0.5074
325 0.4961 0.5039
326 0.5038 0.4962
327 0.4915 0.5085
328 0.4982 0.5018
329 0.4983 0.5017
330 0.4891 0.5109
331 0.4969 0.5031
332 0.4974 0.5026
333 0.4952 0.5048
334 0.4964 0.5036
335 0.5041 0.4959
336 0.4883 0.5117
337 0.4939 0.5061
338 0.4839 0.5161
339 0.5024 0.4976
340 0.4954 0.5046
341 0.5019 0.4981
342 0.4884 0.5116
343 0.4922 0.5078
344 0.4904 0.5096
345 0.4853 0.5147
346 0.4986 0.5014
347 0.4968 0.5032
348 0.5046 0.4954
349 0.4956 0.5044
350 0.4937 0.5063
351 0.4926 0.5074
352 0.4929 0.5071
353 0.4941 0.5059
354 0.4952 0.5048
355 0.5046 0.4954
356 0.4897 0.5103
357 0.4936 0.5064
358 0.4982 0.5018
359 0.4963 0.5037
360 0.4997 0.5003
361 0.5058 0.4942
362 0.4891 0.5109
363 0.5033 0.4967
364 0.4973 0.5027
365 0.4956 0.5044
366 0.5066 0.4934
367 0.4901 0.5099
368 0.4981 0.5019
369 0.4987 0.5013
370 0.494 0.506
371 0.4844 0.5156
372 0.5006 0.4994
373 0.4897 0.5103
374 0.4999 0.5001
375 0.5024 0.4976
376 0.5074 0.4926
377 0.4931 0.5069
378 0.4917 0.5083
379 0.5002 0.4998
380 0.4826 0.5174
381 0.5004 0.4996
382 0.4833 0.5167
383 0.5027 0.4973
384 0.4986 0.5014
385 0.4911 0.5089
386 0.5025 0.4975
387 0.5019 0.4981
388 0.4828 0.5172
389 0.5039 0.4961
390 0.497 0.503
391 0.4889 0.5111
392 0.491 0.509
393 0.4923 0.5077
394 0.4934 0.5066
395 0.5038 0.4962
396 0.4955 0.5045
397 0.4958 0.5042
398 0.4998 0.5002
399 0.5015 0.4985
400 0.5051 0.4949
401 0.4973 0.5027
402 0.5064 0.4936
403 0.4949 0.5051
404 0.4987 0.5013
405 0.4893 0.5107
406 0.4933 0.5067
407 0.491 0.509
408 0.4866 0.5134
409 0.5013 0.4987
410 0.4989 0.5011
411 0.4883 0.5117
412 0.4897 0.5103
413 0.4894 0.5106
414 0.4942 0.5058
415 0.497 0.503
416 0.4917 0.5083
417 0.4928 0.5072
418 0.498 0.502
419 0.4896 0.5104
420 0.4977 0.5023
421 0.4933 0.5067
422 0.4996 0.5004
423 0.495 0.505
424 0.5027 0.4973
425 0.4918 0.5082
426 0.4942 0.5058
427 0.4898 0.5102
428 0.4982 0.5018
429 0.4931 0.5069
430 0.5057 0.4943
431 0.499 0.501
432 0.5012 0.4988
433 0.5014 0.4986
434 0.5007 0.4993
435 0.49 0.51
436 0.4919 0.5081
437 0.4956 0.5044
438 0.4985 0.5015
439 0.4868 0.5132
440 0.4942 0.5058
441 0.4851 0.5149
442 0.4922 0.5078
443 0.4874 0.5126
444 0.4975 0.5025
445 0.4999 0.5001
446 0.4939 0.5061
447 0.4907 0.5093
448 0.4934 0.5066
449 0.4976 0.5024
450 0.5056 0.4944
451 0.4957 0.5043
452 0.492 0.508
453 0.4967 0.5033
454 0.4881 0.5119
455 0.5063 0.4937
456 0.4966 0.5034
457 0.5033 0.4967
458 0.4941 0.5059
459 0.4998 0.5002
460 0.4911 0.5089
461 0.4987 0.5013
462 0.4932 0.5068
463 0.5065 0.4935
464 0.4888 0.5112
465 0.4998 0.5002
466 0.5034 0.4966
467 0.4844 0.5156
468 0.4884 0.5116
469 0.4995 0.5005
470 0.5012 0.4988
471 0.4962 0.5038
472 0.5007 0.4993
473 0.4883 0.5117
474 0.4989 0.5011
475 0.4914 0.5086
476 0.4969 0.5031
477 0.5029 0.4971
478 0.4934 0.5066
479 0.4984 0.5016
480 0.4934 0.5066
481 0.4992 0.5008
482 0.4943 0.5057
483 0.4928 0.5072
484 0.4972 0.5028
485 0.5017 0.4983
486 0.4865 0.5135
487 0.4961 0.5039
488 0.4902 0.5098
489 0.4936 0.5064
490 0.4979 0.5021
491 0.4958 0.5042
492 0.4987 0.5013
493 0.4909 0.5091
494 0.4955 0.5045
495 0.4895 0.5105
496 0.5058 0.4942
497 0.4999 0.5001
498 0.4972 0.5028
499 0.4992 0.5008
500 0.5002 0.4998
501 0.497 0.503
502 0.4956 0.5044
503 0.5041 0.4959
504 0.4965 0.5035
505 0.4983 0.5017
506 0.5063 0.4937
507 0.5003 0.4997
508 0.5055 0.4945
509 0.503 0.497
510 0.4993 0.5007
511 0.5013 0.4987
512 0.4925 0.5075
513 0.4914 0.5086
514 0.4944 0.5056
515 0.5027 0.4973
516 0.4899 0.5101
517 0.4942 0.5058
518 0.4978 0.5022
519 0.494 0.506
520 0.5006 0.4994
521 0.4825 0.5175
522 0.5105 0.4895
523 0.5057 0.4943
524 0.4936 0.5064
525 0.4959 0.5041
526 0.4957 0.5043
527 0.489 0.511
528 0.4801 0.5199
529 0.4953 0.5047
530 0.4914 0.5086
531 0.4938 0.5062
532 0.4977 0.5023
533 0.4981 0.5019
534 0.4973 0.5027
535 0.5015 0.4985
536 0.5008 0.4992
537 0.4973 0.5027
538 0.4866 0.5134
539 0.4989 0.5011
540 0.5076 0.4924
541 0.5068 0.4932
542 0.5061 0.4939
543 0.5025 0.4975
544 0.5028 0.4972
545 0.4913 0.5087
546 0.4938 0.5062
547 0.4974 0.5026
548 0.4925 0.5075
549 0.4905 0.5095
550 0.4955 0.5045
551 0.5052 0.4948
552 0.5011 0.4989
553 0.4849 0.5151
554 0.5005 0.4995
555 0.4945 0.5055
556 0.5029 0.4971
557 0.4813 0.5187
558 0.4936 0.5064
559 0.5036 0.4964
560 0.4835 0.5165
561 0.4916 0.5084
562 0.5101 0.4899
563 0.4973 0.5027
564 0.4959 0.5041
565 0.4929 0.5071
566 0.4963 0.5037
567 0.4943 0.5057
568 0.5098 0.4902
569 0.4914 0.5086
570 0.4847 0.5153
571 0.5024 0.4976
572 0.5007 0.4993
573 0.4994 0.5006
574 0.4925 0.5075
575 0.5014 0.4986
576 0.4997 0.5003
577 0.5016 0.4984
578 0.4866 0.5134
579 0.4886 0.5114
580 0.5056 0.4944
581 0.5048 0.4952
582 0.49 0.51
583 0.4989 0.5011
584 0.4979 0.5021
585 0.4893 0.5107
586 0.4949 0.5051
587 0.4867 0.5133
588 0.5017 0.4983
589 0.5075 0.4925
590 0.4948 0.5052
591 0.5088 0.4912
592 0.5025 0.4975
593 0.5034 0.4966
594 0.5042 0.4958
595 0.4984 0.5016
596 0.5083 0.4917
597 0.5019 0.4981
598 0.5023 0.4977
599 0.4904 0.5096
600 0.4944 0.5056
601 0.4878 0.5122
602 0.5006 0.4994
603 0.4965 0.5035
604 0.5005 0.4995
605 0.5043 0.4957
606 0.4867 0.5133
607 0.5085 0.4915
608 0.5128 0.4872
609 0.5019 0.4981
610 0.4973 0.5027
611 0.4952 0.5048
612 0.5014 0.4986
613 0.5025 0.4975
614 0.4938 0.5062
615 0.5065 0.4935
616 0.491 0.509
617 0.4985 0.5015
618 0.5023 0.4977
619 0.4889 0.5111
620 0.4928 0.5072
621 0.4849 0.5151
622 0.4921 0.5079
623 0.5161 0.4839
624 0.4971 0.5029
625 0.5004 0.4996
626 0.4935 0.5065
627 0.4856 0.5144
628 0.5053 0.4947
629 0.5012 0.4988
630 0.4948 0.5052
631 0.5101 0.4899
632 0.5046 0.4954
633 0.4993 0.5007
634 0.492 0.508
635 0.4903 0.5097
636 0.504 0.496
637 0.5012 0.4988
638 0.4976 0.5024
639 0.4941 0.5059
640 0.4955 0.5045
641 0.4845 0.5155
642 0.5045 0.4955
643 0.5096 0.4904
644 0.486 0.514
645 0.5043 0.4957
646 0.5058 0.4942
647 0.4978 0.5022
648 0.4999 0.5001
649 0.5008 0.4992
650 0.4911 0.5089
651 0.4933 0.5067
652 0.4968 0.5032
653 0.5052 0.4948
654 0.4986 0.5014
655 0.4909 0.5091
656 0.5008 0.4992
657 0.4832 0.5168
658 0.5119 0.4881
659 0.5013 0.4987
660 0.4979 0.5021
661 0.4853 0.5147
662 0.4976 0.5024
663 0.4921 0.5079
664 0.503 0.497
665 0.4895 0.5105
666 0.5037 0.4963
667 0.493 0.507
668 0.4953 0.5047
669 0.5115 0.4885
670 0.4943 0.5057
671 0.4917 0.5083
672 0.5159 0.4841
673 0.4971 0.5029
674 0.5084 0.4916
675 0.5008 0.4992
676 0.5005 0.4995
677 0.5063 0.4937
678 0.5056 0.4944
679 0.5126 0.4874
680 0.495 0.505
681 0.4993 0.5007
682 0.5088 0.4912
683 0.5001 0.4999
684 0.5028 0.4972
685 0.4898 0.5102
686 0.4871 0.5129
687 0.4999 0.5001
688 0.4925 0.5075
689 0.5 0.5
690 0.4901 0.5099
691 0.5083 0.4917
692 0.4974 0.5026
693 0.4767 0.5233
694 0.4844 0.5156
695 0.4798 0.5202
696 0.4945 0.5055
697 0.4981 0.5019
698 0.5016 0.4984
699 0.4916 0.5084
700 0.4868 0.5132
701 0.5025 0.4975
702 0.4964 0.5036
703 0.5049 0.4951
704 0.4796 0.5204
705 0.494 0.506
706 0.4933 0.5067
707 0.4958 0.5042
708 0.4979 0.5021
709 0.4995 0.5005
710 0.4975 0.5025
711 0.4975 0.5025
712 0.4894 0.5106
713 0.4973 0.5027
714 0.4906 0.5094
715 0.4966 0.5034
716 0.5025 0.4975
717 0.4973 0.5027
718 0.489 0.511
719 0.5069 0.4931
720 0.4802 0.5198
721 0.4981 0.5019
722 0.4779 0.5221
723 0.5219 0.4781
724 0.4949 0.5051
725 0.4947 0.5053
726 0.4981 0.5019
727 0.4808 0.5192
728 0.497 0.503
729 0.4924 0.5076
730 0.4948 0.5052
731 0.5094 0.4906
732 0.4917 0.5083
733 0.5022 0.4978
734 0.5079 0.4921
735 0.4996 0.5004
736 0.489 0.511
737 0.4917 0.5083
738 0.512 0.488
739 0.4965 0.5035
740 0.5045 0.4955
741 0.4973 0.5027
742 0.5112 0.4888
743 0.4869 0.5131
744 0.5019 0.4981
745 0.4951 0.5049
746 0.5081 0.4919
747 0.5023 0.4977
748 0.5037 0.4963
749 0.5085 0.4915
750 0.4935 0.5065
751 0.4969 0.5031
752 0.4959 0.5041
753 0.4916 0.5084
754 0.5106 0.4894
755 0.4904 0.5096
756 0.5043 0.4957
757 0.518 0.482
758 0.5001 0.4999
759 0.5006 0.4994
760 0.497 0.503
761 0.4945 0.5055
762 0.4922 0.5078
763 0.4966 0.5034
764 0.5033 0.4967
765 0.487 0.513
766 0.4948 0.5052
767 0.4886 0.5114
768 0.5051 0.4949
769 0.4842 0.5158
770 0.5009 0.4991
771 0.4999 0.5001
772 0.5119 0.4881
773 0.4951 0.5049
774 0.4783 0.5217
775 0.5001 0.4999
776 0.492 0.508
777 0.503 0.497
778 0.5055 0.4945
779 0.4944 0.5056
780 0.4934 0.5066
781 0.4827 0.5173
782 0.5009 0.4991
783 0.4986 0.5014
784 0.4991 0.5009
785 0.4949 0.5051
786 0.4976 0.5024
787 0.5083 0.4917
788 0.5022 0.4978
789 0.495 0.505
790 0.5043 0.4957
791 0.5023 0.4977
792 0.4914 0.5086
793 0.5082 0.4918
794 0.5028 0.4972
795 0.5007 0.4993
796 0.5004 0.4996
797 0.4995 0.5005
798 0.5089 0.4911
799 0.4926 0.5074
800 0.4966 0.5034
801 0.488 0.512
802 0.4921 0.5079
803 0.4999 0.5001
804 0.4925 0.5075
805 0.5044 0.4956
806 0.4995 0.5005
807 0.5057 0.4943
808 0.4864 0.5136
809 0.4946 0.5054
810 0.5124 0.4876
811 0.4997 0.5003
812 0.5038 0.4962
813 0.5137 0.4863
814 0.4934 0.5066
815 0.489 0.511
816 0.5067 0.4933
817 0.4787 0.5213
818 0.4922 0.5078
819 0.4931 0.5069
820 0.4999 0.5001
821 0.496 0.504
822 0.5 0.5
823 0.497 0.503
824 0.5045 0.4955
825 0.4875 0.5125
826 0.5007 0.4993
827 0.5008 0.4992
828 0.5021 0.4979
829 0.4927 0.5073
830 0.4978 0.5022
831 0.4997 0.5003
832 0.484 0.516
833 0.5001 0.4999
834 0.4888 0.5112
835 0.5115 0.4885
836 0.5052 0.4948
837 0.4815 0.5185
838 0.4885 0.5115
839 0.4961 0.5039
840 0.4954 0.5046
841 0.501 0.499
842 0.4977 0.5023
843 0.478 0.522
844 0.4856 0.5144
845 0.5022 0.4978
846 0.5141 0.4859
847 0.4956 0.5044
848 0.4944 0.5056
849 0.4929 0.5071
850 0.4987 0.5013
851 0.5083 0.4917
852 0.4913 0.5087
853 0.4873 0.5127
854 0.5097 0.4903
855 0.4987 0.5013
856 0.4921 0.5079
857 0.4938 0.5062
858 0.5092 0.4908
859 0.518 0.482
860 0.4963 0.5037
861 0.4853 0.5147
862 0.5032 0.4968
863 0.4874 0.5126
864 0.5032 0.4968
865 0.4944 0.5056
866 0.5054 0.4946
867 0.48 0.52
868 0.5001 0.4999
869 0.4946 0.5054
870 0.5006 0.4994
871 0.4904 0.5096
872 0.5065 0.4935
873 0.5059 0.4941
874 0.4939 0.5061
875 0.5186 0.4814
876 0.4928 0.5072
877 0.5049 0.4951
878 0.4796 0.5204
879 0.5024 0.4976
880 0.5116 0.4884
881 0.5075 0.4925
882 0.5069 0.4931
883 0.4894 0.5106
884 0.4847 0.5153
885 0.4997 0.5003
886 0.4999 0.5001
887 0.4923 0.5077
888 0.4864 0.5136
889 0.4959 0.5041
890 0.4884 0.5116
891 0.4836 0.5164
892 0.497 0.503
893 0.4933 0.5067
894 0.5054 0.4946
895 0.4895 0.5105
896 0.5073 0.4927
897 0.4954 0.5046
898 0.5108 0.4892
899 0.4928 0.5072
900 0.5111 0.4889
901 0.5014 0.4986
902 0.4882 0.5118
903 0.5031 0.4969
904 0.4936 0.5064
905 0.5044 0.4956
906 0.5005 0.4995
907 0.502 0.498
908 0.4998 0.5002
909 0.4957 0.5043
910 0.4902 0.5098
911 0.4968 0.5032
912 0.5029 0.4971
913 0.5039 0.4961
914 0.4918 0.5082
915 0.5134 0.4866
916 0.5159 0.4841
917 0.4939 0.5061
918 0.4995 0.5005
919 0.4971 0.5029
920 0.5067 0.4933
921 0.4949 0.5051
922 0.5037 0.4963
923 0.4869 0.5131
924 0.5043 0.4957
925 0.5037 0.4963
926 0.4888 0.5112
927 0.4878 0.5122
928 0.5095 0.4905
929 0.5112 0.4888
930 0.4787 0.5213
931 0.5075 0.4925
932 0.4947 0.5053
933 0.4957 0.5043
934 0.5015 0.4985
935 0.5098 0.4902
936 0.5049 0.4951
937 0.4887 0.5113
938 0.5005 0.4995
939 0.5053 0.4947
940 0.4964 0.5036
941 0.4869 0.5131
942 0.5036 0.4964
943 0.5031 0.4969
944 0.5067 0.4933
945 0.4965 0.5035
946 0.5012 0.4988
947 0.4976 0.5024
948 0.4878 0.5122
949 0.4972 0.5028
950 0.5046 0.4954
951 0.5022 0.4978
952 0.4909 0.5091
953 0.5005 0.4995
954 0.4922 0.5078
955 0.5086 0.4914
956 0.4993 0.5007
957 0.4862 0.5138
958 0.5092 0.4908
959 0.5 0.5
960 0.5077 0.4923
961 0.4973 0.5027
962 0.502 0.498
963 0.4926 0.5074
964 0.503 0.497
965 0.4822 0.5178
966 0.4992 0.5008
967 0.4979 0.5021
968 0.4838 0.5162
969 0.5089 0.4911
970 0.4871 0.5129
971 0.512 0.488
972 0.4847 0.5153
973 0.4772 0.5228
974 0.4801 0.5199
975 0.4886 0.5114
976 0.4939 0.5061
977 0.5009 0.4991
978 0.5123 0.4877
979 0.4914 0.5086
980 0.5094 0.4906
981 0.5032 0.4968
982 0.504 0.496
983 0.4986 0.5014
984 0.4973 0.5027
985 0.4912 0.5088
986 0.5054 0.4946
987 0.4961 0.5039
988 0.4938 0.5062
989 0.4916 0.5084
990 0.4928 0.5072
991 0.5071 0.4929
992 0.5114 0.4886
993 0.4993 0.5007
994 0.5036 0.4964
995 0.5047 0.4953
996 0.5058 0.4942
997 0.488 0.512
998 0.5022 0.4978
999 0.4913 0.5087
1000 0.4829 0.5171
1001 0.4859 0.5141
1002 0.4893 0.5107
1003 0.497 0.503
1004 0.5055 0.4945
1005 0.4906 0.5094
1006 0.502 0.498
1007 0.4941 0.5059
1008 0.4842 0.5158
1009 0.5038 0.4962
1010 0.4953 0.5047
1011 0.4843 0.5157
1012 0.4963 0.5037
1013 0.4907 0.5093
1014 0.5076 0.4924
1015 0.5017 0.4983
1016 0.5159 0.4841
1017 0.4984 0.5016
1018 0.4986 0.5014
1019 0.4963 0.5037
1020 0.4927 0.5073
1021 0.4995 0.5005
1022 0.4934 0.5066
1023 0.5111 0.4889
1024 0.4886 0.5114
1025 0.5202 0.4798
1026 0.4982 0.5018
1027 0.5084 0.4916
1028 0.5151 0.4849
1029 0.51 0.49
1030 0.4961 0.5039
1031 0.5004 0.4996
1032 0.5064 0.4936
1033 0.4919 0.5081
1034 0.5091 0.4909
1035 0.4884 0.5116
1036 0.5049 0.4951
1037 0.4903 0.5097
1038 0.5133 0.4867
1039 0.4904 0.5096
1040 0.5023 0.4977
1041 0.5047 0.4953
1042 0.4919 0.5081
1043 0.5015 0.4985
1044 0.5053 0.4947
1045 0.5047 0.4953
1046 0.4829 0.5171
1047 0.4968 0.5032
1048 0.4995 0.5005
1049 0.4915 0.5085
1050 0.4983 0.5017
1051 0.4923 0.5077
1052 0.4737 0.5263
1053 0.488 0.512
1054 0.4995 0.5005
1055 0.5079 0.4921
1056 0.4959 0.5041
1057 0.4855 0.5145
1058 0.5115 0.4885
1059 0.5022 0.4978
1060 0.504 0.496
1061 0.506 0.494
1062 0.5028 0.4972
1063 0.4945 0.5055
1064 0.4902 0.5098
1065 0.5007 0.4993
1066 0.4893 0.5107
1067 0.4902 0.5098
1068 0.5079 0.4921
1069 0.4952 0.5048
1070 0.5009 0.4991
1071 0.5 0.5
1072 0.5036 0.4964
1073 0.5055 0.4945
1074 0.5112 0.4888
1075 0.4911 0.5089
1076 0.5038 0.4962
1077 0.5 0.5
1078 0.497 0.503
1079 0.5015 0.4985
1080 0.5085 0.4915
1081 0.4978 0.5022
1082 0.4896 0.5104
1083 0.497 0.503
1084 0.5062 0.4938
1085 0.5211 0.4789
1086 0.5039 0.4961
1087 0.4967 0.5033
1088 0.487 0.513
1089 0.4896 0.5104
1090 0.4911 0.5089
1091 0.4892 0.5108
1092 0.4932 0.5068
1093 0.5163 0.4837
1094 0.5072 0.4928
1095 0.5035 0.4965
1096 0.4741 0.5259
1097 0.4906 0.5094
1098 0.5099 0.4901
1099 0.4994 0.5006
1100 0.494 0.506
1101 0.489 0.511
1102 0.5063 0.4937
1103 0.5117 0.4883
1104 0.5089 0.4911
1105 0.5019 0.4981
1106 0.5036 0.4964
1107 0.5013 0.4987
1108 0.5095 0.4905
1109 0.5011 0.4989
1110 0.51 0.49
1111 0.4905 0.5095
1112 0.4987 0.5013
1113 0.5234 0.4766
1114 0.5039 0.4961
1115 0.5007 0.4993
1116 0.4881 0.5119
1117 0.5067 0.4933
1118 0.5107 0.4893
1119 0.4875 0.5125
1120 0.4831 0.5169
1121 0.4924 0.5076
1122 0.5186 0.4814
1123 0.5023 0.4977
1124 0.4822 0.5178
1125 0.4933 0.5067
1126 0.493 0.507
1127 0.4756 0.5244
1128 0.4916 0.5084
1129 0.4966 0.5034
1130 0.501 0.499
1131 0.514 0.486
1132 0.4877 0.5123
1133 0.4835 0.5165
1134 0.5031 0.4969
1135 0.496 0.504
1136 0.4992 0.5008
1137 0.5034 0.4966
1138 0.5002 0.4998
1139 0.4872 0.5128
1140 0.4885 0.5115
1141 0.5013 0.4987
1142 0.4982 0.5018
1143 0.504 0.496
1144 0.491 0.509
1145 0.5018 0.4982
1146 0.4996 0.5004
1147 0.4998 0.5002
1148 0.4866 0.5134
1149 0.4957 0.5043
1150 0.5136 0.4864
1151 0.5108 0.4892
1152 0.5081 0.4919
1153 0.5042 0.4958
1154 0.5132 0.4868
1155 0.507 0.493
1156 0.4902 0.5098
1157 0.4929 0.5071
1158 0.4978 0.5022
1159 0.5084 0.4916
1160 0.4986 0.5014
1161 0.5016 0.4984
1162 0.4948 0.5052
1163 0.515 0.485
1164 0.4963 0.5037
1165 0.5004 0.4996
1166 0.5007 0.4993
1167 0.5035 0.4965
1168 0.5141 0.4859
1169 0.5072 0.4928
1170 0.5073 0.4927
1171 0.4984 0.5016
1172 0.5015 0.4985
1173 0.5028 0.4972
1174 0.4981 0.5019
1175 0.5126 0.4874
1176 0.5015 0.4985
1177 0.5036 0.4964
1178 0.4921 0.5079
1179 0.4938 0.5062
1180 0.4946 0.5054
1181 0.492 0.508
1182 0.486 0.514
1183 0.4857 0.5143
1184 0.5051 0.4949
1185 0.5006 0.4994
1186 0.4882 0.5118
1187 0.476 0.524
1188 0.5153 0.4847
1189 0.4908 0.5092
1190 0.5162 0.4838
1191 0.5046 0.4954
1192 0.4761 0.5239
1193 0.4964 0.5036
1194 0.5028 0.4972
1195 0.4882 0.5118
1196 0.4865 0.5135
1197 0.5142 0.4858
1198 0.5002 0.4998
1199 0.4948 0.5052
1200 0.5159 0.4841
1201 0.4992 0.5008
1202 0.5061 0.4939
1203 0.4694 0.5306
1204 0.5118 0.4882
1205 0.5102 0.4898
1206 0.5163 0.4837
1207 0.4998 0.5002
1208 0.4869 0.5131
1209 0.501 0.499
1210 0.51 0.49
1211 0.5148 0.4852
1212 0.5106 0.4894
1213 0.4839 0.5161
1214 0.5002 0.4998
1215 0.4981 0.5019
1216 0.5023 0.4977
1217 0.5018 0.4982
1218 0.5068 0.4932
1219 0.4886 0.5114
1220 0.4919 0.5081
1221 0.5083 0.4917
1222 0.5081 0.4919
1223 0.5117 0.4883
1224 0.4977 0.5023
1225 0.5203 0.4797
1226 0.5078 0.4922
1227 0.5059 0.4941
1228 0.4885 0.5115
1229 0.5119 0.4881
1230 0.5 0.5
1231 0.4987 0.5013
1232 0.4891 0.5109
1233 0.517 0.483
1234 0.4983 0.5017
1235 0.4982 0.5018
1236 0.4934 0.5066
1237 0.5092 0.4908
1238 0.4977 0.5023
1239 0.5083 0.4917
1240 0.5004 0.4996
1241 0.5178 0.4822
1242 0.5017 0.4983
1243 0.5071 0.4929
1244 0.4971 0.5029
1245 0.4865 0.5135
1246 0.5168 0.4832
1247 0.4968 0.5032
1248 0.4884 0.5116
1249 0.4952 0.5048
1250 0.4876 0.5124
1251 0.4698 0.5302
1252 0.515 0.485
1253 0.5075 0.4925
1254 0.4963 0.5037
1255 0.5099 0.4901
1256 0.4954 0.5046
1257 0.4985 0.5015
1258 0.4993 0.5007
1259 0.4904 0.5096
1260 0.4971 0.5029
1261 0.4923 0.5077
1262 0.4988 0.5012
1263 0.503 0.497
1264 0.5238 0.4762
1265 0.5023 0.4977
1266 0.4885 0.5115
1267 0.4921 0.5079
1268 0.5075 0.4925
1269 0.4973 0.5027
1270 0.5047 0.4953
1271 0.5212 0.4788
1272 0.5058 0.4942
1273 0.505 0.495
1274 0.5073 0.4927
1275 0.4912 0.5088
1276 0.5174 0.4826
1277 0.4978 0.5022
1278 0.5068 0.4932
1279 0.5057 0.4943
1280 0.4859 0.5141
1281 0.5077 0.4923
1282 0.4979 0.5021
1283 0.4833 0.5167
1284 0.4817 0.5183
1285 0.4825 0.5175
1286 0.49 0.51
1287 0.5031 0.4969
1288 0.4953 0.5047
1289 0.4803 0.5197
1290 0.4885 0.5115
1291 0.4965 0.5035
1292 0.4852 0.5148
1293 0.5172 0.4828
1294 0.5193 0.4807
1295 0.5085 0.4915
1296 0.5055 0.4945
1297 0.4971 0.5029
1298 0.5106 0.4894
1299 0.4825 0.5175
1300 0.4927 0.5073
1301 0.5026 0.4974
1302 0.5284 0.4716
1303 0.4938 0.5062
1304 0.5034 0.4966
1305 0.5057 0.4943
1306 0.4998 0.5002
1307 0.5022 0.4978
1308 0.5062 0.4938
1309 0.5172 0.4828
1310 0.4972 0.5028
1311 0.4938 0.5062
1312 0.4828 0.5172
1313 0.5139 0.4861
1314 0.495 0.505
1315 0.499 0.501
1316 0.4882 0.5118
1317 0.5059 0.4941
1318 0.4884 0.5116
1319 0.5098 0.4902
1320 0.5202 0.4798
1321 0.5056 0.4944
1322 0.5037 0.4963
1323 0.5081 0.4919
1324 0.4964 0.5036
1325 0.5049 0.4951
1326 0.5028 0.4972
1327 0.4844 0.5156
1328 0.5142 0.4858
1329 0.5053 0.4947
1330 0.5029 0.4971
1331 0.5079 0.4921
1332 0.5024 0.4976
1333 0.494 0.506
1334 0.4968 0.5032
1335 0.4942 0.5058
1336 0.5059 0.4941
1337 0.5129 0.4871
1338 0.5025 0.4975
1339 0.5199 0.4801
1340 0.5133 0.4867
1341 0.4983 0.5017
1342 0.4981 0.5019
1343 0.5041 0.4959
1344 0.4994 0.5006
1345 0.4944 0.5056
1346 0.5197 0.4803
1347 0.4805 0.5195
1348 0.4975 0.5025
1349 0.4764 0.5236
1350 0.499 0.501
1351 0.5074 0.4926
1352 0.4786 0.5214
1353 0.5187 0.4813
1354 0.484 0.516
1355 0.5107 0.4893
1356 0.4986 0.5014
1357 0.4994 0.5006
1358 0.5225 0.4775
1359 0.4942 0.5058
1360 0.5068 0.4932
1361 0.5129 0.4871
1362 0.4954 0.5046
1363 0.5072 0.4928
1364 0.5064 0.4936
1365 0.5094 0.4906
1366 0.5062 0.4938
1367 0.4864 0.5136
1368 0.5131 0.4869
1369 0.4869 0.5131
1370 0.4968 0.5032
1371 0.5046 0.4954
1372 0.4956 0.5044
1373 0.495 0.505
1374 0.5144 0.4856
1375 0.5076 0.4924
1376 0.4945 0.5055
1377 0.5086 0.4914
1378 0.4979 0.5021
1379 0.4841 0.5159
1380 0.4939 0.5061
1381 0.5176 0.4824
1382 0.5098 0.4902
1383 0.4963 0.5037
1384 0.4785 0.5215
1385 0.5051 0.4949
1386 0.4948 0.5052
1387 0.5002 0.4998
1388 0.4692 0.5308
1389 0.4909 0.5091
1390 0.4998 0.5002
1391 0.5048 0.4952
1392 0.4828 0.5172
1393 0.5019 0.4981
1394 0.4856 0.5144
1395 0.4972 0.5028
1396 0.5084 0.4916
1397 0.4908 0.5092
1398 0.4903 0.5097
1399 0.5067 0.4933
1400 0.5153 0.4847
1401 0.4973 0.5027
1402 0.509 0.491
1403 0.5064 0.4936
1404 0.5145 0.4855
1405 0.5061 0.4939
1406 0.4977 0.5023
1407 0.5041 0.4959
1408 0.4974 0.5026
1409 0.4958 0.5042
1410 0.4949 0.5051
1411 0.5015 0.4985
1412 0.4941 0.5059
1413 0.497 0.503
1414 0.5058 0.4942
1415 0.4972 0.5028
1416 0.5008 0.4992
1417 0.5037 0.4963
1418 0.5088 0.4912
1419 0.5023 0.4977
1420 0.4909 0.5091
1421 0.5023 0.4977
1422 0.4901 0.5099
1423 0.5045 0.4955
1424 0.4828 0.5172
1425 0.4892 0.5108
1426 0.517 0.483
1427 0.5155 0.4845
1428 0.5093 0.4907
1429 0.5 0.5
1430 0.5036 0.4964
1431 0.5024 0.4976
1432 0.4788 0.5212
1433 0.4933 0.5067
1434 0.5036 0.4964
1435 0.4909 0.5091
1436 0.5026 0.4974
1437 0.4972 0.5028
1438 0.5051 0.4949
1439 0.4928 0.5072
1440 0.4707 0.5293
1441 0.5045 0.4955
1442 0.5015 0.4985
1443 0.5215 0.4785
1444 0.4837 0.5163
1445 0.4944 0.5056
1446 0.5042 0.4958
1447 0.4935 0.5065
1448 0.5076 0.4924
1449 0.5053 0.4947
1450 0.4772 0.5228
1451 0.4862 0.5138
1452 0.495 0.505
1453 0.496 0.504
1454 0.5253 0.4747
1455 0.4994 0.5006
1456 0.4962 0.5038
1457 0.4992 0.5008
1458 0.5098 0.4902
1459 0.4823 0.5177
1460 0.5106 0.4894
1461 0.5019 0.4981
1462 0.5081 0.4919
1463 0.4855 0.5145
1464 0.5054 0.4946
1465 0.5034 0.4966
1466 0.4888 0.5112
1467 0.5038 0.4962
1468 0.5022 0.4978
1469 0.4984 0.5016
1470 0.5133 0.4867
1471 0.5015 0.4985
1472 0.4975 0.5025
1473 0.5059 0.4941
1474 0.4932 0.5068
1475 0.4941 0.5059
1476 0.491 0.509
1477 0.5136 0.4864
1478 0.499 0.501
1479 0.4949 0.5051
1480 0.4861 0.5139
1481 0.5006 0.4994
1482 0.4954 0.5046
1483 0.4784 0.5216
1484 0.4882 0.5118
1485 0.4924 0.5076
1486 0.4974 0.5026
1487 0.5014 0.4986
1488 0.4765 0.5235
1489 0.5023 0.4977
1490 0.5 0.5
1491 0.5099 0.4901
1492 0.4936 0.5064
1493 0.5083 0.4917
1494 0.5146 0.4854
1495 0.5128 0.4872
1496 0.4976 0.5024
1497 0.5142 0.4858
1498 0.501 0.499
1499 0.4994 0.5006
1500 0.5068 0.4932
1501 0.5163 0.4837
1502 0.4912 0.5088
1503 0.5034 0.4966
1504 0.5063 0.4937
1505 0.5123 0.4877
1506 0.4998 0.5002
1507 0.5074 0.4926
1508 0.5052 0.4948
1509 0.5008 0.4992
1510 0.5047 0.4953
1511 0.5056 0.4944
1512 0.4935 0.5065
1513 0.4932 0.5068
1514 0.512 0.488
1515 0.5094 0.4906
1516 0.5091 0.4909
1517 0.5106 0.4894
1518 0.5037 0.4963
1519 0.506 0.494
1520 0.5223 0.4777
1521 0.4965 0.5035
1522 0.4948 0.5052
1523 0.4875 0.5125
1524 0.4973 0.5027
1525 0.5016 0.4984
1526 0.5069 0.4931
1527 0.4932 0.5068
1528 0.4897 0.5103
1529 0.5004 0.4996
1530 0.4908 0.5092
1531 0.4909 0.5091
1532 0.509 0.491
1533 0.5006 0.4994
1534 0.4974 0.5026
1535 0.5183 0.4817
1536 0.5019 0.4981
1537 0.4936 0.5064
1538 0.4887 0.5113
1539 0.4951 0.5049
1540 0.491 0.509
1541 0.4961 0.5039
1542 0.5186 0.4814
1543 0.4953 0.5047
1544 0.4945 0.5055
1545 0.507 0.493
1546 0.4996 0.5004
1547 0.5069 0.4931
1548 0.4921 0.5079
1549 0.5072 0.4928
1550 0.4863 0.5137
1551 0.4865 0.5135
1552 0.5266 0.4734
1553 0.5212 0.4788
1554 0.5034 0.4966
1555 0.5067 0.4933
1556 0.4913 0.5087
1557 0.4948 0.5052
1558 0.5053 0.4947
1559 0.5029 0.4971
1560 0.5178 0.4822
1561 0.4945 0.5055
1562 0.5214 0.4786
1563 0.5199 0.4801
1564 0.4874 0.5126
1565 0.512 0.488
1566 0.5024 0.4976
1567 0.4893 0.5107
1568 0.5023 0.4977
1569 0.5147 0.4853
1570 0.4878 0.5122
1571 0.5071 0.4929
1572 0.5041 0.4959
1573 0.506 0.494
1574 0.5127 0.4873
1575 0.4939 0.5061
1576 0.4912 0.5088
1577 0.5044 0.4956
1578 0.5121 0.4879
1579 0.4854 0.5146
1580 0.4898 0.5102
1581 0.4975 0.5025
1582 0.5017 0.4983
1583 0.4863 0.5137
1584 0.507 0.493
1585 0.5106 0.4894
1586 0.5017 0.4983
1587 0.5028 0.4972
1588 0.499 0.501
1589 0.5057 0.4943
1590 0.4971 0.5029
1591 0.5143 0.4857
1592 0.5097 0.4903
1593 0.4949 0.5051
1594 0.5059 0.4941
1595 0.5122 0.4878
1596 0.5025 0.4975
1597 0.5039 0.4961
1598 0.5012 0.4988
1599 0.501 0.499
1600 0.4902 0.5098
1601 0.5027 0.4973
1602 0.496 0.504
1603 0.5105 0.4895
1604 0.4949 0.5051
1605 0.5072 0.4928
1606 0.5125 0.4875
1607 0.4939 0.5061
1608 0.4994 0.5006
1609 0.5049 0.4951
1610 0.4965 0.5035
1611 0.5148 0.4852
1612 0.5167 0.4833
1613 0.4899 0.5101
1614 0.4839 0.5161
1615 0.5024 0.4976
1616 0.505 0.495
1617 0.5117 0.4883
1618 0.5092 0.4908
1619 0.4862 0.5138
1620 0.5071 0.4929
1621 0.5078 0.4922
1622 0.4996 0.5004
1623 0.5002 0.4998
1624 0.4985 0.5015
1625 0.4916 0.5084
1626 0.496 0.504
1627 0.5091 0.4909
1628 0.5022 0.4978
1629 0.4716 0.5284
1630 0.5066 0.4934
1631 0.5036 0.4964
1632 0.4892 0.5108
1633 0.4884 0.5116
1634 0.5198 0.4802
1635 0.4983 0.5017
1636 0.488 0.512
1637 0.495 0.505
1638 0.5126 0.4874
1639 0.5006 0.4994
1640 0.491 0.509
1641 0.5036 0.4964
1642 0.4934 0.5066
1643 0.5105 0.4895
1644 0.5156 0.4844
1645 0.5065 0.4935
1646 0.5121 0.4879
1647 0.5126 0.4874
1648 0.4859 0.5141
1649 0.5157 0.4843
1650 0.5025 0.4975
1651 0.508 0.492
1652 0.5235 0.4765
1653 0.4989 0.5011
1654 0.5103 0.4897
1655 0.5172 0.4828
1656 0.5081 0.4919
1657 0.5111 0.4889
1658 0.4872 0.5128
1659 0.498 0.502
1660 0.5022 0.4978
1661 0.499 0.501
1662 0.4987 0.5013
1663 0.4925 0.5075
1664 0.5098 0.4902
1665 0.4853 0.5147
1666 0.5076 0.4924
1667 0.4939 0.5061
1668 0.5078 0.4922
1669 0.4944 0.5056
1670 0.5105 0.4895
1671 0.5169 0.4831
1672 0.5181 0.4819
1673 0.496 0.504
1674 0.5127 0.4873
1675 0.4984 0.5016
1676 0.5016 0.4984
1677 0.4977 0.5023
1678 0.4934 0.5066
1679 0.507 0.493
1680 0.5103 0.4897
1681 0.5018 0.4982
1682 0.5191 0.4809
1683 0.4927 0.5073
1684 0.4891 0.5109
1685 0.5058 0.4942
1686 0.5138 0.4862
1687 0.4982 0.5018
1688 0.5049 0.4951
1689 0.4885 0.5115
1690 0.4981 0.5019
1691 0.4984 0.5016
1692 0.5143 0.4857
1693 0.5047 0.4953
1694 0.5169 0.4831
1695 0.5042 0.4958
1696 0.5071 0.4929
1697 0.5134 0.4866
1698 0.5192 0.4808
1699 0.5148 0.4852
1700 0.5182 0.4818
1701 0.5073 0.4927
1702 0.5031 0.4969
1703 0.4904 0.5096
1704 0.5077 0.4923
1705 0.5154 0.4846
1706 0.507 0.493
1707 0.5037 0.4963
1708 0.4959 0.5041
1709 0.4984 0.5016
1710 0.4925 0.5075
1711 0.4951 0.5049
1712 0.4952 0.5048
1713 0.5114 0.4886
1714 0.5195 0.4805
1715 0.5087 0.4913
1716 0.5081 0.4919
1717 0.5156 0.4844
1718 0.4924 0.5076
1719 0.4982 0.5018
1720 0.5126 0.4874
1721 0.4963 0.5037
1722 0.5128 0.4872
1723 0.5065 0.4935
1724 0.5032 0.4968
1725 0.5049 0.4951
1726 0.5029 0.4971
1727 0.4933 0.5067
1728 0.5013 0.4987
1729 0.5011 0.4989
1730 0.5115 0.4885
1731 0.5089 0.4911
1732 0.5004 0.4996
1733 0.4879 0.5121
1734 0.5148 0.4852
1735 0.4996 0.5004
1736 0.4924 0.5076
1737 0.5073 0.4927
1738 0.5028 0.4972
1739 0.5175 0.4825
1740 0.4848 0.5152
1741 0.5139 0.4861
1742 0.495 0.505
1743 0.5053 0.4947
1744 0.5092 0.4908
1745 0.4949 0.5051
1746 0.5127 0.4873
1747 0.4952 0.5048
1748 0.5062 0.4938
1749 0.4816 0.5184
1750 0.5004 0.4996
1751 0.5123 0.4877
1752 0.512 0.488
1753 0.5045 0.4955
1754 0.515 0.485
1755 0.4959 0.5041
1756 0.5075 0.4925
1757 0.4913 0.5087
1758 0.5014 0.4986
1759 0.4959 0.5041
1760 0.4985 0.5015
1761 0.5029 0.4971
1762 0.5204 0.4796
1763 0.5014 0.4986
1764 0.4669 0.5331
1765 0.5006 0.4994
1766 0.498 0.502
1767 0.4828 0.5172
1768 0.5013 0.4987
1769 0.4985 0.5015
1770 0.5097 0.4903
1771 0.5022 0.4978
1772 0.5008 0.4992
1773 0.4973 0.5027
1774 0.5098 0.4902
1775 0.4924 0.5076
1776 0.5153 0.4847
1777 0.4958 0.5042
1778 0.4747 0.5253
1779 0.5222 0.4778
1780 0.5113 0.4887
1781 0.5039 0.4961
1782 0.4887 0.5113
1783 0.5039 0.4961
1784 0.4904 0.5096
1785 0.511 0.489
1786 0.5188 0.4812
1787 0.5032 0.4968
1788 0.5036 0.4964
1789 0.5078 0.4922
1790 0.5143 0.4857
1791 0.5128 0.4872
1792 0.4989 0.5011
1793 0.5078 0.4922
1794 0.5007 0.4993
1795 0.5074 0.4926
1796 0.5073 0.4927
1797 0.5265 0.4735
1798 0.5035 0.4965
1799 0.5002 0.4998
1800 0.5049 0.4951
1801 0.4965 0.5035
1802 0.4816 0.5184
1803 0.4927 0.5073
1804 0.4943 0.5057
1805 0.5035 0.4965
1806 0.5007 0.4993
1807 0.5078 0.4922
1808 0.5114 0.4886
1809 0.4989 0.5011
1810 0.5027 0.4973
1811 0.4937 0.5063
1812 0.5041 0.4959
1813 0.5098 0.4902
1814 0.5236 0.4764
1815 0.5041 0.4959
1816 0.505 0.495
1817 0.5162 0.4838
1818 0.5008 0.4992
1819 0.49 0.51
1820 0.5042 0.4958
1821 0.4896 0.5104
1822 0.5035 0.4965
1823 0.5058 0.4942
1824 0.5132 0.4868
1825 0.5007 0.4993
1826 0.5197 0.4803
1827 0.5014 0.4986
1828 0.509 0.491
1829 0.5208 0.4792
1830 0.4976 0.5024
1831 0.4953 0.5047
1832 0.5036 0.4964
1833 0.5113 0.4887
1834 0.4825 0.5175
1835 0.503 0.497
1836 0.4986 0.5014
1837 0.4906 0.5094
1838 0.503 0.497
1839 0.5128 0.4872
1840 0.4972 0.5028
1841 0.5098 0.4902
1842 0.5093 0.4907
1843 0.5114 0.4886
1844 0.5123 0.4877
1845 0.5154 0.4846
1846 0.4858 0.5142
1847 0.5019 0.4981
1848 0.5172 0.4828
1849 0.494 0.506
1850 0.493 0.507
1851 0.4851 0.5149
1852 0.5126 0.4874
1853 0.4937 0.5063
1854 0.5113 0.4887
1855 0.5018 0.4982
1856 0.5005 0.4995
1857 0.4921 0.5079
1858 0.5098 0.4902
1859 0.5005 0.4995
1860 0.5025 0.4975
1861 0.5083 0.4917
1862 0.5071 0.4929
1863 0.4959 0.5041
1864 0.4953 0.5047
1865 0.507 0.493
1866 0.5174 0.4826
1867 0.4967 0.5033
1868 0.5034 0.4966
1869 0.5092 0.4908
1870 0.4944 0.5056
1871 0.5142 0.4858
1872 0.5058 0.4942
1873 0.5052 0.4948
1874 0.502 0.498
1875 0.4905 0.5095
1876 0.507 0.493
1877 0.5077 0.4923
1878 0.5029 0.4971
1879 0.4866 0.5134
1880 0.5134 0.4866
1881 0.4893 0.5107
1882 0.5063 0.4937
1883 0.5207 0.4793
1884 0.5072 0.4928
1885 0.4937 0.5063
1886 0.4965 0.5035
1887 0.4892 0.5108
1888 0.5127 0.4873
1889 0.4976 0.5024
1890 0.4958 0.5042
1891 0.4988 0.5012
1892 0.5172 0.4828
1893 0.5219 0.4781
1894 0.4878 0.5122
1895 0.5126 0.4874
1896 0.4997 0.5003
1897 0.5092 0.4908
1898 0.5047 0.4953
1899 0.5024 0.4976
1900 0.5041 0.4959
1901 0.4974 0.5026
1902 0.5012 0.4988
1903 0.5009 0.4991
1904 0.4944 0.5056
1905 0.5224 0.4776
1906 0.5093 0.4907
1907 0.5183 0.4817
1908 0.5008 0.4992
1909 0.4986 0.5014
1910 0.5155 0.4845
1911 0.5063 0.4937
1912 0.5074 0.4926
1913 0.4963 0.5037
1914 0.501 0.499
1915 0.4939 0.5061
1916 0.5 0.5
1917 0.5019 0.4981
1918 0.5104 0.4896
1919 0.5021 0.4979
1920 0.4935 0.5065
1921 0.5034 0.4966
1922 0.5083 0.4917
1923 0.5071 0.4929
1924 0.5113 0.4887
1925 0.5051 0.4949
1926 0.5035 0.4965
1927 0.5027 0.4973
1928 0.5007 0.4993
1929 0.5024 0.4976
1930 0.5064 0.4936
1931 0.5074 0.4926
1932 0.5012 0.4988
1933 0.4899 0.5101
1934 0.5067 0.4933
1935 0.4925 0.5075
1936 0.4883 0.5117
1937 0.5124 0.4876
1938 0.507 0.493
1939 0.5065 0.4935
1940 0.5043 0.4957
1941 0.4975 0.5025
1942 0.5029 0.4971
1943 0.5227 0.4773
1944 0.498 0.502
1945 0.5148 0.4852
1946 0.4963 0.5037
1947 0.5116 0.4884
1948 0.4954 0.5046
1949 0.5024 0.4976
1950 0.5099 0.4901
1951 0.4927 0.5073
1952 0.5061 0.4939
1953 0.4995 0.5005
1954 0.4884 0.5116
1955 0.5069 0.4931
1956 0.5082 0.4918
1957 0.515 0.485
1958 0.4908 0.5092
1959 0.5036 0.4964
1960 0.4907 0.5093
1961 0.5129 0.4871
1962 0.5186 0.4814
1963 0.5008 0.4992
1964 0.4888 0.5112
1965 0.5053 0.4947
1966 0.4963 0.5037
1967 0.5134 0.4866
1968 0.5128 0.4872
1969 0.5101 0.4899
1970 0.5031 0.4969
1971 0.5093 0.4907
1972 0.5123 0.4877
1973 0.4949 0.5051
1974 0.5011 0.4989
1975 0.5002 0.4998
1976 0.4997 0.5003
1977 0.5048 0.4952
1978 0.5025 0.4975
1979 0.5036 0.4964
1980 0.5047 0.4953
1981 0.5101 0.4899
1982 0.4891 0.5109
1983 0.5098 0.4902
1984 0.5015 0.4985
1985 0.5041 0.4959
1986 0.5075 0.4925
1987 0.5121 0.4879
1988 0.5096 0.4904
1989 0.4929 0.5071
1990 0.5065 0.4935
1991 0.5005 0.4995
1992 0.498 0.502
1993 0.5015 0.4985
1994 0.499 0.501
1995 0.4979 0.5021
1996 0.5094 0.4906
1997 0.4994 0.5006
1998 0.4946 0.5054
1999 0.5071 0.4929
2000 0.5081 0.4919
2001 0.4998 0.5002
2002 0.5158 0.4842
2003 0.4874 0.5126
2004 0.5028 0.4972
2005 0.5031 0.4969
2006 0.5078 0.4922
2007 0.503 0.497
2008 0.5098 0.4902
2009 0.506 0.494
2010 0.4948 0.5052
2011 0.5159 0.4841
2012 0.5095 0.4905
2013 0.4924 0.5076
2014 0.5128 0.4872
2015 0.5045 0.4955
2016 0.5038 0.4962
2017 0.5032 0.4968
2018 0.5069 0.4931
2019 0.5079 0.4921
2020 0.4861 0.5139
2021 0.4957 0.5043
2022 0.5014 0.4986
2023 0.5004 0.4996
2024 0.4995 0.5005
2025 0.4973 0.5027
2026 0.5047 0.4953
2027 0.4945 0.5055
2028 0.5163 0.4837
2029 0.5108 0.4892
2030 0.5012 0.4988
2031 0.507 0.493
2032 0.4841 0.5159
2033 0.515 0.485
2034 0.5006 0.4994
2035 0.521 0.479
2036 0.4952 0.5048
2037 0.4998 0.5002
2038 0.5044 0.4956
2039 0.4959 0.5041
2040 0.4902 0.5098
2041 0.482 0.518
2042 0.5115 0.4885
2043 0.4889 0.5111
2044 0.508 0.492
2045 0.4984 0.5016
2046 0.4874 0.5126
2047 0.5039 0.4961
2048 0.5085 0.4915
2049 0.4952 0.5048
2050 0.4995 0.5005
2051 0.4985 0.5015
2052 0.521 0.479
2053 0.5185 0.4815
2054 0.5114 0.4886
2055 0.5134 0.4866
2056 0.5163 0.4837
2057 0.5007 0.4993
2058 0.509 0.491
2059 0.5101 0.4899
2060 0.4974 0.5026
2061 0.496 0.504
2062 0.5015 0.4985
2063 0.5025 0.4975
2064 0.5006 0.4994
2065 0.5244 0.4756
2066 0.502 0.498
2067 0.5057 0.4943
2068 0.5177 0.4823
2069 0.5125 0.4875
2070 0.4872 0.5128
2071 0.5018 0.4982
2072 0.4971 0.5029
2073 0.5051 0.4949
2074 0.5055 0.4945
2075 0.5045 0.4955
2076 0.4916 0.5084
2077 0.5042 0.4958
2078 0.503 0.497
2079 0.5066 0.4934
2080 0.5138 0.4862
2081 0.5104 0.4896
2082 0.5134 0.4866
2083 0.5141 0.4859
2084 0.5012 0.4988
2085 0.5027 0.4973
2086 0.499 0.501
2087 0.4912 0.5088
2088 0.5234 0.4766
2089 0.4961 0.5039
2090 0.4989 0.5011
2091 0.5009 0.4991
2092 0.51 0.49
2093 0.5201 0.4799
2094 0.5099 0.4901
2095 0.5011 0.4989
2096 0.5001 0.4999
2097 0.4956 0.5044
2098 0.4992 0.5008
2099 0.4875 0.5125
2100 0.5153 0.4847
2101 0.5036 0.4964
2102 0.5097 0.4903
2103 0.5006 0.4994
2104 0.4932 0.5068
2105 0.4944 0.5056
2106 0.5058 0.4942
2107 0.5056 0.4944
2108 0.4977 0.5023
2109 0.5086 0.4914
2110 0.504 0.496
2111 0.5081 0.4919
2112 0.5104 0.4896
2113 0.5168 0.4832
2114 0.4966 0.5034
2115 0.4952 0.5048
2116 0.5191 0.4809
2117 0.5071 0.4929
2118 0.5039 0.4961
2119 0.509 0.491
2120 0.4967 0.5033
2121 0.5226 0.4774
2122 0.5112 0.4888
2123 0.5039 0.4961
2124 0.5046 0.4954
2125 0.5054 0.4946
2126 0.5051 0.4949
2127 0.5007 0.4993
2128 0.5136 0.4864
2129 0.4977 0.5023
2130 0.5004 0.4996
2131 0.5168 0.4832
2132 0.5168 0.4832
2133 0.5069 0.4931
2134 0.5041 0.4959
2135 0.496 0.504
2136 0.4937 0.5063
2137 0.5109 0.4891
2138 0.5172 0.4828
2139 0.4991 0.5009
2140 0.4941 0.5059
2141 0.5062 0.4938
2142 0.4858 0.5142
2143 0.4935 0.5065
2144 0.4904 0.5096
2145 0.5047 0.4953
2146 0.5331 0.4669
2147 0.5065 0.4935
2148 0.4992 0.5008
2149 0.5252 0.4748
2150 0.508 0.492
2151 0.5091 0.4909
2152 0.5091 0.4909
2153 0.4997 0.5003
2154 0.5082 0.4918
2155 0.4941 0.5059
2156 0.5077 0.4923
2157 0.5101 0.4899
2158 0.5148 0.4852
2159 0.49 0.51
2160 0.4985 0.5015
2161 0.5054 0.4946
2162 0.5108 0.4892
2163 0.4922 0.5078
2164 0.5067 0.4933
2165 0.501 0.499
2166 0.5085 0.4915
2167 0.5075 0.4925
2168 0.5097 0.4903
2169 0.517 0.483
2170 0.5034 0.4966
2171 0.5072 0.4928
2172 0.5074 0.4926
2173 0.5008 0.4992
2174 0.4991 0.5009
2175 0.5136 0.4864
2176 0.518 0.482
2177 0.5016 0.4984
2178 0.5116 0.4884
2179 0.5166 0.4834
2180 0.4998 0.5002
2181 0.511 0.489
2182 0.4988 0.5012
2183 0.5046 0.4954
2184 0.498 0.502
2185 0.5108 0.4892
2186 0.4884 0.5116
2187 0.5058 0.4942
2188 0.5003 0.4997
2189 0.5179 0.4821
2190 0.5094 0.4906
2191 0.492 0.508
2192 0.505 0.495
2193 0.511 0.489
2194 0.4984 0.5016
2195 0.4863 0.5137
2196 0.5043 0.4957
2197 0.5076 0.4924
2198 0.5056 0.4944
2199 0.5081 0.4919
2200 0.4996 0.5004
2201 0.493 0.507
2202 0.4826 0.5174
2203 0.5088 0.4912
2204 0.5029 0.4971
2205 0.5035 0.4965
2206 0.4953 0.5047
2207 0.5136 0.4864
2208 0.5046 0.4954
2209 0.5024 0.4976
2210 0.5028 0.4972
2211 0.5073 0.4927
2212 0.5016 0.4984
2213 0.5011 0.4989
2214 0.5014 0.4986
2215 0.4995 0.5005
2216 0.4898 0.5102
2217 0.5014 0.4986
2218 0.5155 0.4845
2219 0.4967 0.5033
2220 0.5006 0.4994
2221 0.5124 0.4876
2222 0.5046 0.4954
2223 0.5059 0.4941
2224 0.5027 0.4973
2225 0.5029 0.4971
2226 0.5047 0.4953
2227 0.5062 0.4938
2228 0.5072 0.4928
2229 0.5002 0.4998
2230 0.5005 0.4995
2231 0.4932 0.5068
2232 0.5031 0.4969
2233 0.4968 0.5032
2234 0.5089 0.4911
2235 0.5049 0.4951
2236 0.5016 0.4984
2237 0.4995 0.5005
2238 0.5066 0.4934
2239 0.5005 0.4995
2240 0.5047 0.4953
2241 0.4948 0.5052
2242 0.4986 0.5014
2243 0.5041 0.4959
2244 0.4824 0.5176
2245 0.4986 0.5014
2246 0.495 0.505
2247 0.497 0.503
2248 0.4857 0.5143
2249 0.5106 0.4894
2250 0.4962 0.5038
2251 0.5066 0.4934
2252 0.4865 0.5135
2253 0.4973 0.5027
2254 0.5019 0.4981
2255 0.5057 0.4943
2256 0.5155 0.4845
2257 0.495 0.505
2258 0.5161 0.4839
2259 0.4994 0.5006
2260 0.4884 0.5116
2261 0.4984 0.5016
2262 0.5088 0.4912
2263 0.495 0.505
2264 0.5051 0.4949
2265 0.516 0.484
2266 0.5196 0.4804
2267 0.5222 0.4778
2268 0.5008 0.4992
2269 0.4942 0.5058
2270 0.5118 0.4882
2271 0.5144 0.4856
2272 0.5047 0.4953
2273 0.5039 0.4961
2274 0.4924 0.5076
2275 0.5029 0.4971
2276 0.5111 0.4889
2277 0.5025 0.4975
2278 0.5026 0.4974
2279 0.5117 0.4883
2280 0.4983 0.5017
2281 0.5217 0.4783
2282 0.5009 0.4991
2283 0.5089 0.4911
2284 0.5006 0.4994
2285 0.5067 0.4933
2286 0.5034 0.4966
2287 0.5059 0.4941
2288 0.5092 0.4908
2289 0.5093 0.4907
2290 0.4975 0.5025
2291 0.4892 0.5108
2292 0.4962 0.5038
2293 0.506 0.494
2294 0.4989 0.5011
2295 0.5045 0.4955
2296 0.5116 0.4884
2297 0.508 0.492
2298 0.5064 0.4936
2299 0.5139 0.4861
2300 0.5026 0.4974
2301 0.5121 0.4879
2302 0.4984 0.5016
2303 0.4955 0.5045
2304 0.4994 0.5006
2305 0.5136 0.4864
2306 0.5081 0.4919
2307 0.5076 0.4924
2308 0.5114 0.4886
2309 0.5201 0.4799
2310 0.4963 0.5037
2311 0.5054 0.4946
2312 0.5077 0.4923
2313 0.5094 0.4906
2314 0.5002 0.4998
2315 0.5121 0.4879
2316 0.5014 0.4986
2317 0.5062 0.4938
2318 0.515 0.485
2319 0.5054 0.4946
2320 0.505 0.495
2321 0.5078 0.4922
2322 0.4888 0.5112
2323 0.5034 0.4966
2324 0.5038 0.4962
2325 0.507 0.493
2326 0.4993 0.5007
2327 0.5043 0.4957
2328 0.5007 0.4993
2329 0.5048 0.4952
2330 0.5122 0.4878
2331 0.4937 0.5063
2332 0.5004 0.4996
2333 0.5047 0.4953
2334 0.5016 0.4984
2335 0.5058 0.4942
2336 0.4985 0.5015
2337 0.4965 0.5035
2338 0.4995 0.5005
2339 0.5189 0.4811
2340 0.497 0.503
2341 0.5116 0.4884
2342 0.5055 0.4945
2343 0.5006 0.4994
2344 0.4974 0.5026
2345 0.5 0.5
2346 0.5034 0.4966
2347 0.5016 0.4984
2348 0.4947 0.5053
2349 0.4994 0.5006
2350 0.4998 0.5002
2351 0.502 0.498
2352 0.4958 0.5042
2353 0.4924 0.5076
2354 0.51 0.49
2355 0.5123 0.4877
2356 0.5058 0.4942
2357 0.5175 0.4825
2358 0.5059 0.4941
2359 0.499 0.501
2360 0.5011 0.4989
2361 0.5064 0.4936
2362 0.5031 0.4969
2363 0.5056 0.4944
2364 0.5045 0.4955
2365 0.4981 0.5019
2366 0.501 0.499
2367 0.5064 0.4936
2368 0.4952 0.5048
2369 0.5055 0.4945
2370 0.5084 0.4916
2371 0.5072 0.4928
2372 0.4923 0.5077
2373 0.5054 0.4946
2374 0.5003 0.4997
2375 0.5117 0.4883
2376 0.5018 0.4982
2377 0.4933 0.5067
2378 0.4982 0.5018
2379 0.5092 0.4908
2380 0.5109 0.4891
2381 0.504 0.496
2382 0.5055 0.4945
2383 0.5066 0.4934
2384 0.5101 0.4899
2385 0.501 0.499
2386 0.5039 0.4961
2387 0.4994 0.5006
2388 0.505 0.495
2389 0.5072 0.4928
2390 0.5016 0.4984
2391 0.4935 0.5065
2392 0.501 0.499
2393 0.5207 0.4793
2394 0.5064 0.4936
2395 0.516 0.484
2396 0.5176 0.4824
2397 0.4989 0.5011
2398 0.5038 0.4962
2399 0.4986 0.5014
2400 0.5163 0.4837
2401 0.5038 0.4962
2402 0.5031 0.4969
2403 0.5031 0.4969
2404 0.5046 0.4954
2405 0.5292 0.4708
2406 0.5057 0.4943
2407 0.4994 0.5006
2408 0.5086 0.4914
2409 0.5108 0.4892
2410 0.5017 0.4983
2411 0.4907 0.5093
2412 0.4967 0.5033
2413 0.5194 0.4806
2414 0.4984 0.5016
2415 0.4892 0.5108
2416 0.5046 0.4954
2417 0.4952 0.5048
2418 0.5117 0.4883
2419 0.5063 0.4937
2420 0.5063 0.4937
2421 0.5014 0.4986
2422 0.5007 0.4993
2423 0.516 0.484
2424 0.4947 0.5053
2425 0.5084 0.4916
2426 0.5011 0.4989
2427 0.5001 0.4999
2428 0.497 0.503
2429 0.4957 0.5043
2430 0.5058 0.4942
2431 0.5038 0.4962
2432 0.5055 0.4945
2433 0.4926 0.5074
2434 0.5089 0.4911
2435 0.4943 0.5057
2436 0.5121 0.4879
2437 0.5017 0.4983
2438 0.5089 0.4911
2439 0.5053 0.4947
2440 0.5022 0.4978
2441 0.4995 0.5005
2442 0.4906 0.5094
2443 0.5087 0.4913
2444 0.5114 0.4886
2445 0.5023 0.4977
2446 0.4965 0.5035
2447 0.507 0.493
2448 0.4926 0.5074
2449 0.5092 0.4908
2450 0.5014 0.4986
2451 0.5107 0.4893
2452 0.4997 0.5003
2453 0.5055 0.4945
2454 0.5003 0.4997
2455 0.4967 0.5033
2456 0.5079 0.4921
2457 0.4986 0.5014
2458 0.5167 0.4833
2459 0.482 0.518
2460 0.5047 0.4953
2461 0.5003 0.4997
2462 0.5003 0.4997
2463 0.5021 0.4979
2464 0.506 0.494
2465 0.5106 0.4894
2466 0.5094 0.4906
2467 0.5004 0.4996
2468 0.503 0.497
2469 0.511 0.489
2470 0.5141 0.4859
2471 0.5106 0.4894
2472 0.4968 0.5032
2473 0.5008 0.4992
2474 0.4977 0.5023
2475 0.502 0.498
2476 0.4987 0.5013
2477 0.5021 0.4979
2478 0.4956 0.5044
2479 0.5028 0.4972
2480 0.4952 0.5048
2481 0.5081 0.4919
2482 0.5029 0.4971
2483 0.493 0.507
2484 0.5101 0.4899
2485 0.4961 0.5039
2486 0.4963 0.5037
2487 0.4977 0.5023
2488 0.5006 0.4994
2489 0.5136 0.4864
2490 0.5085 0.4915
2491 0.5037 0.4963
2492 0.5016 0.4984
2493 0.5019 0.4981
2494 0.498 0.502
2495 0.5052 0.4948
2496 0.5026 0.4974
2497 0.5106 0.4894
2498 0.5117 0.4883
2499 0.5064 0.4936
2500 0.491 0.509
2501 0.5118 0.4882
2502 0.5031 0.4969
2503 0.5006 0.4994
2504 0.4998 0.5002
2505 0.4979 0.5021
2506 0.5102 0.4898
2507 0.5059 0.4941
2508 0.5087 0.4913
2509 0.4963 0.5037
2510 0.5081 0.4919
2511 0.5023 0.4977
2512 0.5 0.5
2513 0.5084 0.4916
2514 0.5025 0.4975
2515 0.5025 0.4975
2516 0.495 0.505
2517 0.5099 0.4901
2518 0.5014 0.4986
2519 0.5065 0.4935
2520 0.5037 0.4963
2521 0.5034 0.4966
2522 0.5031 0.4969
2523 0.5068 0.4932
2524 0.5 0.5
2525 0.5068 0.4932
2526 0.4947 0.5053
2527 0.4915 0.5085
2528 0.514 0.486
2529 0.5022 0.4978
2530 0.4997 0.5003
2531 0.523 0.477
2532 0.5115 0.4885
2533 0.4998 0.5002
2534 0.5182 0.4818
2535 0.5026 0.4974
2536 0.5128 0.4872
2537 0.4982 0.5018
2538 0.4949 0.5051
2539 0.5047 0.4953
2540 0.5149 0.4851
2541 0.4942 0.5058
2542 0.4945 0.5055
2543 0.5032 0.4968
2544 0.5107 0.4893
2545 0.5071 0.4929
2546 0.5004 0.4996
2547 0.5139 0.4861
2548 0.4944 0.5056
2549 0.5109 0.4891
2550 0.499 0.501
2551 0.5076 0.4924
2552 0.5028 0.4972
2553 0.4946 0.5054
2554 0.5107 0.4893
2555 0.5066 0.4934
2556 0.5076 0.4924
2557 0.5113 0.4887
2558 0.5061 0.4939
2559 0.5086 0.4914
2560 0.5032 0.4968
2561 0.5044 0.4956
2562 0.4979 0.5021
2563 0.4978 0.5022
2564 0.4985 0.5015
2565 0.5098 0.4902
2566 0.5095 0.4905
2567 0.491 0.509
2568 0.5033 0.4967
2569 0.5018 0.4982
2570 0.5064 0.4936
2571 0.5069 0.4931
2572 0.5065 0.4935
2573 0.5046 0.4954
2574 0.4996 0.5004
2575 0.5058 0.4942
2576 0.5049 0.4951
2577 0.5066 0.4934
2578 0.5003 0.4997
2579 0.5092 0.4908
2580 0.5054 0.4946
2581 0.5081 0.4919
2582 0.5054 0.4946
2583 0.5138 0.4862
2584 0.4996 0.5004
2585 0.498 0.502
2586 0.5141 0.4859
2587 0.5032 0.4968
2588 0.5062 0.4938
2589 0.5107 0.4893
2590 0.5021 0.4979
2591 0.5139 0.4861
2592 0.507 0.493
2593 0.5038 0.4962
2594 0.505 0.495
2595 0.5037 0.4963
2596 0.5029 0.4971
2597 0.5038 0.4962
2598 0.5049 0.4951
2599 0.5111 0.4889
2600 0.5069 0.4931
2601 0.5105 0.4895
2602 0.5004 0.4996
2603 0.4998 0.5002
2604 0.5086 0.4914
2605 0.4973 0.5027
2606 0.5055 0.4945
2607 0.4982 0.5018
2608 0.5001 0.4999
2609 0.5027 0.4973
2610 0.503 0.497
2611 0.5064 0.4936
2612 0.5033 0.4967
2613 0.5004 0.4996
2614 0.498 0.502
2615 0.5072 0.4928
2616 0.4988 0.5012
2617 0.5087 0.4913
2618 0.5 0.5
2619 0.506 0.494
2620 0.4979 0.5021
2621 0.4942 0.5058
2622 0.5158 0.4842
2623 0.5027 0.4973
2624 0.4945 0.5055
2625 0.4934 0.5066
2626 0.5116 0.4884
2627 0.5133 0.4867
2628 0.503 0.497
2629 0.5084 0.4916
2630 0.4951 0.5049
2631 0.5088 0.4912
2632 0.4988 0.5012
2633 0.5079 0.4921
2634 0.4967 0.5033
2635 0.503 0.497
2636 0.5005 0.4995
2637 0.5125 0.4875
2638 0.5023 0.4977
2639 0.4957 0.5043
2640 0.4885 0.5115
2641 0.507 0.493
2642 0.5061 0.4939
2643 0.5057 0.4943
2644 0.4978 0.5022
2645 0.5025 0.4975
2646 0.5051 0.4949
2647 0.5013 0.4987
2648 0.51 0.49
2649 0.5042 0.4958
2650 0.4955 0.5045
2651 0.5052 0.4948
2652 0.5029 0.4971
2653 0.5038 0.4962
2654 0.4998 0.5002
2655 0.5011 0.4989
2656 0.5053 0.4947
2657 0.5015 0.4985
2658 0.4991 0.5009
2659 0.5078 0.4922
2660 0.5064 0.4936
2661 0.5091 0.4909
2662 0.5061 0.4939
2663 0.5087 0.4913
2664 0.5044 0.4956
2665 0.5022 0.4978
2666 0.5045 0.4955
2667 0.4986 0.5014
2668 0.5039 0.4961
2669 0.5122 0.4878
2670 0.5104 0.4896
2671 0.4986 0.5014
2672 0.5075 0.4925
2673 0.5023 0.4977
2674 0.5071 0.4929
2675 0.5069 0.4931
2676 0.5028 0.4972
2677 0.4979 0.5021
2678 0.5075 0.4925
2679 0.5086 0.4914
2680 0.499 0.501
2681 0.5019 0.4981
2682 0.5003 0.4997
2683 0.5078 0.4922
2684 0.4973 0.5027
2685 0.5015 0.4985
2686 0.5034 0.4966
2687 0.4912 0.5088
2688 0.5038 0.4962
2689 0.4894 0.5106
2690 0.505 0.495
2691 0.5004 0.4996
2692 0.4978 0.5022
2693 0.5106 0.4894
2694 0.5011 0.4989
2695 0.5155 0.4845
2696 0.512 0.488
2697 0.5017 0.4983
2698 0.4993 0.5007
2699 0.5029 0.4971
2700 0.502 0.498
2701 0.5033 0.4967
2702 0.502 0.498
2703 0.5047 0.4953
2704 0.5027 0.4973
2705 0.5109 0.4891
2706 0.5143 0.4857
2707 0.503 0.497
2708 0.5034 0.4966
2709 0.513 0.487
2710 0.507 0.493
2711 0.4936 0.5064
2712 0.5049 0.4951
2713 0.506 0.494
2714 0.5068 0.4932
2715 0.4991 0.5009
2716 0.5013 0.4987
2717 0.5089 0.4911
2718 0.4978 0.5022
2719 0.5115 0.4885
2720 0.4939 0.5061
2721 0.5108 0.4892
2722 0.4961 0.5039
2723 0.4984 0.5016
2724 0.502 0.498
2725 0.5056 0.4944
2726 0.4939 0.5061
2727 0.4991 0.5009
2728 0.4992 0.5008
2729 0.4994 0.5006
2730 0.4949 0.5051
2731 0.5024 0.4976
2732 0.5069 0.4931
2733 0.4991 0.5009
2734 0.4975 0.5025
2735 0.5087 0.4913
2736 0.5105 0.4895
2737 0.5035 0.4965
2738 0.4996 0.5004
2739 0.5005 0.4995
2740 0.5083 0.4917
2741 0.5039 0.4961
2742 0.5065 0.4935
2743 0.5115 0.4885
2744 0.4969 0.5031
2745 0.5052 0.4948
2746 0.502 0.498
2747 0.5122 0.4878
2748 0.5031 0.4969
2749 0.5102 0.4898
2750 0.5011 0.4989
2751 0.5103 0.4897
2752 0.498 0.502
2753 0.5106 0.4894
2754 0.5026 0.4974
2755 0.501 0.499
2756 0.5038 0.4962
2757 0.5015 0.4985
2758 0.5069 0.4931
2759 0.507 0.493
2760 0.4968 0.5032
2761 0.497 0.503
2762 0.5092 0.4908
2763 0.5073 0.4927
2764 0.4923 0.5077
2765 0.5022 0.4978
2766 0.4913 0.5087
2767 0.4971 0.5029
2768 0.4992 0.5008
2769 0.5002 0.4998
2770 0.5006 0.4994
2771 0.4963 0.5037
2772 0.5032 0.4968
2773 0.5015 0.4985
2774 0.4972 0.5028
2775 0.4958 0.5042
2776 0.5025 0.4975
2777 0.502 0.498
2778 0.5086 0.4914
2779 0.5051 0.4949
2780 0.5036 0.4964
2781 0.505 0.495
2782 0.5059 0.4941
2783 0.5116 0.4884
2784 0.5102 0.4898
2785 0.5064 0.4936
2786 0.5015 0.4985
2787 0.5062 0.4938
2788 0.505 0.495
2789 0.5138 0.4862
2790 0.5056 0.4944
2791 0.5032 0.4968
2792 0.5053 0.4947
2793 0.5089 0.4911
2794 0.4982 0.5018
2795 0.5016 0.4984
2796 0.5014 0.4986
2797 0.5079 0.4921
2798 0.5013 0.4987
2799 0.504 0.496
2800 0.5108 0.4892
2801 0.5029 0.4971
2802 0.4971 0.5029
2803 0.5038 0.4962
2804 0.5014 0.4986
2805 0.5011 0.4989
2806 0.5108 0.4892
2807 0.509 0.491
2808 0.5011 0.4989
2809 0.5005 0.4995
2810 0.4974 0.5026
2811 0.5026 0.4974
2812 0.5108 0.4892
2813 0.5011 0.4989
2814 0.4987 0.5013
2815 0.5093 0.4907
2816 0.5036 0.4964
2817 0.501 0.499
2818 0.503 0.497
2819 0.5009 0.4991
2820 0.507 0.493
2821 0.5032 0.4968
2822 0.5008 0.4992
2823 0.5082 0.4918
2824 0.4996 0.5004
2825 0.5033 0.4967
2826 0.5056 0.4944
2827 0.5012 0.4988
2828 0.4951 0.5049
2829 0.5094 0.4906
2830 0.498 0.502
2831 0.5038 0.4962
2832 0.5065 0.4935
2833 0.5044 0.4956
2834 0.5082 0.4918
2835 0.5053 0.4947
2836 0.5039 0.4961
2837 0.5037 0.4963
2838 0.4972 0.5028
2839 0.4974 0.5026
2840 0.5057 0.4943
2841 0.4943 0.5057
2842 0.5066 0.4934
2843 0.5059 0.4941
2844 0.5061 0.4939
2845 0.5069 0.4931
2846 0.5111 0.4889
2847 0.502 0.498
2848 0.5065 0.4935
2849 0.5071 0.4929
2850 0.5129 0.4871
2851 0.5013 0.4987
2852 0.5041 0.4959
2853 0.4916 0.5084
2854 0.5032 0.4968
2855 0.5133 0.4867
2856 0.5095 0.4905
2857 0.5002 0.4998
2858 0.499 0.501
2859 0.5 0.5
2860 0.5039 0.4961
2861 0.5086 0.4914
2862 0.4996 0.5004
2863 0.4943 0.5057
2864 0.4958 0.5042
2865 0.5108 0.4892
2866 0.4981 0.5019
2867 0.5084 0.4916
2868 0.5007 0.4993
2869 0.5015 0.4985
2870 0.4973 0.5027
2871 0.5067 0.4933
2872 0.5004 0.4996
2873 0.4996 0.5004
2874 0.5043 0.4957
2875 0.5156 0.4844
2876 0.5028 0.4972
2877 0.5099 0.4901
2878 0.5032 0.4968
2879 0.5027 0.4973
2880 0.4997 0.5003
2881 0.4987 0.5013
2882 0.5018 0.4982
2883 0.5003 0.4997
2884 0.5054 0.4946
2885 0.5033 0.4967
2886 0.5067 0.4933
2887 0.5039 0.4961
2888 0.5007 0.4993
2889 0.5082 0.4918
2890 0.5038 0.4962
2891 0.5072 0.4928
2892 0.4962 0.5038
2893 0.506 0.494
2894 0.5056 0.4944
2895 0.5142 0.4858
2896 0.5096 0.4904
2897 0.4958 0.5042
2898 0.5043 0.4957
2899 0.5077 0.4923
2900 0.5028 0.4972
2901 0.4986 0.5014
2902 0.5004 0.4996
2903 0.5038 0.4962
2904 0.5037 0.4963
2905 0.4969 0.5031
2906 0.5028 0.4972
2907 0.5034 0.4966
2908 0.5001 0.4999
2909 0.4992 0.5008
2910 0.4997 0.5003
2911 0.5111 0.4889
2912 0.5014 0.4986
2913 0.5015 0.4985
2914 0.5073 0.4927
2915 0.4946 0.5054
2916 0.5072 0.4928
2917 0.506 0.494
2918 0.5028 0.4972
2919 0.4998 0.5002
2920 0.4967 0.5033
2921 0.5054 0.4946
2922 0.5039 0.4961
2923 0.503 0.497
2924 0.5009 0.4991
2925 0.5035 0.4965
2926 0.5007 0.4993
2927 0.5047 0.4953
2928 0.5056 0.4944
2929 0.4979 0.5021
2930 0.5062 0.4938
2931 0.5043 0.4957
2932 0.4997 0.5003
2933 0.5093 0.4907
2934 0.5063 0.4937
2935 0.5108 0.4892
2936 0.5063 0.4937
2937 0.5043 0.4957
2938 0.5052 0.4948
2939 0.497 0.503
2940 0.5045 0.4955
2941 0.5061 0.4939
2942 0.5009 0.4991
2943 0.5074 0.4926
2944 0.4991 0.5009
2945 0.5046 0.4954
2946 0.5045 0.4955
2947 0.5036 0.4964
2948 0.4956 0.5044
2949 0.4968 0.5032
2950 0.5033 0.4967
2951 0.5069 0.4931
2952 0.5004 0.4996
2953 0.5003 0.4997
2954 0.4999 0.5001
2955 0.5015 0.4985
2956 0.5034 0.4966
2957 0.5017 0.4983
2958 0.5013 0.4987
2959 0.5054 0.4946
2960 0.502 0.498
2961 0.4993 0.5007
2962 0.5077 0.4923
2963 0.5087 0.4913
2964 0.501 0.499
2965 0.5081 0.4919
2966 0.5059 0.4941
2967 0.5042 0.4958
2968 0.5064 0.4936
2969 0.5036 0.4964
2970 0.507 0.493
2971 0.5092 0.4908
2972 0.5054 0.4946
2973 0.4989 0.5011
2974 0.5073 0.4927
2975 0.5042 0.4958
2976 0.5048 0.4952
2977 0.5104 0.4896
2978 0.5054 0.4946
2979 0.4985 0.5015
2980 0.5078 0.4922
2981 0.5034 0.4966
2982 0.501 0.499
2983 0.5032 0.4968
2984 0.5 0.5
2985 0.5016 0.4984
2986 0.5044 0.4956
2987 0.5009 0.4991
2988 0.5036 0.4964
2989 0.5093 0.4907
2990 0.5042 0.4958
2991 0.5068 0.4932
2992 0.5037 0.4963
2993 0.5027 0.4973
2994 0.5074 0.4926
2995 0.5007 0.4993
2996 0.5024 0.4976
2997 0.4984 0.5016
2998 0.506 0.494
2999 0.5007 0.4993
3000 0.4994 0.5006
3001 0.5058 0.4942
3002 0.4967 0.5033
3003 0.5064 0.4936
3004 0.5063 0.4937
3005 0.4984 0.5016
3006 0.4972 0.5028
3007 0.5034 0.4966
3008 0.5026 0.4974
3009 0.4959 0.5041
3010 0.4983 0.5017
3011 0.5056 0.4944
3012 0.5008 0.4992
3013 0.5021 0.4979
3014 0.4997 0.5003
3015 0.5024 0.4976
3016 0.5012 0.4988
3017 0.5013 0.4987
3018 0.4995 0.5005
3019 0.4982 0.5018
3020 0.501 0.499
3021 0.5001 0.4999
3022 0.5043 0.4957
3023 0.5082 0.4918
3024 0.5025 0.4975
3025 0.5056 0.4944
3026 0.5067 0.4933
3027 0.5024 0.4976
3028 0.5042 0.4958
3029 0.5013 0.4987
3030 0.4953 0.5047
3031 0.5085 0.4915
3032 0.5062 0.4938
3033 0.4976 0.5024
3034 0.5085 0.4915
3035 0.5047 0.4953
3036 0.5007 0.4993
3037 0.4985 0.5015
3038 0.509 0.491
3039 0.5008 0.4992
3040 0.5035 0.4965
3041 0.5023 0.4977
3042 0.5116 0.4884
3043 0.5018 0.4982
3044 0.5016 0.4984
3045 0.5058 0.4942
3046 0.5025 0.4975
3047 0.5006 0.4994
3048 0.5054 0.4946
3049 0.5097 0.4903
3050 0.5049 0.4951
3051 0.5031 0.4969
3052 0.5053 0.4947
3053 0.4971 0.5029
3054 0.5057 0.4943
3055 0.502 0.498
3056 0.5041 0.4959
3057 0.5031 0.4969
3058 0.5083 0.4917
3059 0.4984 0.5016
3060 0.5023 0.4977
3061 0.5061 0.4939
3062 0.5004 0.4996
3063 0.5003 0.4997
3064 0.5034 0.4966
3065 0.5038 0.4962
3066 0.5076 0.4924
3067 0.5014 0.4986
3068 0.5021 0.4979
3069 0.4996 0.5004
3070 0.5032 0.4968
3071 0.4992 0.5008
3072 0.5053 0.4947
3073 0.5052 0.4948
3074 0.4945 0.5055
3075 0.5047 0.4953
3076 0.4984 0.5016
3077 0.5077 0.4923
3078 0.5062 0.4938
3079 0.5044 0.4956
3080 0.5101 0.4899
3081 0.5078 0.4922
3082 0.5068 0.4932
3083 0.5056 0.4944
3084 0.4961 0.5039
3085 0.5077 0.4923
3086 0.4987 0.5013
3087 0.499 0.501
3088 0.5087 0.4913
3089 0.5023 0.4977
3090 0.5043 0.4957
3091 0.5044 0.4956
3092 0.5024 0.4976
3093 0.5073 0.4927
3094 0.5066 0.4934
3095 0.5064 0.4936
3096 0.5018 0.4982
3097 0.5045 0.4955
3098 0.4975 0.5025
3099 0.508 0.492
3100 0.5048 0.4952
3101 0.5032 0.4968
3102 0.4996 0.5004
3103 0.5044 0.4956
3104 0.5066 0.4934
3105 0.5025 0.4975
3106 0.5033 0.4967
3107 0.4997 0.5003
3108 0.507 0.493
3109 0.5 0.5
3110 0.5041 0.4959
3111 0.5058 0.4942
3112 0.5004 0.4996
3113 0.4964 0.5036
3114 0.505 0.495
3115 0.5039 0.4961
3116 0.5007 0.4993
3117 0.4982 0.5018
3118 0.5064 0.4936
3119 0.5024 0.4976
3120 0.503 0.497
3121 0.4995 0.5005
3122 0.5007 0.4993
3123 0.5031 0.4969
3124 0.507 0.493
3125 0.504 0.496
3126 0.504 0.496
3127 0.5059 0.4941
3128 0.5038 0.4962
3129 0.5013 0.4987
3130 0.4975 0.5025
3131 0.5009 0.4991
3132 0.502 0.498
3133 0.5077 0.4923
3134 0.5046 0.4954
3135 0.5039 0.4961
3136 0.4996 0.5004
3137 0.507 0.493
3138 0.4945 0.5055
3139 0.5017 0.4983
3140 0.5011 0.4989
3141 0.5013 0.4987
3142 0.5014 0.4986
3143 0.4948 0.5052
3144 0.5048 0.4952
3145 0.4989 0.5011
3146 0.5012 0.4988
3147 0.5049 0.4951
3148 0.5007 0.4993
3149 0.4962 0.5038
3150 0.5083 0.4917
3151 0.4972 0.5028
3152 0.4979 0.5021
3153 0.5072 0.4928
3154 0.5011 0.4989
3155 0.5009 0.4991
3156 0.4985 0.5015
3157 0.5014 0.4986
3158 0.5022 0.4978
3159 0.5039 0.4961
3160 0.5022 0.4978
3161 0.5005 0.4995
3162 0.5003 0.4997
3163 0.4962 0.5038
3164 0.5071 0.4929
3165 0.5055 0.4945
3166 0.4983 0.5017
3167 0.5048 0.4952
3168 0.5072 0.4928
3169 0.5013 0.4987
3170 0.5031 0.4969
3171 0.4983 0.5017
3172 0.5024 0.4976
3173 0.5043 0.4957
3174 0.5101 0.4899
3175 0.5078 0.4922
3176 0.5017 0.4983
3177 0.5047 0.4953
3178 0.5042 0.4958
3179 0.4941 0.5059
3180 0.4963 0.5037
3181 0.5029 0.4971
3182 0.4977 0.5023
3183 0.5033 0.4967
3184 0.5007 0.4993
3185 0.5067 0.4933
3186 0.5036 0.4964
3187 0.4988 0.5012
3188 0.4981 0.5019
3189 0.5017 0.4983
3190 0.5037 0.4963
3191 0.5022 0.4978
3192 0.5072 0.4928
3193 0.5039 0.4961
3194 0.5067 0.4933
3195 0.498 0.502
3196 0.4987 0.5013
3197 0.505 0.495
3198 0.5034 0.4966
3199 0.5018 0.4982
3200 0.5006 0.4994
3201 0.501 0.499
3202 0.5016 0.4984
3203 0.4997 0.5003
3204 0.5013 0.4987
3205 0.5068 0.4932
3206 0.4961 0.5039
3207 0.5001 0.4999
3208 0.5009 0.4991
3209 0.5057 0.4943
3210 0.5091 0.4909
3211 0.4996 0.5004
3212 0.5018 0.4982
3213 0.5019 0.4981
3214 0.5025 0.4975
3215 0.5074 0.4926
3216 0.5019 0.4981
3217 0.5015 0.4985
3218 0.4957 0.5043
3219 0.5018 0.4982
3220 0.4953 0.5047
3221 0.5027 0.4973
3222 0.4996 0.5004
3223 0.5039 0.4961
3224 0.4989 0.5011
3225 0.5026 0.4974
3226 0.5017 0.4983
3227 0.5 0.5
3228 0.5067 0.4933
3229 0.5028 0.4972
3230 0.5007 0.4993
3231 0.5036 0.4964
3232 0.5074 0.4926
3233 0.5005 0.4995
3234 0.5007 0.4993
3235 0.5034 0.4966
3236 0.4991 0.5009
3237 0.5004 0.4996
3238 0.4969 0.5031
3239 0.4967 0.5033
3240 0.5008 0.4992
3241 0.5067 0.4933
3242 0.5016 0.4984
3243 0.5014 0.4986
3244 0.5008 0.4992
3245 0.4963 0.5037
3246 0.5031 0.4969
3247 0.5045 0.4955
3248 0.5005 0.4995
3249 0.4976 0.5024
3250 0.4998 0.5002
3251 0.4977 0.5023
3252 0.5042 0.4958
3253 0.498 0.502
3254 0.5016 0.4984
3255 0.4966 0.5034
3256 0.5027 0.4973
3257 0.4976 0.5024
3258 0.5026 0.4974
3259 0.5047 0.4953
3260 0.5016 0.4984
3261 0.4996 0.5004
3262 0.5008 0.4992
3263 0.5017 0.4983
3264 0.5031 0.4969
3265 0.5061 0.4939
3266 0.4987 0.5013
3267 0.5054 0.4946
3268 0.5028 0.4972
3269 0.502 0.498
3270 0.5001 0.4999
3271 0.503 0.497
3272 0.5002 0.4998
3273 0.5042 0.4958
3274 0.5015 0.4985
3275 0.506 0.494
3276 0.5031 0.4969
3277 0.5076 0.4924
3278 0.4968 0.5032
3279 0.498 0.502
3280 0.5041 0.4959
3281 0.5031 0.4969
3282 0.4996 0.5004
3283 0.5032 0.4968
3284 0.5055 0.4945
3285 0.505 0.495
3286 0.503 0.497
3287 0.4993 0.5007
3288 0.4991 0.5009
3289 0.5076 0.4924
3290 0.4995 0.5005
3291 0.501 0.499
3292 0.4998 0.5002
3293 0.5028 0.4972
3294 0.5048 0.4952
3295 0.5 0.5
3296 0.5066 0.4934
3297 0.5028 0.4972
3298 0.5014 0.4986
3299 0.5009 0.4991
3300 0.5035 0.4965
3301 0.5041 0.4959
3302 0.4998 0.5002
3303 0.501 0.499
3304 0.5023 0.4977
3305 0.5016 0.4984
3306 0.505 0.495
3307 0.5057 0.4943
3308 0.5 0.5
3309 0.5032 0.4968
3310 0.4984 0.5016
3311 0.5022 0.4978
3312 0.5006 0.4994
3313 0.5014 0.4986
3314 0.5026 0.4974
3315 0.4994 0.5006
3316 0.5029 0.4971
3317 0.5009 0.4991
3318 0.5058 0.4942
3319 0.4995 0.5005
3320 0.4998 0.5002
3321 0.5015 0.4985
3322 0.5014 0.4986
3323 0.4986 0.5014
3324 0.502 0.498
3325 0.5027 0.4973
3326 0.4972 0.5028
3327 0.5019 0.4981
3328 0.4992 0.5008
3329 0.5025 0.4975
3330 0.5008 0.4992
3331 0.5058 0.4942
3332 0.5024 0.4976
3333 0.5018 0.4982
3334 0.5039 0.4961
3335 0.5026 0.4974
3336 0.5022 0.4978
3337 0.4997 0.5003
3338 0.4966 0.5034
3339 0.4989 0.5011
3340 0.5021 0.4979
3341 0.5025 0.4975
3342 0.5029 0.4971
3343 0.5046 0.4954
3344 0.5015 0.4985
3345 0.5024 0.4976
3346 0.5053 0.4947
3347 0.5006 0.4994
3348 0.5008 0.4992
3349 0.5052 0.4948
3350 0.5031 0.4969
3351 0.4996 0.5004
3352 0.502 0.498
3353 0.5006 0.4994
3354 0.499 0.501
3355 0.501 0.499
3356 0.5064 0.4936
3357 0.5013 0.4987
3358 0.5012 0.4988
3359 0.4993 0.5007
3360 0.5055 0.4945
3361 0.4993 0.5007
3362 0.5018 0.4982
3363 0.5021 0.4979
3364 0.5012 0.4988
3365 0.4972 0.5028
3366 0.5019 0.4981
3367 0.5066 0.4934
3368 0.4987 0.5013
3369 0.5067 0.4933
3370 0.4994 0.5006
3371 0.5063 0.4937
3372 0.4986 0.5014
3373 0.5024 0.4976
3374 0.5022 0.4978
3375 0.5047 0.4953
3376 0.5055 0.4945
3377 0.5 0.5
3378 0.5014 0.4986
3379 0.4981 0.5019
3380 0.4979 0.5021
3381 0.5039 0.4961
3382 0.5023 0.4977
3383 0.5029 0.4971
3384 0.4988 0.5012
3385 0.5015 0.4985
3386 0.4999 0.5001
3387 0.5012 0.4988
3388 0.5021 0.4979
3389 0.4986 0.5014
3390 0.4994 0.5006
3391 0.5011 0.4989
3392 0.5037 0.4963
3393 0.5024 0.4976
3394 0.4992 0.5008
3395 0.5035 0.4965
3396 0.5051 0.4949
3397 0.5013 0.4987
3398 0.5024 0.4976
3399 0.5084 0.4916
3400 0.4994 0.5006
3401 0.5038 0.4962
3402 0.4987 0.5013
3403 0.4975 0.5025
3404 0.4987 0.5013
3405 0.5027 0.4973
3406 0.5041 0.4959
3407 0.5016 0.4984
3408 0.5028 0.4972
3409 0.5017 0.4983
3410 0.4994 0.5006
3411 0.5015 0.4985
3412 0.4972 0.5028
3413 0.4999 0.5001
3414 0.4992 0.5008
3415 0.4996 0.5004
3416 0.5022 0.4978
3417 0.5003 0.4997
3418 0.4957 0.5043
3419 0.5051 0.4949
3420 0.4988 0.5012
3421 0.5024 0.4976
3422 0.499 0.501
3423 0.4979 0.5021
3424 0.5025 0.4975
3425 0.5022 0.4978
3426 0.5009 0.4991
3427 0.4984 0.5016
3428 0.5033 0.4967
3429 0.4984 0.5016
3430 0.5031 0.4969
3431 0.5028 0.4972
3432 0.5038 0.4962
3433 0.5006 0.4994
3434 0.5054 0.4946
3435 0.5033 0.4967
3436 0.4973 0.5027
3437 0.5013 0.4987
3438 0.4995 0.5005
3439 0.4988 0.5012
3440 0.5023 0.4977
3441 0.4975 0.5025
3442 0.5018 0.4982
3443 0.4972 0.5028
3444 0.5025 0.4975
3445 0.4974 0.5026
3446 0.5017 0.4983
3447 0.5042 0.4958
3448 0.4991 0.5009
3449 0.4983 0.5017
3450 0.4986 0.5014
3451 0.498 0.502
3452 0.4979 0.5021
3453 0.5004 0.4996
3454 0.4984 0.5016
3455 0.5012 0.4988
3456 0.5005 0.4995
3457 0.4993 0.5007
3458 0.4992 0.5008
3459 0.4982 0.5018
3460 0.498 0.502
3461 0.5002 0.4998
3462 0.5028 0.4972
3463 0.4975 0.5025
3464 0.5012 0.4988
3465 0.499 0.501
3466 0.5017 0.4983
3467 0.5 0.5
3468 0.5031 0.4969
3469 0.5031 0.4969
3470 0.4985 0.5015
3471 0.5018 0.4982
3472 0.4993 0.5007
3473 0.4997 0.5003
3474 0.4986 0.5014
3475 0.4964 0.5036
3476 0.5026 0.4974
3477 0.5013 0.4987
3478 0.498 0.502
3479 0.5004 0.4996
3480 0.4999 0.5001
3481 0.5021 0.4979
3482 0.4995 0.5005
3483 0.5027 0.4973
3484 0.5013 0.4987
3485 0.5013 0.4987
3486 0.5038 0.4962
3487 0.4993 0.5007
3488 0.4988 0.5012
3489 0.4982 0.5018
3490 0.5017 0.4983
3491 0.5004 0.4996
3492 0.4976 0.5024
3493 0.4973 0.5027
3494 0.5015 0.4985
3495 0.5017 0.4983
3496 0.4996 0.5004
3497 0.505 0.495
3498 0.5012 0.4988
3499 0.4969 0.5031
3500 0.4994 0.5006
3501 0.5007 0.4993
3502 0.5054 0.4946
3503 0.4989 0.5011
3504 0.4981 0.5019
3505 0.4959 0.5041
3506 0.5035 0.4965
3507 0.5049 0.4951
3508 0.5003 0.4997
3509 0.5017 0.4983
3510 0.5008 0.4992
3511 0.499 0.501
3512 0.4956 0.5044
3513 0.4998 0.5002
3514 0.5026 0.4974
3515 0.4989 0.5011
3516 0.5003 0.4997
3517 0.5024 0.4976
3518 0.5009 0.4991
3519 0.4999 0.5001
3520 0.5018 0.4982
3521 0.4969 0.5031
3522 0.5026 0.4974
3523 0.4962 0.5038
3524 0.5048 0.4952
3525 0.5015 0.4985
3526 0.4971 0.5029
3527 0.4999 0.5001
3528 0.5037 0.4963
3529 0.4984 0.5016
3530 0.5003 0.4997
3531 0.4979 0.5021
3532 0.4978 0.5022
3533 0.5007 0.4993
3534 0.5028 0.4972
3535 0.4992 0.5008
3536 0.4992 0.5008
3537 0.5018 0.4982
3538 0.5001 0.4999
3539 0.4994 0.5006
3540 0.5036 0.4964
3541 0.5021 0.4979
3542 0.5002 0.4998
3543 0.4992 0.5008
3544 0.5002 0.4998
3545 0.5011 0.4989
3546 0.4974 0.5026
3547 0.5006 0.4994
3548 0.5014 0.4986
3549 0.5003 0.4997
3550 0.4953 0.5047
3551 0.5025 0.4975
3552 0.5009 0.4991
3553 0.5005 0.4995
3554 0.4976 0.5024
3555 0.4987 0.5013
3556 0.5022 0.4978
3557 0.5024 0.4976
3558 0.4995 0.5005
3559 0.4958 0.5042
3560 0.5009 0.4991
3561 0.4993 0.5007
3562 0.5018 0.4982
3563 0.4984 0.5016
3564 0.4983 0.5017
3565 0.4969 0.5031
3566 0.4994 0.5006
3567 0.4982 0.5018
3568 0.4997 0.5003
3569 0.4999 0.5001
3570 0.5009 0.4991
3571 0.4981 0.5019
3572 0.501 0.499
3573 0.5026 0.4974
3574 0.5005 0.4995
3575 0.5008 0.4992
3576 0.4969 0.5031
3577 0.5032 0.4968
3578 0.5018 0.4982
3579 0.5015 0.4985
3580 0.5005 0.4995
3581 0.4995 0.5005
3582 0.5027 0.4973
3583 0.5004 0.4996
3584 0.5012 0.4988
3585 0.4967 0.5033
3586 0.4988 0.5012
3587 0.5012 0.4988
3588 0.4987 0.5013
3589 0.5009 0.4991
3590 0.5017 0.4983
3591 0.4985 0.5015
3592 0.4979 0.5021
3593 0.4996 0.5004
3594 0.4962 0.5038
3595 0.496 0.504
3596 0.5034 0.4966
3597 0.4997 0.5003
3598 0.5007 0.4993
3599 0.4988 0.5012
3600 0.5006 0.4994
3601 0.5026 0.4974
3602 0.5012 0.4988
3603 0.5028 0.4972
3604 0.4997 0.5003
3605 0.5001 0.4999
3606 0.4972 0.5028
3607 0.5014 0.4986
3608 0.499 0.501
3609 0.5011 0.4989
3610 0.4989 0.5011
3611 0.5016 0.4984
3612 0.501 0.499
3613 0.5001 0.4999
3614 0.4962 0.5038
3615 0.505 0.495
3616 0.4992 0.5008
3617 0.5006 0.4994
3618 0.5005 0.4995
3619 0.5006 0.4994
3620 0.4982 0.5018
3621 0.4962 0.5038
3622 0.4996 0.5004
3623 0.5028 0.4972
3624 0.4984 0.5016
3625 0.4957 0.5043
3626 0.494 0.506
3627 0.4974 0.5026
3628 0.4994 0.5006
3629 0.4996 0.5004
3630 0.5032 0.4968
3631 0.5007 0.4993
3632 0.4974 0.5026
3633 0.4971 0.5029
3634 0.5006 0.4994
3635 0.5028 0.4972
3636 0.4961 0.5039
3637 0.4978 0.5022
3638 0.5 0.5
3639 0.5019 0.4981
3640 0.4973 0.5027
3641 0.4999 0.5001
3642 0.4984 0.5016
3643 0.5024 0.4976
3644 0.4975 0.5025
3645 0.4973 0.5027
3646 0.5031 0.4969
3647 0.5001 0.4999
3648 0.4987 0.5013
3649 0.4995 0.5005
3650 0.5029 0.4971
3651 0.4963 0.5037
3652 0.5003 0.4997
3653 0.4986 0.5014
3654 0.4997 0.5003
3655 0.5025 0.4975
3656 0.5005 0.4995
3657 0.4996 0.5004
3658 0.5 0.5
3659 0.4951 0.5049
3660 0.4991 0.5009
3661 0.4943 0.5057
3662 0.5018 0.4982
3663 0.5029 0.4971
3664 0.5006 0.4994
3665 0.4979 0.5021
3666 0.5009 0.4991
3667 0.5003 0.4997
3668 0.4991 0.5009
3669 0.5043 0.4957
3670 0.4978 0.5022
3671 0.4967 0.5033
3672 0.4992 0.5008
3673 0.5 0.5
3674 0.4969 0.5031
3675 0.5013 0.4987
3676 0.5009 0.4991
3677 0.4984 0.5016
3678 0.4986 0.5014
3679 0.5 0.5
3680 0.4975 0.5025
3681 0.4991 0.5009
3682 0.497 0.503
3683 0.4985 0.5015
3684 0.4982 0.5018
3685 0.4964 0.5036
3686 0.4998 0.5002
3687 0.4982 0.5018
3688 0.498 0.502
3689 0.4949 0.5051
3690 0.5022 0.4978
3691 0.5 0.5
3692 0.4978 0.5022
3693 0.5028 0.4972
3694 0.5004 0.4996
3695 0.4993 0.5007
3696 0.5007 0.4993
3697 0.4999 0.5001
3698 0.5014 0.4986
3699 0.4981 0.5019
3700 0.502 0.498
3701 0.5022 0.4978
3702 0.4998 0.5002
3703 0.5009 0.4991
3704 0.4998 0.5002
3705 0.4984 0.5016
3706 0.5021 0.4979
3707 0.4977 0.5023
3708 0.4993 0.5007
3709 0.4988 0.5012
3710 0.4987 0.5013
3711 0.4974 0.5026
3712 0.5025 0.4975
3713 0.4976 0.5024
3714 0.4967 0.5033
3715 0.5009 0.4991
3716 0.4995 0.5005
3717 0.4989 0.5011
3718 0.5017 0.4983
3719 0.4978 0.5022
3720 0.5026 0.4974
3721 0.4999 0.5001
3722 0.4968 0.5032
3723 0.4967 0.5033
3724 0.4972 0.5028
3725 0.4989 0.5011
3726 0.4995 0.5005
3727 0.4953 0.5047
3728 0.4971 0.5029
3729 0.4978 0.5022
3730 0.5012 0.4988
3731 0.4993 0.5007
3732 0.4958 0.5042
3733 0.4996 0.5004
3734 0.5017 0.4983
3735 0.4989 0.5011
3736 0.4997 0.5003
3737 0.5011 0.4989
3738 0.499 0.501
3739 0.4982 0.5018
3740 0.4985 0.5015
3741 0.5034 0.4966
3742 0.4988 0.5012
3743 0.4982 0.5018
3744 0.4998 0.5002
3745 0.4984 0.5016
3746 0.4976 0.5024
3747 0.4986 0.5014
3748 0.4958 0.5042
3749 0.4984 0.5016
3750 0.5012 0.4988
3751 0.4975 0.5025
3752 0.4983 0.5017
3753 0.5011 0.4989
3754 0.5028 0.4972
3755 0.4993 0.5007
3756 0.4996 0.5004
3757 0.4959 0.5041
3758 0.4958 0.5042
3759 0.4994 0.5006
3760 0.4961 0.5039
3761 0.501 0.499
3762 0.4979 0.5021
3763 0.4948 0.5052
3764 0.503 0.497
3765 0.4983 0.5017
3766 0.498 0.502
3767 0.5027 0.4973
3768 0.4987 0.5013
3769 0.5015 0.4985
3770 0.4993 0.5007
3771 0.4982 0.5018
3772 0.4994 0.5006
3773 0.499 0.501
3774 0.4993 0.5007
3775 0.4997 0.5003
3776 0.4997 0.5003
3777 0.5002 0.4998
3778 0.5004 0.4996
3779 0.5026 0.4974
3780 0.5008 0.4992
3781 0.4975 0.5025
3782 0.5013 0.4987
3783 0.4983 0.5017
3784 0.5017 0.4983
3785 0.4969 0.5031
3786 0.4976 0.5024
3787 0.5003 0.4997
3788 0.5029 0.4971
3789 0.4974 0.5026
3790 0.4973 0.5027
3791 0.5014 0.4986
3792 0.4981 0.5019
3793 0.5022 0.4978
3794 0.5013 0.4987
3795 0.4971 0.5029
3796 0.4955 0.5045
3797 0.4998 0.5002
3798 0.4969 0.5031
3799 0.4994 0.5006
3800 0.4999 0.5001
3801 0.4987 0.5013
3802 0.4989 0.5011
3803 0.495 0.505
3804 0.5013 0.4987
3805 0.4969 0.5031
3806 0.4941 0.5059
3807 0.4984 0.5016
3808 0.4977 0.5023
3809 0.4979 0.5021
3810 0.4953 0.5047
3811 0.5029 0.4971
3812 0.4989 0.5011
3813 0.4968 0.5032
3814 0.4966 0.5034
3815 0.4931 0.5069
3816 0.4967 0.5033
3817 0.4978 0.5022
3818 0.4948 0.5052
3819 0.4976 0.5024
3820 0.5005 0.4995
3821 0.498 0.502
3822 0.5005 0.4995
3823 0.5018 0.4982
3824 0.4984 0.5016
3825 0.4944 0.5056
3826 0.497 0.503
3827 0.4923 0.5077
3828 0.4955 0.5045
3829 0.4946 0.5054
3830 0.4974 0.5026
3831 0.4997 0.5003
3832 0.4974 0.5026
3833 0.4995 0.5005
3834 0.4975 0.5025
3835 0.4955 0.5045
3836 0.4966 0.5034
3837 0.4965 0.5035
3838 0.4963 0.5037
3839 0.4989 0.5011
3840 0.4975 0.5025
3841 0.4933 0.5067
3842 0.4959 0.5041
3843 0.4979 0.5021
3844 0.4989 0.5011
3845 0.499 0.501
3846 0.4983 0.5017
3847 0.4983 0.5017
3848 0.4981 0.5019
3849 0.4956 0.5044
3850 0.4943 0.5057
3851 0.4995 0.5005
3852 0.4967 0.5033
3853 0.4978 0.5022
3854 0.4966 0.5034
3855 0.4992 0.5008
3856 0.496 0.504
3857 0.4963 0.5037
3858 0.4937 0.5063
3859 0.4967 0.5033
3860 0.4975 0.5025
3861 0.4969 0.5031
3862 0.4978 0.5022
3863 0.4998 0.5002
3864 0.4956 0.5044
3865 0.4963 0.5037
3866 0.4959 0.5041
3867 0.4979 0.5021
3868 0.4974 0.5026
3869 0.4998 0.5002
3870 0.504 0.496
3871 0.4963 0.5037
3872 0.496 0.504
3873 0.5 0.5
3874 0.4987 0.5013
3875 0.4972 0.5028
3876 0.4995 0.5005
3877 0.4993 0.5007
3878 0.4999 0.5001
3879 0.4964 0.5036
3880 0.4987 0.5013
3881 0.4999 0.5001
3882 0.4946 0.5054
3883 0.4938 0.5062
3884 0.4932 0.5068
3885 0.4976 0.5024
3886 0.5028 0.4972
3887 0.4981 0.5019
3888 0.5013 0.4987
3889 0.4953 0.5047
3890 0.4953 0.5047
3891 0.5003 0.4997
3892 0.4982 0.5018
3893 0.4971 0.5029
3894 0.4935 0.5065
3895 0.4961 0.5039
3896 0.4987 0.5013
3897 0.4919 0.5081
3898 0.4985 0.5015
3899 0.4983 0.5017
3900 0.4964 0.5036
3901 0.4988 0.5012
3902 0.4961 0.5039
3903 0.4965 0.5035
3904 0.4986 0.5014
3905 0.4977 0.5023
3906 0.4989 0.5011
3907 0.4956 0.5044
3908 0.4967 0.5033
3909 0.5017 0.4983
3910 0.4958 0.5042
3911 0.4992 0.5008
3912 0.4941 0.5059
3913 0.4922 0.5078
3914 0.4991 0.5009
3915 0.4942 0.5058
3916 0.4941 0.5059
3917 0.4958 0.5042
3918 0.5006 0.4994
3919 0.499 0.501
3920 0.4931 0.5069
3921 0.5004 0.4996
3922 0.4973 0.5027
3923 0.4956 0.5044
3924 0.5 0.5
3925 0.4954 0.5046
3926 0.4991 0.5009
3927 0.4957 0.5043
3928 0.496 0.504
3929 0.4955 0.5045
3930 0.4976 0.5024
3931 0.5009 0.4991
3932 0.4991 0.5009
3933 0.4978 0.5022
3934 0.4932 0.5068
3935 0.4981 0.5019
3936 0.4966 0.5034
3937 0.4946 0.5054
3938 0.4942 0.5058
3939 0.4965 0.5035
3940 0.4941 0.5059
3941 0.4978 0.5022
3942 0.4963 0.5037
3943 0.4974 0.5026
3944 0.4963 0.5037
3945 0.4949 0.5051
3946 0.5003 0.4997
3947 0.497 0.503
3948 0.4941 0.5059
3949 0.4949 0.5051
3950 0.4953 0.5047
3951 0.4958 0.5042
3952 0.4983 0.5017
3953 0.4939 0.5061
3954 0.4957 0.5043
3955 0.4968 0.5032
3956 0.4911 0.5089
3957 0.4995 0.5005
3958 0.4982 0.5018
3959 0.4897 0.5103
3960 0.4982 0.5018
3961 0.4925 0.5075
3962 0.4984 0.5016
3963 0.4928 0.5072
3964 0.4971 0.5029
3965 0.4975 0.5025
3966 0.494 0.506
3967 0.4931 0.5069
3968 0.4977 0.5023
3969 0.4971 0.5029
3970 0.4949 0.5051
3971 0.4928 0.5072
3972 0.4889 0.5111
3973 0.4928 0.5072
3974 0.494 0.506
3975 0.4977 0.5023
3976 0.4957 0.5043
3977 0.4967 0.5033
3978 0.4998 0.5002
3979 0.4951 0.5049
3980 0.4946 0.5054
3981 0.4941 0.5059
3982 0.4957 0.5043
3983 0.4938 0.5062
3984 0.4958 0.5042
3985 0.4967 0.5033
3986 0.497 0.503
3987 0.496 0.504
3988 0.5017 0.4983
3989 0.4973 0.5027
3990 0.4923 0.5077
3991 0.4966 0.5034
3992 0.493 0.507
3993 0.4979 0.5021
3994 0.4932 0.5068
3995 0.4957 0.5043
3996 0.4926 0.5074
3997 0.4945 0.5055
3998 0.4941 0.5059
3999 0.495 0.505
4000 0.4916 0.5084
4001 0.4966 0.5034
4002 0.4938 0.5062
4003 0.4943 0.5057
4004 0.4912 0.5088
4005 0.4975 0.5025
4006 0.4974 0.5026
4007 0.4934 0.5066
4008 0.4943 0.5057
4009 0.4985 0.5015
4010 0.4959 0.5041
4011 0.4973 0.5027
4012 0.4994 0.5006
4013 0.4855 0.5145
4014 0.4907 0.5093
4015 0.4965 0.5035
4016 0.4941 0.5059
4017 0.4991 0.5009
4018 0.4949 0.5051
4019 0.4963 0.5037
4020 0.4959 0.5041
4021 0.4924 0.5076
4022 0.4939 0.5061
4023 0.5007 0.4993
4024 0.493 0.507
4025 0.4999 0.5001
4026 0.4922 0.5078
4027 0.4969 0.5031
4028 0.4925 0.5075
4029 0.4974 0.5026
4030 0.4939 0.5061
4031 0.4911 0.5089
4032 0.4935 0.5065
4033 0.4969 0.5031
4034 0.4909 0.5091
4035 0.4951 0.5049
4036 0.4936 0.5064
4037 0.4988 0.5012
4038 0.4941 0.5059
4039 0.4989 0.5011
4040 0.4966 0.5034
4041 0.4947 0.5053
4042 0.4958 0.5042
4043 0.4946 0.5054
4044 0.4974 0.5026
4045 0.4934 0.5066
4046 0.4925 0.5075
4047 0.496 0.504
4048 0.4914 0.5086
4049 0.4915 0.5085
4050 0.502 0.498
4051 0.4942 0.5058
4052 0.5013 0.4987
4053 0.4962 0.5038
4054 0.4906 0.5094
4055 0.498 0.502
4056 0.4898 0.5102
4057 0.4944 0.5056
4058 0.4977 0.5023
4059 0.4928 0.5072
4060 0.4932 0.5068
4061 0.4937 0.5063
4062 0.4919 0.5081
4063 0.4983 0.5017
4064 0.4987 0.5013
4065 0.4941 0.5059
4066 0.4914 0.5086
4067 0.5014 0.4986
4068 0.4955 0.5045
4069 0.4983 0.5017
4070 0.4885 0.5115
4071 0.4902 0.5098
4072 0.4974 0.5026
4073 0.495 0.505
4074 0.4913 0.5087
4075 0.4925 0.5075
4076 0.4878 0.5122
4077 0.4941 0.5059
4078 0.488 0.512
4079 0.4941 0.5059
4080 0.4892 0.5108
4081 0.4979 0.5021
4082 0.4984 0.5016
4083 0.493 0.507
4084 0.4949 0.5051
4085 0.4988 0.5012
4086 0.4943 0.5057
4087 0.4913 0.5087
4088 0.4963 0.5037
4089 0.4959 0.5041
4090 0.4924 0.5076
4091 0.5029 0.4971
4092 0.494 0.506
4093 0.4964 0.5036
4094 0.4986 0.5014
4095 0.4985 0.5015
4096 0.4949 0.5051
4097 0.4985 0.5015
4098 0.4973 0.5027
4099 0.4915 0.5085
4100 0.4956 0.5044
4101 0.4889 0.5111
4102 0.4953 0.5047
4103 0.488 0.512
4104 0.4983 0.5017
4105 0.4909 0.5091
4106 0.4876 0.5124
4107 0.4911 0.5089
4108 0.4963 0.5037
4109 0.4921 0.5079
4110 0.4896 0.5104
4111 0.4939 0.5061
4112 0.4974 0.5026
4113 0.4886 0.5114
4114 0.493 0.507
4115 0.4864 0.5136
4116 0.4973 0.5027
4117 0.4915 0.5085
4118 0.4921 0.5079
4119 0.492 0.508
4120 0.4898 0.5102
4121 0.4917 0.5083
4122 0.4862 0.5138
4123 0.49 0.51
4124 0.5002 0.4998
4125 0.4916 0.5084
4126 0.4968 0.5032
4127 0.4885 0.5115
4128 0.4944 0.5056
4129 0.4997 0.5003
4130 0.4939 0.5061
4131 0.4978 0.5022
4132 0.4931 0.5069
4133 0.5047 0.4953
4134 0.4982 0.5018
4135 0.4962 0.5038
4136 0.4964 0.5036
4137 0.4979 0.5021
4138 0.492 0.508
4139 0.4894 0.5106
4140 0.4948 0.5052
4141 0.4956 0.5044
4142 0.4953 0.5047
4143 0.4982 0.5018
4144 0.5007 0.4993
4145 0.4944 0.5056
4146 0.4894 0.5106
4147 0.4943 0.5057
4148 0.4955 0.5045
4149 0.4976 0.5024
4150 0.495 0.505
4151 0.4957 0.5043
4152 0.4919 0.5081
4153 0.4872 0.5128
4154 0.4826 0.5174
4155 0.4907 0.5093
4156 0.4913 0.5087
4157 0.4877 0.5123
4158 0.4935 0.5065
4159 0.4898 0.5102
4160 0.4919 0.5081
4161 0.4864 0.5136
4162 0.4868 0.5132
4163 0.4881 0.5119
4164 0.5044 0.4956
4165 0.5012 0.4988
4166 0.4833 0.5167
4167 0.4862 0.5138
4168 0.4996 0.5004
4169 0.489 0.511
4170 0.4919 0.5081
4171 0.4968 0.5032
4172 0.4907 0.5093
4173 0.4809 0.5191
4174 0.4885 0.5115
4175 0.5048 0.4952
4176 0.4926 0.5074
4177 0.4908 0.5092
4178 0.4868 0.5132
4179 0.4897 0.5103
4180 0.4968 0.5032
4181 0.4888 0.5112
4182 0.491 0.509
4183 0.4985 0.5015
4184 0.4893 0.5107
4185 0.498 0.502
4186 0.4887 0.5113
4187 0.4988 0.5012
4188 0.5064 0.4936
4189 0.4944 0.5056
4190 0.4882 0.5118
4191 0.4817 0.5183
4192 0.4965 0.5035
4193 0.5021 0.4979
4194 0.5002 0.4998
4195 0.49 0.51
4196 0.4955 0.5045
4197 0.494 0.506
4198 0.4973 0.5027
4199 0.4835 0.5165
4200 0.4945 0.5055
4201 0.4875 0.5125
4202 0.492 0.508
4203 0.4989 0.5011
4204 0.4838 0.5162
4205 0.4957 0.5043
4206 0.488 0.512
4207 0.4872 0.5128
4208 0.4948 0.5052
4209 0.4944 0.5056
4210 0.4976 0.5024
4211 0.4891 0.5109
4212 0.4926 0.5074
4213 0.4871 0.5129
4214 0.4871 0.5129
4215 0.4982 0.5018
4216 0.4861 0.5139
4217 0.4903 0.5097
4218 0.4867 0.5133
4219 0.489 0.511
4220 0.4941 0.5059
4221 0.4893 0.5107
4222 0.495 0.505
4223 0.4952 0.5048
4224 0.4848 0.5152
4225 0.4906 0.5094
4226 0.4888 0.5112
4227 0.4953 0.5047
4228 0.4868 0.5132
4229 0.4928 0.5072
4230 0.487 0.513
4231 0.4929 0.5071
4232 0.4864 0.5136
4233 0.4827 0.5173
4234 0.49 0.51
4235 0.5026 0.4974
4236 0.4937 0.5063
4237 0.5046 0.4954
4238 0.496 0.504
4239 0.4904 0.5096
4240 0.5041 0.4959
4241 0.4871 0.5129
4242 0.4979 0.5021
4243 0.5108 0.4892
4244 0.4889 0.5111
4245 0.4831 0.5169
4246 0.4964 0.5036
4247 0.4893 0.5107
4248 0.4819 0.5181
4249 0.4898 0.5102
4250 0.4746 0.5254
4251 0.4991 0.5009
4252 0.4961 0.5039
4253 0.4836 0.5164
4254 0.4853 0.5147
4255 0.4886 0.5114
4256 0.4919 0.5081
4257 0.488 0.512
4258 0.5049 0.4951
4259 0.4814 0.5186
4260 0.4885 0.5115
4261 0.5058 0.4942
4262 0.4832 0.5168
4263 0.501 0.499
4264 0.5003 0.4997
4265 0.4909 0.5091
4266 0.5032 0.4968
4267 0.486 0.514
4268 0.4916 0.5084
4269 0.4953 0.5047
4270 0.4892 0.5108
4271 0.5052 0.4948
4272 0.4833 0.5167
4273 0.4967 0.5033
4274 0.5022 0.4978
4275 0.4861 0.5139
4276 0.4943 0.5057
4277 0.488 0.512
4278 0.4895 0.5105
4279 0.4982 0.5018
4280 0.4957 0.5043
4281 0.4869 0.5131
4282 0.4918 0.5082
4283 0.5042 0.4958
4284 0.494 0.506
4285 0.488 0.512
4286 0.5132 0.4868
4287 0.486 0.514
4288 0.4866 0.5134
4289 0.4721 0.5279
4290 0.4983 0.5017
4291 0.497 0.503
4292 0.4975 0.5025
4293 0.4845 0.5155
4294 0.4858 0.5142
4295 0.497 0.503
4296 0.4903 0.5097
4297 0.4877 0.5123
4298 0.4963 0.5037
4299 0.5003 0.4997
4300 0.4951 0.5049
4301 0.4772 0.5228
4302 0.4654 0.5346
4303 0.4841 0.5159
4304 0.4923 0.5077
4305 0.4803 0.5197
4306 0.4962 0.5038
4307 0.5077 0.4923
4308 0.4841 0.5159
4309 0.4945 0.5055
4310 0.4849 0.5151
4311 0.4892 0.5108
4312 0.4848 0.5152
4313 0.4809 0.5191
4314 0.4767 0.5233
4315 0.4897 0.5103
4316 0.484 0.516
4317 0.5104 0.4896
4318 0.4666 0.5334
4319 0.4845 0.5155
4320 0.4858 0.5142
4321 0.4956 0.5044
4322 0.4832 0.5168
4323 0.4981 0.5019
4324 0.4833 0.5167
4325 0.4935 0.5065
4326 0.4962 0.5038
4327 0.4867 0.5133
4328 0.488 0.512
4329 0.5084 0.4916
4330 0.4976 0.5024
4331 0.4645 0.5355
4332 0.491 0.509
4333 0.4854 0.5146
4334 0.4808 0.5192
4335 0.5064 0.4936
4336 0.4808 0.5192
4337 0.4673 0.5327
4338 0.5038 0.4962
4339 0.4812 0.5188
4340 0.4992 0.5008
4341 0.4955 0.5045
4342 0.477 0.523
4343 0.4739 0.5261
4344 0.4783 0.5217
4345 0.4819 0.5181
4346 0.4867 0.5133
4347 0.4985 0.5015
4348 0.4747 0.5253
4349 0.4828 0.5172
4350 0.4941 0.5059
4351 0.4947 0.5053
4352 0.5101 0.4899
4353 0.494 0.506
4354 0.4738 0.5262
4355 0.4831 0.5169
4356 0.4867 0.5133
4357 0.4801 0.5199
4358 0.4841 0.5159
4359 0.4788 0.5212
4360 0.4826 0.5174
4361 0.4643 0.5357
4362 0.4905 0.5095
4363 0.5073 0.4927
4364 0.4964 0.5036
4365 0.4925 0.5075
4366 0.4876 0.5124
4367 0.4754 0.5246
4368 0.4799 0.5201
4369 0.4892 0.5108
4370 0.4821 0.5179
4371 0.4704 0.5296
4372 0.5101 0.4899
4373 0.5085 0.4915
4374 0.4944 0.5056
4375 0.4724 0.5276
4376 0.5027 0.4973
4377 0.5098 0.4902
4378 0.4914 0.5086
4379 0.4621 0.5379
4380 0.4876 0.5124
4381 0.4537 0.5463
4382 0.479 0.521
4383 0.4888 0.5112
4384 0.4973 0.5027
4385 0.4978 0.5022
4386 0.4741 0.5259
4387 0.4941 0.5059
4388 0.4744 0.5256
4389 0.491 0.509
4390 0.4767 0.5233
4391 0.4782 0.5218
4392 0.498 0.502
4393 0.5027 0.4973
4394 0.5232 0.4768
4395 0.4912 0.5088
4396 0.4594 0.5406
4397 0.4869 0.5131
4398 0.5188 0.4812
4399 0.4915 0.5085
4400 0.4782 0.5218
4401 0.4649 0.5351
4402 0.5046 0.4954
4403 0.4731 0.5269
4404 0.5017 0.4983
4405 0.5103 0.4897
4406 0.4547 0.5453
4407 0.5198 0.4802
4408 0.4807 0.5193
4409 0.474 0.526
4410 0.5089 0.4911
4411 0.4657 0.5343
4412 0.4904 0.5096
4413 0.5072 0.4928
4414 0.5054 0.4946
4415 0.4982 0.5018
4416 0.4871 0.5129
4417 0.5152 0.4848
4418 0.4892 0.5108
4419 0.5097 0.4903
4420 0.4607 0.5393
4421 0.5508 0.4492
4422 0.468 0.532
4423 0.495 0.505
4424 0.5043 0.4957
4425 0.4489 0.5511
4426 0.4956 0.5044
4427 0.5228 0.4772
4428 0.4797 0.5203
4429 0.4591 0.5409
4430 0.5104 0.4896
4431 0.4362 0.5638
4432 0.5032 0.4968
4433 0.485 0.515
4434 0.467 0.533
4435 0.4158 0.5842
4436 0.519 0.481
4437 0.4928 0.5072
4438 0.5028 0.4972
4439 0.4471 0.5529
4440 0.4737 0.5263
4441 0.5333 0.4667
4442 0.5082 0.4918
4443 0.4946 0.5054
4444 0.5134 0.4866
4445 0.4227 0.5773
4446 0.4648 0.5352
4447 0.5053 0.4947
4448 0.5248 0.4752
4449 0.4742 0.5258
4450 0.4864 0.5136
4451 0.5331 0.4669
4452 0.4322 0.5678
4453 0.5154 0.4846
4454 0.4897 0.5103
4455 0.5236 0.4764
4456 0.45 0.55
4457 0.5216 0.4784
4458 0.4961 0.5039
4459 0.4774 0.5226
4460 0.4299 0.5701
4461 0.4457 0.5543
4462 0.4198 0.5802
4463 0.5155 0.4845
4464 0.5093 0.4907
4465 0.5207 0.4793
4466 0.4935 0.5065
4467 0.4713 0.5287
4468 0.515 0.485
4469 0.4859 0.5141
4470 0.4386 0.5614
4471 0.5329 0.4671
4472 0.4743 0.5257
4473 0.4971 0.5029
4474 0.5075 0.4925
4475 0.5255 0.4745
4476 0.5438 0.4562
4477 0.5364 0.4636
4478 0.4554 0.5446
4479 0.45 0.55
4480 0.4695 0.5305
4481 0.4678 0.5322
4482 0.4819 0.5181
4483 0.4819 0.5181
4484 0.4792 0.5208
4485 0.5024 0.4976
4486 0.455 0.545
4487 0.4114 0.5886
4488 0.497 0.503
4489 0.4242 0.5758
4490 0.485 0.515
4491 0.4971 0.5029
4492 0.4911 0.5089
4493 0.4848 0.5152
4494 0.4762 0.5238
4495 0.5 0.5
4496 0.4682 0.5318
4497 0.4694 0.5306
4498 0.4504 0.5496
4499 0.6067 0.3933
4500 0.5116 0.4884
4501 0.4506 0.5494
4502 0.5342 0.4658
4503 0.5181 0.4819
4504 0.5243 0.4757
4505 0.517 0.483
4506 0.5029 0.4971
4507 0.4815 0.5185
4508 0.4276 0.5724
4509 0.4658 0.5342
4510 0.5 0.5
4511 0.5526 0.4474
4512 0.4507 0.5493
4513 0.5081 0.4919
4514 0.5043 0.4957
4515 0.5 0.5
4516 0.4574 0.5426
4517 0.5726 0.4274
4518 0.4959 0.5041
4519 0.4356 0.5644
4520 0.4444 0.5556
4521 0.5294 0.4706
4522 0.4382 0.5618
4523 0.5 0.5
4524 0.4545 0.5455
4525 0.4933 0.5067
4526 0.45 0.55
4527 0.3333 0.6667
4528 0.2927 0.7073
4529 0.5152 0.4848
4530 0.4865 0.5135
4531 0.4884 0.5116
4532 0.5536 0.4464
4533 0.55 0.45
4534 0.4746 0.5254
4535 0.5231 0.4769
4536 0.4677 0.5323
4537 0.537 0.463
4538 0.3571 0.6429
4539 0.5385 0.4615
4540 0.5455 0.4545
4541 0.4355 0.5645
4542 0.5246 0.4754
4543 0.4762 0.5238
4544 0.4333 0.5667
4545 0.4921 0.5079
4546 0.3846 0.6154
4547 0.4103 0.5897
4548 0.6154 0.3846
4549 0.4667 0.5333
4550 0.4242 0.5758
4551 0.5 0.5
4552 0.5526 0.4474
4553 0.5625 0.4375
4554 0.5714 0.4286
4555 0.4909 0.5091
4556 0.3261 0.6739
4557 0.5116 0.4884
4558 0.3864 0.6136
4559 0.4474 0.5526
4560 0.4688 0.5312
4561 0.6 0.4
4562 0.35 0.65
4563 0.5556 0.4444
4564 0.6429 0.3571
4565 0.25 0.75
4566 0.7143 0.2857
4567 0.6154 0.3846
4568 0.4667 0.5333
4569 0.4118 0.5882
4570 0.4375 0.5625
4571 0.3333 0.6667
4572 0.3333 0.6667
4573 0.5556 0.4444
4574 0.5 0.5
4575 0.5294 0.4706
4576 0.5714 0.4286
4577 0.4615 0.5385
4578 0.3103 0.6897
4579 0.5 0.5
4580 0.5714 0.4286
4581 0.3478 0.6522
4582 0.6 0.4
4583 0.5938 0.4062
4584 0.4412 0.5588
4585 0.4 0.6
4586 0.625 0.375
4587 0.4444 0.5556
4588 0.5 0.5
4589 0.375 0.625
4590 0.4167 0.5833
4591 0.25 0.75
4592 0.5 0.5
4593 0.5 0.5
4594 1.0 0.0
4595 0.6667 0.3333
4596 0.4286 0.5714
4597 0.3 0.7
4598 0.375 0.625
4599 0.8 0.2
4600 0.25 0.75
4601 0.6 0.4
4602 0.4615 0.5385
4603 0.4286 0.5714
4604 0.7 0.3
4605 0.6364 0.3636
4606 0.4 0.6
4607 0.5 0.5
4608 0.5 0.5
4609 0.6667 0.3333
4610 0.625 0.375
4611 0.4 0.6
4612 0.7 0.3
4613 0.5 0.5
4614 0.5556 0.4444
4615 0.5 0.5
4616 0.4167 0.5833
4617 0.1818 0.8182
4618 0.4 0.6
4619 0.25 0.75
4620 0.5556 0.4444
4621 0.5 0.5
4622 0.625 0.375
4623 0.5 0.5
4624 0.6667 0.3333
4625 0.375 0.625
4626 0.75 0.25
4627 0.25 0.75
4628 0.25 0.75
4629 0.8333 0.1667
4630 0.6 0.4
4631 0.6 0.4
4632 0.1667 0.8333
4633 0.6667 0.3333
4634 0.4444 0.5556
4635 0.2857 0.7143
4636 0.5 0.5
4637 0.8 0.2
4638 0.5556 0.4444
4639 0.5833 0.4167
4640 0.2222 0.7778
4641 0.0 1.0
4642 0.5 0.5
4643 0.25 0.75
4644 0.0 1.0
4646 0.0 1.0
4647 0.5 0.5
4648 0.6 0.4
4649 0.6667 0.3333
4650 0.25 0.75
4651 0.5 0.5
4652 0.6667 0.3333
4653 0.0 1.0
4656 0.3333 0.6667
4657 0.6667 0.3333
4658 0.5556 0.4444
4659 0.5556 0.4444
4660 0.4 0.6
4661 0.7143 0.2857
4662 0.375 0.625
4663 0.3333 0.6667
4664 0.6 0.4
4665 0.6 0.4
4666 0.5 0.5
4667 1.0 0.0
4668 0.5 0.5
4669 0.4 0.6
4670 0.7143 0.2857
4671 0.8571 0.1429
4672 0.6 0.4
4673 0.4 0.6
4674 0.1667 0.8333
4675 0.8333 0.1667
4676 0.3333 0.6667
4677 0.4286 0.5714
4678 0.625 0.375
4679 0.5 0.5
4680 0.5 0.5
4681 0.3333 0.6667
4682 0.5 0.5
4683 0.25 0.75
4684 0.6667 0.3333
4685 0.5 0.5
4686 0.3333 0.6667
4687 1.0 0.0
4688 0.5 0.5
4689 0.6 0.4
4690 0.0 1.0
4691 0.75 0.25
4692 0.5 0.5
4693 0.0 1.0
4695 1.0 0.0
4696 0.0 1.0
4697 0.0 1.0
4698 0.0 1.0
