-2145 1
-2144 0
-2143 0
-2142 0
-2141 0
-2140 0
-2139 0
-2138 0
-2137 0
-2136 0
-2135 0
-2134 0
-2133 0
-2132 0
-2131 0
-2130 0
-2129 0
-2128 0
-2127 0
-2126 1
-2125 0
-2124 0
-2123 1
-2122 0
-2121 0
-2120 0
-2119 0
-2118 0
-2117 0
-2116 0
-2115 0
-2114 0
-2113 0
-2112 0
-2111 0
-2110 0
-2109 0
-2108 0
-2107 0
-2106 0
-2105 0
-2104 0
-2103 0
-2102 0
-2101 0
-2100 0
-2099 0
-2098 0
-2097 0
-2096 0
-2095 0
-2094 0
-2093 1
-2092 0
-2091 0
-2090 0
-2089 0
-2088 1
-2087 0
-2086 0
-2085 0
-2084 0
-2083 0
-2082 0
-2081 1
-2080 0
-2079 0
-2078 0
-2077 0
-2076 0
-2075 0
-2074 1
-2073 0
-2072 1
-2071 1
-2070 0
-2069 1
-2068 0
-2067 0
-2066 0
-2065 1
-2064 0
-2063 0
-2062 1
-2061 0
-2060 0
-2059 0
-2058 0
-2057 1
-2056 0
-2055 0
-2054 0
-2053 1
-2052 1
-2051 0
-2050 0
-2049 0
-2048 1
-2047 0
-2046 0
-2045 0
-2044 0
-2043 0
-2042 0
-2041 0
-2040 0
-2039 0
-2038 0
-2037 1
-2036 0
-2035 1
-2034 0
-2033 2
-2032 2
-2031 2
-2030 1
-2029 1
-2028 1
-2027 0
-2026 1
-2025 0
-2024 0
-2023 0
-2022 0
-2021 0
-2020 0
-2019 0
-2018 1
-2017 1
-2016 0
-2015 0
-2014 1
-2013 2
-2012 0
-2011 0
-2010 0
-2009 1
-2008 2
-2007 1
-2006 0
-2005 0
-2004 0
-2003 0
-2002 2
-2001 0
-2000 0
-1999 2
-1998 1
-1997 1
-1996 0
-1995 0
-1994 1
-1993 1
-1992 1
-1991 2
-1990 0
-1989 1
-1988 1
-1987 2
-1986 1
-1985 1
-1984 2
-1983 0
-1982 4
-1981 1
-1980 0
-1979 0
-1978 1
-1977 0
-1976 0
-1975 3
-1974 0
-1973 4
-1972 1
-1971 1
-1970 3
-1969 2
-1968 1
-1967 1
-1966 1
-1965 5
-1964 1
-1963 2
-1962 2
-1961 0
-1960 4
-1959 2
-1958 0
-1957 1
-1956 3
-1955 1
-1954 0
-1953 3
-1952 1
-1951 2
-1950 5
-1949 3
-1948 3
-1947 4
-1946 2
-1945 3
-1944 2
-1943 3
-1942 0
-1941 1
-1940 2
-1939 1
-1938 3
-1937 1
-1936 4
-1935 2
-1934 1
-1933 4
-1932 1
-1931 1
-1930 2
-1929 2
-1928 2
-1927 0
-1926 0
-1925 4
-1924 0
-1923 0
-1922 3
-1921 2
-1920 2
-1919 4
-1918 1
-1917 1
-1916 3
-1915 3
-1914 4
-1913 1
-1912 2
-1911 4
-1910 1
-1909 7
-1908 3
-1907 3
-1906 0
-1905 3
-1904 5
-1903 1
-1902 4
-1901 3
-1900 4
-1899 3
-1898 3
-1897 1
-1896 2
-1895 2
-1894 3
-1893 6
-1892 4
-1891 5
-1890 5
-1889 2
-1888 0
-1887 2
-1886 1
-1885 5
-1884 5
-1883 3
-1882 2
-1881 4
-1880 5
-1879 1
-1878 6
-1877 4
-1876 2
-1875 1
-1874 6
-1873 1
-1872 5
-1871 2
-1870 7
-1869 2
-1868 6
-1867 3
-1866 1
-1865 2
-1864 7
-1863 3
-1862 6
-1861 1
-1860 2
-1859 3
-1858 5
-1857 4
-1856 2
-1855 3
-1854 6
-1853 6
-1852 6
-1851 3
-1850 3
-1849 6
-1848 5
-1847 4
-1846 4
-1845 4
-1844 5
-1843 6
-1842 3
-1841 4
-1840 2
-1839 5
-1838 3
-1837 7
-1836 2
-1835 4
-1834 1
-1833 3
-1832 4
-1831 3
-1830 10
-1829 8
-1828 6
-1827 4
-1826 6
-1825 2
-1824 12
-1823 7
-1822 5
-1821 7
-1820 8
-1819 7
-1818 7
-1817 4
-1816 5
-1815 2
-1814 5
-1813 5
-1812 4
-1811 3
-1810 4
-1809 5
-1808 6
-1807 6
-1806 4
-1805 8
-1804 3
-1803 12
-1802 12
-1801 12
-1800 6
-1799 3
-1798 9
-1797 9
-1796 9
-1795 10
-1794 11
-1793 4
-1792 6
-1791 4
-1790 8
-1789 8
-1788 12
-1787 10
-1786 9
-1785 6
-1784 8
-1783 1
-1782 5
-1781 7
-1780 11
-1779 9
-1778 9
-1777 5
-1776 4
-1775 6
-1774 5
-1773 5
-1772 8
-1771 7
-1770 7
-1769 2
-1768 13
-1767 12
-1766 13
-1765 10
-1764 7
-1763 11
-1762 15
-1761 8
-1760 7
-1759 7
-1758 6
-1757 10
-1756 10
-1755 6
-1754 11
-1753 8
-1752 7
-1751 10
-1750 7
-1749 13
-1748 9
-1747 10
-1746 12
-1745 14
-1744 14
-1743 11
-1742 6
-1741 9
-1740 9
-1739 18
-1738 9
-1737 9
-1736 13
-1735 11
-1734 8
-1733 9
-1732 12
-1731 11
-1730 16
-1729 5
-1728 5
-1727 6
-1726 13
-1725 15
-1724 14
-1723 8
-1722 10
-1721 10
-1720 11
-1719 15
-1718 12
-1717 8
-1716 8
-1715 12
-1714 6
-1713 8
-1712 12
-1711 11
-1710 10
-1709 15
-1708 13
-1707 8
-1706 13
-1705 7
-1704 6
-1703 11
-1702 10
-1701 13
-1700 10
-1699 14
-1698 12
-1697 8
-1696 11
-1695 11
-1694 8
-1693 12
-1692 9
-1691 12
-1690 15
-1689 10
-1688 7
-1687 6
-1686 6
-1685 9
-1684 10
-1683 12
-1682 12
-1681 10
-1680 14
-1679 7
-1678 22
-1677 11
-1676 7
-1675 12
-1674 10
-1673 14
-1672 16
-1671 19
-1670 11
-1669 13
-1668 15
-1667 17
-1666 10
-1665 12
-1664 16
-1663 7
-1662 12
-1661 11
-1660 13
-1659 14
-1658 11
-1657 12
-1656 12
-1655 10
-1654 13
-1653 12
-1652 8
-1651 18
-1650 6
-1649 16
-1648 17
-1647 10
-1646 8
-1645 9
-1644 13
-1643 10
-1642 15
-1641 15
-1640 18
-1639 17
-1638 12
-1637 3
-1636 10
-1635 12
-1634 14
-1633 8
-1632 19
-1631 14
-1630 11
-1629 20
-1628 13
-1627 18
-1626 13
-1625 16
-1624 6
-1623 11
-1622 11
-1621 14
-1620 14
-1619 10
-1618 20
-1617 14
-1616 16
-1615 12
-1614 10
-1613 15
-1612 17
-1611 11
-1610 13
-1609 9
-1608 16
-1607 13
-1606 11
-1605 16
-1604 17
-1603 18
-1602 9
-1601 10
-1600 15
-1599 10
-1598 12
-1597 18
-1596 18
-1595 17
-1594 23
-1593 15
-1592 10
-1591 21
-1590 16
-1589 13
-1588 23
-1587 12
-1586 14
-1585 19
-1584 10
-1583 14
-1582 8
-1581 12
-1580 17
-1579 17
-1578 18
-1577 14
-1576 20
-1575 22
-1574 20
-1573 13
-1572 23
-1571 11
-1570 16
-1569 18
-1568 12
-1567 13
-1566 13
-1565 11
-1564 14
-1563 15
-1562 22
-1561 19
-1560 15
-1559 12
-1558 19
-1557 20
-1556 20
-1555 16
-1554 22
-1553 10
-1552 15
-1551 15
-1550 10
-1549 24
-1548 14
-1547 21
-1546 17
-1545 20
-1544 14
-1543 13
-1542 20
-1541 16
-1540 13
-1539 10
-1538 19
-1537 13
-1536 15
-1535 20
-1534 22
-1533 13
-1532 21
-1531 23
-1530 16
-1529 19
-1528 27
-1527 9
-1526 8
-1525 7
-1524 23
-1523 17
-1522 11
-1521 15
-1520 28
-1519 16
-1518 13
-1517 9
-1516 24
-1515 27
-1514 19
-1513 22
-1512 27
-1511 21
-1510 19
-1509 23
-1508 15
-1507 26
-1506 17
-1505 18
-1504 22
-1503 13
-1502 14
-1501 12
-1500 20
-1499 19
-1498 22
-1497 17
-1496 24
-1495 15
-1494 26
-1493 17
-1492 17
-1491 15
-1490 20
-1489 18
-1488 13
-1487 21
-1486 18
-1485 20
-1484 22
-1483 15
-1482 12
-1481 18
-1480 18
-1479 24
-1478 17
-1477 15
-1476 11
-1475 15
-1474 30
-1473 16
-1472 16
-1471 22
-1470 21
-1469 23
-1468 16
-1467 19
-1466 16
-1465 28
-1464 18
-1463 18
-1462 17
-1461 23
-1460 15
-1459 22
-1458 21
-1457 17
-1456 16
-1455 19
-1454 19
-1453 19
-1452 18
-1451 20
-1450 15
-1449 17
-1448 24
-1447 19
-1446 13
-1445 23
-1444 23
-1443 18
-1442 14
-1441 8
-1440 23
-1439 30
-1438 17
-1437 14
-1436 24
-1435 27
-1434 23
-1433 16
-1432 19
-1431 23
-1430 18
-1429 18
-1428 18
-1427 18
-1426 28
-1425 23
-1424 17
-1423 18
-1422 20
-1421 13
-1420 24
-1419 23
-1418 22
-1417 22
-1416 23
-1415 12
-1414 21
-1413 22
-1412 22
-1411 23
-1410 24
-1409 27
-1408 16
-1407 24
-1406 12
-1405 12
-1404 21
-1403 20
-1402 18
-1401 23
-1400 17
-1399 26
-1398 18
-1397 18
-1396 20
-1395 22
-1394 22
-1393 20
-1392 22
-1391 25
-1390 21
-1389 25
-1388 16
-1387 31
-1386 22
-1385 23
-1384 23
-1383 23
-1382 15
-1381 23
-1380 14
-1379 17
-1378 20
-1377 23
-1376 16
-1375 24
-1374 21
-1373 20
-1372 16
-1371 21
-1370 24
-1369 16
-1368 27
-1367 19
-1366 22
-1365 14
-1364 13
-1363 24
-1362 19
-1361 27
-1360 26
-1359 24
-1358 21
-1357 23
-1356 18
-1355 14
-1354 29
-1353 21
-1352 24
-1351 24
-1350 22
-1349 26
-1348 30
-1347 13
-1346 33
-1345 28
-1344 23
-1343 22
-1342 27
-1341 18
-1340 11
-1339 20
-1338 25
-1337 26
-1336 16
-1335 26
-1334 25
-1333 21
-1332 17
-1331 27
-1330 24
-1329 33
-1328 23
-1327 24
-1326 28
-1325 30
-1324 23
-1323 21
-1322 23
-1321 24
-1320 29
-1319 31
-1318 35
-1317 24
-1316 22
-1315 27
-1314 30
-1313 22
-1312 22
-1311 28
-1310 28
-1309 19
-1308 24
-1307 30
-1306 23
-1305 21
-1304 28
-1303 29
-1302 27
-1301 30
-1300 22
-1299 21
-1298 31
-1297 25
-1296 17
-1295 29
-1294 30
-1293 32
-1292 33
-1291 30
-1290 20
-1289 22
-1288 26
-1287 21
-1286 34
-1285 26
-1284 17
-1283 30
-1282 24
-1281 30
-1280 28
-1279 25
-1278 26
-1277 26
-1276 27
-1275 19
-1274 29
-1273 27
-1272 28
-1271 24
-1270 21
-1269 26
-1268 21
-1267 16
-1266 22
-1265 21
-1264 21
-1263 18
-1262 31
-1261 27
-1260 26
-1259 26
-1258 31
-1257 30
-1256 23
-1255 24
-1254 26
-1253 29
-1252 28
-1251 23
-1250 30
-1249 32
-1248 21
-1247 31
-1246 27
-1245 36
-1244 27
-1243 30
-1242 24
-1241 31
-1240 25
-1239 36
-1238 25
-1237 25
-1236 24
-1235 18
-1234 33
-1233 25
-1232 20
-1231 23
-1230 31
-1229 21
-1228 29
-1227 20
-1226 25
-1225 30
-1224 21
-1223 22
-1222 24
-1221 39
-1220 26
-1219 27
-1218 33
-1217 28
-1216 31
-1215 20
-1214 20
-1213 28
-1212 26
-1211 25
-1210 32
-1209 24
-1208 40
-1207 28
-1206 25
-1205 25
-1204 19
-1203 29
-1202 27
-1201 29
-1200 26
-1199 25
-1198 33
-1197 26
-1196 21
-1195 30
-1194 28
-1193 25
-1192 18
-1191 24
-1190 29
-1189 32
-1188 21
-1187 26
-1186 24
-1185 28
-1184 19
-1183 24
-1182 23
-1181 22
-1180 20
-1179 27
-1178 36
-1177 27
-1176 24
-1175 37
-1174 30
-1173 31
-1172 23
-1171 35
-1170 37
-1169 37
-1168 35
-1167 26
-1166 25
-1165 31
-1164 26
-1163 27
-1162 31
-1161 30
-1160 28
-1159 32
-1158 37
-1157 21
-1156 27
-1155 33
-1154 26
-1153 23
-1152 30
-1151 30
-1150 29
-1149 39
-1148 25
-1147 33
-1146 34
-1145 42
-1144 26
-1143 27
-1142 37
-1141 33
-1140 31
-1139 29
-1138 35
-1137 36
-1136 32
-1135 35
-1134 38
-1133 37
-1132 35
-1131 37
-1130 32
-1129 28
-1128 24
-1127 32
-1126 33
-1125 33
-1124 29
-1123 26
-1122 33
-1121 30
-1120 27
-1119 24
-1118 31
-1117 41
-1116 40
-1115 31
-1114 28
-1113 25
-1112 31
-1111 37
-1110 26
-1109 34
-1108 24
-1107 36
-1106 31
-1105 21
-1104 38
-1103 26
-1102 34
-1101 34
-1100 31
-1099 19
-1098 31
-1097 24
-1096 31
-1095 26
-1094 34
-1093 36
-1092 32
-1091 40
-1090 31
-1089 45
-1088 33
-1087 26
-1086 31
-1085 40
-1084 40
-1083 30
-1082 28
-1081 28
-1080 38
-1079 31
-1078 35
-1077 39
-1076 25
-1075 36
-1074 45
-1073 32
-1072 37
-1071 36
-1070 35
-1069 42
-1068 31
-1067 39
-1066 31
-1065 33
-1064 24
-1063 30
-1062 30
-1061 35
-1060 35
-1059 39
-1058 37
-1057 28
-1056 34
-1055 36
-1054 36
-1053 39
-1052 43
-1051 39
-1050 27
-1049 32
-1048 35
-1047 40
-1046 34
-1045 30
-1044 38
-1043 38
-1042 42
-1041 36
-1040 30
-1039 41
-1038 37
-1037 36
-1036 46
-1035 45
-1034 28
-1033 33
-1032 31
-1031 32
-1030 44
-1029 46
-1028 32
-1027 28
-1026 44
-1025 38
-1024 36
-1023 40
-1022 34
-1021 39
-1020 34
-1019 40
-1018 34
-1017 33
-1016 32
-1015 33
-1014 33
-1013 29
-1012 38
-1011 21
-1010 38
-1009 44
-1008 34
-1007 35
-1006 38
-1005 39
-1004 32
-1003 37
-1002 36
-1001 32
-1000 30
-999 34
-998 34
-997 42
-996 34
-995 36
-994 45
-993 30
-992 44
-991 33
-990 39
-989 37
-988 40
-987 43
-986 49
-985 40
-984 44
-983 37
-982 36
-981 29
-980 39
-979 31
-978 36
-977 32
-976 54
-975 45
-974 49
-973 57
-972 42
-971 40
-970 42
-969 36
-968 46
-967 47
-966 48
-965 34
-964 33
-963 33
-962 44
-961 39
-960 44
-959 56
-958 35
-957 30
-956 50
-955 46
-954 36
-953 46
-952 50
-951 41
-950 43
-949 34
-948 45
-947 35
-946 52
-945 39
-944 41
-943 39
-942 58
-941 58
-940 44
-939 38
-938 53
-937 37
-936 53
-935 46
-934 43
-933 41
-932 30
-931 42
-930 46
-929 55
-928 37
-927 38
-926 60
-925 41
-924 41
-923 43
-922 43
-921 46
-920 44
-919 45
-918 55
-917 39
-916 46
-915 42
-914 47
-913 64
-912 44
-911 43
-910 48
-909 47
-908 50
-907 33
-906 45
-905 50
-904 38
-903 39
-902 42
-901 41
-900 47
-899 54
-898 50
-897 38
-896 38
-895 43
-894 36
-893 37
-892 54
-891 44
-890 39
-889 43
-888 48
-887 54
-886 41
-885 52
-884 50
-883 41
-882 54
-881 45
-880 42
-879 45
-878 44
-877 41
-876 51
-875 48
-874 40
-873 48
-872 52
-871 45
-870 35
-869 45
-868 36
-867 45
-866 46
-865 52
-864 57
-863 47
-862 56
-861 59
-860 39
-859 53
-858 49
-857 42
-856 42
-855 46
-854 67
-853 45
-852 53
-851 47
-850 37
-849 53
-848 45
-847 60
-846 58
-845 53
-844 57
-843 45
-842 51
-841 59
-840 42
-839 59
-838 38
-837 56
-836 47
-835 51
-834 46
-833 68
-832 59
-831 53
-830 47
-829 69
-828 51
-827 51
-826 56
-825 59
-824 58
-823 53
-822 51
-821 43
-820 45
-819 48
-818 47
-817 43
-816 55
-815 47
-814 57
-813 45
-812 42
-811 56
-810 56
-809 50
-808 64
-807 50
-806 60
-805 53
-804 55
-803 47
-802 64
-801 67
-800 46
-799 57
-798 75
-797 64
-796 58
-795 61
-794 62
-793 47
-792 54
-791 61
-790 52
-789 52
-788 66
-787 62
-786 44
-785 50
-784 64
-783 55
-782 73
-781 45
-780 60
-779 62
-778 55
-777 56
-776 58
-775 68
-774 51
-773 57
-772 61
-771 66
-770 61
-769 70
-768 53
-767 54
-766 59
-765 65
-764 65
-763 59
-762 61
-761 60
-760 60
-759 40
-758 60
-757 61
-756 60
-755 64
-754 64
-753 74
-752 62
-751 61
-750 64
-749 57
-748 60
-747 70
-746 65
-745 65
-744 56
-743 80
-742 75
-741 52
-740 63
-739 59
-738 53
-737 67
-736 76
-735 67
-734 70
-733 66
-732 66
-731 48
-730 58
-729 69
-728 72
-727 61
-726 60
-725 58
-724 57
-723 78
-722 67
-721 80
-720 53
-719 69
-718 62
-717 63
-716 74
-715 68
-714 65
-713 61
-712 71
-711 76
-710 58
-709 67
-708 79
-707 76
-706 61
-705 64
-704 66
-703 71
-702 60
-701 64
-700 70
-699 72
-698 68
-697 68
-696 86
-695 81
-694 65
-693 59
-692 66
-691 79
-690 66
-689 71
-688 84
-687 84
-686 70
-685 70
-684 63
-683 54
-682 78
-681 88
-680 47
-679 64
-678 79
-677 76
-676 69
-675 66
-674 63
-673 73
-672 82
-671 67
-670 65
-669 74
-668 76
-667 81
-666 77
-665 81
-664 84
-663 89
-662 70
-661 72
-660 62
-659 86
-658 79
-657 82
-656 74
-655 70
-654 78
-653 78
-652 80
-651 80
-650 85
-649 91
-648 73
-647 88
-646 93
-645 72
-644 96
-643 62
-642 79
-641 65
-640 73
-639 79
-638 84
-637 99
-636 92
-635 85
-634 95
-633 80
-632 71
-631 85
-630 89
-629 84
-628 92
-627 76
-626 77
-625 70
-624 87
-623 85
-622 79
-621 92
-620 88
-619 106
-618 81
-617 82
-616 74
-615 77
-614 88
-613 85
-612 77
-611 113
-610 72
-609 83
-608 78
-607 71
-606 83
-605 95
-604 89
-603 88
-602 90
-601 90
-600 91
-599 107
-598 97
-597 95
-596 82
-595 101
-594 83
-593 93
-592 79
-591 106
-590 101
-589 78
-588 96
-587 94
-586 102
-585 103
-584 97
-583 101
-582 93
-581 98
-580 111
-579 102
-578 90
-577 87
-576 106
-575 94
-574 119
-573 108
-572 113
-571 91
-570 98
-569 98
-568 108
-567 91
-566 87
-565 87
-564 103
-563 107
-562 107
-561 91
-560 98
-559 117
-558 90
-557 105
-556 92
-555 116
-554 102
-553 95
-552 88
-551 108
-550 117
-549 99
-548 121
-547 99
-546 96
-545 109
-544 119
-543 113
-542 109
-541 110
-540 114
-539 100
-538 124
-537 121
-536 102
-535 116
-534 118
-533 93
-532 117
-531 118
-530 126
-529 117
-528 106
-527 113
-526 114
-525 119
-524 125
-523 116
-522 128
-521 121
-520 110
-519 137
-518 126
-517 120
-516 103
-515 124
-514 113
-513 121
-512 114
-511 109
-510 136
-509 129
-508 114
-507 108
-506 125
-505 106
-504 126
-503 114
-502 143
-501 111
-500 133
-499 129
-498 120
-497 110
-496 131
-495 112
-494 131
-493 123
-492 144
-491 127
-490 121
-489 114
-488 127
-487 147
-486 123
-485 122
-484 147
-483 134
-482 137
-481 112
-480 122
-479 118
-478 137
-477 132
-476 128
-475 143
-474 126
-473 149
-472 144
-471 121
-470 124
-469 137
-468 119
-467 151
-466 141
-465 136
-464 131
-463 134
-462 121
-461 129
-460 152
-459 157
-458 140
-457 137
-456 132
-455 148
-454 155
-453 145
-452 181
-451 140
-450 155
-449 135
-448 150
-447 140
-446 131
-445 125
-444 167
-443 141
-442 155
-441 151
-440 174
-439 165
-438 149
-437 161
-436 139
-435 167
-434 149
-433 173
-432 140
-431 175
-430 161
-429 142
-428 143
-427 139
-426 162
-425 188
-424 156
-423 159
-422 164
-421 162
-420 182
-419 174
-418 151
-417 162
-416 175
-415 170
-414 166
-413 161
-412 176
-411 165
-410 186
-409 164
-408 180
-407 188
-406 202
-405 176
-404 190
-403 163
-402 184
-401 168
-400 168
-399 158
-398 207
-397 188
-396 155
-395 190
-394 204
-393 197
-392 182
-391 190
-390 188
-389 182
-388 191
-387 196
-386 162
-385 199
-384 180
-383 207
-382 189
-381 198
-380 219
-379 199
-378 201
-377 240
-376 208
-375 185
-374 228
-373 198
-372 217
-371 204
-370 217
-369 234
-368 208
-367 221
-366 194
-365 213
-364 212
-363 222
-362 222
-361 225
-360 218
-359 235
-358 209
-357 229
-356 227
-355 196
-354 239
-353 219
-352 200
-351 239
-350 243
-349 243
-348 235
-347 239
-346 223
-345 241
-344 221
-343 230
-342 239
-341 218
-340 276
-339 229
-338 239
-337 232
-336 241
-335 254
-334 253
-333 261
-332 281
-331 285
-330 272
-329 243
-328 239
-327 276
-326 248
-325 284
-324 283
-323 253
-322 278
-321 286
-320 294
-319 257
-318 261
-317 255
-316 252
-315 254
-314 297
-313 283
-312 295
-311 315
-310 288
-309 325
-308 289
-307 295
-306 281
-305 310
-304 291
-303 291
-302 309
-301 271
-300 333
-299 328
-298 276
-297 309
-296 350
-295 341
-294 325
-293 301
-292 340
-291 305
-290 309
-289 325
-288 312
-287 321
-286 318
-285 333
-284 334
-283 342
-282 313
-281 333
-280 370
-279 357
-278 341
-277 338
-276 369
-275 338
-274 341
-273 376
-272 383
-271 350
-270 359
-269 372
-268 390
-267 341
-266 385
-265 415
-264 384
-263 422
-262 404
-261 407
-260 397
-259 401
-258 412
-257 400
-256 424
-255 351
-254 458
-253 366
-252 412
-251 407
-250 438
-249 414
-248 461
-247 431
-246 435
-245 480
-244 423
-243 465
-242 480
-241 452
-240 511
-239 453
-238 483
-237 479
-236 480
-235 537
-234 490
-233 506
-232 448
-231 483
-230 546
-229 509
-228 538
-227 499
-226 540
-225 542
-224 563
-223 574
-222 529
-221 521
-220 570
-219 498
-218 574
-217 563
-216 614
-215 562
-214 569
-213 623
-212 621
-211 587
-210 618
-209 589
-208 646
-207 596
-206 595
-205 624
-204 643
-203 621
-202 685
-201 664
-200 675
-199 694
-198 698
-197 674
-196 647
-195 688
-194 720
-193 730
-192 734
-191 715
-190 733
-189 697
-188 752
-187 711
-186 753
-185 794
-184 724
-183 771
-182 782
-181 763
-180 772
-179 852
-178 799
-177 846
-176 899
-175 850
-174 834
-173 893
-172 908
-171 872
-170 905
-169 915
-168 957
-167 911
-166 976
-165 900
-164 932
-163 996
-162 1007
-161 940
-160 984
-159 1028
-158 1044
-157 1042
-156 1097
-155 1101
-154 1071
-153 1082
-152 1081
-151 1114
-150 1156
-149 1138
-148 1249
-147 1197
-146 1288
-145 1177
-144 1244
-143 1231
-142 1280
-141 1291
-140 1315
-139 1306
-138 1433
-137 1375
-136 1351
-135 1426
-134 1457
-133 1458
-132 1497
-131 1488
-130 1523
-129 1524
-128 1576
-127 1585
-126 1586
-125 1632
-124 1641
-123 1721
-122 1733
-121 1717
-120 1840
-119 1790
-118 1914
-117 1854
-116 1906
-115 1957
-114 1962
-113 1971
-112 2097
-111 2076
-110 2069
-109 2032
-108 2194
-107 2291
-106 2244
-105 2358
-104 2331
-103 2449
-102 2463
-101 2562
-100 2586
-99 2634
-98 2705
-97 2676
-96 2751
-95 2792
-94 2868
-93 2868
-92 3069
-91 3128
-90 3117
-89 3176
-88 3229
-87 3295
-86 3481
-85 3590
-84 3585
-83 3719
-82 3650
-81 3875
-80 4046
-79 4088
-78 4121
-77 4255
-76 4504
-75 4496
-74 4604
-73 4813
-72 4885
-71 5105
-70 5152
-69 5371
-68 5628
-67 5641
-66 6002
-65 6125
-64 6352
-63 6657
-62 6837
-61 6972
-60 7059
-59 7422
-58 7716
-57 8108
-56 8178
-55 8651
-54 8756
-53 9126
-52 9586
-51 9979
-50 10281
-49 10837
-48 11163
-47 11725
-46 12346
-45 12666
-44 13372
-43 14013
-42 15012
-41 15310
-40 16504
-39 17406
-38 18263
-37 19318
-36 20392
-35 21635
-34 22881
-33 24465
-32 26068
-31 27997
-30 30093
-29 32442
-28 34928
-27 37394
-26 40137
-25 44003
-24 48263
-23 52596
-22 57602
-21 62990
-20 70106
-19 78434
-18 87946
-17 98567
-16 111503
-15 128553
-14 147933
-13 171933
-12 202533
-11 240655
-10 290230
-9 354708
-8 440808
-7 561213
-6 738985
-5 1014578
-4 1508305
-3 2607226
-2 5746802
-1 36239632
0 0
1 36243288
2 5743945
3 2607322
4 1509810
5 1012541
6 739290
7 561277
8 441202
9 354620
10 289156
11 240450
12 202095
13 171913
14 147748
15 128487
16 111833
17 98579
18 88143
19 78571
20 70236
21 63499
22 57705
23 52354
24 47474
25 43848
26 40385
27 37586
28 34791
29 32466
30 29948
31 28144
32 26030
33 24100
34 23536
35 21686
36 20262
37 19333
38 18190
39 17553
40 16433
41 15546
42 14836
43 14127
44 13384
45 12907
46 12247
47 11735
48 11243
49 10763
50 10289
51 9848
52 9474
53 9264
54 8832
55 8521
56 8216
57 7891
58 7783
59 7467
60 7103
61 6917
62 6775
63 6506
64 6323
65 6166
66 5948
67 5826
68 5632
69 5234
70 5294
71 5084
72 4960
73 4882
74 4644
75 4581
76 4503
77 4275
78 4206
79 3971
80 3826
81 3977
82 3837
83 3754
84 3589
85 3610
86 3422
87 3402
88 3323
89 3150
90 3087
91 3050
92 3020
93 2957
94 2827
95 2918
96 2749
97 2734
98 2728
99 2621
100 2573
101 2476
102 2376
103 2381
104 2350
105 2279
106 2213
107 2300
108 2116
109 2197
110 2071
111 2099
112 2013
113 1970
114 2032
115 1909
116 1825
117 1841
118 1808
119 1793
120 1742
121 1763
122 1728
123 1697
124 1750
125 1614
126 1615
127 1601
128 1505
129 1504
130 1509
131 1532
132 1531
133 1455
134 1403
135 1422
136 1411
137 1363
138 1367
139 1383
140 1373
141 1361
142 1303
143 1191
144 1174
145 1252
146 1223
147 1176
148 1186
149 1177
150 1147
151 1160
152 1158
153 1141
154 1132
155 1065
156 1113
157 1032
158 994
159 1043
160 1016
161 960
162 1002
163 964
164 951
165 938
166 948
167 903
168 886
169 937
170 930
171 874
172 937
173 900
174 877
175 823
176 846
177 830
178 787
179 825
180 808
181 790
182 829
183 800
184 801
185 755
186 726
187 731
188 683
189 763
190 702
191 738
192 696
193 770
194 730
195 686
196 683
197 673
198 639
199 696
200 650
201 669
202 656
203 653
204 579
205 628
206 634
207 593
208 624
209 576
210 601
211 609
212 554
213 577
214 562
215 545
216 557
217 557
218 542
219 568
220 579
221 586
222 525
223 499
224 556
225 554
226 595
227 540
228 500
229 492
230 540
231 477
232 464
233 492
234 502
235 464
236 501
237 483
238 456
239 461
240 451
241 489
242 437
243 420
244 475
245 443
246 419
247 429
248 389
249 422
250 422
251 462
252 435
253 406
254 420
255 417
256 376
257 415
258 427
259 408
260 389
261 389
262 382
263 374
264 398
265 384
266 365
267 362
268 413
269 368
270 330
271 366
272 379
273 387
274 360
275 341
276 368
277 359
278 317
279 370
280 363
281 311
282 351
283 313
284 314
285 319
286 365
287 342
288 327
289 333
290 352
291 317
292 369
293 305
294 321
295 303
296 299
297 303
298 303
299 329
300 304
301 313
302 323
303 317
304 301
305 305
306 305
307 343
308 272
309 285
310 273
311 285
312 305
313 273
314 286
315 288
316 273
317 294
318 265
319 276
320 275
321 292
322 241
323 268
324 237
325 274
326 270
327 285
328 263
329 272
330 276
331 256
332 260
333 271
334 211
335 273
336 260
337 275
338 254
339 239
340 240
341 252
342 234
343 266
344 240
345 217
346 237
347 220
348 225
349 243
350 224
351 241
352 236
353 208
354 243
355 218
356 224
357 251
358 199
359 239
360 216
361 198
362 227
363 212
364 211
365 228
366 222
367 234
368 194
369 199
370 190
371 201
372 219
373 206
374 192
375 205
376 216
377 211
378 212
379 224
380 220
381 185
382 206
383 185
384 208
385 190
386 189
387 219
388 205
389 161
390 184
391 157
392 210
393 205
394 183
395 182
396 189
397 178
398 164
399 181
400 169
401 183
402 195
403 164
404 188
405 184
406 216
407 170
408 160
409 168
410 153
411 171
412 178
413 182
414 170
415 149
416 172
417 162
418 165
419 181
420 190
421 145
422 184
423 155
424 127
425 148
426 164
427 166
428 150
429 160
430 170
431 171
432 155
433 158
434 164
435 150
436 175
437 158
438 168
439 173
440 151
441 161
442 177
443 146
444 147
445 132
446 154
447 166
448 130
449 150
450 148
451 124
452 140
453 143
454 142
455 130
456 154
457 156
458 124
459 126
460 137
461 151
462 134
463 141
464 124
465 130
466 145
467 159
468 127
469 121
470 135
471 168
472 145
473 138
474 128
475 137
476 138
477 136
478 144
479 124
480 125
481 120
482 129
483 128
484 143
485 129
486 140
487 101
488 140
489 124
490 123
491 114
492 135
493 119
494 126
495 123
496 127
497 106
498 116
499 113
500 144
501 144
502 122
503 113
504 109
505 102
506 107
507 108
508 115
509 121
510 143
511 124
512 120
513 137
514 98
515 120
516 118
517 116
518 93
519 127
520 144
521 110
522 109
523 124
524 118
525 116
526 132
527 115
528 88
529 90
530 99
531 132
532 107
533 122
534 108
535 98
536 102
537 117
538 92
539 107
540 90
541 116
542 100
543 106
544 122
545 118
546 103
547 108
548 115
549 103
550 110
551 111
552 110
553 114
554 110
555 110
556 101
557 95
558 89
559 109
560 85
561 94
562 87
563 99
564 87
565 111
566 100
567 90
568 113
569 92
570 108
571 93
572 92
573 84
574 104
575 104
576 103
577 98
578 92
579 80
580 120
581 107
582 105
583 100
584 104
585 106
586 91
587 82
588 84
589 102
590 102
591 85
592 87
593 93
594 83
595 96
596 95
597 103
598 76
599 94
600 85
601 80
602 94
603 107
604 93
605 73
606 83
607 91
608 82
609 86
610 93
611 98
612 95
613 91
614 84
615 85
616 85
617 91
618 92
619 72
620 65
621 88
622 83
623 93
624 79
625 80
626 99
627 84
628 80
629 77
630 89
631 86
632 70
633 104
634 65
635 80
636 83
637 78
638 88
639 100
640 70
641 94
642 89
643 69
644 99
645 80
646 82
647 71
648 85
649 101
650 63
651 80
652 75
653 70
654 91
655 81
656 80
657 82
658 73
659 79
660 82
661 84
662 81
663 67
664 78
665 85
666 67
667 78
668 75
669 83
670 78
671 75
672 80
673 79
674 89
675 78
676 75
677 65
678 67
679 71
680 64
681 83
682 78
683 65
684 78
685 74
686 84
687 60
688 64
689 77
690 62
691 64
692 93
693 72
694 68
695 73
696 82
697 81
698 74
699 59
700 78
701 60
702 70
703 51
704 66
705 79
706 71
707 71
708 76
709 60
710 67
711 73
712 76
713 63
714 70
715 70
716 72
717 62
718 65
719 83
720 67
721 62
722 61
723 64
724 74
725 53
726 74
727 65
728 73
729 64
730 61
731 47
732 66
733 76
734 59
735 58
736 58
737 57
738 62
739 56
740 65
741 62
742 65
743 57
744 62
745 55
746 68
747 64
748 52
749 50
750 69
751 58
752 51
753 63
754 63
755 65
756 58
757 57
758 54
759 71
760 58
761 52
762 55
763 62
764 64
765 51
766 43
767 62
768 64
769 78
770 64
771 55
772 61
773 64
774 52
775 65
776 51
777 66
778 55
779 59
780 64
781 63
782 56
783 59
784 76
785 63
786 56
787 67
788 74
789 50
790 58
791 61
792 66
793 60
794 49
795 62
796 43
797 44
798 67
799 38
800 71
801 68
802 60
803 49
804 60
805 57
806 56
807 50
808 57
809 54
810 50
811 63
812 48
813 63
814 52
815 66
816 49
817 50
818 46
819 49
820 33
821 58
822 52
823 56
824 57
825 53
826 52
827 48
828 48
829 41
830 59
831 44
832 55
833 49
834 62
835 60
836 52
837 51
838 58
839 49
840 59
841 38
842 52
843 41
844 67
845 40
846 48
847 57
848 57
849 48
850 44
851 55
852 66
853 50
854 49
855 50
856 59
857 41
858 44
859 51
860 53
861 51
862 37
863 51
864 59
865 49
866 41
867 61
868 48
869 28
870 42
871 48
872 47
873 59
874 49
875 46
876 41
877 39
878 48
879 47
880 47
881 44
882 48
883 41
884 49
885 42
886 58
887 47
888 40
889 43
890 44
891 43
892 43
893 51
894 48
895 37
896 40
897 36
898 45
899 45
900 46
901 58
902 46
903 53
904 42
905 47
906 38
907 51
908 45
909 36
910 33
911 43
912 47
913 46
914 53
915 40
916 39
917 48
918 32
919 43
920 41
921 57
922 41
923 41
924 36
925 35
926 38
927 52
928 36
929 44
930 38
931 40
932 46
933 44
934 45
935 53
936 41
937 41
938 34
939 50
940 44
941 40
942 56
943 36
944 37
945 42
946 35
947 58
948 46
949 47
950 53
951 41
952 46
953 40
954 37
955 43
956 45
957 52
958 36
959 49
960 43
961 44
962 49
963 48
964 29
965 48
966 45
967 55
968 29
969 37
970 38
971 49
972 36
973 39
974 30
975 46
976 35
977 39
978 44
979 32
980 37
981 45
982 40
983 41
984 45
985 42
986 32
987 37
988 40
989 31
990 40
991 35
992 38
993 45
994 38
995 31
996 45
997 36
998 36
999 43
1000 40
1001 35
1002 35
1003 36
1004 44
1005 35
1006 30
1007 33
1008 40
1009 30
1010 31
1011 33
1012 35
1013 31
1014 37
1015 32
1016 33
1017 35
1018 41
1019 46
1020 34
1021 36
1022 37
1023 32
1024 43
1025 33
1026 32
1027 25
1028 35
1029 32
1030 28
1031 28
1032 20
1033 40
1034 30
1035 38
1036 42
1037 31
1038 39
1039 35
1040 45
1041 43
1042 37
1043 36
1044 31
1045 31
1046 32
1047 45
1048 33
1049 31
1050 36
1051 33
1052 28
1053 47
1054 32
1055 37
1056 30
1057 29
1058 36
1059 28
1060 40
1061 35
1062 39
1063 33
1064 31
1065 40
1066 47
1067 41
1068 39
1069 30
1070 35
1071 31
1072 30
1073 25
1074 33
1075 35
1076 27
1077 46
1078 35
1079 45
1080 35
1081 30
1082 29
1083 37
1084 30
1085 39
1086 38
1087 39
1088 32
1089 38
1090 31
1091 41
1092 32
1093 38
1094 31
1095 25
1096 35
1097 33
1098 24
1099 36
1100 33
1101 33
1102 35
1103 24
1104 26
1105 35
1106 37
1107 33
1108 36
1109 28
1110 49
1111 26
1112 37
1113 30
1114 33
1115 38
1116 31
1117 27
1118 28
1119 49
1120 25
1121 25
1122 36
1123 33
1124 35
1125 33
1126 32
1127 27
1128 37
1129 33
1130 20
1131 31
1132 26
1133 24
1134 33
1135 28
1136 34
1137 26
1138 31
1139 34
1140 21
1141 21
1142 33
1143 32
1144 33
1145 24
1146 35
1147 30
1148 41
1149 29
1150 24
1151 28
1152 35
1153 37
1154 35
1155 37
1156 26
1157 32
1158 22
1159 28
1160 30
1161 35
1162 36
1163 39
1164 28
1165 23
1166 26
1167 36
1168 25
1169 26
1170 30
1171 25
1172 30
1173 26
1174 22
1175 30
1176 34
1177 25
1178 40
1179 31
1180 30
1181 25
1182 31
1183 19
1184 25
1185 28
1186 28
1187 25
1188 30
1189 20
1190 23
1191 14
1192 25
1193 29
1194 23
1195 27
1196 33
1197 30
1198 40
1199 19
1200 32
1201 24
1202 34
1203 34
1204 32
1205 25
1206 24
1207 25
1208 23
1209 33
1210 20
1211 28
1212 31
1213 27
1214 22
1215 34
1216 33
1217 30
1218 31
1219 30
1220 24
1221 23
1222 18
1223 24
1224 31
1225 32
1226 23
1227 27
1228 29
1229 26
1230 22
1231 29
1232 27
1233 17
1234 26
1235 24
1236 29
1237 30
1238 21
1239 26
1240 19
1241 30
1242 24
1243 15
1244 34
1245 27
1246 24
1247 34
1248 22
1249 29
1250 37
1251 27
1252 21
1253 21
1254 23
1255 33
1256 26
1257 25
1258 30
1259 31
1260 22
1261 21
1262 23
1263 23
1264 28
1265 29
1266 21
1267 21
1268 22
1269 31
1270 28
1271 32
1272 25
1273 25
1274 28
1275 27
1276 21
1277 30
1278 31
1279 22
1280 34
1281 30
1282 31
1283 31
1284 23
1285 19
1286 26
1287 28
1288 15
1289 27
1290 24
1291 25
1292 19
1293 21
1294 29
1295 23
1296 24
1297 23
1298 22
1299 32
1300 31
1301 20
1302 25
1303 24
1304 22
1305 29
1306 23
1307 27
1308 19
1309 25
1310 31
1311 22
1312 25
1313 25
1314 23
1315 26
1316 19
1317 34
1318 25
1319 18
1320 27
1321 29
1322 30
1323 23
1324 28
1325 28
1326 24
1327 25
1328 22
1329 24
1330 26
1331 20
1332 28
1333 29
1334 20
1335 24
1336 20
1337 19
1338 20
1339 23
1340 14
1341 21
1342 24
1343 19
1344 24
1345 16
1346 27
1347 14
1348 20
1349 22
1350 27
1351 27
1352 26
1353 25
1354 25
1355 18
1356 16
1357 15
1358 22
1359 27
1360 26
1361 25
1362 28
1363 22
1364 25
1365 24
1366 14
1367 16
1368 25
1369 19
1370 25
1371 13
1372 20
1373 20
1374 25
1375 21
1376 25
1377 22
1378 16
1379 21
1380 19
1381 25
1382 29
1383 22
1384 19
1385 30
1386 25
1387 29
1388 16
1389 18
1390 31
1391 16
1392 22
1393 15
1394 20
1395 23
1396 19
1397 19
1398 24
1399 17
1400 26
1401 12
1402 21
1403 26
1404 21
1405 13
1406 24
1407 16
1408 22
1409 23
1410 15
1411 26
1412 19
1413 22
1414 21
1415 20
1416 18
1417 23
1418 30
1419 14
1420 20
1421 19
1422 23
1423 28
1424 14
1425 26
1426 17
1427 26
1428 23
1429 23
1430 24
1431 25
1432 17
1433 19
1434 20
1435 23
1436 21
1437 19
1438 15
1439 14
1440 20
1441 16
1442 20
1443 29
1444 9
1445 19
1446 16
1447 30
1448 18
1449 21
1450 12
1451 16
1452 23
1453 14
1454 19
1455 19
1456 10
1457 27
1458 16
1459 12
1460 25
1461 17
1462 14
1463 22
1464 13
1465 17
1466 11
1467 21
1468 18
1469 17
1470 17
1471 20
1472 15
1473 27
1474 13
1475 21
1476 18
1477 20
1478 23
1479 18
1480 24
1481 16
1482 15
1483 24
1484 16
1485 15
1486 18
1487 21
1488 17
1489 11
1490 17
1491 15
1492 16
1493 19
1494 21
1495 10
1496 23
1497 13
1498 18
1499 20
1500 13
1501 21
1502 24
1503 18
1504 17
1505 26
1506 22
1507 24
1508 14
1509 29
1510 15
1511 22
1512 19
1513 13
1514 23
1515 14
1516 10
1517 20
1518 23
1519 17
1520 17
1521 14
1522 17
1523 20
1524 21
1525 14
1526 17
1527 18
1528 15
1529 13
1530 24
1531 19
1532 14
1533 17
1534 18
1535 16
1536 25
1537 13
1538 16
1539 12
1540 14
1541 13
1542 20
1543 23
1544 15
1545 19
1546 15
1547 11
1548 17
1549 11
1550 13
1551 11
1552 13
1553 19
1554 12
1555 15
1556 17
1557 20
1558 16
1559 17
1560 16
1561 25
1562 17
1563 15
1564 13
1565 10
1566 11
1567 16
1568 9
1569 19
1570 9
1571 8
1572 18
1573 10
1574 18
1575 16
1576 18
1577 19
1578 20
1579 19
1580 10
1581 12
1582 14
1583 14
1584 14
1585 8
1586 19
1587 27
1588 18
1589 15
1590 13
1591 11
1592 14
1593 22
1594 13
1595 16
1596 11
1597 19
1598 14
1599 13
1600 16
1601 14
1602 13
1603 9
1604 11
1605 12
1606 8
1607 13
1608 13
1609 19
1610 16
1611 18
1612 22
1613 17
1614 14
1615 16
1616 10
1617 17
1618 14
1619 16
1620 9
1621 16
1622 13
1623 17
1624 11
1625 17
1626 21
1627 19
1628 15
1629 9
1630 21
1631 14
1632 11
1633 11
1634 16
1635 7
1636 21
1637 13
1638 14
1639 10
1640 17
1641 14
1642 13
1643 8
1644 12
1645 8
1646 9
1647 8
1648 11
1649 13
1650 15
1651 11
1652 12
1653 14
1654 6
1655 20
1656 8
1657 12
1658 16
1659 16
1660 11
1661 12
1662 9
1663 9
1664 9
1665 13
1666 12
1667 10
1668 11
1669 5
1670 11
1671 12
1672 5
1673 12
1674 8
1675 13
1676 14
1677 12
1678 12
1679 14
1680 12
1681 9
1682 12
1683 14
1684 14
1685 15
1686 11
1687 7
1688 8
1689 11
1690 10
1691 11
1692 11
1693 13
1694 7
1695 17
1696 8
1697 16
1698 10
1699 6
1700 11
1701 10
1702 8
1703 14
1704 11
1705 10
1706 4
1707 14
1708 8
1709 10
1710 10
1711 11
1712 6
1713 2
1714 10
1715 4
1716 14
1717 17
1718 13
1719 6
1720 14
1721 17
1722 13
1723 10
1724 7
1725 12
1726 7
1727 10
1728 8
1729 15
1730 12
1731 10
1732 10
1733 11
1734 9
1735 12
1736 9
1737 2
1738 13
1739 20
1740 7
1741 12
1742 11
1743 7
1744 11
1745 11
1746 13
1747 7
1748 12
1749 10
1750 8
1751 9
1752 10
1753 6
1754 15
1755 6
1756 13
1757 6
1758 8
1759 9
1760 9
1761 5
1762 6
1763 8
1764 10
1765 12
1766 14
1767 5
1768 12
1769 10
1770 5
1771 6
1772 14
1773 11
1774 8
1775 8
1776 5
1777 13
1778 8
1779 4
1780 5
1781 7
1782 4
1783 5
1784 6
1785 2
1786 14
1787 5
1788 4
1789 7
1790 7
1791 6
1792 6
1793 5
1794 1
1795 15
1796 6
1797 7
1798 0
1799 10
1800 6
1801 7
1802 10
1803 9
1804 7
1805 9
1806 9
1807 10
1808 5
1809 6
1810 8
1811 11
1812 5
1813 6
1814 0
1815 5
1816 4
1817 6
1818 9
1819 6
1820 0
1821 3
1822 5
1823 9
1824 3
1825 7
1826 4
1827 4
1828 8
1829 6
1830 4
1831 4
1832 5
1833 4
1834 2
1835 7
1836 2
1837 4
1838 3
1839 2
1840 7
1841 11
1842 2
1843 1
1844 1
1845 4
1846 6
1847 5
1848 5
1849 7
1850 5
1851 7
1852 6
1853 2
1854 4
1855 5
1856 2
1857 4
1858 6
1859 3
1860 5
1861 3
1862 2
1863 3
1864 5
1865 4
1866 6
1867 9
1868 4
1869 5
1870 5
1871 1
1872 4
1873 2
1874 2
1875 1
1876 2
1877 7
1878 2
1879 5
1880 2
1881 3
1882 4
1883 6
1884 1
1885 7
1886 3
1887 3
1888 2
1889 4
1890 1
1891 1
1892 1
1893 5
1894 4
1895 3
1896 5
1897 6
1898 3
1899 4
1900 3
1901 3
1902 4
1903 4
1904 4
1905 5
1906 2
1907 1
1908 4
1909 6
1910 3
1911 2
1912 3
1913 2
1914 7
1915 5
1916 3
1917 1
1918 3
1919 3
1920 1
1921 3
1922 2
1923 3
1924 2
1925 1
1926 3
1927 2
1928 2
1929 0
1930 2
1931 2
1932 3
1933 1
1934 3
1935 5
1936 2
1937 1
1938 3
1939 1
1940 2
1941 1
1942 2
1943 1
1944 3
1945 1
1946 1
1947 4
1948 1
1949 2
1950 1
1951 0
1952 6
1953 1
1954 2
1955 2
1956 1
1957 1
1958 2
1959 2
1960 1
1961 0
1962 1
1963 3
1964 0
1965 1
1966 3
1967 4
1968 1
1969 1
1970 0
1971 0
1972 0
1973 0
1974 2
1975 0
1976 2
1977 0
1978 0
1979 0
1980 1
1981 0
1982 0
1983 2
1984 1
1985 1
1986 1
1987 2
1988 3
1989 0
1990 1
1991 1
1992 1
1993 1
1994 0
1995 2
1996 0
1997 1
1998 0
1999 0
2000 0
2001 0
2002 4
2003 1
2004 1
2005 1
2006 0
2007 2
2008 2
2009 0
2010 0
2011 0
2012 1
2013 0
2014 1
2015 2
2016 2
2017 1
2018 1
2019 0
2020 1
2021 0
2022 0
2023 0
2024 1
2025 0
2026 2
2027 0
2028 1
2029 1
2030 0
2031 0
2032 3
2033 0
2034 1
2035 0
2036 0
2037 1
2038 1
2039 0
2040 1
2041 0
2042 1
2043 0
2044 0
2045 0
2046 1
2047 0
2048 0
2049 0
2050 0
2051 1
2052 1
2053 0
2054 0
2055 1
2056 0
2057 0
2058 2
2059 0
2060 0
2061 0
2062 0
2063 0
2064 0
2065 0
2066 0
2067 0
2068 1
2069 0
2070 1
2071 2
2072 0
2073 0
2074 0
2075 0
2076 0
2077 0
2078 0
2079 0
2080 0
2081 0
2082 0
2083 0
2084 0
2085 1
2086 0
2087 0
2088 0
2089 0
2090 0
2091 1
2092 0
2093 0
2094 0
2095 0
2096 0
2097 0
2098 0
2099 0
2100 1
2101 0
2102 0
2103 0
2104 0
2105 0
2106 0
2107 0
2108 0
2109 0
2110 0
2111 0
2112 0
2113 0
2114 0
2115 0
2116 0
2117 0
2118 0
2119 0
2120 0
2121 0
2122 0
2123 0
2124 0
2125 0
2126 0
2127 0
2128 0
2129 0
2130 1
2131 0
2132 0
2133 0
2134 0
2135 0
2136 0
2137 0
2138 0
2139 0
2140 0
2141 0
2142 0
2143 0
2144 0
2145 0
2146 0
2147 0
2148 0
2149 0
2150 0
2151 0
2152 1
2153 0
2154 0
2155 0
2156 0
2157 0
2158 0
2159 0
2160 0
2161 0
2162 0
2163 0
2164 0
2165 1
2166 0
2167 0
2168 0
2169 0
2170 0
2171 0
2172 0
2173 0
2174 0
2175 0
2176 0
2177 0
2178 0
2179 0
2180 0
2181 0
2182 0
2183 0
2184 0
2185 0
2186 0
2187 0
2188 0
2189 0
2190 0
2191 0
2192 0
2193 0
2194 0
2195 1
