0 0.4862060546875
1 0.4766387939453125
2 0.488983154296875
3 0.4816741943359375
4 0.49237060546875
5 0.4790802001953125
6 0.4815673828125
7 0.488128662109375
8 0.4871063232421875
9 0.482513427734375
10 0.490570068359375
11 0.4775543212890625
12 0.4738006591796875
13 0.48712158203125
14 0.4813385009765625
15 0.488800048828125
16 0.4829254150390625
17 0.483673095703125
18 0.4826507568359375
19 0.484527587890625
20 0.489532470703125
21 0.4831085205078125
22 0.4928741455078125
23 0.4787750244140625
24 0.483489990234375
25 0.4912261962890625
26 0.4868316650390625
27 0.4824371337890625
28 0.476654052734375
29 0.485107421875
30 0.4822845458984375
31 0.4880828857421875
32 0.4744415283203125
33 0.4850006103515625
34 0.484283447265625
35 0.4837646484375
36 0.4835052490234375
37 0.4804840087890625
38 0.4893951416015625
39 0.4858856201171875
40 0.4854888916015625
41 0.4902191162109375
42 0.4885711669921875
43 0.4850006103515625
44 0.4853057861328125
45 0.4819183349609375
46 0.4843597412109375
47 0.489044189453125
48 0.487518310546875
49 0.4895477294921875
50 0.482391357421875
51 0.49432373046875
52 0.4844207763671875
53 0.4886016845703125
54 0.4824371337890625
55 0.4807586669921875
56 0.483245849609375
57 0.4827117919921875
58 0.4847412109375
59 0.482330322265625
60 0.4839324951171875
61 0.4944610595703125
62 0.48809814453125
63 0.4800872802734375
