-75 1
-74 0
-73 0
-72 0
-71 0
-70 0
-69 0
-68 0
-67 1
-66 1
-65 1
-64 1
-63 0
-62 2
-61 1
-60 0
-59 2
-58 0
-57 1
-56 2
-55 2
-54 6
-53 7
-52 14
-51 8
-50 9
-49 11
-48 14
-47 20
-46 30
-45 41
-44 44
-43 58
-42 88
-41 95
-40 129
-39 193
-38 219
-37 246
-36 321
-35 439
-34 578
-33 671
-32 1018
-31 1241
-30 1646
-29 2171
-28 2746
-27 3708
-26 4773
-25 6236
-24 8204
-23 10969
-22 14224
-21 18921
-20 25437
-19 33874
-18 45162
-17 60068
-16 82371
-15 110485
-14 151508
-13 207968
-12 289502
-11 405459
-10 574216
-9 823507
-8 1204304
-7 1798636
-6 2771390
-5 4458179
-4 7686205
-3 15012836
-2 34504085
-1 131313374
0 0
1 147077494
2 23666565
3 11797244
4 6750149
5 4096119
6 2601495
7 1709549
8 1152452
9 791895
10 553813
11 391198
12 280747
13 202350
14 147261
15 107990
16 78960
17 58866
18 44084
19 32808
20 24578
21 18612
22 14050
23 10607
24 8050
25 6099
26 4627
27 3486
28 2715
29 2104
30 1548
31 1212
32 963
33 675
34 536
35 394
36 330
37 247
38 182
39 144
40 124
41 85
42 88
43 43
44 36
45 33
46 28
47 19
48 16
49 14
50 4
51 4
52 11
53 4
54 3
55 5
56 6
57 2
58 1
59 2
60 2
61 0
62 2
63 1
64 0
65 0
66 0
67 0
68 0
69 0
70 1
