1 2.108613666650308 0.0
2 2.338216435799697 0.0
3 2.6756687714001255 -0.6666578011259274
4 2.995643197770692 -0.8064947402270184
5 3.27890842862794 -0.9668131824550745
6 3.53113942766994 -1.078674108952571
7 3.7554764687413544 -1.2056842001311765
8 3.9564536798659087 -1.3011627687406777
9 4.138179777157585 -1.4052758557637843
10 4.2991412145295955 -1.4902310853515923
11 4.445384411902075 -1.5831764395598373
12 4.575883855998035 -1.6592254560810837
13 4.694560887124376 -1.7441588963300372
14 4.79422533129091 -1.8146112539788746
15 4.8934992896880045 -1.8990993960149887
16 4.9700390434863655 -1.9676603364012484
17 5.047455029806171 -2.0419581689681214
18 5.105496960459507 -2.105707650614665
19 5.171445714401185 -2.182166293843818
20 5.211782183307953 -2.2487505407920034
21 5.264941165057178 -2.321059547063206
22 5.303953048052959 -2.379672354754535
23 5.334356528377921 -2.447799381624813
24 5.359208741837387 -2.511634599818931
25 5.388993263053471 -2.5792370170561894
26 5.418881099933035 -2.63491061792878
27 5.42337977780311 -2.695238570845728
28 5.443506214316425 -2.759139766741513
29 5.4503073163298135 -2.8149493595525246
30 5.4719313293732075 -2.877259442940854
31 5.467802537645596 -2.933866292101252
32 5.498687556394061 -2.995037841284758
33 5.491720715865376 -3.050942696758192
34 5.479409691907983 -3.1047937804939814
35 5.5097981278366115 -3.1745827741075705
36 5.488573110682937 -3.224264871347522
37 5.498771424237828 -3.2728849603782777
38 5.51464247525094 -3.337602462422135
39 5.477422090311639 -3.364308259691205
40 5.481499174845826 -3.4372654769589572
41 5.536472034419177 -3.4956784144251545
42 5.4796770371186865 -3.544634504528517
43 5.4495558672276765 -3.5818882127405116
44 5.459973961082374 -3.6386747430249633
45 5.4746275887126075 -3.711687890817762
46 5.485599675485645 -3.7686720876175666
47 5.466416586404421 -3.8410413419773692
48 5.44161856318226 -3.8769490927576227
49 5.44098581605802 -3.9277809998840043
50 5.459132854841072 -3.937610174581826
51 5.449635275797066 -4.034302931973578
52 5.35452865064695 -4.0614123704621
53 5.419591836734694 -4.143787511173541
54 5.416066867889482 -4.127012375984453
55 5.433682035386801 -4.206865092941042
56 5.3932371374435215 -4.269038255273507
57 5.403839895867231 -4.3287851483166
58 5.244088624092348 -4.3510117283155045
59 5.491559894244458 -4.5320745143519865
60 5.4534028930519325 -4.470929534632468
61 5.457971014492753 -4.490290173565951
62 5.377106333527019 -4.564675984752224
63 5.221616092737811 -4.636805119122436
64 5.3875598086124405 -4.669841468763707
65 5.24765401876785 -4.824009324009324
66 5.518969555035129 -4.742593336009635
67 5.4486228813559325 -4.851285244151916
68 5.121177802944508 -4.7791948983658825
69 5.186339522546419 -4.877175255417088
70 5.302914110429448 -5.128315854410857
71 5.495921696574225 -4.997522708505367
72 5.2706701479547435 -4.7114733928022146
73 5.1257928118393234 -5.021773765268189
74 5.416284403669724 -5.211693152835001
75 5.326693227091633 -5.079505300353357
76 5.715099715099715 -5.466329966329966
77 5.03960396039604 -5.361066235864297
78 5.048327137546468 -5.293876355112804
79 5.273318872017353 -5.231898565231899
80 5.353467561521253 -4.993012136815006
81 4.967828418230563 -5.226076055160886
82 5.190981432360743 -5.263875823142051
83 5.818770226537217 -5.6440677966101696
84 4.992537313432836 -5.722155688622754
85 5.43265306122449 -5.847435043304464
86 5.8125 -5.960342146189736
87 5.716577540106952 -6.1193910256410255
88 5.383647798742138 -6.163284132841328
89 5.098684210526316 -5.969092721834497
90 5.873239436619718 -6.032028469750889
91 5.049586776859504 -5.85359477124183
92 5.4324324324324325 -5.902046783625731
93 5.37962962962963 -6.648
94 4.898876404494382 -5.058430717863105
95 5.777777777777778 -6.53921568627451
96 4.458333333333333 -4.4988399071925755
97 5.080645161290323 -5.681372549019608
98 5.673076923076923 -4.870317002881844
99 4.836363636363636 -7.43205574912892
100 6.017857142857143 -7.011904761904762
101 4.621621621621622 -6.571428571428571
102 5.147058823529412 -5.633484162895928
103 4.419354838709677 -6.3971291866028706
104 3.5555555555555554 -5.7514450867052025
105 5.555555555555555 -6.041916167664671
106 5.208333333333333 -6.962732919254658
107 7.043478260869565 -4.496124031007752
108 4.705882352941177 -5.704761904761905
109 5.461538461538462 -6.94017094017094
110 4.888888888888889 -5.968085106382978
111 5.166666666666667 -7.246153846153846
112 2.933333333333333 -2.7045454545454546
113 4.8 -11.857142857142858
114 4.333333333333333 -6.0
115 4.333333333333333 -7.530612244897959
116 5.0 -9.025641025641026
117 8.2 -8.26086956521739
118 6.666666666666667 -7.421052631578948
119 2.0 -5.038461538461538
120 2.3333333333333335 -6.933333333333334
121 2.3333333333333335 -6.818181818181818
122 6.5 -6.851851851851852
123 3.1666666666666665 -13.521739130434783
124 3.0 -2.6842105263157894
125 7.0 -7.142857142857143
126 3.0 -2.8333333333333335
127 5.0 -6.0
128 14.0 -0.75
129 3.0 -14.9
130 6.0 -8.666666666666666
131 3.0 -13.0
132 3.0 -13.2
133 7.5 -12.083333333333334
134 0 -4.666666666666667
135 3.0 -15.4
136 4.0 -1.6666666666666667
137 0 -6.111111111111111
138 9.4 -2.5
139 0 -7.142857142857143
140 3.0 -0.5
141 2.3333333333333335 -8.25
142 2.0 0.0
143 0 -0.75
144 7.0 -10.2
145 2.0 -0.25
146 0 -37.666666666666664
147 0 -1.6666666666666667
148 0 -9.333333333333334
149 2.0 0.0
151 0 0
152 0 0
153 0 -1.3333333333333333
154 25.0 0
155 2.0 -26.5
156 0 -27.0
157 0 -8.0
160 0 -5.0
176 0 0
177 5.5 0.0
178 0 0.0
179 0 0.0
186 0 0
187 3.0 0
188 0 -75.0
189 0 0.0
190 0 0.0
