0 0.1340789794921875
1 0.1304931640625
2 0.1340484619140625
3 0.1341552734375
4 0.125640869140625
5 0.127349853515625
6 0.1309814453125
7 0.1227874755859375
8 0.1321868896484375
9 0.1370086669921875
10 0.128753662109375
11 0.1192169189453125
12 0.126922607421875
13 0.1160430908203125
14 0.1342315673828125
15 0.1331939697265625
16 0.129913330078125
17 0.1251373291015625
18 0.125885009765625
19 0.13958740234375
20 0.135833740234375
21 0.130096435546875
22 0.1280364990234375
23 0.1309661865234375
24 0.1201324462890625
25 0.12506103515625
26 0.12322998046875
27 0.1304168701171875
28 0.1349029541015625
29 0.120635986328125
30 0.13092041015625
31 0.1381072998046875
32 0.1289520263671875
33 0.13092041015625
34 0.131500244140625
35 0.134552001953125
36 0.1345062255859375
37 0.128265380859375
38 0.1310272216796875
39 0.1274871826171875
40 0.122894287109375
41 0.132659912109375
42 0.129364013671875
43 0.1314239501953125
44 0.126861572265625
45 0.115875244140625
46 0.1285400390625
47 0.139892578125
48 0.1306915283203125
49 0.13555908203125
50 0.133819580078125
51 0.1295928955078125
52 0.13031005859375
53 0.131103515625
54 0.1258697509765625
55 0.1282196044921875
56 0.1312713623046875
57 0.1304779052734375
58 0.1272430419921875
59 0.1303558349609375
60 0.142822265625
61 0.1263580322265625
62 0.138519287109375
63 0.1275482177734375
