1 2.105259618042908 0.0
2 2.3122628468986637 0.0
3 2.6305087318716156 -0.599640345742985
4 2.944653958778303 -0.7125225111269029
5 3.236082130605107 -0.8308454692230757
6 3.5109695303483415 -0.9096533869592536
7 3.7699048746223824 -0.9995816604412348
8 4.021076935888022 -1.0608276793367748
9 4.261971626843991 -1.1302400468130884
10 4.49638975370074 -1.1822881524619029
11 4.718337486814698 -1.2411390140035632
12 4.932076524478288 -1.2858334092514963
13 5.149914444268645 -1.338916006612853
14 5.3507878099302095 -1.3817923177330849
15 5.549509231048038 -1.4264429386823383
16 5.749134773957277 -1.4674916116003107
17 5.939288451730167 -1.5104553913247296
18 6.125874296661023 -1.5480777403152737
19 6.310402235064488 -1.5901035704613675
20 6.48781037653911 -1.6258754718139374
21 6.6670216464982595 -1.664996710876358
22 6.834323533266349 -1.7019816430892178
23 7.00546490012339 -1.7358930066388232
24 7.163540374922949 -1.770534711310659
25 7.331147629093157 -1.8054800975375518
26 7.483516896850301 -1.8402377563934522
27 7.649680191774467 -1.8717427106579476
28 7.807590833312355 -1.9039710354815351
29 7.941815077458178 -1.9365078698109164
30 8.107572880579593 -1.9669919023099853
31 8.249372178533903 -2.002792607145283
32 8.3970186974012 -2.0286190785772398
33 8.529509767132243 -2.0589245597116643
34 8.685389245033711 -2.088890302332926
35 8.811034150699316 -2.1162099589760643
36 8.951402458802402 -2.150388778427811
37 9.102718017234132 -2.179158649130837
38 9.194743599441678 -2.206857989126845
39 9.362451733364946 -2.2377522020670724
40 9.445183861359329 -2.2644061863455223
41 9.586282843553292 -2.293756822953004
42 9.709490965391785 -2.316454893622472
43 9.823418044798956 -2.3450359150673594
44 9.966641021876377 -2.3681433569197274
45 10.070362642487297 -2.3964367172897747
46 10.18786824093045 -2.430050249978262
47 10.29469763721465 -2.4474630889585938
48 10.410369437715566 -2.4777458650732433
49 10.523855348460291 -2.5047426390553342
50 10.643501336104514 -2.5274562264323053
51 10.746793436324687 -2.5578386273180445
52 10.853915178681785 -2.584252368315294
53 10.967380437236473 -2.6072028331832966
54 11.066151251776226 -2.634072614230677
55 11.184969103626612 -2.665371900037546
56 11.287052557165532 -2.677819002960783
57 11.354474129470065 -2.7186545045148542
58 11.481246882178688 -2.7330144059525696
59 11.544745662985068 -2.761226621135828
60 11.665264869740879 -2.78180523926558
61 11.72821280095394 -2.8071483708901557
62 11.842032125710448 -2.8308861486785113
63 11.917156774733748 -2.849173441472814
64 12.05168730510275 -2.878968444000529
65 12.081891879724765 -2.90314864086065
66 12.232898890815047 -2.9266118182321756
67 12.256699834518923 -2.9458198329161234
68 12.403549739707612 -2.9718662096998547
69 12.46632112830567 -2.997714610657797
70 12.550088542973045 -3.022714716978505
71 12.58697239023437 -3.0383206336873916
72 12.717671770664992 -3.0598561913303683
73 12.79289241130839 -3.08355247040031
74 12.845786033505005 -3.1060535263147946
75 12.946458313420603 -3.1362149855075705
76 12.977043113244454 -3.1445416424001627
77 13.128650258865703 -3.1811156213817853
78 13.13800779671238 -3.202875373636985
79 13.253921858813083 -3.229707672596007
80 13.283040343442126 -3.240909529527506
81 13.400272511874851 -3.2568337492176864
82 13.473850439556195 -3.2894156046824703
83 13.539299244609131 -3.29893716584284
84 13.551280486373559 -3.332280857485777
85 13.640709118288676 -3.346926202759726
86 13.767174733138226 -3.3645738714900677
87 13.779312959362121 -3.3904800772149537
88 13.793709602119103 -3.424107001463257
89 13.901076434718503 -3.4362442979875403
90 13.952662706737259 -3.458524912867191
91 14.044148260715698 -3.4857769752810825
92 14.095408677970031 -3.5031474367059254
93 14.183354992564409 -3.520177758294451
94 14.184794475644017 -3.5509750665323807
95 14.323476371417383 -3.5554565930205055
96 14.319227428737394 -3.582460946280063
97 14.372654284613468 -3.5991357754578983
98 14.489250981306931 -3.630776294809804
99 14.51984382324425 -3.6375472135444378
100 14.61725537841522 -3.682549933422104
101 14.614755899019263 -3.6870843552649393
102 14.65221333171073 -3.7173463782937364
103 14.755999182773863 -3.7234299785758753
104 14.83756660189306 -3.7574993041303255
105 14.780246819386957 -3.7583877933917598
106 14.881106533254856 -3.7915564191170845
107 14.871123022651561 -3.7988832119724827
108 14.984504980660203 -3.8355029499017785
109 15.050727752664844 -3.8478738733834335
110 15.076800989664935 -3.866873020973497
111 15.122504214950403 -3.8834700028539273
112 15.16011839370806 -3.894869646294411
113 15.163702037033106 -3.9316610536977405
114 15.272971875864398 -3.9668591227063263
115 15.306153722662891 -3.971193056404245
116 15.335552665607018 -4.004529434117895
117 15.493638151573384 -3.9993746644290713
118 15.434401746658681 -4.021649861766141
119 15.52496853675715 -4.048424320595958
120 15.529999961001026 -4.035159626482165
121 15.606824180215972 -4.087064678999704
122 15.626103599184788 -4.125615916324545
123 15.62109444814532 -4.127557134130105
124 15.655712075831879 -4.138387471826292
125 15.722909589292952 -4.1425902808067745
126 15.807397727224668 -4.187465989387163
127 15.909608250959538 -4.2133768016825135
128 15.870455382881419 -4.251532776718054
129 15.865926127486263 -4.253512752175967
130 15.971360701560114 -4.268179095681474
131 15.898928714682963 -4.291367402868189
132 15.99362853245695 -4.30389826674491
133 15.952531439974013 -4.328297130799267
134 16.041132654694753 -4.334803216582074
135 16.137389156501083 -4.351876755756625
136 16.160447957965587 -4.364153952043795
137 16.094951127380348 -4.389895630034267
138 16.185913614698837 -4.379909124027312
139 16.18925283986992 -4.431701833071015
140 16.250410778836674 -4.453181041128951
141 16.375414786728882 -4.455036691531002
142 16.257602109952185 -4.490032874286815
143 16.2928553369011 -4.501695638740227
144 16.37431924932861 -4.486513463907676
145 16.405013178361564 -4.542588397016521
146 16.4624486019174 -4.554118882124047
147 16.37015486676577 -4.578748237251347
148 16.54196925053099 -4.608090081762025
149 16.499946142376878 -4.59808289581947
150 16.558803998221475 -4.635041975096077
151 16.568347170603918 -4.639372086039215
152 16.634675231641868 -4.653631577064187
153 16.630114194058077 -4.693883058262219
154 16.74828618968386 -4.6703402173821535
155 16.702406145640925 -4.716109023252633
156 16.70082836274352 -4.739932955940625
157 16.785190652837713 -4.751980195860958
158 16.84700542384966 -4.77700548748136
159 16.81221655510875 -4.819347206185275
160 16.671949111074866 -4.823881870405347
161 16.716446286993087 -4.827937742358685
162 16.865142864756475 -4.8526615543644365
163 16.779787183603247 -4.862706343734108
164 16.91082928965937 -4.8809906209384115
165 17.010009206254715 -4.880280093981842
166 16.868940174896036 -4.906143399574964
167 16.90712697236048 -4.92970400660508
168 16.919016640908602 -4.941579045910976
169 16.9116760897319 -4.945075770202609
170 17.040746640706814 -4.993085652348156
171 17.020220820893854 -5.022295736100335
172 16.962109815009413 -5.023730438771674
173 17.051942363112392 -5.041866801739647
174 17.0368691235696 -5.087408231957807
175 17.051852898909228 -5.062434663688047
176 17.20557513413976 -5.083657936015429
177 17.138060869774648 -5.100174818141588
178 17.24815920721835 -5.1161646907745855
179 17.150204731387497 -5.158512566570121
180 17.168157230135776 -5.17069491829772
181 17.17892670928832 -5.181570332861149
182 17.181246846970097 -5.180748621723571
183 17.143227860145668 -5.241026533649643
184 17.228468156238787 -5.230730943271754
185 17.194180417653087 -5.246946099634313
186 17.197728473795937 -5.2927304271777444
187 17.223384948760778 -5.302188443757425
188 17.334402845513548 -5.28272450767802
189 17.273531688972458 -5.329304656172882
190 17.21277495372415 -5.291347737622323
191 17.258764035313277 -5.322396707270732
192 17.230302389104757 -5.399794228009199
193 17.392716039818723 -5.383055530698701
194 17.44025323650761 -5.391617864706232
195 17.43138230639848 -5.401025373653111
196 17.538145971716848 -5.432229254128498
197 17.28799238001598 -5.429497620644502
198 17.420966209517516 -5.4483979678160495
199 17.536644729969705 -5.477965316404156
200 17.634917613215727 -5.49243798866822
201 17.56037586251232 -5.507592831718834
202 17.50488447988934 -5.548814482963708
203 17.567139994963817 -5.554035814350104
204 17.437553157412214 -5.5295220266758625
205 17.394745407000887 -5.557188935149037
206 17.256216807603764 -5.578179144169554
207 17.739038448342903 -5.583530353922941
208 17.64023343233711 -5.628881278244195
209 17.446197315752297 -5.6375969194485895
210 17.258013011462477 -5.615420259329954
211 17.614491851922754 -5.665012916314545
212 17.727679666421388 -5.726918026535912
213 17.62336835402738 -5.700198321062784
214 17.495804378364266 -5.732535479538023
215 17.58940546774133 -5.73809663070937
216 17.742716418288406 -5.776881682739359
217 17.754024352492003 -5.738427425171039
218 17.63854694348933 -5.767538051423166
219 17.517381005941434 -5.805611858582329
220 17.603631228565664 -5.836341583327691
221 17.62320044673867 -5.85661226384772
222 17.750591949486978 -5.858505761742995
223 17.662370345652235 -5.876268064477699
224 17.7728819254841 -5.882592542305936
225 17.783373493975905 -5.943978611090361
226 17.474951389683174 -5.970351486188591
227 17.716210286115498 -5.932150853513299
228 17.57079445734227 -5.942390507899371
229 17.748437201229645 -5.906775479464506
230 17.849641103135625 -6.007057105244199
231 17.75227052555098 -6.031311970919396
232 17.54179717939707 -6.031704041896066
233 17.857827253135707 -6.085998631501216
234 17.745951815191905 -6.03774154589372
235 17.67562376991937 -6.0552059585626665
236 17.523425505438208 -6.064473293379693
237 17.882072642992593 -6.1075322434054415
238 17.66669950253657 -6.072939810501269
239 17.790393591313848 -6.150091214455319
240 17.656474274739715 -6.20740330924919
241 17.756775550354465 -6.184664513151823
242 17.92395626242545 -6.178079436153806
243 17.731950482775478 -6.247986186704703
244 17.896600094685347 -6.199725695354678
245 17.77864434608795 -6.260088806873883
246 17.898644602906757 -6.19469643288196
247 17.573669640110737 -6.267240463705632
248 17.668358933501324 -6.236938385486696
249 17.605159173935736 -6.3325514233038644
250 17.77186796699175 -6.258645518528284
251 17.850534414796847 -6.3123538437553846
252 17.74205788403833 -6.329439696891985
253 17.832267623206487 -6.325540592600037
254 17.81621653636579 -6.333098207836859
255 17.60111346978011 -6.317812516069317
256 17.805744305389343 -6.377396591032461
257 17.86079295154185 -6.467261121924702
258 17.717881586542426 -6.362004040332441
259 17.6657894187188 -6.46878362384334
260 18.11613396154336 -6.500567027144723
261 17.790676921769432 -6.617494620209698
262 18.003242261801834 -6.460637463875346
263 17.966002190580504 -6.4850605249864355
264 17.825970727795227 -6.562507731983289
265 17.906116386876096 -6.484104233589259
266 17.907238484229634 -6.580190483568734
267 17.81001516753229 -6.6110578537330715
268 17.86142711801702 -6.567789029410747
269 17.733038902461942 -6.558169810756078
270 17.745763111373012 -6.662901758641601
271 17.897332080109898 -6.5726349452862385
272 17.801755828576958 -6.610499742400824
273 18.097532082922015 -6.710615730148841
274 18.1301512521696 -6.677006382562437
275 17.739292412185108 -6.676608322023807
276 17.623441079155 -6.740275423614082
277 17.82187170858273 -6.77711354077218
278 17.689567363908015 -6.8170164329366
279 17.93821002324306 -6.818947778210333
280 17.9848129596078 -6.834506765482005
281 18.02741814680077 -6.841262894654579
282 17.698112695179905 -6.823304126138334
283 17.783041914852735 -6.819437099370616
284 17.728646719277208 -6.758956830723253
285 17.73025699275877 -6.879054904041639
286 17.781026236096565 -6.881785581053924
287 17.665047427421673 -6.918149812415252
288 18.124258117072035 -6.9056966495716
289 17.92120533741789 -6.9141681912656034
290 17.868903882575758 -6.9126049997485035
291 17.740773022361143 -6.9723266207877295
292 18.07744462859726 -7.018157945301992
293 17.890249922863315 -6.945955349376631
294 17.808238505658988 -6.959096165590364
295 17.73785613096175 -7.030676342831531
296 17.544374719856567 -7.020461058524105
297 17.731209254761602 -7.013179016092698
298 17.94843402967779 -6.8909298718262715
299 17.77471152283439 -6.97605720965413
300 18.229795584627965 -7.020229222771968
301 18.060327336669822 -7.080873742154903
302 17.62060897870609 -7.150689107563168
303 17.629793207340455 -6.981949899123342
304 17.835239955357142 -7.1004230247357
305 17.626170518710765 -7.234197352481866
306 18.147330432013586 -7.132030152982042
307 17.78827514142615 -7.113579432102839
308 17.622702702702703 -7.1717840429174755
309 18.22508749309265 -7.23152222582488
310 17.62323132609411 -7.324630660424964
311 18.03242935710222 -7.134160557672297
312 18.00729623468925 -7.30824369920953
313 17.92449728572521 -7.1576465304289245
314 17.617773809061614 -7.20979985640645
315 17.748468426013194 -7.3321543751384795
316 17.625443527488738 -7.2556170008444125
317 17.823013144590494 -7.3961602517428675
318 17.736645407645124 -7.316316930159103
319 17.73955854599163 -7.220438714511981
320 18.075274611398964 -7.269975714199899
321 17.86735768760797 -7.281883173496077
322 17.961050420168068 -7.4113884968242765
323 17.535330986520133 -7.430232454617487
324 17.966904008438817 -7.431629162916292
325 17.562442183163736 -7.463068700062023
326 18.205378973105134 -7.5638317618234465
327 17.59628136200717 -7.580411124546554
328 17.777742663656884 -7.471077736847077
329 17.81069621118862 -7.535529318196881
330 18.135997421849822 -7.417191197463091
331 17.37037210390826 -7.566278247561484
332 17.26233226233226 -7.670228769023385
333 17.830495684572938 -7.429174003442067
334 17.727839234819573 -7.471042123277389
335 17.422170384409778 -7.575945031030869
336 17.835717809570795 -7.594792123878449
337 17.508052203890667 -7.614581086494315
338 17.70123394610929 -7.656962483829237
339 17.38639995875651 -7.715221394492342
340 17.144130301167795 -7.691289450722509
341 17.784775666195486 -7.7455431769895275
342 17.747586643456245 -7.700081766148815
343 17.461317594512682 -7.593692774981633
344 18.00053668223045 -7.747064995306201
345 17.773087648313194 -7.719535696679066
346 17.35936132983377 -7.846052825232936
347 17.56453485158366 -7.694586744728537
348 17.43442253521127 -7.587420277105784
349 17.775291941264886 -7.87422362078516
350 17.564915701341896 -7.854616989002655
351 17.63651698464402 -7.794901381026214
352 17.329576803427834 -7.766255591826865
353 17.494877109860823 -7.743385629692937
354 17.7094942006457 -7.805937699602024
355 17.389005455308435 -7.761904171881001
356 17.77628511839038 -7.996735867933967
357 17.909844687828723 -7.91704790351242
358 17.653381946190596 -7.945920739964739
359 17.750314544539506 -7.862045200384905
360 18.487108950163137 -7.977613698845338
361 17.422702492211837 -7.856571859655625
362 17.529549140447617 -7.928867042577984
363 17.981013486971325 -7.722739134593051
364 17.77756208581565 -7.908439217621338
365 18.311641506867947 -8.040214884478878
366 17.51779108091747 -8.175572198502135
367 17.41651388605962 -8.243701295936182
368 17.098406485882023 -8.032432277974626
369 17.375455309610537 -8.019451048195375
370 17.662262006251776 -8.327512617159337
371 17.712527724118193 -8.088927599028018
372 17.466426253155426 -7.997052538501216
373 17.757688655124554 -8.09185800626884
374 17.664781605774238 -8.148200743269783
375 17.83360643527484 -8.164520483535817
376 17.1889400921659 -8.180679124465104
377 17.9321866199863 -8.183491363925572
378 17.41043048912205 -8.388595531948132
379 17.436089638478958 -8.129722702265628
380 17.559807099375444 -7.911452716297787
381 17.572496025437204 -8.394362099342137
382 17.32206275845293 -8.13759568945691
383 17.377832310838446 -8.257417855957517
384 17.11329317600462 -8.162241442891146
385 16.981920618903466 -8.239894745777098
386 17.646638411036317 -8.369919671850965
387 17.75356713082345 -8.337250718378444
388 17.37691504178273 -8.417764304132692
389 17.465524736979393 -8.128037050231564
390 17.645144218047104 -8.25090440202013
391 17.479433878814685 -8.212932499367295
392 16.973059482528676 -8.346242785091313
393 17.504624965656195 -8.42084061436586
394 17.215481950130258 -8.346532625895932
395 17.12420382165605 -8.575649851408794
396 17.451225281483584 -8.432512596254396
397 17.037440305635148 -8.506510316049765
398 17.12819778541428 -8.65311817046519
399 17.708521944499115 -8.472079130349623
400 18.304425128407743 -8.610594516767652
401 17.5915295062224 -8.465253571356612
402 17.492621790984433 -8.65261461902431
403 17.132354472560657 -8.486124026202136
404 17.40331664580726 -8.67782706955721
405 17.779485005828125 -8.780682827770022
406 17.135724108748544 -8.830970133172434
407 17.66267942583732 -8.575085435667486
408 17.18554919537747 -8.637511013215859
409 17.488587424633938 -8.811816481461106
410 17.705786559548365 -8.398172584329467
411 17.417583651470917 -8.627149562857333
412 17.680974090959634 -8.490666426188115
413 18.15321959273528 -8.539677824745802
414 17.349517867271697 -8.408696657800393
415 17.132282545242266 -8.67775734010105
416 17.542194342525743 -8.967955227052684
417 16.97185607410046 -8.784183612795815
418 17.464644079801676 -8.865198685101035
419 18.333659730722154 -8.681956813468343
420 17.61909424724602 -9.051348228989996
421 17.552708638360176 -8.643432166654282
422 17.17138933965797 -8.794044602764469
423 17.97517552657974 -8.782171393561892
424 17.2971079118359 -8.830133053041761
425 17.49406392694064 -8.859005323983899
426 17.06247574699263 -8.756502417984578
427 17.173637683071647 -8.882540016295634
428 17.648790322580645 -9.020708955223881
429 17.423076923076923 -8.875407451307884
430 17.136079390973354 -8.904803256445048
431 17.8785938138711 -8.672630680723389
432 17.74149187387137 -8.880610312952445
433 17.25595984943538 -9.028469249831042
434 18.026277793820388 -8.792035904179292
435 17.05220651860398 -8.769041625197588
436 16.65169203487513 -9.148114211397493
437 18.021180908167707 -9.21849236133684
438 17.353329422117923 -9.031063499641919
439 16.950637175919145 -8.729514598101646
440 16.838618007777445 -9.155025605284688
441 16.820387608728826 -9.078855994152047
442 16.00304831580552 -9.085234650343164
443 17.4221635883905 -9.272713081486106
444 16.843362425355995 -9.3416344370028
445 16.87114337568058 -9.383761737645832
446 16.829666876178504 -8.97394043528064
447 16.611047928513404 -9.366546221980622
448 17.27047588216251 -8.989080272993176
449 16.591666666666665 -8.956638150591
450 17.652920962199314 -9.144820683903253
451 17.19819972826087 -9.154249244205577
452 17.747964721845317 -9.367086470608097
453 17.114559721011332 -9.279285468911027
454 16.693479801559178 -9.230358874878759
455 17.363764291996482 -8.971180947012401
456 17.239349478522186 -9.427802439791673
457 16.875227355401965 -8.911767828702885
458 17.543391430646334 -9.105022668046978
459 17.783645031169783 -9.401590529450214
460 17.199706044460775 -9.045498225901833
461 16.294600267124594 -9.722147750968126
462 16.751992585727525 -9.346618176364727
463 17.092014910731802 -9.393198564141318
464 17.363774156877604 -9.20588683268601
465 16.727744510978045 -8.907574408793591
466 17.290834312573445 -9.645681397090708
467 16.88170163170163 -9.303943305091456
468 16.64466600199402 -9.919870513947727
469 16.850546780072904 -9.661153023762456
470 17.01050505050505 -9.364340147574694
471 17.74002089864159 -9.612704248366013
472 17.111350419987076 -8.884996446636846
473 16.76177166200817 -9.099444023249937
474 17.035865874363328 -9.547672803056617
475 17.10144927536232 -9.7055506993007
476 17.308586762075134 -9.023028459700196
477 16.848922512608894 -9.731942783756255
478 16.355203128394525 -9.874453076167516
479 16.71850809289233 -9.082669188166959
480 17.186790739900136 -9.333318100808848
481 17.298070216228783 -9.30741418764302
482 16.211304555211065 -9.544216426553017
483 16.38927738927739 -9.819939152820032
484 16.512390670553938 -9.71356134895958
485 16.33611588509698 -9.592642140468227
486 16.49247311827957 -9.524871770057098
487 17.102019943748402 -9.226946847960445
488 16.936820823856458 -10.067238558040364
489 16.74704551169223 -9.31859971711457
490 16.946067415730337 -9.59830534273682
491 16.42653425006366 -9.38631862272104
492 16.119247393846937 -10.010712099571515
493 16.230438085591288 -9.54191063174114
494 17.363020833333334 -9.584888059701493
495 17.301799345692476 -9.932779336262108
496 16.11427788435188 -9.424193461517747
497 15.887061403508772 -9.692212207890334
498 16.814161692892025 -10.127929418251998
499 15.844761382336808 -9.940407300244825
500 15.935219236209335 -9.693994806916745
501 17.25 -9.93531012271642
502 17.82271147161066 -9.905211944972597
503 17.564814814814813 -9.502611262488646
504 16.306513409961685 -9.488479262672811
505 17.542126670540384 -9.708245490747247
506 16.506474396703943 -9.631606641721234
507 15.823875330785063 -9.998326859874515
508 16.509892086330936 -10.415107956937511
509 16.70759137769447 -9.914745987691566
510 16.01559633027523 -10.127235596262144
511 16.802577805721473 -10.088206266962743
512 16.09720885466795 -9.822552337971668
513 16.805774278215225 -10.332315133002417
514 16.48956228956229 -9.61746308118914
515 17.08921815889029 -10.239356970390139
516 16.50942103460089 -9.554272667971299
517 16.655126498002662 -9.8142431268632
518 18.320761128100578 -9.958296899172664
519 16.893064571233346 -10.225302826379542
520 16.540484429065742 -9.818654266958424
521 16.289445438282648 -10.217330926260242
522 16.264090747961717 -10.215683483953605
523 17.691331923890065 -9.901697563747426
524 17.068341337273736 -10.122082199627668
525 16.042694147957306 -9.979473879214524
526 16.385650224215247 -10.020449897750511
527 16.719728404375708 -9.821678842999852
528 16.8554583491822 -10.278861241874019
529 16.929360694554063 -10.521545543732548
530 16.948481353325644 -10.367932425234
531 15.098487785963552 -10.203508771929824
532 17.882851637764933 -9.765639304241684
533 17.036502206177296 -9.945169511159163
534 15.857555739058629 -10.77740069417663
535 15.541751527494908 -10.473390694710007
536 16.97545008183306 -10.185963777490297
537 16.16745791972378 -10.483040654318017
538 15.862068965517242 -10.092766381529774
539 16.758650149508757 -10.603266007735282
540 15.37763440860215 -10.556049974328255
541 15.967523680649526 -9.988713910761154
542 15.849867139061116 -10.445136938202246
543 16.572669104204753 -9.915213946117275
544 16.204444444444444 -10.015684876570715
545 17.43823796548592 -10.271299039411078
546 17.024525682554373 -10.215194441938104
547 17.343705122067973 -10.18628695809904
548 16.446436781609194 -10.35355140186916
549 15.952472395583293 -10.3626767200754
550 16.708056872037915 -10.561674221236377
551 16.52176113360324 -10.946746689530341
552 18.271810388300555 -10.602443876101166
553 16.03358395989975 -11.16025641025641
554 15.555383822771768 -10.170102080879467
555 16.19870839542971 -10.732594458438287
556 16.766301512780387 -10.87087235091178
557 16.700374531835205 -9.967125227594579
558 17.031394750386 -10.21719221563118
559 15.577026301663983 -11.375239718730024
560 16.413623978201635 -10.722245898146175
561 15.713802816901408 -10.344797466972377
562 16.836202109938924 -9.952583852288868
563 17.106890938686924 -10.42918407741368
564 16.946218487394958 -11.338269167489306
565 16.303682719546742 -11.189119170984457
566 15.423283582089553 -11.759929585212895
567 16.04725787631272 -10.979923732615523
568 17.69552585705985 -10.861838376969285
569 18.205373134328358 -10.953491016602229
570 16.415554265815437 -10.081823495032145
571 16.275902901124926 -10.706018518518519
572 16.723591549295776 -10.52011031946679
573 15.297042164883575 -11.316664714837803
574 19.551637279596978 -10.262048192771084
575 18.249525015832806 -10.763713080168776
576 18.019147621988882 -10.834971737527647
577 17.77328990228013 -10.61792982894244
578 17.27134348113832 -11.004218869854258
579 16.610491803278688 -10.357423608469633
580 16.077591973244147 -11.436085306816695
581 17.296688741721855 -10.564397364681566
582 16.03736413043478 -10.91186793188613
583 16.497936726272354 -11.431186531266702
584 16.162216288384514 -9.932232957595277
585 16.741293532338307 -10.502441008950367
586 16.90794096978215 -11.713196562240089
587 17.619450317124734 -11.717927631578947
588 16.744868035190617 -10.128158592768393
589 16.080887616320688 -11.382582753231993
590 15.226851851851851 -11.032154340836012
591 17.842428900845505 -11.743521790341578
592 17.89020771513353 -10.098355799140869
593 17.48695652173913 -10.915613718411553
594 16.06645056726094 -10.982871001970592
595 16.055023923444978 -11.024869511820693
596 16.698387096774194 -10.69887328291403
597 16.03713298791019 -11.573417721518988
598 16.580128205128204 -10.83675417661098
599 16.933110367892976 -11.483417561591914
600 16.6275 -10.71781219748306
601 17.94482173174873 -10.37475345167653
602 17.32827832292596 -11.13961038961039
603 16.56073211314476 -10.81804435483871
604 14.906976744186046 -10.859436379163109
605 17.701149425287355 -10.772064980740245
606 15.073024054982818 -10.837241379310345
607 15.906810035842295 -11.8393520080999
608 15.463049579045837 -10.907476319350474
609 18.16443252904379 -10.663278045300517
610 17.691579943235574 -11.975111906893465
611 17.244239631336406 -10.605586788475053
612 14.187314172447968 -11.033693693693694
613 16.581560283687942 -11.809191176470588
614 15.712841253791709 -10.714874484825778
615 15.937369519832986 -10.812912969605437
616 16.573940020682524 -11.294893861158922
617 17.585828343313374 -11.014623821435444
618 16.766326530612243 -11.941083432186636
619 15.669447340980188 -10.388218449580691
620 14.011853448275861 -11.20716965402251
621 16.451749734888654 -12.540976734437224
622 16.872689938398356 -11.422010582010582
623 16.587048832271762 -12.227473219911783
624 15.70464135021097 -10.959645045425734
625 17.070194384449245 -12.44768653605669
626 17.8781512605042 -10.523140495867768
627 17.75635103926097 -11.148922949461475
628 17.950169875424688 -11.220021299254526
629 15.717976318622174 -11.240996649916248
630 16.183465458663647 -11.828887443070917
631 18.939831528279182 -11.081217162872154
632 17.87785388127854 -11.938699007717751
633 15.871944121071012 -10.767736104835066
634 16.940347071583513 -12.658834369960838
635 14.778546712802768 -11.004110527517698
636 19.38217338217338 -11.216816249409542
637 14.320496894409938 -11.137623297322687
638 15.722783389450056 -10.294268406337372
639 16.45023148148148 -11.438133396181946
640 16.955241460541814 -9.914433474377057
641 16.760922330097088 -12.245349658582528
642 16.462549277266753 -11.666666666666666
643 16.809583858764185 -11.88256318611182
644 17.803363518758086 -12.336415896025994
645 17.93574297188755 -10.700430488731325
646 16.764089121887288 -12.353248108531176
647 17.200787401574804 -11.314996032795557
648 15.58411214953271 -11.325469168900804
649 20.2914364640884 -10.910288065843622
650 18.119505494505493 -11.050632911392405
651 14.618421052631579 -11.206699346405228
652 14.912663755458516 -11.521988527724666
653 14.998628257887518 -12.328940142778693
654 16.10843373493976 -11.984083424807903
655 16.691860465116278 -12.315195940231181
656 16.62772585669782 -11.781277597880482
657 15.131578947368421 -11.372343522561863
658 16.047765793528505 -12.074244604316547
659 18.86064318529862 -10.759188473978242
660 19.09256449165402 -11.704619970193741
661 13.82642089093702 -12.644893111638956
662 16.774877650897228 -11.598507462686568
663 16.762052877138412 -11.326797385620916
664 15.895833333333334 -11.773875539125077
665 16.09579831932773 -11.344986200551977
666 15.639455782312925 -11.205662725575607
667 14.956375838926174 -12.279505076142131
668 16.081939799331103 -12.264121173871883
669 16.96470588235294 -11.30858618463525
670 18.200680272108844 -12.031123139377538
671 15.376953125 -12.064207650273223
672 15.138376383763838 -14.218249914879129
673 13.477797513321493 -12.389441206719232
674 16.063047285464098 -12.411785338477728
675 13.831758034026466 -11.211559043881556
676 14.968174204355108 -11.877862595419847
677 15.607879924953096 -11.493547261946285
678 18.935353535353535 -13.006718924972004
679 16.727788279773158 -12.285971223021583
680 17.911290322580644 -11.706676136363637
681 17.833631484794275 -15.3323720259553
682 17.071290944123316 -11.333333333333334
683 16.570281124497992 -10.012442232492
684 16.005725190839694 -10.99813223757938
685 15.805383022774327 -13.333210195788697
686 15.702991452991453 -11.45257654966393
687 17.07170542635659 -13.178979436405179
688 14.260692464358453 -9.878835562549174
689 15.664473684210526 -11.379662347860227
690 16.032258064516128 -11.418996710526315
691 18.353065539112052 -13.391732283464567
692 13.339055793991417 -12.613047001620746
693 17.707724425887264 -10.741171582883258
694 16.989082969432314 -12.934322033898304
695 13.793478260869565 -11.173985780008366
696 15.912663755458516 -11.964405360134004
697 17.146808510638298 -13.317894736842105
698 19.609053497942387 -11.2003585835948
699 15.651162790697674 -12.223893425010743
700 16.44736842105263 -12.582787243337702
701 15.15521064301552 -13.275955056179775
702 16.285365853658536 -12.796703296703297
703 17.398230088495577 -11.867296446243815
704 16.63054187192118 -11.780909090909091
705 14.014319809069212 -10.540734109221129
706 15.150510204081632 -13.406353722143196
707 14.762273901808786 -13.246065808297567
708 16.26817042606516 -12.411851851851852
709 15.0 -10.840932117527862
710 14.981481481481481 -14.465081723625557
711 17.015 -13.01039089559624
712 14.029255319148936 -11.94783464566929
713 14.867532467532467 -11.20664739884393
714 14.938375350140056 -13.787064676616916
715 14.881019830028329 -14.045547594677585
716 20.352216748768473 -12.559956592512208
717 16.377906976744185 -12.963040083289954
718 14.34349030470914 -12.425596749619096
719 18.28491620111732 -13.188629117959618
720 17.7444089456869 -12.335698689956331
721 14.505434782608695 -11.464856230031948
722 14.318042813455657 -11.955913978494623
723 18.176136363636363 -12.730392156862745
724 16.26332288401254 -11.22755505364201
725 15.716814159292035 -11.957870099473377
726 13.873015873015873 -11.843825665859564
727 13.711974110032363 -12.825178997613365
728 18.292929292929294 -14.394128669581512
729 18.583333333333332 -11.835922933499068
730 19.687878787878788 -12.735017626321975
731 16.85430463576159 -12.064670658682635
732 19.19435736677116 -12.044135429262393
733 15.711180124223603 -13.354819633353046
734 16.164983164983166 -12.442974165091368
735 14.333333333333334 -11.9042071197411
736 17.448275862068964 -11.212198221092757
737 12.621160409556314 -11.872881355932204
738 16.542662116040955 -12.796791443850267
739 16.34285714285714 -11.488651535380507
740 16.735593220338984 -14.752570253598355
741 14.812925170068027 -13.291130185979972
742 16.723021582733814 -10.580345285524569
743 15.241992882562277 -13.173913043478262
744 17.55294117647059 -12.694050991501417
745 15.474264705882353 -10.712509144111193
746 14.972868217054264 -12.954741379310345
747 13.502057613168724 -12.571934798015592
748 11.515901060070671 -14.602601156069364
749 16.551020408163264 -10.093964858670741
750 13.41150442477876 -13.631339894019682
751 19.076923076923077 -14.0890625
752 17.132295719844358 -14.085227272727273
753 13.456273764258555 -13.465079365079365
754 14.791489361702128 -16.475894245723172
755 16.186915887850468 -11.166276346604215
756 18.036199095022624 -12.650872817955113
757 18.48148148148148 -10.205501618122977
758 16.255506607929515 -15.266175266175265
759 16.433333333333334 -11.886178861788618
760 13.692682926829269 -13.210526315789474
761 14.560669456066945 -12.377005347593583
762 14.589519650655022 -11.925044091710758
763 15.913875598086124 -11.32152117545376
764 18.325892857142858 -13.049785407725322
765 14.532710280373832 -11.939449541284404
766 15.419213973799126 -17.173953488372092
767 18.40686274509804 -13.068897637795276
768 14.99047619047619 -14.375
769 14.031578947368422 -15.450945094509452
770 16.680365296803654 -12.956369982547994
771 20.276699029126213 -11.509059534081105
772 17.72093023255814 -11.38888888888889
773 13.921052631578947 -12.369014084507043
774 11.64102564102564 -12.443148688046648
775 16.737864077669904 -12.88148873653281
776 14.075 -14.988084326306142
777 15.506849315068493 -11.55013799448022
778 14.994949494949495 -12.020833333333334
779 20.966666666666665 -11.885947046843178
780 12.822222222222223 -11.843322818086225
781 18.28292682926829 -13.796858638743455
782 12.11111111111111 -11.52482269503546
783 15.206030150753769 -11.708833151581244
784 13.132947976878613 -12.493197278911564
785 16.05586592178771 -13.76736493936053
786 10.254545454545454 -15.961581920903955
787 16.073863636363637 -12.029646522234891
788 18.433962264150942 -13.675115207373272
789 13.872727272727273 -9.991696322657177
790 15.741573033707866 -13.46172539489672
791 15.883435582822086 -14.00238379022646
792 12.059602649006623 -10.301219512195122
793 17.45098039215686 -11.183823529411764
794 16.02409638554217 -17.473053892215567
795 13.610169491525424 -12.249712313003453
796 14.431952662721894 -13.790167865707435
797 15.429530201342281 -12.941874258600237
798 14.585987261146498 -13.386977886977887
799 15.181347150259068 -15.43121387283237
800 16.114093959731544 -12.810141509433961
801 17.13907284768212 -11.078125
802 11.72 -12.902380952380952
803 17.227777777777778 -14.239490445859873
804 18.776 -14.435740514075887
805 23.39855072463768 -13.42686170212766
806 14.618421052631579 -12.656417112299465
807 18.992424242424242 -13.368421052631579
808 18.007575757575758 -11.472677595628415
809 21.496124031007753 -14.239099859353024
810 12.648854961832061 -13.157664233576643
811 17.93233082706767 -13.651388888888889
812 21.0 -13.875722543352602
813 18.425373134328357 -16.467741935483872
814 18.733333333333334 -11.71977240398293
815 15.89344262295082 -19.01063829787234
816 20.348484848484848 -10.841246290801188
817 12.741666666666667 -15.72876304023845
818 13.24074074074074 -11.303649635036496
819 12.40495867768595 -12.969298245614034
820 14.289256198347108 -10.580980683506686
821 15.616071428571429 -13.90057636887608
822 14.429824561403509 -11.972006220839813
823 25.403508771929825 -10.808
824 14.218487394957982 -13.27718223583461
825 14.508064516129032 -15.058637083993661
826 17.617391304347827 -11.869291338582677
827 16.092436974789916 -12.34609250398724
828 18.11320754716981 -14.128775834658187
829 18.205607476635514 -12.581102362204724
830 19.80373831775701 -12.889908256880734
831 16.229357798165136 -10.183018867924527
832 14.285714285714286 -15.065384615384616
833 17.934579439252335 -13.058823529411764
834 11.681818181818182 -8.550084889643463
835 17.133928571428573 -15.42134831460674
836 21.82608695652174 -13.92
837 18.24742268041237 -13.836538461538462
838 14.210526315789474 -12.677480916030534
839 22.311827956989248 -18.233193277310924
840 20.45 -14.551876379690949
841 13.613861386138614 -13.297297297297296
842 14.6875 -9.790513833992096
843 13.692307692307692 -14.309664694280078
844 13.2375 -12.208092485549132
845 15.403846153846153 -19.402439024390244
846 11.54368932038835 -11.41340782122905
847 17.938053097345133 -13.232245681381958
848 13.913461538461538 -11.793319415448853
849 22.010526315789473 -16.58699808795411
850 20.262626262626263 -18.898340248962654
851 18.256410256410255 -16.58786610878661
852 17.1 -13.527272727272727
853 20.486238532110093 -14.493801652892563
854 16.47422680412371 -16.83653846153846
855 13.969696969696969 -13.633707865168539
856 18.911392405063292 -12.1701244813278
857 17.313953488372093 -17.57815845824411
858 15.622222222222222 -16.20995670995671
859 17.022988505747126 -11.800475059382423
860 16.28205128205128 -13.995226730310263
861 10.766666666666667 -18.09950248756219
862 21.263736263736263 -16.891625615763548
863 14.864864864864865 -12.194711538461538
864 12.122448979591837 -12.723653395784543
865 16.38888888888889 -9.291954022988506
866 17.566265060240966 -16.072289156626507
867 19.526315789473685 -12.848806366047745
868 14.064935064935066 -10.778625954198473
869 15.21875 -12.89945652173913
870 19.223880597014926 -10.634464751958225
871 12.506172839506172 -14.674937965260545
872 16.79310344827586 -14.062344139650873
873 13.582089552238806 -12.806451612903226
874 11.780821917808218 -13.151515151515152
875 18.293333333333333 -20.73024523160763
876 16.925 -16.03723404255319
877 9.564516129032258 -16.976315789473684
878 10.41891891891892 -12.984
879 16.016666666666666 -13.741687979539641
880 11.869565217391305 -13.987834549878345
881 13.472972972972974 -16.49014778325123
882 10.322033898305085 -16.734246575342464
883 13.788732394366198 -16.50134770889488
884 11.603174603174603 -14.31129476584022
885 14.436363636363636 -14.165354330708661
886 13.514705882352942 -12.412398921832883
887 12.14516129032258 -11.309659090909092
888 15.01923076923077 -17.03954802259887
889 17.841269841269842 -18.35081967213115
890 15.148148148148149 -15.219435736677116
891 18.796296296296298 -13.833333333333334
892 16.5 -16.195592286501377
893 14.88 -9.019283746556473
894 9.931818181818182 -13.854785478547855
895 24.025 -14.421404682274247
896 18.14 -15.02787456445993
897 17.517241379310345 -10.077441077441078
898 15.619047619047619 -15.077464788732394
899 11.983050847457626 -10.839590443686006
900 15.935483870967742 -10.172881355932203
901 13.434782608695652 -12.65529010238908
902 19.21276595744681 -17.019867549668874
903 9.816326530612244 -10.968641114982578
904 19.75 -14.545126353790614
905 29.641509433962263 -10.066889632107024
906 22.51851851851852 -15.192727272727273
907 9.25 -22.314176245210728
908 14.310344827586206 -13.49586776859504
909 15.933333333333334 -22.066666666666666
910 13.984375 -13.894736842105264
911 20.13888888888889 -7.662745098039216
912 14.11111111111111 -17.196652719665273
913 12.122448979591837 -16.35177865612648
914 15.74468085106383 -17.609865470852018
915 21.261904761904763 -11.903361344537815
916 15.310344827586206 -18.023166023166024
917 13.452380952380953 -9.361990950226245
918 17.791666666666668 -16.28138528138528
919 12.222222222222221 -17.329166666666666
920 19.583333333333332 -16.739336492890995
921 21.46808510638298 -15.62135922330097
922 12.023255813953488 -9.953367875647668
923 15.685714285714285 -12.644549763033176
924 19.148936170212767 -15.837606837606838
925 20.970588235294116 -12.35593220338983
926 15.121951219512194 -18.02164502164502
927 19.5531914893617 -12.115384615384615
928 32.32432432432432 -26.93548387096774
929 16.441860465116278 -17.859223300970875
930 20.333333333333332 -12.548837209302325
931 21.678571428571427 -10.305
932 24.529411764705884 -13.64795918367347
933 12.470588235294118 -10.225130890052355
934 15.657142857142857 -20.624309392265193
935 14.133333333333333 -12.053191489361701
936 20.0 -12.220930232558139
937 18.424242424242426 -20.35928143712575
938 17.5 -10.692307692307692
939 21.486486486486488 -10.562841530054644
940 12.310344827586206 -16.394285714285715
941 16.26829268292683 -24.727272727272727
942 19.384615384615383 -10.492063492063492
943 12.142857142857142 -14.60759493670886
944 7.478260869565218 -8.56353591160221
945 6.65 -12.029585798816568
946 18.674418604651162 -10.274111675126903
947 16.103448275862068 -8.585106382978724
948 15.525 -15.807291666666666
949 11.538461538461538 -11.93170731707317
950 12.321428571428571 -14.980676328502415
951 15.11111111111111 -17.702439024390245
952 15.466666666666667 -16.661202185792348
953 12.606060606060606 -16.634408602150536
954 16.84375 -19.77710843373494
955 10.727272727272727 -20.76243093922652
956 15.933333333333334 -10.288235294117648
957 23.896551724137932 -16.80745341614907
958 14.852941176470589 -13.301775147928995
959 13.192307692307692 -17.305882352941175
960 16.0 -16.86092715231788
961 21.766666666666666 -12.453947368421053
962 24.82758620689655 -16.401234567901234
963 13.791666666666666 -12.371428571428572
964 11.73076923076923 -14.680851063829786
965 10.619047619047619 -21.338582677165356
966 10.333333333333334 -14.798657718120806
967 15.0 -7.108843537414966
968 13.35897435897436 -13.337931034482759
969 12.941176470588236 -12.376
970 13.55 -13.666666666666666
971 14.833333333333334 -11.058394160583942
972 16.275862068965516 -15.476190476190476
973 10.206896551724139 -11.633587786259541
974 12.142857142857142 -11.520325203252032
975 21.344827586206897 -20.16923076923077
976 18.677419354838708 -15.55944055944056
977 8.73913043478261 -12.069444444444445
978 13.555555555555555 -15.43939393939394
979 8.5 -10.26241134751773
980 6.413793103448276 -27.887096774193548
981 7.607142857142857 -8.775641025641026
982 10.625 -11.167741935483871
983 14.666666666666666 -15.958041958041958
984 5.0 -21.614285714285714
985 6.0 -9.444444444444445
986 25.333333333333332 -21.201680672268907
987 15.310344827586206 -22.462184873949578
988 14.545454545454545 -20.14569536423841
989 16.954545454545453 -15.779527559055119
990 12.2 -22.12
991 18.4 -14.648854961832061
992 18.73076923076923 -17.893617021276597
993 15.625 -21.908450704225352
994 16.90625 -9.611940298507463
995 7.904761904761905 -6.597402597402597
996 20.727272727272727 -11.552
997 6.714285714285714 -9.307017543859649
998 22.23076923076923 -16.083333333333332
999 8.65 -21.15573770491803
1000 10.333333333333334 -25.77777777777778
1001 10.777777777777779 -5.945652173913044
1002 24.2 -6.326732673267327
1003 7.533333333333333 -10.55084745762712
1004 11.428571428571429 -24.7196261682243
1005 10.227272727272727 -16.89622641509434
1006 24.9375 -16.632653061224488
1007 6.65 -26.465346534653467
1008 16.40740740740741 -21.256880733944953
1009 15.066666666666666 -30.54054054054054
1010 11.76923076923077 -11.546875
1011 13.761904761904763 -12.954545454545455
1012 13.484848484848484 -25.973214285714285
1013 9.23076923076923 -26.786324786324787
1014 6.333333333333333 -14.361344537815127
1015 33.48 -6.518867924528302
1016 13.4 -14.512396694214877
1017 14.470588235294118 -15.801724137931034
1018 10.928571428571429 -12.526315789473685
1019 8.136363636363637 -26.03061224489796
1020 16.0 -19.238095238095237
1021 9.818181818181818 -17.431578947368422
1022 7.681818181818182 -10.31764705882353
1023 25.88235294117647 -4.220779220779221
1024 14.666666666666666 -8.658536585365853
1025 26.5 -22.465753424657535
1026 5.9523809523809526 -13.333333333333334
1027 12.411764705882353 -14.227272727272727
1028 15.333333333333334 -8.0
1029 21.923076923076923 -13.034883720930232
1030 32.09090909090909 -18.987951807228917
1031 12.833333333333334 -13.975609756097562
1032 13.052631578947368 -24.12962962962963
1033 8.866666666666667 -13.857142857142858
1034 8.615384615384615 -7.274725274725275
1035 9.0 -19.36904761904762
1036 11.68421052631579 -14.164556962025317
1037 4.7368421052631575 -7.352941176470588
1038 10.444444444444445 -20.253164556962027
1039 25.8125 -19.15
1040 17.55 -11.243589743589743
1041 17.35 -24.59375
1042 16.0 -5.577319587628866
1043 11.538461538461538 -14.414141414141413
1044 5.684210526315789 -7.081632653061225
1045 29.095238095238095 -21.736263736263737
1046 8.545454545454545 -14.207317073170731
1047 7.083333333333333 -15.0
1048 31.058823529411764 -3.6463414634146343
1049 18.076923076923077 -3.681318681318681
1050 11.357142857142858 -12.80232558139535
1051 7.882352941176471 -8.93421052631579
1052 24.375 -25.746987951807228
1053 18.23076923076923 -15.521739130434783
1054 4.083333333333333 -10.469696969696969
1055 24.375 -17.24561403508772
1056 11.0625 -13.523809523809524
1057 9.555555555555555 -8.906976744186046
1058 11.076923076923077 -6.294871794871795
1059 9.76923076923077 -19.09722222222222
1060 13.882352941176471 -12.1
1061 23.0 -17.75
1062 11.1875 -5.19672131147541
1063 15.833333333333334 -18.32051282051282
1064 18.2 -5.386363636363637
1065 4.785714285714286 -11.604395604395604
1066 11.454545454545455 -10.887096774193548
1067 3.0 -16.319148936170212
1068 5.5 -9.885245901639344
1069 9.705882352941176 -14.666666666666666
1070 8.2 -7.403846153846154
1071 49.15384615384615 -7.6716417910447765
1072 8.0 -17.303030303030305
1073 12.083333333333334 -16.22222222222222
1074 14.923076923076923 -19.28358208955224
1075 9.3 -10.686567164179104
1076 6.769230769230769 -17.45762711864407
1077 11.642857142857142 -13.567901234567902
1078 9.142857142857142 -18.571428571428573
1079 52.0 -7.864864864864865
1080 10.818181818181818 -32.51219512195122
1081 42.125 -16.065934065934066
1082 14.928571428571429 -12.491525423728813
1083 6.916666666666667 -5.086206896551724
1084 15.416666666666666 -18.185185185185187
1085 14.333333333333334 -18.27777777777778
1086 23.0 -26.05263157894737
1087 16.916666666666668 -4.230769230769231
1088 4.666666666666667 -22.45
1089 5.75 -19.10169491525424
1090 16.571428571428573 -3.372549019607843
1091 5.833333333333333 -8.578947368421053
1092 18.76923076923077 -9.680851063829786
1093 31.0 -27.036363636363635
1094 8.0 -5.958333333333333
1095 7.888888888888889 -10.953488372093023
1096 5.0 -25.448275862068964
1097 4.666666666666667 -22.686274509803923
1098 5.4 -13.297872340425531
1099 9.818181818181818 -17.01923076923077
1100 18.666666666666668 -7.62
1101 7.166666666666667 -6.3076923076923075
1102 7.833333333333333 -10.28125
1103 22.75 -18.193548387096776
1104 6.444444444444445 -9.970588235294118
1105 11.142857142857142 -4.523809523809524
1106 17.0 -11.722222222222221
1107 3.0 -20.555555555555557
1108 9.6 -12.833333333333334
1109 5.666666666666667 -3.8
1110 21.75 -36.27272727272727
1111 2.6666666666666665 -7.088235294117647
1112 2.5 -18.88235294117647
1113 18.6 -17.944444444444443
1114 13.0 -12.67741935483871
1115 28.0 -3.7586206896551726
1116 3.3333333333333335 -13.32258064516129
1117 5.142857142857143 -36.65
1118 9.5 -13.533333333333333
1119 6.0 -8.771428571428572
1120 16.0 -6.3076923076923075
1121 7.2 -31.28125
1122 13.75 -3.5625
1123 44.333333333333336 -1.5555555555555556
1124 46.6 -8.09375
1125 18.0 -1.3076923076923077
1126 18.857142857142858 -5.043478260869565
1127 33.8 -21.555555555555557
1128 2.0 -17.892857142857142
1129 10.5 -15.382352941176471
1130 174.33333333333334 -8.942857142857143
1131 4.5 -14.148148148148149
1132 21.0 -8.636363636363637
1133 4.0 -16.82758620689655
1134 8.0 -32.23076923076923
1135 10.5 -36.206896551724135
1136 20.428571428571427 -3.72
1137 18.666666666666668 -13.807692307692308
1138 8.0 -7.416666666666667
1139 6.2 -33.68
1140 11.25 -29.0
1141 5.4 -10.864864864864865
1142 3.75 -24.75
1143 4.2 -6.481481481481482
1144 30.714285714285715 -24.423076923076923
1145 8.0 -2.774193548387097
1146 3.6 -20.454545454545453
1147 8.0 -24.0
1148 7.166666666666667 -7.961538461538462
1149 4.5 -18.06451612903226
1150 29.0 -9.033333333333333
1151 3.5 -29.181818181818183
1152 47.75 -25.818181818181817
1153 2.75 -52.857142857142854
1154 10.5 -6.0
1155 8.75 -3.210526315789474
1156 10.2 -4.130434782608695
1157 5.333333333333333 -0.45454545454545453
1158 3.0 -6.363636363636363
1159 0 -3.8125
1160 2.5 -3.3636363636363638
1161 37.2 -36.625
1162 17.0 -27.5625
1163 28.666666666666668 -17.764705882352942
1164 316.5 -48.9
1165 23.833333333333332 -11.9
1166 5.333333333333333 -9.636363636363637
1167 4.5 -79.04761904761905
1168 2.0 -2.466666666666667
1169 17.0 -34.642857142857146
1170 13.5 -7.176470588235294
1171 3.0 -45.52
1172 25.5 -14.961538461538462
1173 7.75 -19.90909090909091
1174 2.75 -0.5769230769230769
1175 14.666666666666666 -34.94736842105263
1176 3.0 -47.9
1177 4.0 -9.6875
1178 3.6666666666666665 -3.0526315789473686
1179 12.75 -34.0
1180 33.0 -4.28
1181 27.75 -1.3793103448275863
1182 11.0 -1.0952380952380953
1183 34.0 -33.1764705882353
1184 2.0 -8.272727272727273
1185 4.2 -28.58823529411765
1186 5.833333333333333 -0.5
1187 36.5 -17.653846153846153
1188 2.5 -3.0869565217391304
1189 3.6666666666666665 -11.181818181818182
1190 3.0 -5.142857142857143
1191 2.0 -1.6
1192 24.8 -41.22222222222222
1193 3.0 -4.294117647058823
1194 84.0 -2.0
1195 20.0 -0.9444444444444444
1196 6.0 -15.090909090909092
1197 2.0 -9.090909090909092
1198 4.0 -0.6
1199 2.3333333333333335 -1.0
1200 4.25 -7.875
1201 13.666666666666666 -1.8888888888888888
1202 2.0 -9.846153846153847
1203 17.5 0.0
1204 2.5 -0.18181818181818182
1205 2.0 -25.0
1206 2.0 -59.0
1207 31.0 -3.142857142857143
1208 0 -41.76923076923077
1209 11.0 -22.23076923076923
1210 19.0 -3.0
1211 13.0 0.0
1212 115.0 -87.0
1213 0 0.0
1214 3.0 -76.71428571428571
1215 8.0 -30.166666666666668
1216 0 -10.625
1217 76.0 -44.888888888888886
1218 17.0 -76.83333333333333
1219 0 -66.66666666666667
1220 24.0 -0.6153846153846154
1221 7.0 -17.09090909090909
1222 2.5 -0.375
1223 8.5 -1.6666666666666667
1224 3.5 -13.625
1225 0 -120.5
1226 2.0 -14.0
1227 11.0 -28.0
1228 11.2 -2.6666666666666665
1229 15.0 -39.07692307692308
1230 60.0 -0.9
1231 0 -2.8
1232 16.0 -3.0833333333333335
1233 0 -2.8181818181818183
1234 2.0 -0.6363636363636364
1235 3.5 -0.5
1236 4.0 -0.6666666666666666
1237 0 -0.8333333333333334
1238 0 -20.75
1239 17.333333333333332 -52.333333333333336
1240 41.5 -8.666666666666666
1241 0 -0.5
1242 3.5 -170.4
1243 34.0 -43.22222222222222
1244 0 -2.1333333333333333
1245 5.666666666666667 -40.083333333333336
1246 0 0.0
1247 2.0 0.0
1248 0 -3.1666666666666665
1249 0 -24.8
1250 3.0 -5.333333333333333
1251 6.0 -140.25
1252 4.0 -0.5
1253 0 0.0
1254 4.0 -28.142857142857142
1255 4.0 -17.428571428571427
1256 3.0 -167.0
1257 0 -0.875
1258 13.5 -8.545454545454545
1259 2.6 -0.6666666666666666
1260 0 -11.3
1261 39.0 -22.0
1262 5.0 -6.333333333333333
1263 6.5 -0.6666666666666666
1264 16.0 0.0
1265 9.0 -29.0
1266 11.5 0.0
1267 43.5 0.0
1268 0 -42.45454545454545
1269 4.5 -1.4615384615384615
1270 7.0 -14.6
1271 21.0 -21.2
1272 2.0 -15.1
1273 0 -0.8
1274 3.0 -0.5
1275 9.5 -2.7142857142857144
1276 0 0.0
1277 0 -6.25
1278 19.5 -1.625
1279 0 -1.6666666666666667
1280 3.0 -7.8
1281 4.0 -136.0
1282 37.0 -56.142857142857146
1283 3.0 -2.25
1284 2.0 -85.85714285714286
1285 0 -3.2857142857142856
1286 2.0 -119.33333333333333
1287 2.0 -8.333333333333334
1288 8.0 -2.625
1289 0 -0.5
1290 4.0 -2.25
1291 0 -27.666666666666668
1292 15.0 -0.75
1293 0 -3.0
1294 0 -60.5
1295 18.0 0.0
1296 64.0 0.0
1297 2.0 -74.5
1298 39.0 0.0
1299 0 -1.3333333333333333
1300 0 -1.6
1301 15.0 -29.4
1302 0 0.0
1303 42.5 -2.3333333333333335
1304 2.0 0.0
1305 0 -15.166666666666666
1306 0 -0.42857142857142855
1307 2.0 -42.333333333333336
1308 2.0 -0.75
1309 2.0 -0.6666666666666666
1310 0 -13.666666666666666
1311 0 0.0
1312 0 -1.0
1313 0 -46.111111111111114
1314 0 0.0
1315 2.0 -185.25
1316 0 0.0
1317 0 -2.5
1318 14.0 -4.0
1319 0 0.0
1321 0 0
1322 0 -51.0
1323 0 0
1324 4.0 0.0
1325 0 -131.0
1326 7.0 -0.6666666666666666
1327 0 -0.6666666666666666
1328 0 0.0
1329 0 -22.0
1330 0 0.0
1331 0 0.0
1332 0 0.0
1333 6.0 0.0
1334 0 -57.0
1335 0 -3.0
1339 0 0
1340 0 0
1341 0 0.0
1342 49.0 0.0
1343 0 -2.0
1344 0 0
1345 0 0.0
1346 2.0 0
1347 0 -0.6666666666666666
1348 0 0.0
1349 0 -13.833333333333334
1350 0 -33.0
1351 0 0.0
1352 0 -22.666666666666668
1353 17.0 0.0
1354 2.0 -256.5
1355 2.0 -0.5
1356 0 -8.0
1357 3.0 0.0
1358 0 -1.6666666666666667
1359 64.0 -1.0
1360 0 0.0
1361 0 -3.0
1362 0 0.0
1363 0 -5.0
1364 2.0 0.0
1365 0 0.0
1366 0 -1.0
1367 0 0.0
1368 0 -155.66666666666666
1369 0 0.0
1370 25.0 0.0
1371 4.0 -1.3333333333333333
1372 35.0 -2.5
1373 0 -0.4
1374 0 -7.0
1375 2.0 0.0
1376 0 0.0
1377 0 -27.666666666666668
1380 0 -3.0
1381 0 0.0
1382 0 0
1383 0 0
1384 0 0.0
1385 0 0.0
1386 0 -5.0
1387 0 0
1388 0 -532.0
1389 9.0 0.0
1390 0 -66.33333333333333
1391 0 0.0
1395 0 0
1396 0 0.0
1397 0 0
1398 0 -22.0
1399 11.0 0
1401 0 0
1402 0 0.0
1403 0 0.0
1404 0 0
1405 0 0
1406 0 0.0
1407 12.5 0.0
1408 0 -5.0
1409 0 0.0
1410 0 -4.8
1411 38.0 0.0
1412 12.0 0.0
1413 0 -24.0
1414 0 -3.0
1415 17.0 0.0
1417 0 -5.0
1418 0 0.0
1423 2.5 0
1424 0 0.0
1425 0 -0.6666666666666666
1426 0 -122.5
1427 2.0 -3.0
1428 4.0 0.0
1429 0 -0.6666666666666666
1430 19.0 -13.0
1431 3.0 -30.0
1432 2.0 -115.4
1433 0 0.0
1434 0 0.0
1435 2.0 -0.5
1436 0 0.0
1437 0 -2.0
1439 0 -2.0
1442 0 -87.0
1443 0 0.0
1447 0 0
1448 7.0 -4.5
1449 0 -0.6666666666666666
1454 0 0
1455 0 -8.0
1456 0 0
1457 0 -62.5
1458 0 0.0
1459 0 0
1460 0 -1.0
1461 0 0.0
1465 0 -4.0
1466 0 0.0
1467 0 0.0
1497 34.0 0
1499 0 -2.0
1500 0 0.0
1501 0 0.0
1502 0 0.0
1503 0 0.0
1505 2.0 0
1507 0 0
1508 0 0
1509 0 -14.333333333333334
1510 0 0.0
1528 49.0 0
1529 0 0
1530 2.0 -1.0
1531 0 0.0
1532 0 -1.0
1533 0 0.0
1567 70.0 0
1568 2.0 0.0
1569 0 0.0
1570 2.0 0.0
1571 0 0
1572 0 -1.0
1573 0 0.0
1574 2.0 0
1575 0 0.0
1576 3.0 0.0
1577 0 0.0
1578 2.0 -2.75
1579 0 0.0
1580 0 0.0
1581 7.0 0
1588 0 0
1589 7.0 0.0
1590 0 0.0
1591 0 0.0
1592 0 0.0
1599 4.0 -26.0
1600 0 0.0
1601 0 -1.0
1602 0 0.0
1603 0 0
1604 20.0 0.0
1605 0 0.0
1623 5.0 0
1624 0 0.0
1625 18.0 0
1626 0 0.0
1628 0 -2.0
1635 0 -408.0
1636 0 0.0
1637 0 0.0
1639 0 0
1640 0 0.0
1641 0 0.0
1642 0 -266.0
1643 0 0.0
1644 0 -14.0
1646 0 0
1647 0 0
1648 16.0 0
1649 0 -5.0
1651 0 0
1652 0 -3.0
1660 0 0
1661 0 0.0
1662 132.0 0
1663 0 0
1664 0 -1.0
1665 0 0
1666 0 -5.0
1669 0 -18.0
1729 0 -60.0
1730 0 0.0
1792 4.0 0
1793 4.0 0.0
1794 36.0 0.0
1795 3.0 -0.4
1796 0 0.0
1797 0 0.0
1798 4.0 0.0
1799 0 -209.0
1800 0 0.0
1801 0 0.0
1802 0 0
1803 0 -4.0
1823 0 0
1824 2.0 -47.0
1825 0 0.0
1826 0 -1.0
1827 0 0.0
1828 0 0.0
1829 0 0.0
1830 0 0.0
