1 13816722 29686733 2824977 29686733
2 11548736 16978838 3325647 16978838
3 10402765 10179110 3517688 14537851
4 9212143 8416279 3356970 12562121
5 8285242 7206075 3171193 11172234
6 7534773 6402104 2984084 10120479
7 6939701 5809246 2801776 9296276
8 6460140 5369351 2641940 8637548
9 6057686 5022053 2497572 8093463
10 5714931 4734278 2367567 7631231
11 5419487 4490771 2248716 7231588
12 5161502 4284419 2143471 6882411
13 4937126 4102060 2047788 6577494
14 4739916 3947912 1961006 6312720
15 4554687 3806217 1881639 6066474
16 4387178 3669211 1808198 5839016
17 4240089 3550841 1739109 5631640
18 4098553 3443514 1678778 5447521
19 3968667 3340819 1619998 5272932
20 3849153 3249492 1565840 5115099
21 3735235 3160658 1512762 4961808
22 3637045 3074387 1465024 4818022
23 3544946 3003658 1420703 4693151
24 3451675 2931658 1378950 4572112
25 3367384 2863200 1339614 4452439
26 3286579 2794859 1302728 4341082
27 3209905 2736380 1267322 4241295
28 3133237 2680149 1231459 4143000
29 3063435 2621462 1199486 4045777
30 2996056 2569158 1170202 3955696
31 2934897 2517538 1139257 3872009
32 2875426 2472165 1112668 3793134
33 2814440 2424236 1084607 3712340
34 2758555 2373789 1061054 3631791
35 2704918 2332485 1034298 3560848
36 2655412 2288171 1011224 3490420
37 2603772 2250502 987227 3425824
38 2553714 2210854 965033 3361306
39 2505689 2169873 944752 3293837
40 2463335 2131370 923250 3233767
41 2421294 2097511 904896 3177693
42 2376695 2066328 886148 3122840
43 2336173 2029639 867297 3064452
44 2299095 1996772 851375 3011058
45 2260076 1967465 832004 2962942
46 2216944 1932351 816551 2909653
47 2183938 1900801 800115 2856801
48 2148252 1873389 783109 2813230
49 2113434 1843834 770016 2765338
50 2081109 1814585 754432 2718764
51 2048784 1788035 741292 2677095
52 2016304 1762932 728166 2635101
53 1983471 1735490 713161 2592702
54 1953355 1708707 700924 2551263
55 1925449 1685447 686812 2514224
56 1894874 1662849 674751 2476372
57 1864890 1636514 664308 2437288
58 1836067 1612633 649492 2397620
59 1811549 1587466 639034 2360305
60 1785159 1567152 629668 2327769
61 1760392 1545551 618907 2292970
62 1732970 1525873 607364 2262600
63 1708935 1504217 595957 2227247
64 1686107 1481697 586527 2192610
65 1659300 1462659 577542 2163759
66 1636740 1441025 567624 2130234
67 1612933 1422771 558372 2100861
68 1589825 1401849 548998 2070464
69 1567191 1382827 539641 2039915
70 1546231 1363026 530251 2011031
71 1525838 1347061 521953 1984701
72 1505007 1328213 516066 1955654
73 1486427 1312118 505713 1930679
74 1464195 1295126 499209 1904708
75 1445204 1277717 491729 1877187
76 1424078 1261187 483123 1852691
77 1404935 1243835 475343 1826695
78 1385981 1227152 467633 1800879
79 1368813 1210668 459476 1777938
80 1350302 1194570 454225 1751367
81 1332260 1180313 446953 1728846
82 1315654 1165632 440103 1707731
83 1297847 1152350 433418 1685023
84 1282184 1134832 426010 1660529
85 1266534 1121679 420353 1639438
86 1249303 1109147 413791 1620544
87 1233161 1093917 408855 1597618
88 1218260 1080804 400547 1578670
89 1204117 1068347 394729 1558441
90 1186812 1054608 390411 1538743
91 1172163 1040669 384296 1518594
92 1156912 1028460 379651 1498521
93 1142650 1014921 373205 1478187
94 1129282 1002398 369129 1460567
95 1115054 991516 362654 1441623
96 1103179 978219 358077 1423680
97 1086335 968530 352984 1407736
98 1074863 953502 347241 1387308
99 1059417 944525 343457 1371958
100 1045964 929784 337460 1351800
101 1033093 919842 332301 1336929
102 1020649 908295 328690 1318108
103 1010545 898307 323044 1302737
104 994930 889213 319060 1289753
105 983479 876063 314562 1270656
106 974233 865958 310917 1254752
107 963013 858630 305586 1242850
108 951594 847593 301968 1227329
109 938219 837174 297766 1212369
110 926872 825915 294241 1195032
111 913377 815909 290039 1180829
112 903017 805044 285826 1164754
113 893205 796247 282666 1151203
114 881075 785787 278373 1137749
115 870380 776059 274078 1122646
116 860563 768206 269901 1110514
117 850000 759963 266432 1097011
118 839744 749521 263818 1082224
119 829865 741222 259827 1070681
120 819393 733436 256417 1057406
121 810239 723904 252719 1043971
122 801048 715105 249751 1031796
123 791155 708045 246188 1021456
124 782672 699808 243064 1008032
125 771376 692330 239319 997305
126 764337 682457 236451 983149
127 753717 674720 233185 972355
128 744590 665164 230685 959370
129 735833 658166 227852 948544
130 728976 650576 223958 936639
131 718302 644295 221883 927554
132 711167 635567 218474 915099
133 701938 629818 215490 906106
134 697401 621927 212386 893495
135 688435 616832 211334 886370
136 680577 609519 208591 876091
137 671952 602968 205432 866437
138 664384 594669 202465 853691
139 657619 588357 199569 845030
140 648898 582170 197795 835324
141 641465 575583 194377 826485
142 633264 568496 192611 815531
143 626403 561455 189848 805891
144 618109 555245 186926 795460
145 612413 546858 185152 785660
146 605775 543047 182643 779192
147 597868 537084 180284 769395
148 589715 529880 177499 759399
149 584366 522659 176391 749881
150 578309 518706 173177 743417
151 572404 513901 171397 735897
152 565718 507948 170306 726654
153 560300 502372 167084 718905
154 551781 498209 165275 712662
155 545805 491132 163498 701942
156 541349 485458 161282 694767
157 532896 481168 158508 687937
158 527152 473083 157084 676631
159 521899 467307 155674 669461
160 515733 463560 153275 663407
161 509943 457822 151481 654763
162 504746 452492 150107 647197
163 498760 448048 147639 641042
164 493586 443293 146113 633219
165 489677 438977 144467 626504
166 485300 435484 142599 622066
167 480055 431117 141645 615284
168 473086 426710 139115 608874
169 465401 420380 137075 599972
170 461984 413629 135594 591379
171 456715 410747 134317 586435
172 450973 406205 132277 579846
173 445716 401397 130125 572530
174 440259 396072 128373 565965
175 436002 391726 127341 558648
176 431265 387563 125988 552727
177 426310 383853 124561 546854
178 422158 378905 122909 540431
179 416789 375488 121867 535150
180 413023 371168 119977 529055
181 407290 368290 118719 524513
182 402630 362904 116951 516950
183 399602 358391 115606 511313
184 394911 355172 114261 506291
185 390531 351157 113204 499607
186 386520 346677 111643 493963
187 383428 343210 110755 489069
188 378392 341018 109084 485607
189 374473 336951 108492 478569
190 369544 333643 106427 474766
191 364982 329679 105003 468426
192 362325 324851 103972 462648
193 358624 322287 103268 458179
194 354752 319659 102039 454729
195 350799 315922 100477 448812
196 346292 312673 99211 444956
197 342230 308721 97638 438354
198 337660 304429 96832 432638
199 333955 300261 95730 427349
200 331502 296929 94554 422705
201 326478 294897 93332 419738
202 324323 291018 92538 413617
203 320269 288554 91339 410450
204 316118 286065 90533 405985
205 313363 282186 89103 400873
206 309539 279524 87746 397088
207 305829 276344 87442 392091
208 303049 272513 86192 387469
209 299941 269996 84940 383308
210 296603 267324 83926 379825
211 294261 264294 83578 375107
212 291020 262298 81540 372401
213 287382 259026 81666 368090
214 283963 256234 80441 363308
215 281484 252732 79777 359037
216 279154 251068 78979 356609
217 275403 249592 77528 353573
218 271323 245821 76198 348870
219 268804 242334 75571 343380
220 265129 239522 74355 339677
221 261117 237026 73421 336012
222 259257 232924 72219 330282
223 256105 230850 71922 327369
224 254351 228546 71421 324068
225 251895 226608 70550 321288
226 249173 224427 69944 318903
227 246777 222359 68364 314875
228 243724 219611 68487 311164
229 241251 217615 67987 308052
230 238348 215598 66175 305366
231 235911 212988 66064 302057
232 233307 210596 65447 297880
233 230011 208125 64499 295214
234 228079 205607 63547 291456
235 225881 204321 63004 289063
236 223506 202303 61877 286165
237 221077 199377 61699 282771
238 219244 197142 60909 279052
239 216592 195141 60418 276272
240 214649 192515 59358 272932
241 212941 191182 58962 270875
242 210773 189983 58348 268442
243 208724 188455 57273 266410
244 205400 186185 57031 263211
245 203043 183481 56032 260115
246 201401 182127 55113 256846
247 198458 179691 55267 254213
248 197285 177625 53971 250639
249 195078 175719 53652 248963
250 193446 174784 53320 246515
251 191353 172714 52768 243746
252 189427 170763 51655 241762
253 187850 168951 51296 238812
254 185048 167710 50652 236753
255 182760 165145 49934 233364
256 180653 162975 49301 230275
257 179393 161129 48805 228108
258 176785 160074 48508 225724
259 174077 157525 47877 223056
260 173015 155567 47118 220448
261 170757 154469 47066 218410
262 169789 152788 46264 215573
263 166585 151301 45650 213796
264 165282 148538 44889 210166
265 163772 147693 44438 208263
266 162378 146078 44070 206527
267 159742 145072 43514 205501
268 158219 143450 43248 202341
269 156756 141903 42568 200482
270 155168 140294 42425 197880
271 154046 138764 41493 195746
272 151430 137506 41348 194100
273 149399 135149 40520 191009
274 147945 133769 40330 189109
275 146194 132300 39458 186421
276 144697 130666 39290 184661
277 143200 129425 38927 182833
278 142103 128400 38485 180978
279 140929 127468 38291 179810
280 139406 126065 37532 178110
281 137615 124648 37384 175945
282 136520 123328 36825 174158
283 134755 122257 36431 172073
284 133192 120494 35861 169982
285 131869 118869 35215 167729
286 130332 117768 35333 166198
287 128904 116523 34790 164459
288 127154 115382 34372 162815
289 125744 113882 33949 160698
290 124469 112616 33792 159048
291 123466 111660 33272 157516
292 122421 110740 33185 156130
293 121676 110155 32410 155205
294 119761 109155 32603 153922
295 118048 107565 31765 151713
296 117102 106379 31234 149699
297 116348 105470 31292 148266
298 115053 104578 31067 146988
299 113663 103118 30765 145430
300 113160 102169 30575 143703
301 111404 101412 29572 142605
302 110594 99750 29492 141052
303 109472 99129 29208 139279
304 108468 98032 28672 137817
305 107080 97036 28513 137034
306 105400 96096 28263 135310
307 104352 94725 27753 133334
308 103118 93654 27750 131415
309 102283 91980 27145 129534
310 101436 91148 27351 128811
311 100011 90885 26365 127817
312 99097 89692 26452 126254
313 98461 88795 26158 124684
314 97032 88308 25757 123961
315 96083 86731 25464 121859
316 94474 86043 25083 120794
317 94531 84618 24725 119487
318 93339 84494 24617 119042
319 92460 83453 24374 117434
320 90881 83002 24125 116529
321 89850 81599 23733 114700
322 88876 80509 23800 113360
323 87811 79866 23294 112323
324 86876 78943 22752 111100
325 85556 77971 22701 109636
326 85256 76673 22495 107752
327 84150 76299 22320 107510
328 83735 75350 22150 105870
329 82722 75125 21933 105617
330 82083 74299 21721 104379
331 81251 73564 21365 103239
332 79969 72791 21164 102374
333 79431 71633 21203 100521
334 78931 71210 20701 99921
335 77942 70623 20577 99256
336 77518 69646 20270 97967
337 76536 69106 20305 97359
338 75732 68660 19855 96625
339 74663 68117 19397 95576
340 73450 66977 19524 93978
341 72969 65970 19101 92723
342 72366 65332 18957 91725
343 71896 64871 18807 91197
344 71023 64420 18633 90545
345 70120 63816 18289 89252
346 69290 62598 18288 88329
347 68644 62123 18091 87452
348 67359 61746 17750 86393
349 67065 60390 17298 84849
350 66151 60020 17438 84384
351 65780 59316 17192 83199
352 65177 58980 17037 82710
353 64837 58222 16885 81905
354 64227 57923 16726 81412
355 63094 57531 16681 80707
356 62985 56898 16302 79960
357 62183 56350 16161 79347
358 61036 55671 15908 78274
359 60535 54765 15896 76902
360 60035 54479 15631 76386
361 59680 54095 15408 75557
362 58086 53253 15415 74663
363 57785 52101 15274 73191
364 57423 51931 14939 72957
365 56804 51533 14706 72411
366 55782 50746 14867 71435
367 55287 50021 14727 70451
368 55167 49854 14308 69992
369 54861 49640 14276 69405
370 54211 49179 14076 69350
371 53893 48752 13977 68314
372 52809 48415 13865 67855
373 52282 47523 13689 66679
374 52122 47256 13439 66194
375 51429 46889 13426 65931
376 51215 46350 13237 64966
377 50685 46040 13139 64439
378 49869 45600 12962 64010
379 49420 44973 12807 63073
380 48828 44435 12649 62125
381 47967 43981 12580 61867
382 47564 43458 12333 60874
383 47416 42970 12225 60260
384 46702 42735 12119 59658
385 46698 41840 11892 58905
386 46114 41783 12033 58510
387 45609 41443 11634 58117
388 44742 41086 11488 57396
389 44587 40009 11501 56140
390 44366 39814 11337 55838
391 43925 39501 11305 55318
392 43076 39145 11247 54921
393 42693 38926 10919 54365
394 42448 38192 10748 53715
395 41822 37784 10676 53166
396 41252 37364 10569 52595
397 40832 36809 10470 51764
398 40416 36491 10476 51248
399 39750 36536 10162 51055
400 39542 35571 10124 50007
401 38983 35492 9964 49631
402 38512 34933 9894 49032
403 37656 34640 9603 48393
404 37289 34027 9588 47788
405 36767 33663 9437 47274
406 36485 32999 9453 46406
407 36317 32829 9196 45941
408 36226 32355 9259 45400
409 35943 32330 9288 45445
410 35858 32296 9211 45091
411 35700 32192 8906 44951
412 34926 31870 8993 44356
413 34374 31202 9085 43765
414 34081 30909 8815 43235
415 33749 30566 8565 42949
416 33576 30220 8449 42347
417 32861 29955 8421 42045
418 32473 29413 8471 41372
419 32222 29336 8170 40985
420 32099 28981 8170 40683
421 31603 28811 8196 40371
422 30875 28462 8011 39863
423 30876 27932 7976 39173
424 30530 27923 7849 39007
425 30364 27502 7665 38505
426 30481 27373 7731 38255
427 29782 27270 7579 38047
428 29433 26676 7440 37520
429 29286 26517 7358 37121
430 28986 26280 7356 36850
431 28664 26115 7339 36329
432 28154 25568 7199 35916
433 27560 25348 7173 35512
434 27111 25068 6926 34982
435 26878 24400 6934 34162
436 27121 24129 6767 33832
437 26777 24187 6893 33841
438 26645 23905 6818 33512
439 26317 23952 6827 33292
440 25947 23551 6686 33001
441 25744 23387 6553 32832
442 25617 23182 6561 32346
443 25223 22809 6443 32030
444 25066 22537 6531 31803
445 24970 22542 6061 31629
446 24705 22408 6364 31428
447 24455 22226 6155 31273
448 24303 22132 6178 30770
449 23711 21916 6000 30626
450 23477 21355 6111 29975
451 23285 21273 5888 29770
452 22886 21102 5896 29617
453 22853 20767 5735 29110
454 22504 20648 5644 28868
455 22671 20372 5685 28384
456 22556 20444 5657 28609
457 22255 20252 5498 28255
458 21966 19958 5508 28013
459 21429 19754 5454 27538
460 21170 19349 5443 27056
461 21367 19193 5241 26856
462 20932 19129 5395 26672
463 20841 18809 5097 26465
464 20734 18769 5278 26262
465 20366 18692 5010 25837
466 20336 18051 5106 25367
467 19953 18219 5148 25258
468 19790 17866 5015 25022
469 19825 17688 4938 24787
470 19432 17792 4950 24801
471 19162 17445 4785 24480
472 18943 17193 4643 23921
473 18421 17041 4651 23742
474 18133 16462 4712 23032
475 18282 16155 4623 22880
476 17941 16520 4472 23015
477 17962 16158 4362 22581
478 17472 15937 4603 22398
479 17253 15803 4263 22209
480 17360 15709 4406 21883
481 17057 15736 4301 21850
482 17118 15410 4193 21587
483 16720 15268 4290 21365
484 16723 14891 4116 20905
485 16629 14956 4073 20930
486 16324 14804 4185 20666
487 16296 14560 3911 20225
488 15948 14331 3957 20167
489 15747 14115 3977 19796
490 15727 14138 4005 19709
491 15664 14164 3927 19691
492 15516 13925 3933 19604
493 15414 13925 3949 19470
494 15025 13831 3840 19296
495 14686 13428 3668 18893
496 14842 13173 3649 18567
497 14528 13253 3648 18529
498 14234 12835 3686 18135
499 14535 12776 3646 17972
500 14380 12994 3535 18101
501 14304 12745 3436 18009
502 14095 12793 3452 17882
503 13799 12636 3348 17616
504 13702 12380 3393 17360
505 13627 12307 3442 17076
506 13388 12280 3398 17104
507 13148 12063 3401 16735
508 13042 11893 3336 16627
509 12829 11905 3201 16574
510 12781 11570 3270 16159
511 12566 11531 3181 16212
512 12489 11415 3117 15954
513 12459 11199 3048 15714
514 12618 11095 2970 15507
515 12209 11274 3172 15738
516 11982 11081 2919 15330
517 11856 10813 3004 15095
518 11742 10657 2943 14867
519 11536 10569 2927 14860
520 11305 10558 2890 14624
521 11120 10235 2795 14402
522 11209 10013 2821 14053
523 11025 10088 2838 14079
524 10787 9946 2707 13966
525 10861 9613 2717 13495
526 10581 9736 2676 13692
527 10636 9677 2651 13414
528 10495 9577 2629 13383
529 10515 9464 2534 13251
530 10417 9415 2601 13141
531 10232 9356 2579 13110
532 10220 9412 2595 13108
533 10276 9387 2493 12949
534 10009 9279 2422 12965
535 9868 8991 2455 12552
536 9829 8853 2444 12368
537 9628 8895 2317 12471
538 9259 8656 2349 12041
539 9237 8242 2341 11635
540 8959 8292 2325 11686
541 8928 8175 2217 11430
542 8952 8084 2258 11392
543 8901 8121 2188 11358
544 8768 8058 2250 11221
545 8759 7930 2202 11139
546 8744 7981 2161 11083
547 8531 7926 2089 11026
548 8398 7694 2175 10700
549 8305 7660 2083 10610
550 8360 7444 2110 10369
551 8422 7463 1976 10497
552 8258 7593 1983 10557
553 8133 7382 1995 10296
554 7895 7312 1941 10188
555 8025 7074 2013 9925
556 7942 7237 1917 10145
557 7684 7152 1869 9886
558 7409 6831 1943 9609
559 7482 6640 1863 9386
560 7304 6706 1835 9386
561 7285 6557 1775 9159
562 7278 6549 1801 9153
563 7134 6581 1843 9094
564 7247 6511 1785 9117
565 7214 6633 1765 9264
566 7218 6579 1675 9089
567 7069 6370 1714 8916
568 6985 6281 1721 8823
569 6805 6231 1675 8794
570 6902 6177 1723 8555
571 6889 6209 1689 8640
572 6793 6283 1704 8702
573 6738 6163 1589 8539
574 6710 5972 1588 8300
575 6570 5930 1579 8295
576 6412 5845 1619 8138
577 6240 5727 1535 8009
578 6241 5533 1511 7822
579 6111 5674 1525 7887
580 6107 5442 1495 7643
581 6028 5508 1510 7741
582 5891 5562 1472 7693
583 6008 5394 1454 7484
584 5879 5357 1498 7452
585 5699 5310 1407 7374
586 5868 5085 1423 7214
587 5777 5228 1419 7296
588 5655 5167 1364 7163
589 5427 4956 1397 7039
590 5354 4843 1296 6842
591 5442 4845 1301 6792
592 5272 4866 1348 6751
593 5289 4717 1265 6648
594 5192 4749 1234 6597
595 5116 4646 1254 6514
596 4991 4665 1240 6479
597 5042 4524 1158 6320
598 4992 4499 1248 6285
599 4853 4538 1196 6332
600 4829 4475 1200 6198
601 4882 4411 1178 6084
602 4742 4432 1121 6160
603 4728 4302 1202 5952
604 4734 4267 1118 5855
605 4670 4238 1131 5971
606 4736 4222 1164 5800
607 4721 4210 1116 5926
608 4606 4240 1069 5912
609 4434 4072 1119 5607
610 4523 3948 1057 5585
611 4435 4135 1085 5692
612 4273 3971 1009 5550
613 4247 3836 987 5440
614 4093 3832 989 5338
615 4154 3780 958 5297
616 4258 3784 967 5229
617 4108 3767 1002 5197
618 3942 3609 980 5058
619 3838 3523 959 4889
620 3873 3463 928 4798
621 3825 3371 943 4771
622 3882 3393 974 4725
623 3824 3380 942 4761
624 3887 3383 948 4733
625 3771 3457 926 4798
626 3828 3478 952 4840
627 3768 3529 866 4828
628 3866 3407 883 4695
629 3705 3410 929 4776
630 3691 3318 883 4611
631 3683 3283 831 4568
632 3616 3241 876 4535
633 3527 3174 859 4426
634 3427 3098 922 4341
635 3397 3144 867 4379
636 3449 3049 819 4234
637 3476 3062 805 4258
638 3409 3094 891 4292
639 3337 3080 864 4243
640 3372 3060 849 4254
641 3305 3096 824 4247
642 3182 2991 761 4110
643 3230 2795 793 3917
644 3177 2802 773 4001
645 3098 2818 747 3949
646 3085 2744 763 3833
647 2989 2713 762 3781
648 2993 2614 642 3730
649 3006 2611 724 3645
650 2965 2693 728 3713
651 2909 2648 760 3672
652 2941 2647 687 3661
653 2895 2587 729 3642
654 2842 2576 664 3644
655 2633 2523 688 3547
656 2718 2431 642 3397
657 2775 2468 646 3435
658 2700 2500 649 3475
659 2707 2455 653 3401
660 2630 2382 659 3355
661 2656 2403 651 3368
662 2721 2404 613 3350
663 2639 2420 643 3366
664 2570 2340 672 3246
665 2558 2350 595 3261
666 2533 2306 588 3214
667 2545 2248 596 3152
668 2511 2273 598 3169
669 2334 2253 595 3098
670 2303 2113 588 2956
671 2291 2094 512 2928
672 2273 2073 542 2937
673 2313 2107 563 2917
674 2238 2078 571 2851
675 2203 2008 529 2803
676 2249 1963 597 2751
677 2099 2062 533 2867
678 2204 1932 495 2679
679 2224 2020 529 2780
680 2175 2032 496 2816
681 2224 1925 559 2774
682 2242 2058 519 2817
683 2111 2081 498 2813
684 2126 1939 524 2677
685 2128 1958 483 2707
686 2129 1917 468 2678
687 2040 1893 516 2626
688 2010 1859 491 2542
689 1988 1813 456 2547
690 2041 1795 465 2432
691 1982 1796 473 2540
692 1913 1789 466 2468
693 1855 1718 479 2407
694 1928 1674 458 2360
695 1923 1757 460 2391
696 1903 1728 458 2388
697 1798 1697 470 2375
698 1826 1597 486 2231
699 1803 1655 430 2327
700 1778 1635 380 2289
701 1758 1564 451 2225
702 1754 1569 410 2184
703 1719 1578 452 2223
704 1775 1594 406 2200
705 1674 1641 419 2234
706 1682 1496 392 2109
707 1583 1507 387 2097
708 1573 1430 399 2025
709 1604 1407 397 1974
710 1603 1397 378 2019
711 1627 1460 400 2021
712 1661 1458 376 2032
713 1623 1472 385 2076
714 1568 1453 357 2010
715 1503 1375 353 1954
716 1546 1315 406 1843
717 1569 1409 344 1921
718 1492 1401 361 1969
719 1479 1352 358 1882
720 1568 1320 313 1832
721 1523 1345 368 1878
722 1516 1318 327 1860
723 1457 1344 352 1836
724 1396 1295 319 1771
725 1361 1207 339 1709
726 1343 1202 315 1652
727 1300 1196 309 1676
728 1290 1106 297 1601
729 1402 1143 312 1609
730 1359 1195 330 1702
731 1307 1219 302 1670
732 1321 1182 319 1654
733 1257 1219 322 1691
734 1194 1155 297 1587
735 1237 1111 321 1545
736 1194 1135 290 1574
737 1199 1086 293 1534
738 1192 1094 293 1496
739 1195 1083 280 1498
740 1123 1033 295 1459
741 1198 1000 294 1398
742 1130 1094 278 1506
743 1129 1037 281 1426
744 1130 1001 255 1412
745 1114 981 272 1367
746 1136 986 258 1392
747 1072 1008 243 1411
748 1024 966 283 1384
749 1039 955 245 1309
750 1088 934 226 1321
751 1034 917 247 1280
752 1007 864 257 1232
753 1004 903 263 1260
754 998 920 235 1286
755 942 891 214 1281
756 966 838 221 1203
757 935 893 243 1236
758 980 884 227 1221
759 883 893 240 1230
760 880 800 205 1140
761 911 800 239 1122
762 918 836 229 1134
763 931 840 209 1157
764 896 867 224 1165
765 855 781 214 1090
766 825 761 229 1075
767 845 729 204 1016
768 882 724 210 1056
769 932 782 190 1111
770 953 828 219 1146
771 919 839 206 1159
772 850 808 215 1116
773 837 783 190 1065
774 861 757 195 1029
775 875 735 206 1021
776 851 776 200 1091
777 797 789 219 1087
778 795 729 198 1008
779 791 694 180 982
780 772 663 180 951
781 786 667 205 955
782 758 724 162 987
783 713 657 199 917
784 706 634 173 882
785 685 645 179 907
786 686 631 165 885
787 674 638 176 877
788 696 639 159 868
789 689 609 165 843
790 661 595 178 823
791 665 586 163 839
792 654 602 151 820
793 664 586 153 816
794 686 605 166 835
795 653 643 177 869
796 680 604 169 834
797 690 609 149 843
798 730 577 157 814
799 651 600 193 865
800 625 596 149 848
801 676 587 151 832
802 638 626 150 840
803 601 565 180 785
804 563 573 125 817
805 601 521 138 752
806 602 530 152 748
807 592 529 132 741
808 573 543 132 732
809 564 507 129 711
810 569 495 131 685
811 541 507 133 720
812 552 514 131 692
813 566 529 134 744
814 518 501 135 703
815 555 469 122 658
816 557 492 132 674
817 533 464 120 671
818 545 480 108 685
819 523 502 121 684
820 541 489 121 673
821 539 496 112 694
822 504 465 114 643
823 542 452 114 625
824 537 479 119 653
825 535 467 124 631
826 503 472 115 635
827 506 428 119 627
828 519 468 106 629
829 446 468 107 635
830 440 381 107 545
831 418 397 109 530
832 437 357 119 520
833 466 402 107 561
834 412 428 110 589
835 453 391 112 534
836 397 420 115 575
837 398 381 97 520
838 380 389 95 524
839 371 340 93 476
840 427 299 100 453
841 398 374 101 518
842 409 367 80 506
843 428 364 91 507
844 400 385 80 519
845 450 341 104 492
846 416 400 103 537
847 367 361 113 521
848 398 360 104 479
849 369 380 95 523
850 365 349 99 482
851 355 348 78 478
852 389 327 80 440
853 400 340 109 484
854 352 386 97 520
855 386 335 99 445
856 367 352 79 482
857 377 334 86 467
858 336 324 90 462
859 330 299 87 421
860 289 301 78 419
861 320 272 60 402
862 348 295 91 406
863 333 316 74 416
864 339 297 98 427
865 345 325 72 435
866 307 303 83 415
867 319 263 76 377
868 295 292 77 393
869 322 270 64 368
870 325 276 67 383
871 315 276 81 403
872 267 297 58 401
873 302 252 67 341
874 283 273 73 363
875 291 254 75 367
876 296 282 80 376
877 287 269 62 380
878 297 261 74 375
879 326 280 60 391
880 347 303 69 411
881 312 299 74 406
882 320 260 59 365
883 294 266 71 371
884 301 257 63 363
885 297 278 55 381
886 284 267 68 371
887 279 266 62 352
888 224 250 52 354
889 216 211 63 305
890 214 218 54 319
891 268 226 54 294
892 268 270 66 363
893 221 279 50 363
894 257 213 44 303
895 245 227 40 299
896 240 203 50 287
897 218 209 58 297
898 232 208 63 284
899 234 233 59 293
900 222 210 62 295
901 246 202 46 293
902 243 220 47 302
903 235 207 49 287
904 246 207 56 277
905 208 223 53 299
906 211 187 54 275
907 203 204 48 261
908 202 173 58 242
909 209 176 45 255
910 177 189 64 266
911 186 186 36 255
912 194 177 45 239
913 171 176 49 253
914 190 158 47 223
915 216 170 42 238
916 190 186 58 259
917 171 164 42 221
918 165 165 48 231
919 163 156 36 240
920 169 165 36 211
921 156 151 47 206
922 168 147 43 193
923 185 150 35 211
924 183 156 47 234
925 202 168 34 236
926 198 175 41 231
927 166 171 47 234
928 152 155 37 217
929 159 145 43 206
930 151 150 42 215
931 164 148 28 200
932 153 135 34 196
933 139 136 34 191
934 147 122 35 181
935 134 127 30 188
936 142 130 28 172
937 143 122 33 167
938 138 122 40 169
939 139 128 37 183
940 176 126 29 175
941 144 151 41 209
942 122 140 39 189
943 138 112 28 158
944 114 131 46 181
945 136 116 40 169
946 149 148 43 197
947 134 143 29 188
948 161 129 40 192
949 152 164 39 205
950 146 150 28 207
951 151 144 36 205
952 125 134 45 183
953 128 132 33 186
954 141 119 32 166
955 140 128 22 181
956 127 118 30 170
957 134 113 29 161
958 131 123 34 169
959 104 121 26 170
960 98 104 25 151
961 112 100 30 152
962 110 123 29 162
963 115 97 24 140
964 108 90 26 141
965 110 90 21 127
966 125 107 30 149
967 135 115 25 147
968 111 116 39 145
969 93 86 34 125
970 111 99 20 138
971 109 107 24 137
972 112 92 29 126
973 102 100 29 131
974 106 92 21 123
975 109 91 29 130
976 110 107 31 143
977 106 102 23 144
978 117 99 27 132
979 102 107 32 141
980 130 89 29 124
981 130 111 28 156
982 107 116 24 155
983 98 97 30 143
984 81 96 16 140
985 80 81 25 117
986 87 91 24 119
987 121 88 29 119
988 100 114 22 151
989 95 92 22 127
990 100 89 25 125
991 103 97 30 131
992 97 106 26 141
993 95 109 24 142
994 118 100 32 134
995 106 111 21 154
996 102 95 22 125
997 91 91 28 114
998 98 72 13 108
999 89 82 20 122
1000 78 72 18 108
1001 86 68 18 92
1002 91 69 15 101
1003 87 82 30 118
1004 88 80 21 107
1005 75 75 22 106
1006 81 63 16 98
1007 98 64 20 101
1008 89 72 27 109
1009 104 69 15 111
1010 82 89 26 128
1011 95 81 21 110
1012 79 80 33 112
1013 74 82 26 117
1014 79 83 12 119
1015 93 78 25 106
1016 88 93 20 121
1017 98 90 17 116
1018 82 81 14 114
1019 76 67 22 98
1020 66 66 17 105
1021 62 69 11 95
1022 61 62 22 85
1023 60 60 17 77
1024 65 59 12 82
1025 74 46 20 73
1026 73 62 21 87
1027 85 62 17 88
1028 77 70 18 107
1029 68 66 13 86
1030 71 56 11 83
1031 83 58 24 82
1032 67 78 19 108
1033 69 67 15 91
1034 59 65 13 91
1035 58 57 13 84
1036 72 62 19 79
1037 62 67 19 85
1038 77 57 9 79
1039 63 55 16 80
1040 68 46 20 78
1041 67 73 20 96
1042 75 75 13 97
1043 76 75 13 99
1044 55 72 19 98
1045 60 63 21 91
1046 73 63 11 82
1047 79 68 12 87
1048 83 64 17 82
1049 86 64 13 91
1050 72 62 14 86
1051 66 57 17 76
1052 46 53 16 83
1053 43 49 13 69
1054 36 46 12 66
1055 59 42 8 57
1056 65 63 16 84
1057 67 68 9 86
1058 63 60 13 78
1059 50 55 13 72
1060 51 42 17 60
1061 36 52 12 68
1062 55 38 16 61
1063 60 57 12 78
1064 73 65 10 88
1065 39 69 14 91
1066 30 45 11 62
1067 54 33 11 47
1068 55 46 12 61
1069 43 41 17 63
1070 53 36 10 52
1071 58 44 13 67
1072 50 50 14 66
1073 54 46 12 63
1074 46 52 13 67
1075 48 50 10 67
1076 61 42 13 59
1077 58 57 14 81
1078 49 59 14 77
1079 54 56 11 74
1080 72 57 11 82
1081 53 69 8 91
1082 53 41 14 59
1083 42 40 12 58
1084 40 32 12 54
1085 49 38 12 54
1086 44 41 10 57
1087 43 40 12 52
1088 40 39 9 60
1089 38 39 8 59
1090 47 37 7 51
1091 40 40 12 57
1092 38 40 13 47
1093 37 36 10 55
1094 41 37 4 48
1095 53 35 9 43
1096 45 41 8 58
1097 31 34 9 51
1098 36 30 5 47
1099 34 41 11 52
1100 31 38 12 50
1101 26 33 6 39
1102 26 25 6 32
1103 25 20 12 31
1104 31 24 9 34
1105 25 33 7 42
1106 34 25 4 36
1107 40 31 3 45
1108 24 34 10 42
1109 15 19 6 25
1110 25 13 8 22
1111 22 24 6 34
1112 23 24 2 34
1113 28 24 5 36
1114 26 25 5 31
1115 23 22 8 29
1116 14 24 3 31
1117 38 16 7 20
1118 29 34 6 45
1119 28 27 12 35
1120 18 34 5 39
1121 20 24 5 32
1122 22 26 4 32
1123 25 24 6 27
1124 22 20 5 32
1125 28 20 3 26
1126 22 17 7 23
1127 20 16 5 27
1128 26 18 4 28
1129 27 28 8 34
1130 22 24 3 35
1131 19 17 4 27
1132 22 16 6 22
1133 18 19 5 29
1134 24 17 5 26
1135 25 20 4 29
1136 24 18 7 25
1137 17 19 6 26
1138 23 17 7 24
1139 33 19 5 25
1140 32 27 8 39
1141 31 28 5 37
1142 23 24 4 32
1143 20 19 5 27
1144 26 17 7 26
1145 14 26 3 31
1146 13 8 5 11
1147 20 11 1 21
1148 22 21 6 26
1149 23 23 2 31
1150 14 24 8 30
1151 17 12 2 22
1152 24 16 4 22
1153 14 21 4 28
1154 14 16 2 23
1155 19 16 4 19
1156 9 18 5 23
1157 9 9 3 11
1158 11 10 2 11
1159 11 11 0 16
1160 19 9 2 11
1161 16 13 5 16
1162 13 11 2 16
1163 7 10 3 17
1164 9 7 2 10
1165 9 5 6 10
1166 14 6 3 11
1167 12 12 2 21
1168 10 11 2 15
1169 16 8 3 14
1170 21 12 2 17
1171 26 16 3 25
1172 24 22 4 26
1173 22 20 4 33
1174 18 22 4 26
1175 15 13 3 19
1176 11 10 2 20
1177 15 9 3 16
1178 22 15 3 19
1179 23 15 8 20
1180 19 17 6 25
1181 17 21 4 29
1182 19 18 4 21
1183 17 15 4 17
1184 14 12 1 22
1185 6 13 5 17
1186 15 9 6 12
1187 14 19 2 26
1188 15 18 4 23
1189 12 16 3 22
1190 11 18 2 21
1191 14 14 1 15
1192 14 13 5 18
1193 11 13 2 17
1194 13 7 1 13
1195 10 14 8 18
1196 6 10 3 11
1197 10 6 1 11
1198 12 7 2 10
1199 8 9 3 11
1200 8 4 4 8
1201 8 6 3 9
1202 4 7 2 13
1203 7 8 4 8
1204 2 10 4 11
1205 5 3 1 5
1206 7 7 1 10
1207 12 6 2 7
1208 11 8 0 13
1209 8 6 1 13
1210 6 7 2 10
1211 5 6 2 6
1212 5 3 1 6
1213 6 6 0 6
1214 6 3 1 7
1215 4 4 1 6
1216 8 3 0 8
1217 6 6 3 9
1218 4 6 1 12
1219 7 8 0 12
1220 8 10 3 13
1221 5 10 2 11
1222 7 7 2 8
1223 8 6 2 9
1224 4 6 2 8
1225 5 4 0 8
1226 12 5 1 7
1227 11 11 2 12
1228 8 9 5 12
1229 7 10 1 13
1230 3 8 1 10
1231 11 3 0 5
1232 6 10 4 12
1233 4 7 0 11
1234 5 8 1 11
1235 2 5 2 6
1236 3 2 2 3
1237 2 4 0 6
1238 7 3 0 4
1239 2 3 3 6
1240 3 1 2 3
1241 6 3 0 4
1242 6 3 2 5
1243 15 5 1 9
1244 12 12 0 15
1245 0 8 3 12
1246 0 2 0 2
1247 6 2 1 2
1248 4 5 0 6
1249 3 2 0 5
1250 5 2 3 3
1251 7 2 1 4
1252 3 6 2 8
1253 6 3 0 3
1254 10 3 1 7
1255 7 5 2 7
1256 4 1 1 7
1257 9 5 0 8
1258 3 9 2 11
1259 7 2 5 3
1260 7 8 0 10
1261 3 7 1 10
1262 7 2 2 3
1263 2 5 2 6
1264 7 2 1 2
1265 8 6 2 9
1266 7 6 2 6
1267 11 4 2 4
1268 14 7 0 11
1269 7 10 2 13
1270 9 3 1 5
1271 10 5 2 10
1272 5 6 2 10
1273 7 4 0 5
1274 8 6 1 8
1275 2 4 2 7
1276 4 3 0 3
1277 9 2 0 4
1278 4 6 2 8
1279 3 2 0 3
1280 4 2 1 5
1281 6 2 1 4
1282 5 5 1 7
1283 8 3 1 4
1284 7 5 2 7
1285 6 5 0 7
1286 10 3 1 9
1287 6 8 2 9
1288 1 6 2 8
1289 4 3 0 4
1290 2 2 1 4
1291 3 1 0 3
1292 4 3 1 4
1293 5 2 0 4
1294 7 5 0 8
1295 3 7 1 7
1296 3 2 1 2
1297 3 1 1 2
1298 1 2 2 2
1299 3 2 0 3
1300 3 4 0 5
1301 2 3 1 5
1302 7 4 0 4
1303 8 5 2 6
1304 4 6 3 6
1305 5 5 0 6
1306 5 6 0 7
1307 4 4 1 6
1308 1 3 1 4
1309 1 2 1 3
1310 1 1 0 3
1311 4 1 0 1
1312 8 2 0 3
1313 2 6 0 9
1314 3 2 0 2
1315 1 1 1 4
1316 1 1 0 1
1317 0 0 0 2
1318 0 0 1 1
1319 0 1 0 1
1321 1 0 0 0
1322 0 0 0 1
1323 2 0 0 0
1324 1 2 1 2
1325 2 1 0 2
1326 0 2 1 3
1327 1 2 0 3
1328 0 2 0 2
1329 0 0 0 1
1330 0 1 0 1
1331 1 1 0 1
1332 3 2 0 2
1333 3 1 1 1
1334 1 1 0 2
1335 0 0 0 1
1339 1 0 0 0
1340 2 0 0 0
1341 3 1 0 1
1342 1 1 1 1
1343 0 0 0 1
1344 1 0 0 0
1345 1 1 0 1
1346 2 0 1 0
1347 1 2 0 3
1348 5 2 0 2
1349 4 5 0 6
1350 4 4 0 5
1351 3 4 0 4
1352 4 2 0 3
1353 3 3 1 3
1354 4 1 1 2
1355 6 3 1 4
1356 6 6 0 9
1357 7 4 2 4
1358 3 4 0 9
1359 0 3 1 5
1360 0 3 0 3
1361 1 0 0 1
1362 0 2 0 2
1363 2 0 0 1
1364 1 2 1 2
1365 1 2 0 2
1366 2 2 0 3
1367 2 3 0 3
1368 0 2 0 3
1369 4 1 0 1
1370 3 2 1 2
1371 3 1 2 3
1372 4 3 1 4
1373 0 4 0 5
1374 0 0 0 1
1375 0 1 1 1
1376 0 1 0 1
1377 0 0 0 3
1380 0 0 0 1
1381 0 1 0 1
1382 1 0 0 0
1383 2 0 0 0
1384 2 1 0 1
1385 2 1 0 1
1386 1 0 0 1
1387 1 0 0 0
1388 3 0 0 1
1389 5 2 1 2
1390 0 4 0 6
1391 0 1 0 1
1395 2 0 0 0
1396 1 1 0 1
1397 1 0 0 0
1398 1 0 0 1
1399 0 0 1 0
1401 1 0 0 0
1402 1 1 0 1
1403 1 1 0 1
1404 2 0 0 0
1405 4 0 0 0
1406 3 2 0 2
1407 1 1 2 1
1408 3 0 0 1
1409 5 2 0 2
1410 2 3 0 5
1411 4 1 1 1
1412 2 2 1 2
1413 1 0 0 1
1414 1 0 0 1
1415 0 1 1 1
1417 0 0 0 1
1418 0 1 0 1
1423 2 0 2 0
1424 3 2 0 2
1425 2 2 0 3
1426 4 1 0 2
1427 2 2 1 3
1428 2 1 1 1
1429 1 2 0 3
1430 0 1 1 2
1431 1 1 1 3
1432 3 4 1 5
1433 1 5 0 5
1434 5 3 0 3
1435 2 5 1 6
1436 0 2 0 2
1437 0 0 0 2
1439 0 0 0 1
1442 1 0 0 1
1443 0 1 0 1
1447 2 0 0 0
1448 1 1 1 2
1449 0 2 0 3
1454 2 0 0 0
1455 0 2 0 3
1456 1 0 0 0
1457 0 1 0 2
1458 0 1 0 1
1459 1 0 0 0
1460 0 1 0 2
1461 0 1 0 1
1465 0 0 0 1
1466 1 1 0 1
1467 0 1 0 1
1497 0 0 1 0
1499 0 0 0 1
1500 0 1 0 1
1501 0 1 0 1
1502 1 1 0 1
1503 0 2 0 2
1505 0 0 1 0
1507 1 0 0 0
1508 3 0 0 0
1509 1 2 0 3
1510 0 1 0 1
1528 1 0 1 0
1529 2 0 0 0
1530 4 1 1 2
1531 3 5 0 5
1532 1 3 0 4
1533 0 1 0 1
1567 0 0 1 0
1568 0 1 1 1
1569 0 2 0 2
1570 0 1 1 1
1571 1 0 0 0
1572 1 1 0 2
1573 1 1 0 1
1574 1 0 1 0
1575 2 1 0 1
1576 2 2 1 2
1577 4 1 0 1
1578 1 2 1 4
1579 1 2 0 2
1580 1 1 0 1
1581 0 0 1 0
1588 2 0 0 0
1589 1 1 2 1
1590 0 2 0 2
1591 0 1 0 1
1592 0 1 0 1
1599 0 0 1 1
1600 1 1 0 1
1601 1 1 0 2
1602 0 2 0 2
1603 2 0 0 0
1604 1 1 1 1
1605 0 1 0 1
1623 0 0 1 0
1624 0 1 0 1
1625 0 0 1 0
1626 0 1 0 1
1628 0 0 0 1
1635 0 0 0 1
1636 0 1 0 1
1637 0 1 0 1
1639 1 0 0 0
1640 1 1 0 1
1641 2 1 0 1
1642 0 2 0 3
1643 2 1 0 1
1644 0 2 0 3
1646 1 0 0 0
1647 1 0 0 0
1648 0 0 1 0
1649 0 0 0 1
1651 1 0 0 0
1652 0 0 0 1
1660 1 0 0 0
1661 1 1 0 1
1662 1 0 1 0
1663 2 0 0 0
1664 1 1 0 2
1665 1 0 0 0
1666 0 0 0 1
1669 0 0 0 1
1729 0 0 0 1
1730 0 1 0 1
1792 0 0 1 0
1793 2 1 1 1
1794 3 3 1 3
1795 0 4 1 5
1796 0 2 0 2
1797 4 1 0 1
1798 2 4 1 4
1799 2 2 0 3
1800 1 2 0 2
1801 0 1 0 1
1802 1 0 0 0
1803 0 0 0 1
1823 1 0 0 0
1824 1 1 1 2
1825 0 2 0 2
1826 0 1 0 2
1827 0 1 0 1
1828 0 1 0 1
1829 0 1 0 1
1830 0 1 0 1
