0 1.0 0.0
1 0.3954 0.6046
2 0.4989 0.5011
3 0.4893 0.5107
4 0.4866 0.5134
5 0.4849 0.5151
6 0.4849 0.5151
7 0.485 0.515
8 0.4843 0.5157
9 0.4832 0.5168
10 0.4835 0.5165
11 0.4824 0.5176
12 0.483 0.517
13 0.482 0.518
14 0.4823 0.5177
15 0.4803 0.5197
16 0.4812 0.5188
17 0.4793 0.5207
18 0.4807 0.5193
19 0.4814 0.5186
20 0.479 0.521
21 0.4793 0.5207
22 0.4787 0.5213
23 0.4806 0.5194
24 0.478 0.522
25 0.4784 0.5216
26 0.4784 0.5216
27 0.4787 0.5213
28 0.478 0.522
29 0.4792 0.5208
30 0.4772 0.5228
31 0.4788 0.5212
32 0.4781 0.5219
33 0.4775 0.5225
34 0.4779 0.5221
35 0.4789 0.5211
36 0.479 0.521
37 0.4776 0.5224
38 0.4798 0.5202
39 0.4795 0.5205
40 0.4783 0.5217
41 0.4791 0.5209
42 0.4792 0.5208
43 0.4788 0.5212
44 0.4788 0.5212
45 0.4795 0.5205
46 0.4786 0.5214
47 0.4796 0.5204
48 0.4784 0.5216
49 0.4806 0.5194
50 0.4808 0.5192
51 0.481 0.519
52 0.4804 0.5196
53 0.4807 0.5193
54 0.4792 0.5208
55 0.4797 0.5203
56 0.4827 0.5173
57 0.4799 0.5201
58 0.481 0.519
59 0.4803 0.5197
60 0.4817 0.5183
61 0.4837 0.5163
62 0.4809 0.5191
63 0.4824 0.5176
64 0.4809 0.5191
65 0.4834 0.5166
66 0.4796 0.5204
67 0.483 0.517
68 0.483 0.517
69 0.484 0.516
70 0.4836 0.5164
71 0.4824 0.5176
72 0.4797 0.5203
73 0.4805 0.5195
74 0.4812 0.5188
75 0.4821 0.5179
76 0.4822 0.5178
77 0.4838 0.5162
78 0.4803 0.5197
79 0.482 0.518
80 0.4866 0.5134
81 0.4814 0.5186
82 0.4842 0.5158
83 0.484 0.516
84 0.4814 0.5186
85 0.4843 0.5157
86 0.484 0.516
87 0.4819 0.5181
88 0.4842 0.5158
89 0.4842 0.5158
90 0.4835 0.5165
91 0.484 0.516
92 0.4824 0.5176
93 0.4869 0.5131
94 0.4874 0.5126
95 0.4842 0.5158
96 0.4843 0.5157
97 0.4851 0.5149
98 0.4867 0.5133
99 0.4818 0.5182
100 0.4841 0.5159
101 0.4859 0.5141
102 0.4842 0.5158
103 0.4853 0.5147
104 0.4849 0.5151
105 0.4868 0.5132
106 0.4852 0.5148
107 0.4857 0.5143
108 0.4861 0.5139
109 0.4849 0.5151
110 0.4856 0.5144
111 0.4855 0.5145
112 0.4876 0.5124
113 0.4871 0.5129
114 0.4872 0.5128
115 0.4851 0.5149
116 0.4868 0.5132
117 0.4861 0.5139
118 0.4875 0.5125
119 0.4895 0.5105
120 0.4872 0.5128
121 0.4848 0.5152
122 0.4861 0.5139
123 0.4861 0.5139
124 0.4862 0.5138
125 0.4842 0.5158
126 0.4862 0.5138
127 0.4877 0.5123
128 0.4857 0.5143
129 0.4887 0.5113
130 0.4846 0.5154
131 0.485 0.515
132 0.4875 0.5125
133 0.4851 0.5149
134 0.4879 0.5121
135 0.4897 0.5103
136 0.4887 0.5113
137 0.4861 0.5139
138 0.4854 0.5146
139 0.4889 0.5111
140 0.4897 0.5103
141 0.4852 0.5148
142 0.4846 0.5154
143 0.4896 0.5104
144 0.4846 0.5154
145 0.4882 0.5118
146 0.4917 0.5083
147 0.4885 0.5115
148 0.4869 0.5131
149 0.488 0.512
150 0.4863 0.5137
151 0.4859 0.5141
152 0.4878 0.5122
153 0.4863 0.5137
154 0.4877 0.5123
155 0.4829 0.5171
156 0.49 0.51
157 0.4872 0.5128
158 0.4865 0.5135
159 0.4922 0.5078
160 0.4859 0.5141
161 0.4895 0.5105
162 0.4885 0.5115
163 0.4882 0.5118
164 0.4884 0.5116
165 0.4882 0.5118
166 0.4849 0.5151
167 0.4903 0.5097
168 0.4885 0.5115
169 0.4891 0.5109
170 0.4875 0.5125
171 0.4894 0.5106
172 0.486 0.514
173 0.4846 0.5154
174 0.4892 0.5108
175 0.4858 0.5142
176 0.4911 0.5089
177 0.4921 0.5079
178 0.4882 0.5118
179 0.4901 0.5099
180 0.4883 0.5117
181 0.4881 0.5119
182 0.4892 0.5108
183 0.4938 0.5062
184 0.4891 0.5109
185 0.4899 0.5101
186 0.4858 0.5142
187 0.492 0.508
188 0.4894 0.5106
189 0.4905 0.5095
190 0.4939 0.5061
191 0.4887 0.5113
192 0.4898 0.5102
193 0.488 0.512
194 0.493 0.507
195 0.4907 0.5093
196 0.4871 0.5129
197 0.4926 0.5074
198 0.4938 0.5062
199 0.4898 0.5102
200 0.4907 0.5093
201 0.4926 0.5074
202 0.4893 0.5107
203 0.491 0.509
204 0.4936 0.5064
205 0.4931 0.5069
206 0.4906 0.5094
207 0.494 0.506
208 0.4874 0.5126
209 0.4934 0.5066
210 0.4893 0.5107
211 0.4853 0.5147
212 0.4878 0.5122
213 0.4897 0.5103
214 0.4929 0.5071
215 0.4954 0.5046
216 0.4867 0.5133
217 0.4912 0.5088
218 0.4884 0.5116
219 0.4901 0.5099
220 0.4871 0.5129
221 0.4909 0.5091
222 0.4876 0.5124
223 0.4906 0.5094
224 0.4891 0.5109
225 0.4901 0.5099
226 0.4949 0.5051
227 0.4914 0.5086
228 0.4922 0.5078
229 0.4924 0.5076
230 0.4953 0.5047
231 0.4909 0.5091
232 0.4935 0.5065
233 0.4939 0.5061
234 0.4944 0.5056
235 0.4906 0.5094
236 0.493 0.507
237 0.4959 0.5041
238 0.4938 0.5062
239 0.4925 0.5075
240 0.4921 0.5079
241 0.4964 0.5036
242 0.4903 0.5097
243 0.4958 0.5042
244 0.49 0.51
245 0.4926 0.5074
246 0.491 0.509
247 0.4906 0.5094
248 0.4936 0.5064
249 0.4914 0.5086
250 0.4932 0.5068
251 0.4886 0.5114
252 0.4928 0.5072
253 0.4965 0.5035
254 0.487 0.513
255 0.492 0.508
256 0.4973 0.5027
257 0.4945 0.5055
258 0.4973 0.5027
259 0.4901 0.5099
260 0.4946 0.5054
261 0.4907 0.5093
262 0.4965 0.5035
263 0.492 0.508
264 0.4953 0.5047
265 0.4884 0.5116
266 0.4906 0.5094
267 0.4881 0.5119
268 0.49 0.51
269 0.4937 0.5063
270 0.494 0.506
271 0.497 0.503
272 0.4895 0.5105
273 0.4873 0.5127
274 0.4879 0.5121
275 0.4901 0.5099
276 0.4924 0.5076
277 0.4995 0.5005
278 0.4979 0.5021
279 0.4925 0.5075
280 0.4932 0.5068
281 0.4922 0.5078
282 0.4927 0.5073
283 0.4964 0.5036
284 0.4895 0.5105
285 0.4987 0.5013
286 0.4938 0.5062
287 0.4962 0.5038
288 0.4922 0.5078
289 0.4918 0.5082
290 0.4922 0.5078
291 0.4941 0.5059
292 0.4972 0.5028
293 0.5016 0.4984
294 0.4918 0.5082
295 0.4911 0.5089
296 0.4966 0.5034
297 0.4909 0.5091
298 0.4961 0.5039
299 0.4952 0.5048
300 0.4939 0.5061
301 0.4922 0.5078
302 0.4967 0.5033
303 0.4922 0.5078
304 0.4933 0.5067
305 0.4964 0.5036
306 0.4899 0.5101
307 0.492 0.508
308 0.4962 0.5038
309 0.4993 0.5007
310 0.4966 0.5034
311 0.4857 0.5143
312 0.4952 0.5048
313 0.4882 0.5118
314 0.4946 0.5054
315 0.492 0.508
316 0.4953 0.5047
317 0.4973 0.5027
318 0.4937 0.5063
319 0.4935 0.5065
320 0.4944 0.5056
321 0.4973 0.5027
322 0.497 0.503
323 0.49 0.51
324 0.4915 0.5085
325 0.4933 0.5067
326 0.4941 0.5059
327 0.4915 0.5085
328 0.4945 0.5055
329 0.4919 0.5081
330 0.4982 0.5018
331 0.4851 0.5149
332 0.4921 0.5079
333 0.4936 0.5064
334 0.4939 0.5061
335 0.4909 0.5091
336 0.4982 0.5018
337 0.4911 0.5089
338 0.4967 0.5033
339 0.4898 0.5102
340 0.4889 0.5111
341 0.4947 0.5053
342 0.4912 0.5088
343 0.4987 0.5013
344 0.4925 0.5075
345 0.4913 0.5087
346 0.4854 0.5146
347 0.4963 0.5037
348 0.496 0.504
349 0.4865 0.5135
350 0.4985 0.5015
351 0.4944 0.5056
352 0.492 0.508
353 0.4962 0.5038
354 0.4937 0.5063
355 0.4929 0.5071
356 0.4952 0.5048
357 0.499 0.501
358 0.4967 0.5033
359 0.4916 0.5084
360 0.4936 0.5064
361 0.4983 0.5017
362 0.4934 0.5066
363 0.496 0.504
364 0.4928 0.5072
365 0.4925 0.5075
366 0.4949 0.5051
367 0.4934 0.5066
368 0.4932 0.5068
369 0.4951 0.5049
370 0.4876 0.5124
371 0.4929 0.5071
372 0.4964 0.5036
373 0.4946 0.5054
374 0.4969 0.5031
375 0.4978 0.5022
376 0.4944 0.5056
377 0.4967 0.5033
378 0.4984 0.5016
379 0.4974 0.5026
380 0.5002 0.4998
381 0.502 0.498
382 0.494 0.506
383 0.4895 0.5105
384 0.4946 0.5054
385 0.4977 0.5023
386 0.4978 0.5022
387 0.4991 0.5009
388 0.4968 0.5032
389 0.4924 0.5076
390 0.4921 0.5079
391 0.4922 0.5078
392 0.4949 0.5051
393 0.4895 0.5105
394 0.4925 0.5075
395 0.492 0.508
396 0.4988 0.5012
397 0.4921 0.5079
398 0.4972 0.5028
399 0.4937 0.5063
400 0.4944 0.5056
401 0.4943 0.5057
402 0.4949 0.5051
403 0.4898 0.5102
404 0.4998 0.5002
405 0.4924 0.5076
406 0.4967 0.5033
407 0.4976 0.5024
408 0.4987 0.5013
409 0.5014 0.4986
410 0.494 0.506
411 0.4993 0.5007
412 0.4932 0.5068
413 0.4982 0.5018
414 0.4913 0.5087
415 0.492 0.508
416 0.493 0.507
417 0.4957 0.5043
418 0.4972 0.5028
419 0.4955 0.5045
420 0.4908 0.5092
421 0.4954 0.5046
422 0.4959 0.5041
423 0.4957 0.5043
424 0.5009 0.4991
425 0.5025 0.4975
426 0.5012 0.4988
427 0.4998 0.5002
428 0.4963 0.5037
429 0.4977 0.5023
430 0.498 0.502
431 0.4957 0.5043
432 0.4998 0.5002
433 0.4927 0.5073
434 0.4947 0.5053
435 0.496 0.504
436 0.4972 0.5028
437 0.5033 0.4967
438 0.4966 0.5034
439 0.4993 0.5007
440 0.5021 0.4979
441 0.4942 0.5058
442 0.4986 0.5014
443 0.4894 0.5106
444 0.4954 0.5046
445 0.4961 0.5039
446 0.4958 0.5042
447 0.4904 0.5096
448 0.4913 0.5087
449 0.494 0.506
450 0.491 0.509
451 0.4888 0.5112
452 0.5003 0.4997
453 0.4944 0.5056
454 0.489 0.511
455 0.4939 0.5061
456 0.4924 0.5076
457 0.5 0.5
458 0.4901 0.5099
459 0.5005 0.4995
460 0.4939 0.5061
461 0.496 0.504
462 0.502 0.498
463 0.4922 0.5078
464 0.5024 0.4976
465 0.489 0.511
466 0.4954 0.5046
467 0.4864 0.5136
468 0.4979 0.5021
469 0.4937 0.5063
470 0.5024 0.4976
471 0.4968 0.5032
472 0.489 0.511
473 0.4945 0.5055
474 0.496 0.504
475 0.4956 0.5044
476 0.504 0.496
477 0.4922 0.5078
478 0.4902 0.5098
479 0.4986 0.5014
480 0.4905 0.5095
481 0.4972 0.5028
482 0.504 0.496
483 0.4872 0.5128
484 0.4936 0.5064
485 0.4992 0.5008
486 0.4909 0.5091
487 0.4932 0.5068
488 0.4994 0.5006
489 0.4994 0.5006
490 0.4925 0.5075
491 0.4907 0.5093
492 0.4931 0.5069
493 0.4945 0.5055
494 0.4887 0.5113
495 0.4982 0.5018
496 0.496 0.504
497 0.4897 0.5103
498 0.4909 0.5091
499 0.4999 0.5001
500 0.5003 0.4997
501 0.4949 0.5051
502 0.4912 0.5088
503 0.4895 0.5105
504 0.4924 0.5076
505 0.4974 0.5026
506 0.4909 0.5091
507 0.4917 0.5083
508 0.5013 0.4987
509 0.4995 0.5005
510 0.4921 0.5079
511 0.4924 0.5076
512 0.5001 0.4999
513 0.4953 0.5047
514 0.5029 0.4971
515 0.5011 0.4989
516 0.4939 0.5061
517 0.4955 0.5045
518 0.4995 0.5005
519 0.4904 0.5096
520 0.5064 0.4936
521 0.5045 0.4955
522 0.4912 0.5088
523 0.4985 0.5015
524 0.5001 0.4999
525 0.4988 0.5012
526 0.5012 0.4988
527 0.5004 0.4996
528 0.4916 0.5084
529 0.4978 0.5022
530 0.4958 0.5042
531 0.5049 0.4951
532 0.4961 0.5039
533 0.5061 0.4939
534 0.4963 0.5037
535 0.5033 0.4967
536 0.497 0.503
537 0.4886 0.5114
538 0.4978 0.5022
539 0.4937 0.5063
540 0.4906 0.5094
541 0.4992 0.5008
542 0.4996 0.5004
543 0.5028 0.4972
544 0.5016 0.4984
545 0.494 0.506
546 0.4902 0.5098
547 0.5029 0.4971
548 0.4957 0.5043
549 0.4995 0.5005
550 0.5019 0.4981
551 0.5003 0.4997
552 0.5008 0.4992
553 0.4931 0.5069
554 0.5013 0.4987
555 0.5 0.5
556 0.4987 0.5013
557 0.4941 0.5059
558 0.4942 0.5058
559 0.4956 0.5044
560 0.4977 0.5023
561 0.4982 0.5018
562 0.507 0.493
563 0.5001 0.4999
564 0.4956 0.5044
565 0.4935 0.5065
566 0.4986 0.5014
567 0.4975 0.5025
568 0.4906 0.5094
569 0.5044 0.4956
570 0.4934 0.5066
571 0.5086 0.4914
572 0.4991 0.5009
573 0.4961 0.5039
574 0.5009 0.4991
575 0.4946 0.5054
576 0.5016 0.4984
577 0.4957 0.5043
578 0.4969 0.5031
579 0.4893 0.5107
580 0.4928 0.5072
581 0.4874 0.5126
582 0.4954 0.5046
583 0.4951 0.5049
584 0.4964 0.5036
585 0.4926 0.5074
586 0.4938 0.5062
587 0.5041 0.4959
588 0.4979 0.5021
589 0.4948 0.5052
590 0.4923 0.5077
591 0.5039 0.4961
592 0.5031 0.4969
593 0.4987 0.5013
594 0.4942 0.5058
595 0.4994 0.5006
596 0.4985 0.5015
597 0.4935 0.5065
598 0.5004 0.4996
599 0.5056 0.4944
600 0.4975 0.5025
601 0.4982 0.5018
602 0.498 0.502
603 0.5004 0.4996
604 0.4964 0.5036
605 0.4902 0.5098
606 0.4968 0.5032
607 0.4963 0.5037
608 0.4952 0.5048
609 0.4946 0.5054
610 0.5015 0.4985
611 0.5023 0.4977
612 0.5023 0.4977
613 0.4908 0.5092
614 0.4939 0.5061
615 0.4954 0.5046
616 0.4941 0.5059
617 0.4966 0.5034
618 0.4996 0.5004
619 0.5017 0.4983
620 0.4934 0.5066
621 0.4924 0.5076
622 0.4932 0.5068
623 0.4973 0.5027
624 0.4947 0.5053
625 0.499 0.501
626 0.5003 0.4997
627 0.4914 0.5086
628 0.4947 0.5053
629 0.4979 0.5021
630 0.5062 0.4938
631 0.4923 0.5077
632 0.5028 0.4972
633 0.4962 0.5038
634 0.499 0.501
635 0.4822 0.5178
636 0.4927 0.5073
637 0.4933 0.5067
638 0.4987 0.5013
639 0.5004 0.4996
640 0.4901 0.5099
641 0.5045 0.4955
642 0.5055 0.4945
643 0.5048 0.4952
644 0.4951 0.5049
645 0.4989 0.5011
646 0.4948 0.5052
647 0.4857 0.5143
648 0.4992 0.5008
649 0.4987 0.5013
650 0.4945 0.5055
651 0.486 0.514
652 0.5022 0.4978
653 0.4877 0.5123
654 0.4953 0.5047
655 0.4921 0.5079
656 0.496 0.504
657 0.4944 0.5056
658 0.493 0.507
659 0.4977 0.5023
660 0.5021 0.4979
661 0.4896 0.5104
662 0.4987 0.5013
663 0.5057 0.4943
664 0.4933 0.5067
665 0.4981 0.5019
666 0.4986 0.5014
667 0.494 0.506
668 0.4996 0.5004
669 0.4948 0.5052
670 0.4949 0.5051
671 0.503 0.497
672 0.5018 0.4982
673 0.505 0.495
674 0.4894 0.5106
675 0.4983 0.5017
676 0.4996 0.5004
677 0.4965 0.5035
678 0.502 0.498
679 0.4915 0.5085
680 0.4917 0.5083
681 0.4955 0.5045
682 0.5023 0.4977
683 0.498 0.502
684 0.5044 0.4956
685 0.4976 0.5024
686 0.495 0.505
687 0.4889 0.5111
688 0.495 0.505
689 0.4995 0.5005
690 0.4994 0.5006
691 0.4978 0.5022
692 0.4946 0.5054
693 0.4989 0.5011
694 0.4991 0.5009
695 0.4968 0.5032
696 0.4923 0.5077
697 0.5013 0.4987
698 0.4995 0.5005
699 0.4893 0.5107
700 0.4997 0.5003
701 0.4983 0.5017
702 0.4968 0.5032
703 0.5037 0.4963
704 0.5011 0.4989
705 0.4861 0.5139
706 0.4905 0.5095
707 0.4981 0.5019
708 0.5036 0.4964
709 0.4934 0.5066
710 0.4984 0.5016
711 0.4928 0.5072
712 0.5079 0.4921
713 0.5017 0.4983
714 0.4935 0.5065
715 0.4933 0.5067
716 0.5029 0.4971
717 0.4927 0.5073
718 0.4884 0.5116
719 0.5003 0.4997
720 0.5001 0.4999
721 0.5006 0.4994
722 0.4924 0.5076
723 0.5073 0.4927
724 0.4993 0.5007
725 0.4954 0.5046
726 0.4948 0.5052
727 0.4984 0.5016
728 0.5054 0.4946
729 0.4941 0.5059
730 0.5014 0.4986
731 0.5046 0.4954
732 0.498 0.502
733 0.4894 0.5106
734 0.4991 0.5009
735 0.5051 0.4949
736 0.4966 0.5034
737 0.4975 0.5025
738 0.5027 0.4973
739 0.5003 0.4997
740 0.4988 0.5012
741 0.4994 0.5006
742 0.5042 0.4958
743 0.4947 0.5053
744 0.4961 0.5039
745 0.4916 0.5084
746 0.4944 0.5056
747 0.4975 0.5025
748 0.5042 0.4958
749 0.4939 0.5061
750 0.4984 0.5016
751 0.4855 0.5145
752 0.501 0.499
753 0.503 0.497
754 0.4949 0.5051
755 0.497 0.503
756 0.4916 0.5084
757 0.499 0.501
758 0.4937 0.5063
759 0.5033 0.4967
760 0.4999 0.5001
761 0.4994 0.5006
762 0.5015 0.4985
763 0.5063 0.4937
764 0.503 0.497
765 0.5015 0.4985
766 0.4953 0.5047
767 0.4894 0.5106
768 0.4972 0.5028
769 0.4859 0.5141
770 0.5032 0.4968
771 0.4948 0.5052
772 0.4913 0.5087
773 0.4884 0.5116
774 0.4942 0.5058
775 0.4963 0.5037
776 0.493 0.507
777 0.4958 0.5042
778 0.5013 0.4987
779 0.5035 0.4965
780 0.499 0.501
781 0.4952 0.5048
782 0.4951 0.5049
783 0.4965 0.5035
784 0.4947 0.5053
785 0.4998 0.5002
786 0.4977 0.5023
787 0.5059 0.4941
788 0.4919 0.5081
789 0.495 0.505
790 0.5003 0.4997
791 0.4898 0.5102
792 0.4901 0.5099
793 0.5063 0.4937
794 0.4998 0.5002
795 0.5019 0.4981
796 0.5008 0.4992
797 0.5021 0.4979
798 0.4976 0.5024
799 0.5156 0.4844
800 0.5068 0.4932
801 0.504 0.496
802 0.4887 0.5113
803 0.4965 0.5035
804 0.4908 0.5092
805 0.5019 0.4981
806 0.499 0.501
807 0.4989 0.5011
808 0.4971 0.5029
809 0.4957 0.5043
810 0.4896 0.5104
811 0.503 0.497
812 0.4939 0.5061
813 0.4885 0.5115
814 0.49 0.51
815 0.4973 0.5027
816 0.4955 0.5045
817 0.4929 0.5071
818 0.4999 0.5001
819 0.4967 0.5033
820 0.4939 0.5061
821 0.4948 0.5052
822 0.5037 0.4963
823 0.4977 0.5023
824 0.4887 0.5113
825 0.5013 0.4987
826 0.4976 0.5024
827 0.4939 0.5061
828 0.4966 0.5034
829 0.5047 0.4953
830 0.4983 0.5017
831 0.5042 0.4958
832 0.4982 0.5018
833 0.5057 0.4943
834 0.5016 0.4984
835 0.4983 0.5017
836 0.4966 0.5034
837 0.4925 0.5075
838 0.503 0.497
839 0.5003 0.4997
840 0.4995 0.5005
841 0.5021 0.4979
842 0.496 0.504
843 0.4967 0.5033
844 0.4913 0.5087
845 0.5021 0.4979
846 0.4951 0.5049
847 0.4989 0.5011
848 0.499 0.501
849 0.5008 0.4992
850 0.5033 0.4967
851 0.5049 0.4951
852 0.4953 0.5047
853 0.5004 0.4996
854 0.4969 0.5031
855 0.493 0.507
856 0.4937 0.5063
857 0.4965 0.5035
858 0.5026 0.4974
859 0.4969 0.5031
860 0.501 0.499
861 0.5082 0.4918
862 0.4993 0.5007
863 0.4856 0.5144
864 0.4955 0.5045
865 0.4939 0.5061
866 0.5047 0.4953
867 0.4935 0.5065
868 0.5006 0.4994
869 0.4924 0.5076
870 0.5037 0.4963
871 0.5115 0.4885
872 0.5067 0.4933
873 0.4929 0.5071
874 0.4946 0.5054
875 0.5028 0.4972
876 0.495 0.505
877 0.4947 0.5053
878 0.5061 0.4939
879 0.4975 0.5025
880 0.5046 0.4954
881 0.4981 0.5019
882 0.499 0.501
883 0.5001 0.4999
884 0.4886 0.5114
885 0.5097 0.4903
886 0.5072 0.4928
887 0.4879 0.5121
888 0.494 0.506
889 0.495 0.505
890 0.5025 0.4975
891 0.4959 0.5041
892 0.4939 0.5061
893 0.5041 0.4959
894 0.4932 0.5068
895 0.5006 0.4994
896 0.4971 0.5029
897 0.4979 0.5021
898 0.499 0.501
899 0.4949 0.5051
900 0.4986 0.5014
901 0.4899 0.5101
902 0.4989 0.5011
903 0.4974 0.5026
904 0.4976 0.5024
905 0.509 0.491
906 0.4931 0.5069
907 0.5061 0.4939
908 0.4981 0.5019
909 0.5016 0.4984
910 0.5023 0.4977
911 0.4965 0.5035
912 0.5062 0.4938
913 0.4981 0.5019
914 0.5118 0.4882
915 0.4953 0.5047
916 0.504 0.496
917 0.5024 0.4976
918 0.4966 0.5034
919 0.5027 0.4973
920 0.4981 0.5019
921 0.4939 0.5061
922 0.5046 0.4954
923 0.5053 0.4947
924 0.5018 0.4982
925 0.4978 0.5022
926 0.4989 0.5011
927 0.4922 0.5078
928 0.5051 0.4949
929 0.4989 0.5011
930 0.5004 0.4996
931 0.4968 0.5032
932 0.5029 0.4971
933 0.4934 0.5066
934 0.5064 0.4936
935 0.4927 0.5073
936 0.5 0.5
937 0.5026 0.4974
938 0.4975 0.5025
939 0.5019 0.4981
940 0.4958 0.5042
941 0.5117 0.4883
942 0.5057 0.4943
943 0.4929 0.5071
944 0.4901 0.5099
945 0.5017 0.4983
946 0.5062 0.4938
947 0.5036 0.4964
948 0.5005 0.4995
949 0.4877 0.5123
950 0.5005 0.4995
951 0.5091 0.4909
952 0.4918 0.5082
953 0.5062 0.4938
954 0.4928 0.5072
955 0.5086 0.4914
956 0.4995 0.5005
957 0.5053 0.4947
958 0.5012 0.4988
959 0.4987 0.5013
960 0.5017 0.4983
961 0.4997 0.5003
962 0.5057 0.4943
963 0.4975 0.5025
964 0.4989 0.5011
965 0.4932 0.5068
966 0.5027 0.4973
967 0.4992 0.5008
968 0.5013 0.4987
969 0.5117 0.4883
970 0.4899 0.5101
971 0.4984 0.5016
972 0.5023 0.4977
973 0.4956 0.5044
974 0.5045 0.4955
975 0.4938 0.5062
976 0.5019 0.4981
977 0.5083 0.4917
978 0.4992 0.5008
979 0.4947 0.5053
980 0.4959 0.5041
981 0.4995 0.5005
982 0.5056 0.4944
983 0.5038 0.4962
984 0.4939 0.5061
985 0.497 0.503
986 0.504 0.496
987 0.4933 0.5067
988 0.498 0.502
989 0.4922 0.5078
990 0.5101 0.4899
991 0.4934 0.5066
992 0.4962 0.5038
993 0.4939 0.5061
994 0.5019 0.4981
995 0.4883 0.5117
996 0.5024 0.4976
997 0.4906 0.5094
998 0.4992 0.5008
999 0.4993 0.5007
1000 0.5045 0.4955
1001 0.4931 0.5069
1002 0.5039 0.4961
1003 0.4944 0.5056
1004 0.5055 0.4945
1005 0.4915 0.5085
1006 0.5079 0.4921
1007 0.504 0.496
1008 0.4992 0.5008
1009 0.4968 0.5032
1010 0.5012 0.4988
1011 0.5073 0.4927
1012 0.5068 0.4932
1013 0.5007 0.4993
1014 0.508 0.492
1015 0.4912 0.5088
1016 0.4997 0.5003
1017 0.5002 0.4998
1018 0.5084 0.4916
1019 0.4928 0.5072
1020 0.4963 0.5037
1021 0.5023 0.4977
1022 0.5005 0.4995
1023 0.4951 0.5049
1024 0.5028 0.4972
1025 0.4994 0.5006
1026 0.4904 0.5096
1027 0.4994 0.5006
1028 0.5102 0.4898
1029 0.5005 0.4995
1030 0.5006 0.4994
1031 0.506 0.494
1032 0.5044 0.4956
1033 0.5021 0.4979
1034 0.5066 0.4934
1035 0.4955 0.5045
1036 0.5039 0.4961
1037 0.4997 0.5003
1038 0.5019 0.4981
1039 0.4998 0.5002
1040 0.4904 0.5096
1041 0.5077 0.4923
1042 0.4811 0.5189
1043 0.4953 0.5047
1044 0.5075 0.4925
1045 0.5138 0.4862
1046 0.4964 0.5036
1047 0.4976 0.5024
1048 0.4939 0.5061
1049 0.5055 0.4945
1050 0.5048 0.4952
1051 0.4965 0.5035
1052 0.5001 0.4999
1053 0.5017 0.4983
1054 0.5013 0.4987
1055 0.4963 0.5037
1056 0.4926 0.5074
1057 0.5022 0.4978
1058 0.4976 0.5024
1059 0.493 0.507
1060 0.5012 0.4988
1061 0.4966 0.5034
1062 0.4966 0.5034
1063 0.5014 0.4986
1064 0.4896 0.5104
1065 0.4988 0.5012
1066 0.4985 0.5015
1067 0.4932 0.5068
1068 0.4908 0.5092
1069 0.5071 0.4929
1070 0.5032 0.4968
1071 0.5052 0.4948
1072 0.4944 0.5056
1073 0.5057 0.4943
1074 0.5027 0.4973
1075 0.501 0.499
1076 0.4926 0.5074
1077 0.495 0.505
1078 0.5094 0.4906
1079 0.5073 0.4927
1080 0.4956 0.5044
1081 0.5071 0.4929
1082 0.4991 0.5009
1083 0.5026 0.4974
1084 0.5163 0.4837
1085 0.4932 0.5068
1086 0.4981 0.5019
1087 0.5004 0.4996
1088 0.4994 0.5006
1089 0.5001 0.4999
1090 0.5066 0.4934
1091 0.5055 0.4945
1092 0.5039 0.4961
1093 0.5009 0.4991
1094 0.497 0.503
1095 0.5133 0.4867
1096 0.4978 0.5022
1097 0.4997 0.5003
1098 0.4984 0.5016
1099 0.5073 0.4927
1100 0.4927 0.5073
1101 0.4983 0.5017
1102 0.4992 0.5008
1103 0.4968 0.5032
1104 0.5008 0.4992
1105 0.4927 0.5073
1106 0.504 0.496
1107 0.5026 0.4974
1108 0.5143 0.4857
1109 0.5038 0.4962
1110 0.5077 0.4923
1111 0.4929 0.5071
1112 0.4952 0.5048
1113 0.5 0.5
1114 0.5017 0.4983
1115 0.5057 0.4943
1116 0.5008 0.4992
1117 0.5009 0.4991
1118 0.5037 0.4963
1119 0.4891 0.5109
1120 0.5013 0.4987
1121 0.4886 0.5114
1122 0.5021 0.4979
1123 0.5024 0.4976
1124 0.5071 0.4929
1125 0.505 0.495
1126 0.5022 0.4978
1127 0.503 0.497
1128 0.496 0.504
1129 0.5058 0.4942
1130 0.5001 0.4999
1131 0.5028 0.4972
1132 0.4976 0.5024
1133 0.5027 0.4973
1134 0.4967 0.5033
1135 0.5063 0.4937
1136 0.5107 0.4893
1137 0.4974 0.5026
1138 0.4929 0.5071
1139 0.5 0.5
1140 0.49 0.51
1141 0.4895 0.5105
1142 0.4997 0.5003
1143 0.5033 0.4967
1144 0.498 0.502
1145 0.5022 0.4978
1146 0.5017 0.4983
1147 0.4896 0.5104
1148 0.5012 0.4988
1149 0.5087 0.4913
1150 0.4955 0.5045
1151 0.4965 0.5035
1152 0.5086 0.4914
1153 0.4971 0.5029
1154 0.4973 0.5027
1155 0.4896 0.5104
1156 0.5007 0.4993
1157 0.5025 0.4975
1158 0.4917 0.5083
1159 0.5054 0.4946
1160 0.5013 0.4987
1161 0.4988 0.5012
1162 0.4869 0.5131
1163 0.5035 0.4965
1164 0.4897 0.5103
1165 0.4993 0.5007
1166 0.5051 0.4949
1167 0.5006 0.4994
1168 0.5014 0.4986
1169 0.4968 0.5032
1170 0.4978 0.5022
1171 0.4998 0.5002
1172 0.4938 0.5062
1173 0.5035 0.4965
1174 0.5089 0.4911
1175 0.4903 0.5097
1176 0.4986 0.5014
1177 0.4912 0.5088
1178 0.5033 0.4967
1179 0.5051 0.4949
1180 0.502 0.498
1181 0.5032 0.4968
1182 0.5021 0.4979
1183 0.5071 0.4929
1184 0.5004 0.4996
1185 0.502 0.498
1186 0.4979 0.5021
1187 0.507 0.493
1188 0.4876 0.5124
1189 0.5107 0.4893
1190 0.5022 0.4978
1191 0.5008 0.4992
1192 0.4999 0.5001
1193 0.5001 0.4999
1194 0.506 0.494
1195 0.5036 0.4964
1196 0.5043 0.4957
1197 0.4999 0.5001
1198 0.5123 0.4877
1199 0.4869 0.5131
1200 0.5078 0.4922
1201 0.4978 0.5022
1202 0.4952 0.5048
1203 0.5131 0.4869
1204 0.5131 0.4869
1205 0.5017 0.4983
1206 0.4907 0.5093
1207 0.4965 0.5035
1208 0.5001 0.4999
1209 0.5063 0.4937
1210 0.5105 0.4895
1211 0.4957 0.5043
1212 0.4917 0.5083
1213 0.5007 0.4993
1214 0.5071 0.4929
1215 0.5036 0.4964
1216 0.5105 0.4895
1217 0.5029 0.4971
1218 0.4969 0.5031
1219 0.4986 0.5014
1220 0.4991 0.5009
1221 0.4957 0.5043
1222 0.4982 0.5018
1223 0.493 0.507
1224 0.4946 0.5054
1225 0.5133 0.4867
1226 0.5046 0.4954
1227 0.4931 0.5069
1228 0.5003 0.4997
1229 0.4948 0.5052
1230 0.5025 0.4975
1231 0.4913 0.5087
1232 0.5074 0.4926
1233 0.5122 0.4878
1234 0.5063 0.4937
1235 0.4997 0.5003
1236 0.5093 0.4907
1237 0.5042 0.4958
1238 0.4965 0.5035
1239 0.4854 0.5146
1240 0.5044 0.4956
1241 0.5035 0.4965
1242 0.4988 0.5012
1243 0.4962 0.5038
1244 0.4944 0.5056
1245 0.5048 0.4952
1246 0.5052 0.4948
1247 0.4915 0.5085
1248 0.5094 0.4906
1249 0.5001 0.4999
1250 0.4974 0.5026
1251 0.501 0.499
1252 0.5071 0.4929
1253 0.5041 0.4959
1254 0.4992 0.5008
1255 0.5108 0.4892
1256 0.5034 0.4966
1257 0.5019 0.4981
1258 0.4885 0.5115
1259 0.5016 0.4984
1260 0.5003 0.4997
1261 0.5083 0.4917
1262 0.4895 0.5105
1263 0.5023 0.4977
1264 0.4938 0.5062
1265 0.5042 0.4958
1266 0.5035 0.4965
1267 0.5004 0.4996
1268 0.4957 0.5043
1269 0.5086 0.4914
1270 0.5088 0.4912
1271 0.5172 0.4828
1272 0.4958 0.5042
1273 0.5 0.5
1274 0.5008 0.4992
1275 0.5056 0.4944
1276 0.5069 0.4931
1277 0.5012 0.4988
1278 0.5032 0.4968
1279 0.5109 0.4891
1280 0.4968 0.5032
1281 0.5008 0.4992
1282 0.4989 0.5011
1283 0.5046 0.4954
1284 0.5018 0.4982
1285 0.5028 0.4972
1286 0.4956 0.5044
1287 0.506 0.494
1288 0.5213 0.4787
1289 0.4956 0.5044
1290 0.5024 0.4976
1291 0.5032 0.4968
1292 0.5041 0.4959
1293 0.4986 0.5014
1294 0.4987 0.5013
1295 0.5005 0.4995
1296 0.5066 0.4934
1297 0.4932 0.5068
1298 0.496 0.504
1299 0.4917 0.5083
1300 0.5051 0.4949
1301 0.5025 0.4975
1302 0.5031 0.4969
1303 0.5066 0.4934
1304 0.5049 0.4951
1305 0.5066 0.4934
1306 0.4905 0.5095
1307 0.4955 0.5045
1308 0.4913 0.5087
1309 0.5049 0.4951
1310 0.4933 0.5067
1311 0.5038 0.4962
1312 0.5077 0.4923
1313 0.5157 0.4843
1314 0.5068 0.4932
1315 0.5055 0.4945
1316 0.4953 0.5047
1317 0.5026 0.4974
1318 0.5094 0.4906
1319 0.488 0.512
1320 0.5115 0.4885
1321 0.4935 0.5065
1322 0.506 0.494
1323 0.5038 0.4962
1324 0.5039 0.4961
1325 0.5006 0.4994
1326 0.4942 0.5058
1327 0.5012 0.4988
1328 0.503 0.497
1329 0.501 0.499
1330 0.505 0.495
1331 0.4948 0.5052
1332 0.4983 0.5017
1333 0.5086 0.4914
1334 0.4968 0.5032
1335 0.5146 0.4854
1336 0.5043 0.4957
1337 0.4989 0.5011
1338 0.509 0.491
1339 0.5053 0.4947
1340 0.5042 0.4958
1341 0.5001 0.4999
1342 0.5112 0.4888
1343 0.4984 0.5016
1344 0.5051 0.4949
1345 0.5003 0.4997
1346 0.5022 0.4978
1347 0.5106 0.4894
1348 0.5048 0.4952
1349 0.4961 0.5039
1350 0.4989 0.5011
1351 0.5129 0.4871
1352 0.4967 0.5033
1353 0.4914 0.5086
1354 0.5004 0.4996
1355 0.503 0.497
1356 0.5016 0.4984
1357 0.505 0.495
1358 0.5011 0.4989
1359 0.5046 0.4954
1360 0.5032 0.4968
1361 0.5023 0.4977
1362 0.4933 0.5067
1363 0.5024 0.4976
1364 0.5069 0.4931
1365 0.4999 0.5001
1366 0.4988 0.5012
1367 0.4993 0.5007
1368 0.5037 0.4963
1369 0.5024 0.4976
1370 0.4973 0.5027
1371 0.5032 0.4968
1372 0.5046 0.4954
1373 0.5039 0.4961
1374 0.5017 0.4983
1375 0.496 0.504
1376 0.5132 0.4868
1377 0.4982 0.5018
1378 0.5016 0.4984
1379 0.5043 0.4957
1380 0.5014 0.4986
1381 0.5022 0.4978
1382 0.5108 0.4892
1383 0.5084 0.4916
1384 0.4936 0.5064
1385 0.5016 0.4984
1386 0.5012 0.4988
1387 0.5135 0.4865
1388 0.5078 0.4922
1389 0.4885 0.5115
1390 0.4969 0.5031
1391 0.4978 0.5022
1392 0.4999 0.5001
1393 0.4922 0.5078
1394 0.5015 0.4985
1395 0.4983 0.5017
1396 0.4997 0.5003
1397 0.4931 0.5069
1398 0.4975 0.5025
1399 0.4976 0.5024
1400 0.5139 0.4861
1401 0.5042 0.4958
1402 0.5026 0.4974
1403 0.5008 0.4992
1404 0.5017 0.4983
1405 0.5066 0.4934
1406 0.4997 0.5003
1407 0.501 0.499
1408 0.5115 0.4885
1409 0.5075 0.4925
1410 0.4999 0.5001
1411 0.5078 0.4922
1412 0.4954 0.5046
1413 0.5024 0.4976
1414 0.496 0.504
1415 0.4985 0.5015
1416 0.5067 0.4933
1417 0.5034 0.4966
1418 0.4947 0.5053
1419 0.51 0.49
1420 0.5073 0.4927
1421 0.5045 0.4955
1422 0.4969 0.5031
1423 0.4984 0.5016
1424 0.5052 0.4948
1425 0.4887 0.5113
1426 0.5018 0.4982
1427 0.508 0.492
1428 0.5018 0.4982
1429 0.5008 0.4992
1430 0.4967 0.5033
1431 0.511 0.489
1432 0.5077 0.4923
1433 0.5088 0.4912
1434 0.5172 0.4828
1435 0.5036 0.4964
1436 0.4992 0.5008
1437 0.5033 0.4967
1438 0.51 0.49
1439 0.5156 0.4844
1440 0.5068 0.4932
1441 0.4967 0.5033
1442 0.503 0.497
1443 0.4933 0.5067
1444 0.5085 0.4915
1445 0.4999 0.5001
1446 0.5013 0.4987
1447 0.5127 0.4873
1448 0.5018 0.4982
1449 0.5029 0.4971
1450 0.5082 0.4918
1451 0.5039 0.4961
1452 0.5012 0.4988
1453 0.5092 0.4908
1454 0.5003 0.4997
1455 0.4971 0.5029
1456 0.5054 0.4946
1457 0.5057 0.4943
1458 0.5011 0.4989
1459 0.5033 0.4967
1460 0.5044 0.4956
1461 0.5012 0.4988
1462 0.5065 0.4935
1463 0.4995 0.5005
1464 0.5031 0.4969
1465 0.5052 0.4948
1466 0.5023 0.4977
1467 0.5003 0.4997
1468 0.4942 0.5058
1469 0.5027 0.4973
1470 0.5038 0.4962
1471 0.5046 0.4954
1472 0.4934 0.5066
1473 0.508 0.492
1474 0.4992 0.5008
1475 0.503 0.497
1476 0.5052 0.4948
1477 0.5075 0.4925
1478 0.5068 0.4932
1479 0.4948 0.5052
1480 0.5028 0.4972
1481 0.5094 0.4906
1482 0.5099 0.4901
1483 0.4993 0.5007
1484 0.5004 0.4996
1485 0.505 0.495
1486 0.4995 0.5005
1487 0.4961 0.5039
1488 0.497 0.503
1489 0.4959 0.5041
1490 0.4997 0.5003
1491 0.4947 0.5053
1492 0.5048 0.4952
1493 0.5123 0.4877
1494 0.502 0.498
1495 0.5067 0.4933
1496 0.5061 0.4939
1497 0.5031 0.4969
1498 0.5099 0.4901
1499 0.5052 0.4948
1500 0.5113 0.4887
1501 0.5053 0.4947
1502 0.5143 0.4857
1503 0.4955 0.5045
1504 0.5037 0.4963
1505 0.4994 0.5006
1506 0.5065 0.4935
1507 0.5073 0.4927
1508 0.4989 0.5011
1509 0.499 0.501
1510 0.5046 0.4954
1511 0.5153 0.4847
1512 0.5064 0.4936
1513 0.5074 0.4926
1514 0.5027 0.4973
1515 0.5054 0.4946
1516 0.5017 0.4983
1517 0.4961 0.5039
1518 0.4962 0.5038
1519 0.5021 0.4979
1520 0.5037 0.4963
1521 0.5048 0.4952
1522 0.5114 0.4886
1523 0.4967 0.5033
1524 0.5026 0.4974
1525 0.5015 0.4985
1526 0.5001 0.4999
1527 0.4891 0.5109
1528 0.5092 0.4908
1529 0.4922 0.5078
1530 0.5067 0.4933
1531 0.5019 0.4981
1532 0.5052 0.4948
1533 0.502 0.498
1534 0.4905 0.5095
1535 0.5026 0.4974
1536 0.5054 0.4946
1537 0.4962 0.5038
1538 0.5087 0.4913
1539 0.5147 0.4853
1540 0.5108 0.4892
1541 0.4962 0.5038
1542 0.5075 0.4925
1543 0.501 0.499
1544 0.5156 0.4844
1545 0.5031 0.4969
1546 0.5103 0.4897
1547 0.4992 0.5008
1548 0.5096 0.4904
1549 0.4965 0.5035
1550 0.504 0.496
1551 0.5093 0.4907
1552 0.5087 0.4913
1553 0.4978 0.5022
1554 0.5018 0.4982
1555 0.4937 0.5063
1556 0.5046 0.4954
1557 0.506 0.494
1558 0.5016 0.4984
1559 0.5135 0.4865
1560 0.5078 0.4922
1561 0.5003 0.4997
1562 0.5079 0.4921
1563 0.5068 0.4932
1564 0.5034 0.4966
1565 0.5032 0.4968
1566 0.5032 0.4968
1567 0.5176 0.4824
1568 0.4974 0.5026
1569 0.5005 0.4995
1570 0.5058 0.4942
1571 0.5056 0.4944
1572 0.504 0.496
1573 0.5073 0.4927
1574 0.5105 0.4895
1575 0.5034 0.4966
1576 0.5011 0.4989
1577 0.4954 0.5046
1578 0.5005 0.4995
1579 0.5045 0.4955
1580 0.4986 0.5014
1581 0.5143 0.4857
1582 0.4991 0.5009
1583 0.5081 0.4919
1584 0.5079 0.4921
1585 0.4912 0.5088
1586 0.5149 0.4851
1587 0.509 0.491
1588 0.5033 0.4967
1589 0.5031 0.4969
1590 0.505 0.495
1591 0.5022 0.4978
1592 0.4977 0.5023
1593 0.5009 0.4991
1594 0.5035 0.4965
1595 0.5072 0.4928
1596 0.5097 0.4903
1597 0.5011 0.4989
1598 0.5005 0.4995
1599 0.5057 0.4943
1600 0.5181 0.4819
1601 0.5068 0.4932
1602 0.5131 0.4869
1603 0.4849 0.5151
1604 0.5062 0.4938
1605 0.5032 0.4968
1606 0.5076 0.4924
1607 0.5044 0.4956
1608 0.4986 0.5014
1609 0.5083 0.4917
1610 0.5081 0.4919
1611 0.4985 0.5015
1612 0.4952 0.5048
1613 0.5044 0.4956
1614 0.5124 0.4876
1615 0.5115 0.4885
1616 0.4997 0.5003
1617 0.5066 0.4934
1618 0.5025 0.4975
1619 0.5004 0.4996
1620 0.5125 0.4875
1621 0.5116 0.4884
1622 0.4973 0.5027
1623 0.5116 0.4884
1624 0.5046 0.4954
1625 0.4937 0.5063
1626 0.4956 0.5044
1627 0.5079 0.4921
1628 0.5052 0.4948
1629 0.496 0.504
1630 0.4922 0.5078
1631 0.51 0.49
1632 0.5009 0.4991
1633 0.5072 0.4928
1634 0.5113 0.4887
1635 0.5111 0.4889
1636 0.5116 0.4884
1637 0.5099 0.4901
1638 0.4933 0.5067
1639 0.4996 0.5004
1640 0.5002 0.4998
1641 0.5084 0.4916
1642 0.4946 0.5054
1643 0.5069 0.4931
1644 0.5106 0.4894
1645 0.5041 0.4959
1646 0.5149 0.4851
1647 0.5013 0.4987
1648 0.4978 0.5022
1649 0.509 0.491
1650 0.5152 0.4848
1651 0.5002 0.4998
1652 0.5119 0.4881
1653 0.5052 0.4948
1654 0.4999 0.5001
1655 0.5121 0.4879
1656 0.5039 0.4961
1657 0.5011 0.4989
1658 0.5035 0.4965
1659 0.5001 0.4999
1660 0.502 0.498
1661 0.4994 0.5006
1662 0.5062 0.4938
1663 0.5072 0.4928
1664 0.5039 0.4961
1665 0.5105 0.4895
1666 0.5127 0.4873
1667 0.4999 0.5001
1668 0.4956 0.5044
1669 0.5033 0.4967
1670 0.5114 0.4886
1671 0.4924 0.5076
1672 0.5009 0.4991
1673 0.5039 0.4961
1674 0.5083 0.4917
1675 0.5084 0.4916
1676 0.5079 0.4921
1677 0.4973 0.5027
1678 0.5026 0.4974
1679 0.5078 0.4922
1680 0.5084 0.4916
1681 0.5029 0.4971
1682 0.5055 0.4945
1683 0.4928 0.5072
1684 0.5055 0.4945
1685 0.5032 0.4968
1686 0.4919 0.5081
1687 0.4999 0.5001
1688 0.5098 0.4902
1689 0.5009 0.4991
1690 0.5001 0.4999
1691 0.5065 0.4935
1692 0.5069 0.4931
1693 0.5007 0.4993
1694 0.4984 0.5016
1695 0.5059 0.4941
1696 0.4968 0.5032
1697 0.5016 0.4984
1698 0.5144 0.4856
1699 0.5027 0.4973
1700 0.5061 0.4939
1701 0.4952 0.5048
1702 0.5061 0.4939
1703 0.5049 0.4951
1704 0.4982 0.5018
1705 0.5013 0.4987
1706 0.5092 0.4908
1707 0.5045 0.4955
1708 0.5006 0.4994
1709 0.503 0.497
1710 0.5025 0.4975
1711 0.5064 0.4936
1712 0.4905 0.5095
1713 0.5108 0.4892
1714 0.5036 0.4964
1715 0.5095 0.4905
1716 0.4902 0.5098
1717 0.5183 0.4817
1718 0.507 0.493
1719 0.504 0.496
1720 0.5112 0.4888
1721 0.4954 0.5046
1722 0.5055 0.4945
1723 0.506 0.494
1724 0.4963 0.5037
1725 0.5143 0.4857
1726 0.5056 0.4944
1727 0.5031 0.4969
1728 0.5096 0.4904
1729 0.5076 0.4924
1730 0.5107 0.4893
1731 0.5151 0.4849
1732 0.5045 0.4955
1733 0.5085 0.4915
1734 0.5086 0.4914
1735 0.5014 0.4986
1736 0.5053 0.4947
1737 0.5118 0.4882
1738 0.5091 0.4909
1739 0.5022 0.4978
1740 0.5007 0.4993
1741 0.502 0.498
1742 0.5057 0.4943
1743 0.4947 0.5053
1744 0.5059 0.4941
1745 0.5075 0.4925
1746 0.512 0.488
1747 0.5033 0.4967
1748 0.5002 0.4998
1749 0.5012 0.4988
1750 0.501 0.499
1751 0.5119 0.4881
1752 0.5085 0.4915
1753 0.5047 0.4953
1754 0.5015 0.4985
1755 0.4996 0.5004
1756 0.5052 0.4948
1757 0.5048 0.4952
1758 0.5019 0.4981
1759 0.4927 0.5073
1760 0.498 0.502
1761 0.511 0.489
1762 0.5044 0.4956
1763 0.502 0.498
1764 0.5124 0.4876
1765 0.5032 0.4968
1766 0.5092 0.4908
1767 0.5108 0.4892
1768 0.504 0.496
1769 0.4978 0.5022
1770 0.5004 0.4996
1771 0.5127 0.4873
1772 0.5081 0.4919
1773 0.5019 0.4981
1774 0.5122 0.4878
1775 0.5063 0.4937
1776 0.5032 0.4968
1777 0.4953 0.5047
1778 0.5103 0.4897
1779 0.5111 0.4889
1780 0.5058 0.4942
1781 0.5133 0.4867
1782 0.4946 0.5054
1783 0.4947 0.5053
1784 0.5117 0.4883
1785 0.5058 0.4942
1786 0.4967 0.5033
1787 0.5035 0.4965
1788 0.508 0.492
1789 0.5049 0.4951
1790 0.5032 0.4968
1791 0.5056 0.4944
1792 0.4992 0.5008
1793 0.5042 0.4958
1794 0.5079 0.4921
1795 0.4992 0.5008
1796 0.5075 0.4925
1797 0.5062 0.4938
1798 0.501 0.499
1799 0.5124 0.4876
1800 0.4988 0.5012
1801 0.4918 0.5082
1802 0.5072 0.4928
1803 0.4899 0.5101
1804 0.5002 0.4998
1805 0.5038 0.4962
1806 0.52 0.48
1807 0.5074 0.4926
1808 0.4929 0.5071
1809 0.5016 0.4984
1810 0.5054 0.4946
1811 0.5121 0.4879
1812 0.4915 0.5085
1813 0.5123 0.4877
1814 0.5042 0.4958
1815 0.506 0.494
1816 0.5006 0.4994
1817 0.5038 0.4962
1818 0.5014 0.4986
1819 0.5027 0.4973
1820 0.4991 0.5009
1821 0.5036 0.4964
1822 0.4991 0.5009
1823 0.5007 0.4993
1824 0.4956 0.5044
1825 0.4933 0.5067
1826 0.5094 0.4906
1827 0.5111 0.4889
1828 0.5084 0.4916
1829 0.5106 0.4894
1830 0.5011 0.4989
1831 0.5088 0.4912
1832 0.5066 0.4934
1833 0.502 0.498
1834 0.5085 0.4915
1835 0.4998 0.5002
1836 0.5057 0.4943
1837 0.5096 0.4904
1838 0.4972 0.5028
1839 0.5099 0.4901
1840 0.5075 0.4925
1841 0.5002 0.4998
1842 0.5016 0.4984
1843 0.5097 0.4903
1844 0.5037 0.4963
1845 0.5075 0.4925
1846 0.5141 0.4859
1847 0.503 0.497
1848 0.5032 0.4968
1849 0.5099 0.4901
1850 0.4935 0.5065
1851 0.5088 0.4912
1852 0.5063 0.4937
1853 0.5027 0.4973
1854 0.4995 0.5005
1855 0.5069 0.4931
1856 0.5074 0.4926
1857 0.5029 0.4971
1858 0.5085 0.4915
1859 0.4996 0.5004
1860 0.5127 0.4873
1861 0.5056 0.4944
1862 0.5013 0.4987
1863 0.5103 0.4897
1864 0.497 0.503
1865 0.5088 0.4912
1866 0.4973 0.5027
1867 0.5093 0.4907
1868 0.5003 0.4997
1869 0.5136 0.4864
1870 0.4927 0.5073
1871 0.5032 0.4968
1872 0.4952 0.5048
1873 0.4979 0.5021
1874 0.5004 0.4996
1875 0.5035 0.4965
1876 0.4978 0.5022
1877 0.4998 0.5002
1878 0.4998 0.5002
1879 0.5068 0.4932
1880 0.5023 0.4977
1881 0.5092 0.4908
1882 0.4992 0.5008
1883 0.506 0.494
1884 0.5048 0.4952
1885 0.4982 0.5018
1886 0.5034 0.4966
1887 0.5043 0.4957
1888 0.5094 0.4906
1889 0.5113 0.4887
1890 0.5137 0.4863
1891 0.506 0.494
1892 0.5025 0.4975
1893 0.5097 0.4903
1894 0.5041 0.4959
1895 0.4988 0.5012
1896 0.4989 0.5011
1897 0.5033 0.4967
1898 0.5052 0.4948
1899 0.5038 0.4962
1900 0.4949 0.5051
1901 0.5011 0.4989
1902 0.5051 0.4949
1903 0.5108 0.4892
1904 0.5075 0.4925
1905 0.5039 0.4961
1906 0.5051 0.4949
1907 0.5031 0.4969
1908 0.5152 0.4848
1909 0.4957 0.5043
1910 0.4979 0.5021
1911 0.508 0.492
1912 0.5112 0.4888
1913 0.5138 0.4862
1914 0.5071 0.4929
1915 0.5013 0.4987
1916 0.5035 0.4965
1917 0.5064 0.4936
1918 0.5074 0.4926
1919 0.5087 0.4913
1920 0.4988 0.5012
1921 0.5103 0.4897
1922 0.4957 0.5043
1923 0.5067 0.4933
1924 0.4998 0.5002
1925 0.504 0.496
1926 0.5044 0.4956
1927 0.5025 0.4975
1928 0.5126 0.4874
1929 0.5049 0.4951
1930 0.5079 0.4921
1931 0.5012 0.4988
1932 0.5034 0.4966
1933 0.5031 0.4969
1934 0.5052 0.4948
1935 0.5022 0.4978
1936 0.5038 0.4962
1937 0.5062 0.4938
1938 0.4925 0.5075
1939 0.5094 0.4906
1940 0.504 0.496
1941 0.4884 0.5116
1942 0.4999 0.5001
1943 0.5004 0.4996
1944 0.4984 0.5016
1945 0.4972 0.5028
1946 0.512 0.488
1947 0.5065 0.4935
1948 0.4968 0.5032
1949 0.5074 0.4926
1950 0.5119 0.4881
1951 0.5043 0.4957
1952 0.5063 0.4937
1953 0.5087 0.4913
1954 0.5071 0.4929
1955 0.5047 0.4953
1956 0.5057 0.4943
1957 0.4988 0.5012
1958 0.5059 0.4941
1959 0.5029 0.4971
1960 0.5067 0.4933
1961 0.5123 0.4877
1962 0.5071 0.4929
1963 0.4971 0.5029
1964 0.4909 0.5091
1965 0.4997 0.5003
1966 0.5138 0.4862
1967 0.5011 0.4989
1968 0.5069 0.4931
1969 0.5047 0.4953
1970 0.4995 0.5005
1971 0.5017 0.4983
1972 0.5079 0.4921
1973 0.5038 0.4962
1974 0.4997 0.5003
1975 0.501 0.499
1976 0.4998 0.5002
1977 0.4996 0.5004
1978 0.5171 0.4829
1979 0.5047 0.4953
1980 0.5043 0.4957
1981 0.5077 0.4923
1982 0.51 0.49
1983 0.4961 0.5039
1984 0.5124 0.4876
1985 0.5068 0.4932
1986 0.5092 0.4908
1987 0.4968 0.5032
1988 0.5011 0.4989
1989 0.4885 0.5115
1990 0.5058 0.4942
1991 0.5066 0.4934
1992 0.5007 0.4993
1993 0.4969 0.5031
1994 0.5003 0.4997
1995 0.5028 0.4972
1996 0.4993 0.5007
1997 0.5055 0.4945
1998 0.4922 0.5078
1999 0.5075 0.4925
2000 0.4961 0.5039
2001 0.5056 0.4944
2002 0.504 0.496
2003 0.5075 0.4925
2004 0.5055 0.4945
2005 0.4989 0.5011
2006 0.5043 0.4957
2007 0.5049 0.4951
2008 0.4996 0.5004
2009 0.5034 0.4966
2010 0.5024 0.4976
2011 0.4967 0.5033
2012 0.5085 0.4915
2013 0.5007 0.4993
2014 0.5024 0.4976
2015 0.5019 0.4981
2016 0.5035 0.4965
2017 0.5051 0.4949
2018 0.5031 0.4969
2019 0.5129 0.4871
2020 0.5041 0.4959
2021 0.5001 0.4999
2022 0.5078 0.4922
2023 0.4995 0.5005
2024 0.5113 0.4887
2025 0.5104 0.4896
2026 0.5028 0.4972
2027 0.5041 0.4959
2028 0.5103 0.4897
2029 0.5029 0.4971
2030 0.5026 0.4974
2031 0.5069 0.4931
2032 0.4946 0.5054
2033 0.5096 0.4904
2034 0.5148 0.4852
2035 0.5054 0.4946
2036 0.5048 0.4952
2037 0.4975 0.5025
2038 0.5108 0.4892
2039 0.5096 0.4904
2040 0.5033 0.4967
2041 0.5118 0.4882
2042 0.5049 0.4951
2043 0.5035 0.4965
2044 0.4999 0.5001
2045 0.5049 0.4951
2046 0.4985 0.5015
2047 0.5086 0.4914
2048 0.5027 0.4973
2049 0.4986 0.5014
2050 0.5026 0.4974
2051 0.504 0.496
2052 0.51 0.49
2053 0.5034 0.4966
2054 0.507 0.493
2055 0.4976 0.5024
2056 0.5012 0.4988
2057 0.5024 0.4976
2058 0.4952 0.5048
2059 0.5022 0.4978
2060 0.5019 0.4981
2061 0.505 0.495
2062 0.5031 0.4969
2063 0.4975 0.5025
2064 0.5042 0.4958
2065 0.5059 0.4941
2066 0.4969 0.5031
2067 0.5009 0.4991
2068 0.5042 0.4958
2069 0.5041 0.4959
2070 0.5022 0.4978
2071 0.4965 0.5035
2072 0.5126 0.4874
2073 0.4986 0.5014
2074 0.503 0.497
2075 0.5107 0.4893
2076 0.5127 0.4873
2077 0.4961 0.5039
2078 0.5046 0.4954
2079 0.5103 0.4897
2080 0.4968 0.5032
2081 0.5022 0.4978
2082 0.5003 0.4997
2083 0.5051 0.4949
2084 0.5062 0.4938
2085 0.503 0.497
2086 0.5 0.5
2087 0.5055 0.4945
2088 0.4977 0.5023
2089 0.5061 0.4939
2090 0.5007 0.4993
2091 0.5031 0.4969
2092 0.5096 0.4904
2093 0.5046 0.4954
2094 0.5075 0.4925
2095 0.5048 0.4952
2096 0.5084 0.4916
2097 0.5139 0.4861
2098 0.5098 0.4902
2099 0.5039 0.4961
2100 0.5059 0.4941
2101 0.5058 0.4942
2102 0.5129 0.4871
2103 0.4958 0.5042
2104 0.498 0.502
2105 0.5044 0.4956
2106 0.5068 0.4932
2107 0.5023 0.4977
2108 0.5026 0.4974
2109 0.51 0.49
2110 0.4966 0.5034
2111 0.5029 0.4971
2112 0.5057 0.4943
2113 0.5095 0.4905
2114 0.4988 0.5012
2115 0.5027 0.4973
2116 0.4996 0.5004
2117 0.503 0.497
2118 0.5 0.5
2119 0.4992 0.5008
2120 0.5034 0.4966
2121 0.5013 0.4987
2122 0.5014 0.4986
2123 0.5026 0.4974
2124 0.5049 0.4951
2125 0.4975 0.5025
2126 0.4997 0.5003
2127 0.5026 0.4974
2128 0.5026 0.4974
2129 0.5035 0.4965
2130 0.5002 0.4998
2131 0.5025 0.4975
2132 0.5047 0.4953
2133 0.5066 0.4934
2134 0.507 0.493
2135 0.4952 0.5048
2136 0.514 0.486
2137 0.5092 0.4908
2138 0.5079 0.4921
2139 0.5026 0.4974
2140 0.4921 0.5079
2141 0.4995 0.5005
2142 0.5047 0.4953
2143 0.5061 0.4939
2144 0.5016 0.4984
2145 0.5038 0.4962
2146 0.5026 0.4974
2147 0.5047 0.4953
2148 0.513 0.487
2149 0.5086 0.4914
2150 0.5138 0.4862
2151 0.5076 0.4924
2152 0.5049 0.4951
2153 0.5036 0.4964
2154 0.5013 0.4987
2155 0.5039 0.4961
2156 0.5043 0.4957
2157 0.5039 0.4961
2158 0.4994 0.5006
2159 0.4951 0.5049
2160 0.4953 0.5047
2161 0.5129 0.4871
2162 0.5037 0.4963
2163 0.5044 0.4956
2164 0.5044 0.4956
2165 0.5019 0.4981
2166 0.4993 0.5007
2167 0.4997 0.5003
2168 0.5026 0.4974
2169 0.5044 0.4956
2170 0.5118 0.4882
2171 0.501 0.499
2172 0.503 0.497
2173 0.5004 0.4996
2174 0.5002 0.4998
2175 0.5035 0.4965
2176 0.5025 0.4975
2177 0.5007 0.4993
2178 0.4973 0.5027
2179 0.5041 0.4959
2180 0.508 0.492
2181 0.4989 0.5011
2182 0.5012 0.4988
2183 0.4957 0.5043
2184 0.5032 0.4968
2185 0.5046 0.4954
2186 0.4967 0.5033
2187 0.4977 0.5023
2188 0.505 0.495
2189 0.4966 0.5034
2190 0.5028 0.4972
2191 0.5069 0.4931
2192 0.5032 0.4968
2193 0.5031 0.4969
2194 0.4958 0.5042
2195 0.5013 0.4987
2196 0.5069 0.4931
2197 0.5044 0.4956
2198 0.5069 0.4931
2199 0.5056 0.4944
2200 0.5036 0.4964
2201 0.5098 0.4902
2202 0.5111 0.4889
2203 0.5037 0.4963
2204 0.5047 0.4953
2205 0.5069 0.4931
2206 0.5024 0.4976
2207 0.5113 0.4887
2208 0.5076 0.4924
2209 0.5054 0.4946
2210 0.4983 0.5017
2211 0.4973 0.5027
2212 0.4991 0.5009
2213 0.4971 0.5029
2214 0.5007 0.4993
2215 0.5072 0.4928
2216 0.5114 0.4886
2217 0.4995 0.5005
2218 0.505 0.495
2219 0.5004 0.4996
2220 0.5031 0.4969
2221 0.4958 0.5042
2222 0.5061 0.4939
2223 0.501 0.499
2224 0.5015 0.4985
2225 0.4994 0.5006
2226 0.5034 0.4966
2227 0.5025 0.4975
2228 0.5 0.5
2229 0.5045 0.4955
2230 0.504 0.496
2231 0.4988 0.5012
2232 0.5031 0.4969
2233 0.5044 0.4956
2234 0.5014 0.4986
2235 0.4991 0.5009
2236 0.5033 0.4967
2237 0.5041 0.4959
2238 0.499 0.501
2239 0.504 0.496
2240 0.5042 0.4958
2241 0.5035 0.4965
2242 0.4985 0.5015
2243 0.5045 0.4955
2244 0.4982 0.5018
2245 0.5025 0.4975
2246 0.5035 0.4965
2247 0.5009 0.4991
2248 0.4999 0.5001
2249 0.4991 0.5009
2250 0.5003 0.4997
2251 0.5019 0.4981
2252 0.5026 0.4974
2253 0.4967 0.5033
2254 0.4986 0.5014
2255 0.5105 0.4895
2256 0.4984 0.5016
2257 0.5039 0.4961
2258 0.5018 0.4982
2259 0.5057 0.4943
2260 0.4982 0.5018
2261 0.5123 0.4877
2262 0.504 0.496
2263 0.5037 0.4963
2264 0.5021 0.4979
2265 0.509 0.491
2266 0.5055 0.4945
2267 0.5083 0.4917
2268 0.5049 0.4951
2269 0.4971 0.5029
2270 0.5018 0.4982
2271 0.5026 0.4974
2272 0.5043 0.4957
2273 0.5058 0.4942
2274 0.5061 0.4939
2275 0.4989 0.5011
2276 0.5021 0.4979
2277 0.5028 0.4972
2278 0.505 0.495
2279 0.5055 0.4945
2280 0.504 0.496
2281 0.5036 0.4964
2282 0.5034 0.4966
2283 0.5085 0.4915
2284 0.503 0.497
2285 0.5027 0.4973
2286 0.4955 0.5045
2287 0.4937 0.5063
2288 0.5053 0.4947
2289 0.496 0.504
2290 0.5068 0.4932
2291 0.5052 0.4948
2292 0.504 0.496
2293 0.5014 0.4986
2294 0.5044 0.4956
2295 0.5028 0.4972
2296 0.4994 0.5006
2297 0.5027 0.4973
2298 0.5043 0.4957
2299 0.4985 0.5015
2300 0.5027 0.4973
2301 0.5041 0.4959
2302 0.5027 0.4973
2303 0.5096 0.4904
2304 0.502 0.498
2305 0.5081 0.4919
2306 0.5062 0.4938
2307 0.503 0.497
2308 0.5036 0.4964
2309 0.5106 0.4894
2310 0.4988 0.5012
2311 0.5037 0.4963
2312 0.4983 0.5017
2313 0.5073 0.4927
2314 0.4989 0.5011
2315 0.4982 0.5018
2316 0.5067 0.4933
2317 0.5038 0.4962
2318 0.502 0.498
2319 0.5029 0.4971
2320 0.497 0.503
2321 0.5042 0.4958
2322 0.5015 0.4985
2323 0.5037 0.4963
2324 0.5085 0.4915
2325 0.5027 0.4973
2326 0.5028 0.4972
2327 0.5001 0.4999
2328 0.4987 0.5013
2329 0.4997 0.5003
2330 0.5031 0.4969
2331 0.4999 0.5001
2332 0.5134 0.4866
2333 0.5013 0.4987
2334 0.501 0.499
2335 0.5057 0.4943
2336 0.5051 0.4949
2337 0.4988 0.5012
2338 0.4967 0.5033
2339 0.4988 0.5012
2340 0.5045 0.4955
2341 0.5024 0.4976
2342 0.5034 0.4966
2343 0.506 0.494
2344 0.5022 0.4978
2345 0.5038 0.4962
2346 0.5033 0.4967
2347 0.5064 0.4936
2348 0.5026 0.4974
2349 0.5002 0.4998
2350 0.5069 0.4931
2351 0.5024 0.4976
2352 0.4982 0.5018
2353 0.5072 0.4928
2354 0.4982 0.5018
2355 0.4962 0.5038
2356 0.4996 0.5004
2357 0.5035 0.4965
2358 0.5018 0.4982
2359 0.5 0.5
2360 0.5055 0.4945
2361 0.5024 0.4976
2362 0.5054 0.4946
2363 0.5014 0.4986
2364 0.5057 0.4943
2365 0.5112 0.4888
2366 0.4958 0.5042
2367 0.5041 0.4959
2368 0.5055 0.4945
2369 0.5006 0.4994
2370 0.5067 0.4933
2371 0.5012 0.4988
2372 0.5107 0.4893
2373 0.5043 0.4957
2374 0.5017 0.4983
2375 0.498 0.502
2376 0.5015 0.4985
2377 0.5052 0.4948
2378 0.5052 0.4948
2379 0.5012 0.4988
2380 0.4963 0.5037
2381 0.498 0.502
2382 0.4998 0.5002
2383 0.504 0.496
2384 0.5028 0.4972
2385 0.4991 0.5009
2386 0.5026 0.4974
2387 0.5002 0.4998
2388 0.506 0.494
2389 0.5096 0.4904
2390 0.5022 0.4978
2391 0.5004 0.4996
2392 0.4951 0.5049
2393 0.4954 0.5046
2394 0.5038 0.4962
2395 0.4997 0.5003
2396 0.5035 0.4965
2397 0.506 0.494
2398 0.5043 0.4957
2399 0.5044 0.4956
2400 0.4956 0.5044
2401 0.5032 0.4968
2402 0.5009 0.4991
2403 0.5067 0.4933
2404 0.5 0.5
2405 0.5072 0.4928
2406 0.5077 0.4923
2407 0.4989 0.5011
2408 0.5013 0.4987
2409 0.5025 0.4975
2410 0.5017 0.4983
2411 0.4993 0.5007
2412 0.5015 0.4985
2413 0.5025 0.4975
2414 0.5017 0.4983
2415 0.4976 0.5024
2416 0.4985 0.5015
2417 0.5044 0.4956
2418 0.5085 0.4915
2419 0.5031 0.4969
2420 0.5078 0.4922
2421 0.5068 0.4932
2422 0.5021 0.4979
2423 0.502 0.498
2424 0.513 0.487
2425 0.5035 0.4965
2426 0.5024 0.4976
2427 0.5013 0.4987
2428 0.5032 0.4968
2429 0.499 0.501
2430 0.509 0.491
2431 0.5026 0.4974
2432 0.5031 0.4969
2433 0.4958 0.5042
2434 0.5026 0.4974
2435 0.5022 0.4978
2436 0.5093 0.4907
2437 0.5018 0.4982
2438 0.5074 0.4926
2439 0.5095 0.4905
2440 0.4995 0.5005
2441 0.4976 0.5024
2442 0.5068 0.4932
2443 0.5015 0.4985
2444 0.498 0.502
2445 0.5002 0.4998
2446 0.502 0.498
2447 0.5067 0.4933
2448 0.5041 0.4959
2449 0.4989 0.5011
2450 0.4966 0.5034
2451 0.5071 0.4929
2452 0.5034 0.4966
2453 0.5028 0.4972
2454 0.5074 0.4926
2455 0.5033 0.4967
2456 0.5027 0.4973
2457 0.5012 0.4988
2458 0.5042 0.4958
2459 0.5036 0.4964
2460 0.4962 0.5038
2461 0.4999 0.5001
2462 0.5021 0.4979
2463 0.4971 0.5029
2464 0.5056 0.4944
2465 0.5005 0.4995
2466 0.5042 0.4958
2467 0.4945 0.5055
2468 0.498 0.502
2469 0.4983 0.5017
2470 0.5057 0.4943
2471 0.5026 0.4974
2472 0.5026 0.4974
2473 0.5053 0.4947
2474 0.5049 0.4951
2475 0.5037 0.4963
2476 0.5006 0.4994
2477 0.5037 0.4963
2478 0.5089 0.4911
2479 0.4997 0.5003
2480 0.499 0.501
2481 0.4966 0.5034
2482 0.4977 0.5023
2483 0.4908 0.5092
2484 0.4963 0.5037
2485 0.4999 0.5001
2486 0.4976 0.5024
2487 0.501 0.499
2488 0.4959 0.5041
2489 0.5056 0.4944
2490 0.5026 0.4974
2491 0.5054 0.4946
2492 0.5042 0.4958
2493 0.5 0.5
2494 0.4993 0.5007
2495 0.5062 0.4938
2496 0.5058 0.4942
2497 0.5032 0.4968
2498 0.5061 0.4939
2499 0.5015 0.4985
2500 0.5083 0.4917
2501 0.4937 0.5063
2502 0.5035 0.4965
2503 0.508 0.492
2504 0.5031 0.4969
2505 0.5017 0.4983
2506 0.4994 0.5006
2507 0.4971 0.5029
2508 0.5009 0.4991
2509 0.4988 0.5012
2510 0.5043 0.4957
2511 0.4956 0.5044
2512 0.5058 0.4942
2513 0.5034 0.4966
2514 0.5019 0.4981
2515 0.5119 0.4881
2516 0.5057 0.4943
2517 0.5028 0.4972
2518 0.498 0.502
2519 0.5024 0.4976
2520 0.5043 0.4957
2521 0.5036 0.4964
2522 0.5037 0.4963
2523 0.4985 0.5015
2524 0.4995 0.5005
2525 0.5118 0.4882
2526 0.4963 0.5037
2527 0.5 0.5
2528 0.5054 0.4946
2529 0.5021 0.4979
2530 0.4971 0.5029
2531 0.503 0.497
2532 0.5044 0.4956
2533 0.5014 0.4986
2534 0.4979 0.5021
2535 0.5099 0.4901
2536 0.4986 0.5014
2537 0.4999 0.5001
2538 0.4996 0.5004
2539 0.4967 0.5033
2540 0.5052 0.4948
2541 0.5019 0.4981
2542 0.4982 0.5018
2543 0.5027 0.4973
2544 0.4986 0.5014
2545 0.5023 0.4977
2546 0.497 0.503
2547 0.5036 0.4964
2548 0.4996 0.5004
2549 0.5076 0.4924
2550 0.5017 0.4983
2551 0.4999 0.5001
2552 0.4997 0.5003
2553 0.5005 0.4995
2554 0.5015 0.4985
2555 0.5002 0.4998
2556 0.4951 0.5049
2557 0.496 0.504
2558 0.5003 0.4997
2559 0.498 0.502
2560 0.497 0.503
2561 0.502 0.498
2562 0.5063 0.4937
2563 0.4988 0.5012
2564 0.5017 0.4983
2565 0.5022 0.4978
2566 0.4998 0.5002
2567 0.5038 0.4962
2568 0.5045 0.4955
2569 0.5029 0.4971
2570 0.5013 0.4987
2571 0.5005 0.4995
2572 0.4988 0.5012
2573 0.4993 0.5007
2574 0.5042 0.4958
2575 0.5047 0.4953
2576 0.5026 0.4974
2577 0.4985 0.5015
2578 0.5 0.5
2579 0.4961 0.5039
2580 0.4979 0.5021
2581 0.5065 0.4935
2582 0.5021 0.4979
2583 0.5015 0.4985
2584 0.4991 0.5009
2585 0.4989 0.5011
2586 0.5007 0.4993
2587 0.5011 0.4989
2588 0.5048 0.4952
2589 0.4993 0.5007
2590 0.4978 0.5022
2591 0.5015 0.4985
2592 0.4989 0.5011
2593 0.497 0.503
2594 0.5017 0.4983
2595 0.502 0.498
2596 0.4946 0.5054
2597 0.4975 0.5025
2598 0.4983 0.5017
2599 0.5008 0.4992
2600 0.5033 0.4967
2601 0.4972 0.5028
2602 0.4974 0.5026
2603 0.4979 0.5021
2604 0.5015 0.4985
2605 0.5017 0.4983
2606 0.5013 0.4987
2607 0.5003 0.4997
2608 0.4998 0.5002
2609 0.498 0.502
2610 0.5005 0.4995
2611 0.5 0.5
2612 0.4963 0.5037
2613 0.5033 0.4967
2614 0.4986 0.5014
2615 0.4989 0.5011
2616 0.5013 0.4987
2617 0.5057 0.4943
2618 0.502 0.498
2619 0.4996 0.5004
2620 0.5061 0.4939
2621 0.4977 0.5023
2622 0.5027 0.4973
2623 0.4975 0.5025
2624 0.5018 0.4982
2625 0.5002 0.4998
2626 0.5003 0.4997
2627 0.4994 0.5006
2628 0.5011 0.4989
2629 0.4997 0.5003
2630 0.4984 0.5016
2631 0.5087 0.4913
2632 0.4977 0.5023
2633 0.5026 0.4974
2634 0.4986 0.5014
2635 0.5048 0.4952
2636 0.5005 0.4995
2637 0.5006 0.4994
2638 0.4972 0.5028
2639 0.5049 0.4951
2640 0.4991 0.5009
2641 0.4993 0.5007
2642 0.4981 0.5019
2643 0.5026 0.4974
2644 0.4979 0.5021
2645 0.503 0.497
2646 0.4993 0.5007
2647 0.5031 0.4969
2648 0.5095 0.4905
2649 0.5039 0.4961
2650 0.505 0.495
2651 0.5049 0.4951
2652 0.5009 0.4991
2653 0.4972 0.5028
2654 0.5046 0.4954
2655 0.5015 0.4985
2656 0.4975 0.5025
2657 0.5042 0.4958
2658 0.4971 0.5029
2659 0.5014 0.4986
2660 0.5013 0.4987
2661 0.5049 0.4951
2662 0.5017 0.4983
2663 0.4978 0.5022
2664 0.4958 0.5042
2665 0.5004 0.4996
2666 0.5039 0.4961
2667 0.5042 0.4958
2668 0.501 0.499
2669 0.4991 0.5009
2670 0.4989 0.5011
2671 0.4992 0.5008
2672 0.5066 0.4934
2673 0.5025 0.4975
2674 0.5011 0.4989
2675 0.499 0.501
2676 0.5034 0.4966
2677 0.5027 0.4973
2678 0.4997 0.5003
2679 0.505 0.495
2680 0.502 0.498
2681 0.5055 0.4945
2682 0.497 0.503
2683 0.5014 0.4986
2684 0.4961 0.5039
2685 0.5032 0.4968
2686 0.5007 0.4993
2687 0.5084 0.4916
2688 0.5039 0.4961
2689 0.5031 0.4969
2690 0.5024 0.4976
2691 0.5063 0.4937
2692 0.5015 0.4985
2693 0.4995 0.5005
2694 0.5032 0.4968
2695 0.507 0.493
2696 0.5053 0.4947
2697 0.5061 0.4939
2698 0.4967 0.5033
2699 0.4991 0.5009
2700 0.5029 0.4971
2701 0.4989 0.5011
2702 0.4992 0.5008
2703 0.5009 0.4991
2704 0.4992 0.5008
2705 0.5013 0.4987
2706 0.5022 0.4978
2707 0.5023 0.4977
2708 0.5048 0.4952
2709 0.504 0.496
2710 0.5049 0.4951
2711 0.4994 0.5006
2712 0.5033 0.4967
2713 0.5043 0.4957
2714 0.5012 0.4988
2715 0.4946 0.5054
2716 0.4967 0.5033
2717 0.5047 0.4953
2718 0.4971 0.5029
2719 0.4975 0.5025
2720 0.5016 0.4984
2721 0.4985 0.5015
2722 0.5042 0.4958
2723 0.4985 0.5015
2724 0.4999 0.5001
2725 0.5035 0.4965
2726 0.4991 0.5009
2727 0.5041 0.4959
2728 0.5064 0.4936
2729 0.5052 0.4948
2730 0.4965 0.5035
2731 0.4976 0.5024
2732 0.501 0.499
2733 0.4992 0.5008
2734 0.4975 0.5025
2735 0.5027 0.4973
2736 0.5051 0.4949
2737 0.4996 0.5004
2738 0.4957 0.5043
2739 0.4973 0.5027
2740 0.5033 0.4967
2741 0.5034 0.4966
2742 0.506 0.494
2743 0.4968 0.5032
2744 0.5042 0.4958
2745 0.5057 0.4943
2746 0.5049 0.4951
2747 0.4993 0.5007
2748 0.5018 0.4982
2749 0.4983 0.5017
2750 0.498 0.502
2751 0.499 0.501
2752 0.4984 0.5016
2753 0.5075 0.4925
2754 0.5047 0.4953
2755 0.5019 0.4981
2756 0.5031 0.4969
2757 0.4994 0.5006
2758 0.4983 0.5017
2759 0.5023 0.4977
2760 0.5045 0.4955
2761 0.5097 0.4903
2762 0.4954 0.5046
2763 0.5052 0.4948
2764 0.4988 0.5012
2765 0.5027 0.4973
2766 0.4987 0.5013
2767 0.5003 0.4997
2768 0.4968 0.5032
2769 0.4992 0.5008
2770 0.5013 0.4987
2771 0.5011 0.4989
2772 0.5 0.5
2773 0.4989 0.5011
2774 0.5033 0.4967
2775 0.5053 0.4947
2776 0.4989 0.5011
2777 0.5014 0.4986
2778 0.5025 0.4975
2779 0.5036 0.4964
2780 0.5026 0.4974
2781 0.4967 0.5033
2782 0.5037 0.4963
2783 0.5012 0.4988
2784 0.5022 0.4978
2785 0.4971 0.5029
2786 0.5027 0.4973
2787 0.5008 0.4992
2788 0.5029 0.4971
2789 0.4968 0.5032
2790 0.5007 0.4993
2791 0.5021 0.4979
2792 0.5012 0.4988
2793 0.4997 0.5003
2794 0.5009 0.4991
2795 0.5014 0.4986
2796 0.5045 0.4955
2797 0.4996 0.5004
2798 0.4996 0.5004
2799 0.505 0.495
2800 0.4994 0.5006
2801 0.4982 0.5018
2802 0.5048 0.4952
2803 0.4993 0.5007
2804 0.5001 0.4999
2805 0.503 0.497
2806 0.4965 0.5035
2807 0.4997 0.5003
2808 0.5018 0.4982
2809 0.5013 0.4987
2810 0.4983 0.5017
2811 0.5021 0.4979
2812 0.5012 0.4988
2813 0.5006 0.4994
2814 0.4994 0.5006
2815 0.4981 0.5019
2816 0.5075 0.4925
2817 0.4994 0.5006
2818 0.4977 0.5023
2819 0.5035 0.4965
2820 0.5044 0.4956
2821 0.5032 0.4968
2822 0.5015 0.4985
2823 0.5027 0.4973
2824 0.502 0.498
2825 0.501 0.499
2826 0.5008 0.4992
2827 0.5049 0.4951
2828 0.5027 0.4973
2829 0.5002 0.4998
2830 0.5025 0.4975
2831 0.5031 0.4969
2832 0.5001 0.4999
2833 0.4988 0.5012
2834 0.5035 0.4965
2835 0.5002 0.4998
2836 0.4992 0.5008
2837 0.5023 0.4977
2838 0.4988 0.5012
2839 0.4973 0.5027
2840 0.4967 0.5033
2841 0.5039 0.4961
2842 0.5037 0.4963
2843 0.5002 0.4998
2844 0.4984 0.5016
2845 0.5015 0.4985
2846 0.502 0.498
2847 0.5046 0.4954
2848 0.5019 0.4981
2849 0.5021 0.4979
2850 0.5032 0.4968
2851 0.4983 0.5017
2852 0.5074 0.4926
2853 0.5007 0.4993
2854 0.4976 0.5024
2855 0.5015 0.4985
2856 0.5007 0.4993
2857 0.5023 0.4977
2858 0.4984 0.5016
2859 0.5016 0.4984
2860 0.4974 0.5026
2861 0.4982 0.5018
2862 0.4985 0.5015
2863 0.4985 0.5015
2864 0.4964 0.5036
2865 0.4993 0.5007
2866 0.4994 0.5006
2867 0.4992 0.5008
2868 0.5006 0.4994
2869 0.4985 0.5015
2870 0.4993 0.5007
2871 0.5038 0.4962
2872 0.4937 0.5063
2873 0.495 0.505
2874 0.5032 0.4968
2875 0.4989 0.5011
2876 0.4923 0.5077
2877 0.498 0.502
2878 0.4962 0.5038
2879 0.4974 0.5026
2880 0.4985 0.5015
2881 0.5027 0.4973
2882 0.5033 0.4967
2883 0.5055 0.4945
2884 0.5045 0.4955
2885 0.5012 0.4988
2886 0.5009 0.4991
2887 0.5025 0.4975
2888 0.5042 0.4958
2889 0.5007 0.4993
2890 0.5031 0.4969
2891 0.4998 0.5002
2892 0.5011 0.4989
2893 0.5006 0.4994
2894 0.4926 0.5074
2895 0.5008 0.4992
2896 0.5004 0.4996
2897 0.4969 0.5031
2898 0.5027 0.4973
2899 0.5036 0.4964
2900 0.5024 0.4976
2901 0.5044 0.4956
2902 0.5033 0.4967
2903 0.4972 0.5028
2904 0.5028 0.4972
2905 0.5011 0.4989
2906 0.5009 0.4991
2907 0.5009 0.4991
2908 0.5 0.5
2909 0.4987 0.5013
2910 0.4998 0.5002
2911 0.4995 0.5005
2912 0.4961 0.5039
2913 0.4959 0.5041
2914 0.5012 0.4988
2915 0.5035 0.4965
2916 0.5007 0.4993
2917 0.503 0.497
2918 0.5033 0.4967
2919 0.4964 0.5036
2920 0.5039 0.4961
2921 0.4992 0.5008
2922 0.5 0.5
2923 0.5 0.5
2924 0.4975 0.5025
2925 0.4977 0.5023
2926 0.4946 0.5054
2927 0.4979 0.5021
2928 0.5021 0.4979
2929 0.4983 0.5017
2930 0.5004 0.4996
2931 0.4951 0.5049
2932 0.5003 0.4997
2933 0.4949 0.5051
2934 0.5035 0.4965
2935 0.5035 0.4965
2936 0.4983 0.5017
2937 0.4974 0.5026
2938 0.5035 0.4965
2939 0.4951 0.5049
2940 0.5027 0.4973
2941 0.4956 0.5044
2942 0.4966 0.5034
2943 0.5062 0.4938
2944 0.4996 0.5004
2945 0.5004 0.4996
2946 0.502 0.498
2947 0.4994 0.5006
2948 0.4978 0.5022
2949 0.5038 0.4962
2950 0.4983 0.5017
2951 0.5021 0.4979
2952 0.4966 0.5034
2953 0.5003 0.4997
2954 0.5016 0.4984
2955 0.5021 0.4979
2956 0.4966 0.5034
2957 0.4922 0.5078
2958 0.4973 0.5027
2959 0.495 0.505
2960 0.498 0.502
2961 0.4975 0.5025
2962 0.5036 0.4964
2963 0.4956 0.5044
2964 0.4976 0.5024
2965 0.5045 0.4955
2966 0.498 0.502
2967 0.5018 0.4982
2968 0.4988 0.5012
2969 0.5003 0.4997
2970 0.4983 0.5017
2971 0.5014 0.4986
2972 0.5043 0.4957
2973 0.4974 0.5026
2974 0.5048 0.4952
2975 0.4964 0.5036
2976 0.5013 0.4987
2977 0.4976 0.5024
2978 0.4998 0.5002
2979 0.4933 0.5067
2980 0.4951 0.5049
2981 0.4969 0.5031
2982 0.4999 0.5001
2983 0.5031 0.4969
2984 0.503 0.497
2985 0.5001 0.4999
2986 0.5009 0.4991
2987 0.4955 0.5045
2988 0.4971 0.5029
2989 0.4977 0.5023
2990 0.5052 0.4948
2991 0.5012 0.4988
2992 0.5007 0.4993
2993 0.4987 0.5013
2994 0.4969 0.5031
2995 0.4956 0.5044
2996 0.5018 0.4982
2997 0.4972 0.5028
2998 0.4985 0.5015
2999 0.4996 0.5004
3000 0.4948 0.5052
3001 0.5021 0.4979
3002 0.504 0.496
3003 0.499 0.501
3004 0.4965 0.5035
3005 0.4965 0.5035
3006 0.4978 0.5022
3007 0.4976 0.5024
3008 0.5008 0.4992
3009 0.5027 0.4973
3010 0.4976 0.5024
3011 0.5064 0.4936
3012 0.5058 0.4942
3013 0.4967 0.5033
3014 0.5017 0.4983
3015 0.5003 0.4997
3016 0.4995 0.5005
3017 0.5016 0.4984
3018 0.4978 0.5022
3019 0.503 0.497
3020 0.5018 0.4982
3021 0.5004 0.4996
3022 0.5016 0.4984
3023 0.4964 0.5036
3024 0.501 0.499
3025 0.4954 0.5046
3026 0.4977 0.5023
3027 0.5008 0.4992
3028 0.4963 0.5037
3029 0.4979 0.5021
3030 0.4953 0.5047
3031 0.5048 0.4952
3032 0.5018 0.4982
3033 0.5007 0.4993
3034 0.5015 0.4985
3035 0.5032 0.4968
3036 0.4979 0.5021
3037 0.4977 0.5023
3038 0.4999 0.5001
3039 0.5015 0.4985
3040 0.4988 0.5012
3041 0.4959 0.5041
3042 0.5006 0.4994
3043 0.4971 0.5029
3044 0.4968 0.5032
3045 0.495 0.505
3046 0.4965 0.5035
3047 0.496 0.504
3048 0.4995 0.5005
3049 0.4973 0.5027
3050 0.4959 0.5041
3051 0.4996 0.5004
3052 0.5024 0.4976
3053 0.4991 0.5009
3054 0.4981 0.5019
3055 0.4995 0.5005
3056 0.4998 0.5002
3057 0.5001 0.4999
3058 0.4981 0.5019
3059 0.5023 0.4977
3060 0.4934 0.5066
3061 0.5029 0.4971
3062 0.4963 0.5037
3063 0.5017 0.4983
3064 0.4988 0.5012
3065 0.4996 0.5004
3066 0.4989 0.5011
3067 0.4975 0.5025
3068 0.4991 0.5009
3069 0.5006 0.4994
3070 0.4978 0.5022
3071 0.5033 0.4967
3072 0.4949 0.5051
3073 0.5034 0.4966
3074 0.4988 0.5012
3075 0.5048 0.4952
3076 0.5001 0.4999
3077 0.4945 0.5055
3078 0.5038 0.4962
3079 0.4984 0.5016
3080 0.5004 0.4996
3081 0.5022 0.4978
3082 0.4929 0.5071
3083 0.4947 0.5053
3084 0.5018 0.4982
3085 0.4999 0.5001
3086 0.5021 0.4979
3087 0.5006 0.4994
3088 0.4995 0.5005
3089 0.4987 0.5013
3090 0.4974 0.5026
3091 0.4984 0.5016
3092 0.4991 0.5009
3093 0.5009 0.4991
3094 0.4935 0.5065
3095 0.5014 0.4986
3096 0.4999 0.5001
3097 0.5009 0.4991
3098 0.4994 0.5006
3099 0.4929 0.5071
3100 0.4999 0.5001
3101 0.4996 0.5004
3102 0.4957 0.5043
3103 0.5024 0.4976
3104 0.4995 0.5005
3105 0.4976 0.5024
3106 0.497 0.503
3107 0.5011 0.4989
3108 0.4963 0.5037
3109 0.4995 0.5005
3110 0.4994 0.5006
3111 0.502 0.498
3112 0.5044 0.4956
3113 0.5035 0.4965
3114 0.5029 0.4971
3115 0.5011 0.4989
3116 0.4941 0.5059
3117 0.497 0.503
3118 0.5046 0.4954
3119 0.5003 0.4997
3120 0.5006 0.4994
3121 0.4996 0.5004
3122 0.5052 0.4948
3123 0.4917 0.5083
3124 0.5015 0.4985
3125 0.4954 0.5046
3126 0.5 0.5
3127 0.5013 0.4987
3128 0.4973 0.5027
3129 0.4997 0.5003
3130 0.4958 0.5042
3131 0.499 0.501
3132 0.4967 0.5033
3133 0.4935 0.5065
3134 0.4979 0.5021
3135 0.4955 0.5045
3136 0.4982 0.5018
3137 0.5005 0.4995
3138 0.4985 0.5015
3139 0.5057 0.4943
3140 0.4956 0.5044
3141 0.499 0.501
3142 0.5004 0.4996
3143 0.5009 0.4991
3144 0.4982 0.5018
3145 0.4975 0.5025
3146 0.5019 0.4981
3147 0.5015 0.4985
3148 0.4956 0.5044
3149 0.5009 0.4991
3150 0.5008 0.4992
3151 0.4982 0.5018
3152 0.5035 0.4965
3153 0.4966 0.5034
3154 0.4967 0.5033
3155 0.4964 0.5036
3156 0.5004 0.4996
3157 0.5039 0.4961
3158 0.5001 0.4999
3159 0.4979 0.5021
3160 0.5014 0.4986
3161 0.4987 0.5013
3162 0.4967 0.5033
3163 0.4979 0.5021
3164 0.4975 0.5025
3165 0.5003 0.4997
3166 0.5025 0.4975
3167 0.4999 0.5001
3168 0.4978 0.5022
3169 0.4971 0.5029
3170 0.4924 0.5076
3171 0.4966 0.5034
3172 0.4968 0.5032
3173 0.4953 0.5047
3174 0.4962 0.5038
3175 0.499 0.501
3176 0.4969 0.5031
3177 0.4979 0.5021
3178 0.4999 0.5001
3179 0.4999 0.5001
3180 0.4964 0.5036
3181 0.4975 0.5025
3182 0.4924 0.5076
3183 0.5008 0.4992
3184 0.4965 0.5035
3185 0.5003 0.4997
3186 0.4945 0.5055
3187 0.4956 0.5044
3188 0.4979 0.5021
3189 0.4954 0.5046
3190 0.499 0.501
3191 0.4993 0.5007
3192 0.5011 0.4989
3193 0.5006 0.4994
3194 0.499 0.501
3195 0.4948 0.5052
3196 0.4954 0.5046
3197 0.4936 0.5064
3198 0.4985 0.5015
3199 0.4978 0.5022
3200 0.4988 0.5012
3201 0.501 0.499
3202 0.495 0.505
3203 0.4917 0.5083
3204 0.4981 0.5019
3205 0.4961 0.5039
3206 0.4996 0.5004
3207 0.4971 0.5029
3208 0.4959 0.5041
3209 0.497 0.503
3210 0.4982 0.5018
3211 0.496 0.504
3212 0.5037 0.4963
3213 0.4983 0.5017
3214 0.4937 0.5063
3215 0.4968 0.5032
3216 0.4989 0.5011
3217 0.4988 0.5012
3218 0.4994 0.5006
3219 0.5027 0.4973
3220 0.5014 0.4986
3221 0.497 0.503
3222 0.497 0.503
3223 0.4988 0.5012
3224 0.4927 0.5073
3225 0.4926 0.5074
3226 0.4998 0.5002
3227 0.4973 0.5027
3228 0.4967 0.5033
3229 0.5045 0.4955
3230 0.5034 0.4966
3231 0.4964 0.5036
3232 0.497 0.503
3233 0.4973 0.5027
3234 0.5015 0.4985
3235 0.5018 0.4982
3236 0.4986 0.5014
3237 0.5002 0.4998
3238 0.5015 0.4985
3239 0.4971 0.5029
3240 0.5009 0.4991
3241 0.4967 0.5033
3242 0.4966 0.5034
3243 0.5 0.5
3244 0.4936 0.5064
3245 0.5031 0.4969
3246 0.4921 0.5079
3247 0.4982 0.5018
3248 0.4954 0.5046
3249 0.4977 0.5023
3250 0.4977 0.5023
3251 0.4949 0.5051
3252 0.4961 0.5039
3253 0.4964 0.5036
3254 0.4974 0.5026
3255 0.5001 0.4999
3256 0.4955 0.5045
3257 0.4998 0.5002
3258 0.5026 0.4974
3259 0.4984 0.5016
3260 0.4973 0.5027
3261 0.4955 0.5045
3262 0.4953 0.5047
3263 0.5005 0.4995
3264 0.4987 0.5013
3265 0.4982 0.5018
3266 0.4945 0.5055
3267 0.4945 0.5055
3268 0.4999 0.5001
3269 0.4963 0.5037
3270 0.4961 0.5039
3271 0.5003 0.4997
3272 0.4941 0.5059
3273 0.4962 0.5038
3274 0.4991 0.5009
3275 0.4977 0.5023
3276 0.5042 0.4958
3277 0.4967 0.5033
3278 0.4994 0.5006
3279 0.498 0.502
3280 0.4972 0.5028
3281 0.5009 0.4991
3282 0.4969 0.5031
3283 0.4973 0.5027
3284 0.4977 0.5023
3285 0.4981 0.5019
3286 0.4905 0.5095
3287 0.499 0.501
3288 0.4987 0.5013
3289 0.4962 0.5038
3290 0.4975 0.5025
3291 0.4961 0.5039
3292 0.5002 0.4998
3293 0.496 0.504
3294 0.4962 0.5038
3295 0.4974 0.5026
3296 0.4974 0.5026
3297 0.4929 0.5071
3298 0.497 0.503
3299 0.4973 0.5027
3300 0.4963 0.5037
3301 0.4989 0.5011
3302 0.4988 0.5012
3303 0.4948 0.5052
3304 0.4997 0.5003
3305 0.4966 0.5034
3306 0.499 0.501
3307 0.4964 0.5036
3308 0.4967 0.5033
3309 0.495 0.505
3310 0.4955 0.5045
3311 0.4932 0.5068
3312 0.4946 0.5054
3313 0.4953 0.5047
3314 0.4922 0.5078
3315 0.4971 0.5029
3316 0.4934 0.5066
3317 0.5006 0.4994
3318 0.4946 0.5054
3319 0.4964 0.5036
3320 0.4982 0.5018
3321 0.4938 0.5062
3322 0.5001 0.4999
3323 0.4981 0.5019
3324 0.4985 0.5015
3325 0.4968 0.5032
3326 0.4957 0.5043
3327 0.4992 0.5008
3328 0.4944 0.5056
3329 0.5013 0.4987
3330 0.4974 0.5026
3331 0.5001 0.4999
3332 0.4915 0.5085
3333 0.4981 0.5019
3334 0.4975 0.5025
3335 0.4987 0.5013
3336 0.4953 0.5047
3337 0.4909 0.5091
3338 0.4952 0.5048
3339 0.5006 0.4994
3340 0.4943 0.5057
3341 0.4971 0.5029
3342 0.4931 0.5069
3343 0.4953 0.5047
3344 0.4945 0.5055
3345 0.4985 0.5015
3346 0.4927 0.5073
3347 0.4983 0.5017
3348 0.4918 0.5082
3349 0.4991 0.5009
3350 0.495 0.505
3351 0.4987 0.5013
3352 0.4937 0.5063
3353 0.4962 0.5038
3354 0.4975 0.5025
3355 0.4893 0.5107
3356 0.4966 0.5034
3357 0.4962 0.5038
3358 0.4956 0.5044
3359 0.4938 0.5062
3360 0.498 0.502
3361 0.4971 0.5029
3362 0.4935 0.5065
3363 0.5007 0.4993
3364 0.4981 0.5019
3365 0.4963 0.5037
3366 0.4995 0.5005
3367 0.4928 0.5072
3368 0.4946 0.5054
3369 0.4991 0.5009
3370 0.4991 0.5009
3371 0.4958 0.5042
3372 0.4955 0.5045
3373 0.5007 0.4993
3374 0.4942 0.5058
3375 0.4936 0.5064
3376 0.495 0.505
3377 0.4951 0.5049
3378 0.4964 0.5036
3379 0.5009 0.4991
3380 0.4935 0.5065
3381 0.4941 0.5059
3382 0.4947 0.5053
3383 0.498 0.502
3384 0.5007 0.4993
3385 0.4959 0.5041
3386 0.4972 0.5028
3387 0.4957 0.5043
3388 0.4962 0.5038
3389 0.4983 0.5017
3390 0.4949 0.5051
3391 0.4936 0.5064
3392 0.4928 0.5072
3393 0.4932 0.5068
3394 0.4969 0.5031
3395 0.493 0.507
3396 0.4956 0.5044
3397 0.4974 0.5026
3398 0.4956 0.5044
3399 0.4945 0.5055
3400 0.4982 0.5018
3401 0.4934 0.5066
3402 0.4945 0.5055
3403 0.4892 0.5108
3404 0.4954 0.5046
3405 0.4966 0.5034
3406 0.4974 0.5026
3407 0.5016 0.4984
3408 0.4917 0.5083
3409 0.4955 0.5045
3410 0.4973 0.5027
3411 0.4994 0.5006
3412 0.4944 0.5056
3413 0.499 0.501
3414 0.4993 0.5007
3415 0.4923 0.5077
3416 0.4965 0.5035
3417 0.4954 0.5046
3418 0.4878 0.5122
3419 0.4939 0.5061
3420 0.4941 0.5059
3421 0.4943 0.5057
3422 0.491 0.509
3423 0.4969 0.5031
3424 0.501 0.499
3425 0.502 0.498
3426 0.4922 0.5078
3427 0.4988 0.5012
3428 0.4925 0.5075
3429 0.4901 0.5099
3430 0.5024 0.4976
3431 0.4971 0.5029
3432 0.4967 0.5033
3433 0.4907 0.5093
3434 0.5008 0.4992
3435 0.4949 0.5051
3436 0.4957 0.5043
3437 0.4985 0.5015
3438 0.4934 0.5066
3439 0.4909 0.5091
3440 0.4974 0.5026
3441 0.5028 0.4972
3442 0.4942 0.5058
3443 0.4943 0.5057
3444 0.4933 0.5067
3445 0.4951 0.5049
3446 0.4962 0.5038
3447 0.4936 0.5064
3448 0.5019 0.4981
3449 0.4927 0.5073
3450 0.4938 0.5062
3451 0.4967 0.5033
3452 0.5028 0.4972
3453 0.4922 0.5078
3454 0.4978 0.5022
3455 0.4942 0.5058
3456 0.4955 0.5045
3457 0.4969 0.5031
3458 0.4921 0.5079
3459 0.4956 0.5044
3460 0.4974 0.5026
3461 0.4941 0.5059
3462 0.4984 0.5016
3463 0.4983 0.5017
3464 0.4939 0.5061
3465 0.5001 0.4999
3466 0.4957 0.5043
3467 0.4962 0.5038
3468 0.4967 0.5033
3469 0.4903 0.5097
3470 0.4907 0.5093
3471 0.5019 0.4981
3472 0.4909 0.5091
3473 0.4988 0.5012
3474 0.4987 0.5013
3475 0.4919 0.5081
3476 0.4964 0.5036
3477 0.494 0.506
3478 0.4923 0.5077
3479 0.4985 0.5015
3480 0.4969 0.5031
3481 0.4957 0.5043
3482 0.4971 0.5029
3483 0.4994 0.5006
3484 0.4942 0.5058
3485 0.4938 0.5062
3486 0.4937 0.5063
3487 0.4966 0.5034
3488 0.4964 0.5036
3489 0.4961 0.5039
3490 0.4933 0.5067
3491 0.4943 0.5057
3492 0.4904 0.5096
3493 0.4994 0.5006
3494 0.4907 0.5093
3495 0.4937 0.5063
3496 0.4958 0.5042
3497 0.4956 0.5044
3498 0.49 0.51
3499 0.4917 0.5083
3500 0.494 0.506
3501 0.4951 0.5049
3502 0.4932 0.5068
3503 0.4954 0.5046
3504 0.497 0.503
3505 0.4898 0.5102
3506 0.4996 0.5004
3507 0.5001 0.4999
3508 0.4963 0.5037
3509 0.4919 0.5081
3510 0.4909 0.5091
3511 0.4968 0.5032
3512 0.4925 0.5075
3513 0.4926 0.5074
3514 0.4992 0.5008
3515 0.4938 0.5062
3516 0.4853 0.5147
3517 0.4926 0.5074
3518 0.4919 0.5081
3519 0.49 0.51
3520 0.4887 0.5113
3521 0.4964 0.5036
3522 0.4941 0.5059
3523 0.4927 0.5073
3524 0.4915 0.5085
3525 0.4962 0.5038
3526 0.4888 0.5112
3527 0.4928 0.5072
3528 0.4943 0.5057
3529 0.4953 0.5047
3530 0.4936 0.5064
3531 0.4978 0.5022
3532 0.4965 0.5035
3533 0.492 0.508
3534 0.4934 0.5066
3535 0.4921 0.5079
3536 0.4908 0.5092
3537 0.4827 0.5173
3538 0.4912 0.5088
3539 0.4955 0.5045
3540 0.4996 0.5004
3541 0.4933 0.5067
3542 0.4965 0.5035
3543 0.4924 0.5076
3544 0.4957 0.5043
3545 0.491 0.509
3546 0.4915 0.5085
3547 0.5047 0.4953
3548 0.494 0.506
3549 0.4961 0.5039
3550 0.4954 0.5046
3551 0.4926 0.5074
3552 0.495 0.505
3553 0.4916 0.5084
3554 0.487 0.513
3555 0.4987 0.5013
3556 0.4977 0.5023
3557 0.496 0.504
3558 0.4965 0.5035
3559 0.494 0.506
3560 0.4989 0.5011
3561 0.4919 0.5081
3562 0.4954 0.5046
3563 0.4934 0.5066
3564 0.4972 0.5028
3565 0.4958 0.5042
3566 0.4962 0.5038
3567 0.5011 0.4989
3568 0.4931 0.5069
3569 0.5021 0.4979
3570 0.4957 0.5043
3571 0.4879 0.5121
3572 0.4915 0.5085
3573 0.4924 0.5076
3574 0.496 0.504
3575 0.4965 0.5035
3576 0.4956 0.5044
3577 0.495 0.505
3578 0.4942 0.5058
3579 0.4972 0.5028
3580 0.4966 0.5034
3581 0.4956 0.5044
3582 0.4956 0.5044
3583 0.498 0.502
3584 0.4949 0.5051
3585 0.4994 0.5006
3586 0.4927 0.5073
3587 0.4911 0.5089
3588 0.4977 0.5023
3589 0.4906 0.5094
3590 0.4882 0.5118
3591 0.4959 0.5041
3592 0.4881 0.5119
3593 0.4937 0.5063
3594 0.4917 0.5083
3595 0.4959 0.5041
3596 0.491 0.509
3597 0.4942 0.5058
3598 0.4933 0.5067
3599 0.488 0.512
3600 0.4964 0.5036
3601 0.4956 0.5044
3602 0.4973 0.5027
3603 0.4948 0.5052
3604 0.4952 0.5048
3605 0.4926 0.5074
3606 0.4897 0.5103
3607 0.497 0.503
3608 0.4996 0.5004
3609 0.4981 0.5019
3610 0.4856 0.5144
3611 0.4873 0.5127
3612 0.5008 0.4992
3613 0.4933 0.5067
3614 0.494 0.506
3615 0.4967 0.5033
3616 0.5041 0.4959
3617 0.4944 0.5056
3618 0.4949 0.5051
3619 0.4866 0.5134
3620 0.4964 0.5036
3621 0.492 0.508
3622 0.4975 0.5025
3623 0.4933 0.5067
3624 0.495 0.505
3625 0.4964 0.5036
3626 0.4956 0.5044
3627 0.4865 0.5135
3628 0.4939 0.5061
3629 0.4896 0.5104
3630 0.4932 0.5068
3631 0.4952 0.5048
3632 0.4944 0.5056
3633 0.4931 0.5069
3634 0.5013 0.4987
3635 0.4916 0.5084
3636 0.4948 0.5052
3637 0.4828 0.5172
3638 0.4961 0.5039
3639 0.4911 0.5089
3640 0.4951 0.5049
3641 0.495 0.505
3642 0.4899 0.5101
3643 0.4888 0.5112
3644 0.5028 0.4972
3645 0.4946 0.5054
3646 0.4861 0.5139
3647 0.4903 0.5097
3648 0.4847 0.5153
3649 0.4901 0.5099
3650 0.4988 0.5012
3651 0.4958 0.5042
3652 0.4927 0.5073
3653 0.4932 0.5068
3654 0.4923 0.5077
3655 0.491 0.509
3656 0.497 0.503
3657 0.4937 0.5063
3658 0.4941 0.5059
3659 0.4987 0.5013
3660 0.4947 0.5053
3661 0.495 0.505
3662 0.4922 0.5078
3663 0.4912 0.5088
3664 0.4925 0.5075
3665 0.4925 0.5075
3666 0.4993 0.5007
3667 0.4877 0.5123
3668 0.4975 0.5025
3669 0.4969 0.5031
3670 0.4948 0.5052
3671 0.4887 0.5113
3672 0.4947 0.5053
3673 0.4902 0.5098
3674 0.4975 0.5025
3675 0.4913 0.5087
3676 0.4932 0.5068
3677 0.4875 0.5125
3678 0.4894 0.5106
3679 0.4903 0.5097
3680 0.4961 0.5039
3681 0.4938 0.5062
3682 0.4967 0.5033
3683 0.4862 0.5138
3684 0.492 0.508
3685 0.4884 0.5116
3686 0.4946 0.5054
3687 0.5021 0.4979
3688 0.4949 0.5051
3689 0.4944 0.5056
3690 0.4936 0.5064
3691 0.4913 0.5087
3692 0.5013 0.4987
3693 0.4946 0.5054
3694 0.4945 0.5055
3695 0.4914 0.5086
3696 0.4945 0.5055
3697 0.4981 0.5019
3698 0.4921 0.5079
3699 0.4913 0.5087
3700 0.4906 0.5094
3701 0.4905 0.5095
3702 0.4896 0.5104
3703 0.5024 0.4976
3704 0.4952 0.5048
3705 0.4888 0.5112
3706 0.4887 0.5113
3707 0.4871 0.5129
3708 0.4999 0.5001
3709 0.5008 0.4992
3710 0.4828 0.5172
3711 0.4858 0.5142
3712 0.499 0.501
3713 0.4971 0.5029
3714 0.4942 0.5058
3715 0.4947 0.5053
3716 0.4837 0.5163
3717 0.5081 0.4919
3718 0.5005 0.4995
3719 0.4889 0.5111
3720 0.4919 0.5081
3721 0.4883 0.5117
3722 0.4878 0.5122
3723 0.5028 0.4972
3724 0.489 0.511
3725 0.4978 0.5022
3726 0.484 0.516
3727 0.482 0.518
3728 0.4868 0.5132
3729 0.4937 0.5063
3730 0.4791 0.5209
3731 0.4961 0.5039
3732 0.4929 0.5071
3733 0.4896 0.5104
3734 0.4797 0.5203
3735 0.4904 0.5096
3736 0.4844 0.5156
3737 0.4871 0.5129
3738 0.4922 0.5078
3739 0.4888 0.5112
3740 0.4838 0.5162
3741 0.4798 0.5202
3742 0.4892 0.5108
3743 0.4892 0.5108
3744 0.4969 0.5031
3745 0.4998 0.5002
3746 0.4856 0.5144
3747 0.4912 0.5088
3748 0.4869 0.5131
3749 0.4993 0.5007
3750 0.4936 0.5064
3751 0.498 0.502
3752 0.4995 0.5005
3753 0.485 0.515
3754 0.4857 0.5143
3755 0.4887 0.5113
3756 0.4818 0.5182
3757 0.4937 0.5063
3758 0.4883 0.5117
3759 0.4998 0.5002
3760 0.4944 0.5056
3761 0.4924 0.5076
3762 0.4876 0.5124
3763 0.4903 0.5097
3764 0.4974 0.5026
3765 0.4879 0.5121
3766 0.4959 0.5041
3767 0.4876 0.5124
3768 0.488 0.512
3769 0.4887 0.5113
3770 0.4982 0.5018
3771 0.4905 0.5095
3772 0.4946 0.5054
3773 0.4928 0.5072
3774 0.499 0.501
3775 0.4859 0.5141
3776 0.4841 0.5159
3777 0.4927 0.5073
3778 0.4958 0.5042
3779 0.4917 0.5083
3780 0.4891 0.5109
3781 0.4982 0.5018
3782 0.4965 0.5035
3783 0.5055 0.4945
3784 0.4852 0.5148
3785 0.4838 0.5162
3786 0.5014 0.4986
3787 0.4834 0.5166
3788 0.4968 0.5032
3789 0.4943 0.5057
3790 0.4948 0.5052
3791 0.499 0.501
3792 0.4928 0.5072
3793 0.4962 0.5038
3794 0.4819 0.5181
3795 0.4856 0.5144
3796 0.4875 0.5125
3797 0.4919 0.5081
3798 0.4864 0.5136
3799 0.4924 0.5076
3800 0.5025 0.4975
3801 0.4801 0.5199
3802 0.4804 0.5196
3803 0.4841 0.5159
3804 0.4889 0.5111
3805 0.5023 0.4977
3806 0.4845 0.5155
3807 0.4905 0.5095
3808 0.4899 0.5101
3809 0.4936 0.5064
3810 0.4793 0.5207
3811 0.4905 0.5095
3812 0.4751 0.5249
3813 0.4922 0.5078
3814 0.5026 0.4974
3815 0.4966 0.5034
3816 0.4881 0.5119
3817 0.4942 0.5058
3818 0.5009 0.4991
3819 0.4931 0.5069
3820 0.4996 0.5004
3821 0.4936 0.5064
3822 0.4901 0.5099
3823 0.4915 0.5085
3824 0.5102 0.4898
3825 0.4961 0.5039
3826 0.4761 0.5239
3827 0.4907 0.5093
3828 0.4911 0.5089
3829 0.4864 0.5136
3830 0.494 0.506
3831 0.4927 0.5073
3832 0.4888 0.5112
3833 0.5024 0.4976
3834 0.4862 0.5138
3835 0.4951 0.5049
3836 0.5004 0.4996
3837 0.4969 0.5031
3838 0.4828 0.5172
3839 0.4906 0.5094
3840 0.4874 0.5126
3841 0.4939 0.5061
3842 0.4882 0.5118
3843 0.4906 0.5094
3844 0.4842 0.5158
3845 0.4945 0.5055
3846 0.4947 0.5053
3847 0.4954 0.5046
3848 0.486 0.514
3849 0.4951 0.5049
3850 0.4918 0.5082
3851 0.4831 0.5169
3852 0.4886 0.5114
3853 0.5018 0.4982
3854 0.4892 0.5108
3855 0.5002 0.4998
3856 0.5057 0.4943
3857 0.4894 0.5106
3858 0.5046 0.4954
3859 0.4915 0.5085
3860 0.4975 0.5025
3861 0.4883 0.5117
3862 0.4836 0.5164
3863 0.4973 0.5027
3864 0.4985 0.5015
3865 0.4864 0.5136
3866 0.5057 0.4943
3867 0.4951 0.5049
3868 0.4904 0.5096
3869 0.4893 0.5107
3870 0.4915 0.5085
3871 0.4958 0.5042
3872 0.4804 0.5196
3873 0.4896 0.5104
3874 0.4856 0.5144
3875 0.4905 0.5095
3876 0.4925 0.5075
3877 0.485 0.515
3878 0.4904 0.5096
3879 0.4977 0.5023
3880 0.4848 0.5152
3881 0.4953 0.5047
3882 0.4798 0.5202
3883 0.4708 0.5292
3884 0.5027 0.4973
3885 0.4974 0.5026
3886 0.4833 0.5167
3887 0.476 0.524
3888 0.4906 0.5094
3889 0.4873 0.5127
3890 0.4907 0.5093
3891 0.4795 0.5205
3892 0.4848 0.5152
3893 0.4753 0.5247
3894 0.4933 0.5067
3895 0.4762 0.5238
3896 0.4884 0.5116
3897 0.4828 0.5172
3898 0.4945 0.5055
3899 0.4952 0.5048
3900 0.4887 0.5113
3901 0.4834 0.5166
3902 0.4999 0.5001
3903 0.497 0.503
3904 0.4788 0.5212
3905 0.4845 0.5155
3906 0.4845 0.5155
3907 0.4913 0.5087
3908 0.4872 0.5128
3909 0.4964 0.5036
3910 0.4869 0.5131
3911 0.4998 0.5002
3912 0.5019 0.4981
3913 0.4874 0.5126
3914 0.4803 0.5197
3915 0.4749 0.5251
3916 0.4801 0.5199
3917 0.482 0.518
3918 0.4977 0.5023
3919 0.4944 0.5056
3920 0.485 0.515
3921 0.4955 0.5045
3922 0.4914 0.5086
3923 0.4785 0.5215
3924 0.4947 0.5053
3925 0.4811 0.5189
3926 0.4814 0.5186
3927 0.4854 0.5146
3928 0.4914 0.5086
3929 0.4799 0.5201
3930 0.4858 0.5142
3931 0.4856 0.5144
3932 0.4975 0.5025
3933 0.4987 0.5013
3934 0.4906 0.5094
3935 0.4808 0.5192
3936 0.4942 0.5058
3937 0.5049 0.4951
3938 0.5045 0.4955
3939 0.4898 0.5102
3940 0.4884 0.5116
3941 0.4901 0.5099
3942 0.4882 0.5118
3943 0.4968 0.5032
3944 0.4829 0.5171
3945 0.4814 0.5186
3946 0.4798 0.5202
3947 0.4711 0.5289
3948 0.4784 0.5216
3949 0.4773 0.5227
3950 0.4886 0.5114
3951 0.4895 0.5105
3952 0.4901 0.5099
3953 0.4808 0.5192
3954 0.4872 0.5128
3955 0.4956 0.5044
3956 0.4821 0.5179
3957 0.4952 0.5048
3958 0.4835 0.5165
3959 0.4851 0.5149
3960 0.4838 0.5162
3961 0.4816 0.5184
3962 0.4715 0.5285
3963 0.5064 0.4936
3964 0.4932 0.5068
3965 0.4788 0.5212
3966 0.4941 0.5059
3967 0.4959 0.5041
3968 0.4745 0.5255
3969 0.4873 0.5127
3970 0.4776 0.5224
3971 0.4856 0.5144
3972 0.4673 0.5327
3973 0.4841 0.5159
3974 0.506 0.494
3975 0.4775 0.5225
3976 0.4896 0.5104
3977 0.4984 0.5016
3978 0.5124 0.4876
3979 0.4903 0.5097
3980 0.468 0.532
3981 0.4761 0.5239
3982 0.5 0.5
3983 0.4819 0.5181
3984 0.4802 0.5198
3985 0.4929 0.5071
3986 0.4839 0.5161
3987 0.4997 0.5003
3988 0.5022 0.4978
3989 0.473 0.527
3990 0.4986 0.5014
3991 0.4794 0.5206
3992 0.4923 0.5077
3993 0.4931 0.5069
3994 0.481 0.519
3995 0.4737 0.5263
3996 0.4949 0.5051
3997 0.4785 0.5215
3998 0.4901 0.5099
3999 0.4979 0.5021
4000 0.4938 0.5062
4001 0.4979 0.5021
4002 0.4893 0.5107
4003 0.4864 0.5136
4004 0.4783 0.5217
4005 0.4994 0.5006
4006 0.4729 0.5271
4007 0.4924 0.5076
4008 0.4879 0.5121
4009 0.4973 0.5027
4010 0.4803 0.5197
4011 0.4986 0.5014
4012 0.4849 0.5151
4013 0.4911 0.5089
4014 0.4744 0.5256
4015 0.4772 0.5228
4016 0.5152 0.4848
4017 0.4762 0.5238
4018 0.5 0.5
4019 0.5027 0.4973
4020 0.4854 0.5146
4021 0.4954 0.5046
4022 0.483 0.517
4023 0.4796 0.5204
4024 0.4956 0.5044
4025 0.5023 0.4977
4026 0.4965 0.5035
4027 0.4903 0.5097
4028 0.4742 0.5258
4029 0.502 0.498
4030 0.5066 0.4934
4031 0.4582 0.5418
4032 0.5169 0.4831
4033 0.488 0.512
4034 0.4848 0.5152
4035 0.4849 0.5151
4036 0.4783 0.5217
4037 0.4771 0.5229
4038 0.493 0.507
4039 0.4985 0.5015
4040 0.4965 0.5035
4041 0.4907 0.5093
4042 0.4985 0.5015
4043 0.4995 0.5005
4044 0.5029 0.4971
4045 0.4933 0.5067
4046 0.4783 0.5217
4047 0.482 0.518
4048 0.4752 0.5248
4049 0.4904 0.5096
4050 0.4815 0.5185
4051 0.4826 0.5174
4052 0.4718 0.5282
4053 0.4833 0.5167
4054 0.4626 0.5374
4055 0.4814 0.5186
4056 0.489 0.511
4057 0.4832 0.5168
4058 0.4963 0.5037
4059 0.455 0.545
4060 0.4838 0.5162
4061 0.5111 0.4889
4062 0.4536 0.5464
4063 0.4973 0.5027
4064 0.4908 0.5092
4065 0.4973 0.5027
4066 0.502 0.498
4067 0.4934 0.5066
4068 0.498 0.502
4069 0.4741 0.5259
4070 0.4909 0.5091
4071 0.5014 0.4986
4072 0.488 0.512
4073 0.4788 0.5212
4074 0.5021 0.4979
4075 0.4815 0.5185
4076 0.4834 0.5166
4077 0.4932 0.5068
4078 0.4618 0.5382
4079 0.4193 0.5807
4080 0.496 0.504
4081 0.5024 0.4976
4082 0.4891 0.5109
4083 0.4732 0.5268
4084 0.4515 0.5485
4085 0.5149 0.4851
4086 0.4701 0.5299
4087 0.4939 0.5061
4088 0.4651 0.5349
4089 0.5109 0.4891
4090 0.5102 0.4898
4091 0.503 0.497
4092 0.467 0.533
4093 0.4871 0.5129
4094 0.476 0.524
4095 0.4697 0.5303
4096 0.4883 0.5117
4097 0.4863 0.5137
4098 0.4611 0.5389
4099 0.5137 0.4863
4100 0.465 0.535
4101 0.4947 0.5053
4102 0.5176 0.4824
4103 0.4945 0.5055
4104 0.5129 0.4871
4105 0.4534 0.5466
4106 0.4795 0.5205
4107 0.4745 0.5255
4108 0.4928 0.5072
4109 0.4868 0.5132
4110 0.4895 0.5105
4111 0.4979 0.5021
4112 0.504 0.496
4113 0.502 0.498
4114 0.4754 0.5246
4115 0.4273 0.5727
4116 0.45 0.55
4117 0.4736 0.5264
4118 0.4641 0.5359
4119 0.4757 0.5243
4120 0.519 0.481
4121 0.4886 0.5114
4122 0.4412 0.5588
4123 0.4788 0.5212
4124 0.4566 0.5434
4125 0.4646 0.5354
4126 0.5154 0.4846
4127 0.4972 0.5028
4128 0.4975 0.5025
4129 0.5012 0.4988
4130 0.4491 0.5509
4131 0.5039 0.4961
4132 0.4698 0.5302
4133 0.4651 0.5349
4134 0.4679 0.5321
4135 0.466 0.534
4136 0.4354 0.5646
4137 0.4675 0.5325
4138 0.5052 0.4948
4139 0.4823 0.5177
4140 0.5235 0.4765
4141 0.4543 0.5457
4142 0.5014 0.4986
4143 0.5 0.5
4144 0.4898 0.5102
4145 0.4594 0.5406
4146 0.454 0.546
4147 0.4651 0.5349
4148 0.4577 0.5423
4149 0.5176 0.4824
4150 0.5344 0.4656
4151 0.5078 0.4922
4152 0.5149 0.4851
4153 0.4662 0.5338
4154 0.5111 0.4889
4155 0.4503 0.5497
4156 0.4884 0.5116
4157 0.4917 0.5083
4158 0.4696 0.5304
4159 0.4771 0.5229
4160 0.4594 0.5406
4161 0.4286 0.5714
4162 0.5387 0.4613
4163 0.5185 0.4815
4164 0.4517 0.5483
4165 0.4941 0.5059
4166 0.4982 0.5018
4167 0.5189 0.4811
4168 0.5373 0.4627
4169 0.4841 0.5159
4170 0.5203 0.4797
4171 0.4961 0.5039
4172 0.4789 0.5211
4173 0.4979 0.5021
4174 0.5 0.5
4175 0.4767 0.5233
4176 0.4819 0.5181
4177 0.4267 0.5733
4178 0.4882 0.5118
4179 0.5146 0.4854
4180 0.5273 0.4727
4181 0.4634 0.5366
4182 0.4718 0.5282
4183 0.5174 0.4826
4184 0.4816 0.5184
4185 0.4872 0.5128
4186 0.5225 0.4775
4187 0.5062 0.4938
4188 0.4444 0.5556
4189 0.4915 0.5085
4190 0.4583 0.5417
4191 0.516 0.484
4192 0.4573 0.5427
4193 0.4301 0.5699
4194 0.4426 0.5574
4195 0.4294 0.5706
4196 0.4606 0.5394
4197 0.4521 0.5479
4198 0.46 0.54
4199 0.4333 0.5667
4200 0.4654 0.5346
4201 0.4198 0.5802
4202 0.4248 0.5752
4203 0.5038 0.4962
4204 0.4672 0.5328
4205 0.4809 0.5191
4206 0.4661 0.5339
4207 0.5667 0.4333
4208 0.472 0.528
4209 0.5573 0.4427
4210 0.4476 0.5524
4211 0.4844 0.5156
4212 0.5317 0.4683
4213 0.4959 0.5041
4214 0.4911 0.5089
4215 0.4906 0.5094
4216 0.6372 0.3628
4217 0.4219 0.5781
4218 0.4825 0.5175
4219 0.4862 0.5138
4220 0.4327 0.5673
4221 0.5556 0.4444
4222 0.5341 0.4659
4223 0.4194 0.5806
4224 0.5412 0.4588
4225 0.5333 0.4667
4226 0.4318 0.5682
4227 0.5 0.5
4228 0.473 0.527
4229 0.4444 0.5556
4230 0.443 0.557
4231 0.4831 0.5169
4232 0.4681 0.5319
4233 0.4886 0.5114
4234 0.4304 0.5696
4235 0.5 0.5
4236 0.4725 0.5275
4237 0.4225 0.5775
4238 0.6145 0.3855
4239 0.4891 0.5109
4240 0.4535 0.5465
4241 0.5114 0.4886
4242 0.5227 0.4773
4243 0.4268 0.5732
4244 0.575 0.425
4245 0.5667 0.4333
4246 0.5169 0.4831
4247 0.4111 0.5889
4248 0.4722 0.5278
4249 0.5349 0.4651
4250 0.3977 0.6023
4251 0.4324 0.5676
4252 0.4857 0.5143
4253 0.5325 0.4675
4254 0.61 0.39
4255 0.4024 0.5976
4256 0.4714 0.5286
4257 0.4691 0.5309
4258 0.4675 0.5325
4259 0.4935 0.5065
4260 0.5455 0.4545
4261 0.4946 0.5054
4262 0.4026 0.5974
4263 0.5231 0.4769
4264 0.561 0.439
4265 0.4098 0.5902
4266 0.5846 0.4154
4267 0.4 0.6
4268 0.5319 0.4681
4269 0.5806 0.4194
4270 0.4412 0.5588
4271 0.4853 0.5147
4272 0.5195 0.4805
4273 0.5185 0.4815
4274 0.4 0.6
4275 0.5 0.5
4276 0.4737 0.5263
4277 0.5517 0.4483
4278 0.386 0.614
4279 0.55 0.45
4280 0.4038 0.5962
4281 0.6418 0.3582
4282 0.4615 0.5385
4283 0.5 0.5
4284 0.5373 0.4627
4285 0.5 0.5
4286 0.3833 0.6167
4287 0.4694 0.5306
4288 0.537 0.463
4289 0.5679 0.4321
4290 0.4091 0.5909
4291 0.4308 0.5692
4292 0.4478 0.5522
4293 0.4259 0.5741
4294 0.3143 0.6857
4295 0.4286 0.5714
4296 0.5 0.5
4297 0.4524 0.5476
4298 0.4419 0.5581
4299 0.3611 0.6389
4300 0.3333 0.6667
4301 0.6875 0.3125
4302 0.619 0.381
4303 0.5385 0.4615
4304 0.5769 0.4231
4305 0.5714 0.4286
4306 0.4231 0.5769
4307 0.5 0.5
4308 0.625 0.375
4309 0.5769 0.4231
4310 0.6 0.4
4311 0.3667 0.6333
4312 0.4545 0.5455
4313 0.3889 0.6111
4314 0.6154 0.3846
4315 0.4375 0.5625
4316 0.625 0.375
4317 0.4667 0.5333
4318 0.56 0.44
4319 0.4667 0.5333
4320 0.4 0.6
4321 0.4091 0.5909
4322 0.4762 0.5238
4323 0.2857 0.7143
4324 0.6 0.4
4325 0.4211 0.5789
4326 0.3684 0.6316
4327 0.45 0.55
4328 0.25 0.75
4329 0.2857 0.7143
4330 0.3125 0.6875
4331 0.6429 0.3571
4332 0.5294 0.4706
4333 0.4615 0.5385
4334 0.4737 0.5263
4335 0.4667 0.5333
4336 0.1667 0.8333
4337 0.3636 0.6364
4338 0.6667 0.3333
4339 0.6667 0.3333
4340 0.5769 0.4231
4341 0.5161 0.4839
4342 0.2778 0.7222
4343 0.5385 0.4615
4344 0.4167 0.5833
4345 0.4375 0.5625
4346 0.5833 0.4167
4347 0.4615 0.5385
4348 0.5 0.5
4349 0.65 0.35
4350 0.5 0.5
4351 0.3333 0.6667
4352 0.625 0.375
4353 0.6154 0.3846
4354 0.2727 0.7273
4355 0.5714 0.4286
4356 0.5 0.5
4357 0.7273 0.2727
4358 0.4737 0.5263
4359 0.5556 0.4444
4360 0.5 0.5
4361 0.4444 0.5556
4362 0.4444 0.5556
4363 0.625 0.375
4364 0.6842 0.3158
4365 0.4 0.6
4366 0.5625 0.4375
4367 0.2308 0.7692
4368 0.7143 0.2857
4369 0.5556 0.4444
4370 0.4667 0.5333
4371 0.0909 0.9091
4372 0.25 0.75
4373 0.4 0.6
4374 0.5 0.5
4375 0.5714 0.4286
4376 0.6 0.4
4377 0.6667 0.3333
4378 0.6 0.4
4379 0.1667 0.8333
4380 0.4286 0.5714
4381 0.3333 0.6667
4382 0.1667 0.8333
4383 0.375 0.625
4384 0.5556 0.4444
4385 0.125 0.875
4386 0.0 1.0
4387 0.6667 0.3333
4388 0.75 0.25
4389 0.2 0.8
4390 1.0 0.0
4391 0.5 0.5
4392 0.6667 0.3333
4393 0.0 1.0
4394 0.0 1.0
4395 1.0 0.0
4396 1.0 0.0
4397 1.0 0.0
4398 0.3333 0.6667
4399 0.8 0.2
4400 0.7273 0.2727
4401 0.6154 0.3846
4402 0.3333 0.6667
4403 0.6667 0.3333
4404 0.375 0.625
4405 0.0 1.0
4406 0.6667 0.3333
4407 0.5 0.5
4408 0.75 0.25
4409 0.4 0.6
4410 0.5 0.5
4411 0.6667 0.3333
4412 0.7143 0.2857
4413 0.5 0.5
4414 0.2 0.8
4415 0.3333 0.6667
4416 0.0 1.0
4417 0.0 1.0
4418 0.5 0.5
4419 0.0 1.0
4433 1.0 0.0
4434 1.0 0.0
4435 0.5 0.5
4436 0.5 0.5
4437 0.25 0.75
4438 0.3333 0.6667
4439 0.0 1.0
4440 0.6667 0.3333
4441 0.6667 0.3333
4442 0.5 0.5
4443 0.3333 0.6667
4444 0.5 0.5
4445 0.5 0.5
4446 0.25 0.75
4447 0.3333 0.6667
4448 0.3333 0.6667
4449 0.5 0.5
4450 1.0 0.0
4451 0.5 0.5
4452 0.0 1.0
4453 0.3333 0.6667
4454 0.3333 0.6667
4455 0.0 1.0
4462 1.0 0.0
4463 1.0 0.0
4464 1.0 0.0
4477 1.0 0.0
4478 0.4 0.6
4479 0.625 0.375
4480 0.6364 0.3636
4481 0.2222 0.7778
4482 0.3333 0.6667
4483 0.0 1.0
4484 0.5 0.5
4485 0.0 1.0
4489 0.0 1.0
4490 0.5 0.5
4491 1.0 0.0
4492 0.0 1.0
4493 1.0 0.0
4494 0.6667 0.3333
4495 0.3333 0.6667
4503 1.0 0.0
4504 0.6667 0.3333
4505 1.0 0.0
4506 0.6667 0.3333
4508 0.0 1.0
4510 1.0 0.0
4511 1.0 0.0
4512 0.6667 0.3333
4513 0.0 1.0
4516 0.0 1.0
