1 2.103324593742098 0
2 2.3169765915554583 0
3 2.63894434707511 -2.0
4 2.9549095722607723 -2.1572883550671103
5 3.252138772817242 -2.3413397717069566
6 3.5218459378838394 -2.4762243658319885
7 3.788254447613544 -2.6624432386669747
8 4.024391857910479 -2.798554629079511
9 4.263517071424058 -2.972040798554416
10 4.50241033983553 -3.1141338534963845
11 4.701323117585979 -3.267911555113182
12 4.904755570335883 -3.403065381879325
13 5.107168291760817 -3.555498514654948
14 5.296117135853821 -3.6918275136303884
15 5.483038630145047 -3.83228154046421
16 5.674641784027962 -3.9574708437415476
17 5.836983335308249 -4.079265859821785
18 6.041321474525384 -4.226157584050382
19 6.168695303469913 -4.347940451182756
20 6.31031181619256 -4.464317838210246
21 6.457209465883487 -4.594557457358784
22 6.616099404273631 -4.711880837224816
23 6.774690666815967 -4.839445037813811
24 6.91042366787491 -4.940033252448998
25 7.086723964524093 -5.069396855198311
26 7.184833971902937 -5.185040042972947
27 7.280241701845874 -5.285822516288701
28 7.370466098044283 -5.38394007096859
29 7.502685612661002 -5.544548931016181
30 7.6589749772773645 -5.634148741740475
31 7.789988237335853 -5.755513740591633
32 7.872991093765636 -5.847713357018671
33 7.9288870362651105 -5.962072097466253
34 8.129473365355489 -6.072935287808366
35 8.240445186421814 -6.164288112827401
36 8.257256028352366 -6.243453127176487
37 8.393074516840855 -6.379738690593219
38 8.535477626386717 -6.487297666015265
39 8.601457830706842 -6.6134663821114765
40 8.700917528226553 -6.689882362308167
41 8.71435274634281 -6.784135267288491
42 8.833524125694007 -6.879633353796651
43 8.895100594488534 -6.983621971486049
44 8.97061625941294 -7.110371924811359
45 9.087276053494827 -7.188564420584968
46 9.152151067323482 -7.273368523208749
47 9.204384531590414 -7.407269865473058
48 9.232021235723517 -7.535611164581328
49 9.297696952167469 -7.591242982318065
50 9.378143746041209 -7.721569797401752
51 9.440534726490473 -7.766622916026697
52 9.603192428009946 -7.790084510303311
53 9.57397350448449 -8.005289904603405
54 9.593711493520289 -8.10084984103693
55 9.645397809104002 -8.151183970856103
56 9.736184505150023 -8.269408172545962
57 9.809350333940499 -8.337245275405206
58 9.781562558973391 -8.477198077654462
59 10.014741155306815 -8.619518395593532
60 9.877186791025965 -8.61556189640035
61 9.906392574335309 -8.748714291076992
62 10.039694740309653 -8.817033740347673
63 10.070944820695015 -8.835395161925774
64 9.971855810780077 -9.036549412382376
65 10.29341988787253 -9.101135794220811
66 10.41295450501216 -9.181559379647334
67 10.32087815311065 -9.162483487450462
68 10.232683560753737 -9.326456700132947
69 10.452136752136752 -9.401696912561867
70 10.305131004366812 -9.488191600799924
71 10.353572179765827 -9.591351137878265
72 10.484707253131372 -9.642407770899391
73 10.452318130418394 -9.67703978944109
74 10.41170634920635 -9.83504218733312
75 10.525155499566964 -9.835880620241205
76 10.700481122074534 -10.041304471336856
77 10.608178185836946 -10.226140239320191
78 10.397678680513133 -10.227909990574929
79 10.827463851681008 -10.281894622224911
80 10.62210893986595 -10.281559563119126
81 10.809170471841705 -10.305955092743247
82 10.703374951229028 -10.473645386266094
83 10.711578947368421 -10.615528207964601
84 10.805904134951657 -10.814088946755293
85 10.735890932149651 -10.629471087571646
86 10.636224266316251 -10.883079704685851
87 10.698003422703936 -11.038476278071588
88 10.616123062687949 -10.940553682064152
89 10.762135349002008 -11.074642798489078
90 10.833679579616277 -11.21088887044568
91 10.760632146987023 -11.397757199898054
92 10.77575 -11.330421107810588
93 10.681486310299869 -11.253346509747551
94 10.857355528488293 -11.561086383867744
95 11.377747062888735 -11.344971142019112
96 10.362523404868213 -11.713402261088028
97 10.632885809152592 -11.701871921182265
98 10.833434190620272 -11.838210155857215
99 10.670279346664632 -11.860831234256928
100 11.00631681243926 -11.997199482981474
101 11.147077922077923 -12.114750470288813
102 10.994069806845138 -12.028251779862131
103 10.982440422863286 -12.404372842347525
104 11.352718078381795 -12.351898430949815
105 11.161081281244215 -12.33296033818227
106 10.786468149264984 -12.374318671568005
107 10.861777428234369 -12.453233635051816
108 11.286703601108034 -12.696468425889458
109 10.935417097909335 -12.867398764584763
110 11.312358159686404 -12.458201784488676
111 11.340996991834981 -12.77763730861076
112 10.832478251171091 -13.384316654219568
113 11.242344497607656 -13.162283996994741
114 10.843194545897248 -13.263649311599936
115 10.760378732702112 -13.347888218482058
116 11.193321616871705 -13.230208839242351
117 10.6241821512693 -13.590610802624937
118 11.654109589041095 -13.409932514275827
119 11.040313852813853 -13.453256773730486
120 11.144505494505495 -13.71640958929567
121 11.033389926428976 -13.632961632961633
122 11.50044052863436 -13.619452313503306
123 10.994503816793893 -13.882691544263597
124 10.816307692307692 -13.932034976152623
125 11.193558474046279 -13.790794111548829
126 10.907529722589167 -13.450641970111555
127 11.080040526849038 -14.784783073306262
128 10.881114130434783 -13.898218262806235
129 11.318634423897581 -14.248306997742663
130 12.145789101203114 -14.4287045666356
131 10.953154514544767 -13.845392411029932
132 11.148710166919575 -14.630350194552529
133 10.908655763861189 -14.643821910955477
134 11.244994110718492 -14.42494769874477
135 11.51124744376278 -15.062946310499868
136 10.796624125154384 -14.795666483817882
137 10.762921828278513 -14.58179756166714
138 10.468944099378882 -14.981292984869325
139 10.165835976438604 -14.90800833581423
140 11.369934024505184 -14.843125734430082
141 11.106738809640925 -15.1690097799511
142 11.281985670419653 -14.688456632653061
143 10.95766129032258 -14.870292887029288
144 11.454788657035849 -14.900781515460414
145 10.780337078651685 -15.880848199259509
146 10.97183908045977 -15.804710144927537
147 11.353881278538813 -15.619533527696793
148 10.800615384615385 -15.833989266547405
149 10.598847262247839 -15.97698113207547
150 11.057761732851986 -16.30129462534327
151 10.923320659062105 -15.904131568391497
152 10.776241357636707 -16.553802588996763
153 11.35820895522388 -15.978376172990616
154 10.700399467376831 -15.621107266435986
155 10.48082191780822 -15.88030888030888
156 10.920495988329685 -16.49774368231047
157 10.80297661233168 -16.240277777777777
158 10.78927773641102 -15.845764272559853
159 11.744582043343653 -16.133718133718133
160 11.54803996925442 -17.430290872617853
161 10.443806398687448 -16.070250133049495
162 11.485428809325562 -16.282438770192808
163 11.075993091537134 -16.54635935044526
164 11.721227621483376 -16.866487935656835
165 11.026102610261026 -16.799180327868854
166 9.95664739884393 -16.197573656845755
167 11.13393665158371 -16.519488428745433
168 11.503280224929709 -17.29290479078229
169 10.911943319838057 -17.280246913580246
170 11.67430278884462 -17.195167286245354
171 11.815595363540568 -18.862204724409448
172 10.3203125 -17.409858203916272
173 11.43287037037037 -17.027173913043477
174 11.284444444444444 -16.956115107913668
175 11.023463687150837 -17.580185317177477
176 11.273067331670823 -16.92435158501441
177 11.225888324873097 -16.335247666905957
178 11.378934624697337 -17.6988679245283
179 12.271122320302648 -16.9225
180 10.638440860215054 -17.36194331983806
181 10.558265582655826 -17.463696369636963
182 10.692202462380301 -17.84183232497839
183 10.91279887482419 -19.049728752260396
184 10.357910906298002 -18.70247229326513
185 12.316100443131463 -18.210091743119268
186 10.051359516616314 -17.914285714285715
187 10.796583850931677 -17.568359375
188 10.922413793103448 -18.375
189 11.641414141414142 -17.29485834207765
190 10.546822742474916 -17.982161594963273
191 10.082289803220036 -17.463336875664186
192 10.77843137254902 -17.920041536863966
193 11.476 -19.73304157549234
194 10.158762886597938 -17.764277035236937
195 11.479768786127167 -17.88162762022195
196 10.304347826086957 -19.386934673366834
197 10.905462184873949 -18.229249011857707
198 10.066098081023455 -17.695478723404257
199 10.16904761904762 -17.38964577656676
200 11.062645011600928 -17.992816091954023
201 10.91764705882353 -18.57983193277311
202 10.228110599078342 -20.11373707533235
203 10.43566591422122 -19.565279770444764
204 9.133676092544988 -20.044540229885058
205 9.703045685279188 -19.07941176470588
206 10.906103286384976 -19.15644171779141
207 10.174683544303797 -19.810434782608695
208 9.945244956772335 -19.28909090909091
209 9.965909090909092 -19.56855575868373
210 9.722222222222221 -22.783088235294116
211 9.005797101449275 -20.583969465648856
212 11.145569620253164 -20.306859205776174
213 10.736070381231672 -19.83047619047619
214 12.003215434083602 -20.04660194174757
215 8.218120805369127 -20.346613545816734
216 10.098591549295774 -19.035120147874306
217 11.239344262295083 -22.22983870967742
218 9.234265734265735 -19.230290456431536
219 10.880597014925373 -18.70186335403727
220 9.915824915824915 -20.150812064965198
221 10.727626459143968 -21.37440758293839
222 11.501960784313725 -21.882903981264636
223 9.525641025641026 -20.57248157248157
224 9.55084745762712 -19.152941176470588
225 9.037735849056604 -22.083732057416267
226 9.88135593220339 -21.20984455958549
227 10.914141414141413 -20.750588235294117
228 10.906542056074766 -21.865329512893982
229 11.21161825726141 -23.477653631284916
230 11.576190476190476 -21.12463768115942
231 11.54 -19.604938271604937
232 10.634615384615385 -22.634969325153374
233 7.753554502369668 -21.585669781931465
234 9.587628865979381 -18.152905198776757
235 10.344660194174757 -20.241830065359476
236 11.602150537634408 -21.178321678321677
237 11.73469387755102 -21.224755700325733
238 8.671052631578947 -23.932307692307692
239 9.172619047619047 -20.742268041237114
240 10.066225165562914 -20.487084870848708
241 11.527777777777779 -23.061302681992338
242 10.790123456790123 -21.0
243 7.666666666666667 -22.72972972972973
244 10.64327485380117 -22.258196721311474
245 10.773333333333333 -18.585185185185185
246 9.359712230215827 -21.585774058577407
247 10.408 -21.282700421940927
248 11.419354838709678 -20.41871921182266
249 10.217391304347826 -24.77777777777778
250 10.192307692307692 -21.57
251 11.450381679389313 -20.57391304347826
252 11.131944444444445 -24.317204301075268
253 9.88 -20.00507614213198
254 13.035971223021583 -20.730964467005077
255 11.241935483870968 -25.321608040201006
256 10.764705882352942 -22.02659574468085
257 13.627118644067796 -21.180851063829788
258 12.673684210526316 -24.95977011494253
259 9.957446808510639 -19.24022346368715
260 10.844444444444445 -20.59259259259259
261 11.954545454545455 -24.251748251748253
262 9.257731958762887 -22.606666666666666
263 7.989690721649485 -20.175675675675677
264 9.25 -20.766871165644172
265 6.9397590361445785 -26.09032258064516
266 10.197368421052632 -22.295180722891565
267 9.648351648351648 -22.977272727272727
268 7.5675675675675675 -25.251908396946565
269 11.08108108108108 -25.266233766233768
270 6.605633802816901 -26.875
271 9.864864864864865 -25.0625
272 11.926829268292684 -22.851063829787233
273 10.115384615384615 -23.291666666666668
274 6.571428571428571 -26.57936507936508
275 8.5625 -22.4921875
276 8.454545454545455 -27.830188679245282
277 11.096774193548388 -18.666666666666668
278 9.712121212121213 -23.584269662921347
279 8.701754385964913 -29.451612903225808
280 11.88888888888889 -25.225490196078432
281 8.521739130434783 -21.067961165048544
282 5.959183673469388 -21.061855670103093
283 11.716666666666667 -19.93975903614458
284 7.763636363636364 -18.46078431372549
285 10.578947368421053 -21.696629213483146
286 5.411764705882353 -24.628865979381445
287 11.064516129032258 -27.375
288 12.119047619047619 -22.209876543209877
289 9.708333333333334 -29.615384615384617
290 8.818181818181818 -24.085714285714285
291 7.875 -22.9
292 10.975 -25.805194805194805
293 7.42 -31.294871794871796
294 7.088888888888889 -25.728571428571428
295 9.902439024390244 -21.56578947368421
296 10.853658536585366 -18.985915492957748
297 12.439024390243903 -29.457142857142856
298 9.326086956521738 -21.21518987341772
299 17.904761904761905 -23.433962264150942
300 8.0 -19.59090909090909
301 13.03125 -20.986486486486488
302 12.21875 -23.83783783783784
303 10.78125 -30.64814814814815
304 7.488372093023256 -22.88135593220339
305 11.6 -26.40983606557377
306 11.027777777777779 -22.584615384615386
307 12.25 -20.607142857142858
308 8.9 -21.358490566037737
309 9.933333333333334 -29.133333333333333
310 10.628571428571428 -23.46875
311 6.954545454545454 -26.137931034482758
312 6.730769230769231 -18.906976744186046
313 7.095238095238095 -26.473684210526315
314 7.35 -31.375
315 13.764705882352942 -28.31111111111111
316 10.25 -25.710526315789473
317 12.285714285714286 -15.702702702702704
318 12.0 -14.636363636363637
319 5.739130434782608 -16.85185185185185
320 15.3 -36.0
321 10.941176470588236 -31.928571428571427
322 13.526315789473685 -24.583333333333332
323 17.533333333333335 -29.03125
324 19.0 -32.11764705882353
325 10.052631578947368 -20.964285714285715
326 13.592592592592593 -30.029411764705884
327 5.0 -48.88461538461539
328 12.473684210526315 -29.710526315789473
329 9.235294117647058 -29.805555555555557
330 10.526315789473685 -23.612903225806452
331 9.11111111111111 -21.823529411764707
332 9.8125 -23.612903225806452
333 6.925925925925926 -21.666666666666668
334 9.578947368421053 -17.566666666666666
335 7.538461538461538 -12.625
336 7.0476190476190474 -28.942857142857143
337 5.375 -33.515151515151516
338 6.666666666666667 -23.0
339 18.176470588235293 -26.454545454545453
340 8.130434782608695 -34.888888888888886
341 6.75 -47.1578947368421
342 16.615384615384617 -28.22222222222222
343 9.23076923076923 -31.28
344 3.75 -17.57894736842105
345 12.416666666666666 -19.954545454545453
346 17.692307692307693 -37.75
347 5.3 -45.806451612903224
348 4.866666666666666 -34.294117647058826
349 6.15 -26.733333333333334
350 3.4 -32.0
351 6.166666666666667 -18.63157894736842
352 9.0 -14.526315789473685
353 12.0 -15.642857142857142
354 22.25 -26.76
355 7.0 -28.304347826086957
356 11.0 -43.6875
357 6.0 -9.11111111111111
358 7.333333333333333 -14.666666666666666
359 19.0 -27.416666666666668
360 3.3333333333333335 -56.214285714285715
361 10.5 -29.0
362 3.2 -32.111111111111114
363 4.166666666666667 -45.25
364 9.0 -31.714285714285715
365 22.333333333333332 -22.642857142857142
366 3.0 -17.181818181818183
367 12.4 -3.3333333333333335
368 9.5 -36.2
369 3.0 -23.285714285714285
370 7.0 -47.8
371 4.0 -25.625
372 6.25 -9.4
373 5.0 -34.0
374 3.6666666666666665 -23.666666666666668
375 27.666666666666668 -79.625
376 36.0 -15.428571428571429
377 11.0 -39.285714285714285
378 8.75 -20.857142857142858
379 7.75 -34.5
380 9.0 -22.6
381 8.0 -28.09090909090909
382 3.0 -24.8
383 6.333333333333333 -13.666666666666666
384 7.6 -3.6666666666666665
385 13.5 -78.66666666666667
386 28.0 -25.88888888888889
387 13.75 -59.333333333333336
388 12.0 -5.5
389 12.0 -4.166666666666667
390 8.0 -40.0
391 3.5 -2.3333333333333335
392 12.0 -57.0
393 5.6 -42.4
394 2.0 -6.333333333333333
395 11.0 -3.2
396 6.25 -10.0
397 0 -2.0
398 5.0 -53.0
399 8.666666666666666 -28.22222222222222
400 6.0 0
401 15.0 -7.875
402 0 -163.0
403 28.666666666666668 -21.666666666666668
404 82.0 -3.0
405 4.5 -103.0
406 6.0 -47.666666666666664
407 0 -18.2
408 7.0 -33.0
409 27.0 -13.333333333333334
410 0 -39.2
411 2.0 -44.0
412 11.0 -3.0
413 7.0 -51.75
414 0 -30.5
415 0 -54.666666666666664
416 2.0 -105.0
417 6.0 0
418 9.0 -30.5
419 5.0 0
420 4.0 -3.6666666666666665
421 2.0 -15.5
422 2.0 -50.0
423 2.0 -84.33333333333333
424 13.0 -169.0
425 3.0 -25.75
426 3.0 -8.5
427 0 -4.0
428 2.0 -8.333333333333334
429 0 -2.0
430 0 0
431 0 -23.0
432 0 0
433 0 -2.0
434 0 -30.5
435 44.5 -89.0
436 0 -2.0
437 0 -2.0
438 0 -148.5
439 2.0 -84.0
440 2.0 -2.0
441 32.0 -5.0
442 7.0 -5.0
443 0 -58.5
444 2.0 -2.0
445 0 -25.0
446 109.0 -3.0
447 0 -101.5
448 0 0
449 0 0
450 9.0 -76.0
451 0 0
452 0 -21.0
453 0 -10.0
454 0 -9.5
455 0 0
456 0 -94.0
457 0 -133.0
458 5.0 0
459 5.0 -57.5
460 0 -8.0
461 0 -4.5
462 0 0
463 0 0
464 0 -95.33333333333333
465 0 0
466 0 0
467 0 -4.0
468 0 0
469 0 0
473 0 0
474 0 -68.0
475 0 -192.0
476 0 0
477 0 -34.0
478 0 0
481 18.0 0
482 0 0
483 0 0
484 0 0
485 10.0 0
486 3.0 0
489 12.0 0
490 0 0
491 0 -15.0
492 0 0
493 0 0
494 26.0 -18.0
495 0 0
499 0 0
500 0 -11.0
501 0 0
502 0 -186.0
503 0 -45.0
508 2.0 0
510 0 -8.0
515 0 0
516 0 0
517 0 -101.0
518 0 0
519 2.0 -15.0
520 0 -3.0
521 3.0 0
523 0 0
524 0 -3.0
525 0 0
526 0 -2.0
527 6.0 0
528 0 0
529 0 -10.0
530 2.5 0
531 0 0
532 0 -13.0
533 0 0
554 0 0
555 0 -28.0
