-210 1
-209 0
-208 1
-207 0
-206 0
-205 0
-204 0
-203 0
-202 0
-201 0
-200 0
-199 1
-198 0
-197 0
-196 0
-195 0
-194 0
-193 0
-192 1
-191 0
-190 0
-189 1
-188 0
-187 0
-186 1
-185 1
-184 1
-183 1
-182 1
-181 0
-180 0
-179 0
-178 1
-177 1
-176 0
-175 0
-174 1
-173 1
-172 0
-171 1
-170 0
-169 3
-168 2
-167 1
-166 2
-165 2
-164 3
-163 3
-162 1
-161 1
-160 4
-159 2
-158 4
-157 2
-156 2
-155 1
-154 4
-153 1
-152 1
-151 4
-150 7
-149 3
-148 5
-147 2
-146 5
-145 7
-144 4
-143 4
-142 1
-141 9
-140 7
-139 4
-138 2
-137 9
-136 10
-135 6
-134 8
-133 10
-132 16
-131 15
-130 10
-129 12
-128 12
-127 12
-126 10
-125 17
-124 18
-123 12
-122 17
-121 23
-120 14
-119 28
-118 16
-117 22
-116 22
-115 26
-114 25
-113 34
-112 33
-111 46
-110 34
-109 36
-108 32
-107 36
-106 54
-105 48
-104 47
-103 49
-102 59
-101 60
-100 71
-99 68
-98 88
-97 89
-96 81
-95 66
-94 87
-93 119
-92 120
-91 106
-90 128
-89 133
-88 125
-87 149
-86 166
-85 154
-84 183
-83 172
-82 207
-81 206
-80 218
-79 267
-78 255
-77 271
-76 339
-75 323
-74 322
-73 356
-72 389
-71 414
-70 431
-69 471
-68 516
-67 560
-66 587
-65 607
-64 695
-63 748
-62 779
-61 866
-60 869
-59 986
-58 987
-57 1132
-56 1158
-55 1234
-54 1356
-53 1381
-52 1568
-51 1676
-50 1716
-49 1930
-48 2119
-47 2310
-46 2414
-45 2712
-44 2764
-43 3022
-42 3250
-41 3520
-40 3819
-39 4161
-38 4643
-37 4873
-36 5622
-35 5854
-34 6349
-33 7121
-32 7752
-31 8188
-30 9039
-29 10042
-28 11179
-27 12242
-26 13436
-25 15001
-24 16401
-23 18269
-22 20193
-21 22610
-20 25662
-19 28616
-18 32308
-17 36561
-16 41552
-15 48152
-14 55394
-13 64626
-12 75601
-11 89857
-10 107390
-9 131604
-8 163159
-7 210139
-6 277625
-5 388691
-4 593493
-3 1059923
-2 2518214
-1 14043166
0 0
1 15257904
2 1727122
3 814733
4 509406
5 352613
6 258574
7 199048
8 156814
9 126560
10 104488
11 88045
12 73649
13 63126
14 54020
15 46935
16 40919
17 35923
18 31557
19 28234
20 25269
21 22473
22 19900
23 18035
24 16065
25 14841
26 13420
27 12052
28 11122
29 9851
30 9002
31 8342
32 7594
33 6958
34 6426
35 5786
36 5486
37 4948
38 4478
39 4186
40 3838
41 3544
42 3338
43 3048
44 2825
45 2615
46 2437
47 2247
48 2031
49 1905
50 1847
51 1586
52 1562
53 1424
54 1323
55 1232
56 1160
57 1090
58 969
59 942
60 919
61 826
62 774
63 718
64 668
65 621
66 574
67 543
68 486
69 431
70 452
71 422
72 396
73 364
74 336
75 284
76 326
77 266
78 268
79 239
80 240
81 224
82 233
83 188
84 171
85 175
86 156
87 132
88 138
89 142
90 127
91 96
92 99
93 87
94 96
95 79
96 77
97 84
98 67
99 79
100 77
101 58
102 63
103 68
104 65
105 49
106 51
107 39
108 38
109 48
110 28
111 29
112 25
113 22
114 36
115 22
116 28
117 20
118 24
119 24
120 17
121 20
122 13
123 19
124 14
125 20
126 19
127 22
128 12
129 11
130 11
131 10
132 10
133 5
134 6
135 13
136 10
137 4
138 4
139 5
140 6
141 7
142 10
143 9
144 2
145 6
146 5
147 2
148 5
149 7
150 3
151 2
152 3
153 1
154 0
155 2
156 4
157 2
158 3
159 2
160 3
161 3
162 2
163 2
164 4
165 1
166 0
167 3
168 0
169 1
170 1
171 0
172 0
173 0
174 3
175 0
176 0
177 3
178 1
179 0
180 0
181 0
182 1
183 0
184 0
185 1
186 0
187 0
188 1
189 0
190 0
191 0
192 0
193 0
194 0
195 0
196 0
197 0
198 0
199 0
200 1
201 0
202 0
203 1
204 1
205 0
206 0
207 0
208 0
209 0
210 0
211 0
212 0
213 0
214 0
215 0
216 0
217 0
218 0
219 0
220 0
221 1
