1 0.3818 0.6182
2 0.4832 0.5168
3 0.5014 0.4986
4 0.5107 0.4893
5 0.5163 0.4837
6 0.5169 0.4831
7 0.5183 0.4817
8 0.5189 0.4811
9 0.5187 0.4813
10 0.5187 0.4813
11 0.5172 0.4828
12 0.5168 0.4832
13 0.5157 0.4843
14 0.5149 0.4851
15 0.5154 0.4846
16 0.5164 0.4836
17 0.5137 0.4863
18 0.5137 0.4863
19 0.5131 0.4869
20 0.5124 0.4876
21 0.5121 0.4879
22 0.5133 0.4867
23 0.5118 0.4882
24 0.5116 0.4884
25 0.5109 0.4891
26 0.5108 0.4892
27 0.5108 0.4892
28 0.5098 0.4902
29 0.5087 0.4913
30 0.5095 0.4905
31 0.5075 0.4925
32 0.5083 0.4917
33 0.5076 0.4924
34 0.5072 0.4928
35 0.5083 0.4917
36 0.5074 0.4926
37 0.5061 0.4939
38 0.5057 0.4943
39 0.5085 0.4915
40 0.506 0.494
41 0.5052 0.4948
42 0.5068 0.4932
43 0.506 0.494
44 0.5032 0.4968
45 0.5039 0.4961
46 0.504 0.496
47 0.5033 0.4967
48 0.5034 0.4966
49 0.5022 0.4978
50 0.5031 0.4969
51 0.5044 0.4956
52 0.5016 0.4984
53 0.5025 0.4975
54 0.5026 0.4974
55 0.502 0.498
56 0.5012 0.4988
57 0.5023 0.4977
58 0.5042 0.4958
59 0.5009 0.4991
60 0.5007 0.4993
61 0.5041 0.4959
62 0.4999 0.5001
63 0.5026 0.4974
64 0.5002 0.4998
65 0.501 0.499
66 0.4997 0.5003
67 0.4969 0.5031
68 0.5006 0.4994
69 0.5028 0.4972
70 0.5003 0.4997
71 0.5006 0.4994
72 0.497 0.503
73 0.4988 0.5012
74 0.4991 0.5009
75 0.4999 0.5001
76 0.4993 0.5007
77 0.4995 0.5005
78 0.4995 0.5005
79 0.4963 0.5037
80 0.4962 0.5038
81 0.4981 0.5019
82 0.4962 0.5038
83 0.4998 0.5002
84 0.4948 0.5052
85 0.4962 0.5038
86 0.4966 0.5034
87 0.4951 0.5049
88 0.496 0.504
89 0.4972 0.5028
90 0.4978 0.5022
91 0.4987 0.5013
92 0.5001 0.4999
93 0.497 0.503
94 0.4968 0.5032
95 0.4974 0.5026
96 0.4977 0.5023
97 0.4988 0.5012
98 0.4934 0.5066
99 0.4934 0.5066
100 0.4963 0.5037
101 0.4953 0.5047
102 0.4958 0.5042
103 0.4929 0.5071
104 0.4962 0.5038
105 0.4962 0.5038
106 0.4949 0.5051
107 0.4997 0.5003
108 0.4962 0.5038
109 0.4962 0.5038
110 0.4952 0.5048
111 0.4922 0.5078
112 0.491 0.509
113 0.4925 0.5075
114 0.4984 0.5016
115 0.4954 0.5046
116 0.4945 0.5055
117 0.4923 0.5077
118 0.494 0.506
119 0.4987 0.5013
120 0.4942 0.5058
121 0.4947 0.5053
122 0.4927 0.5073
123 0.4947 0.5053
124 0.4928 0.5072
125 0.4935 0.5065
126 0.4872 0.5128
127 0.494 0.506
128 0.4916 0.5084
129 0.4939 0.5061
130 0.4967 0.5033
131 0.4933 0.5067
132 0.4931 0.5069
133 0.4956 0.5044
134 0.4916 0.5084
135 0.4921 0.5079
136 0.4917 0.5083
137 0.4948 0.5052
138 0.4862 0.5138
139 0.4947 0.5053
140 0.4883 0.5117
141 0.4917 0.5083
142 0.4889 0.5111
143 0.4979 0.5021
144 0.4932 0.5068
145 0.4869 0.5131
146 0.4966 0.5034
147 0.4973 0.5027
148 0.492 0.508
149 0.4913 0.5087
150 0.4946 0.5054
151 0.4906 0.5094
152 0.4917 0.5083
153 0.4898 0.5102
154 0.4962 0.5038
155 0.4911 0.5089
156 0.4876 0.5124
157 0.5014 0.4986
158 0.4906 0.5094
159 0.4929 0.5071
160 0.4905 0.5095
161 0.4927 0.5073
162 0.4943 0.5057
163 0.4946 0.5054
164 0.4868 0.5132
165 0.4901 0.5099
166 0.4876 0.5124
167 0.4997 0.5003
168 0.4987 0.5013
169 0.488 0.512
170 0.486 0.514
171 0.4837 0.5163
172 0.4941 0.5059
173 0.4921 0.5079
174 0.501 0.499
175 0.4947 0.5053
176 0.4837 0.5163
177 0.4875 0.5125
178 0.4852 0.5148
179 0.494 0.506
180 0.4869 0.5131
181 0.4817 0.5183
182 0.4842 0.5158
183 0.4901 0.5099
184 0.4766 0.5234
185 0.4837 0.5163
186 0.4919 0.5081
187 0.4868 0.5132
188 0.4822 0.5178
189 0.4895 0.5105
190 0.4921 0.5079
191 0.4835 0.5165
192 0.47 0.53
193 0.4814 0.5186
194 0.4829 0.5171
195 0.4867 0.5133
196 0.4892 0.5108
197 0.4903 0.5097
198 0.4912 0.5088
199 0.4786 0.5214
200 0.4944 0.5056
201 0.4915 0.5085
202 0.5052 0.4948
203 0.4906 0.5094
204 0.4802 0.5198
205 0.4797 0.5203
206 0.4885 0.5115
207 0.4882 0.5118
208 0.4827 0.5173
209 0.4937 0.5063
210 0.4976 0.5024
211 0.4966 0.5034
212 0.4912 0.5088
213 0.4948 0.5052
214 0.4857 0.5143
215 0.4961 0.5039
216 0.4907 0.5093
217 0.4843 0.5157
218 0.4772 0.5228
219 0.4858 0.5142
220 0.4879 0.5121
221 0.5007 0.4993
222 0.4761 0.5239
223 0.4926 0.5074
224 0.4913 0.5087
225 0.4883 0.5117
226 0.4874 0.5126
227 0.4635 0.5365
228 0.4959 0.5041
229 0.5008 0.4992
230 0.4778 0.5222
231 0.5097 0.4903
232 0.5045 0.4955
233 0.496 0.504
234 0.499 0.501
235 0.4928 0.5072
236 0.4953 0.5047
237 0.4908 0.5092
238 0.4693 0.5307
239 0.4855 0.5145
240 0.4769 0.5231
241 0.4619 0.5381
242 0.5212 0.4788
243 0.4895 0.5105
244 0.4973 0.5027
245 0.4648 0.5352
246 0.4757 0.5243
247 0.4712 0.5288
248 0.4947 0.5053
249 0.5107 0.4893
250 0.4921 0.5079
251 0.48 0.52
252 0.5101 0.4899
253 0.5081 0.4919
254 0.4934 0.5066
255 0.4881 0.5119
256 0.4706 0.5294
257 0.4633 0.5367
258 0.4766 0.5234
259 0.468 0.532
260 0.4733 0.5267
261 0.5009 0.4991
262 0.5156 0.4844
263 0.4932 0.5068
264 0.4995 0.5005
265 0.498 0.502
266 0.4531 0.5469
267 0.4983 0.5017
268 0.519 0.481
269 0.4669 0.5331
270 0.5091 0.4909
271 0.5156 0.4844
272 0.4926 0.5074
273 0.478 0.522
274 0.4739 0.5261
275 0.4559 0.5441
276 0.4739 0.5261
277 0.4658 0.5342
278 0.496 0.504
279 0.4909 0.5091
280 0.5322 0.4678
281 0.4858 0.5142
282 0.4835 0.5165
283 0.4937 0.5063
284 0.4704 0.5296
285 0.4715 0.5285
286 0.5027 0.4973
287 0.4644 0.5356
288 0.4962 0.5038
289 0.4697 0.5303
290 0.4912 0.5088
291 0.4866 0.5134
292 0.4839 0.5161
293 0.4692 0.5308
294 0.5142 0.4858
295 0.4366 0.5634
296 0.4891 0.5109
297 0.4967 0.5033
298 0.486 0.514
299 0.4939 0.5061
300 0.5115 0.4885
301 0.4922 0.5078
302 0.4827 0.5173
303 0.4622 0.5378
304 0.5346 0.4654
305 0.4864 0.5136
306 0.463 0.537
307 0.4778 0.5222
308 0.4814 0.5186
309 0.5043 0.4957
310 0.4755 0.5245
311 0.4281 0.5719
312 0.4893 0.5107
313 0.4476 0.5524
314 0.4914 0.5086
315 0.4622 0.5378
316 0.4637 0.5363
317 0.4835 0.5165
318 0.457 0.543
319 0.5459 0.4541
320 0.4957 0.5043
321 0.4683 0.5317
322 0.4515 0.5485
323 0.4895 0.5105
324 0.4789 0.5211
325 0.5472 0.4528
326 0.4313 0.5687
327 0.4658 0.5342
328 0.4919 0.5081
329 0.5123 0.4877
330 0.5022 0.4978
331 0.4136 0.5864
332 0.5155 0.4845
333 0.4885 0.5115
334 0.4883 0.5117
335 0.4667 0.5333
336 0.5144 0.4856
337 0.4249 0.5751
338 0.4921 0.5079
339 0.4933 0.5067
340 0.5138 0.4862
341 0.4521 0.5479
342 0.4804 0.5196
343 0.411 0.589
344 0.4737 0.5263
345 0.4965 0.5035
346 0.4901 0.5099
347 0.4266 0.5734
348 0.5113 0.4887
349 0.587 0.413
350 0.4899 0.5101
351 0.4967 0.5033
352 0.4514 0.5486
353 0.5115 0.4885
354 0.4417 0.5583
355 0.3483 0.6517
356 0.3636 0.6364
357 0.4286 0.5714
358 0.4565 0.5435
359 0.4545 0.5455
360 0.3519 0.6481
361 0.4915 0.5085
362 0.4237 0.5763
363 0.4219 0.5781
364 0.4259 0.5741
365 0.4167 0.5833
366 0.4222 0.5778
367 0.4186 0.5814
368 0.4118 0.5882
369 0.4483 0.5517
370 0.6176 0.3824
371 0.5143 0.4857
372 0.5455 0.4545
373 0.5143 0.4857
374 0.475 0.525
375 0.537 0.463
376 0.3929 0.6071
377 0.4706 0.5294
378 0.5778 0.4222
379 0.4865 0.5135
380 0.4444 0.5556
381 0.5745 0.4255
382 0.5385 0.4615
383 0.4808 0.5192
384 0.475 0.525
385 0.5333 0.4667
386 0.4242 0.5758
387 0.4 0.6
388 0.2727 0.7273
389 0.6 0.4
390 0.5357 0.4643
391 0.6 0.4
392 0.6 0.4
393 0.44 0.56
394 0.45 0.55
395 0.5806 0.4194
396 0.4412 0.5588
397 0.4167 0.5833
398 0.56 0.44
399 0.5526 0.4474
400 0.5161 0.4839
401 0.5 0.5
402 0.4333 0.5667
403 0.5714 0.4286
404 0.4348 0.5652
405 0.5926 0.4074
406 0.5217 0.4783
407 0.5455 0.4545
408 0.4583 0.5417
409 0.3333 0.6667
410 0.25 0.75
411 0.5333 0.4667
412 0.5625 0.4375
413 0.5882 0.4118
414 0.3913 0.6087
415 0.5455 0.4545
416 0.4762 0.5238
417 0.5333 0.4667
418 0.5625 0.4375
419 0.6667 0.3333
420 0.6923 0.3077
421 0.4286 0.5714
422 0.4615 0.5385
423 0.3333 0.6667
424 0.7 0.3
425 0.6 0.4
426 0.4444 0.5556
427 0.6667 0.3333
428 0.3333 0.6667
429 0.1667 0.8333
430 0.5 0.5
431 0.375 0.625
432 0.3333 0.6667
433 0.3333 0.6667
434 0.5556 0.4444
435 0.5 0.5
436 0.3846 0.6154
437 0.0 1.0
438 0.3333 0.6667
439 0.5 0.5
440 0.5 0.5
441 0.7273 0.2727
442 0.5 0.5
443 0.5 0.5
444 0.6429 0.3571
445 0.3636 0.6364
446 0.4615 0.5385
447 0.0 1.0
448 0.0 1.0
449 1.0 0.0
450 0.5714 0.4286
451 0.2857 0.7143
452 0.5 0.5
453 0.5 0.5
454 0.25 0.75
455 0.5 0.5
456 0.3333 0.6667
457 0.25 0.75
458 0.75 0.25
459 0.4 0.6
460 0.25 0.75
461 0.5 0.5
462 0.0 1.0
463 1.0 0.0
464 0.0 1.0
465 1.0 0.0
466 1.0 0.0
467 0.5 0.5
468 0.6667 0.3333
469 0.0 1.0
473 1.0 0.0
474 0.5 0.5
475 0.3333 0.6667
476 0.3333 0.6667
477 0.5 0.5
478 0.0 1.0
481 1.0 0.0
482 0.0 1.0
483 1.0 0.0
484 1.0 0.0
485 1.0 0.0
486 1.0 0.0
489 1.0 0.0
490 1.0 0.0
491 0.5 0.5
492 0.0 1.0
493 1.0 0.0
494 0.5 0.5
495 0.0 1.0
499 1.0 0.0
500 0.5 0.5
501 0.5 0.5
502 0.5 0.5
503 0.0 1.0
508 1.0 0.0
510 0.0 1.0
515 1.0 0.0
516 1.0 0.0
517 0.5 0.5
518 0.6667 0.3333
519 0.5 0.5
520 0.0 1.0
521 1.0 0.0
523 1.0 0.0
524 0.5 0.5
525 1.0 0.0
526 0.5 0.5
527 0.8 0.2
528 0.3333 0.6667
529 0.0 1.0
530 1.0 0.0
531 0.0 1.0
532 0.0 1.0
533 0.0 1.0
554 1.0 0.0
555 0.0 1.0
