0 0.5251312255859375
1 0.5233001708984375
2 0.5242462158203125
3 0.52508544921875
4 0.521820068359375
5 0.521514892578125
6 0.515960693359375
7 0.528961181640625
8 0.521942138671875
9 0.5317230224609375
10 0.5224151611328125
11 0.5259857177734375
12 0.519775390625
13 0.530364990234375
14 0.5125274658203125
15 0.5275115966796875
16 0.5168914794921875
17 0.5262298583984375
18 0.530548095703125
19 0.511810302734375
20 0.527862548828125
21 0.52716064453125
22 0.521270751953125
23 0.5142669677734375
24 0.52423095703125
25 0.52313232421875
26 0.523284912109375
27 0.52587890625
28 0.5227813720703125
29 0.519378662109375
30 0.5090484619140625
31 0.5221099853515625
32 0.52484130859375
33 0.51654052734375
34 0.529754638671875
35 0.520050048828125
36 0.5163726806640625
37 0.5272064208984375
38 0.5310821533203125
39 0.533538818359375
40 0.5201568603515625
41 0.530792236328125
42 0.528289794921875
43 0.522491455078125
44 0.528106689453125
45 0.516693115234375
46 0.519683837890625
47 0.533660888671875
48 0.52020263671875
49 0.5181732177734375
50 0.5152435302734375
51 0.52130126953125
52 0.517608642578125
53 0.5203399658203125
54 0.5227813720703125
55 0.5279693603515625
56 0.5252838134765625
57 0.5232086181640625
58 0.5114288330078125
59 0.5199127197265625
60 0.52362060546875
61 0.52691650390625
62 0.5267486572265625
63 0.5242156982421875
