1 44966
2 16461
3 10171
4 7066
5 5250
6 4002
7 3326
8 2791
9 2331
10 1965
11 1673
12 1543
13 1262
14 1084
15 1004
16 891
17 817
18 719
19 607
20 571
21 540
22 537
23 462
24 408
25 389
26 354
27 342
28 338
29 279
30 271
31 230
32 215
33 203
34 212
35 199
36 193
37 146
38 148
39 137
40 150
41 100
42 114
43 126
44 94
45 85
46 109
47 82
48 92
49 73
50 76
51 57
52 75
53 49
54 58
55 51
56 44
57 50
58 46
59 38
60 37
61 30
62 36
63 30
64 40
65 38
66 18
67 27
68 26
69 22
70 18
71 26
72 21
73 17
74 18
75 15
76 15
77 18
78 19
79 13
80 19
81 19
82 14
83 12
84 11
85 14
86 9
87 10
88 11
89 11
90 11
91 2
92 14
93 0
94 7
95 7
96 7
97 6
98 7
99 2
100 6
101 3
102 8
103 6
104 3
105 2
106 10
107 2
108 5
109 4
110 2
111 1
112 2
113 3
114 3
115 2
116 2
117 2
118 5
119 1
120 3
121 3
122 2
123 4
124 3
125 4
126 1
127 3
128 0
129 2
130 2
131 0
132 1
133 1
134 2
135 1
136 0
137 0
138 4
139 3
140 1
141 1
142 1
143 0
144 0
145 0
146 0
147 1
148 2
149 1
150 1
151 0
152 1
153 0
154 0
155 1
156 0
157 0
158 0
159 0
160 0
161 0
162 1
163 0
164 0
165 0
166 0
167 0
168 2
169 1
170 0
171 1
172 0
173 0
174 0
175 1
176 2
177 2
178 0
179 0
180 0
181 1
182 0
183 0
184 0
185 0
186 0
187 0
188 0
189 0
190 0
191 0
192 0
193 0
194 0
195 0
196 0
197 1
198 0
199 0
200 0
201 0
202 0
203 0
204 0
205 0
206 0
207 0
208 0
209 0
210 0
211 0
212 0
213 0
214 0
215 0
216 0
217 0
218 0
219 0
220 0
221 0
222 0
223 0
224 0
225 0
226 0
227 0
228 0
229 0
230 0
231 0
232 0
233 0
234 0
235 0
236 0
237 0
238 0
239 1
