0 0.1629638671875
1 0.16741943359375
2 0.1753387451171875
3 0.164093017578125
4 0.17041015625
5 0.1797943115234375
6 0.1617431640625
7 0.17633056640625
8 0.1642303466796875
9 0.16912841796875
10 0.192962646484375
11 0.1769256591796875
12 0.1765594482421875
13 0.1674957275390625
14 0.179779052734375
15 0.1787261962890625
16 0.1813507080078125
17 0.1664886474609375
18 0.1682891845703125
19 0.1667938232421875
20 0.16357421875
21 0.16888427734375
22 0.17535400390625
23 0.172943115234375
24 0.1659088134765625
25 0.1717987060546875
26 0.17041015625
27 0.1624603271484375
28 0.1759033203125
29 0.1662139892578125
30 0.17242431640625
31 0.1767425537109375
32 0.168853759765625
33 0.160888671875
34 0.1820068359375
35 0.1607666015625
36 0.170318603515625
37 0.17071533203125
38 0.1801605224609375
39 0.1689910888671875
40 0.175384521484375
41 0.1558380126953125
42 0.1606292724609375
43 0.18109130859375
44 0.172576904296875
45 0.1876983642578125
46 0.1633758544921875
47 0.156463623046875
48 0.1744842529296875
49 0.17254638671875
50 0.177154541015625
51 0.19061279296875
52 0.179473876953125
53 0.18408203125
54 0.1625823974609375
55 0.1715545654296875
56 0.16357421875
57 0.1712493896484375
58 0.1745147705078125
59 0.15802001953125
60 0.17242431640625
61 0.162872314453125
62 0.1717071533203125
63 0.1499481201171875
