1 -0.14926178861417014 1.1931645051919122 36755529
2 0.10728542190613749 1.443697456470634 27999806
3 0.05445772281154782 2.1956659590752388 25940857
4 0.08579462635165953 2.6916233021373257 23422411
5 0.09666793106489606 3.2491859922562427 21338214
6 0.11107692568952081 3.782695421020533 19550244
7 0.11089581470324603 4.412679709511979 18038697
8 0.11578737132447307 4.989417152601013 16733077
9 0.11365055839022858 5.652903331114718 15596351
10 0.11653030842537412 6.27250134649647 14592444
11 0.11279593846612959 6.956625845748004 13698667
12 0.11177215676928959 7.603251001116739 12890688
13 0.10489397484343968 8.307442711839146 12159850
14 0.10290687761343993 8.988498726281476 11489407
15 0.09660161824899566 9.72335612063869 10873234
16 0.092066821412119 10.403414445929858 10313281
17 0.08577541166628704 11.152442437590313 9790090
18 0.07680839654839526 11.844660364815603 9302108
19 0.07046086654577026 12.596970053162234 8852758
20 0.06181049367239414 13.30671243274805 8435655
21 0.0563667521859653 14.076060626998457 8041070
22 0.043919126803515146 14.784042985163934 7670576
23 0.0378388007715329 15.592141179591936 7319973
24 0.028490158171779172 16.30710669057348 6986202
25 0.014706834028009137 17.058010943520117 6675536
26 0.007310991598860757 17.83552020219851 6383539
27 -0.0064309250536278995 18.605400963826963 6104565
28 -0.014311490002738975 19.35514577013367 5841600
29 -0.025596631602436682 20.119224176384495 5592689
30 -0.04134220522656366 20.848555199900836 5351432
31 -0.051094373770133726 21.650394187897515 5127590
32 -0.06339382245431978 22.351916054805244 4914217
33 -0.07760550927189508 23.100400114752134 4711766
34 -0.08873997811697572 23.856013469038253 4519485
35 -0.10224652598836358 24.607784658448843 4338788
36 -0.11289731748767437 25.346445178331106 4163075
37 -0.1254207344652708 26.20855455660352 3995097
38 -0.14152905205160876 26.8873387538548 3832139
39 -0.1517881260930369 27.725538685725592 3676111
40 -0.16430588075903035 28.33549416392895 3528133
41 -0.18202157086245446 29.2708285213199 3394301
42 -0.19308256174730537 29.97529038066599 3264272
43 -0.20147524857884366 30.633626159940427 3137234
44 -0.2156413787337998 31.505032788238633 3014389
45 -0.23547800039152766 32.08565682264762 2896347
46 -0.25051124781092576 32.7806965339323 2784853
47 -0.26308021366420675 33.59316799915376 2678970
48 -0.2781817073308068 34.48776901408126 2575119
49 -0.2862327340356074 35.246281315215185 2476621
50 -0.30670905981239854 36.01067151558346 2380259
51 -0.3246036860420157 36.61527353958272 2288905
52 -0.3347929255517245 37.269703737993986 2204497
53 -0.3519996872139763 38.1835201305259 2122857
54 -0.3691501088625043 38.9918721893263 2042944
55 -0.37946424479678514 39.57916897099714 1963882
56 -0.39515402138542677 40.35555095508277 1887173
57 -0.40394044733866197 41.04767016202362 1816342
58 -0.4145307011927411 41.96468296178888 1749248
59 -0.4381712779629215 42.49856851386656 1683077
60 -0.45316779765576803 43.10751186511972 1621000
61 -0.4640269265535203 43.89589710613877 1560987
62 -0.4812906830934618 44.722100376731944 1503235
63 -0.5005396071659831 46.11465931355492 1445496
64 -0.5095332939585587 46.329233479663614 1391754
65 -0.5155024161110867 47.12897351229978 1340791
66 -0.544750418947517 47.66482710917964 1289541
67 -0.5487078429906422 48.76161040303163 1243773
68 -0.5701142235177841 49.26745745943967 1198965
69 -0.5765240851250815 49.6567211455324 1156087
70 -0.5996815186625578 50.92461007292693 1114665
71 -0.6131621427021207 51.62849389847075 1073579
72 -0.6282458844899148 52.589777959168295 1033347
73 -0.6481301368486626 53.295201726367665 995260
74 -0.6607435281363847 53.50519388920713 959345
75 -0.6696037434207822 54.51349353774829 924502
76 -0.685454602656671 54.79906071210368 889986
77 -0.7107014676198731 55.97601167179541 859555
78 -0.717283752144015 56.583439116450066 827303
79 -0.7299523935632785 57.50330797221968 796741
80 -0.7364826030348408 58.317698238131946 767289
81 -0.7656971397628465 59.59123407737819 740533
82 -0.7611889450152887 60.08099115389111 713271
83 -0.7725948922860063 60.961993985015646 686726
84 -0.8146322310444115 61.944931383705345 664738
85 -0.8286716123978265 61.70635634387829 640822
86 -0.8249217122374772 62.70408309697794 618232
87 -0.8251416358118412 64.10089546785098 596071
88 -0.8644789705450291 64.6402967813362 575217
89 -0.864282272951188 65.17661233950902 554187
90 -0.8737737291374698 65.77471654295739 533732
91 -0.9105685518481682 66.7222926663416 513779
92 -0.8973008040972492 67.92458312037938 496333
93 -0.9388635713644533 68.431603142518 479027
94 -0.9567791899963883 69.79786725169299 462393
95 -0.9692924407675432 70.69391735994775 445786
96 -0.9698542875383223 71.32430760651475 427623
97 -0.9864124101767333 72.39093258462752 411920
98 -0.9922463902583366 71.75476833417426 398782
99 -0.980774570223808 72.88469298421225 385375
100 -1.017872043942868 73.67473237252378 370299
101 -1.0154104799095904 75.12865499901022 357484
102 -1.0348510853104493 75.03141250216277 346675
103 -1.0461322973967904 74.73390552297015 334126
104 -1.1015468244383908 77.22941326530403 320463
105 -1.1068720547644135 77.71797545115727 309398
106 -1.1000096937769295 79.42847099044286 299161
107 -1.1185567189559302 79.95499151773548 287567
108 -1.127703640517017 81.29089835568377 276664
109 -1.1697419876837327 80.96607460866676 266964
110 -1.1563160789112907 82.54981377503503 258214
111 -1.1599602184775548 82.91756364965539 249362
112 -1.1873700926187665 84.29643687048087 240556
113 -1.226628128704197 85.50879584733303 232844
114 -1.1861264989209994 86.41507994582143 224745
115 -1.2029902110031645 85.78508871795154 216774
116 -1.2359349952484713 86.69257085298854 208354
117 -1.2435534512833293 89.00069168397326 200650
118 -1.2777513741372897 89.17139738200052 193576
119 -1.279856845253993 88.33589947205519 187210
120 -1.31398811164904 90.96787264112382 181354
121 -1.3344435826071086 93.22429066658256 175336
122 -1.3120921236858967 93.06779582947804 168556
123 -1.3339055424296122 93.86086262131994 162528
124 -1.3204552375152254 94.7089583595473 157632
125 -1.3407104076562069 94.58472095084161 152138
126 -1.3787830280572453 96.26089105680107 146807
127 -1.4100397332198098 97.79307786134164 140940
128 -1.39482115039826 98.22432964426125 136092
129 -1.3758244767853203 99.83968363692081 131447
130 -1.409115193035936 99.59979529354534 127282
131 -1.4472219038105687 99.942074216778 122134
132 -1.4314208741618295 103.96967162198449 117667
133 -1.461369178088221 100.67588065807558 113601
134 -1.4757817734079346 105.18641892773343 110454
135 -1.4243008678881388 102.07688987714103 106811
136 -1.494240113737061 105.63790952671825 102693
137 -1.5331686910941988 106.37435722415155 99205
138 -1.3948290835277746 109.43436037932345 95573
139 -1.5416333239613296 107.94344585183673 92474
140 -1.5623238018525976 108.68888211057279 89388
141 -1.500017422209833 107.83709362665209 86097
142 -1.549625321282475 112.63370377896037 82871
143 -1.5943188086045228 112.66721838845785 79772
144 -1.6187972566728699 115.1611744933364 76841
145 -1.5552425035218354 114.69602588034815 74535
146 -1.5910465651089214 110.60430791109877 71749
147 -1.583184592353754 113.98360888186303 69472
148 -1.639993481095176 114.5726739598959 67496
149 -1.658950450797565 115.38515703977343 64885
150 -1.6443103667855323 117.92574863928122 62816
151 -1.6195438780184543 120.16058328779725 61124
152 -1.6528432565874063 119.58231602314198 58331
153 -1.6973298513030965 123.49550371611953 56289
154 -1.7786065558785353 124.98522688516593 54699
155 -1.7314963759202135 124.72490056171449 52841
156 -1.6674691720493247 120.22657337568893 51090
157 -1.7810208541841133 123.00119129430152 48959
158 -1.7713517860165904 125.49370357304699 47256
159 -1.6807074805928017 123.00699724117904 45344
160 -1.7156377568473626 126.26302280987322 43849
161 -1.8235944743840162 129.82768136351828 42493
162 -1.8447503971501469 132.32177923414093 41546
163 -1.9573350672735457 132.16668868165777 39986
164 -1.7628771396366878 128.99229302485395 38149
165 -1.9219324777241886 138.97755624264096 36699
166 -1.8732146905463614 139.59200755286508 35288
167 -1.9052203429507812 136.94440243140448 34174
168 -1.9480192076830731 138.0007793897871 33320
169 -1.9481368489867072 142.4072345668341 32123
170 -1.8721628730071112 135.01612836415978 30797
171 -1.9248495328035116 142.59967944482213 30073
172 -1.8982986243459579 147.05424673282008 28859
173 -2.146721102322021 150.8463692473719 27433
174 -1.9828900236262479 149.3305128275516 26242
175 -1.9947761194029852 141.3064534651956 25460
176 -1.9542189945030695 151.23350976498529 24923
177 -2.1099265773426805 155.36038057701256 24107
178 -2.0186641320314527 148.1256345413878 23146
179 -1.9671875 149.02182512555802 22400
180 -2.1498414740614806 151.79691986183366 21763
181 -1.9448646591503735 147.94496447076523 21021
182 -2.1914765303045534 156.68139885513818 19898
183 -1.9745718462823727 159.5618534089985 19152
184 -2.227523531321 161.4674367644306 18486
185 -2.104261411487283 153.25806448592826 17811
186 -2.2163711895149496 169.93399212106806 17091
187 -2.105792245093346 163.39617994917873 16712
188 -1.939542382340175 162.15179846361886 16127
189 -2.1380025940337224 160.8162341426651 15420
190 -2.005122405534859 158.22994981205252 15032
191 -1.9667706496677064 159.71678540745538 14746
192 -2.1578689785359715 163.37240661724573 14303
193 -2.1141163393849576 160.8831612328527 13495
194 -2.082486825021004 169.8352489291207 13093
195 -2.1003775959723097 160.4853617202281 12712
196 -1.9470108695652173 163.57991274029106 12512
197 -2.1743339400959787 170.69515790072958 12086
198 -2.33444387493593 174.60615515373533 11706
199 -2.302090715804394 175.11249740070048 11288
200 -2.3798550455305705 181.69031337798467 10762
201 -2.199866182374307 165.36274897846062 10462
202 -2.2646014206787686 180.18472168407058 10136
203 -2.462480857580398 194.2498174288066 9795
204 -2.036578919547521 171.49776336756915 9459
205 -2.3947368421052633 192.8096848157546 9044
206 -2.38018618549592 189.11968096751863 8701
207 -2.2399667537402044 184.32795383408822 8422
208 -2.494997498749375 192.51010504001377 7996
209 -2.509547475804342 186.34015211015776 7646
210 -2.6070175438596492 206.61209650306603 7410
211 -2.5036975024417467 196.60717901718783 7167
212 -2.5211828262723914 201.27485694610255 7034
213 -2.4833653703977525 192.45140893156434 6763
214 -2.442301710730949 195.90825722156785 6430
215 -2.4688161537208924 194.98832084244216 6141
216 -2.1675603217158175 177.18137394073128 5968
217 -2.549513551077137 211.12280900589698 5756
218 -2.6466801544969654 216.58787430141413 5437
219 -2.534953834558131 214.41045149117943 5307
220 -2.4494104222137696 193.8997799871261 5258
221 -2.4691532258064517 193.04300008942508 4960
222 -2.2533604887983705 194.67959665008857 4910
223 -2.5680780406807804 226.52307397315417 4818
224 -2.570305676855895 224.853790736256 4580
225 -2.3059529303184125 194.73195810207608 4334
226 -2.150789851603638 199.44542900753703 4178
227 -2.8820626696274365 239.85433652999805 4053
228 -2.937946884576098 263.7864967040225 3916
229 -2.5069028392810626 214.26610238988255 3839
230 -2.60038188761593 221.49469707183778 3666
231 -2.3975029036004645 207.8788671675293 3444
232 -2.2568175007491758 198.23641216717348 3337
233 -2.339205733054643 201.5738018176321 3349
234 -2.6047867444001227 212.4421495326135 3259
235 -2.6987381703470033 249.5934684393317 3170
236 -2.3782467532467533 216.2780332897622 3080
237 -2.6790529431108188 243.6957433977232 3041
238 -2.3360323886639676 189.66710922432208 2964
239 -2.4755073477956615 205.33127554735677 2858
240 -2.666543982333456 210.55203858961875 2717
241 -2.5358682869462954 208.1875609767716 2551
242 -2.988066825775656 242.7890381880562 2514
243 -2.7650924024640657 254.96494162390533 2435
244 -1.9528380634390652 170.1208976215228 2396
245 -2.977292576419214 263.91214812837285 2290
246 -2.035451197053407 199.2515056435667 2172
247 -2.253609239653513 217.0006486673256 2078
248 -2.76417004048583 216.45248139618747 1976
249 -3.351966873706004 274.48274457861277 1932
250 -2.5210583153347734 201.0605716661458 1852
251 -2.5967287084038353 218.62530232741608 1773
252 -2.6098931984260823 211.376765531033 1779
253 -2.1497695852534564 198.41074879483534 1736
254 -2.6716503737780335 243.39937456206277 1739
255 -2.8838905775075987 268.0576432220692 1645
256 -2.3318858560794045 184.50709743610264 1612
257 -2.8873873873873874 291.86955778171995 1554
258 -3.108433734939759 274.0658860340962 1494
259 -3.155450874831763 270.96439491784247 1486
260 -2.9523460410557183 289.5160575459447 1364
261 -2.3088923556942276 210.99350906953597 1282
262 -3.475806451612903 298.45586628511967 1240
263 -2.920406435224386 258.69307214641077 1181
264 -3.4640221402214024 291.3225063316131 1084
265 -4.099539170506913 356.49700439593107 1085
266 -2.8013435700575817 253.43558360748744 1042
267 -3.094069529652352 253.06681554526787 978
268 -2.167528438469493 185.04949368455837 967
269 -3.26095423563778 324.5024968499017 1027
270 -3.3519494204425713 377.6991031544491 949
271 -2.779527559055118 249.04475523236763 889
272 -3.4445676274944566 319.7635569638301 902
273 -2.6469165659008462 228.33724260851633 827
274 -2.8788659793814433 301.4879038686364 776
275 -2.4423558897243107 229.97349419915705 798
276 -2.249673202614379 218.72851296509887 765
277 -2.7276478679504814 236.9519591167183 727
278 -2.764786795048143 252.8373845143786 727
279 -3.0952380952380953 270.3170480313338 693
280 -5.302114803625377 498.73350005932775 662
281 -3.0268562401263823 236.91081112783232 633
282 -3.5104 296.01629184 625
283 -1.6697965571205007 192.56858696956562 639
284 -1.6803149606299213 187.93402194804392 635
285 -2.5972696245733786 243.74565807406023 586
286 -2.529304029304029 237.0550020797273 546
287 -3.966666666666667 348.04333333333335 540
288 -2.752016129032258 239.0937459352237 496
289 -4.319829424307036 412.7292656425458 469
290 -4.2309417040358746 424.42424440467335 446
291 -4.930666666666666 414.31519288888893 375
292 -3.731266149870801 372.8476787586216 387
293 -2.4158415841584158 235.48054112341924 404
294 -3.6005221932114884 319.01274124167463 383
295 -3.547169811320755 285.0186644967706 371
296 -3.949554896142433 359.2289092974315 337
297 -3.7740963855421685 463.512220569023 332
298 -3.1710914454277286 323.4043560358854 339
299 -1.6064139941690962 256.35529413764675 343
300 -1.974921630094044 140.9398099468362 319
301 -4.12063492063492 442.33465356512977 315
302 -1.8802588996763754 204.09893067730755 309
303 -2.88 273.6037818181819 275
304 -4.7749077490774905 438.0711046962868 271
305 -2.3797909407665507 222.6397309667472 287
306 -3.7964285714285713 442.5835586734694 280
307 -3.1515151515151514 231.8053259871442 297
308 -3.6714285714285713 397.0563265306121 280
309 -5.772549019607843 681.7835601691658 255
310 -4.023923444976076 339.65014537212977 209
311 -2.772093023255814 455.98991887506753 215
312 -2.5707547169811322 275.99971075115707 212
313 -5.010869565217392 462.5216209829867 184
314 -5.923976608187134 524.2807701514996 171
315 -4.965116279069767 457.62669010275823 172
316 -5.788819875776397 526.4398750048224 161
317 -2.8471337579617835 202.70274656172666 157
318 -4.848684210526316 478.2468403739612 152
319 -3.10062893081761 491.28547130255913 159
320 -1.5064935064935066 170.79541237982792 154
321 -4.401360544217687 526.1450321625249 147
322 -3.684931506849315 287.17470444736347 146
323 -0.391304347826087 153.38311279143036 138
324 1.0923076923076922 151.6068639053254 130
325 -3.5934959349593494 362.98922598982085 123
326 -1.1481481481481481 213.27434842249656 108
327 -0.6078431372549019 407.0618992695118 102
328 -0.9175257731958762 379.8694866617068 97
329 -8.910112359550562 1005.0480999873752 89
330 -6.341176470588235 973.9894809688581 85
331 -3.1758241758241756 384.01304190315176 91
332 -3.4186046511627906 292.03407247160624 86
333 -4.928571428571429 714.3234693877552 70
334 -0.676923076923077 18.003313609467455 65
335 -8.816666666666666 665.416388888889 60
336 -4.540983606557377 420.9696318194034 61
337 -3.2560975609756095 217.75148720999402 82
338 -3.513888888888889 337.2220293209877 72
339 -2.2203389830508473 148.20568802068374 59
340 -5.51063829787234 665.9945676776822 47
341 -3.2432432432432434 259.10299488677873 37
342 -5.05 355.64750000000004 40
343 -6.0588235294117645 457.0749711649366 51
344 -5.234567901234568 413.8585581466239 81
345 -6.139240506329114 523.2084601826632 79
346 -0.8867924528301887 212.40227839088638 53
347 -4.631578947368421 471.8642659279779 38
348 -2.4186046511627906 607.4991887506761 43
349 -5.475409836065574 515.1018543402311 61
350 -1.8571428571428572 375.80102040816325 56
351 -3.9107142857142856 459.545599489796 56
352 -1.3018867924528301 32.77678889284443 53
353 -5.391304347826087 275.67296786389414 46
354 0.4482758620689655 9.764565992865636 29
355 1.0555555555555556 21.55246913580247 36
356 -7.638297872340425 876.6138524219103 47
357 -7.076923076923077 802.8402366863907 39
358 -7.9 1142.9566666666665 30
359 -5.78125 635.2333984375 32
360 -0.5172413793103449 6.732461355529131 29
361 0.7692307692307693 9.562130177514792 26
362 -1.7714285714285714 98.63346938775511 35
363 0.22727272727272727 3.5392561983471085 44
364 -6.285714285714286 905.3945578231293 42
365 -6.371428571428571 524.8620408163265 35
366 -3.40625 135.5537109375 32
367 -5.416666666666667 709.7430555555553 24
368 -2.6666666666666665 130.72222222222223 24
369 -9.9 1393.89 20
370 -12.772727272727273 1614.2665289256192 22
371 1.2666666666666666 19.662222222222226 15
372 -3.1176470588235294 106.22145328719724 17
373 4.894736842105263 366.409972299169 19
374 -0.47368421052631576 4.038781163434903 19
375 -10.818181818181818 1277.4214876033059 33
376 -7.484848484848484 678.674012855831 33
377 -1.1111111111111112 20.543209876543212 27
378 -4.583333333333333 369.40972222222223 24
379 -11.444444444444445 2231.8024691358023 18
380 -10.142857142857142 416.26530612244903 14
381 -6.111111111111111 288.7654320987654 9
382 2.2857142857142856 34.48979591836735 7
383 -2.5454545454545454 99.52066115702479 11
384 0.4666666666666667 1.9822222222222223 15
385 1.0555555555555556 13.385802469135804 18
386 -2.066666666666667 57.39555555555557 15
387 5.0 292.90909090909093 11
388 0.36363636363636365 1.867768595041322 11
389 -6.615384615384615 198.5443786982249 13
390 -19.0 3409.75 8
391 -20.22222222222222 3153.0617283950614 9
392 -0.14285714285714285 0.9795918367346939 7
393 3.2 21.759999999999998 5
394 1.0 0.0 4
395 1.0 1.6 5
396 8.75 436.6875 8
397 -0.8333333333333334 6.972222222222222 12
398 -3.272727272727273 57.83471074380166 11
399 -1.0 12.571428571428571 7
400 -6.0 485.6666666666667 12
401 -0.16666666666666666 0.9722222222222223 12
402 0.5555555555555556 1.5802469135802468 9
403 0.75 1.4375 8
404 4.153846153846154 42.89940828402367 13
405 1.9166666666666667 49.57638888888889 12
406 -7.1 1014.8900000000001 10
407 0.5714285714285714 1.1020408163265305 7
408 -10.285714285714286 615.6326530612245 7
409 5.5 126.75 4
410 1.0 0.0 1
411 -10.666666666666666 635.2222222222223 6
412 1.0 1.5555555555555556 9
413 0.1 2.0900000000000003 10
414 -13.2 2641.8933333333325 15
415 -2.0 38.857142857142854 14
416 0.25 1.1875 12
417 0.25 1.8541666666666667 12
418 -15.222222222222221 1083.2839506172838 9
419 -34.2 4816.960000000001 5
420 3.9166666666666665 154.57638888888889 12
421 -15.5 2897.9166666666665 12
422 -1.4 19.439999999999998 15
423 -3.0555555555555554 80.608024691358 18
424 -0.45454545454545453 8.611570247933884 11
425 3.5 32.583333333333336 6
426 -3.2857142857142856 77.34693877551021 7
427 -1.3333333333333333 4.222222222222222 3
428 -0.5 5.25 6
429 -6.0 100.85714285714286 7
430 -25.666666666666668 1216.8888888888887 3
431 1.0 0.0 3
432 1.0 18.666666666666668 3
434 2.0 0.0 1
435 -32.0 3288.6666666666665 3
436 0.5 0.75 4
437 0.25 1.6875 8
438 -3.2857142857142856 53.06122448979592 7
439 -6.777777777777778 579.2839506172841 9
440 0.9166666666666666 8.409722222222223 12
441 -12.0 1609.0 12
442 -2.090909090909091 53.355371900826455 11
443 -0.36363636363636365 63.68595041322314 11
444 0.125 4.359375 8
445 -9.25 204.1875 4
446 1.25 3.1875 4
447 -1.0 2.0 4
448 -28.571428571428573 5945.102040816326 7
449 -0.6 0.6400000000000002 5
450 -4.6 78.63999999999999 5
451 1.6666666666666667 5.555555555555555 9
452 0.3333333333333333 1.388888888888889 12
453 -1.875 15.359375 8
454 -14.7 1325.4099999999999 10
455 -0.42857142857142855 0.8163265306122448 7
456 0.5 0.75 4
457 -11.11111111111111 1255.6543209876543 9
458 -0.8461538461538461 27.82248520710058 13
459 0.2857142857142857 3.4897959183673466 14
460 -4.909090909090909 152.44628099173553 11
461 -0.6666666666666666 0.8888888888888888 9
462 -43.8 7587.759999999999 5
463 -0.25 3.1875 8
464 0.5 2.5 8
465 -0.4444444444444444 2.4691358024691357 9
466 -2.4444444444444446 15.358024691358025 9
467 0.0 2.5 4
468 0.75 1.1875 4
469 -1.0 0.0 3
470 -4.0 0.0 1
