0 1.0 0.0
1 0.4179 0.5821
2 0.5093 0.4907
3 0.4993 0.5007
4 0.4965 0.5035
5 0.4942 0.5058
6 0.4939 0.5061
7 0.4939 0.5061
8 0.4927 0.5073
9 0.4925 0.5075
10 0.4928 0.5072
11 0.4921 0.5079
12 0.4913 0.5087
13 0.4917 0.5083
14 0.4901 0.5099
15 0.4902 0.5098
16 0.4901 0.5099
17 0.4897 0.5103
18 0.4894 0.5106
19 0.4888 0.5112
20 0.4894 0.5106
21 0.4882 0.5118
22 0.4875 0.5125
23 0.488 0.512
24 0.4876 0.5124
25 0.487 0.513
26 0.4864 0.5136
27 0.4861 0.5139
28 0.4861 0.5139
29 0.4858 0.5142
30 0.4851 0.5149
31 0.4846 0.5154
32 0.4849 0.5151
33 0.4837 0.5163
34 0.4842 0.5158
35 0.4841 0.5159
36 0.4828 0.5172
37 0.4829 0.5171
38 0.4833 0.5167
39 0.4822 0.5178
40 0.4837 0.5163
41 0.4823 0.5177
42 0.4816 0.5184
43 0.4815 0.5185
44 0.4803 0.5197
45 0.4811 0.5189
46 0.4808 0.5192
47 0.4809 0.5191
48 0.4791 0.5209
49 0.4795 0.5205
50 0.4792 0.5208
51 0.4794 0.5206
52 0.4787 0.5213
53 0.4796 0.5204
54 0.4787 0.5213
55 0.4781 0.5219
56 0.4779 0.5221
57 0.4781 0.5219
58 0.477 0.523
59 0.479 0.521
60 0.4757 0.5243
61 0.4769 0.5231
62 0.4771 0.5229
63 0.4781 0.5219
64 0.4777 0.5223
65 0.4767 0.5233
66 0.4755 0.5245
67 0.4753 0.5247
68 0.477 0.523
69 0.4757 0.5243
70 0.4755 0.5245
71 0.4738 0.5262
72 0.4756 0.5244
73 0.4751 0.5249
74 0.4739 0.5261
75 0.4738 0.5262
76 0.4754 0.5246
77 0.4737 0.5263
78 0.4741 0.5259
79 0.4733 0.5267
80 0.4719 0.5281
81 0.4726 0.5274
82 0.4715 0.5285
83 0.4738 0.5262
84 0.473 0.527
85 0.4737 0.5263
86 0.4732 0.5268
87 0.4729 0.5271
88 0.4732 0.5268
89 0.4715 0.5285
90 0.4718 0.5282
91 0.4726 0.5274
92 0.4724 0.5276
93 0.4704 0.5296
94 0.4711 0.5289
95 0.4714 0.5286
96 0.4723 0.5277
97 0.4722 0.5278
98 0.47 0.53
99 0.4697 0.5303
100 0.4708 0.5292
101 0.4705 0.5295
102 0.4687 0.5313
103 0.4691 0.5309
104 0.468 0.532
105 0.4709 0.5291
106 0.4691 0.5309
107 0.4706 0.5294
108 0.4684 0.5316
109 0.4709 0.5291
110 0.4691 0.5309
111 0.4695 0.5305
112 0.468 0.532
113 0.4702 0.5298
114 0.4698 0.5302
115 0.4674 0.5326
116 0.4674 0.5326
117 0.4656 0.5344
118 0.4668 0.5332
119 0.4683 0.5317
120 0.4663 0.5337
121 0.4657 0.5343
122 0.4688 0.5312
123 0.4675 0.5325
124 0.4665 0.5335
125 0.4661 0.5339
126 0.4645 0.5355
127 0.4691 0.5309
128 0.4689 0.5311
129 0.4679 0.5321
130 0.4657 0.5343
131 0.4654 0.5346
132 0.4706 0.5294
133 0.4651 0.5349
134 0.4673 0.5327
135 0.4663 0.5337
136 0.4648 0.5352
137 0.4667 0.5333
138 0.4656 0.5344
139 0.4684 0.5316
140 0.4685 0.5315
141 0.4639 0.5361
142 0.4647 0.5353
143 0.466 0.534
144 0.4628 0.5372
145 0.4645 0.5355
146 0.467 0.533
147 0.4656 0.5344
148 0.4625 0.5375
149 0.4635 0.5365
150 0.4638 0.5362
151 0.4641 0.5359
152 0.4603 0.5397
153 0.4645 0.5355
154 0.465 0.535
155 0.463 0.537
156 0.4658 0.5342
157 0.4626 0.5374
158 0.4673 0.5327
159 0.4656 0.5344
160 0.4644 0.5356
161 0.4664 0.5336
162 0.4624 0.5376
163 0.4661 0.5339
164 0.4598 0.5402
165 0.4609 0.5391
166 0.4607 0.5393
167 0.464 0.536
168 0.462 0.538
169 0.4608 0.5392
170 0.4634 0.5366
171 0.4616 0.5384
172 0.4623 0.5377
173 0.464 0.536
174 0.4649 0.5351
175 0.4669 0.5331
176 0.4635 0.5365
177 0.4658 0.5342
178 0.4618 0.5382
179 0.4619 0.5381
180 0.4604 0.5396
181 0.4625 0.5375
182 0.4647 0.5353
183 0.4621 0.5379
184 0.4593 0.5407
185 0.4601 0.5399
186 0.4598 0.5402
187 0.463 0.537
188 0.4652 0.5348
189 0.4609 0.5391
190 0.462 0.538
191 0.4606 0.5394
192 0.4635 0.5365
193 0.4637 0.5363
194 0.4607 0.5393
195 0.4619 0.5381
196 0.4561 0.5439
197 0.4608 0.5392
198 0.4614 0.5386
199 0.459 0.541
200 0.4588 0.5412
201 0.4604 0.5396
202 0.4592 0.5408
203 0.4594 0.5406
204 0.4591 0.5409
205 0.4593 0.5407
206 0.4637 0.5363
207 0.4557 0.5443
208 0.4594 0.5406
209 0.4616 0.5384
210 0.4596 0.5404
211 0.4578 0.5422
212 0.4635 0.5365
213 0.4618 0.5382
214 0.4601 0.5399
215 0.4602 0.5398
216 0.4575 0.5425
217 0.4609 0.5391
218 0.459 0.541
219 0.4639 0.5361
220 0.4683 0.5317
221 0.4634 0.5366
222 0.4669 0.5331
223 0.4642 0.5358
224 0.4585 0.5415
225 0.4678 0.5322
226 0.4585 0.5415
227 0.4579 0.5421
228 0.4628 0.5372
229 0.4592 0.5408
230 0.4499 0.5501
231 0.4543 0.5457
232 0.4608 0.5392
233 0.4611 0.5389
234 0.4585 0.5415
235 0.461 0.539
236 0.4654 0.5346
237 0.459 0.541
238 0.467 0.533
239 0.4583 0.5417
240 0.4618 0.5382
241 0.4602 0.5398
242 0.4552 0.5448
243 0.4547 0.5453
244 0.4583 0.5417
245 0.4605 0.5395
246 0.4647 0.5353
247 0.4604 0.5396
248 0.4628 0.5372
249 0.4556 0.5444
250 0.4537 0.5463
251 0.4521 0.5479
252 0.4498 0.5502
253 0.4537 0.5463
254 0.451 0.549
255 0.4584 0.5416
256 0.4604 0.5396
257 0.4663 0.5337
258 0.4609 0.5391
259 0.4583 0.5417
260 0.454 0.546
261 0.452 0.548
262 0.4573 0.5427
263 0.4597 0.5403
264 0.4622 0.5378
265 0.4547 0.5453
266 0.4588 0.5412
267 0.4561 0.5439
268 0.4595 0.5405
269 0.4555 0.5445
270 0.4651 0.5349
271 0.4518 0.5482
272 0.4612 0.5388
273 0.4512 0.5488
274 0.4528 0.5472
275 0.46 0.54
276 0.4582 0.5418
277 0.4645 0.5355
278 0.4593 0.5407
279 0.4541 0.5459
280 0.4584 0.5416
281 0.4646 0.5354
282 0.4562 0.5438
283 0.4485 0.5515
284 0.4454 0.5546
285 0.4547 0.5453
286 0.4613 0.5387
287 0.4514 0.5486
288 0.4585 0.5415
289 0.4474 0.5526
290 0.4481 0.5519
291 0.4654 0.5346
292 0.4655 0.5345
293 0.4547 0.5453
294 0.4676 0.5324
295 0.4524 0.5476
296 0.4444 0.5556
297 0.4467 0.5533
298 0.4507 0.5493
299 0.4536 0.5464
300 0.4587 0.5413
301 0.4645 0.5355
302 0.4443 0.5557
303 0.4499 0.5501
304 0.4618 0.5382
305 0.4575 0.5425
306 0.4539 0.5461
307 0.446 0.554
308 0.4509 0.5491
309 0.4427 0.5573
310 0.4542 0.5458
311 0.4584 0.5416
312 0.4549 0.5451
313 0.4506 0.5494
314 0.4469 0.5531
315 0.463 0.537
316 0.4567 0.5433
317 0.4734 0.5266
318 0.4708 0.5292
319 0.4543 0.5457
320 0.4622 0.5378
321 0.4618 0.5382
322 0.4582 0.5418
323 0.4361 0.5639
324 0.4445 0.5555
325 0.4581 0.5419
326 0.4609 0.5391
327 0.4641 0.5359
328 0.4565 0.5435
329 0.4699 0.5301
330 0.4536 0.5464
331 0.46 0.54
332 0.4558 0.5442
333 0.4505 0.5495
334 0.4637 0.5363
335 0.4488 0.5512
336 0.4627 0.5373
337 0.4414 0.5586
338 0.4441 0.5559
339 0.4566 0.5434
340 0.4485 0.5515
341 0.4651 0.5349
342 0.4789 0.5211
343 0.4545 0.5455
344 0.4712 0.5288
345 0.4588 0.5412
346 0.4679 0.5321
347 0.4645 0.5355
348 0.4556 0.5444
349 0.4548 0.5452
350 0.4378 0.5622
351 0.4386 0.5614
352 0.4411 0.5589
353 0.4596 0.5404
354 0.4354 0.5646
355 0.4367 0.5633
356 0.4449 0.5551
357 0.4367 0.5633
358 0.4474 0.5526
359 0.4708 0.5292
360 0.4456 0.5544
361 0.4525 0.5475
362 0.4728 0.5272
363 0.501 0.499
364 0.4462 0.5538
365 0.4516 0.5484
366 0.4722 0.5278
367 0.4523 0.5477
368 0.4568 0.5432
369 0.4712 0.5288
370 0.4646 0.5354
371 0.4411 0.5589
372 0.4581 0.5419
373 0.4605 0.5395
374 0.4245 0.5755
375 0.4583 0.5417
376 0.4163 0.5837
377 0.4706 0.5294
378 0.4459 0.5541
379 0.4839 0.5161
380 0.4167 0.5833
381 0.4595 0.5405
382 0.444 0.556
383 0.4521 0.5479
384 0.4818 0.5182
385 0.4366 0.5634
386 0.4518 0.5482
387 0.4492 0.5508
388 0.4676 0.5324
389 0.4703 0.5297
390 0.5173 0.4827
391 0.473 0.527
392 0.4568 0.5432
393 0.458 0.542
394 0.4509 0.5491
395 0.4642 0.5358
396 0.4595 0.5405
397 0.4608 0.5392
398 0.449 0.551
399 0.4719 0.5281
400 0.4653 0.5347
401 0.4483 0.5517
402 0.4626 0.5374
403 0.3985 0.6015
404 0.4588 0.5412
405 0.4387 0.5613
406 0.4799 0.5201
407 0.4577 0.5423
408 0.4643 0.5357
409 0.4908 0.5092
410 0.4351 0.5649
411 0.4279 0.5721
412 0.4354 0.5646
413 0.4539 0.5461
414 0.4544 0.5456
415 0.4752 0.5248
416 0.4177 0.5823
417 0.4288 0.5712
418 0.4554 0.5446
419 0.4612 0.5388
420 0.4449 0.5551
421 0.4321 0.5679
422 0.4939 0.5061
423 0.4762 0.5238
424 0.4651 0.5349
425 0.4386 0.5614
426 0.4711 0.5289
427 0.4451 0.5549
428 0.4563 0.5437
429 0.4331 0.5669
430 0.441 0.559
431 0.4436 0.5564
432 0.4788 0.5212
433 0.443 0.557
434 0.4709 0.5291
435 0.471 0.529
436 0.4884 0.5116
437 0.415 0.585
438 0.433 0.567
439 0.4365 0.5635
440 0.4502 0.5498
441 0.4704 0.5296
442 0.4192 0.5808
443 0.4227 0.5773
444 0.5235 0.4765
445 0.44 0.56
446 0.4343 0.5657
447 0.442 0.558
448 0.4069 0.5931
449 0.4259 0.5741
450 0.4221 0.5779
451 0.4152 0.5848
452 0.4598 0.5402
453 0.4915 0.5085
454 0.4312 0.5688
455 0.4365 0.5635
456 0.4774 0.5226
457 0.458 0.542
458 0.4471 0.5529
459 0.4658 0.5342
460 0.417 0.583
461 0.545 0.455
462 0.4229 0.5771
463 0.4274 0.5726
464 0.4729 0.5271
465 0.4218 0.5782
466 0.4182 0.5818
467 0.4868 0.5132
468 0.4154 0.5846
469 0.4444 0.5556
470 0.4791 0.5209
471 0.4382 0.5618
472 0.511 0.489
473 0.5435 0.4565
474 0.4486 0.5514
475 0.5053 0.4947
476 0.485 0.515
477 0.4923 0.5077
478 0.4521 0.5479
479 0.4628 0.5372
480 0.466 0.534
481 0.4114 0.5886
482 0.4368 0.5632
483 0.4583 0.5417
484 0.4051 0.5949
485 0.4286 0.5714
486 0.3724 0.6276
487 0.4425 0.5575
488 0.5 0.5
489 0.4058 0.5942
490 0.4809 0.5191
491 0.4412 0.5588
492 0.4394 0.5606
493 0.4341 0.5659
494 0.4222 0.5778
495 0.4206 0.5794
496 0.3704 0.6296
497 0.4815 0.5185
498 0.4811 0.5189
499 0.5306 0.4694
500 0.4595 0.5405
501 0.4706 0.5294
502 0.4422 0.5578
503 0.4812 0.5188
504 0.4206 0.5794
505 0.4158 0.5842
506 0.3438 0.6562
507 0.375 0.625
508 0.4138 0.5862
509 0.4545 0.5455
510 0.5109 0.4891
511 0.4 0.6
512 0.5233 0.4767
513 0.4 0.6
514 0.4563 0.5437
515 0.4157 0.5843
516 0.4302 0.5698
517 0.4103 0.5897
518 0.3824 0.6176
519 0.4118 0.5882
520 0.4189 0.5811
521 0.3333 0.6667
522 0.431 0.569
523 0.3333 0.6667
524 0.4423 0.5577
525 0.4324 0.5676
526 0.4133 0.5867
527 0.4265 0.5735
528 0.375 0.625
529 0.48 0.52
530 0.5 0.5
531 0.375 0.625
532 0.4677 0.5323
533 0.3333 0.6667
534 0.4783 0.5217
535 0.3902 0.6098
536 0.4583 0.5417
537 0.5 0.5
538 0.48 0.52
539 0.4 0.6
540 0.4082 0.5918
541 0.4444 0.5556
542 0.4 0.6
543 0.4667 0.5333
544 0.5833 0.4167
545 0.5526 0.4474
546 0.2647 0.7353
547 0.3636 0.6364
548 0.5319 0.4681
549 0.5833 0.4167
550 0.4468 0.5532
551 0.525 0.475
552 0.3902 0.6098
553 0.4211 0.5789
554 0.3 0.7
555 0.35 0.65
556 0.5357 0.4643
557 0.4412 0.5588
558 0.3824 0.6176
559 0.6452 0.3548
560 0.3571 0.6429
561 0.3929 0.6071
562 0.4516 0.5484
563 0.4412 0.5588
564 0.4688 0.5312
565 0.45 0.55
566 0.4242 0.5758
567 0.5 0.5
568 0.3529 0.6471
569 0.381 0.619
570 0.2857 0.7143
571 0.619 0.381
572 0.5 0.5
573 0.5238 0.4762
574 0.0667 0.9333
575 0.4545 0.5455
576 0.5714 0.4286
577 0.4286 0.5714
578 0.375 0.625
579 0.4167 0.5833
580 0.4 0.6
581 0.4 0.6
582 0.5 0.5
583 0.3077 0.6923
584 0.4667 0.5333
585 0.2353 0.7647
586 0.3077 0.6923
587 0.375 0.625
588 0.5714 0.4286
589 0.3636 0.6364
590 0.4 0.6
591 0.375 0.625
592 0.2857 0.7143
593 0.5 0.5
594 0.3636 0.6364
595 0.5385 0.4615
596 0.5 0.5
597 0.5294 0.4706
598 0.5263 0.4737
599 0.3913 0.6087
600 0.5 0.5
601 0.5714 0.4286
602 0.4 0.6
603 0.25 0.75
604 0.3846 0.6154
605 0.0 1.0
606 0.5 0.5
607 0.6667 0.3333
608 0.6923 0.3077
609 0.3571 0.6429
610 0.3333 0.6667
611 0.9091 0.0909
612 0.5882 0.4118
613 0.25 0.75
614 0.6923 0.3077
615 0.3333 0.6667
616 0.3333 0.6667
617 0.8 0.2
618 0.4211 0.5789
619 0.4167 0.5833
620 0.3158 0.6842
621 0.1818 0.8182
622 0.6 0.4
623 0.4545 0.5455
624 0.5 0.5
625 0.2222 0.7778
626 0.4286 0.5714
627 0.5833 0.4167
628 0.6154 0.3846
629 0.5 0.5
630 0.4706 0.5294
631 0.3333 0.6667
632 0.6154 0.3846
633 0.6875 0.3125
634 0.4 0.6
635 0.4286 0.5714
636 0.5625 0.4375
637 0.1818 0.8182
638 0.4545 0.5455
639 0.1818 0.8182
640 0.2 0.8
641 0.375 0.625
642 0.2857 0.7143
643 0.5 0.5
644 0.4286 0.5714
645 0.4 0.6
646 0.4286 0.5714
647 0.4286 0.5714
648 0.375 0.625
649 0.7778 0.2222
650 0.3333 0.6667
651 0.375 0.625
652 0.5 0.5
653 0.5 0.5
654 0.4444 0.5556
655 0.7778 0.2222
656 0.6 0.4
657 0.4545 0.5455
658 0.4286 0.5714
659 0.1429 0.8571
660 0.4 0.6
661 0.8 0.2
662 0.5333 0.4667
663 0.6111 0.3889
664 0.6 0.4
665 0.4375 0.5625
666 0.25 0.75
667 0.5 0.5
668 0.5 0.5
669 0.5714 0.4286
670 0.4545 0.5455
671 0.0909 0.9091
672 0.5 0.5
673 0.3 0.7
674 0.6364 0.3636
675 0.2727 0.7273
676 0.3333 0.6667
677 0.5 0.5
678 0.2857 0.7143
679 0.1667 0.8333
680 0.0 1.0
681 1.0 0.0
682 0.5 0.5
683 0.5 0.5
684 0.0 1.0
685 1.0 0.0
686 0.8 0.2
687 0.1667 0.8333
688 1.0 0.0
689 0.5 0.5
690 0.6 0.4
691 0.8 0.2
692 0.3333 0.6667
693 0.5 0.5
694 0.2 0.8
695 0.5 0.5
696 0.25 0.75
697 0.1667 0.8333
698 0.5 0.5
699 0.0 1.0
701 0.5 0.5
702 0.3333 0.6667
703 0.75 0.25
704 0.5 0.5
705 0.75 0.25
706 0.6667 0.3333
707 0.5 0.5
708 0.5 0.5
709 0.0 1.0
710 0.5 0.5
711 0.3333 0.6667
712 0.0 1.0
713 1.0 0.0
714 0.5 0.5
715 0.0 1.0
716 0.6667 0.3333
717 0.5 0.5
718 1.0 0.0
719 0.3333 0.6667
720 0.0 1.0
721 1.0 0.0
722 0.0 1.0
723 0.0 1.0
736 0.0 1.0
751 0.0 1.0
784 1.0 0.0
785 1.0 0.0
786 1.0 0.0
787 0.0 1.0
788 0.0 1.0
789 0.0 1.0
798 1.0 0.0
799 0.0 1.0
806 0.0 1.0
