0 0 0
1 2.2012985148206825 0.0
2 2.3916090827108873 0.0
3 2.7113364077468223 -0.6669398704974906
4 3.040211222095379 -0.8526341581102044
5 3.3511807695001776 -1.0291076441751998
6 3.642289605967245 -1.155629047049996
7 3.9187429746324214 -1.3022765852762783
8 4.187388110237527 -1.4212268232920042
9 4.437471639239908 -1.5445163352090239
10 4.677323176294505 -1.6482085162857503
11 4.918736755832826 -1.7596129374624336
12 5.146587425782715 -1.8535286171022873
13 5.361683889994485 -1.955496717093918
14 5.569435824750914 -2.043281999031218
15 5.775117467072873 -2.1334619055541446
16 5.977603392839893 -2.2157155733463108
17 6.198480874001903 -2.3032195344841333
18 6.357350506164681 -2.384379909020012
19 6.555224380968345 -2.4612463324452807
20 6.738439172344569 -2.546715530707114
21 6.913277315679284 -2.6202072381247357
22 7.07169948532694 -2.6921637430254917
23 7.248437084432597 -2.770569662630453
24 7.416295033367475 -2.8378452337942854
25 7.567619154364983 -2.91650356393997
26 7.711550426286895 -2.988437207659246
27 7.861035692064031 -3.0542568274651454
28 8.020706758501623 -3.1175415570765987
29 8.138963598467225 -3.1822544986175396
30 8.27107265461882 -3.2526016854296365
31 8.417306859001098 -3.3235922017623545
32 8.588942347711722 -3.387794056549789
33 8.667110703000047 -3.4494341992439885
34 8.821528675435207 -3.5109009610084994
35 8.955281517551615 -3.5791406701297928
36 9.054407247357734 -3.6429936041199436
37 9.209299491593997 -3.69887153772362
38 9.278701329915078 -3.7499168045554128
39 9.436287959578808 -3.8262408740951157
40 9.505090644779635 -3.881724392940562
41 9.65073565553626 -3.9303042317158012
42 9.753112605136572 -4.0101915875308345
43 9.859081632059729 -4.0498621136624235
44 9.938024739979593 -4.098776604028936
45 10.027178856791641 -4.1582595568433804
46 10.144860609042906 -4.2252763888770986
47 10.177672701363475 -4.28261715234595
48 10.329773475727638 -4.357346440549413
49 10.42343709236705 -4.405212146270871
50 10.489629344440166 -4.439249143577687
51 10.58728885226706 -4.485212326794457
52 10.676683629880019 -4.562345949409296
53 10.785815991654674 -4.615979545538321
54 10.817699750872727 -4.673585474271077
55 10.950580111606246 -4.704583147789072
56 11.017823678496834 -4.768512515982994
57 11.107052034841969 -4.822649368935955
58 11.113160457755052 -4.865615714076944
59 11.208406801286538 -4.91018118437405
60 11.29129159317511 -4.9685664235636215
61 11.330014224751066 -5.022491279957565
62 11.413146304098047 -5.051418322750886
63 11.469473105506523 -5.164707825622911
64 11.601439672308897 -5.18941541435296
65 11.60105803800719 -5.2268433326452906
66 11.650544800592405 -5.299216309382743
67 11.755927854665638 -5.326859606703869
68 11.748982450721936 -5.391742976874127
69 11.939242802085694 -5.4505552972529925
70 11.874788160185723 -5.460233339537435
71 11.900423956529528 -5.490349939562251
72 11.999600077560716 -5.546643444407448
73 12.027428957374426 -5.591566568140369
74 12.148663582626574 -5.687688535948409
75 12.174694530389637 -5.740489804372592
76 12.206189435874068 -5.778451581171263
77 12.10573044998417 -5.807936607402259
78 12.300260655160267 -5.866280695214575
79 12.379316283475415 -5.903725363432008
80 12.440239718463328 -5.9889752033038
81 12.449775609168398 -6.034035345824087
82 12.580232774097691 -6.0174050032266635
83 12.433946791566132 -6.095328061496111
84 12.637575014518939 -6.128983800095294
85 12.756838506049448 -6.183104011666374
86 12.761279432863534 -6.257398424329996
87 12.652902401987852 -6.277112997124219
88 12.62995664308659 -6.286194949458871
89 12.644999727802276 -6.323129375862396
90 12.686261145088793 -6.449853849136517
91 12.886696613028564 -6.469067942583732
92 12.799713683233058 -6.550065414447248
93 12.70052304352117 -6.549739255671882
94 12.866496080581618 -6.651370645576903
95 12.962292204439855 -6.607534735479159
96 12.935673997084733 -6.675187573370536
97 12.938887206334098 -6.776960869414256
98 12.996324847615632 -6.777254569984921
99 12.96677193773968 -6.849658171103106
100 13.192899490184319 -6.948722423262734
101 12.917005484114977 -6.887960899608622
102 13.127010349351343 -6.949735021835723
103 13.130123279887343 -6.9387143538202585
104 13.13836239575436 -7.019264673837681
105 13.132230126817198 -7.07752421672821
106 13.177804800676748 -7.04058637479712
107 13.191459723003563 -7.1985094563650245
108 13.083835646740033 -7.211978727543939
109 13.22954271116975 -7.185799535860316
110 13.110252167959835 -7.2632321648560865
111 13.201978926476169 -7.289771818825518
112 13.33274415817855 -7.393428125945405
113 13.337706020854355 -7.410403795365734
114 13.239972553178218 -7.4636808293181485
115 13.316979209780635 -7.469057743267394
116 13.454527494237734 -7.556462017151096
117 13.310691061019575 -7.562047642922339
118 13.376597198496754 -7.686357354392892
119 13.50461785104381 -7.584770153589585
120 13.291459074733096 -7.670864980055734
121 13.39774345492387 -7.736968713724283
122 13.386542056074767 -7.754787241660819
123 13.528786267659122 -7.864429374601518
124 13.272474298523614 -7.895552829547302
125 13.609838948167686 -7.8561834042681635
126 13.160751311135504 -8.003737458834342
127 13.411439874721832 -7.994496054975821
128 13.313965907634469 -8.062365556615827
129 13.58103174262274 -8.113851091352688
130 13.552621154100093 -8.08075969997838
131 13.69008078994614 -8.117462364861424
132 13.556561697526693 -8.175312996560093
133 13.487322772825936 -8.188115682452722
134 13.513914568814299 -8.299020141535111
135 13.66011414077362 -8.406704652320629
136 13.489025856885148 -8.255496773225273
137 13.485506138876152 -8.400898122807694
138 13.733350582147477 -8.425045471436116
139 13.322945728272884 -8.476543308501927
140 13.639942390782526 -8.54760694017859
141 13.534250343878954 -8.586694873480118
142 13.790478857462896 -8.619953391698683
143 13.776515803361441 -8.654936250861475
144 13.628751238272828 -8.726428199340162
145 13.624055605923239 -8.707464618956203
146 13.63191616766467 -8.621793122270743
147 13.726846424384526 -8.651572473018453
148 13.70347284060552 -8.883613188467146
149 13.648262023431938 -8.88153326789092
150 13.42184042691657 -8.844037370377617
151 13.88228055783429 -8.905175425462893
152 13.513142462918248 -8.87726322681373
153 13.7497562334587 -8.954316848281643
154 13.734139402560455 -9.123560684993722
155 13.598436129786613 -9.162573194534808
156 13.451114922813035 -8.984523215177234
157 13.580919156681329 -9.205891420723676
158 13.691407164598454 -9.19917155678288
159 13.95162674572833 -9.158221243042671
160 13.805369127516778 -9.297921134143436
161 14.002543276724916 -9.321793743742225
162 13.440528263795423 -9.302144845944374
163 13.627040423895394 -9.3824
164 13.752497127198797 -9.21465721040189
165 13.659823008849557 -9.305562750938998
166 13.733283803863298 -9.512985300903038
167 13.878071395456653 -9.360057071033054
168 13.64994298745724 -9.429441062534588
169 13.825538521249758 -9.598208011243852
170 13.830791933103788 -9.407430117222724
171 13.618037942578878 -9.663068619892059
172 13.488340899711101 -9.569238821594137
173 13.76579811243332 -9.622610678320349
174 13.846266624777464 -9.80570535365377
175 13.488130081300813 -9.826455873524115
176 13.787564766839377 -9.82514758443436
177 13.616702115750588 -9.797090163934426
178 13.858341956996666 -9.964052151455826
179 13.488178685992635 -10.02712400153774
180 13.573352748452857 -9.994090497347194
181 13.767156862745098 -10.071909614532565
182 13.830164925091275 -10.022588855558585
183 13.843599493029151 -10.148569600584956
184 13.851876408964328 -10.079602224526345
185 13.831610044313146 -10.160285249353882
186 13.613418530351439 -10.413110577629709
187 13.709402901785714 -10.029573109914223
188 13.663026739465211 -10.153492177114224
189 13.742358708189158 -10.308070102879595
190 13.697827038063293 -10.473728723966593
191 13.516476932294788 -10.345008850506893
192 13.515452876376989 -10.36510978481082
193 13.783909471399783 -10.39632531450011
194 13.898799313893653 -10.615144069689524
195 14.055456461812875 -10.636972193614831
196 13.800300802139038 -10.641235557103872
197 13.516819044333277 -10.49235326119809
198 14.352325381843144 -10.665893837705918
199 13.963217177050334 -10.500621735886595
200 13.438868613138686 -10.631971920867901
201 13.718936516549105 -10.97344789715098
202 13.499723909442297 -10.640418210693488
203 13.707123499806427 -10.644906840745273
204 13.698872472783826 -10.665751355804215
205 13.505177220230983 -10.814711424384116
206 13.649126330588471 -10.73541696672908
207 13.124156269175701 -10.779404304659758
208 13.548857868020304 -11.202858425621072
209 13.504192646742636 -10.896430482305282
210 13.444370714443707 -11.095496894409937
211 13.200578163219925 -11.17376276512176
212 13.666893578398003 -11.202566158781075
213 13.596678798908098 -10.621419375603477
214 13.904885532216191 -11.07104590785461
215 13.566233140655106 -11.103223105902051
216 13.814610958218664 -11.10306905370844
217 14.779479698516898 -11.354372294372295
218 13.550423402617398 -11.049764087955133
219 13.317843388960206 -10.95417167144045
220 13.214434601354872 -11.32047027590784
221 13.583464566929134 -10.982620320855615
222 13.347765750763253 -11.528858402743753
223 13.883044208170118 -11.676169091086596
224 13.394552092108958 -11.49118363370677
225 12.769187675070029 -11.596242213826203
226 12.661881043070613 -12.03521343023851
227 13.554209748892172 -11.539960609515912
228 13.432712847116266 -11.623242837214294
229 13.424017332095326 -11.889813114399914
230 13.947091685836346 -11.568642405752888
231 13.619779485466088 -12.197496367497486
232 14.232173031429538 -11.597487203350395
233 13.960278053624627 -11.76711362032463
234 12.936412078152753 -11.551250910857421
235 14.065770862800566 -11.441066997518611
236 13.558081705150977 -12.058151345860843
237 13.685279187817258 -11.817859853275992
238 14.160727542687454 -11.468415557295746
239 13.62271880819367 -12.139598185353208
240 13.680794196258114 -12.07857531266993
241 13.393262828045437 -11.94485903814262
242 13.613165379926858 -12.196184155951887
243 13.363253265908133 -12.5981003685852
244 12.724326599326599 -11.579638273045507
245 13.58124734832414 -11.739188388625593
246 13.415657439446367 -12.190070057873896
247 12.850307287093942 -12.449319675890537
248 13.401588702559577 -12.5203578038248
249 12.941125163541212 -12.292488909285606
250 13.789671361502348 -12.04837443065808
251 12.955137481910276 -11.922428866634876
252 13.082541270635318 -12.53312763884378
253 14.444387493593029 -12.53218314532183
254 14.659718603439291 -12.237598357851523
255 13.720408163265306 -13.187521968365553
256 12.926726410121244 -12.240200465366028
257 13.411548556430446 -11.434542441539312
258 13.834754797441365 -12.49352571217166
259 13.914032168607875 -12.008981463787503
260 12.889209463358338 -12.673261508325172
261 13.725 -11.856317257871662
262 13.74581166955517 -13.763939029281989
263 13.581774290887145 -12.12826264274062
264 13.743063932448733 -12.755131660792038
265 12.995716034271727 -12.57472939217319
266 13.601631116687578 -13.093093093093094
267 13.552798982188294 -12.412060301507537
268 12.713371721049263 -13.71527467619473
269 12.21190781049936 -13.29179810725552
270 13.424221921515562 -12.856975381008207
271 12.982394366197184 -13.590742438130157
272 13.291814946619217 -12.242718446601941
273 12.997105643994212 -13.165289256198347
274 13.781157270029674 -12.714534161490683
275 12.873333333333333 -13.184102564102565
276 13.025601241272303 -13.930893268492449
277 12.74943396226415 -13.231292517006803
278 13.862612612612613 -12.949907235621522
279 13.342042755344417 -13.725697265096128
280 12.736281736281736 -12.893036211699163
281 12.639516129032257 -13.018760659465606
282 13.213061224489795 -13.669400452488688
283 13.420741989881956 -13.005380911922968
284 12.96036866359447 -13.031656804733728
285 14.011039558417663 -13.415111654940349
286 12.735320686540199 -14.072955974842767
287 13.306590257879655 -13.408793264733395
288 12.279002876318312 -14.888711224816118
289 12.44990366088632 -12.562025316455696
290 11.731137088204038 -12.744327802235015
291 12.53478712357217 -13.821764911056853
292 13.454635108481263 -13.065780265920225
293 13.228541882109617 -13.73134328358209
294 12.840932117527862 -13.47626058152374
295 12.367965367965368 -15.227951635846372
296 14.583720930232559 -14.50993138317082
297 11.66702470461869 -14.723132969034609
298 13.198067632850242 -13.522434646898166
299 13.083028083028083 -14.387689848121504
300 12.565323565323565 -14.538679627379507
301 13.13203214695752 -12.903185247275776
302 12.907862407862408 -14.35327868852459
303 11.771907216494846 -13.415078356628547
304 12.267857142857142 -14.348230088495574
305 13.718875502008032 -14.521206821163096
306 12.836272040302267 -13.85305763308403
307 13.126074498567336 -12.325454545454546
308 13.451994091580502 -15.225352112676056
309 12.776487663280117 -13.77930056710775
310 13.0 -14.581041257367387
311 13.164341085271317 -13.622348680807036
312 12.602291325695582 -14.236012207527976
313 13.341945288753799 -14.00505561172902
314 12.382636655948554 -15.053997923156802
315 10.789902280130294 -14.264399341744378
316 12.707037643207856 -14.97170837867247
317 12.954314720812183 -13.791763341067286
318 13.195081967213115 -14.547368421052632
319 11.991624790619765 -13.63572267920094
320 14.014010507880911 -15.504257907542579
321 14.72992700729927 -14.504044803982577
322 13.983455882352942 -13.677696078431373
323 13.03639846743295 -14.96365838885524
324 14.46072186836518 -15.444228274967575
325 12.198487712665406 -15.48951507208388
326 12.180873180873181 -14.033401499659169
327 12.90978886756238 -14.456434316353887
328 13.280737704918034 -14.930296756383713
329 12.874 -15.352142857142857
330 13.374727668845315 -16.720475192173307
331 13.223157894736842 -15.327737226277373
332 12.301098901098902 -15.3765752409192
333 12.085106382978724 -13.738973246565438
334 14.700650759219089 -16.25438596491228
335 11.618483412322275 -16.098324836125272
336 12.435897435897436 -15.156028368794326
337 11.314496314496315 -14.457561728395062
338 14.45137157107232 -16.606650446066503
339 12.798994974874372 -16.598822539949538
340 13.702631578947368 -14.113597246127366
341 13.668341708542714 -16.062610229276896
342 12.97860962566845 -15.232142857142858
343 12.98157894736842 -15.45
344 12.494444444444444 -14.426627793974733
345 14.2 -16.331805682859763
346 11.78134110787172 -17.16089803554724
347 11.028011204481793 -13.836866359447004
348 12.741666666666667 -15.995395948434622
349 13.775910364145659 -14.76274328081557
350 13.223642172523961 -12.796949475691134
351 11.176470588235293 -13.798039215686275
352 11.37785016286645 -16.16058394160584
353 11.802047781569966 -15.791982665222102
354 12.366336633663366 -15.55928646379853
355 13.307420494699647 -14.278080697928026
356 12.26384364820847 -13.428731762065095
357 11.951492537313433 -13.771889400921658
358 13.598566308243727 -15.20332936979786
359 12.047794117647058 -15.463444857496903
360 14.05952380952381 -14.543735224586289
361 13.292418772563177 -15.33085501858736
362 12.399209486166008 -15.705488621151272
363 13.267326732673267 -15.516042780748663
364 11.725099601593625 -14.769417475728156
365 11.919028340080972 -15.568210262828536
366 12.252747252747254 -15.583875162548765
367 13.265765765765765 -16.39917127071823
368 14.604166666666666 -15.251445086705202
369 11.151515151515152 -17.83383685800604
370 14.59375 -16.26448736998514
371 13.636842105263158 -17.50658857979502
372 14.23611111111111 -14.602782071097373
373 13.190677966101696 -16.014173228346458
374 10.105882352941176 -14.1536
375 12.954545454545455 -15.012965964343598
376 10.56547619047619 -17.07371794871795
377 11.193069306930694 -15.46236559139785
378 14.594736842105263 -19.113522537562606
379 12.195348837209302 -15.59811320754717
380 9.923497267759563 -14.256410256410257
381 14.117977528089888 -17.72
382 15.101910828025478 -18.37125748502994
383 11.42142857142857 -16.104938271604937
384 13.649122807017545 -18.310657596371883
385 11.80794701986755 -17.514583333333334
386 13.927152317880795 -15.739696312364424
387 13.0 -14.40879120879121
388 14.728476821192054 -19.887828162291168
389 11.246575342465754 -19.41766109785203
390 13.64327485380117 -20.53846153846154
391 15.474452554744525 -16.652380952380952
392 14.687074829931973 -17.209150326797385
393 12.333333333333334 -15.75626423690205
394 10.803030303030303 -19.196868008948545
395 11.364864864864865 -16.30071599045346
396 16.51219512195122 -17.95823095823096
397 11.573770491803279 -19.14761904761905
398 10.947019867549669 -17.063231850117095
399 12.791666666666666 -19.010899182561307
400 11.5 -18.5
401 13.198347107438016 -17.724050632911393
402 10.83206106870229 -18.671122994652407
403 15.886363636363637 -16.043478260869566
404 11.034782608695652 -18.44507042253521
405 12.237704918032787 -15.100574712643677
406 17.392857142857142 -16.222910216718265
407 11.810344827586206 -10.264331210191083
408 10.657894736842104 -18.796825396825398
409 8.843137254901961 -18.69078947368421
410 14.79 -16.60810810810811
411 16.4 -14.308781869688385
412 11.74736842105263 -17.3855421686747
413 10.45360824742268 -20.35
414 9.22 -16.405572755417957
415 9.316239316239317 -15.144654088050315
416 10.907216494845361 -20.242236024844722
417 16.475728155339805 -19.883495145631066
418 10.303370786516854 -18.73309608540925
419 11.47872340425532 -16.269372693726936
420 12.88888888888889 -19.56317689530686
421 9.047058823529412 -17.1268115942029
422 12.236559139784946 -16.492
423 10.873563218390805 -16.770750988142293
424 11.49438202247191 -15.955102040816326
425 12.779411764705882 -22.06640625
426 14.033333333333333 -18.27734375
427 12.282352941176471 -15.197761194029852
428 10.879518072289157 -15.775100401606426
429 12.466666666666667 -13.808
430 12.144736842105264 -18.41350210970464
431 10.4875 -16.16740088105727
432 8.785714285714286 -17.406698564593302
433 11.234567901234568 -19.334883720930232
434 14.067567567567568 -17.165137614678898
435 9.026315789473685 -14.885844748858448
436 10.743243243243244 -17.015075376884422
437 13.721311475409836 -19.811965811965813
438 15.573529411764707 -17.368181818181817
439 10.078125 -16.642857142857142
440 16.363636363636363 -18.625730994152047
441 8.768115942028986 -18.335106382978722
442 11.389830508474576 -16.108247422680414
443 12.543859649122806 -18.628415300546447
444 12.765625 -18.19078947368421
445 10.316666666666666 -18.908163265306122
446 8.589285714285714 -12.832432432432432
447 9.614035087719298 -15.331460674157304
448 10.36734693877551 -15.345744680851064
449 8.477611940298507 -21.962365591397848
450 20.16 -13.898876404494382
451 9.11111111111111 -15.024691358024691
452 7.5 -19.865248226950353
453 13.285714285714286 -24.553333333333335
454 11.837209302325581 -24.46496815286624
455 11.212765957446809 -17.746478873239436
456 13.229166666666666 -12.251968503937007
457 14.24390243902439 -18.746478873239436
458 7.761904761904762 -18.134751773049647
459 15.19047619047619 -17.984
460 17.96153846153846 -20.09027777777778
461 9.804347826086957 -20.762376237623762
462 14.886363636363637 -18.17808219178082
463 7.153846153846154 -25.559701492537314
464 10.48 -12.63551401869159
465 7.882352941176471 -16.778688524590162
466 11.131578947368421 -15.6953125
467 10.428571428571429 -15.938144329896907
468 8.0 -17.271929824561404
469 15.4 -18.869565217391305
470 17.4 -14.178571428571429
471 10.709677419354838 -18.33
472 6.621621621621622 -22.53932584269663
473 14.975 -10.011904761904763
474 8.352941176470589 -13.784313725490197
475 12.3125 -31.913978494623656
476 17.27027027027027 -20.02912621359223
477 6.7 -25.282828282828284
478 9.0 -19.941747572815533
479 6.230769230769231 -20.683168316831683
480 11.131578947368421 -14.745098039215685
481 9.5 -16.553398058252426
482 14.533333333333333 -25.724489795918366
483 7.133333333333334 -24.76923076923077
484 17.153846153846153 -18.861702127659573
485 13.296296296296296 -21.21590909090909
486 13.2 -30.175824175824175
487 13.0 -16.063492063492063
488 7.0 -21.646153846153847
489 12.875 -14.182926829268293
490 16.392857142857142 -19.13235294117647
491 26.0 -21.526315789473685
492 23.444444444444443 -15.837837837837839
493 16.333333333333332 -10.520547945205479
494 23.96 -8.576923076923077
495 12.0 -17.438356164383563
496 17.642857142857142 -20.352941176470587
497 10.823529411764707 -7.261904761904762
498 10.95 -25.236363636363638
499 16.36 -19.043478260869566
500 6.454545454545454 -12.0
501 9.80952380952381 -28.03174603174603
502 3.15 -26.121951219512194
503 11.258064516129032 -15.73913043478261
504 15.61111111111111 -33.61290322580645
505 6.388888888888889 -25.10169491525424
506 12.857142857142858 -14.444444444444445
507 8.166666666666666 -13.163636363636364
508 6.461538461538462 -13.176470588235293
509 6.818181818181818 -27.604166666666668
510 9.052631578947368 -21.377777777777776
511 29.733333333333334 -16.666666666666668
512 15.4375 -28.902439024390244
513 12.083333333333334 -21.354166666666668
514 12.411764705882353 -13.375
515 19.125 -10.865384615384615
516 9.944444444444445 -22.428571428571427
517 11.928571428571429 -18.108695652173914
518 5.583333333333333 -13.69047619047619
519 18.8 -11.75
520 10.3 -23.46511627906977
521 2.5 -10.225
522 9.363636363636363 -6.545454545454546
523 4.111111111111111 -47.175
524 4.7272727272727275 -28.75862068965517
525 19.642857142857142 -14.404761904761905
526 22.181818181818183 -9.818181818181818
527 10.125 -18.384615384615383
528 6.5 -22.4
529 12.75 -10.961538461538462
530 11.692307692307692 -19.647058823529413
531 14.714285714285714 -11.5
532 8.75 -8.454545454545455
533 6.5 -32.78947368421053
534 10.875 -35.833333333333336
535 8.571428571428571 -10.96
536 13.636363636363637 -23.53846153846154
537 34.5 -16.90909090909091
538 8.625 -18.076923076923077
539 8.444444444444445 -24.636363636363637
540 8.0 -20.96551724137931
541 8.166666666666666 -29.08
542 2.5 -4.375
543 11.5 -19.375
544 5.222222222222222 -55.06666666666667
545 9.3 -31.529411764705884
546 3.3333333333333335 -15.76
547 4.75 -7.476190476190476
548 25.6 -34.86363636363637
549 11.333333333333334 -21.8
550 4.2 -15.76923076923077
551 21.75 -34.0
552 13.181818181818182 -25.84
553 6.571428571428571 -22.136363636363637
554 9.5 -21.428571428571427
555 16.5 -10.0
556 24.0 -21.23076923076923
557 3.5 -18.94736842105263
558 11.0 -16.38095238095238
559 6.333333333333333 -35.54545454545455
560 2.0 -11.444444444444445
561 6.666666666666667 -19.941176470588236
562 7.4 -21.0
563 5.833333333333333 -26.94736842105263
564 8.4 -13.0
565 9.777777777777779 -11.318181818181818
566 3.0 -4.105263157894737
567 3.0 -21.823529411764707
568 8.428571428571429 -10.227272727272727
569 14.333333333333334 -5.615384615384615
570 6.4 -34.4
571 3.8 -34.875
572 24.666666666666668 -38.81818181818182
573 12.0 -1.3
574 6.0 -22.857142857142858
575 7.0 -27.166666666666668
576 20.0 -11.777777777777779
577 14.333333333333334 -2.75
578 2.3333333333333335 -47.1
579 19.333333333333332 -26.714285714285715
580 20.0 -44.333333333333336
581 8.666666666666666 -19.555555555555557
582 6.666666666666667 -22.0
583 13.0 -8.777777777777779
584 4.0 -33.125
585 19.666666666666668 -22.076923076923077
586 2.5 -28.444444444444443
587 2.0 -82.6
588 3.0 -7.0
589 4.5 -24.857142857142858
590 2.0 -10.666666666666666
591 19.0 -27.2
592 45.5 -54.0
593 9.666666666666666 -13.666666666666666
594 50.5 -97.57142857142857
595 3.0 -3.6666666666666665
596 24.5 -36.0
597 12.2 -79.125
598 0 -22.333333333333332
599 6.666666666666667 -39.857142857142854
600 2.0 -39.0
601 14.5 -27.77777777777778
602 8.0 -6.083333333333333
603 9.0 -3.111111111111111
604 7.0 -51.5
605 0 -46.8
606 65.0 -1.3333333333333333
607 10.25 -84.0
608 12.0 0.0
609 5.5 -12.333333333333334
610 13.0 -43.625
611 12.0 0.0
612 6.25 -14.428571428571429
613 3.5 -2.6666666666666665
614 6.666666666666667 -42.0
615 3.3333333333333335 -1.375
616 14.0 -2.75
617 23.0 -40.0
618 2.75 -11.909090909090908
619 5.0 -2.5714285714285716
620 3.0 -29.46153846153846
621 0 -36.666666666666664
622 7.5 -6.25
623 12.0 -0.8333333333333334
624 0 -0.8
625 5.5 -57.857142857142854
626 0 -28.5
627 5.8 -9.4
628 3.25 -41.0
629 11.25 -15.88888888888889
630 2.5 -35.888888888888886
631 2.0 -25.3
632 12.0 0.0
633 16.6 -6.2
634 5.333333333333333 -19.0
635 16.0 -41.5
636 12.8 -39.0
637 8.0 -1.2222222222222223
638 25.0 -83.83333333333333
639 150.0 -2.3333333333333335
640 0 -1.0
641 2.0 -2.0
642 0 -5.0
643 2.5 -48.8
644 6.0 -4.5
645 6.5 -49.333333333333336
646 10.5 -0.75
647 3.0 -1.5
648 0 -2.4
649 7.0 0.0
650 0 -4.0
651 0 -51.0
652 5.0 -10.333333333333334
653 38.0 -32.0
654 8.5 0.0
655 5.0 -2.5
656 7.5 -5.0
657 7.0 -5.833333333333333
658 4.0 0.0
659 0 -3.1666666666666665
660 2.0 -9.666666666666666
661 0 0.0
662 2.5 -8.714285714285714
663 4.333333333333333 -2.0
664 10.0 -37.875
665 2.0 -4.888888888888889
666 10.666666666666666 -24.22222222222222
667 6.0 -3.0
668 20.0 -10.5
669 7.666666666666667 -1.3333333333333333
670 10.5 -22.5
671 12.0 -3.0
672 2.0 -65.0
673 2.0 -4.857142857142857
674 25.5 -7.5
675 9.0 -2.25
676 3.0 -2.25
677 0 -4.0
678 2.0 -37.0
679 4.0 -93.8
680 0 0.0
681 0 0
682 12.0 -3.0
683 4.0 -5.666666666666667
684 0 0.0
685 2.0 0
686 4.5 -11.0
687 0 -47.4
688 11.0 0
689 15.0 0.0
690 0 -39.0
691 2.6666666666666665 0.0
692 0 -4.0
693 4.0 -77.0
694 0 -22.25
695 8.0 -20.5
696 0 -12.0
697 5.0 -6.0
698 9.0 0.0
699 0 0.0
701 0 -3.0
702 0 -11.0
703 0 0.0
704 0 -12.333333333333334
705 0 0.0
706 24.5 -2.5
707 0 0.0
708 8.0 -20.333333333333332
709 0 -54.5
710 0 0.0
711 0 -3.0
712 0 -1.0
713 0 0
714 2.0 -3.0
715 0 -3.0
716 0 0.0
717 6.0 -20.0
718 2.0 0
719 2.0 0.0
720 0 -7.0
721 0 0
722 0 -3.0
723 0 -4.0
736 0 -20.0
751 0 -15.0
784 0 0
785 0 0
786 13.0 0
787 0 -1.5
788 0 0.0
789 0 0.0
798 8.0 0
799 0 0.0
806 0 -145.0
