0 4197862 0 0 0
1 2179639 4199748 835724 4199748
2 1371856 2179727 890439 2179727
3 1134613 1369474 914646 2054632
4 967273 1135449 868091 1861069
5 844138 967838 813749 1696599
6 751191 843397 758541 1547269
7 684252 751416 708148 1426786
8 628644 682131 663041 1330053
9 585001 629443 623661 1245408
10 550328 584822 588623 1172436
11 517120 548535 556377 1108038
12 487980 516866 527842 1051871
13 466642 488753 500484 999724
14 443774 466119 476944 957904
15 424405 443864 453957 913624
16 406468 423977 434798 875361
17 390195 406575 416292 840401
18 374978 389856 397993 806551
19 362164 375904 381806 778107
20 349375 360265 366626 747107
21 336472 349025 353460 723226
22 325007 336436 338273 697361
23 313483 324565 327113 672082
24 304565 313893 314378 650465
25 295083 304234 303346 630482
26 286604 294663 292526 611444
27 277656 286747 282864 592460
28 269359 277370 273389 573729
29 260833 268783 264357 555893
30 253378 260959 255758 540515
31 246778 254553 246931 525093
32 240051 246715 240268 510276
33 233508 240952 231963 496818
34 227971 234308 225123 482618
35 221899 227635 218299 469133
36 215814 221792 211277 457482
37 210564 216557 205151 445119
38 204979 210929 199712 432716
39 199573 205275 193166 421739
40 195370 199596 188483 409721
41 190488 195594 183102 401043
42 185647 190376 177745 391205
43 181947 185872 171979 381111
44 176524 182349 167583 372406
45 172664 176839 162700 361678
46 168806 172560 158511 353397
47 164714 168716 154385 344466
48 160427 164479 150006 337524
49 157377 160869 145658 328924
50 153445 157915 142855 321979
51 149450 153781 138351 312490
52 146329 149897 134605 305906
53 143741 146702 131331 298419
54 140070 143510 128047 292006
55 136697 140210 124545 285197
56 134418 137114 121131 279203
57 131461 134109 118363 272714
58 128376 131451 114996 266869
59 126114 128050 112861 259901
60 122118 125674 109423 255173
61 119980 123176 106856 248852
62 116894 120201 104440 242540
63 114411 116242 101861 236109
64 112412 114086 99606 231771
65 110093 112652 97350 227699
66 107432 109733 94530 222792
67 105114 107481 91981 217546
68 103258 105206 90659 212619
69 101071 103121 88220 208627
70 98967 101295 86150 204166
71 96511 99658 83735 200206
72 94510 97061 82516 195215
73 92775 94750 79952 190812
74 91174 92886 77820 187630
75 88906 90830 76276 183461
76 87527 88637 74611 178918
77 85342 87197 72647 175541
78 83782 85189 70975 171688
79 81813 83826 69678 168601
80 79454 81776 67913 164901
81 78549 80065 66402 161773
82 76402 78793 64612 158058
83 75255 76501 63411 154026
84 73641 75130 61988 151112
85 72485 73671 60832 148118
86 71293 72415 59245 145335
87 69980 71057 57952 142570
88 68749 69751 56969 139985
89 67102 68521 55107 136973
90 65523 66772 54284 134108
91 64303 65196 52761 130625
92 63305 63723 51691 128412
93 61559 63057 50665 126369
94 60693 61559 49242 123409
95 59032 60212 48425 120482
96 57868 58778 47337 117554
97 56836 57571 46226 115204
98 55943 56804 44624 113403
99 54269 55664 44330 111313
100 53497 54103 43349 108878
101 52588 53540 42304 106802
102 51572 52649 41162 105103
103 50334 51614 40477 102781
104 49246 50560 39570 100962
105 48228 49096 38796 97763
106 47083 48263 37828 96116
107 46522 47173 37329 94328
108 45347 46397 36166 92514
109 44915 45475 35623 90490
110 43844 44747 35056 89290
111 43225 44152 34261 87562
112 42229 43001 33380 85942
113 41579 42099 32703 83681
114 40775 41292 32062 82188
115 39786 40747 31409 81135
116 39016 39883 30370 79062
117 38095 39090 29679 77787
118 37243 38015 29270 75975
119 36800 37546 28693 74354
120 35855 36866 28100 73204
121 34925 36091 27387 71501
122 34872 35023 26750 69821
123 34265 34733 26332 69012
124 33301 34011 25874 67661
125 32822 33334 25023 66258
126 32043 32967 24597 65285
127 31271 31750 24266 62864
128 31188 30926 23407 61829
129 30423 30732 23281 61071
130 29695 30365 22719 60129
131 29021 29712 22280 58921
132 28712 29042 22197 57269
133 27868 28776 21653 56949
134 27248 27945 21093 55110
135 26877 27181 20501 54231
136 26342 26872 19956 53304
137 25778 26161 19629 51886
138 25221 25862 19325 51131
139 25114 25204 18997 50071
140 24580 24919 18747 49163
141 23959 24610 18175 48688
142 23495 24105 17855 47631
143 23086 23399 17433 46432
144 22532 23212 17161 46072
145 22319 22624 16545 44798
146 21831 22397 16700 43968
147 21331 21954 16207 43085
148 20870 21669 15722 42522
149 20635 21224 15449 41767
150 20002 20741 15366 40888
151 20080 20368 14628 40074
152 19369 20324 14495 39711
153 18750 19316 14358 38176
154 18469 18769 14060 37431
155 18117 18716 13684 36888
156 18030 18336 13409 36054
157 17525 18067 13186 35679
158 17681 17573 12813 34764
159 17233 17611 12817 34496
160 16745 16995 12367 33576
161 16615 16559 12189 32959
162 16223 16538 11888 32683
163 16127 16111 11701 31875
164 15693 16130 11313 31725
165 15106 15944 11300 30884
166 15156 15352 10768 30342
167 14701 15099 10785 29437
168 14306 14591 10524 28912
169 14018 14441 10306 28460
170 13775 14254 10165 27725
171 13493 13807 9857 27237
172 13302 13646 9692 26748
173 13029 13354 9748 26315
174 12687 13016 9549 25590
175 12653 12692 9225 24985
176 12444 12672 9071 24901
177 12347 12449 8933 24400
178 11901 12263 8697 24007
179 11682 11876 8417 23411
180 11540 11791 8241 23183
181 11262 11454 8160 22570
182 11154 11224 7943 22002
183 10905 11086 7890 21882
184 10480 10900 7541 21218
185 10361 10548 7447 20894
186 10174 10471 7199 20411
187 10118 10318 7168 20052
188 9871 9979 7143 19558
189 9598 9837 6936 19343
190 9387 9665 6857 18918
191 9241 9490 6676 18643
192 9240 9391 6536 18263
193 9219 9231 6451 18124
194 8888 9193 6413 17908
195 8835 8846 6167 17478
196 8461 8827 5984 17223
197 8342 8431 5797 16543
198 8215 8265 5827 16390
199 7963 8248 5682 16084
200 7804 8004 5480 15670
201 7680 7802 5529 15479
202 7399 7804 5433 15112
203 7332 7480 5166 14706
204 7221 7462 5144 14567
205 7149 7309 5022 14329
206 7029 7146 4979 13886
207 6666 7014 4889 13799
208 6629 6900 4728 13364
209 6565 6667 4651 13083
210 6433 6555 4521 12880
211 6250 6455 4497 12730
212 6365 6316 4407 12470
213 6269 6428 4396 12428
214 6103 6309 4237 12133
215 6033 6133 4152 11945
216 5895 6035 3997 11730
217 5761 5907 4113 11550
218 5635 5774 3897 11233
219 5470 5606 3895 10823
220 5453 5422 3838 10547
221 5234 5449 3810 10472
222 5333 5107 3603 10205
223 5301 5221 3574 10243
224 5129 5259 3561 10265
225 5038 5005 3570 9793
226 4859 4940 3413 9769
227 4765 4881 3385 9647
228 4751 4823 3277 9319
229 4629 4652 3231 9257
230 4464 4643 3043 9178
231 4454 4547 2993 8947
232 4388 4411 2959 8596
233 4254 4336 3021 8502
234 4157 4239 2815 8234
235 4065 4137 2828 8060
236 4042 3933 2815 7876
237 3949 4132 2758 7906
238 4018 4019 2694 7662
239 3843 3934 2685 7715
240 3692 3790 2619 7356
241 3615 3704 2553 7236
242 3583 3686 2461 7233
243 3510 3619 2373 7054
244 3425 3569 2376 6856
245 3407 3466 2357 6752
246 3389 3428 2312 6566
247 3302 3345 2278 6541
248 3321 3316 2266 6484
249 3178 3358 2293 6537
250 3157 3332 2130 6367
251 3119 3259 2073 6291
252 3036 3128 1999 6158
253 3055 3088 1951 6028
254 2884 3030 1919 5846
255 2855 2893 1960 5690
256 2870 2877 1897 5587
257 2841 2834 1905 5431
258 2745 2761 1876 5406
259 2625 2682 1803 5233
260 2511 2627 1733 5105
261 2459 2614 1680 5018
262 2471 2526 1731 4986
263 2515 2566 1657 4904
264 2487 2496 1658 4823
265 2372 2501 1634 4804
266 2358 2410 1594 4662
267 2266 2386 1572 4577
268 2244 2270 1563 4478
269 2150 2295 1562 4438
270 2230 2229 1478 4265
271 2176 2273 1420 4364
272 2121 2112 1405 4120
273 2000 2084 1382 4114
274 1982 2037 1348 4025
275 1972 2043 1350 3900
276 2015 1989 1289 3907
277 1990 1972 1325 3822
278 1873 1907 1332 3773
279 1809 1896 1263 3693
280 1817 1846 1221 3590
281 1813 1835 1240 3518
282 1741 1801 1225 3536
283 1685 1807 1186 3531
284 1629 1772 1085 3380
285 1639 1727 1087 3269
286 1616 1623 1107 3180
287 1592 1627 1047 3207
288 1605 1581 1043 3127
289 1520 1656 1038 3160
290 1457 1584 941 2953
291 1533 1460 963 2867
292 1475 1518 1014 2858
293 1379 1472 967 2814
294 1399 1360 987 2717
295 1399 1426 924 2812
296 1355 1464 860 2769
297 1285 1376 931 2745
298 1275 1384 828 2563
299 1258 1239 819 2502
300 1273 1240 819 2469
301 1199 1262 871 2386
302 1137 1261 814 2440
303 1155 1218 776 2361
304 1155 1172 784 2260
305 1182 1160 747 2287
306 1095 1196 794 2273
307 1073 1161 698 2200
308 1072 1065 677 2130
309 992 1061 689 2116
310 1000 1052 694 2036
311 991 1034 645 1933
312 1030 1001 611 1966
313 964 998 658 1978
314 934 948 622 1926
315 958 965 614 1823
316 934 924 611 1838
317 959 887 591 1724
318 911 870 610 1710
319 820 875 597 1702
320 842 819 571 1644
321 831 834 548 1607
322 836 823 544 1632
323 755 862 522 1651
324 763 795 471 1542
325 761 777 529 1526
326 773 728 481 1467
327 771 756 521 1492
328 729 761 488 1449
329 741 692 500 1400
330 729 720 459 1431
331 692 700 475 1370
332 675 692 455 1349
333 711 690 423 1383
334 722 709 461 1368
335 696 726 422 1373
336 664 655 429 1269
337 617 651 407 1296
338 584 626 401 1233
339 601 607 398 1189
340 565 621 380 1162
341 588 571 398 1134
342 604 567 374 1064
343 553 570 380 1120
344 557 540 360 1029
345 550 554 375 1091
346 597 563 343 1069
347 584 559 357 1085
348 549 547 360 1086
349 543 568 357 1079
350 504 562 313 1049
351 508 516 289 1020
352 450 507 307 959
353 492 428 293 923
354 432 498 303 953
355 428 462 283 917
356 407 474 307 891
357 405 461 268 868
358 402 446 279 841
359 446 421 272 807
360 428 451 252 846
361 390 399 277 807
362 417 366 253 747
363 448 381 303 748
364 413 432 251 824
365 411 427 247 799
366 415 397 273 769
367 376 374 222 724
368 342 364 240 692
369 359 313 231 662
370 360 340 224 673
371 349 333 190 683
372 331 336 216 647
373 306 300 236 635
374 291 322 170 625
375 324 329 198 617
376 277 338 168 624
377 294 279 202 558
378 292 298 190 599
379 282 272 215 530
380 235 299 183 585
381 247 259 178 500
382 243 240 157 501
383 261 251 140 486
384 239 220 171 441
385 221 235 151 480
386 229 248 151 461
387 231 245 140 455
388 217 220 151 419
389 226 215 146 419
390 233 183 171 377
391 240 206 137 420
392 239 222 147 459
393 227 232 144 439
394 235 230 132 447
395 215 228 148 419
396 223 212 123 407
397 237 206 122 420
398 197 232 151 427
399 184 187 144 367
400 195 166 120 362
401 200 196 121 395
402 191 190 131 374
403 171 182 88 391
404 186 181 115 355
405 150 181 122 348
406 186 165 112 323
407 149 179 116 314
408 159 144 114 315
409 191 155 102 304
410 185 197 100 370
411 154 195 110 353
412 161 168 95 332
413 169 163 97 320
414 169 175 100 323
415 171 180 117 318
416 134 169 97 322
417 129 152 103 309
418 146 154 89 281
419 138 142 94 271
420 123 141 99 277
421 125 144 85 276
422 151 132 93 250
423 143 131 87 253
424 124 123 89 245
425 132 113 68 256
426 138 140 90 256
427 130 146 85 268
428 126 141 83 249
429 116 140 75 250
430 111 120 76 237
431 101 112 80 227
432 108 107 84 209
433 90 109 81 215
434 120 100 74 218
435 119 122 76 219
436 116 108 74 199
437 105 116 61 234
438 100 111 68 220
439 77 102 64 182
440 85 86 55 171
441 98 91 69 188
442 81 102 59 194
443 77 90 57 183
444 103 84 64 152
445 94 101 60 196
446 86 99 56 185
447 84 82 57 178
448 80 99 49 188
449 71 99 67 186
450 80 93 50 178
451 70 99 45 162
452 76 72 44 141
453 89 70 56 150
454 76 87 43 157
455 63 79 47 142
456 68 65 48 127
457 79 67 41 142
458 72 73 42 141
459 67 61 42 125
460 51 78 52 144
461 75 56 46 101
462 63 65 44 146
463 61 58 39 134
464 46 62 50 107
465 55 57 34 122
466 54 72 38 128
467 57 57 35 97
468 54 50 27 114
469 57 55 35 115
470 58 55 45 112
471 47 49 31 100
472 56 44 37 89
473 60 47 40 84
474 49 48 34 102
475 63 37 32 93
476 60 43 37 103
477 56 50 40 99
478 61 53 24 103
479 61 47 26 101
480 51 53 38 102
481 50 58 22 103
482 46 46 30 98
483 47 44 30 91
484 38 54 26 94
485 39 50 27 88
486 34 33 20 91
487 25 30 25 63
488 44 27 21 65
489 32 48 24 82
490 35 36 28 68
491 40 39 20 76
492 31 43 27 74
493 38 42 18 73
494 32 40 25 78
495 36 45 17 73
496 26 39 14 68
497 22 22 17 42
498 31 24 20 55
499 27 18 25 46
500 29 29 22 60
501 35 36 21 63
502 45 48 20 82
503 33 44 31 69
504 27 32 18 62
505 24 29 18 59
506 19 35 14 63
507 21 26 12 55
508 23 26 13 51
509 29 27 11 48
510 28 28 19 45
511 21 31 15 54
512 29 18 16 41
513 20 26 12 48
514 30 27 17 56
515 29 33 8 52
516 19 22 18 49
517 18 25 14 46
518 14 22 12 42
519 18 18 10 40
520 21 24 10 43
521 12 26 8 40
522 14 13 11 33
523 11 13 9 40
524 12 13 11 29
525 18 22 14 42
526 20 26 11 44
527 21 22 8 39
528 12 19 12 40
529 16 17 8 26
530 21 14 13 34
531 17 22 7 40
532 21 15 8 33
533 7 18 12 38
534 14 11 8 24
535 9 12 7 25
536 11 9 11 26
537 14 16 8 22
538 16 15 8 26
539 13 19 9 33
540 11 19 9 29
541 14 11 6 25
542 10 15 6 24
543 8 9 6 16
544 12 4 9 15
545 11 6 10 17
546 6 11 3 25
547 8 11 4 21
548 20 13 5 22
549 19 14 9 20
550 16 13 5 26
551 17 11 4 19
552 5 9 11 25
553 9 10 7 22
554 5 14 4 21
555 5 6 2 13
556 8 4 7 13
557 13 11 2 19
558 10 8 3 21
559 11 7 9 11
560 6 9 4 18
561 5 5 6 17
562 9 8 5 17
563 9 10 6 19
564 10 13 5 17
565 9 14 9 22
566 11 13 3 19
567 15 8 2 17
568 5 10 7 22
569 5 7 3 13
570 1 6 5 15
571 8 5 5 8
572 8 6 3 11
573 7 6 4 10
574 0 5 1 14
575 3 2 2 6
576 5 4 7 9
577 3 6 3 8
578 3 5 3 10
579 2 3 3 7
580 3 5 3 9
581 3 5 3 9
582 3 5 3 6
583 3 3 1 9
584 4 5 3 8
585 1 7 3 13
586 2 4 2 9
587 2 1 1 5
588 3 0 1 3
589 2 2 2 7
590 1 2 1 3
591 0 0 3 5
592 0 1 2 5
593 3 2 3 6
594 2 2 2 7
595 3 3 4 6
596 3 4 4 7
597 4 3 5 8
598 10 5 0 9
599 6 9 3 14
600 8 6 2 10
601 10 5 2 9
602 4 7 4 12
603 2 5 1 9
604 1 4 4 8
605 0 2 0 5
606 2 1 1 3
607 2 2 4 3
608 7 4 2 4
609 3 5 2 9
610 3 2 1 8
611 6 1 4 1
612 6 3 4 7
613 1 5 2 9
614 6 1 3 4
615 1 5 3 8
616 1 2 1 4
617 9 1 3 3
618 4 7 4 11
619 3 4 2 7
620 5 8 1 13
621 2 6 0 9
622 4 1 2 4
623 3 4 2 6
624 5 3 0 5
625 0 2 2 7
626 3 3 0 4
627 2 3 5 5
628 4 3 4 5
629 5 5 4 9
630 6 5 2 9
631 4 4 1 10
632 5 5 3 5
633 6 2 5 5
634 5 5 3 12
635 3 4 3 8
636 4 3 5 7
637 1 7 1 9
638 3 2 2 6
639 1 5 1 9
640 1 3 0 4
641 2 2 1 5
642 2 3 0 5
643 3 2 2 5
644 2 2 1 4
645 2 2 2 6
646 1 3 2 4
647 2 3 1 4
648 3 3 0 5
649 3 2 4 2
650 4 3 0 8
651 3 3 0 5
652 4 2 2 6
653 5 4 1 6
654 2 5 2 5
655 5 1 2 2
656 2 3 4 4
657 3 3 2 6
658 1 4 2 4
659 1 3 0 6
660 1 1 1 3
661 4 1 0 1
662 4 3 4 7
663 8 5 3 7
664 7 5 5 8
665 6 4 1 9
666 0 4 3 9
667 2 1 1 3
668 2 1 2 4
669 5 4 3 6
670 3 3 2 6
671 0 4 1 10
672 2 2 1 3
673 2 4 1 7
674 5 3 2 4
675 2 6 1 8
676 1 2 1 4
677 2 1 0 2
678 1 1 1 5
679 0 2 1 5
680 0 2 0 2
681 1 0 0 0
682 0 0 1 1
683 1 0 2 3
684 0 3 0 3
685 1 0 1 0
686 2 0 2 1
687 1 2 0 5
688 1 0 2 0
689 1 2 1 2
690 3 0 0 2
691 1 1 3 1
692 1 1 0 2
693 1 1 1 2
694 1 1 0 4
695 1 1 1 2
696 1 1 0 3
697 0 3 1 5
698 0 1 1 1
699 0 1 0 1
701 1 0 0 1
702 1 1 0 2
703 3 1 0 1
704 3 1 0 3
705 3 1 0 1
706 2 1 2 2
707 3 3 0 3
708 2 1 1 3
709 0 2 0 4
710 1 1 0 1
711 1 0 0 2
712 0 1 0 2
713 1 0 0 0
714 0 0 1 1
715 0 0 0 1
716 2 1 0 1
717 0 0 1 1
718 1 0 1 0
719 0 2 1 2
720 0 0 0 1
721 1 0 0 0
722 0 0 0 1
723 0 0 0 1
736 0 0 0 1
751 0 0 0 1
784 1 0 0 0
785 1 0 0 0
786 1 0 1 0
787 0 1 0 2
788 0 1 0 1
789 0 1 0 1
798 0 0 1 0
799 0 1 0 1
806 0 0 0 1
