0 1.0 0.0
1 0.3919 0.6081
2 0.4998 0.5002
3 0.4899 0.5101
4 0.4882 0.5118
5 0.4874 0.5126
6 0.4894 0.5106
7 0.4895 0.5105
8 0.4905 0.5095
9 0.491 0.509
10 0.4911 0.5089
11 0.4918 0.5082
12 0.4914 0.5086
13 0.4924 0.5076
14 0.4921 0.5079
15 0.4916 0.5084
16 0.4932 0.5068
17 0.4936 0.5064
18 0.493 0.507
19 0.4928 0.5072
20 0.4938 0.5062
21 0.4932 0.5068
22 0.4937 0.5063
23 0.4938 0.5062
24 0.4935 0.5065
25 0.494 0.506
26 0.4931 0.5069
27 0.4932 0.5068
28 0.4937 0.5063
29 0.4953 0.5047
30 0.495 0.505
31 0.4941 0.5059
32 0.4948 0.5052
33 0.4944 0.5056
34 0.4944 0.5056
35 0.4955 0.5045
36 0.4949 0.5051
37 0.494 0.506
38 0.4942 0.5058
39 0.4934 0.5066
40 0.4946 0.5054
41 0.4936 0.5064
42 0.4933 0.5067
43 0.4952 0.5048
44 0.4947 0.5053
45 0.4944 0.5056
46 0.4947 0.5053
47 0.4944 0.5056
48 0.4961 0.5039
49 0.4948 0.5052
50 0.4952 0.5048
51 0.4949 0.5051
52 0.4942 0.5058
53 0.4954 0.5046
54 0.4951 0.5049
55 0.495 0.505
56 0.4963 0.5037
57 0.4938 0.5062
58 0.4942 0.5058
59 0.4928 0.5072
60 0.4952 0.5048
61 0.4936 0.5064
62 0.4942 0.5058
63 0.4937 0.5063
64 0.494 0.506
65 0.4952 0.5048
66 0.4959 0.5041
67 0.4947 0.5053
68 0.4941 0.5059
69 0.4944 0.5056
70 0.495 0.505
71 0.4932 0.5068
72 0.4942 0.5058
73 0.4936 0.5064
74 0.4936 0.5064
75 0.4952 0.5048
76 0.4934 0.5066
77 0.4946 0.5054
78 0.4959 0.5041
79 0.4938 0.5062
80 0.4943 0.5057
81 0.4957 0.5043
82 0.4935 0.5065
83 0.4933 0.5067
84 0.4944 0.5056
85 0.4948 0.5052
86 0.4941 0.5059
87 0.4943 0.5057
88 0.493 0.507
89 0.4937 0.5063
90 0.495 0.505
91 0.4932 0.5068
92 0.4938 0.5062
93 0.4933 0.5067
94 0.493 0.507
95 0.4952 0.5048
96 0.4945 0.5055
97 0.4934 0.5066
98 0.4947 0.5053
99 0.4943 0.5057
100 0.4931 0.5069
101 0.4933 0.5067
102 0.4942 0.5058
103 0.4945 0.5055
104 0.4922 0.5078
105 0.4936 0.5064
106 0.4953 0.5047
107 0.4934 0.5066
108 0.4938 0.5062
109 0.4927 0.5073
110 0.4928 0.5072
111 0.492 0.508
112 0.4929 0.5071
113 0.4934 0.5066
114 0.4933 0.5067
115 0.4927 0.5073
116 0.4922 0.5078
117 0.4926 0.5074
118 0.4939 0.5061
119 0.4923 0.5077
120 0.4926 0.5074
121 0.4934 0.5066
122 0.4958 0.5042
123 0.4934 0.5066
124 0.4946 0.5054
125 0.4933 0.5067
126 0.4934 0.5066
127 0.4919 0.5081
128 0.4929 0.5071
129 0.4911 0.5089
130 0.4922 0.5078
131 0.4946 0.5054
132 0.4917 0.5083
133 0.4927 0.5073
134 0.4913 0.5087
135 0.4918 0.5082
136 0.4941 0.5059
137 0.4929 0.5071
138 0.492 0.508
139 0.4926 0.5074
140 0.4911 0.5089
141 0.4936 0.5064
142 0.4947 0.5053
143 0.4923 0.5077
144 0.4911 0.5089
145 0.4904 0.5096
146 0.4897 0.5103
147 0.4926 0.5074
148 0.4941 0.5059
149 0.4912 0.5088
150 0.4922 0.5078
151 0.492 0.508
152 0.4914 0.5086
153 0.4931 0.5069
154 0.4921 0.5079
155 0.4939 0.5061
156 0.4917 0.5083
157 0.4912 0.5088
158 0.4915 0.5085
159 0.49 0.51
160 0.494 0.506
161 0.4934 0.5066
162 0.4911 0.5089
163 0.4903 0.5097
164 0.4922 0.5078
165 0.4928 0.5072
166 0.4928 0.5072
167 0.4911 0.5089
168 0.4924 0.5076
169 0.4938 0.5062
170 0.4923 0.5077
171 0.4903 0.5097
172 0.4891 0.5109
173 0.4932 0.5068
174 0.4929 0.5071
175 0.4913 0.5087
176 0.4922 0.5078
177 0.4933 0.5067
178 0.4919 0.5081
179 0.4902 0.5098
180 0.4915 0.5085
181 0.4908 0.5092
182 0.4881 0.5119
183 0.4908 0.5092
184 0.4909 0.5091
185 0.489 0.511
186 0.4913 0.5087
187 0.4903 0.5097
188 0.4924 0.5076
189 0.4925 0.5075
190 0.4911 0.5089
191 0.4918 0.5082
192 0.4907 0.5093
193 0.4923 0.5077
194 0.4907 0.5093
195 0.4906 0.5094
196 0.49 0.51
197 0.4921 0.5079
198 0.4891 0.5109
199 0.4887 0.5113
200 0.4914 0.5086
201 0.4926 0.5074
202 0.4934 0.5066
203 0.4917 0.5083
204 0.4897 0.5103
205 0.4914 0.5086
206 0.4886 0.5114
207 0.4914 0.5086
208 0.4918 0.5082
209 0.4903 0.5097
210 0.4917 0.5083
211 0.4918 0.5082
212 0.4908 0.5092
213 0.4875 0.5125
214 0.4911 0.5089
215 0.4896 0.5104
216 0.4902 0.5098
217 0.4911 0.5089
218 0.4894 0.5106
219 0.4902 0.5098
220 0.4932 0.5068
221 0.4887 0.5113
222 0.49 0.51
223 0.4872 0.5128
224 0.4916 0.5084
225 0.4878 0.5122
226 0.4905 0.5095
227 0.4901 0.5099
228 0.4922 0.5078
229 0.492 0.508
230 0.4896 0.5104
231 0.4901 0.5099
232 0.4914 0.5086
233 0.4897 0.5103
234 0.4895 0.5105
235 0.4907 0.5093
236 0.4889 0.5111
237 0.4878 0.5122
238 0.4935 0.5065
239 0.4905 0.5095
240 0.4918 0.5082
241 0.4905 0.5095
242 0.492 0.508
243 0.4929 0.5071
244 0.4879 0.5121
245 0.4903 0.5097
246 0.4903 0.5097
247 0.4921 0.5079
248 0.4893 0.5107
249 0.4908 0.5092
250 0.4887 0.5113
251 0.492 0.508
252 0.4873 0.5127
253 0.4905 0.5095
254 0.4936 0.5064
255 0.4912 0.5088
256 0.4876 0.5124
257 0.4891 0.5109
258 0.4902 0.5098
259 0.488 0.512
260 0.4875 0.5125
261 0.488 0.512
262 0.4911 0.5089
263 0.4903 0.5097
264 0.4888 0.5112
265 0.4907 0.5093
266 0.49 0.51
267 0.4887 0.5113
268 0.4873 0.5127
269 0.4897 0.5103
270 0.488 0.512
271 0.4883 0.5117
272 0.4877 0.5123
273 0.4894 0.5106
274 0.4893 0.5107
275 0.4897 0.5103
276 0.491 0.509
277 0.4902 0.5098
278 0.489 0.511
279 0.4905 0.5095
280 0.4928 0.5072
281 0.4868 0.5132
282 0.4894 0.5106
283 0.491 0.509
284 0.4925 0.5075
285 0.4894 0.5106
286 0.4908 0.5092
287 0.4915 0.5085
288 0.4875 0.5125
289 0.4882 0.5118
290 0.4852 0.5148
291 0.4917 0.5083
292 0.4902 0.5098
293 0.4876 0.5124
294 0.4884 0.5116
295 0.4894 0.5106
296 0.4884 0.5116
297 0.4894 0.5106
298 0.4924 0.5076
299 0.4855 0.5145
300 0.4862 0.5138
301 0.488 0.512
302 0.4887 0.5113
303 0.4902 0.5098
304 0.4891 0.5109
305 0.4903 0.5097
306 0.4881 0.5119
307 0.487 0.513
308 0.487 0.513
309 0.4859 0.5141
310 0.4877 0.5123
311 0.4902 0.5098
312 0.4868 0.5132
313 0.4845 0.5155
314 0.4894 0.5106
315 0.485 0.515
316 0.4885 0.5115
317 0.4883 0.5117
318 0.4895 0.5105
319 0.4897 0.5103
320 0.4874 0.5126
321 0.4904 0.5096
322 0.486 0.514
323 0.4853 0.5147
324 0.488 0.512
325 0.4873 0.5127
326 0.4864 0.5136
327 0.4883 0.5117
328 0.4914 0.5086
329 0.4894 0.5106
330 0.486 0.514
331 0.4859 0.5141
332 0.4875 0.5125
333 0.488 0.512
334 0.4906 0.5094
335 0.4873 0.5127
336 0.491 0.509
337 0.4917 0.5083
338 0.49 0.51
339 0.4901 0.5099
340 0.4893 0.5107
341 0.4884 0.5116
342 0.4897 0.5103
343 0.4876 0.5124
344 0.4892 0.5108
345 0.4867 0.5133
346 0.4867 0.5133
347 0.486 0.514
348 0.4854 0.5146
349 0.4855 0.5145
350 0.4901 0.5099
351 0.4865 0.5135
352 0.4888 0.5112
353 0.4889 0.5111
354 0.4863 0.5137
355 0.4884 0.5116
356 0.4836 0.5164
357 0.4878 0.5122
358 0.4871 0.5129
359 0.4832 0.5168
360 0.4895 0.5105
361 0.4897 0.5103
362 0.4911 0.5089
363 0.4849 0.5151
364 0.4881 0.5119
365 0.4876 0.5124
366 0.4899 0.5101
367 0.4917 0.5083
368 0.4888 0.5112
369 0.49 0.51
370 0.4901 0.5099
371 0.4969 0.5031
372 0.4865 0.5135
373 0.4862 0.5138
374 0.4852 0.5148
375 0.4872 0.5128
376 0.4863 0.5137
377 0.4895 0.5105
378 0.4845 0.5155
379 0.4848 0.5152
380 0.4853 0.5147
381 0.4839 0.5161
382 0.49 0.51
383 0.4861 0.5139
384 0.4895 0.5105
385 0.4859 0.5141
386 0.4911 0.5089
387 0.4891 0.5109
388 0.4882 0.5118
389 0.49 0.51
390 0.4862 0.5138
391 0.4865 0.5135
392 0.486 0.514
393 0.4858 0.5142
394 0.4851 0.5149
395 0.4918 0.5082
396 0.4873 0.5127
397 0.4852 0.5148
398 0.4887 0.5113
399 0.489 0.511
400 0.4846 0.5154
401 0.4833 0.5167
402 0.4851 0.5149
403 0.4856 0.5144
404 0.4865 0.5135
405 0.4877 0.5123
406 0.4879 0.5121
407 0.4882 0.5118
408 0.4838 0.5162
409 0.4881 0.5119
410 0.4893 0.5107
411 0.483 0.517
412 0.4882 0.5118
413 0.4908 0.5092
414 0.4824 0.5176
415 0.4877 0.5123
416 0.488 0.512
417 0.4885 0.5115
418 0.4875 0.5125
419 0.4874 0.5126
420 0.4867 0.5133
421 0.4852 0.5148
422 0.4885 0.5115
423 0.4914 0.5086
424 0.4853 0.5147
425 0.4862 0.5138
426 0.4882 0.5118
427 0.4857 0.5143
428 0.4864 0.5136
429 0.4869 0.5131
430 0.4818 0.5182
431 0.4824 0.5176
432 0.4876 0.5124
433 0.4855 0.5145
434 0.4853 0.5147
435 0.4867 0.5133
436 0.4879 0.5121
437 0.4887 0.5113
438 0.4876 0.5124
439 0.4859 0.5141
440 0.485 0.515
441 0.4856 0.5144
442 0.4903 0.5097
443 0.4867 0.5133
444 0.4895 0.5105
445 0.4817 0.5183
446 0.4876 0.5124
447 0.4892 0.5108
448 0.4907 0.5093
449 0.4889 0.5111
450 0.4868 0.5132
451 0.4887 0.5113
452 0.4844 0.5156
453 0.4919 0.5081
454 0.4875 0.5125
455 0.486 0.514
456 0.4852 0.5148
457 0.4881 0.5119
458 0.4863 0.5137
459 0.4856 0.5144
460 0.4877 0.5123
461 0.4861 0.5139
462 0.4855 0.5145
463 0.4929 0.5071
464 0.4883 0.5117
465 0.486 0.514
466 0.4833 0.5167
467 0.4861 0.5139
468 0.4829 0.5171
469 0.4827 0.5173
470 0.4875 0.5125
471 0.4859 0.5141
472 0.4834 0.5166
473 0.488 0.512
474 0.4889 0.5111
475 0.4892 0.5108
476 0.4915 0.5085
477 0.4878 0.5122
478 0.4873 0.5127
479 0.4881 0.5119
480 0.4822 0.5178
481 0.4876 0.5124
482 0.4853 0.5147
483 0.4867 0.5133
484 0.4848 0.5152
485 0.4914 0.5086
486 0.4859 0.5141
487 0.4874 0.5126
488 0.4819 0.5181
489 0.4868 0.5132
490 0.4863 0.5137
491 0.4851 0.5149
492 0.4874 0.5126
493 0.4832 0.5168
494 0.4859 0.5141
495 0.4865 0.5135
496 0.4822 0.5178
497 0.4803 0.5197
498 0.4856 0.5144
499 0.4882 0.5118
500 0.482 0.518
501 0.483 0.517
502 0.4921 0.5079
503 0.4879 0.5121
504 0.4866 0.5134
505 0.4814 0.5186
506 0.4876 0.5124
507 0.4855 0.5145
508 0.4847 0.5153
509 0.488 0.512
510 0.4803 0.5197
511 0.4823 0.5177
512 0.4828 0.5172
513 0.4856 0.5144
514 0.4848 0.5152
515 0.4787 0.5213
516 0.4803 0.5197
517 0.4832 0.5168
518 0.4816 0.5184
519 0.4825 0.5175
520 0.4888 0.5112
521 0.483 0.517
522 0.4862 0.5138
523 0.4822 0.5178
524 0.4852 0.5148
525 0.4806 0.5194
526 0.4843 0.5157
527 0.4846 0.5154
528 0.4833 0.5167
529 0.4847 0.5153
530 0.4898 0.5102
531 0.4899 0.5101
532 0.4825 0.5175
533 0.482 0.518
534 0.4892 0.5108
535 0.4841 0.5159
536 0.4846 0.5154
537 0.4824 0.5176
538 0.4828 0.5172
539 0.4857 0.5143
540 0.4838 0.5162
541 0.4808 0.5192
542 0.4854 0.5146
543 0.4902 0.5098
544 0.4834 0.5166
545 0.4841 0.5159
546 0.483 0.517
547 0.4891 0.5109
548 0.4866 0.5134
549 0.4868 0.5132
550 0.4862 0.5138
551 0.4844 0.5156
552 0.4871 0.5129
553 0.4798 0.5202
554 0.4813 0.5187
555 0.484 0.516
556 0.4863 0.5137
557 0.4872 0.5128
558 0.4816 0.5184
559 0.4883 0.5117
560 0.496 0.504
561 0.481 0.519
562 0.4837 0.5163
563 0.4829 0.5171
564 0.494 0.506
565 0.4899 0.5101
566 0.4869 0.5131
567 0.4871 0.5129
568 0.4839 0.5161
569 0.4892 0.5108
570 0.4903 0.5097
571 0.4886 0.5114
572 0.4823 0.5177
573 0.4848 0.5152
574 0.4884 0.5116
575 0.4848 0.5152
576 0.4878 0.5122
577 0.4791 0.5209
578 0.489 0.511
579 0.4848 0.5152
580 0.4828 0.5172
581 0.4894 0.5106
582 0.4843 0.5157
583 0.4875 0.5125
584 0.4865 0.5135
585 0.4848 0.5152
586 0.4871 0.5129
587 0.4848 0.5152
588 0.4892 0.5108
589 0.4902 0.5098
590 0.4794 0.5206
591 0.4857 0.5143
592 0.4861 0.5139
593 0.4816 0.5184
594 0.4856 0.5144
595 0.4907 0.5093
596 0.4837 0.5163
597 0.4896 0.5104
598 0.4871 0.5129
599 0.491 0.509
600 0.4787 0.5213
601 0.4855 0.5145
602 0.4831 0.5169
603 0.4864 0.5136
604 0.4845 0.5155
605 0.4857 0.5143
606 0.4816 0.5184
607 0.4883 0.5117
608 0.4846 0.5154
609 0.4995 0.5005
610 0.4812 0.5188
611 0.4807 0.5193
612 0.4813 0.5187
613 0.4893 0.5107
614 0.4813 0.5187
615 0.4823 0.5177
616 0.4848 0.5152
617 0.4812 0.5188
618 0.4814 0.5186
619 0.4799 0.5201
620 0.4913 0.5087
621 0.4841 0.5159
622 0.4834 0.5166
623 0.4826 0.5174
624 0.4814 0.5186
625 0.4838 0.5162
626 0.4788 0.5212
627 0.4844 0.5156
628 0.4819 0.5181
629 0.4789 0.5211
630 0.4833 0.5167
631 0.4816 0.5184
632 0.4807 0.5193
633 0.4929 0.5071
634 0.4828 0.5172
635 0.4919 0.5081
636 0.484 0.516
637 0.4885 0.5115
638 0.4862 0.5138
639 0.4869 0.5131
640 0.4868 0.5132
641 0.4894 0.5106
642 0.4827 0.5173
643 0.4848 0.5152
644 0.4844 0.5156
645 0.4774 0.5226
646 0.486 0.514
647 0.4841 0.5159
648 0.4835 0.5165
649 0.4875 0.5125
650 0.4886 0.5114
651 0.4891 0.5109
652 0.4888 0.5112
653 0.4774 0.5226
654 0.4823 0.5177
655 0.4839 0.5161
656 0.4899 0.5101
657 0.4892 0.5108
658 0.4834 0.5166
659 0.487 0.513
660 0.4825 0.5175
661 0.4781 0.5219
662 0.4908 0.5092
663 0.4885 0.5115
664 0.482 0.518
665 0.4853 0.5147
666 0.4882 0.5118
667 0.4823 0.5177
668 0.4868 0.5132
669 0.477 0.523
670 0.4824 0.5176
671 0.485 0.515
672 0.4794 0.5206
673 0.4845 0.5155
674 0.4884 0.5116
675 0.4812 0.5188
676 0.4789 0.5211
677 0.4869 0.5131
678 0.4879 0.5121
679 0.4878 0.5122
680 0.4804 0.5196
681 0.4747 0.5253
682 0.4819 0.5181
683 0.4829 0.5171
684 0.4851 0.5149
685 0.4808 0.5192
686 0.4825 0.5175
687 0.488 0.512
688 0.4858 0.5142
689 0.4848 0.5152
690 0.4847 0.5153
691 0.4752 0.5248
692 0.4887 0.5113
693 0.4843 0.5157
694 0.4832 0.5168
695 0.4803 0.5197
696 0.4809 0.5191
697 0.4892 0.5108
698 0.4792 0.5208
699 0.4855 0.5145
700 0.4779 0.5221
701 0.4884 0.5116
702 0.484 0.516
703 0.4908 0.5092
704 0.4886 0.5114
705 0.4771 0.5229
706 0.4789 0.5211
707 0.4825 0.5175
708 0.4801 0.5199
709 0.4905 0.5095
710 0.4822 0.5178
711 0.485 0.515
712 0.4773 0.5227
713 0.4849 0.5151
714 0.4838 0.5162
715 0.4898 0.5102
716 0.4733 0.5267
717 0.486 0.514
718 0.4827 0.5173
719 0.4869 0.5131
720 0.4832 0.5168
721 0.4808 0.5192
722 0.4949 0.5051
723 0.4803 0.5197
724 0.4749 0.5251
725 0.491 0.509
726 0.4895 0.5105
727 0.4808 0.5192
728 0.4791 0.5209
729 0.4936 0.5064
730 0.4957 0.5043
731 0.4843 0.5157
732 0.4792 0.5208
733 0.4787 0.5213
734 0.4894 0.5106
735 0.4809 0.5191
736 0.4933 0.5067
737 0.4815 0.5185
738 0.4799 0.5201
739 0.4764 0.5236
740 0.494 0.506
741 0.4887 0.5113
742 0.4867 0.5133
743 0.4759 0.5241
744 0.4881 0.5119
745 0.4927 0.5073
746 0.4812 0.5188
747 0.4842 0.5158
748 0.4862 0.5138
749 0.4825 0.5175
750 0.4894 0.5106
751 0.4751 0.5249
752 0.4795 0.5205
753 0.4907 0.5093
754 0.4844 0.5156
755 0.4872 0.5128
756 0.4956 0.5044
757 0.4761 0.5239
758 0.4838 0.5162
759 0.4864 0.5136
760 0.486 0.514
761 0.478 0.522
762 0.4866 0.5134
763 0.4922 0.5078
764 0.4811 0.5189
765 0.4773 0.5227
766 0.4833 0.5167
767 0.4817 0.5183
768 0.4767 0.5233
769 0.4703 0.5297
770 0.4891 0.5109
771 0.4805 0.5195
772 0.4885 0.5115
773 0.4815 0.5185
774 0.4841 0.5159
775 0.4816 0.5184
776 0.4916 0.5084
777 0.4876 0.5124
778 0.4785 0.5215
779 0.4828 0.5172
780 0.4748 0.5252
781 0.4844 0.5156
782 0.4863 0.5137
783 0.4864 0.5136
784 0.4779 0.5221
785 0.4949 0.5051
786 0.4777 0.5223
787 0.4786 0.5214
788 0.4775 0.5225
789 0.482 0.518
790 0.4862 0.5138
791 0.4736 0.5264
792 0.4783 0.5217
793 0.4837 0.5163
794 0.4823 0.5177
795 0.4835 0.5165
796 0.4799 0.5201
797 0.4773 0.5227
798 0.473 0.527
799 0.4712 0.5288
800 0.4812 0.5188
801 0.4913 0.5087
802 0.4838 0.5162
803 0.4729 0.5271
804 0.4987 0.5013
805 0.4876 0.5124
806 0.4781 0.5219
807 0.4881 0.5119
808 0.4793 0.5207
809 0.4818 0.5182
810 0.4901 0.5099
811 0.4896 0.5104
812 0.4853 0.5147
813 0.4844 0.5156
814 0.4816 0.5184
815 0.4718 0.5282
816 0.472 0.528
817 0.4875 0.5125
818 0.4768 0.5232
819 0.4872 0.5128
820 0.4759 0.5241
821 0.474 0.526
822 0.4716 0.5284
823 0.4843 0.5157
824 0.4826 0.5174
825 0.4875 0.5125
826 0.4843 0.5157
827 0.4694 0.5306
828 0.4851 0.5149
829 0.493 0.507
830 0.4957 0.5043
831 0.4843 0.5157
832 0.4762 0.5238
833 0.4921 0.5079
834 0.4958 0.5042
835 0.4889 0.5111
836 0.482 0.518
837 0.4755 0.5245
838 0.4783 0.5217
839 0.4862 0.5138
840 0.4794 0.5206
841 0.4813 0.5187
842 0.4831 0.5169
843 0.483 0.517
844 0.4912 0.5088
845 0.4769 0.5231
846 0.4948 0.5052
847 0.4827 0.5173
848 0.4879 0.5121
849 0.4768 0.5232
850 0.4764 0.5236
851 0.4738 0.5262
852 0.4818 0.5182
853 0.4826 0.5174
854 0.4829 0.5171
855 0.4783 0.5217
856 0.4813 0.5187
857 0.4894 0.5106
858 0.4754 0.5246
859 0.4801 0.5199
860 0.4843 0.5157
861 0.4789 0.5211
862 0.4867 0.5133
863 0.4829 0.5171
864 0.4847 0.5153
865 0.4733 0.5267
866 0.4927 0.5073
867 0.493 0.507
868 0.4845 0.5155
869 0.4903 0.5097
870 0.4854 0.5146
871 0.483 0.517
872 0.4879 0.5121
873 0.4749 0.5251
874 0.4804 0.5196
875 0.4825 0.5175
876 0.4827 0.5173
877 0.4842 0.5158
878 0.4546 0.5454
879 0.4869 0.5131
880 0.4992 0.5008
881 0.4809 0.5191
882 0.474 0.526
883 0.4793 0.5207
884 0.4779 0.5221
885 0.4771 0.5229
886 0.4839 0.5161
887 0.4871 0.5129
888 0.4896 0.5104
889 0.4885 0.5115
890 0.4859 0.5141
891 0.4788 0.5212
892 0.4888 0.5112
893 0.4786 0.5214
894 0.4834 0.5166
895 0.4758 0.5242
896 0.483 0.517
897 0.4826 0.5174
898 0.4892 0.5108
899 0.4885 0.5115
900 0.483 0.517
901 0.479 0.521
902 0.4886 0.5114
903 0.4818 0.5182
904 0.4805 0.5195
905 0.4888 0.5112
906 0.48 0.52
907 0.4898 0.5102
908 0.4857 0.5143
909 0.4897 0.5103
910 0.4905 0.5095
911 0.4949 0.5051
912 0.4752 0.5248
913 0.4816 0.5184
914 0.4783 0.5217
915 0.4821 0.5179
916 0.4891 0.5109
917 0.4877 0.5123
918 0.4772 0.5228
919 0.4836 0.5164
920 0.481 0.519
921 0.4749 0.5251
922 0.4872 0.5128
923 0.4759 0.5241
924 0.4918 0.5082
925 0.4859 0.5141
926 0.4793 0.5207
927 0.4779 0.5221
928 0.4789 0.5211
929 0.4856 0.5144
930 0.4731 0.5269
931 0.4819 0.5181
932 0.4763 0.5237
933 0.4871 0.5129
934 0.4833 0.5167
935 0.4779 0.5221
936 0.4799 0.5201
937 0.4822 0.5178
938 0.4762 0.5238
939 0.476 0.524
940 0.4858 0.5142
941 0.4913 0.5087
942 0.4823 0.5177
943 0.4878 0.5122
944 0.4886 0.5114
945 0.4715 0.5285
946 0.4848 0.5152
947 0.465 0.535
948 0.4786 0.5214
949 0.4868 0.5132
950 0.4662 0.5338
951 0.4861 0.5139
952 0.5009 0.4991
953 0.4786 0.5214
954 0.4815 0.5185
955 0.4819 0.5181
956 0.4849 0.5151
957 0.4683 0.5317
958 0.475 0.525
959 0.485 0.515
960 0.4716 0.5284
961 0.494 0.506
962 0.491 0.509
963 0.4733 0.5267
964 0.4827 0.5173
965 0.4724 0.5276
966 0.4759 0.5241
967 0.4856 0.5144
968 0.4801 0.5199
969 0.4824 0.5176
970 0.4812 0.5188
971 0.4752 0.5248
972 0.4714 0.5286
973 0.4865 0.5135
974 0.4781 0.5219
975 0.4776 0.5224
976 0.4757 0.5243
977 0.4738 0.5262
978 0.4757 0.5243
979 0.4822 0.5178
980 0.4856 0.5144
981 0.4739 0.5261
982 0.476 0.524
983 0.4783 0.5217
984 0.4867 0.5133
985 0.4775 0.5225
986 0.4834 0.5166
987 0.491 0.509
988 0.4795 0.5205
989 0.4911 0.5089
990 0.479 0.521
991 0.4923 0.5077
992 0.4757 0.5243
993 0.4865 0.5135
994 0.479 0.521
995 0.4827 0.5173
996 0.4844 0.5156
997 0.4891 0.5109
998 0.4808 0.5192
999 0.4821 0.5179
1000 0.4737 0.5263
1001 0.4664 0.5336
1002 0.4894 0.5106
1003 0.4806 0.5194
1004 0.4631 0.5369
1005 0.4914 0.5086
1006 0.4691 0.5309
1007 0.4837 0.5163
1008 0.4735 0.5265
1009 0.454 0.546
1010 0.4826 0.5174
1011 0.4769 0.5231
1012 0.4843 0.5157
1013 0.4783 0.5217
1014 0.4872 0.5128
1015 0.4938 0.5062
1016 0.4875 0.5125
1017 0.5019 0.4981
1018 0.4804 0.5196
1019 0.4873 0.5127
1020 0.4786 0.5214
1021 0.5032 0.4968
1022 0.4771 0.5229
1023 0.4784 0.5216
1024 0.4826 0.5174
1025 0.4627 0.5373
1026 0.4912 0.5088
1027 0.4979 0.5021
1028 0.4739 0.5261
1029 0.4819 0.5181
1030 0.4799 0.5201
1031 0.4866 0.5134
1032 0.4899 0.5101
1033 0.4753 0.5247
1034 0.4814 0.5186
1035 0.4734 0.5266
1036 0.496 0.504
1037 0.4837 0.5163
1038 0.4816 0.5184
1039 0.4824 0.5176
1040 0.4809 0.5191
1041 0.4683 0.5317
1042 0.4822 0.5178
1043 0.4872 0.5128
1044 0.4857 0.5143
1045 0.4685 0.5315
1046 0.4705 0.5295
1047 0.4805 0.5195
1048 0.4738 0.5262
1049 0.4766 0.5234
1050 0.4758 0.5242
1051 0.491 0.509
1052 0.4927 0.5073
1053 0.4863 0.5137
1054 0.4822 0.5178
1055 0.48 0.52
1056 0.4656 0.5344
1057 0.496 0.504
1058 0.4809 0.5191
1059 0.48 0.52
1060 0.4749 0.5251
1061 0.485 0.515
1062 0.482 0.518
1063 0.4719 0.5281
1064 0.4876 0.5124
1065 0.475 0.525
1066 0.4868 0.5132
1067 0.4626 0.5374
1068 0.4792 0.5208
1069 0.4776 0.5224
1070 0.4753 0.5247
1071 0.4806 0.5194
1072 0.4794 0.5206
1073 0.4824 0.5176
1074 0.4782 0.5218
1075 0.4892 0.5108
1076 0.4986 0.5014
1077 0.4886 0.5114
1078 0.4998 0.5002
1079 0.4877 0.5123
1080 0.4746 0.5254
1081 0.4795 0.5205
1082 0.4872 0.5128
1083 0.4904 0.5096
1084 0.4796 0.5204
1085 0.4752 0.5248
1086 0.4846 0.5154
1087 0.4839 0.5161
1088 0.4766 0.5234
1089 0.502 0.498
1090 0.5068 0.4932
1091 0.4903 0.5097
1092 0.4941 0.5059
1093 0.4968 0.5032
1094 0.4773 0.5227
1095 0.4926 0.5074
1096 0.4925 0.5075
1097 0.4788 0.5212
1098 0.4844 0.5156
1099 0.4736 0.5264
1100 0.4726 0.5274
1101 0.454 0.546
1102 0.4727 0.5273
1103 0.4812 0.5188
1104 0.4684 0.5316
1105 0.4802 0.5198
1106 0.4874 0.5126
1107 0.5022 0.4978
1108 0.5074 0.4926
1109 0.4755 0.5245
1110 0.4805 0.5195
1111 0.5007 0.4993
1112 0.4809 0.5191
1113 0.4744 0.5256
1114 0.4865 0.5135
1115 0.481 0.519
1116 0.4924 0.5076
1117 0.4703 0.5297
1118 0.4895 0.5105
1119 0.4752 0.5248
1120 0.479 0.521
1121 0.47 0.53
1122 0.4696 0.5304
1123 0.4938 0.5062
1124 0.4887 0.5113
1125 0.4836 0.5164
1126 0.4672 0.5328
1127 0.4838 0.5162
1128 0.4731 0.5269
1129 0.4773 0.5227
1130 0.4753 0.5247
1131 0.4773 0.5227
1132 0.4984 0.5016
1133 0.4514 0.5486
1134 0.4673 0.5327
1135 0.4681 0.5319
1136 0.4898 0.5102
1137 0.479 0.521
1138 0.4695 0.5305
1139 0.4839 0.5161
1140 0.481 0.519
1141 0.4767 0.5233
1142 0.4714 0.5286
1143 0.4923 0.5077
1144 0.4627 0.5373
1145 0.4636 0.5364
1146 0.4756 0.5244
1147 0.4832 0.5168
1148 0.4834 0.5166
1149 0.4729 0.5271
1150 0.448 0.552
1151 0.4849 0.5151
1152 0.4823 0.5177
1153 0.4755 0.5245
1154 0.4823 0.5177
1155 0.4942 0.5058
1156 0.4781 0.5219
1157 0.491 0.509
1158 0.4937 0.5063
1159 0.4791 0.5209
1160 0.493 0.507
1161 0.484 0.516
1162 0.4866 0.5134
1163 0.4583 0.5417
1164 0.4753 0.5247
1165 0.4761 0.5239
1166 0.4864 0.5136
1167 0.4708 0.5292
1168 0.4809 0.5191
1169 0.4812 0.5188
1170 0.4736 0.5264
1171 0.4774 0.5226
1172 0.4836 0.5164
1173 0.4976 0.5024
1174 0.5054 0.4946
1175 0.4826 0.5174
1176 0.5171 0.4829
1177 0.4613 0.5387
1178 0.4793 0.5207
1179 0.4617 0.5383
1180 0.4768 0.5232
1181 0.5034 0.4966
1182 0.4769 0.5231
1183 0.501 0.499
1184 0.4886 0.5114
1185 0.4625 0.5375
1186 0.48 0.52
1187 0.4708 0.5292
1188 0.4796 0.5204
1189 0.4622 0.5378
1190 0.481 0.519
1191 0.4797 0.5203
1192 0.4665 0.5335
1193 0.4672 0.5328
1194 0.4788 0.5212
1195 0.5083 0.4917
1196 0.4754 0.5246
1197 0.4921 0.5079
1198 0.4788 0.5212
1199 0.4696 0.5304
1200 0.4776 0.5224
1201 0.4948 0.5052
1202 0.494 0.506
1203 0.493 0.507
1204 0.5107 0.4893
1205 0.5007 0.4993
1206 0.4938 0.5062
1207 0.4877 0.5123
1208 0.4874 0.5126
1209 0.4489 0.5511
1210 0.4952 0.5048
1211 0.4808 0.5192
1212 0.4807 0.5193
1213 0.5073 0.4927
1214 0.4766 0.5234
1215 0.4492 0.5508
1216 0.4774 0.5226
1217 0.4797 0.5203
1218 0.4863 0.5137
1219 0.4798 0.5202
1220 0.4782 0.5218
1221 0.4549 0.5451
1222 0.4792 0.5208
1223 0.4927 0.5073
1224 0.4869 0.5131
1225 0.4741 0.5259
1226 0.4789 0.5211
1227 0.487 0.513
1228 0.4733 0.5267
1229 0.502 0.498
1230 0.4899 0.5101
1231 0.4918 0.5082
1232 0.4838 0.5162
1233 0.4573 0.5427
1234 0.4497 0.5503
1235 0.4814 0.5186
1236 0.4867 0.5133
1237 0.4733 0.5267
1238 0.4642 0.5358
1239 0.5034 0.4966
1240 0.4731 0.5269
1241 0.4722 0.5278
1242 0.475 0.525
1243 0.4818 0.5182
1244 0.4918 0.5082
1245 0.4789 0.5211
1246 0.4763 0.5237
1247 0.47 0.53
1248 0.4827 0.5173
1249 0.4863 0.5137
1250 0.4991 0.5009
1251 0.4915 0.5085
1252 0.4982 0.5018
1253 0.4954 0.5046
1254 0.4663 0.5337
1255 0.4662 0.5338
1256 0.4864 0.5136
1257 0.5014 0.4986
1258 0.4665 0.5335
1259 0.4609 0.5391
1260 0.4823 0.5177
1261 0.501 0.499
1262 0.492 0.508
1263 0.5046 0.4954
1264 0.5047 0.4953
1265 0.4967 0.5033
1266 0.4792 0.5208
1267 0.4908 0.5092
1268 0.495 0.505
1269 0.4851 0.5149
1270 0.4625 0.5375
1271 0.4877 0.5123
1272 0.479 0.521
1273 0.4957 0.5043
1274 0.4559 0.5441
1275 0.4499 0.5501
1276 0.4929 0.5071
1277 0.4803 0.5197
1278 0.4654 0.5346
1279 0.483 0.517
1280 0.4693 0.5307
1281 0.499 0.501
1282 0.455 0.545
1283 0.4608 0.5392
1284 0.4819 0.5181
1285 0.479 0.521
1286 0.4728 0.5272
1287 0.4627 0.5373
1288 0.4907 0.5093
1289 0.4746 0.5254
1290 0.5113 0.4887
1291 0.4842 0.5158
1292 0.4943 0.5057
1293 0.502 0.498
1294 0.4486 0.5514
1295 0.4846 0.5154
1296 0.5059 0.4941
1297 0.4848 0.5152
1298 0.5005 0.4995
1299 0.4925 0.5075
1300 0.4973 0.5027
1301 0.4882 0.5118
1302 0.5174 0.4826
1303 0.4777 0.5223
1304 0.496 0.504
1305 0.4878 0.5122
1306 0.4671 0.5329
1307 0.4642 0.5358
1308 0.5042 0.4958
1309 0.4487 0.5513
1310 0.4929 0.5071
1311 0.4699 0.5301
1312 0.4798 0.5202
1313 0.5089 0.4911
1314 0.4928 0.5072
1315 0.4602 0.5398
1316 0.4598 0.5402
1317 0.4818 0.5182
1318 0.4875 0.5125
1319 0.4886 0.5114
1320 0.4768 0.5232
1321 0.4713 0.5287
1322 0.486 0.514
1323 0.4589 0.5411
1324 0.4789 0.5211
1325 0.4951 0.5049
1326 0.4678 0.5322
1327 0.5187 0.4813
1328 0.494 0.506
1329 0.4729 0.5271
1330 0.4981 0.5019
1331 0.476 0.524
1332 0.4614 0.5386
1333 0.509 0.491
1334 0.4655 0.5345
1335 0.4586 0.5414
1336 0.4627 0.5373
1337 0.4885 0.5115
1338 0.5162 0.4838
1339 0.4549 0.5451
1340 0.4772 0.5228
1341 0.4649 0.5351
1342 0.4679 0.5321
1343 0.4481 0.5519
1344 0.5 0.5
1345 0.4692 0.5308
1346 0.4746 0.5254
1347 0.4635 0.5365
1348 0.4993 0.5007
1349 0.4639 0.5361
1350 0.4901 0.5099
1351 0.4978 0.5022
1352 0.4394 0.5606
1353 0.4993 0.5007
1354 0.4738 0.5262
1355 0.4773 0.5227
1356 0.4884 0.5116
1357 0.4766 0.5234
1358 0.4638 0.5362
1359 0.508 0.492
1360 0.4838 0.5162
1361 0.4531 0.5469
1362 0.4951 0.5049
1363 0.5104 0.4896
1364 0.4816 0.5184
1365 0.4945 0.5055
1366 0.4725 0.5275
1367 0.4646 0.5354
1368 0.477 0.523
1369 0.46 0.54
1370 0.4934 0.5066
1371 0.4544 0.5456
1372 0.4618 0.5382
1373 0.497 0.503
1374 0.4882 0.5118
1375 0.4619 0.5381
1376 0.4831 0.5169
1377 0.4564 0.5436
1378 0.4581 0.5419
1379 0.447 0.553
1380 0.5104 0.4896
1381 0.4992 0.5008
1382 0.4448 0.5552
1383 0.4714 0.5286
1384 0.4666 0.5334
1385 0.4834 0.5166
1386 0.4728 0.5272
1387 0.4744 0.5256
1388 0.4831 0.5169
1389 0.4943 0.5057
1390 0.4593 0.5407
1391 0.4946 0.5054
1392 0.4965 0.5035
1393 0.4822 0.5178
1394 0.4747 0.5253
1395 0.4729 0.5271
1396 0.5018 0.4982
1397 0.4798 0.5202
1398 0.4947 0.5053
1399 0.4832 0.5168
1400 0.5112 0.4888
1401 0.4524 0.5476
1402 0.5101 0.4899
1403 0.4736 0.5264
1404 0.4895 0.5105
1405 0.465 0.535
1406 0.4743 0.5257
1407 0.4796 0.5204
1408 0.4835 0.5165
1409 0.489 0.511
1410 0.4815 0.5185
1411 0.4647 0.5353
1412 0.4795 0.5205
1413 0.5467 0.4533
1414 0.4858 0.5142
1415 0.466 0.534
1416 0.4958 0.5042
1417 0.4612 0.5388
1418 0.4583 0.5417
1419 0.4534 0.5466
1420 0.4645 0.5355
1421 0.5465 0.4535
1422 0.518 0.482
1423 0.4991 0.5009
1424 0.4485 0.5515
1425 0.4898 0.5102
1426 0.5018 0.4982
1427 0.4858 0.5142
1428 0.4884 0.5116
1429 0.5055 0.4945
1430 0.4703 0.5297
1431 0.4564 0.5436
1432 0.4724 0.5276
1433 0.5215 0.4785
1434 0.5229 0.4771
1435 0.4799 0.5201
1436 0.4808 0.5192
1437 0.5053 0.4947
1438 0.5136 0.4864
1439 0.4944 0.5056
1440 0.4749 0.5251
1441 0.502 0.498
1442 0.5088 0.4912
1443 0.4653 0.5347
1444 0.4417 0.5583
1445 0.4889 0.5111
1446 0.5196 0.4804
1447 0.4846 0.5154
1448 0.4817 0.5183
1449 0.4786 0.5214
1450 0.5 0.5
1451 0.4979 0.5021
1452 0.4834 0.5166
1453 0.4681 0.5319
1454 0.5 0.5
1455 0.4139 0.5861
1456 0.4857 0.5143
1457 0.4219 0.5781
1458 0.4819 0.5181
1459 0.4811 0.5189
1460 0.4648 0.5352
1461 0.4841 0.5159
1462 0.5177 0.4823
1463 0.4872 0.5128
1464 0.4936 0.5064
1465 0.5168 0.4832
1466 0.4752 0.5248
1467 0.4502 0.5498
1468 0.4787 0.5213
1469 0.4837 0.5163
1470 0.4749 0.5251
1471 0.4925 0.5075
1472 0.4703 0.5297
1473 0.4765 0.5235
1474 0.4702 0.5298
1475 0.4155 0.5845
1476 0.4937 0.5063
1477 0.4964 0.5036
1478 0.5023 0.4977
1479 0.4685 0.5315
1480 0.4483 0.5517
1481 0.4835 0.5165
1482 0.4932 0.5068
1483 0.4671 0.5329
1484 0.4709 0.5291
1485 0.4436 0.5564
1486 0.4433 0.5567
1487 0.5282 0.4718
1488 0.5215 0.4785
1489 0.4709 0.5291
1490 0.4514 0.5486
1491 0.4717 0.5283
1492 0.4597 0.5403
1493 0.4868 0.5132
1494 0.5057 0.4943
1495 0.543 0.457
1496 0.4286 0.5714
1497 0.4474 0.5526
1498 0.4439 0.5561
1499 0.4492 0.5508
1500 0.4123 0.5877
1501 0.5369 0.4631
1502 0.4677 0.5323
1503 0.5193 0.4807
1504 0.456 0.544
1505 0.4812 0.5188
1506 0.4916 0.5084
1507 0.4665 0.5335
1508 0.4945 0.5055
1509 0.4885 0.5115
1510 0.5254 0.4746
1511 0.5029 0.4971
1512 0.4795 0.5205
1513 0.4564 0.5436
1514 0.4613 0.5387
1515 0.4795 0.5205
1516 0.4608 0.5392
1517 0.5152 0.4848
1518 0.4638 0.5362
1519 0.4534 0.5466
1520 0.4514 0.5486
1521 0.485 0.515
1522 0.4984 0.5016
1523 0.5103 0.4897
1524 0.4717 0.5283
1525 0.4521 0.5479
1526 0.4982 0.5018
1527 0.437 0.563
1528 0.4874 0.5126
1529 0.4966 0.5034
1530 0.454 0.546
1531 0.4788 0.5212
1532 0.523 0.477
1533 0.4947 0.5053
1534 0.5084 0.4916
1535 0.5513 0.4487
1536 0.4571 0.5429
1537 0.4859 0.5141
1538 0.4428 0.5572
1539 0.4521 0.5479
1540 0.5046 0.4954
1541 0.4936 0.5064
1542 0.4474 0.5526
1543 0.4562 0.5438
1544 0.429 0.571
1545 0.4739 0.5261
1546 0.4662 0.5338
1547 0.5265 0.4735
1548 0.489 0.511
1549 0.4744 0.5256
1550 0.5 0.5
1551 0.4774 0.5226
1552 0.4874 0.5126
1553 0.4712 0.5288
1554 0.451 0.549
1555 0.4797 0.5203
1556 0.5276 0.4724
1557 0.4563 0.5437
1558 0.4567 0.5433
1559 0.4253 0.5747
1560 0.4903 0.5097
1561 0.4225 0.5775
1562 0.4858 0.5142
1563 0.5276 0.4724
1564 0.4321 0.5679
1565 0.4351 0.5649
1566 0.4292 0.5708
1567 0.4845 0.5155
1568 0.4312 0.5688
1569 0.4086 0.5914
1570 0.4561 0.5439
1571 0.4788 0.5212
1572 0.4798 0.5202
1573 0.4886 0.5114
1574 0.4954 0.5046
1575 0.509 0.491
1576 0.4756 0.5244
1577 0.4578 0.5422
1578 0.4959 0.5041
1579 0.4737 0.5263
1580 0.485 0.515
1581 0.456 0.544
1582 0.4867 0.5133
1583 0.4407 0.5593
1584 0.5263 0.4737
1585 0.4825 0.5175
1586 0.4741 0.5259
1587 0.5174 0.4826
1588 0.5 0.5
1589 0.4651 0.5349
1590 0.45 0.55
1591 0.4777 0.5223
1592 0.4468 0.5532
1593 0.4468 0.5532
1594 0.5 0.5
1595 0.4639 0.5361
1596 0.4724 0.5276
1597 0.4362 0.5638
1598 0.561 0.439
1599 0.4745 0.5255
1600 0.4883 0.5117
1601 0.4596 0.5404
1602 0.4386 0.5614
1603 0.4612 0.5388
1604 0.4905 0.5095
1605 0.4685 0.5315
1606 0.4737 0.5263
1607 0.4829 0.5171
1608 0.4656 0.5344
1609 0.488 0.512
1610 0.4622 0.5378
1611 0.4615 0.5385
1612 0.4192 0.5808
1613 0.5026 0.4974
1614 0.5208 0.4792
1615 0.4948 0.5052
1616 0.432 0.568
1617 0.486 0.514
1618 0.4516 0.5484
1619 0.464 0.536
1620 0.4415 0.5585
1621 0.4111 0.5889
1622 0.5276 0.4724
1623 0.4643 0.5357
1624 0.524 0.476
1625 0.4794 0.5206
1626 0.4749 0.5251
1627 0.462 0.538
1628 0.4588 0.5412
1629 0.4819 0.5181
1630 0.4788 0.5212
1631 0.4947 0.5053
1632 0.4757 0.5243
1633 0.5 0.5
1634 0.4974 0.5026
1635 0.4479 0.5521
1636 0.5497 0.4503
1637 0.4813 0.5187
1638 0.5052 0.4948
1639 0.4703 0.5297
1640 0.4907 0.5093
1641 0.4378 0.5622
1642 0.4064 0.5936
1643 0.474 0.526
1644 0.4604 0.5396
1645 0.4339 0.5661
1646 0.4416 0.5584
1647 0.4541 0.5459
1648 0.5185 0.4815
1649 0.5176 0.4824
1650 0.4579 0.5421
1651 0.5062 0.4938
1652 0.55 0.45
1653 0.4322 0.5678
1654 0.4633 0.5367
1655 0.4412 0.5588
1656 0.4922 0.5078
1657 0.4751 0.5249
1658 0.5238 0.4762
1659 0.4439 0.5561
1660 0.486 0.514
1661 0.4953 0.5047
1662 0.4709 0.5291
1663 0.4456 0.5544
1664 0.4722 0.5278
1665 0.4703 0.5297
1666 0.4922 0.5078
1667 0.4463 0.5537
1668 0.526 0.474
1669 0.4854 0.5146
1670 0.397 0.603
1671 0.4295 0.5705
1672 0.5693 0.4307
1673 0.443 0.557
1674 0.506 0.494
1675 0.4919 0.5081
1676 0.455 0.545
1677 0.457 0.543
1678 0.485 0.515
1679 0.4647 0.5353
1680 0.4302 0.5698
1681 0.5166 0.4834
1682 0.5061 0.4939
1683 0.5449 0.4551
1684 0.5401 0.4599
1685 0.4068 0.5932
1686 0.465 0.535
1687 0.5175 0.4825
1688 0.4551 0.5449
1689 0.4514 0.5486
1690 0.5267 0.4733
1691 0.4848 0.5152
1692 0.4717 0.5283
1693 0.4312 0.5688
1694 0.4359 0.5641
1695 0.4277 0.5723
1696 0.4839 0.5161
1697 0.4828 0.5172
1698 0.5224 0.4776
1699 0.3893 0.6107
1700 0.504 0.496
1701 0.4931 0.5069
1702 0.5 0.5
1703 0.418 0.582
1704 0.4341 0.5659
1705 0.5593 0.4407
1706 0.5102 0.4898
1707 0.4724 0.5276
1708 0.4667 0.5333
1709 0.4818 0.5182
1710 0.4472 0.5528
1711 0.4776 0.5224
1712 0.3876 0.6124
1713 0.4872 0.5128
1714 0.5083 0.4917
1715 0.4545 0.5455
1716 0.51 0.49
1717 0.5785 0.4215
1718 0.493 0.507
1719 0.4762 0.5238
1720 0.4079 0.5921
1721 0.4924 0.5076
1722 0.4511 0.5489
1723 0.5115 0.4885
1724 0.482 0.518
1725 0.4848 0.5152
1726 0.4295 0.5705
1727 0.5455 0.4545
1728 0.5168 0.4832
1729 0.5419 0.4581
1730 0.4935 0.5065
1731 0.4726 0.5274
1732 0.4539 0.5461
1733 0.4897 0.5103
1734 0.4414 0.5586
1735 0.4672 0.5328
1736 0.4755 0.5245
1737 0.4231 0.5769
1738 0.4643 0.5357
1739 0.4729 0.5271
1740 0.4454 0.5546
1741 0.4083 0.5917
1742 0.5299 0.4701
1743 0.5893 0.4107
1744 0.504 0.496
1745 0.416 0.584
1746 0.4433 0.5567
1747 0.4457 0.5543
1748 0.5248 0.4752
1749 0.4891 0.5109
1750 0.4902 0.5098
1751 0.4909 0.5091
1752 0.5868 0.4132
1753 0.4803 0.5197
1754 0.4848 0.5152
1755 0.5357 0.4643
1756 0.5 0.5
1757 0.4277 0.5723
1758 0.5 0.5
1759 0.475 0.525
1760 0.4634 0.5366
1761 0.4917 0.5083
1762 0.5194 0.4806
1763 0.4853 0.5147
1764 0.5169 0.4831
1765 0.5094 0.4906
1766 0.4667 0.5333
1767 0.5323 0.4677
1768 0.5 0.5
1769 0.4224 0.5776
1770 0.5238 0.4762
1771 0.5354 0.4646
1772 0.5 0.5
1773 0.4242 0.5758
1774 0.4898 0.5102
1775 0.463 0.537
1776 0.5167 0.4833
1777 0.4672 0.5328
1778 0.4715 0.5285
1779 0.4167 0.5833
1780 0.5254 0.4746
1781 0.4336 0.5664
1782 0.4685 0.5315
1783 0.4696 0.5304
1784 0.4874 0.5126
1785 0.4922 0.5078
1786 0.3982 0.6018
1787 0.4889 0.5111
1788 0.5055 0.4945
1789 0.4327 0.5673
1790 0.4167 0.5833
1791 0.4706 0.5294
1792 0.4571 0.5429
1793 0.4792 0.5208
1794 0.4667 0.5333
1795 0.4196 0.5804
1796 0.4911 0.5089
1797 0.4565 0.5435
1798 0.4468 0.5532
1799 0.4023 0.5977
1800 0.4831 0.5169
1801 0.4348 0.5652
1802 0.4565 0.5435
1803 0.4767 0.5233
1804 0.5474 0.4526
1805 0.4362 0.5638
1806 0.5607 0.4393
1807 0.5 0.5
1808 0.534 0.466
1809 0.4796 0.5204
1810 0.4583 0.5417
1811 0.4268 0.5732
1812 0.5063 0.4937
1813 0.381 0.619
1814 0.4062 0.5938
1815 0.5 0.5
1816 0.4366 0.5634
1817 0.459 0.541
1818 0.5588 0.4412
1819 0.481 0.519
1820 0.4459 0.5541
1821 0.3889 0.6111
1822 0.4286 0.5714
1823 0.5303 0.4697
1824 0.4444 0.5556
1825 0.4615 0.5385
1826 0.5412 0.4588
1827 0.5732 0.4268
1828 0.4533 0.5467
1829 0.5 0.5
1830 0.55 0.45
1831 0.5714 0.4286
1832 0.4778 0.5222
1833 0.4304 0.5696
1834 0.494 0.506
1835 0.4203 0.5797
1836 0.4848 0.5152
1837 0.4833 0.5167
1838 0.4853 0.5147
1839 0.4737 0.5263
1840 0.4219 0.5781
1841 0.5846 0.4154
1842 0.4286 0.5714
1843 0.5455 0.4545
1844 0.4394 0.5606
1845 0.5469 0.4531
1846 0.5 0.5
1847 0.4595 0.5405
1848 0.5385 0.4615
1849 0.4225 0.5775
1850 0.5507 0.4493
1851 0.4675 0.5325
1852 0.4921 0.5079
1853 0.5 0.5
1854 0.5373 0.4627
1855 0.4627 0.5373
1856 0.5309 0.4691
1857 0.4744 0.5256
1858 0.3867 0.6133
1859 0.5301 0.4699
1860 0.4028 0.5972
1861 0.575 0.425
1862 0.4744 0.5256
1863 0.3947 0.6053
1864 0.5077 0.4923
1865 0.4068 0.5932
1866 0.55 0.45
1867 0.4697 0.5303
1868 0.4667 0.5333
1869 0.4531 0.5469
1870 0.4118 0.5882
1871 0.4359 0.5641
1872 0.5349 0.4651
1873 0.5763 0.4237
1874 0.5238 0.4762
1875 0.5195 0.4805
1876 0.4595 0.5405
1877 0.5205 0.4795
1878 0.4444 0.5556
1879 0.4478 0.5522
1880 0.4677 0.5323
1881 0.3684 0.6316
1882 0.5333 0.4667
1883 0.5179 0.4821
1884 0.4792 0.5208
1885 0.4528 0.5472
1886 0.5625 0.4375
1887 0.5667 0.4333
1888 0.4925 0.5075
1889 0.5072 0.4928
1890 0.5167 0.4833
1891 0.5645 0.4355
1892 0.5342 0.4658
1893 0.5185 0.4815
1894 0.4 0.6
1895 0.5312 0.4688
1896 0.5625 0.4375
1897 0.5067 0.4933
1898 0.3939 0.6061
1899 0.5333 0.4667
1900 0.5306 0.4694
1901 0.619 0.381
1902 0.4722 0.5278
1903 0.4259 0.5741
1904 0.46 0.54
1905 0.4815 0.5185
1906 0.4808 0.5192
1907 0.54 0.46
1908 0.4909 0.5091
1909 0.5079 0.4921
1910 0.5769 0.4231
1911 0.3929 0.6071
1912 0.5128 0.4872
1913 0.58 0.42
1914 0.5 0.5
1915 0.4808 0.5192
1916 0.4043 0.5957
1917 0.4255 0.5745
1918 0.4884 0.5116
1919 0.4255 0.5745
1920 0.449 0.551
1921 0.3913 0.6087
1922 0.4792 0.5208
1923 0.4583 0.5417
1924 0.52 0.48
1925 0.5 0.5
1926 0.3415 0.6585
1927 0.5128 0.4872
1928 0.5882 0.4118
1929 0.625 0.375
1930 0.4118 0.5882
1931 0.4 0.6
1932 0.5 0.5
1933 0.4324 0.5676
1934 0.4328 0.5672
1935 0.4833 0.5167
1936 0.4407 0.5593
1937 0.5849 0.4151
1938 0.38 0.62
1939 0.5455 0.4545
1940 0.4792 0.5208
1941 0.32 0.68
1942 0.2941 0.7059
1943 0.6316 0.3684
1944 0.4706 0.5294
1945 0.5682 0.4318
1946 0.5435 0.4565
1947 0.413 0.587
1948 0.4634 0.5366
1949 0.3784 0.6216
1950 0.4583 0.5417
1951 0.5682 0.4318
1952 0.4634 0.5366
1953 0.617 0.383
1954 0.4773 0.5227
1955 0.5435 0.4565
1956 0.5455 0.4545
1957 0.5472 0.4528
1958 0.3462 0.6538
1959 0.5111 0.4889
1960 0.4286 0.5714
1961 0.4 0.6
1962 0.4762 0.5238
1963 0.551 0.449
1964 0.4762 0.5238
1965 0.5128 0.4872
1966 0.5135 0.4865
1967 0.4242 0.5758
1968 0.4828 0.5172
1969 0.5143 0.4857
1970 0.4103 0.5897
1971 0.4865 0.5135
1972 0.4286 0.5714
1973 0.4474 0.5526
1974 0.3939 0.6061
1975 0.4 0.6
1976 0.4762 0.5238
1977 0.6429 0.3571
1978 0.5 0.5
1979 0.5294 0.4706
1980 0.5455 0.4545
1981 0.56 0.44
1982 0.4348 0.5652
1983 0.561 0.439
1984 0.5319 0.4681
1985 0.3636 0.6364
1986 0.4167 0.5833
1987 0.3667 0.6333
1988 0.5556 0.4444
1989 0.4737 0.5263
1990 0.5641 0.4359
1991 0.5833 0.4167
1992 0.3469 0.6531
1993 0.4878 0.5122
1994 0.3684 0.6316
1995 0.3214 0.6786
1996 0.2353 0.7647
1997 0.5263 0.4737
1998 0.3684 0.6316
1999 0.4583 0.5417
2000 0.5185 0.4815
2001 0.4231 0.5769
2002 0.4839 0.5161
2003 0.4815 0.5185
2004 0.5 0.5
2005 0.4474 0.5526
2006 0.4375 0.5625
2007 0.4762 0.5238
2008 0.4412 0.5588
2009 0.4074 0.5926
2010 0.4839 0.5161
2011 0.5349 0.4651
2012 0.5128 0.4872
2013 0.5854 0.4146
2014 0.4783 0.5217
2015 0.5217 0.4783
2016 0.3958 0.6042
2017 0.3667 0.6333
2018 0.6552 0.3448
2019 0.5 0.5
2020 0.4667 0.5333
2021 0.4516 0.5484
2022 0.5263 0.4737
2023 0.4694 0.5306
2024 0.3714 0.6286
2025 0.3438 0.6562
2026 0.5833 0.4167
2027 0.2955 0.7045
2028 0.5476 0.4524
2029 0.3714 0.6286
2030 0.4545 0.5455
2031 0.2703 0.7297
2032 0.3462 0.6538
2033 0.5 0.5
2034 0.5714 0.4286
2035 0.3235 0.6765
2036 0.3333 0.6667
2037 0.375 0.625
2038 0.5526 0.4474
2039 0.4595 0.5405
2040 0.4571 0.5429
2041 0.44 0.56
2042 0.375 0.625
2043 0.5 0.5
2044 0.4118 0.5882
2045 0.4286 0.5714
2046 0.5 0.5
2047 0.5 0.5
2048 0.4 0.6
2049 0.4545 0.5455
2050 0.6 0.4
2051 0.5263 0.4737
2052 0.65 0.35
2053 0.4286 0.5714
2054 0.3636 0.6364
2055 0.3333 0.6667
2056 0.5 0.5
2057 0.6429 0.3571
2058 0.5238 0.4762
2059 0.4375 0.5625
2060 0.6 0.4
2061 0.5882 0.4118
2062 0.4444 0.5556
2063 0.6364 0.3636
2064 0.4737 0.5263
2065 0.5 0.5
2066 0.4483 0.5517
2067 0.5 0.5
2068 0.3429 0.6571
2069 0.4074 0.5926
2070 0.4074 0.5926
2071 0.4 0.6
2072 0.4737 0.5263
2073 0.4545 0.5455
2074 0.3871 0.6129
2075 0.3333 0.6667
2076 0.8125 0.1875
2077 0.6296 0.3704
2078 0.3462 0.6538
2079 0.5294 0.4706
2080 0.625 0.375
2081 0.2941 0.7059
2082 0.6111 0.3889
2083 0.5417 0.4583
2084 0.4444 0.5556
2085 0.5 0.5
2086 0.6842 0.3158
2087 0.6333 0.3667
2088 0.5366 0.4634
2089 0.5172 0.4828
2090 0.5 0.5
2091 0.3939 0.6061
2092 0.3333 0.6667
2093 0.3929 0.6071
2094 0.48 0.52
2095 0.4444 0.5556
2096 0.3913 0.6087
2097 0.6667 0.3333
2098 0.3529 0.6471
2099 0.4167 0.5833
2100 0.5714 0.4286
2101 0.4545 0.5455
2102 0.4762 0.5238
2103 0.5238 0.4762
2104 0.35 0.65
2105 0.4583 0.5417
2106 0.5455 0.4545
2107 0.3125 0.6875
2108 0.5 0.5
2109 0.5833 0.4167
2110 0.4815 0.5185
2111 0.3333 0.6667
2112 0.4545 0.5455
2113 0.35 0.65
2114 0.5 0.5
2115 0.6 0.4
2116 0.4091 0.5909
2117 0.5556 0.4444
2118 0.5263 0.4737
2119 0.56 0.44
2120 0.5625 0.4375
2121 0.4286 0.5714
2122 0.2727 0.7273
2123 0.4615 0.5385
2124 0.6364 0.3636
2125 0.5 0.5
2126 0.3158 0.6842
2127 0.5294 0.4706
2128 0.2778 0.7222
2129 0.1429 0.8571
2130 0.4737 0.5263
2131 0.4348 0.5652
2132 0.3333 0.6667
2133 0.4444 0.5556
2134 0.3077 0.6923
2135 0.5833 0.4167
2136 0.6 0.4
2137 0.4545 0.5455
2138 0.6 0.4
2139 0.4375 0.5625
2140 0.625 0.375
2141 0.2667 0.7333
2142 0.4375 0.5625
2143 0.4545 0.5455
2144 0.3333 0.6667
2145 0.375 0.625
2146 0.8 0.2
2147 0.5455 0.4545
2148 0.5294 0.4706
2149 0.7143 0.2857
2150 0.4231 0.5769
2151 0.4375 0.5625
2152 0.6818 0.3182
2153 0.4 0.6
2154 0.4667 0.5333
2155 0.125 0.875
2156 0.6667 0.3333
2157 0.5833 0.4167
2158 0.6111 0.3889
2159 0.5909 0.4091
2160 0.4286 0.5714
2161 0.45 0.55
2162 0.5769 0.4231
2163 0.4762 0.5238
2164 0.3529 0.6471
2165 0.4375 0.5625
2166 0.4706 0.5294
2167 0.625 0.375
2168 0.3529 0.6471
2169 0.5333 0.4667
2170 0.6667 0.3333
2171 0.5556 0.4444
2172 0.5652 0.4348
2173 0.3529 0.6471
2174 0.6923 0.3077
2175 0.4 0.6
2176 0.6667 0.3333
2177 0.6667 0.3333
2178 0.75 0.25
2179 0.5714 0.4286
2180 0.6923 0.3077
2181 0.6471 0.3529
2182 0.5185 0.4815
2183 0.56 0.44
2184 0.5417 0.4583
2185 0.3182 0.6818
2186 0.65 0.35
2187 0.5 0.5
2188 0.6333 0.3667
2189 0.4444 0.5556
2190 0.4706 0.5294
2191 0.6 0.4
2192 0.2941 0.7059
2193 0.4737 0.5263
2194 0.3333 0.6667
2195 0.6667 0.3333
2196 0.5 0.5
2197 0.2727 0.7273
2198 0.3077 0.6923
2199 0.3333 0.6667
2200 0.3333 0.6667
2201 0.0 1.0
2202 0.6 0.4
2203 0.6 0.4
2204 0.7 0.3
2205 0.4 0.6
2206 0.4444 0.5556
2207 0.5833 0.4167
2208 0.4545 0.5455
2209 0.1429 0.8571
2210 0.5 0.5
2211 0.2857 0.7143
2212 0.5 0.5
2213 0.5 0.5
2214 0.5 0.5
2215 0.2308 0.7692
2216 0.3636 0.6364
2217 0.2222 0.7778
2218 0.3571 0.6429
2219 0.2222 0.7778
2220 0.3333 0.6667
2221 0.4375 0.5625
2222 0.1818 0.8182
2223 0.4444 0.5556
2224 0.8462 0.1538
2225 0.5 0.5
2226 0.3571 0.6429
2227 0.2727 0.7273
2228 0.4 0.6
2229 0.7 0.3
2230 0.5333 0.4667
2231 0.4375 0.5625
2232 0.3077 0.6923
2233 0.375 0.625
2234 0.5556 0.4444
2235 0.6364 0.3636
2236 0.4167 0.5833
2237 0.5 0.5
2238 0.3 0.7
2239 0.6667 0.3333
2240 0.56 0.44
2241 0.2593 0.7407
2242 0.35 0.65
2243 0.4706 0.5294
2244 0.2667 0.7333
2245 0.4 0.6
2246 0.5333 0.4667
2247 0.375 0.625
2248 0.3158 0.6842
2249 0.3636 0.6364
2250 0.8 0.2
2251 0.4 0.6
2252 0.5 0.5
2253 0.6667 0.3333
2254 0.7273 0.2727
2255 0.4667 0.5333
2256 0.4 0.6
2257 0.5455 0.4545
2258 0.6154 0.3846
2259 0.4375 0.5625
2260 0.5 0.5
2261 0.4167 0.5833
2262 0.4 0.6
2263 0.2 0.8
2264 0.7 0.3
2265 0.6923 0.3077
2266 0.4 0.6
2267 0.5263 0.4737
2268 0.3333 0.6667
2269 0.625 0.375
2270 0.7692 0.2308
2271 0.3846 0.6154
2272 0.1538 0.8462
2273 0.4 0.6
2274 0.5 0.5
2275 0.3333 0.6667
2276 0.8 0.2
2277 0.4444 0.5556
2278 0.4 0.6
2279 0.4 0.6
2280 0.7778 0.2222
2281 0.5455 0.4545
2282 0.5833 0.4167
2283 0.5714 0.4286
2284 0.5833 0.4167
2285 0.5714 0.4286
2286 0.5556 0.4444
2287 0.4286 0.5714
2288 0.4 0.6
2289 0.5 0.5
2290 0.6111 0.3889
2291 0.2941 0.7059
2292 0.2222 0.7778
2293 0.4 0.6
2294 0.2 0.8
2295 0.25 0.75
2296 0.375 0.625
2297 0.6 0.4
2298 0.4444 0.5556
2299 0.5 0.5
2300 0.4 0.6
2301 0.4286 0.5714
2302 0.5 0.5
2303 0.5 0.5
2304 0.5 0.5
2305 0.3333 0.6667
2306 0.2857 0.7143
2307 0.25 0.75
2308 0.0 1.0
2309 0.5714 0.4286
2310 0.3333 0.6667
2311 0.4444 0.5556
2312 0.5455 0.4545
2313 0.5385 0.4615
2314 0.1111 0.8889
2315 0.4 0.6
2316 0.5 0.5
2317 0.1667 0.8333
2318 1.0 0.0
2319 0.4 0.6
2320 0.5 0.5
2321 0.4286 0.5714
2322 0.3333 0.6667
2323 0.625 0.375
2324 0.7143 0.2857
2325 0.4286 0.5714
2326 0.6667 0.3333
2327 0.75 0.25
2328 0.5 0.5
2329 0.5 0.5
2330 0.4286 0.5714
2331 0.625 0.375
2332 0.2857 0.7143
2333 0.6 0.4
2334 0.4286 0.5714
2335 0.8571 0.1429
2336 0.5 0.5
2337 0.4167 0.5833
2338 0.3333 0.6667
2339 0.6667 0.3333
2340 0.3333 0.6667
2341 0.5 0.5
2342 0.4 0.6
2343 0.6667 0.3333
2344 0.6154 0.3846
2345 0.3333 0.6667
2346 0.0 1.0
2347 1.0 0.0
2348 0.1667 0.8333
2349 0.6 0.4
2350 0.25 0.75
2351 1.0 0.0
2352 0.5 0.5
2353 0.5 0.5
2354 0.6 0.4
2355 0.5 0.5
2356 0.5 0.5
2357 0.5 0.5
2358 0.0909 0.9091
2359 0.2 0.8
2360 0.3333 0.6667
2361 0.25 0.75
2362 0.0 1.0
2363 0.0 1.0
2364 0.3333 0.6667
2365 0.6667 0.3333
2366 0.4286 0.5714
2367 0.5 0.5
2368 1.0 0.0
2369 1.0 0.0
2370 0.375 0.625
2371 0.4 0.6
2372 0.4 0.6
2373 0.5 0.5
2374 0.5714 0.4286
2375 0.5 0.5
2376 0.375 0.625
2377 0.625 0.375
2378 0.8333 0.1667
2379 0.8333 0.1667
2380 0.75 0.25
2381 0.4286 0.5714
2382 0.375 0.625
2383 0.3333 0.6667
2384 0.1667 0.8333
2385 0.3333 0.6667
2386 0.4 0.6
2387 0.4 0.6
2388 0.8333 0.1667
2389 0.5 0.5
2390 0.5 0.5
2391 0.3333 0.6667
2392 0.3333 0.6667
2393 0.5 0.5
2394 0.25 0.75
2395 0.3333 0.6667
2396 0.6667 0.3333
2397 0.2857 0.7143
2398 0.25 0.75
2399 0.5 0.5
2400 0.6667 0.3333
2401 0.6 0.4
2402 0.1429 0.8571
2403 0.75 0.25
2404 0.6667 0.3333
2405 0.75 0.25
2406 0.4444 0.5556
2407 0.4444 0.5556
2408 0.2857 0.7143
2409 0.5 0.5
2410 0.5714 0.4286
2411 0.5714 0.4286
2412 0.4444 0.5556
2413 0.3333 0.6667
2414 0.0 1.0
2415 0.5 0.5
2416 1.0 0.0
2417 1.0 0.0
2418 0.8333 0.1667
2419 0.5714 0.4286
2420 0.5 0.5
2421 0.6667 0.3333
2422 0.5 0.5
2423 0.0 1.0
2424 0.6 0.4
2425 0.3333 0.6667
2426 0.6667 0.3333
2427 0.7143 0.2857
2428 0.4286 0.5714
2429 0.5 0.5
2430 0.7778 0.2222
2431 0.5833 0.4167
2432 0.5 0.5
2433 0.3333 0.6667
2434 0.5 0.5
2435 0.5 0.5
2436 0.6667 0.3333
2437 0.5 0.5
2438 0.6 0.4
2439 0.4444 0.5556
2440 0.375 0.625
2441 0.5455 0.4545
2442 0.3846 0.6154
2443 0.3333 0.6667
2444 0.4615 0.5385
2445 0.0 1.0
2446 0.6667 0.3333
2447 0.5 0.5
2448 0.3333 0.6667
2449 0.4 0.6
2450 0.0 1.0
2451 0.0 1.0
2452 0.4 0.6
2453 0.3333 0.6667
2454 0.4 0.6
2455 0.4286 0.5714
2456 0.5 0.5
2457 0.4286 0.5714
2458 0.5556 0.4444
2459 0.6154 0.3846
2460 0.3333 0.6667
2461 0.5 0.5
2462 0.6667 0.3333
2463 0.7 0.3
2464 0.375 0.625
2465 1.0 0.0
2466 0.5 0.5
2467 0.0 1.0
2468 0.5 0.5
2469 0.25 0.75
2470 0.0 1.0
2471 0.0 1.0
2472 0.0 1.0
2474 0.5 0.5
2475 0.0 1.0
2476 0.0 1.0
2477 0.5 0.5
2478 0.5 0.5
2479 0.8333 0.1667
2480 0.3333 0.6667
2481 0.4 0.6
2482 0.6 0.4
2483 0.25 0.75
2484 1.0 0.0
2485 0.0 1.0
2487 1.0 0.0
2488 0.0 1.0
2489 0.0 1.0
2490 1.0 0.0
2491 0.0 1.0
2493 0.0 1.0
2495 0.5 0.5
2496 0.0 1.0
2497 1.0 0.0
2498 0.0 1.0
2499 0.0 1.0
2500 0.0 1.0
2501 0.0 1.0
2502 0.6 0.4
2503 0.6667 0.3333
2504 0.0 1.0
2505 0.6667 0.3333
2506 0.0 1.0
2507 0.5 0.5
2508 0.6 0.4
2509 0.7143 0.2857
2510 0.0 1.0
2511 0.75 0.25
2512 0.6667 0.3333
2513 0.0 1.0
2514 0.5 0.5
2515 0.5 0.5
2516 0.4 0.6
2517 0.2 0.8
2518 0.5714 0.4286
2519 0.5556 0.4444
2520 0.4286 0.5714
2521 0.3333 0.6667
2522 0.1667 0.8333
2523 0.25 0.75
2524 1.0 0.0
2525 0.4286 0.5714
2526 0.2 0.8
2527 0.75 0.25
2528 0.4 0.6
2529 0.5 0.5
2530 0.0 1.0
2531 0.3333 0.6667
2532 0.1667 0.8333
2533 0.2 0.8
2534 0.0 1.0
2535 0.0 1.0
2536 1.0 0.0
2537 0.3333 0.6667
2538 0.5 0.5
2539 1.0 0.0
2540 0.5 0.5
2541 0.5 0.5
2542 0.5 0.5
2543 0.0 1.0
2544 0.0 1.0
2545 1.0 0.0
2546 0.0 1.0
2548 1.0 0.0
2549 0.0 1.0
2550 0.25 0.75
2551 0.5 0.5
2552 0.3333 0.6667
2553 0.0 1.0
2554 1.0 0.0
2555 0.3333 0.6667
2556 0.0 1.0
2561 1.0 0.0
2562 0.0 1.0
2563 0.0 1.0
2564 1.0 0.0
2565 0.25 0.75
2566 0.25 0.75
2567 0.6 0.4
2568 0.6667 0.3333
2569 0.3333 0.6667
2570 0.6 0.4
2571 0.0 1.0
2572 0.6667 0.3333
2573 0.1667 0.8333
2574 0.3333 0.6667
2575 0.3333 0.6667
2576 1.0 0.0
2577 0.4286 0.5714
2578 0.6667 0.3333
2579 1.0 0.0
2580 0.6 0.4
2581 1.0 0.0
2582 0.0 1.0
2583 0.8 0.2
2584 0.8333 0.1667
2585 0.3333 0.6667
2586 0.6 0.4
2587 0.5 0.5
2588 0.75 0.25
2589 1.0 0.0
2590 0.0 1.0
2592 0.3333 0.6667
2593 0.5 0.5
2594 0.25 0.75
2595 0.6667 0.3333
2596 0.0 1.0
2597 0.0 1.0
2599 1.0 0.0
2600 0.0 1.0
2601 0.0 1.0
2605 0.0 1.0
2608 0.5 0.5
2609 0.3333 0.6667
2610 0.5 0.5
2611 0.0 1.0
2612 1.0 0.0
2613 1.0 0.0
2614 0.5 0.5
2615 0.5 0.5
2616 0.6667 0.3333
2617 0.5 0.5
2618 0.6667 0.3333
2619 0.6667 0.3333
2620 0.0 1.0
2621 0.5 0.5
2623 0.0 1.0
2624 0.75 0.25
2625 0.75 0.25
2626 0.5 0.5
2627 0.3333 0.6667
2628 0.8 0.2
2629 0.0 1.0
2630 0.6667 0.3333
2631 0.25 0.75
2632 0.5 0.5
2633 1.0 0.0
2634 0.0 1.0
2636 0.0 1.0
2637 0.0 1.0
2638 0.5 0.5
2639 0.0 1.0
2640 0.0 1.0
2643 0.5 0.5
2644 1.0 0.0
2645 1.0 0.0
2646 0.25 0.75
2647 0.6667 0.3333
2649 1.0 0.0
2650 0.0 1.0
2651 0.0 1.0
2653 0.0 1.0
2654 0.0 1.0
2655 0.0 1.0
2656 1.0 0.0
2657 0.0 1.0
2662 0.6667 0.3333
2663 0.0 1.0
2664 0.0 1.0
2665 0.5 0.5
2666 0.3333 0.6667
2667 0.0 1.0
2668 0.0 1.0
2669 0.5 0.5
2671 0.0 1.0
2686 1.0 0.0
2687 1.0 0.0
2688 1.0 0.0
2689 0.5 0.5
2690 0.75 0.25
2691 0.6667 0.3333
2692 0.6667 0.3333
2693 0.5714 0.4286
2694 0.3333 0.6667
2695 0.0 1.0
2708 1.0 0.0
2709 0.3333 0.6667
2719 1.0 0.0
2743 1.0 0.0
2765 0.5 0.5
2766 0.0 1.0
2767 0.0 1.0
2782 1.0 0.0
2783 0.8333 0.1667
2784 0.1667 0.8333
2785 0.0 1.0
2786 1.0 0.0
2787 0.3333 0.6667
2788 0.0 1.0
2789 1.0 0.0
2790 0.6 0.4
2791 1.0 0.0
2792 0.0 1.0
2793 0.75 0.25
2794 0.0 1.0
2795 0.5 0.5
2796 0.3333 0.6667
2797 0.3333 0.6667
2798 0.0 1.0
2799 0.0 1.0
2800 0.0 1.0
2801 0.5 0.5
2802 0.0 1.0
2814 0.0 1.0
2841 0.0 1.0
2842 0.0 1.0
2843 0.5 0.5
2844 0.0 1.0
2856 0.0 1.0
2857 0.0 1.0
2874 1.0 0.0
2875 0.5 0.5
2876 0.6667 0.3333
2877 0.3333 0.6667
2878 0.0 1.0
2879 0.0 1.0
2901 1.0 0.0
2902 0.75 0.25
2903 0.0 1.0
2904 1.0 0.0
2905 0.5 0.5
2909 1.0 0.0
2910 0.5 0.5
2911 0.0 1.0
2912 0.75 0.25
2913 0.4 0.6
2914 0.0 1.0
2915 1.0 0.0
2916 1.0 0.0
2917 0.0 1.0
2919 1.0 0.0
2920 0.5 0.5
2921 0.5 0.5
2922 1.0 0.0
2923 1.0 0.0
2925 1.0 0.0
2927 0.0 1.0
2944 1.0 0.0
2945 0.5 0.5
2946 0.5 0.5
2947 1.0 0.0
2948 1.0 0.0
2949 0.0 1.0
2960 1.0 0.0
2961 1.0 0.0
2962 1.0 0.0
3060 0.0 1.0
3064 0.5 0.5
3065 1.0 0.0
3066 0.0 1.0
