-1185 1
-1184 0
-1183 0
-1182 0
-1181 0
-1180 0
-1179 0
-1178 0
-1177 0
-1176 0
-1175 0
-1174 0
-1173 0
-1172 0
-1171 0
-1170 0
-1169 0
-1168 0
-1167 0
-1166 0
-1165 0
-1164 0
-1163 0
-1162 0
-1161 0
-1160 0
-1159 0
-1158 0
-1157 0
-1156 0
-1155 0
-1154 0
-1153 0
-1152 0
-1151 0
-1150 0
-1149 0
-1148 0
-1147 0
-1146 0
-1145 0
-1144 0
-1143 0
-1142 0
-1141 0
-1140 0
-1139 0
-1138 0
-1137 0
-1136 0
-1135 0
-1134 0
-1133 0
-1132 0
-1131 0
-1130 0
-1129 0
-1128 1
-1127 0
-1126 0
-1125 0
-1124 0
-1123 0
-1122 0
-1121 0
-1120 0
-1119 0
-1118 0
-1117 0
-1116 0
-1115 0
-1114 0
-1113 0
-1112 0
-1111 0
-1110 0
-1109 0
-1108 0
-1107 0
-1106 0
-1105 0
-1104 0
-1103 0
-1102 0
-1101 0
-1100 0
-1099 0
-1098 0
-1097 0
-1096 0
-1095 0
-1094 0
-1093 0
-1092 0
-1091 0
-1090 0
-1089 0
-1088 0
-1087 0
-1086 0
-1085 0
-1084 0
-1083 0
-1082 0
-1081 0
-1080 0
-1079 0
-1078 1
-1077 0
-1076 0
-1075 0
-1074 0
-1073 0
-1072 0
-1071 0
-1070 0
-1069 0
-1068 0
-1067 0
-1066 0
-1065 0
-1064 0
-1063 0
-1062 0
-1061 0
-1060 1
-1059 0
-1058 0
-1057 0
-1056 0
-1055 0
-1054 0
-1053 1
-1052 0
-1051 0
-1050 0
-1049 0
-1048 1
-1047 0
-1046 0
-1045 0
-1044 0
-1043 1
-1042 0
-1041 1
-1040 0
-1039 0
-1038 0
-1037 0
-1036 0
-1035 1
-1034 0
-1033 0
-1032 0
-1031 0
-1030 0
-1029 0
-1028 0
-1027 0
-1026 0
-1025 0
-1024 1
-1023 0
-1022 0
-1021 0
-1020 0
-1019 1
-1018 0
-1017 0
-1016 1
-1015 1
-1014 0
-1013 0
-1012 0
-1011 0
-1010 0
-1009 0
-1008 0
-1007 0
-1006 0
-1005 0
-1004 0
-1003 0
-1002 0
-1001 0
-1000 0
-999 1
-998 0
-997 0
-996 0
-995 1
-994 2
-993 1
-992 0
-991 0
-990 0
-989 1
-988 0
-987 0
-986 0
-985 0
-984 0
-983 0
-982 0
-981 0
-980 0
-979 0
-978 1
-977 1
-976 1
-975 0
-974 0
-973 0
-972 0
-971 0
-970 0
-969 0
-968 0
-967 0
-966 0
-965 1
-964 0
-963 0
-962 0
-961 0
-960 0
-959 0
-958 0
-957 0
-956 0
-955 1
-954 0
-953 0
-952 0
-951 0
-950 1
-949 3
-948 0
-947 1
-946 0
-945 1
-944 0
-943 1
-942 0
-941 0
-940 0
-939 1
-938 0
-937 0
-936 0
-935 0
-934 0
-933 0
-932 0
-931 0
-930 0
-929 0
-928 1
-927 0
-926 1
-925 0
-924 1
-923 0
-922 1
-921 0
-920 0
-919 0
-918 0
-917 1
-916 0
-915 0
-914 0
-913 0
-912 1
-911 0
-910 0
-909 0
-908 0
-907 0
-906 0
-905 0
-904 0
-903 1
-902 0
-901 2
-900 0
-899 1
-898 0
-897 0
-896 0
-895 0
-894 1
-893 0
-892 2
-891 0
-890 1
-889 0
-888 0
-887 1
-886 0
-885 1
-884 1
-883 0
-882 1
-881 1
-880 2
-879 0
-878 1
-877 1
-876 0
-875 0
-874 1
-873 0
-872 1
-871 0
-870 1
-869 1
-868 0
-867 2
-866 1
-865 3
-864 1
-863 3
-862 2
-861 0
-860 0
-859 1
-858 1
-857 2
-856 0
-855 1
-854 1
-853 3
-852 0
-851 0
-850 1
-849 1
-848 0
-847 0
-846 0
-845 1
-844 0
-843 1
-842 0
-841 0
-840 1
-839 0
-838 3
-837 0
-836 0
-835 1
-834 1
-833 2
-832 3
-831 0
-830 1
-829 1
-828 1
-827 1
-826 0
-825 0
-824 1
-823 0
-822 2
-821 1
-820 0
-819 0
-818 2
-817 0
-816 1
-815 1
-814 0
-813 0
-812 0
-811 1
-810 0
-809 0
-808 1
-807 1
-806 0
-805 0
-804 0
-803 1
-802 0
-801 1
-800 0
-799 1
-798 3
-797 2
-796 0
-795 1
-794 1
-793 1
-792 2
-791 2
-790 4
-789 2
-788 0
-787 0
-786 6
-785 0
-784 3
-783 1
-782 1
-781 3
-780 0
-779 2
-778 2
-777 0
-776 3
-775 2
-774 1
-773 2
-772 5
-771 3
-770 0
-769 1
-768 4
-767 3
-766 0
-765 3
-764 1
-763 2
-762 1
-761 2
-760 2
-759 7
-758 2
-757 3
-756 4
-755 2
-754 2
-753 3
-752 2
-751 4
-750 2
-749 3
-748 1
-747 1
-746 1
-745 1
-744 4
-743 1
-742 1
-741 4
-740 3
-739 1
-738 2
-737 5
-736 1
-735 1
-734 1
-733 0
-732 4
-731 4
-730 2
-729 2
-728 2
-727 1
-726 5
-725 3
-724 2
-723 4
-722 4
-721 4
-720 2
-719 2
-718 2
-717 3
-716 6
-715 5
-714 4
-713 6
-712 3
-711 4
-710 3
-709 4
-708 4
-707 2
-706 2
-705 3
-704 6
-703 6
-702 4
-701 2
-700 5
-699 5
-698 2
-697 3
-696 6
-695 5
-694 5
-693 3
-692 7
-691 4
-690 6
-689 3
-688 7
-687 10
-686 6
-685 5
-684 6
-683 5
-682 3
-681 5
-680 4
-679 4
-678 3
-677 3
-676 4
-675 6
-674 5
-673 9
-672 9
-671 8
-670 9
-669 7
-668 3
-667 11
-666 8
-665 4
-664 13
-663 7
-662 5
-661 7
-660 6
-659 14
-658 7
-657 8
-656 7
-655 9
-654 10
-653 6
-652 9
-651 6
-650 6
-649 7
-648 14
-647 10
-646 11
-645 10
-644 7
-643 10
-642 11
-641 16
-640 8
-639 5
-638 16
-637 9
-636 10
-635 11
-634 9
-633 16
-632 8
-631 10
-630 12
-629 13
-628 14
-627 4
-626 2
-625 7
-624 5
-623 13
-622 10
-621 14
-620 10
-619 8
-618 11
-617 6
-616 15
-615 15
-614 13
-613 18
-612 8
-611 8
-610 9
-609 11
-608 10
-607 14
-606 10
-605 13
-604 21
-603 18
-602 18
-601 17
-600 11
-599 18
-598 15
-597 14
-596 11
-595 15
-594 16
-593 19
-592 15
-591 19
-590 11
-589 21
-588 15
-587 14
-586 12
-585 15
-584 17
-583 21
-582 21
-581 19
-580 22
-579 16
-578 21
-577 11
-576 14
-575 15
-574 24
-573 12
-572 13
-571 16
-570 22
-569 20
-568 22
-567 26
-566 29
-565 12
-564 17
-563 16
-562 22
-561 21
-560 25
-559 18
-558 28
-557 15
-556 28
-555 13
-554 17
-553 20
-552 27
-551 24
-550 23
-549 32
-548 31
-547 29
-546 30
-545 24
-544 24
-543 23
-542 20
-541 25
-540 28
-539 23
-538 30
-537 23
-536 25
-535 33
-534 36
-533 24
-532 28
-531 23
-530 25
-529 22
-528 30
-527 38
-526 26
-525 35
-524 23
-523 25
-522 31
-521 29
-520 20
-519 35
-518 19
-517 40
-516 29
-515 40
-514 45
-513 30
-512 35
-511 37
-510 23
-509 41
-508 44
-507 39
-506 27
-505 45
-504 48
-503 33
-502 37
-501 62
-500 38
-499 46
-498 33
-497 35
-496 47
-495 40
-494 42
-493 48
-492 48
-491 48
-490 56
-489 52
-488 41
-487 45
-486 52
-485 31
-484 49
-483 50
-482 49
-481 44
-480 55
-479 53
-478 55
-477 43
-476 53
-475 52
-474 50
-473 50
-472 64
-471 51
-470 49
-469 51
-468 45
-467 52
-466 60
-465 52
-464 55
-463 62
-462 69
-461 62
-460 76
-459 57
-458 65
-457 84
-456 69
-455 80
-454 73
-453 62
-452 57
-451 76
-450 78
-449 70
-448 62
-447 75
-446 64
-445 52
-444 70
-443 79
-442 69
-441 70
-440 88
-439 96
-438 81
-437 81
-436 63
-435 77
-434 82
-433 79
-432 77
-431 82
-430 89
-429 77
-428 90
-427 94
-426 85
-425 82
-424 109
-423 112
-422 95
-421 90
-420 105
-419 97
-418 101
-417 104
-416 94
-415 108
-414 107
-413 109
-412 98
-411 110
-410 125
-409 113
-408 105
-407 115
-406 104
-405 114
-404 118
-403 139
-402 107
-401 114
-400 105
-399 138
-398 121
-397 122
-396 112
-395 121
-394 139
-393 141
-392 167
-391 132
-390 148
-389 128
-388 143
-387 167
-386 128
-385 149
-384 140
-383 169
-382 140
-381 184
-380 142
-379 170
-378 161
-377 167
-376 138
-375 157
-374 174
-373 184
-372 169
-371 164
-370 208
-369 186
-368 184
-367 182
-366 169
-365 186
-364 167
-363 202
-362 167
-361 187
-360 186
-359 194
-358 199
-357 210
-356 203
-355 193
-354 210
-353 234
-352 196
-351 217
-350 185
-349 235
-348 183
-347 235
-346 223
-345 222
-344 240
-343 223
-342 250
-341 232
-340 240
-339 237
-338 254
-337 248
-336 258
-335 254
-334 275
-333 281
-332 274
-331 302
-330 283
-329 310
-328 322
-327 305
-326 300
-325 298
-324 339
-323 322
-322 315
-321 347
-320 296
-319 336
-318 336
-317 345
-316 318
-315 349
-314 372
-313 348
-312 375
-311 375
-310 340
-309 357
-308 354
-307 347
-306 387
-305 403
-304 383
-303 410
-302 390
-301 381
-300 407
-299 396
-298 464
-297 442
-296 451
-295 481
-294 428
-293 452
-292 480
-291 479
-290 428
-289 462
-288 502
-287 496
-286 513
-285 513
-284 534
-283 480
-282 531
-281 535
-280 538
-279 542
-278 554
-277 548
-276 565
-275 549
-274 561
-273 586
-272 592
-271 579
-270 638
-269 647
-268 659
-267 646
-266 641
-265 641
-264 677
-263 680
-262 681
-261 731
-260 681
-259 737
-258 675
-257 702
-256 750
-255 762
-254 757
-253 759
-252 758
-251 752
-250 806
-249 790
-248 818
-247 889
-246 867
-245 852
-244 861
-243 843
-242 915
-241 940
-240 925
-239 927
-238 918
-237 945
-236 971
-235 933
-234 1027
-233 1013
-232 1043
-231 1085
-230 1120
-229 1102
-228 1095
-227 1148
-226 1120
-225 1132
-224 1122
-223 1121
-222 1171
-221 1205
-220 1304
-219 1261
-218 1260
-217 1272
-216 1297
-215 1291
-214 1360
-213 1370
-212 1369
-211 1403
-210 1376
-209 1475
-208 1485
-207 1471
-206 1511
-205 1601
-204 1574
-203 1552
-202 1644
-201 1629
-200 1660
-199 1703
-198 1694
-197 1708
-196 1864
-195 1757
-194 1772
-193 1805
-192 1831
-191 1851
-190 1934
-189 1982
-188 1912
-187 2044
-186 2019
-185 2055
-184 2057
-183 2131
-182 2120
-181 2183
-180 2280
-179 2299
-178 2253
-177 2321
-176 2298
-175 2417
-174 2461
-173 2546
-172 2579
-171 2541
-170 2636
-169 2695
-168 2795
-167 2746
-166 2794
-165 2777
-164 2836
-163 2842
-162 2931
-161 3158
-160 3168
-159 3121
-158 3174
-157 3247
-156 3326
-155 3389
-154 3444
-153 3493
-152 3500
-151 3665
-150 3634
-149 3873
-148 3871
-147 3860
-146 3974
-145 4022
-144 4092
-143 4204
-142 4181
-141 4265
-140 4357
-139 4450
-138 4533
-137 4643
-136 4705
-135 4939
-134 4839
-133 4977
-132 5097
-131 5259
-130 5148
-129 5421
-128 5498
-127 5525
-126 5700
-125 5912
-124 5765
-123 5953
-122 6113
-121 6310
-120 6376
-119 6504
-118 6434
-117 6731
-116 6881
-115 7090
-114 7215
-113 7252
-112 7450
-111 7744
-110 7721
-109 7917
-108 8198
-107 8422
-106 8534
-105 8644
-104 8855
-103 8915
-102 9252
-101 9547
-100 9487
-99 10010
-98 9887
-97 10444
-96 10686
-95 10695
-94 11054
-93 11282
-92 11475
-91 11680
-90 12229
-89 12207
-88 12686
-87 12805
-86 13370
-85 13547
-84 13993
-83 14091
-82 14761
-81 14958
-80 15268
-79 15891
-78 16315
-77 16567
-76 17079
-75 17704
-74 18162
-73 18328
-72 18885
-71 19726
-70 20120
-69 20547
-68 21017
-67 21901
-66 22786
-65 23248
-64 23976
-63 24998
-62 25559
-61 26083
-60 26927
-59 27993
-58 28964
-57 29723
-56 31010
-55 31921
-54 32835
-53 34045
-52 35327
-51 36530
-50 37701
-49 39364
-48 40785
-47 41967
-46 44398
-45 45729
-44 47358
-43 49579
-42 51352
-41 53919
-40 56324
-39 58836
-38 61174
-37 63919
-36 67111
-35 70298
-34 74110
-33 77899
-32 81520
-31 86483
-30 91618
-29 95743
-28 101749
-27 107908
-26 115501
-25 122845
-24 130713
-23 140319
-22 149838
-21 162626
-20 174984
-19 190090
-18 207064
-17 226396
-16 248959
-15 274488
-14 305777
-13 342945
-12 387766
-11 442956
-10 512443
-9 601842
-8 719602
-7 881610
-6 1114827
-5 1466046
-4 2073934
-3 3351974
-2 6735258
-1 33157338
0 0
1 33157919
2 6733948
3 3353335
4 2072247
5 1468172
6 1114472
7 881725
8 717873
9 602592
10 511450
11 443391
12 387567
13 342279
14 306874
15 275590
16 249568
17 226279
18 206255
19 190018
20 174899
21 161810
22 150689
23 139497
24 130964
25 122448
26 115270
27 107887
28 102789
29 96052
30 91062
31 86421
32 81931
33 78205
34 73675
35 70194
36 67261
37 64487
38 61027
39 58789
40 56211
41 53651
42 51534
43 49488
44 47213
45 45399
46 44209
47 42569
48 40656
49 38959
50 37723
51 36648
52 35329
53 34234
54 32850
55 31847
56 30622
57 30030
58 28981
59 27857
60 27075
61 26400
62 25171
63 24726
64 23990
65 23282
66 22453
67 21832
68 21440
69 20728
70 20173
71 19647
72 19167
73 18436
74 17840
75 17692
76 17086
77 16638
78 16398
79 15834
80 15457
81 15200
82 14571
83 14425
84 14090
85 13565
86 13229
87 12968
88 12713
89 12506
90 12113
91 11848
92 11470
93 11171
94 11091
95 10725
96 10662
97 10392
98 9873
99 9858
100 9676
101 9546
102 9220
103 8983
104 8913
105 8653
106 8394
107 8355
108 8140
109 7909
110 7834
111 7655
112 7281
113 7371
114 7180
115 6982
116 6805
117 6705
118 6624
119 6327
120 6415
121 6272
122 6006
123 5937
124 5891
125 5810
126 5723
127 5651
128 5496
129 5290
130 5222
131 5228
132 5114
133 4987
134 4957
135 4719
136 4676
137 4662
138 4427
139 4533
140 4497
141 4233
142 4142
143 4193
144 4141
145 4010
146 3963
147 3808
148 3879
149 3742
150 3683
151 3627
152 3620
153 3450
154 3365
155 3319
156 3323
157 3190
158 3195
159 3149
160 3118
161 3056
162 3138
163 2923
164 2920
165 2809
166 2743
167 2737
168 2649
169 2693
170 2640
171 2614
172 2555
173 2441
174 2476
175 2368
176 2419
177 2356
178 2218
179 2328
180 2221
181 2208
182 2106
183 2143
184 2041
185 2059
186 2087
187 1973
188 2019
189 1970
190 1872
191 1831
192 1910
193 1785
194 1905
195 1811
196 1742
197 1744
198 1734
199 1738
200 1607
201 1602
202 1533
203 1514
204 1518
205 1542
206 1530
207 1450
208 1507
209 1464
210 1433
211 1363
212 1319
213 1339
214 1345
215 1320
216 1334
217 1315
218 1273
219 1261
220 1175
221 1233
222 1143
223 1177
224 1140
225 1167
226 1097
227 1099
228 1094
229 1059
230 1016
231 1008
232 1033
233 1011
234 968
235 973
236 980
237 972
238 870
239 937
240 927
241 958
242 909
243 895
244 886
245 863
246 837
247 840
248 835
249 838
250 780
251 761
252 783
253 793
254 765
255 729
256 754
257 705
258 707
259 768
260 758
261 703
262 663
263 617
264 678
265 626
266 654
267 654
268 657
269 652
270 604
271 619
272 579
273 567
274 557
275 559
276 581
277 535
278 532
279 559
280 550
281 566
282 553
283 544
284 476
285 519
286 504
287 497
288 455
289 490
290 473
291 465
292 433
293 453
294 437
295 445
296 417
297 428
298 433
299 414
300 429
301 380
302 394
303 385
304 379
305 413
306 383
307 419
308 391
309 376
310 380
311 310
312 338
313 359
314 385
315 353
316 326
317 319
318 309
319 328
320 315
321 360
322 312
323 323
324 311
325 334
326 361
327 312
328 299
329 271
330 264
331 300
332 285
333 278
334 274
335 290
336 254
337 234
338 293
339 247
340 246
341 261
342 232
343 239
344 235
345 237
346 248
347 229
348 205
349 214
350 224
351 241
352 208
353 221
354 198
355 188
356 219
357 210
358 210
359 207
360 181
361 183
362 197
363 165
364 197
365 227
366 166
367 179
368 200
369 187
370 170
371 207
372 169
373 187
374 168
375 178
376 160
377 150
378 138
379 158
380 155
381 163
382 154
383 156
384 156
385 129
386 163
387 135
388 137
389 143
390 117
391 128
392 133
393 154
394 122
395 124
396 120
397 109
398 114
399 134
400 108
401 118
402 131
403 116
404 128
405 111
406 106
407 102
408 119
409 116
410 120
411 121
412 108
413 103
414 96
415 108
416 103
417 108
418 117
419 92
420 94
421 93
422 91
423 95
424 87
425 99
426 107
427 83
428 79
429 84
430 83
431 96
432 95
433 95
434 84
435 97
436 91
437 87
438 81
439 73
440 84
441 81
442 77
443 72
444 61
445 83
446 81
447 67
448 60
449 73
450 68
451 68
452 67
453 57
454 63
455 70
456 72
457 76
458 70
459 63
460 59
461 62
462 63
463 46
464 58
465 58
466 47
467 60
468 62
469 54
470 54
471 53
472 47
473 55
474 58
475 53
476 45
477 56
478 43
479 57
480 36
481 44
482 38
483 44
484 50
485 48
486 51
487 41
488 30
489 40
490 40
491 28
492 42
493 44
494 38
495 52
496 44
497 38
498 35
499 39
500 38
501 41
502 35
503 41
504 50
505 29
506 36
507 37
508 38
509 32
510 31
511 33
512 34
513 38
514 39
515 30
516 32
517 29
518 38
519 45
520 30
521 32
522 33
523 25
524 22
525 31
526 33
527 26
528 25
529 29
530 26
531 27
532 28
533 28
534 30
535 25
536 25
537 31
538 28
539 26
540 19
541 21
542 25
543 34
544 20
545 31
546 19
547 30
548 24
549 28
550 19
551 30
552 21
553 25
554 32
555 27
556 17
557 25
558 29
559 22
560 26
561 19
562 26
563 26
564 15
565 23
566 22
567 12
568 18
569 15
570 17
571 19
572 16
573 20
574 16
575 11
576 17
577 21
578 29
579 18
580 13
581 12
582 14
583 27
584 16
585 15
586 20
587 12
588 11
589 13
590 14
591 21
592 14
593 12
594 15
595 16
596 11
597 8
598 14
599 7
600 15
601 13
602 16
603 14
604 14
605 10
606 8
607 18
608 15
609 9
610 13
611 14
612 9
613 9
614 11
615 11
616 12
617 15
618 14
619 9
620 11
621 7
622 7
623 11
624 12
625 8
626 9
627 15
628 9
629 6
630 11
631 13
632 7
633 4
634 10
635 18
636 7
637 9
638 10
639 11
640 4
641 6
642 11
643 8
644 5
645 5
646 3
647 10
648 11
649 5
650 10
651 4
652 7
653 11
654 8
655 7
656 8
657 5
658 9
659 6
660 12
661 5
662 2
663 4
664 9
665 8
666 7
667 4
668 11
669 7
670 3
671 7
672 6
673 6
674 5
675 1
676 6
677 10
678 8
679 5
680 6
681 11
682 4
683 7
684 4
685 7
686 9
687 4
688 6
689 3
690 4
691 6
692 5
693 2
694 7
695 1
696 2
697 6
698 4
699 4
700 2
701 5
702 6
703 4
704 2
705 2
706 7
707 1
708 5
709 4
710 1
711 8
712 5
713 3
714 4
715 5
716 4
717 1
718 6
719 1
720 4
721 3
722 3
723 4
724 1
725 3
726 1
727 1
728 4
729 2
730 2
731 3
732 2
733 4
734 8
735 2
736 2
737 7
738 3
739 3
740 2
741 4
742 2
743 2
744 6
745 8
746 1
747 5
748 2
749 3
750 1
751 5
752 1
753 3
754 1
755 4
756 3
757 2
758 1
759 4
760 4
761 1
762 1
763 3
764 1
765 4
766 1
767 1
768 2
769 2
770 1
771 2
772 3
773 5
774 1
775 3
776 1
777 1
778 4
779 2
780 0
781 0
782 2
783 1
784 4
785 3
786 3
787 3
788 2
789 0
790 1
791 1
792 0
793 0
794 1
795 2
796 0
797 1
798 2
799 2
800 2
801 1
802 2
803 1
804 2
805 1
806 1
807 1
808 2
809 0
810 1
811 1
812 0
813 0
814 0
815 0
816 4
817 0
818 1
819 1
820 0
821 3
822 0
823 2
824 1
825 0
826 4
827 4
828 5
829 0
830 0
831 1
832 1
833 1
834 1
835 2
836 1
837 2
838 0
839 0
840 1
841 0
842 1
843 0
844 1
845 0
846 1
847 1
848 0
849 1
850 0
851 2
852 0
853 1
854 2
855 1
856 0
857 1
858 0
859 0
860 2
861 0
862 2
863 1
864 1
865 1
866 1
867 2
868 2
869 2
870 0
871 0
872 4
873 0
874 0
875 0
876 0
877 0
878 0
879 1
880 0
881 2
882 2
883 1
884 0
885 1
886 1
887 1
888 0
889 2
890 0
891 2
892 1
893 0
894 1
895 0
896 0
897 0
898 0
899 0
900 0
901 3
902 0
903 0
904 1
905 1
906 1
907 1
908 0
909 0
910 0
911 1
912 0
913 0
914 1
915 0
916 0
917 1
918 0
919 0
920 0
921 0
922 1
923 0
924 2
925 0
926 1
927 1
928 1
929 0
930 0
931 0
932 0
933 0
934 0
935 1
936 0
937 0
938 1
939 0
940 0
941 0
942 0
943 0
944 0
945 2
946 1
947 1
948 0
949 1
950 0
951 0
952 1
953 0
954 0
955 1
956 0
957 0
958 1
959 0
960 0
961 0
962 0
963 1
964 1
965 0
966 1
967 0
968 1
969 1
970 0
971 3
972 0
973 0
974 0
975 0
976 0
977 0
978 0
979 0
980 0
981 0
982 0
983 0
984 0
985 1
986 0
987 0
988 0
989 0
990 0
991 0
992 0
993 1
994 0
995 0
996 0
997 0
998 0
999 0
1000 0
1001 0
1002 0
1003 0
1004 0
1005 0
1006 0
1007 0
1008 0
1009 0
1010 0
1011 0
1012 0
1013 1
1014 0
1015 0
1016 0
1017 0
1018 0
1019 1
1020 0
1021 0
1022 0
1023 0
1024 0
1025 0
1026 0
1027 0
1028 0
1029 0
1030 0
1031 0
1032 0
1033 0
1034 0
1035 0
1036 0
1037 0
1038 0
1039 0
1040 0
1041 0
1042 0
1043 0
1044 0
1045 2
1046 0
1047 0
1048 0
1049 0
1050 0
1051 1
1052 0
1053 0
1054 0
1055 0
1056 0
1057 0
1058 0
1059 0
1060 0
1061 0
1062 0
1063 0
1064 1
1065 0
1066 0
1067 0
1068 0
1069 0
1070 0
1071 0
1072 0
1073 0
1074 0
1075 0
1076 1
1077 0
1078 0
1079 0
1080 0
1081 0
1082 0
1083 0
1084 1
1085 0
1086 0
1087 0
1088 0
1089 0
1090 0
1091 0
1092 0
1093 1
1094 0
1095 1
1096 0
1097 0
1098 0
1099 0
1100 0
1101 0
1102 0
1103 0
1104 0
1105 0
1106 0
1107 0
1108 0
1109 1
1110 0
1111 0
1112 0
1113 0
1114 0
1115 0
1116 0
1117 0
1118 0
1119 0
1120 0
1121 0
1122 0
1123 0
1124 0
1125 0
1126 0
1127 0
1128 0
1129 0
1130 0
1131 0
1132 0
1133 0
1134 0
1135 0
1136 0
1137 1
