0 0 0
1 2.2085929229998467 0.0
2 2.3898344718969975 0.0
3 2.6977614684735007 -0.6675774564621778
4 3.015005898309294 -0.8503278343173645
5 3.3157401681211205 -1.0133309156844967
6 3.59687242920718 -1.1307876208309438
7 3.868153196927542 -1.2680979678484186
8 4.120189069121647 -1.3714087035885123
9 4.369576968629476 -1.491364940625323
10 4.619011614812909 -1.5855164887894806
11 4.847047586026385 -1.68567437468029
12 5.07621272688951 -1.7638070241392274
13 5.294709950028844 -1.8587245952759965
14 5.513214225452148 -1.9322454555804334
15 5.739656663974317 -2.012628966467234
16 5.945839456477755 -2.0941406605028545
17 6.145246762415337 -2.164958386772839
18 6.3129731224932 -2.236066213910601
19 6.534807534807535 -2.3144151742536407
20 6.686817969460769 -2.3738480656039385
21 6.903678167932721 -2.446094271729
22 7.085753433287136 -2.509929033315266
23 7.270132048923044 -2.5727026079732065
24 7.453587296638197 -2.635555152713982
25 7.640173286191543 -2.702483620713287
26 7.797541768649569 -2.7573774993275353
27 8.034160754345328 -2.825654213807169
28 8.13771473288037 -2.877006089070355
29 8.2674849965815 -2.9413431215739396
30 8.42791815373056 -2.9867464939405055
31 8.65159941125149 -3.034041001361263
32 8.787746155829703 -3.09765681523665
33 8.966142844223693 -3.1443276635133626
34 9.105289708337773 -3.2091537820665104
35 9.279293856434888 -3.257159085854283
36 9.410015093669537 -3.318718527824274
37 9.59009390452284 -3.358510055006279
38 9.680012663897083 -3.420767327088819
39 9.832894809183088 -3.4613061615463643
40 9.99091360715373 -3.4946430837918756
41 10.118255770267401 -3.5547550432276656
42 10.27826772961302 -3.6091095303426832
43 10.425303403671963 -3.658734860581997
44 10.59964781437746 -3.7037368003223374
45 10.760210009522062 -3.7515181940373434
46 10.889977716326147 -3.7921885571893
47 10.953213465260568 -3.8574343865154845
48 11.07072896375758 -3.8792626884400807
49 11.197656264520566 -3.9323864147452015
50 11.445084241729726 -3.9738372093023258
51 11.523615048287128 -4.008421173235564
52 11.674708932589766 -4.048245123853888
53 11.760250249163699 -4.1045297117456165
54 11.89375805931657 -4.1544372990353695
55 11.978692907462564 -4.222761065889494
56 12.120508619534865 -4.247151877825705
57 12.254677928540069 -4.269489432438851
58 12.325705980947532 -4.303025912941018
59 12.564470379352157 -4.3802527052925715
60 12.676032572013325 -4.378718103953076
61 12.687517338570968 -4.434737394695397
62 12.900785249409102 -4.4660186806181
63 13.035556311670636 -4.534902755184515
64 13.116276127043287 -4.525214477839458
65 13.206757150346595 -4.65624424169356
66 13.28966103495909 -4.647053500133085
67 13.482979661380453 -4.679077376961245
68 13.507896200633631 -4.709835060828438
69 13.733845083657753 -4.7810643734373715
70 13.73610855056967 -4.862170527988797
71 13.913883653725343 -4.845311817601541
72 14.022974223732424 -4.889524176502921
73 14.051338999152694 -4.9350600321468
74 14.274268906906828 -4.942909760589319
75 14.320669172339475 -5.025999847059723
76 14.537116679132385 -5.045833924433726
77 14.466133319015276 -5.042454805403013
78 14.72573445869177 -5.1367294666051615
79 14.61540154620739 -5.162870701328486
80 14.795817228050801 -5.213756873828761
81 15.079319167871843 -5.214487522558964
82 15.015108860186455 -5.242959045243409
83 15.109926439018805 -5.284983118235461
84 15.258295745108743 -5.364196901103106
85 15.32774011873485 -5.348218539550096
86 15.462652371860772 -5.408961699096707
87 15.535591154966415 -5.422574133234032
88 15.585789939541234 -5.488841580765073
89 15.770615695755971 -5.484891460681673
90 15.839096379052982 -5.515142301143274
91 15.839871491376394 -5.614727014906133
92 16.037890241431445 -5.6238212480539875
93 15.967816419161487 -5.6472939389755625
94 16.068967176049902 -5.661895270882407
95 16.226583679558544 -5.734351876647263
96 16.37104687879524 -5.799318810757113
97 16.42116616551183 -5.8219430497725275
98 16.516306768504926 -5.8281712412232345
99 16.6158940397351 -5.90411089236444
100 16.813251088290166 -5.924063927611381
101 16.76866859499889 -5.9172741632861925
102 16.890092134213422 -5.975652199890957
103 16.96487333057965 -5.99550966773043
104 16.991488692369533 -5.981985046757233
105 16.961154175926087 -6.058993708766398
106 17.303235834393103 -6.071174019588896
107 17.279412027681907 -6.113586956521739
108 17.421738814642648 -6.180859659995764
109 17.471510467224675 -6.2168440514850545
110 17.488270311369916 -6.255831176587696
111 17.75536904008635 -6.27505738026119
112 17.793781272337384 -6.281423525513049
113 17.686698341752898 -6.336120116021156
114 17.909063294984243 -6.418574354772634
115 18.188041544729444 -6.340355013974656
116 17.873221822729406 -6.435135135135135
117 18.19345722864376 -6.400836911310882
118 18.09360730593607 -6.522998483988719
119 18.427343438372557 -6.553103413030332
120 18.378947155212575 -6.538742778304734
121 18.43430216174872 -6.599395497498611
122 18.589412095866173 -6.567340689509529
123 18.665408805031447 -6.637002507327754
124 18.669150984410905 -6.6900708338511246
125 18.606557035803498 -6.739242623767662
126 18.727352922643927 -6.742747325604315
127 18.88387506617258 -6.782027973286771
128 18.527645022196733 -6.845868591112767
129 18.950972981145117 -6.808967929922634
130 19.08686616791355 -6.781713663541743
131 18.961225602442482 -6.912000223467849
132 18.987963165972374 -6.922433467159744
133 19.270825021057764 -6.868050904219692
134 19.273936230057828 -6.95645043559044
135 19.319397955233736 -6.982344835505541
136 19.55835890955046 -7.026917770552538
137 19.643572964810325 -7.058742466737187
138 19.701276556523343 -7.033516279614836
139 19.50329245875701 -7.212703160048798
140 19.81648642942598 -7.1418972254015864
141 19.883448454701902 -7.229951488291309
142 19.893549691879418 -7.194519226905613
143 19.90312894692944 -7.212463791438687
144 19.859545388455388 -7.247866283730985
145 20.063867273528118 -7.313225318731612
146 20.1848545217541 -7.351433594111418
147 20.202000542018773 -7.412295603055663
148 20.331872728178062 -7.356114391182609
149 20.463923223796602 -7.368986699316652
150 20.45128101163174 -7.396653126851147
151 20.594816623429473 -7.507213460861776
152 20.744576214748598 -7.508406519078396
153 20.530936108522315 -7.557214308188041
154 20.72973322973323 -7.575603862105
155 20.40211929495691 -7.5357735641659795
156 20.68735480464625 -7.658704011811761
157 20.729353393085788 -7.639559781221918
158 20.876911459316595 -7.678060608769499
159 21.079592606563562 -7.734552368170888
160 20.812261882244858 -7.840146876033435
161 21.029971927120602 -7.698862922118736
162 21.32861042861043 -7.891599408889394
163 20.984375435176158 -7.696350549602171
164 21.332389989456743 -7.857634889051791
165 21.281844946025515 -7.7908270201280985
166 21.40011820330969 -7.948138563782861
167 21.409792047531994 -8.016364001559602
168 21.633053864706557 -7.978956028233498
169 21.336330986927166 -7.962791817087846
170 21.17099342332987 -7.97122129047006
171 21.66311256920238 -8.062942384345936
172 21.486955752734133 -7.946315648933717
173 21.72537127980593 -8.076215376267173
174 21.91310631379279 -8.051033679751272
175 21.75629270046746 -8.173861657128638
176 21.88132858404116 -8.216181002731076
177 22.12917258254539 -8.215872936027868
178 21.880797759379522 -8.24610225259428
179 22.47961201037934 -8.310813891633103
180 21.91839269633264 -8.204999359056531
181 22.093915097271427 -8.21258184619335
182 22.08628283532431 -8.281431646238513
183 22.336141081456244 -8.270029867097936
184 22.131245814865597 -8.409922391038856
185 22.291495001756573 -8.427437106918239
186 22.64245555880537 -8.379527958266067
187 22.55661918452692 -8.422873477238726
188 22.66671062609212 -8.461970116963018
189 22.78352609678582 -8.616282221559645
190 22.570334675556143 -8.520174082811357
191 22.428975664968874 -8.544306401184794
192 22.839707950967913 -8.65394461572341
193 22.582791058363398 -8.62010815920813
194 22.84194766749464 -8.615425346617432
195 22.908688946015424 -8.646611814994342
196 22.950647193188896 -8.716952834816736
197 22.931114922813038 -8.612406842217332
198 23.295739524428367 -8.735714489081229
199 23.184446340943033 -8.821342049054602
200 23.20454224357163 -8.817971416999363
201 22.745217330144886 -8.734586400535367
202 22.93860680562979 -8.84885862099202
203 23.04096860986547 -8.753439431036494
204 23.188938085214488 -8.904103975177097
205 23.228940416788962 -8.858821429633815
206 23.579710144927535 -8.947770548558466
207 22.946936966877146 -8.976577040052051
208 23.315230752039334 -9.060537193233989
209 23.672696310312205 -9.103494089978925
210 23.793899977573446 -9.103888735547581
211 23.355213520446657 -9.219456978731923
212 23.345396729254997 -9.177622678637315
213 23.48210850327049 -9.200869444143628
214 23.863873133464523 -9.273003526892555
215 23.659182722187694 -9.060540234227428
216 23.55035248710173 -9.303243131584383
217 24.193535640904063 -9.334022568442649
218 23.803048949938464 -9.302958030540704
219 23.7524557956778 -9.159916573701315
220 24.29293171726869 -9.341807403547058
221 23.892864395077773 -9.186054068105017
222 24.17306214872023 -9.353333223894808
223 23.830678197542102 -9.349824134643832
224 24.076413047926984 -9.361516760703617
225 23.907115448782115 -9.3506499983376
226 24.100346165074864 -9.521830535840426
227 24.5218441547624 -9.575445316339847
228 23.970272327469555 -9.658454015422231
229 24.605570492354225 -9.422761041439477
230 24.004275514130573 -9.683888441297976
231 24.28558469048339 -9.44948900051966
232 24.365212934090813 -9.473976272483736
233 24.869983736978593 -9.480397135302667
234 24.808412032179085 -9.836749054446301
235 23.764933579660422 -9.840855485999043
236 24.79798468714248 -9.757446128723064
237 24.533558102944482 -9.75319415822955
238 24.30229329033414 -9.97339282462211
239 24.68025078369906 -9.999565422083801
240 24.564125681828425 -9.869291281229515
241 24.885051194539248 -9.789999817913655
242 24.792329066642374 -9.689385989137438
243 24.53288790573789 -9.958775094828384
244 24.725978978699654 -9.942764239658581
245 24.47329342428883 -9.885360663082437
246 24.82340495556914 -10.013182533143585
247 24.639640483100834 -9.931594006475416
248 25.22127255460589 -10.077763979829909
249 25.298188199582622 -9.877937745404882
250 25.203506907545165 -10.123193524369523
251 24.685770372498325 -10.105514663378164
252 25.361540324533784 -10.048681346202008
253 24.826781688069797 -10.24640094016257
254 24.831416508953268 -10.219614566091275
255 25.01111328698717 -10.133407939686654
256 25.457308320546453 -10.253715498938428
257 25.50563478607759 -10.238673027058056
258 25.581296758104738 -10.350172123929228
259 25.10115081768625 -10.415420944147606
260 25.55370456064579 -10.280625088104395
261 25.64306784660767 -10.272795596270642
262 25.477579742154195 -10.37188479947186
263 25.503155149934813 -10.340587685598589
264 25.445623758234863 -10.590802156850499
265 25.538701821262176 -10.539670878636498
266 25.707041206457095 -10.409651676685588
267 25.588160810383034 -10.502505924046385
268 25.613180208221532 -10.55408117987618
269 25.833190852746313 -10.382044505072896
270 25.660923242082664 -10.607181672882259
271 25.553149820476552 -10.505543380172748
272 25.645659798334066 -10.459275920238765
273 25.1748101683724 -10.73127310106511
274 25.51741893076249 -10.833487186249945
275 26.06614269109426 -10.488218536757724
276 25.918554536412863 -10.803235515425131
277 25.179876706296785 -10.624300807955251
278 25.459302325581394 -10.76005971213404
279 25.531896987039218 -10.69034864514977
280 25.463440678918676 -10.870615270236781
281 26.52438393934172 -10.850726848528357
282 26.147481808285107 -10.765238149369104
283 25.953665755919854 -10.629807692307692
284 26.499362909764855 -10.918720930232558
285 26.628066732090286 -11.030606848023547
286 26.008334304697517 -10.974726981845162
287 25.86419825072886 -10.79526861671134
288 25.983181417230227 -11.015240518038853
289 26.404409562039422 -11.012495935337018
290 26.36379486562857 -10.875982147008228
291 26.246928378783338 -11.00608712193266
292 26.132867132867133 -10.907650011953145
293 26.06217901687454 -11.13396659807628
294 26.20514705882353 -11.054210895374423
295 25.562527233115468 -11.184800117147459
296 26.555388753362106 -11.297273548292612
297 26.6794614902943 -11.178883459203316
298 26.23629291183008 -11.187425358280255
299 26.383817028637324 -11.089028399120098
300 26.685105286882607 -11.018697452628937
301 26.978794072560042 -11.351635953365927
302 26.79695724740018 -11.269730674706732
303 26.388415783657283 -11.384842996709436
304 26.738523999738067 -11.134269203232074
305 26.373806895656127 -11.378388099581224
306 26.41853266596417 -11.455309768538692
307 26.452777960851513 -11.536970474967907
308 26.616869240016026 -11.255573991496423
309 26.70218652989607 -11.358283199208271
310 26.046580506192782 -11.601352059532545
311 27.05309971243229 -11.200021124343165
312 27.09056860742254 -11.481011654642035
313 26.243752163378332 -11.710681939264784
314 27.700436026706637 -11.886858844227906
315 26.460200389646534 -11.352660373310448
316 26.976038008675893 -11.564944002158953
317 26.92905266052523 -11.41028413852767
318 26.78032373344545 -11.595125549878412
319 26.03976877002368 -11.782117415868337
320 27.08799661280079 -11.543588201525383
321 26.303179170468102 -11.624738292011019
322 27.372413793103448 -11.914036487713602
323 27.267975266033936 -11.74221112498266
324 27.04736275565124 -11.706095099248627
325 26.804477064220183 -11.631348511383537
326 27.277340332458444 -11.932432432432432
327 27.263926605504587 -11.885659920428992
328 27.117577635170022 -11.847625714619065
329 26.645715979839906 -11.814619224886734
330 27.025566051881842 -11.802719128956996
331 26.373318385650226 -11.731534296551525
332 28.06178106193342 -11.813902007083826
333 27.562051046920374 -12.060853125369254
334 27.458527773596266 -12.063197802853901
335 26.96639566395664 -11.687511198709908
336 27.10560804632734 -11.945975311622853
337 27.462415799142683 -11.864828004243067
338 26.124584332224885 -11.715826254593651
339 28.04295665634675 -11.883758446460096
340 27.733556994616524 -12.302777185013566
341 27.415181725410157 -11.915552557340856
342 27.275588678347738 -12.190389425897903
343 28.072859890990703 -12.02435565421137
344 26.957384987893462 -11.897711349836525
345 26.430792905159148 -12.183052959501557
346 27.61748234721208 -12.200684329482671
347 27.12197928653625 -12.168486984986309
348 27.00686835650041 -12.49159836714028
349 27.978186945342955 -12.415183563919864
350 27.340681855433534 -12.429536492339517
351 27.63106633081444 -12.24643144836475
352 28.13727959697733 -12.042820747321661
353 26.934627170582228 -12.56121780166481
354 27.754957264957266 -12.215139965829938
355 27.82968723295163 -12.482633935976116
356 26.935939954616863 -12.640509680622207
357 27.132861703045467 -12.564693240202827
358 27.746028975388374 -12.563428186563394
359 28.036600607034458 -12.364883494166303
360 26.961159062885326 -12.457994116439762
361 27.22220248667851 -12.60929609399155
362 27.08643488921972 -12.57221187668115
363 27.46156628685115 -12.263880352386806
364 27.598880099546708 -12.870651573716179
365 27.83772087991345 -12.780652340218374
366 28.07517166606433 -12.491352751715446
367 28.389893028402803 -12.993477952644264
368 28.06010277115067 -13.170751404494382
369 27.49673202614379 -12.689031258800338
370 28.349635036496352 -12.855009906594962
371 28.211143166245943 -12.65289166636564
372 27.775 -13.131016042780749
373 27.488763001485886 -12.592734905895329
374 26.524231567037525 -12.796596755045508
375 28.011441647597255 -12.866975827064923
376 28.069537994497676 -12.840763169414855
377 27.729564553093965 -12.693403187721369
378 27.95538535184299 -13.291412722163425
379 27.792312815146037 -13.00352785535793
380 26.804706571623864 -12.557025159788672
381 28.476153697625023 -12.649776066920827
382 26.985860555826427 -13.00288271885905
383 27.879692666796345 -13.264214172753972
384 28.424295947404573 -13.238402796246342
385 27.66233254531127 -13.038107155044932
386 27.81812731088238 -13.000693614889599
387 28.026215396654603 -13.338670752729362
388 28.305385002516356 -13.068920173267326
389 28.75769345682701 -12.968640847503167
390 28.238682295877123 -13.019400352733687
391 28.508753967441383 -13.027708882343823
392 27.355553297429122 -13.362871325525479
393 28.49212271973466 -13.120384163073304
394 27.8985658955302 -12.86759388038943
395 29.03223780615449 -13.097063720911343
396 28.975940323597396 -13.431180168996036
397 27.536934244235695 -13.339895749799519
398 28.498504912430587 -13.316703696222985
399 28.196479094624333 -13.164660587639311
400 28.82833209627823 -12.92979465952439
401 28.086847553666775 -13.652816930179352
402 27.913245462402767 -13.36448675155561
403 28.80017490161784 -13.75252649741188
404 28.014039706043654 -13.396932006633499
405 27.908115211915455 -13.687309347707993
406 27.79343350027824 -13.560835861139198
407 28.266071039442146 -13.644161198048124
408 28.05041924095322 -13.514932928372565
409 28.98774428618748 -13.565455791638108
410 27.48949251061927 -13.490749505206093
411 28.059149083362158 -13.328228885171363
412 28.880524471572283 -13.613042341871406
413 28.039436934420735 -13.628772547294325
414 28.329406220546655 -13.662735125180866
415 28.93666204345816 -13.534151076597247
416 27.768225825265368 -13.715552402908317
417 28.30252100840336 -14.019847803836056
418 28.350388676180533 -13.596885348608252
419 29.285493643816086 -13.915566927013197
420 28.2226706231454 -13.894049217002237
421 28.39305604929494 -13.61452814941187
422 27.316937242549066 -14.02695640214551
423 27.86243449261553 -13.850009187798603
424 29.107899807321772 -13.662279499131706
425 28.35027838295812 -13.80756836387073
426 28.501857844899916 -13.988732263748494
427 28.471686599951184 -13.93667950085819
428 29.243184031158716 -13.905895953757225
429 29.15442607003891 -13.884468993687337
430 29.659492411047523 -14.00860745358954
431 27.784483842575128 -14.023518344308561
432 28.26228883525975 -14.076008025988916
433 27.920359666024407 -13.96512791196227
434 28.769259866347245 -13.814213391918999
435 28.618950064020485 -14.367372655454854
436 29.18774779383553 -14.370264231591218
437 28.860388374159157 -13.374449985332943
438 27.69937369519833 -14.39910247558931
439 28.788636955955173 -14.634634338655628
440 28.365502811560088 -14.440970163999209
441 28.424170616113745 -14.057626103876665
442 28.988002086593635 -13.859138650183427
443 28.803540758356455 -13.96521261728888
444 29.05709319427731 -14.16186797752809
445 29.619080114644465 -14.013177598083258
446 28.994559447983015 -14.294381335642607
447 27.848443286243313 -13.784476067270376
448 28.633280127693535 -14.867900149878547
449 28.58041958041958 -13.743488841712836
450 28.782100632389334 -14.303088204916339
451 28.2289455547898 -14.101250064837387
452 28.17172557172557 -14.6816064589587
453 28.328261170286346 -14.223967636860355
454 28.732167446984302 -14.372846745902926
455 28.179144012268228 -14.857457983193278
456 29.727169757893247 -14.410286382232613
457 27.53261790454674 -15.147790129423768
458 28.656733690148993 -14.130858317999783
459 28.648583226541366 -14.708978663489656
460 29.34025787965616 -14.438148269461731
461 29.229538637337523 -14.975435171628437
462 28.573177928592504 -14.415610772859415
463 29.19833503724259 -14.875014011882076
464 28.25875055383252 -15.103198718302856
465 29.466117889166544 -14.498006202924236
466 29.315046089800774 -14.409698718304389
467 28.419693785649955 -14.943470222421425
468 28.38937784522003 -14.47827304289394
469 28.59417860408412 -15.205920278073668
470 27.980460466525294 -14.078151739874501
471 28.66676700782661 -14.398420510472702
472 29.575368223127548 -15.089555697155767
473 28.996043677797118 -14.744206512173658
474 30.00401854714065 -15.134104992400328
475 28.95422590220278 -15.288737361862214
476 28.611308512281784 -15.15334160609821
477 27.314774153074026 -14.633136440727528
478 28.602340982596644 -14.59817831494132
479 28.932846261464324 -14.847459639126306
480 29.19050694220213 -14.448845080458405
481 28.241752988047807 -14.91496537187594
482 30.051098376313277 -14.812877871825876
483 29.500479846449135 -14.513549722915778
484 30.21901028907398 -15.042694439369024
485 27.713419629690318 -14.962814008167307
486 29.62262020006454 -14.699375994127003
487 29.086021505376344 -14.888462965252875
488 29.1238570241064 -15.216548754229468
489 28.72497505819754 -16.02665070564516
490 27.850179914949297 -15.01217380446997
491 28.925675675675677 -14.932475682459994
492 28.482013201320132 -14.913263394529787
493 29.26069036579083 -15.575056151734465
494 28.61573526928921 -14.518749606100712
495 29.443743607228093 -15.277809541960485
496 27.925013018573164 -15.755112507212
497 28.362247585601406 -15.619430051813472
498 28.366501113204315 -15.926621049201694
499 28.4326544583262 -15.367882445552349
500 28.508081517919887 -15.519209588597343
501 29.29798870853917 -15.413322002876193
502 28.793746669035354 -15.534350123754097
503 29.253396859008294 -15.834910342089591
504 29.13300835654596 -15.526563639981429
505 28.981838194826636 -15.157455268389661
506 28.79319606087735 -15.563861884009386
507 28.84512150888647 -16.086801346801348
508 30.530898358236488 -15.042784380305603
509 28.901936400781665 -15.67267144319345
510 28.964727608494922 -15.762237288135593
511 28.073070454120725 -15.486525209797366
512 29.172008945210585 -16.26931794766124
513 28.62803979366249 -15.503656181015453
514 29.472601458761922 -15.111775337133324
515 29.051625239005737 -15.573081691693071
516 27.711531118747615 -15.19803094233474
517 30.615625611905227 -15.415285714285714
518 29.61066925315228 -15.176810560114163
519 28.91126346718903 -16.17671607425529
520 28.634489402697493 -15.719663127059684
521 27.977409931840313 -16.031640058055153
522 28.934926184926184 -15.670700590508128
523 28.377252703243894 -14.926407242461853
524 28.447535771065183 -15.73993239271017
525 28.027872468417886 -15.324473567957591
526 29.889483065953655 -15.834488473708001
527 28.5649856498565 -16.686463878326997
528 28.591721920835845 -16.112921475446935
529 28.252965235173825 -16.015115837447777
530 28.348622007644337 -16.27190820884029
531 29.76150121065375 -16.057828571428573
532 30.952174809317665 -15.615690690690691
533 29.173922056384743 -16.3960970464135
534 29.88530538197944 -15.99600153787005
535 29.58408376963351 -15.751323157168061
536 28.43532541956611 -16.314866326688303
537 27.57312252964427 -15.841224552745219
538 29.26642946839682 -15.655311868097682
539 26.901381509032944 -16.77664176169878
540 29.192613270345717 -16.688737040527805
541 28.88610080733144 -15.92561852817959
542 30.906971770744224 -15.849305165073499
543 27.58700847273517 -16.100537722014014
544 29.002609830361028 -15.961357285429141
545 29.186336763739874 -16.00896215091622
546 29.311783783783785 -16.839583333333334
547 28.01519097222222 -15.945051334702258
548 28.83163038649489 -16.699909412830436
549 29.97948717948718 -16.08431661750246
550 30.129952456418383 -16.3672624958623
551 29.72999334958989 -17.205453339963533
552 28.84499889600353 -16.360424922013323
553 29.123016785467925 -16.092146157076858
554 30.111348021795784 -16.17101226993865
555 29.896830904464494 -16.59513894790516
556 28.65867158671587 -17.071280097003292
557 28.28006293549112 -16.174880900822867
558 29.005392731535757 -16.545738045738045
559 28.362142857142857 -16.226184233525608
560 29.31910061321826 -16.490966775359126
561 29.10440074906367 -16.74989358985273
562 29.913287738153397 -16.13989727518064
563 29.784521289108444 -16.576740088105726
564 29.368796010448825 -16.67160785740269
565 28.67568192325474 -16.920425343376163
566 28.8745183044316 -16.218752787938264
567 29.157418432960228 -16.685212944184816
568 29.276137463697967 -16.19623512697567
569 27.60986328125 -17.155579690469725
570 28.00071770334928 -16.026272875520927
571 28.951190189949507 -16.964024885041926
572 30.090460931722948 -17.2969365818703
573 28.627234876316432 -16.533102631818597
574 26.700854700854702 -16.556379957863882
575 29.901960784313726 -17.753429702605654
576 27.916292974588938 -16.421374189303506
577 29.701700154559507 -16.647031582847088
578 28.943700396825395 -17.91318660647103
579 28.106001558846454 -16.478525881470368
580 29.424975074775674 -17.879884090484204
581 28.299268231138026 -17.86914822903808
582 28.93189964157706 -16.306833114323258
583 30.78544158819038 -16.51585261353899
584 29.75032713949228 -16.372766364070714
585 28.29889298892989 -16.6
586 29.660681759042415 -17.01241082771426
587 28.79978672354039 -16.626872932477134
588 28.738745574102175 -17.26684292988641
589 28.813550420168067 -16.846828211189912
590 31.70893914916532 -17.19869331283628
591 28.749205508474578 -17.666568338249753
592 30.990532864484717 -16.173289512996714
593 29.3770182992465 -17.908075516457448
594 30.31587386424372 -16.576892350709006
595 28.67056323060574 -17.22415702063412
596 28.146307987922043 -16.54659373446047
597 26.968758344459278 -16.873023864666198
598 28.8019747668678 -16.687297734627833
599 27.92622950819672 -17.39234693877551
600 31.122971818958156 -17.303676025045444
601 28.604670558799 -17.355310232035162
602 29.6325369738339 -17.757967090189545
603 27.270308519671666 -16.92633029467882
604 27.385336743393008 -17.044327176781003
605 28.387423935091277 -16.82118994591155
606 33.33236321303842 -17.914148936170214
607 28.511708586296617 -17.387114239306985
608 31.220971563981042 -16.530395625603088
609 27.69587912087912 -18.56360655737705
610 28.594198652212132 -18.374633431085044
611 29.736765982065375 -17.73140756302521
612 30.215238659946635 -16.531341029237243
613 29.202332361516035 -16.821350284962737
614 28.468933177022276 -16.995876288659794
615 28.96630530325227 -17.06235741444867
616 29.114992721979622 -17.543637356635717
617 29.284631706577752 -16.834170305676857
618 30.192355500310754 -18.174256556567542
619 29.724052971974128 -17.713419340610873
620 29.603801603801603 -17.25486865942029
621 27.849302607640993 -18.32730923694779
622 28.827179646292276 -17.737523938267433
623 28.348794063079776 -18.34253464461332
624 31.379734848484848 -17.231487733513394
625 29.53822249844624 -17.475093611709973
626 27.360308285163775 -17.161381975224458
627 28.51121794871795 -17.376516814977464
628 30.4534375 -18.2702147099132
629 28.726600192988098 -17.1211319452433
630 29.55667752442997 -17.095075802091902
631 28.530124426981008 -16.899729951860984
632 28.701377763537327 -17.939113092444863
633 30.442517662170843 -17.64475743348983
634 26.0920798454604 -17.973453424982225
635 26.582495948136142 -17.677159590043924
636 27.40618828176432 -17.838922947469648
637 30.044921875 -17.831006259027443
638 28.857281553398057 -17.126210067763793
639 29.664312142616886 -17.692232654554324
640 28.446097883597883 -18.053525913338998
641 26.94355103380374 -17.317197610751617
642 31.337701612903224 -17.233906633906635
643 26.80879413724184 -17.18654697491392
644 30.841090425531913 -16.73250522690936
645 26.515818431911967 -17.598238316613653
646 31.969727891156463 -17.008911761014183
647 28.199582027168233 -17.99185667752443
648 29.216484268125853 -18.198473282442748
649 30.638137624101336 -18.957951070336392
650 28.28970688479891 -17.16685904835193
651 30.69385629989587 -17.334745218842254
652 27.486382681564248 -18.174136381148067
653 27.36646832341617 -18.99052192594465
654 27.438936781609197 -18.326368029254276
655 31.839413447782547 -18.14105096799684
656 28.955244755244756 -17.239674926725286
657 28.919772807951723 -18.719687954515404
658 29.189287006876583 -17.19730295888976
659 27.461182336182336 -17.943398710017114
660 28.272334293948127 -17.765120836054866
661 29.852951961862853 -18.291732283464565
662 29.71700934579439 -17.88819026790596
663 30.306842480399144 -18.732022623215727
664 30.128186183967493 -17.495497916946647
665 28.537574404761905 -18.305899986374165
666 26.939562476826104 -19.219354838709677
667 30.633792333457386 -18.2754907306434
668 28.471777269260105 -17.5230683713174
669 31.660742496050553 -17.722706234685543
670 27.439881613022568 -18.248687482730038
671 28.202954898911354 -19.24570543508871
672 32.11776212832551 -18.279828563528273
673 28.284956422887458 -18.332173671026997
674 29.60418222554145 -18.455063381284717
675 28.84776902887139 -17.708954184653948
676 30.383030303030303 -18.066104078762308
677 29.567978184651345 -19.227266217957897
678 26.619921875 -18.681498829039814
679 29.74092615769712 -18.319176882661996
680 29.103051922314705 -17.975982532751093
681 28.12056151940545 -18.08348108747045
682 28.398929600658708 -19.505094396164218
683 30.763422818791945 -17.491665415227512
684 28.942017149857083 -18.885557369749147
685 29.424423569598634 -17.352623688155923
686 28.53171334431631 -18.7372525494901
687 28.243322203672786 -18.431731502669717
688 28.19116432700248 -17.826559903308656
689 30.218736930154748 -18.07920941460471
690 28.937138130686517 -18.45149884704074
691 28.9816474605207 -18.762419330631847
692 28.13095238095238 -17.609404096834265
693 28.120133947258267 -19.118878965198643
694 27.28942731277533 -18.57133975753808
695 27.103346039813637 -17.468643278484944
696 29.224534986713905 -19.17412543334384
697 29.59106830122592 -17.985700667302194
698 30.605565371024735 -19.01602364654636
699 29.775652173913045 -18.883780332056194
700 28.936451897616948 -19.058664116052924
701 28.981156879929888 -19.486801114936874
702 28.221783047870005 -18.385758113999678
703 29.377086152458276 -18.32950819672131
704 27.817421909370875 -18.66405750798722
705 25.612888270746407 -19.331950869357154
706 32.14467697907188 -19.511515541955227
707 28.3145861911294 -19.53558602677114
708 29.64086833411987 -18.918136439267887
709 29.42156409069875 -17.2145305003427
710 29.586520947176684 -19.512965425531913
711 29.261315912272515 -18.860013395847286
712 32.15890926187118 -17.800557194362504
713 31.474776049033476 -18.61633071404168
714 29.93463740458015 -18.8780276816609
715 27.8971482000935 -19.334077253218883
716 30.487204724409448 -19.26253984230834
717 29.798363811357074 -19.896354166666665
718 29.059745347698335 -21.08942524743879
719 29.97613127797116 -19.34453781512605
720 29.537827352085355 -18.88781163434903
721 27.756216479765968 -19.611961301671066
722 26.549802761341223 -18.227124183006534
723 27.956500488758554 -19.653300212916964
724 29.44080604534005 -17.1925
725 29.582029278142354 -19.74840405557642
726 31.7193515704154 -20.1740980573543
727 33.42110552763819 -19.815404086060386
728 30.35910742086144 -19.575289575289574
729 28.10280842527583 -18.239396795475965
730 31.179030662710186 -18.785082872928175
731 31.03629230014713 -19.063568376068375
732 27.999474237644584 -17.96516430238822
733 27.441565040650406 -18.41562216167121
734 26.1640625 -19.53047619047619
735 29.259124087591243 -19.91805766312595
736 29.40588853838065 -20.940636594415153
737 27.364864864864863 -20.040298507462687
738 27.372756071805703 -20.51094890510949
739 30.20972146368105 -19.759146341463413
740 26.75824770146025 -18.85906174819567
741 28.561946902654867 -20.339442386430104
742 29.495103373231775 -18.913272266614694
743 30.419441460794843 -20.710291040517404
744 29.7645727221279 -19.989894987121062
745 28.39555790586991 -18.40262539184953
746 30.52207937395193 -20.15635305528613
747 28.645935624659028 -19.722844234924377
748 28.78298800436205 -19.74065138721351
749 31.754288876591033 -18.321198712791634
750 26.32739420935412 -18.52195423623995
751 26.90746096009254 -19.027963525835865
752 26.731679819616687 -19.115957007027696
753 27.603310502283104 -20.62510460251046
754 26.880646960401563 -20.480295566502463
755 28.153493699885452 -20.806893687707642
756 30.557565789473685 -19.441719077568134
757 28.260527793374507 -21.129395218002813
758 28.46767847105115 -19.059958071278825
759 29.928023598820058 -20.261282159426404
760 27.39872685185185 -19.237115544472154
761 28.040885860306645 -19.49427441182594
762 27.979228486646885 -20.924847958297132
763 29.634466308884914 -19.218877660718125
764 28.798716452742124 -19.715463917525774
765 28.665879574970486 -18.631678189817723
766 26.57007125890736 -20.312354312354312
767 31.867205542725173 -17.700974163490045
768 30.33112183353438 -19.966388308977034
769 28.187027707808564 -19.567700534759357
770 31.728803367408297 -19.57866547645615
771 27.722592368261658 -19.396679772826563
772 30.559055118110237 -19.922232182877632
773 25.751560549313357 -19.61699288256228
774 30.448765432098764 -18.351710171017103
775 27.883280757097793 -19.755338482507952
776 30.256394260761073 -19.16861397479954
777 28.743574051407588 -18.272686230248308
778 26.585827733659134 -19.35881294964029
779 32.40717821782178 -19.622828784119108
780 29.429147078576225 -18.732822707817075
781 26.970703125 -20.383938903031705
782 27.285623812539583 -20.63920388798889
783 30.093885114268065 -20.79159897888141
784 26.263827082008902 -20.265212399540758
785 27.323057953144268 -21.972157229761347
786 28.14228987425546 -20.359583616202762
787 29.345601996257017 -20.59629035951454
788 28.294701986754966 -19.780286991296165
789 29.513823331085636 -20.177835661851763
790 28.26263952724885 -20.294301514787207
791 27.429347826086957 -20.792130836691157
792 27.468642315644384 -21.862102217936354
793 27.63125845737483 -20.880607814761216
794 30.565629228687417 -19.743186840166953
795 28.70870459218643 -18.419834307992204
796 28.852436513383665 -21.115542663766014
797 27.08805870580387 -18.704154727793696
798 27.995741660752305 -20.107976653696497
799 28.420821114369502 -20.78620352250489
800 30.112430167597765 -19.599142280524724
801 31.61144377910845 -21.450102354145343
802 25.44878048780488 -21.530189620758485
803 28.577032810271042 -20.589352661834543
804 28.890070921985817 -20.16635464027815
805 25.55665024630542 -20.29758850692663
806 27.446886446886445 -22.428753504970686
807 29.846044191019246 -22.136601992658626
808 28.15758468335788 -20.459901375551517
809 30.618768328445746 -21.531258243207596
810 29.888324873096447 -20.34830852503383
811 27.549245147375988 -19.374768089053802
812 27.147286821705425 -20.338278145695366
813 26.195359281437124 -19.92627345844504
814 27.32532751091703 -21.265242313705055
815 29.097732603596558 -22.322327044025158
816 29.193948797517454 -21.89547581903276
817 28.722263588979896 -22.018618456556936
818 27.319969159599076 -19.202789699570815
819 27.666666666666668 -21.161566032533774
820 25.25230061349693 -21.476853090714478
821 29.421327367636092 -21.67695147679325
822 30.490909090909092 -19.6804780876494
823 30.756756756756758 -21.651629072681704
824 30.105222734254994 -20.215077605321508
825 30.21506211180124 -19.57976878612717
826 27.223809523809525 -21.195177304964538
827 29.89770867430442 -20.41483745484857
828 30.313915857605178 -21.802545885139136
829 26.0775 -22.49720176730486
830 26.85936285936286 -22.112215078901226
831 29.756647864625304 -19.951612903225808
832 32.13481228668942 -20.84221192819919
833 28.620273531777958 -19.393921155582305
834 29.455437448896156 -21.21179302045728
835 25.607667210440457 -20.902884049440846
836 23.608837970540097 -21.756197142023915
837 28.94136546184739 -22.699215344376636
838 26.551086082059534 -20.572977725674093
839 32.097744360902254 -22.705829326923077
840 28.792754844144902 -21.136906495776287
841 29.600858369098713 -20.787373436569386
842 26.734991423670667 -18.635469448584203
843 27.50662251655629 -23.948779752937632
844 24.852596314907874 -20.365414467556658
845 30.57239057239057 -20.77552256891851
846 26.749356223175965 -19.589622641509433
847 24.22510460251046 -21.514354789966756
848 30.492487479131885 -22.493957235822744
849 27.31184668989547 -20.387185775597793
850 26.354545454545455 -20.780403276622557
851 28.07726465364121 -22.545197740112993
852 26.97119711971197 -19.28548644338118
853 28.115967885816236 -21.241597970830693
854 27.589316987740805 -21.907042253521126
855 26.982949701619777 -21.439482599322453
856 31.01693404634581 -17.604010025062657
857 26.109861591695502 -22.459528362014023
858 30.45478489903424 -20.35272161741835
859 23.512328767123286 -20.275500476644424
860 24.746017699115043 -21.0610298792117
861 27.754275427542755 -19.87740916271722
862 30.22262443438914 -20.365949119373777
863 25.34858188472095 -21.896196002578982
864 26.873140857392826 -21.968860353130015
865 29.0546875 -21.33981211532232
866 27.01447963800905 -21.79660441426146
867 27.235823582358236 -21.766115423557206
868 27.78598848368522 -18.961576681020205
869 31.924663677130045 -22.560040026684458
870 27.322243346007603 -20.38196105227195
871 29.54745925215724 -23.56199460916442
872 25.959484346224677 -21.773117909934687
873 28.110552763819097 -21.22733612273361
874 26.08167330677291 -22.05098452883263
875 23.722606120434353 -20.136098981077147
876 31.39121756487026 -21.68484187568157
877 28.990128331688055 -21.347530422333573
878 27.21143473570658 -19.816848567530695
879 32.862626262626264 -21.838986209467013
880 27.732522796352583 -22.08823529411765
881 27.592737978410206 -22.071155848663658
882 29.42153846153846 -23.54281719678434
883 26.216244725738395 -23.500357398141528
884 29.04502617801047 -21.466618549260193
885 27.04083769633508 -21.68156630956779
886 32.90802139037433 -21.068287037037038
887 27.6610348468849 -21.85894978919126
888 30.42374616171955 -20.166030534351144
889 25.106995884773664 -22.607835678965387
890 25.599388379204893 -21.33459500378501
891 26.970149253731343 -22.55332590115199
892 30.381592554291622 -21.21158878504673
893 27.856531049250535 -22.085106382978722
894 28.65665236051502 -20.364657431673532
895 27.627322404371586 -21.99092627599244
896 22.13095238095238 -22.796425796425797
897 29.157952069716774 -22.43735408560311
898 26.314794215795327 -20.813429835142742
899 29.18258132214061 -23.302416212003116
900 27.176079734219268 -22.147356143079314
901 30.478212290502793 -20.75098347757671
902 32.524916943521596 -23.35725938009788
903 27.45044052863436 -21.520741039065648
904 28.561200923787528 -22.036624203821656
905 25.184381778741866 -22.768953068592058
906 27.906451612903226 -21.60408326661329
907 27.31222222222222 -20.63975155279503
908 27.23967889908257 -20.06100040666938
909 27.66950959488273 -22.801157503100455
910 29.03248259860789 -21.56021821233739
911 28.62162162162162 -24.198782961460445
912 32.77620730270907 -23.654667721518987
913 28.77111111111111 -22.95751633986928
914 28.722025912838635 -23.28740317977986
915 31.038641686182668 -20.88523241464418
916 25.77639046538025 -22.337640683618176
917 27.622346368715085 -23.0544925124792
918 29.49824561403509 -22.384426229508197
919 29.92939814814815 -23.414141414141415
920 32.391907514450864 -22.21271292064811
921 27.771461716937356 -24.190237797246557
922 22.87422934648582 -23.793769197016235
923 31.46041412911084 -23.356960950764005
924 28.640151515151516 -21.641333333333332
925 25.10668380462725 -24.874455100261553
926 27.11625 -23.507805724197745
927 28.841168996188056 -22.795604395604396
928 33.972972972972975 -25.04920913884007
929 29.48423707440101 -23.20364606491774
930 25.644329896907216 -21.60766182298547
931 28.936774193548388 -23.810712664548344
932 26.699080157687252 -21.72166361974406
933 27.833333333333332 -22.2250233426704
934 28.493184634448575 -22.125057051574622
935 26.47680412371134 -21.312811226799457
936 27.159574468085108 -23.192395785616124
937 27.411227154046998 -23.822940373236232
938 31.015523932729625 -22.27148703956344
939 24.754458161865568 -22.977241693218026
940 31.855978260869566 -20.87208749405611
941 29.664540816326532 -24.555127587867116
942 26.698162729658794 -23.7090395480226
943 28.155352480417754 -23.010962821734985
944 23.38867438867439 -22.347619047619048
945 31.5260989010989 -22.91984912776992
946 28.39331619537275 -25.683809523809522
947 27.879765395894427 -24.25359962842545
948 27.550993377483444 -23.433809523809522
949 27.90947666195191 -22.388506876227897
950 26.4009009009009 -23.37998102466793
951 28.847545219638242 -23.2784371909001
952 27.881664499349807 -23.402841197361745
953 29.80323450134771 -23.98264223722276
954 27.03021978021978 -23.401206636500753
955 21.18271954674221 -24.57092555331992
956 26.20970042796006 -22.342601787487588
957 28.432748538011698 -20.92624521072797
958 27.92192192192192 -24.00694100148736
959 25.60989010989011 -21.76753712237583
960 29.246268656716417 -20.469849246231156
961 23.054775280898877 -23.730191610564475
962 26.12925170068027 -24.202015113350125
963 32.50278551532033 -22.4262851600388
964 31.505540166204987 -21.112747587607924
965 31.416047548291232 -22.36836786255685
966 28.131498470948014 -24.10754912099276
967 24.832624113475177 -19.33816675297773
968 30.526695526695526 -22.182051282051283
969 28.298196948682385 -23.155925155925157
970 27.007163323782233 -22.2374213836478
971 28.560232220609578 -23.317312661498708
972 23.04812030075188 -24.318487830139823
973 28.754074074074072 -20.503257328990227
974 28.88840579710145 -23.127714581178903
975 22.97767145135566 -21.909426013691416
976 26.819444444444443 -22.680962343096233
977 26.122349102773246 -23.15656836461126
978 29.60655737704918 -22.15635005336179
979 29.402496099843994 -21.227904391328515
980 29.326923076923077 -22.660675381263616
981 31.925081433224754 -22.855362946912244
982 27.84390243902439 -21.889011595803424
983 25.441314553990612 -23.415300546448087
984 27.55226209048362 -24.59845132743363
985 26.84843492586491 -22.64848484848485
986 33.78456591639871 -23.997745208568208
987 27.06984126984127 -18.920302501454334
988 32.14102564102564 -24.207365439093483
989 28.22110552763819 -21.933293627159024
990 26.78892733564014 -25.699766355140188
991 32.2177554438861 -26.138161898965308
992 30.653710247349824 -23.11406619385343
993 27.391014975041596 -22.411091018685955
994 25.220421393841168 -22.586145648312613
995 25.357142857142858 -25.405236907730675
996 28.081128747795415 -24.166358595194087
997 29.602409638554217 -24.162949194547707
998 28.971283783783782 -27.346546546546545
999 29.267461669505963 -24.888484848484847
1000 28.504273504273506 -20.834312573443007
1001 27.684410646387832 -22.279808268424205
1002 30.257731958762886 -22.808591282375236
1003 27.322525597269625 -24.05568862275449
1004 30.272058823529413 -25.235961768219834
1005 27.255357142857143 -26.275298554368323
1006 28.714776632302407 -23.352941176470587
1007 30.727758007117437 -22.23794614902943
1008 28.57591623036649 -20.926084300549785
1009 28.048214285714284 -26.785670545009186
1010 27.996296296296297 -24.085481682496606
1011 28.53543307086614 -22.431726907630523
1012 23.839851024208567 -28.305039787798407
1013 24.461111111111112 -23.00202565833896
1014 23.206759443339962 -23.728472222222223
1015 26.984962406015036 -26.057627118644067
1016 28.503623188405797 -22.739478957915832
1017 27.0990990990991 -25.22260990928123
1018 27.54332129963899 -26.327956989247312
1019 19.782608695652176 -27.36008230452675
1020 31.348399246704332 -28.012683578104138
1021 29.488454706927175 -25.422724064925898
1022 30.080305927342256 -26.210632570659488
1023 29.833020637898688 -22.574525745257453
1024 28.434782608695652 -24.171770972037283
1025 27.48828125 -23.623628147191738
1026 26.188376753507015 -25.74733853797019
1027 30.486631016042782 -22.134682484298676
1028 23.76421052631579 -22.008885850991113
1029 25.33737373737374 -22.238993710691823
1030 28.670542635658915 -26.8540350877193
1031 30.06896551724138 -24.39514978601997
1032 24.159448818897637 -24.25970359915314
1033 27.2375 -25.468771448181194
1034 34.330882352941174 -27.328286304198212
1035 19.514644351464437 -23.32180663373324
1036 30.0225988700565 -21.940841054882394
1037 27.79961464354528 -23.79375
1038 23.313304721030043 -20.925233644859812
1039 24.231083844580777 -23.467329545454547
1040 29.833333333333332 -23.591489361702127
1041 25.19333333333333 -24.596113809854266
1042 31.536489151873766 -24.470332850940665
1043 27.114754098360656 -23.80269058295964
1044 28.39578947368421 -22.33455344070278
1045 32.2 -19.109352517985613
1046 27.2929061784897 -27.94349070100143
1047 24.28541226215645 -24.19219440353461
1048 25.964876033057852 -25.092056421677803
1049 26.63348416289593 -25.509005481597494
1050 25.52970297029703 -24.388410336726704
1051 29.32391304347826 -24.25652841781874
1052 27.896703296703297 -24.50039032006245
1053 24.271523178807946 -22.145736434108528
1054 30.357777777777777 -21.30596436870643
1055 26.225806451612904 -23.241352805534206
1056 32.15436241610738 -26.131918119787716
1057 27.75 -27.097444089456868
1058 27.428893905191874 -28.588505747126437
1059 28.53911205073996 -22.132621951219512
1060 26.054347826086957 -27.174045801526717
1061 26.887417218543046 -18.7576
1062 29.774580335731414 -25.89913995308835
1063 27.477678571428573 -24.846504559270517
1064 28.64782608695652 -27.10958904109589
1065 30.93891402714932 -25.51379038613081
1066 27.82638888888889 -24.286173633440516
1067 19.482412060301506 -26.614088820826954
1068 27.08644859813084 -23.421262989608312
1069 28.51421800947867 -26.02857142857143
1070 28.413301662707838 -20.233494363929147
1071 25.54047619047619 -20.315315315315317
1072 26.552311435523116 -20.20965058236273
1073 25.109339407744876 -24.103361344537817
1074 24.237163814180928 -28.034682080924856
1075 25.422802850356295 -25.712147887323944
1076 25.945205479452056 -21.844564240790657
1077 27.573141486810552 -31.255585344057195
1078 19.430803571428573 -26.517364203027604
1079 24.55106888361045 -25.486888111888113
1080 23.309756097560975 -24.292066259808195
1081 28.279683377308707 -26.4471615720524
1082 24.301234567901236 -20.60524017467249
1083 28.583333333333332 -23.81140350877193
1084 24.68470588235294 -24.360921501706486
1085 25.47222222222222 -23.7967332123412
1086 35.94308943089431 -29.901960784313726
1087 31.51098901098901 -29.583333333333332
1088 27.95212765957447 -26.890959925442683
1089 26.878172588832488 -25.987204724409448
1090 29.81453634085213 -22.886124401913875
1091 31.483009708737864 -25.32515894641235
1092 23.808625336927225 -26.314711359404097
1093 26.805896805896804 -22.518552036199097
1094 29.78102189781022 -21.846902654867257
1095 30.179558011049725 -22.060804490177738
1096 27.241813602015114 -23.12756467439786
1097 21.843037974683543 -24.16725663716814
1098 31.517766497461928 -21.169522091974752
1099 29.86318407960199 -23.926589077887197
1100 19.992125984251967 -27.87012987012987
1101 24.264437689969604 -25.770491803278688
1102 21.739837398373982 -27.76486733760293
1103 24.885714285714286 -22.46929422548121
1104 29.649717514124294 -26.48096564531105
1105 30.063186813186814 -25.612716763005782
1106 23.552910052910054 -25.220689655172414
1107 26.20980926430518 -28.536463536463536
1108 24.953658536585365 -22.697292069632496
1109 29.578212290502794 -25.96233183856502
1110 28.64819944598338 -27.240366972477066
1111 30.407960199004975 -19.996142719382835
1112 24.026041666666668 -24.073446327683616
1113 28.94385026737968 -25.606870229007633
1114 27.62015503875969 -27.08958130477118
1115 29.22520107238606 -24.351272015655578
1116 24.725593667546175 -25.456802383316784
1117 28.53125 -27.89321266968326
1118 30.82210242587601 -26.418983700862896
1119 30.382022471910112 -23.983962264150943
1120 23.81081081081081 -25.824376199616122
1121 29.49425287356322 -25.1171875
1122 29.774928774928775 -24.190291262135922
1123 24.53868194842407 -27.16871165644172
1124 26.74462365591398 -24.627692307692307
1125 29.282548476454295 -26.58080808080808
1126 30.33888888888889 -24.887
1127 26.23512747875354 -27.630278063851698
1128 28.83480825958702 -25.18958742632613
1129 27.908536585365855 -20.769929364278507
1130 24.735562310030396 -27.14256825075834
1131 24.797014925373134 -28.38689866939611
1132 34.842696629213485 -20.84518828451883
1133 21.85284280936455 -27.533464566929133
1134 31.093023255813954 -28.514583333333334
1135 21.455445544554454 -24.198653198653197
1136 25.830618892508145 -26.082474226804123
1137 24.175595238095237 -20.100966702470462
1138 24.61919504643963 -30.967334035827186
1139 25.831804281345565 -25.251372118551043
1140 22.644171779141104 -27.76051779935275
1141 35.382716049382715 -22.374062165058948
1142 22.579470198675498 -27.76033934252386
1143 26.404761904761905 -22.73519553072626
1144 27.97 -29.104525862068964
1145 26.74558303886926 -25.597031963470318
1146 26.96742671009772 -24.98671096345515
1147 22.96153846153846 -29.31242873432155
1148 25.711038961038962 -28.208285385500574
1149 29.735973597359735 -26.571428571428573
1150 23.746268656716417 -29.76797385620915
1151 32.7864406779661 -24.664268585131893
1152 32.56765676567657 -26.63341346153846
1153 37.901408450704224 -26.37742718446602
1154 26.428571428571427 -30.9890243902439
1155 24.766666666666666 -28.209386281588447
1156 29.723032069970845 -24.579005524861877
1157 26.435064935064936 -27.414932680538556
1158 24.39189189189189 -27.355995055624227
1159 33.14238410596027 -25.95626477541371
1160 23.672535211267604 -26.74905422446406
1161 21.596296296296295 -25.699238578680202
1162 30.228782287822877 -28.238509316770187
1163 25.00711743772242 -34.32284382284382
1164 26.01498127340824 -26.169211195928753
1165 24.435897435897434 -29.13358302122347
1166 30.421768707482993 -27.42663378545006
1167 25.653429602888085 -26.871702637889687
1168 27.016949152542374 -28.67581047381546
1169 26.729166666666668 -25.097051597051596
1170 26.48148148148148 -25.42105263157895
1171 33.35249042145594 -29.928
1172 31.972868217054263 -25.30728476821192
1173 27.156794425087107 -27.600550964187327
1174 24.179856115107913 -22.15753424657534
1175 31.101167315175097 -26.52437417654809
1176 32.724489795918366 -31.703190013869627
1177 21.56934306569343 -29.525798525798525
1178 22.198473282442748 -23.75835475578406
1179 30.108695652173914 -26.856423173803528
1180 23.597457627118644 -27.410788381742737
1181 28.054607508532424 -24.378116343490305
1182 23.19622641509434 -31.90661478599222
1183 24.355072463768117 -23.906790945406126
1184 31.91078066914498 -25.748451053283766
1185 21.707818930041153 -34.172582619339046
1186 31.79225352112676 -22.013054830287206
1187 30.442622950819672 -25.014824797843666
1188 23.501930501930502 -26.57503320053121
1189 26.119266055045873 -25.087926509186353
1190 26.184782608695652 -25.31578947368421
1191 32.35034013605442 -25.100260416666668
1192 30.842323651452283 -27.0
1193 29.76284584980237 -27.337950138504155
1194 23.048672566371682 -30.85542168674699
1195 20.91764705882353 -27.186544342507645
1196 28.791836734693877 -31.790055248618785
1197 29.424242424242426 -29.68491124260355
1198 25.557446808510637 -34.36894586894587
1199 20.683823529411764 -25.142265193370164
1200 24.888412017167383 -25.88626292466765
1201 28.220149253731343 -32.034985422740526
1202 24.417624521072796 -25.847407407407406
1203 20.93421052631579 -29.39766081871345
1204 24.72265625 -28.450292397660817
1205 26.480968858131487 -23.86216216216216
1206 21.446886446886445 -22.848238482384822
1207 23.840304182509506 -29.50334672021419
1208 24.385826771653544 -26.740136054421768
1209 22.625 -20.99742268041237
1210 24.171206225680933 -25.392330383480825
1211 29.6218487394958 -28.54874651810585
1212 24.48148148148148 -16.280400572246066
1213 30.426470588235293 -32.888888888888886
1214 22.69140625 -27.046666666666667
1215 15.214634146341464 -23.658376963350786
1216 21.90521327014218 -26.09691629955947
1217 23.858921161825727 -24.702312138728324
1218 26.969298245614034 -24.003048780487806
1219 21.6218487394958 -31.941007194244605
1220 24.306382978723406 -27.604255319148937
1221 28.45 -24.959326788218792
1222 24.45205479452055 -23.12
1223 28.666666666666668 -25.79552715654952
1224 26.810679611650485 -29.330670926517573
1225 25.46846846846847 -30.46935724962631
1226 32.493273542600896 -26.373608903020667
1227 24.951327433628318 -24.884676145339654
1228 30.705607476635514 -25.657450076804917
1229 27.94420600858369 -20.001572327044027
1230 31.88938053097345 -25.688922610015176
1231 25.13716814159292 -26.59969088098918
1232 36.8780487804878 -33.46177370030581
1233 29.597087378640776 -30.77961019490255
1234 23.033980582524272 -32.357910906298
1235 26.785 -27.138225255972696
1236 27.51196172248804 -23.951505016722408
1237 28.84070796460177 -21.173044925124792
1238 23.395939086294415 -34.30858085808581
1239 21.80373831775701 -24.351819757365686
1240 32.647619047619045 -33.0377358490566
1241 23.401869158878505 -32.834130781499205
1242 25.153846153846153 -28.206785137318256
1243 28.41588785046729 -23.905228758169933
1244 31.5 -22.24061433447099
1245 31.176470588235293 -27.079086115992972
1246 26.925531914893618 -29.0801393728223
1247 17.233830845771145 -32.47715736040609
1248 29.39 -25.748643761301988
1249 26.398936170212767 -29.310661764705884
1250 21.266009852216747 -24.97252747252747
1251 23.087179487179487 -29.550877192982455
1252 21.563981042654028 -29.764601769911504
1253 23.5188679245283 -26.126373626373628
1254 28.44927536231884 -23.543189368770765
1255 22.793650793650794 -27.23223570190641
1256 26.842391304347824 -29.837887067395265
1257 23.04368932038835 -27.09506398537477
1258 43.02926829268293 -23.593645484949832
1259 25.84269662921348 -25.08695652173913
1260 21.11111111111111 -19.882583170254403
1261 25.822916666666668 -28.27128712871287
1262 23.95744680851064 -22.843866171003718
1263 23.669950738916256 -32.03183520599251
1264 28.38421052631579 -24.304015296367112
1265 27.69945355191257 -22.971537001897534
1266 26.01058201058201 -29.447124304267163
1267 24.956043956043956 -26.706106870229007
1268 26.594059405940595 -23.900596421471175
1269 24.776536312849164 -31.084
1270 22.191256830601095 -30.753130590339893
1271 23.456043956043956 -29.669741697416974
1272 29.030150753768844 -34.572232645403375
1273 21.537634408602152 -21.20754716981132
1274 17.004651162790697 -27.30278232405892
1275 23.013157894736842 -24.497267759562842
1276 27.65921787709497 -32.883299798792756
1277 25.679012345679013 -34.15139442231076
1278 22.312883435582823 -28.00761904761905
1279 26.86549707602339 -36.69825918762089
1280 23.977653631284916 -31.046332046332047
1281 29.850574712643677 -23.485655737704917
1282 30.85792349726776 -24.758436944937834
1283 31.189349112426036 -24.84729981378026
1284 27.810526315789474 -26.49149338374291
1285 17.508670520231213 -33.417338709677416
1286 26.591954022988507 -19.088659793814433
1287 25.930817610062892 -27.964285714285715
1288 24.55128205128205 -25.748387096774195
1289 29.047619047619047 -28.119747899159663
1290 18.896174863387976 -20.160092807424594
1291 26.61904761904762 -31.580786026200872
1292 23.421965317919074 -27.535641547861506
1293 32.36 -21.728346456692915
1294 24.363636363636363 -28.476459510357817
1295 26.875 -27.559574468085106
1296 17.322981366459626 -25.8008658008658
1297 22.95402298850575 -30.286585365853657
1298 24.303030303030305 -24.963203463203463
1299 18.20886075949367 -28.397894736842105
1300 24.801169590643276 -25.362473347547976
1301 19.355828220858896 -23.993697478991596
1302 22.934782608695652 -26.30718954248366
1303 24.05732484076433 -26.224206349206348
1304 16.048128342245988 -25.636182902584494
1305 29.720496894409937 -25.404761904761905
1306 19.59119496855346 -24.844106463878326
1307 26.758823529411764 -27.151950718685832
1308 26.983425414364643 -29.875802997858674
1309 25.628048780487806 -22.74031007751938
1310 26.408536585365855 -26.57815845824411
1311 19.41764705882353 -30.82758620689655
1312 18.49397590361446 -28.89517819706499
1313 31.6 -20.627539503386004
1314 26.53072625698324 -32.53376906318083
1315 27.52201257861635 -32.06868686868687
1316 30.21276595744681 -24.69392033542977
1317 21.39072847682119 -31.327472527472526
1318 16.961038961038962 -32.96279069767442
1319 27.805714285714284 -25.134117647058822
1320 23.835714285714285 -26.665188470066518
1321 31.569620253164558 -27.970588235294116
1322 24.368794326241133 -29.260663507109005
1323 22.992805755395683 -23.017857142857142
1324 30.294964028776977 -25.6
1325 18.34351145038168 -35.080684596577015
1326 20.048275862068966 -19.922374429223744
1327 27.70440251572327 -26.237726098191214
1328 29.782894736842106 -26.142857142857142
1329 20.975609756097562 -33.75794621026895
1330 25.23076923076923 -20.70646766169154
1331 31.391025641025642 -20.101204819277108
1332 29.232758620689655 -28.56543209876543
1333 26.27659574468085 -29.21784776902887
1334 20.566176470588236 -26.835680751173708
1335 18.466666666666665 -29.9438202247191
1336 21.035211267605632 -22.280269058295964
1337 27.149350649350648 -25.8625
1338 19.68 -30.168449197860962
1339 22.60431654676259 -33.82284382284382
1340 28.859154929577464 -21.35377358490566
1341 23.13422818791946 -26.352534562211982
1342 23.88111888111888 -31.55665024630542
1343 37.61788617886179 -21.357142857142858
1344 23.712230215827336 -25.778350515463917
1345 24.60144927536232 -27.45011600928074
1346 17.654676258992804 -22.81679389312977
1347 19.05 -25.882666666666665
1348 27.536231884057973 -25.754285714285714
1349 27.508474576271187 -29.70712401055409
1350 23.28787878787879 -32.76519337016575
1351 17.767441860465116 -27.17391304347826
1352 36.388888888888886 -32.30025445292621
1353 34.96875 -28.23901098901099
1354 21.580882352941178 -27.620967741935484
1355 25.771653543307085 -39.296918767507
1356 30.341269841269842 -21.574018126888216
1357 35.19259259259259 -26.734104046242773
1358 26.635416666666668 -27.102639296187682
1359 25.317241379310346 -41.32248520710059
1360 28.766129032258064 -31.514285714285716
1361 15.225806451612904 -33.75871313672922
1362 27.205357142857142 -42.44871794871795
1363 25.93984962406015 -22.0
1364 39.88288288288288 -30.30517711171662
1365 28.728571428571428 -32.64945652173913
1366 27.475409836065573 -25.96056338028169
1367 18.636363636363637 -25.040431266846362
1368 28.25 -23.30791788856305
1369 28.398230088495577 -29.08831908831909
1370 21.336 -30.840579710144926
1371 29.317307692307693 -28.38718662952646
1372 30.48421052631579 -28.628398791540786
1373 28.235849056603772 -27.577380952380953
1374 21.923076923076923 -26.014409221902017
1375 29.47107438016529 -28.86994219653179
1376 19.096491228070175 -26.87227414330218
1377 18.276422764227643 -45.79008746355685
1378 21.49484536082474 -24.325077399380806
1379 31.217391304347824 -41.86581469648562
1380 20.134453781512605 -24.82685512367491
1381 28.026315789473685 -24.551948051948052
1382 20.405940594059405 -36.05637982195846
1383 23.16504854368932 -34.4
1384 32.009803921568626 -25.727272727272727
1385 17.78813559322034 -31.345565749235472
1386 27.70940170940171 -27.382978723404257
1387 25.207920792079207 -25.342767295597483
1388 28.580357142857142 -24.28348909657321
1389 29.41176470588235 -27.26948051948052
1390 26.453703703703702 -30.89423076923077
1391 21.8135593220339 -35.0
1392 21.869158878504674 -27.408304498269896
1393 24.871287128712872 -25.03267973856209
1394 14.815533980582524 -28.742765273311896
1395 30.20175438596491 -25.274834437086092
1396 20.100840336134453 -27.417857142857144
1397 37.70192307692308 -30.27508090614887
1398 24.432692307692307 -30.041811846689896
1399 25.818181818181817 -32.593856655290104
1400 25.076923076923077 -27.003521126760564
1401 20.25 -18.161490683229815
1402 22.142857142857142 -27.658620689655173
1403 29.88034188034188 -27.561128526645767
1404 26.926605504587155 -23.36986301369863
1405 22.299065420560748 -29.221884498480243
1406 35.01754385964912 -33.73186119873817
1407 20.776785714285715 -28.334519572953738
1408 18.209302325581394 -29.05263157894737
1409 32.49074074074074 -29.582781456953644
1410 18.572727272727274 -26.825242718446603
1411 17.339130434782607 -31.408360128617364
1412 22.782178217821784 -21.17562724014337
1413 25.026086956521738 -30.82101167315175
1414 27.98230088495575 -37.51681957186544
1415 38.101694915254235 -25.174556213017752
1416 24.009345794392523 -32.96
1417 15.382978723404255 -23.43243243243243
1418 21.953488372093023 -28.775384615384617
1419 20.010416666666668 -15.766561514195583
1420 25.894117647058824 -32.27598566308244
1421 24.403846153846153 -32.18803418803419
1422 41.6605504587156 -32.86940298507463
1423 22.17699115044248 -28.113074204946997
1424 28.422680412371133 -27.85573770491803
1425 17.835051546391753 -34.087272727272726
1426 19.970588235294116 -33.64835164835165
1427 35.48672566371681 -26.13448275862069
1428 16.347826086956523 -29.946969696969695
1429 24.932038834951456 -37.332089552238806
1430 19.21978021978022 -34.22789115646258
1431 32.11340206185567 -29.453924914675767
1432 21.5125 -26.515503875968992
1433 21.78301886792453 -16.742857142857144
1434 13.96 -24.892307692307693
1435 19.77777777777778 -31.741610738255034
1436 28.288659793814432 -26.316498316498315
1437 20.635416666666668 -25.115107913669064
1438 22.679611650485437 -33.28624535315985
1439 23.923728813559322 -36.38376383763838
1440 35.78823529411765 -20.767175572519083
1441 26.114583333333332 -30.270916334661354
1442 26.11578947368421 -29.333333333333332
1443 36.666666666666664 -37.725190839694655
1444 25.12 -39.42164179104478
1445 23.243243243243242 -13.591304347826087
1446 30.75 -28.61802575107296
1447 26.96629213483146 -25.693227091633467
1448 38.96842105263158 -38.643153526970956
1449 31.170454545454547 -32.71232876712329
1450 26.58974358974359 -29.46445497630332
1451 17.46511627906977 -29.902542372881356
1452 39.44186046511628 -25.08433734939759
1453 21.27956989247312 -26.628
1454 24.5 -44.99596774193548
1455 18.14 -21.220408163265308
1456 17.941176470588236 -39.623931623931625
1457 33.40243902439025 -28.47983870967742
1458 24.026315789473685 -33.61
1459 14.841269841269842 -20.54854368932039
1460 39.265822784810126 -31.526315789473685
1461 20.424657534246574 -40.23696682464455
1462 19.7125 -43.01470588235294
1463 22.725490196078432 -40.178423236514526
1464 23.59493670886076 -28.73949579831933
1465 27.926315789473684 -25.049180327868854
1466 19.382022471910112 -30.547169811320753
1467 29.0 -25.343396226415095
1468 16.474358974358974 -26.13061224489796
1469 24.90277777777778 -21.785714285714285
1470 21.68 -26.705179282868524
1471 20.697674418604652 -22.60169491525424
1472 22.609756097560975 -21.282157676348547
1473 8.382716049382717 -36.86530612244898
1474 22.453333333333333 -26.36796536796537
1475 14.538461538461538 -30.611570247933884
1476 22.383561643835616 -41.07960199004975
1477 15.976470588235294 -30.822966507177032
1478 25.81111111111111 -22.185185185185187
1479 30.675 -22.75
1480 22.36111111111111 -24.267857142857142
1481 28.03076923076923 -24.985221674876847
1482 19.177083333333332 -30.90625
1483 35.16417910447761 -34.13215859030837
1484 26.87878787878788 -40.94915254237288
1485 24.49122807017544 -34.189655172413794
1486 21.634920634920636 -39.34123222748815
1487 21.235294117647058 -29.635220125786162
1488 25.953125 -25.714285714285715
1489 15.184615384615384 -32.3348623853211
1490 13.716417910447761 -31.679802955665025
1491 24.555555555555557 -29.25
1492 15.953846153846154 -38.38461538461539
1493 15.016129032258064 -32.287179487179486
1494 21.6875 -41.76300578034682
1495 17.157894736842106 -36.694117647058825
1496 28.484375 -46.919642857142854
1497 26.17142857142857 -29.09268292682927
1498 10.017857142857142 -32.38942307692308
1499 36.05797101449275 -19.776699029126213
1500 39.76086956521739 -36.96335078534032
1501 26.406779661016948 -18.88957055214724
1502 32.17391304347826 -28.732323232323232
1503 25.176470588235293 -20.72222222222222
1504 18.149253731343283 -24.1010101010101
1505 21.869565217391305 -21.70391061452514
1506 17.85135135135135 -26.747252747252748
1507 26.78125 -39.472361809045225
1508 22.75 -26.338797814207652
1509 52.34426229508197 -25.415730337078653
1510 18.0 -20.9811320754717
1511 24.37313432835821 -47.0919540229885
1512 23.164383561643834 -36.6578947368421
1513 20.24 -53.080213903743314
1514 22.232142857142858 -32.758974358974356
1515 31.826923076923077 -22.264044943820224
1516 20.098360655737704 -43.98324022346369
1517 35.59322033898305 -25.062893081761008
1518 23.703703703703702 -40.13
1519 11.072727272727272 -23.75829383886256
1520 17.52542372881356 -17.807291666666668
1521 31.524590163934427 -25.302325581395348
1522 32.67307692307692 -32.753246753246756
1523 22.451612903225808 -33.825301204819276
1524 14.39622641509434 -32.273809523809526
1525 24.166666666666668 -36.225
1526 36.907407407407405 -41.455882352941174
1527 28.681818181818183 -23.11842105263158
1528 26.0 -25.154929577464788
1529 28.127659574468087 -30.904761904761905
1530 18.40740740740741 -30.55056179775281
1531 24.6 -35.8125
1532 12.316666666666666 -31.46896551724138
1533 27.37735849056604 -32.638888888888886
1534 28.158730158730158 -31.32191780821918
1535 14.988095238095237 -24.11764705882353
1536 25.52542372881356 -34.23157894736842
1537 34.98360655737705 -15.631868131868131
1538 24.892857142857142 -34.68108108108108
1539 28.19047619047619 -29.4
1540 28.271186440677965 -37.675
1541 21.12727272727273 -10.854430379746836
1542 30.477272727272727 -36.18452380952381
1543 19.634920634920636 -30.266666666666666
1544 11.404761904761905 -25.536723163841806
1545 15.886363636363637 -27.403973509933774
1546 45.204081632653065 -30.481927710843372
1547 30.327272727272728 -41.078947368421055
1548 13.947368421052632 -22.339506172839506
1549 19.758064516129032 -14.99390243902439
1550 26.966101694915253 -31.025974025974026
1551 19.21311475409836 -19.19753086419753
1552 19.063492063492063 -38.987730061349694
1553 26.823529411764707 -26.581818181818182
1554 18.3 -34.197452229299365
1555 41.36666666666667 -39.33766233766234
1556 34.28813559322034 -34.7956204379562
1557 31.35185185185185 -21.886904761904763
1558 12.666666666666666 -30.62420382165605
1559 21.272727272727273 -39.11333333333334
1560 27.80851063829787 -42.57251908396947
1561 27.91176470588235 -26.798657718120804
1562 32.83673469387755 -26.433070866141733
1563 30.3265306122449 -33.84166666666667
1564 25.428571428571427 -31.20245398773006
1565 15.941176470588236 -38.87162162162162
1566 19.689655172413794 -20.804511278195488
1567 23.48780487804878 -33.338345864661655
1568 27.358974358974358 -41.197452229299365
1569 23.878048780487806 -35.348684210526315
1570 63.78378378378378 -37.23076923076923
1571 11.588235294117647 -35.37777777777778
1572 12.485714285714286 -30.930232558139537
1573 15.30232558139535 -38.32142857142857
1574 20.024390243902438 -32.04587155963303
1575 25.681818181818183 -30.504587155963304
1576 19.25531914893617 -37.01550387596899
1577 27.41176470588235 -36.614814814814814
1578 20.916666666666668 -31.88617886178862
1579 11.35135135135135 -37.875
1580 9.666666666666666 -27.066666666666666
1581 36.291666666666664 -39.51470588235294
1582 18.771428571428572 -34.03448275862069
1583 14.848484848484848 -31.196969696969695
1584 28.208333333333332 -36.833333333333336
1585 47.45454545454545 -64.0
1586 15.043478260869565 -42.442622950819676
1587 20.023809523809526 -37.792
1588 29.03921568627451 -44.878571428571426
1589 15.64102564102564 -34.82608695652174
1590 19.575 -24.76923076923077
1591 20.638297872340427 -42.58914728682171
1592 14.9375 -26.623076923076923
1593 49.976190476190474 -23.16923076923077
1594 10.078947368421053 -43.22727272727273
1595 33.628571428571426 -28.076923076923077
1596 79.74285714285715 -55.476190476190474
1597 30.31578947368421 -46.632075471698116
1598 31.7027027027027 -5.0
1599 17.84090909090909 -39.699029126213595
1600 26.25 -31.440366972477065
1601 13.326086956521738 -29.125984251968504
1602 33.666666666666664 -42.4765625
1603 21.77777777777778 -36.288
1604 16.84375 -24.785046728971963
1605 13.216216216216216 -39.652542372881356
1606 14.375 -25.5
1607 30.0 -19.355371900826448
1608 17.785714285714285 -38.785714285714285
1609 29.0 -10.171875
1610 29.15909090909091 -24.90082644628099
1611 19.29268292682927 -16.65546218487395
1612 10.586206896551724 -32.573913043478264
1613 24.387096774193548 -24.638297872340427
1614 31.217391304347824 -41.43478260869565
1615 5.486486486486487 -31.577319587628867
1616 19.551724137931036 -38.00854700854701
1617 36.55555555555556 -24.345454545454544
1618 12.96 -24.798319327731093
1619 37.083333333333336 -37.73109243697479
1620 33.24 -16.133333333333333
1621 21.192307692307693 -27.38679245283019
1622 27.046511627906977 -36.93617021276596
1623 22.681818181818183 -22.704761904761906
1624 18.658536585365855 -55.73737373737374
1625 17.42105263157895 -41.0
1626 40.375 -37.808510638297875
1627 30.216216216216218 -21.737373737373737
1628 29.225806451612904 -28.83695652173913
1629 16.25 -50.627906976744185
1630 16.928571428571427 -24.732558139534884
1631 17.76923076923077 -51.4
1632 19.526315789473685 -29.567010309278352
1633 26.666666666666668 -34.97802197802198
1634 19.060606060606062 -25.628865979381445
1635 31.2972972972973 -22.00943396226415
1636 37.90625 -33.116279069767444
1637 29.609756097560975 -31.684684684684683
1638 22.405405405405407 -51.88421052631579
1639 10.212121212121213 -21.489795918367346
1640 18.594594594594593 -37.091743119266056
1641 16.53846153846154 -34.23664122137404
1642 16.625 -26.83783783783784
1643 14.44 -37.38461538461539
1644 15.296296296296296 -47.95412844036697
1645 47.90909090909091 -34.47663551401869
1646 12.76923076923077 -56.383720930232556
1647 29.76 -23.584158415841586
1648 9.738095238095237 -26.043956043956044
1649 27.341463414634145 -27.375
1650 22.18918918918919 -21.59223300970874
1651 12.457142857142857 -32.6625
1652 17.676470588235293 -33.41975308641975
1653 17.75 -43.94690265486726
1654 50.421052631578945 -31.073684210526316
1655 21.923076923076923 -27.11578947368421
1656 21.377777777777776 -36.13265306122449
1657 22.523809523809526 -30.57894736842105
1658 13.935483870967742 -34.64
1659 25.525 -15.596153846153847
1660 19.647058823529413 -37.59782608695652
1661 15.23076923076923 -30.65740740740741
1662 20.44736842105263 -18.084745762711865
1663 8.147058823529411 -28.018691588785046
1664 20.7 -37.084210526315786
1665 29.542857142857144 -21.485981308411215
1666 36.44736842105263 -47.173469387755105
1667 25.192307692307693 -19.29591836734694
1668 19.875 -40.252747252747255
1669 25.444444444444443 -24.19811320754717
1670 25.90625 -30.916666666666668
1671 6.24 -38.91011235955056
1672 14.620689655172415 -17.74576271186441
1673 43.642857142857146 -34.52272727272727
1674 18.28125 -39.3780487804878
1675 22.516129032258064 -8.691489361702128
1676 22.322580645161292 -37.42718446601942
1677 40.911764705882355 -20.455445544554454
1678 13.935483870967742 -15.232558139534884
1679 17.272727272727273 -35.20879120879121
1680 24.444444444444443 -61.64705882352941
1681 24.70967741935484 -25.767123287671232
1682 11.303030303030303 -44.333333333333336
1683 14.851851851851851 -14.661971830985916
1684 20.166666666666668 -21.790697674418606
1685 20.652173913043477 -37.24761904761905
1686 20.5 -10.357142857142858
1687 23.96 -18.89855072463768
1688 19.178571428571427 -39.082352941176474
1689 25.714285714285715 -25.759493670886076
1690 9.962962962962964 -19.676056338028168
1691 15.642857142857142 -43.35294117647059
1692 10.321428571428571 -42.642857142857146
1693 33.083333333333336 -36.27472527472528
1694 32.22727272727273 -21.488636363636363
1695 48.72222222222222 -18.45054945054945
1696 23.2 -38.2125
1697 45.36 -27.64
1698 32.82142857142857 -51.65625
1699 24.19047619047619 -32.0875
1700 53.77777777777778 -29.870967741935484
1701 19.75 -47.63013698630137
1702 20.34375 -87.8529411764706
1703 15.058823529411764 -54.098591549295776
1704 19.347826086956523 -21.0
1705 15.166666666666666 -42.19230769230769
1706 15.7 -47.72222222222222
1707 31.476190476190474 -24.313432835820894
1708 11.294117647058824 -16.339285714285715
1709 16.047619047619047 -27.964912280701753
1710 12.470588235294118 -19.102941176470587
1711 17.045454545454547 -31.97142857142857
1712 6.555555555555555 -31.21518987341772
1713 29.055555555555557 -29.066666666666666
1714 15.043478260869565 -33.94915254237288
1715 16.57894736842105 -8.166666666666666
1716 18.25 -32.3469387755102
1717 26.333333333333332 -13.862745098039216
1718 23.32 -16.194444444444443
1719 40.46666666666667 -35.896103896103895
1720 9.238095238095237 -26.177777777777777
1721 25.75 -37.776119402985074
1722 18.727272727272727 -48.93150684931507
1723 12.238095238095237 -34.46875
1724 38.857142857142854 -41.43055555555556
1725 37.869565217391305 -42.44117647058823
1726 20.541666666666668 -16.647058823529413
1727 17.37142857142857 -20.16923076923077
1728 19.464285714285715 -42.583333333333336
1729 32.93333333333333 -15.04225352112676
1730 17.166666666666668 -31.653846153846153
1731 43.535714285714285 -26.896103896103895
1732 8.782608695652174 -50.66233766233766
1733 23.066666666666666 -25.39189189189189
1734 12.130434782608695 -31.88888888888889
1735 36.36 -36.10958904109589
1736 12.631578947368421 -69.68
1737 14.44 -23.48
1738 36.95238095238095 -25.9
1739 19.25925925925926 -24.86764705882353
1740 6.2272727272727275 -27.96969696969697
1741 29.428571428571427 -18.95774647887324
1742 26.93548387096774 -10.236363636363636
1743 44.714285714285715 -2.4782608695652173
1744 25.608695652173914 -53.596774193548384
1745 73.05263157894737 -50.97260273972603
1746 8.642857142857142 -52.129629629629626
1747 31.75 -32.19607843137255
1748 11.038461538461538 -12.041666666666666
1749 34.94444444444444 -15.361702127659575
1750 12.227272727272727 -42.32692307692308
1751 4.761904761904762 -13.339285714285714
1752 16.185185185185187 -26.88
1753 25.586206896551722 -25.318181818181817
1754 15.0 -51.5735294117647
1755 11.705882352941176 -49.36923076923077
1756 17.333333333333332 -35.16216216216216
1757 12.96551724137931 -60.38461538461539
1758 7.869565217391305 -66.4
1759 11.714285714285714 -26.03174603174603
1760 11.11111111111111 -9.727272727272727
1761 7.944444444444445 -29.540983606557376
1762 14.05 -32.83870967741935
1763 23.285714285714285 -31.357142857142858
1764 75.23529411764706 -7.526315789473684
1765 32.964285714285715 -73.88461538461539
1766 38.07142857142857 -13.642857142857142
1767 14.777777777777779 -21.120689655172413
1768 20.08695652173913 -13.453125
1769 11.875 -47.92537313432836
1770 11.142857142857142 -9.64
1771 55.041666666666664 -35.28260869565217
1772 60.73684210526316 -48.82608695652174
1773 16.46153846153846 -35.40350877192982
1774 24.42105263157895 -47.18
1775 14.235294117647058 -69.41379310344827
1776 27.608695652173914 -18.948275862068964
1777 37.523809523809526 -18.4
1778 18.0 -17.70769230769231
1779 21.642857142857142 -49.76190476190476
1780 17.708333333333332 -33.07142857142857
1781 36.904761904761905 -32.1875
1782 27.894736842105264 -12.76271186440678
1783 23.0 -36.36065573770492
1784 6.117647058823529 -41.049180327868854
1785 34.5 -40.38461538461539
1786 40.2 -42.26470588235294
1787 12.277777777777779 -13.717391304347826
1788 14.272727272727273 -37.55555555555556
1789 11.125 -36.54237288135593
1790 9.05 -23.142857142857142
1791 15.375 -26.88888888888889
1792 26.05 -35.6140350877193
1793 9.533333333333333 -19.42
1794 45.0625 -22.803571428571427
1795 10.5 -25.846153846153847
1796 12.470588235294118 -45.73684210526316
1797 92.875 -18.4
1798 6.217391304347826 -14.961538461538462
1799 15.428571428571429 -36.69230769230769
1800 19.75 -26.434782608695652
1801 23.857142857142858 -42.75
1802 16.42105263157895 -51.16
1803 14.5 -39.82222222222222
1804 17.076923076923077 -20.46511627906977
1805 43.3125 -14.547169811320755
1806 40.25 -30.106382978723403
1807 11.666666666666666 -25.53846153846154
1808 17.875 -54.791666666666664
1809 6.411764705882353 -43.09803921568628
1810 11.944444444444445 -70.82692307692308
1811 9.68421052631579 -73.80851063829788
1812 22.23076923076923 -44.30769230769231
1813 13.384615384615385 -13.75
1814 60.4 -53.26315789473684
1815 41.23076923076923 -31.741935483870968
1816 6.153846153846154 -10.3
1817 7.090909090909091 -28.060606060606062
1818 9.88888888888889 -25.766666666666666
1819 13.26086956521739 -27.463414634146343
1820 10.0 -54.0
1821 9.0 -23.795454545454547
1822 87.0 -25.46875
1823 39.0 -54.903225806451616
1824 18.5 -23.066666666666666
1825 37.72727272727273 -40.523809523809526
1826 27.5 -22.46153846153846
1827 17.565217391304348 -27.0
1828 7.866666666666666 -40.97560975609756
1829 24.3 -15.61111111111111
1830 30.88888888888889 -13.166666666666666
1831 19.666666666666668 -11.487179487179487
1832 48.0 -29.25531914893617
1833 32.0 -29.2
1834 43.357142857142854 -36.07142857142857
1835 8.818181818181818 -45.525
1836 11.416666666666666 -58.05882352941177
1837 15.538461538461538 -23.612903225806452
1838 24.666666666666668 -9.342857142857143
1839 36.733333333333334 -51.275
1840 24.3 -4.5675675675675675
1841 25.533333333333335 -32.44444444444444
1842 16.076923076923077 -28.4375
1843 54.31578947368421 -70.6
1844 20.428571428571427 -14.675675675675675
1845 34.125 -4.482758620689655
1846 43.69230769230769 -45.51282051282051
1847 38.5625 -12.825
1848 41.375 -14.6
1849 9.0 -21.829268292682926
1850 14.0 -23.870967741935484
1851 7.533333333333333 -44.65853658536585
1852 22.727272727272727 -2.96875
1853 10.0 -71.96153846153847
1854 10.357142857142858 -24.193548387096776
1855 12.916666666666666 -43.166666666666664
1856 34.27777777777778 -50.94736842105263
1857 30.941176470588236 -22.878048780487806
1858 15.7 -60.28260869565217
1859 14.210526315789474 -22.487179487179485
1860 33.666666666666664 -32.69767441860465
1861 38.083333333333336 -3.5294117647058822
1862 51.357142857142854 -16.585365853658537
1863 21.333333333333332 -40.17391304347826
1864 60.0 -43.53125
1865 127.5 -49.65714285714286
1866 15.8 -17.962962962962962
1867 8.3 -54.42857142857143
1868 32.266666666666666 -34.725
1869 23.0 -16.62857142857143
1870 14.625 -21.533333333333335
1871 9.875 -4.7272727272727275
1872 4.5 -26.8
1873 17.071428571428573 -3.64
1874 76.25 -7.5
1875 10.333333333333334 -15.972972972972974
1876 16.53846153846154 -47.225
1877 10.384615384615385 -5.714285714285714
1878 20.923076923076923 -23.05
1879 6.375 -37.351351351351354
1880 21.666666666666668 -39.63636363636363
1881 34.0 -11.86111111111111
1882 15.071428571428571 -81.21428571428571
1883 22.2 -14.925925925925926
1884 22.846153846153847 -4.96
1885 17.166666666666668 -68.72413793103448
1886 3.1 -131.38095238095238
1887 13.6 -10.23076923076923
1888 17.0 -15.970588235294118
1889 11.529411764705882 -15.676470588235293
1890 59.07692307692308 -27.448275862068964
1891 84.9090909090909 -41.77777777777778
1892 40.07142857142857 -34.1764705882353
1893 25.428571428571427 -33.07692307692308
1894 4.2 -19.854166666666668
1895 14.785714285714286 -14.266666666666667
1896 15.0 -73.08571428571429
1897 37.61538461538461 -30.43243243243243
1898 14.125 -6.675
1899 46.166666666666664 -17.214285714285715
1900 54.5 -41.95652173913044
1901 44.470588235294116 -68.04166666666667
1902 10.23076923076923 -40.10526315789474
1903 3.75 -23.193548387096776
1904 25.0 -53.74074074074074
1905 29.75 -19.75
1906 20.307692307692307 -39.888888888888886
1907 46.25 -3.869565217391304
1908 11.333333333333334 -25.357142857142858
1909 58.125 -62.25806451612903
1910 43.7 -4.681818181818182
1911 11.5 -23.941176470588236
1912 23.5 -9.736842105263158
1913 15.25 -25.095238095238095
1914 39.888888888888886 -3.0384615384615383
1915 10.785714285714286 -56.333333333333336
1916 20.0 -28.321428571428573
1917 123.83333333333333 -64.03703703703704
1918 26.0 -41.31818181818182
1919 15.375 -83.25925925925925
1920 32.857142857142854 -43.77777777777778
1921 5.6 -50.357142857142854
1922 20.857142857142858 -28.6
1923 21.428571428571427 -46.96153846153846
1924 10.6 -68.125
1925 18.333333333333332 -57.416666666666664
1926 15.142857142857142 -9.444444444444445
1927 14.5 -32.0
1928 8.2 -17.238095238095237
1929 19.38888888888889 -8.714285714285714
1930 10.0 -54.13333333333333
1931 84.77777777777777 -54.02777777777778
1932 25.0 -31.433333333333334
1933 16.1 -43.333333333333336
1934 7.166666666666667 -30.81578947368421
1935 30.0 -22.64516129032258
1936 25.22222222222222 -25.87878787878788
1937 5.75 -5.2727272727272725
1938 28.0 -35.193548387096776
1939 22.0625 -24.0
1940 14.5 -35.36
1941 5.285714285714286 -88.70588235294117
1942 4.4 -19.5
1943 18.4 -87.28571428571429
1944 42.7 -59.851851851851855
1945 11.428571428571429 -3.1578947368421053
1946 32.18181818181818 -14.142857142857142
1947 13.833333333333334 -5.777777777777778
1948 21.875 -6.454545454545454
1949 17.0 -16.869565217391305
1950 42.875 -37.80769230769231
1951 11.363636363636363 -14.947368421052632
1952 32.333333333333336 -45.27272727272727
1953 22.9 -6.722222222222222
1954 7.777777777777778 -28.391304347826086
1955 21.555555555555557 -86.57142857142857
1956 9.6 -21.5
1957 18.214285714285715 -8.125
1958 7.833333333333333 -22.970588235294116
1959 34.0 -25.227272727272727
1960 4.6 -80.20833333333333
1961 32.0 -35.95238095238095
1962 17.4 -37.45454545454545
1963 42.833333333333336 -71.9090909090909
1964 38.0 -31.272727272727273
1965 6.666666666666667 -27.57894736842105
1966 10.666666666666666 -32.666666666666664
1967 5.0 -38.10526315789474
1968 24.333333333333332 -30.333333333333332
1969 23.0 -38.1764705882353
1970 39.25 -11.173913043478262
1971 11.75 -8.31578947368421
1972 5.5 -26.9
1973 3.75 -57.80952380952381
1974 8.25 -58.35
1975 16.5 -6.444444444444445
1976 8.75 -3.727272727272727
1977 5.0 -129.7
1978 53.666666666666664 -5.3125
1979 6.142857142857143 -14.9375
1980 68.22222222222223 -52.35
1981 123.375 -32.22727272727273
1982 17.7 -28.653846153846153
1983 18.142857142857142 -41.72222222222222
1984 25.166666666666668 -20.5
1985 30.25 -106.52380952380952
1986 3.5 -83.85714285714286
1987 11.5 -68.78947368421052
1988 21.444444444444443 -89.8125
1989 9.285714285714286 -99.1
1990 32.625 -39.705882352941174
1991 29.428571428571427 -32.05
1992 17.166666666666668 -76.25
1993 6.833333333333333 -36.142857142857146
1994 5.0 -75.54166666666667
1995 9.0 -40.68421052631579
1996 56.0 -8.615384615384615
1997 7.0 -10.333333333333334
1998 9.666666666666666 -126.08333333333333
1999 24.25 -57.84615384615385
2000 9.5 -68.15384615384616
2001 25.0 -4.2
2002 4.25 -113.9375
2003 31.666666666666668 -76.78571428571429
2004 6.8 -58.75
2005 3.1 -62.285714285714285
2006 12.5 -45.388888888888886
2007 7.333333333333333 -52.18181818181818
2008 19.428571428571427 -136.47368421052633
2009 34.0 -75.875
2010 10.25 -2.6875
2011 11.125 -7.25
2012 5.1 -12.210526315789474
2013 7.625 -6.411764705882353
2014 38.666666666666664 -57.0
2015 42.5 -35.63636363636363
2016 21.333333333333332 -6.758620689655173
2017 18.0 -1.1578947368421053
2018 3.6666666666666665 -17.4
2019 4.75 -30.42105263157895
2020 16.666666666666668 -60.25
2021 3.25 -81.52941176470588
2022 56.0 -45.888888888888886
2023 34.72727272727273 -15.923076923076923
2024 24.333333333333332 -10.409090909090908
2025 6.4 -52.42857142857143
2026 4.0 -1.9333333333333333
2027 17.25 -42.064516129032256
2028 42.833333333333336 -52.526315789473685
2029 8.0 -39.18181818181818
2030 10.666666666666666 -35.5
2031 3.0 -20.814814814814813
2032 36.4 -105.70588235294117
2033 4.8 -10.454545454545455
2034 17.333333333333332 -0.5333333333333333
2035 16.0 -89.1304347826087
2036 7.0 -1.5555555555555556
2037 0 -65.2
2038 15.222222222222221 -117.3529411764706
2039 5.0 -1.8
2040 12.0 -17.05263157894737
2041 66.66666666666667 -9.785714285714286
2042 17.833333333333332 -11.333333333333334
2043 62.0 -1.625
2044 2.0 -34.8
2045 3.5 -50.5
2046 12.166666666666666 -16.1
2047 18.8 -7.909090909090909
2048 3.0 -5.333333333333333
2049 19.5 -0.6666666666666666
2050 25.333333333333332 -328.0
2051 7.333333333333333 -4.333333333333333
2052 11.6 -51.857142857142854
2053 8.5 -47.5
2054 11.6 -6.214285714285714
2055 23.0 -0.75
2056 22.0 -106.2
2057 2.0 -14.8
2058 13.75 -0.8
2059 4.0 -114.55555555555556
2060 39.0 -138.5
2061 44.4 -166.85714285714286
2062 111.25 -34.3
2063 39.333333333333336 -45.5
2064 6.6 -6.7
2065 2.5 -13.625
2066 19.0 -43.875
2067 4.6 -9.5
2068 7.2 -14.565217391304348
2069 7.0 -44.5
2070 20.6 -17.0625
2071 6.666666666666667 -12.8
2072 5.5 -111.0
2073 70.33333333333333 -51.083333333333336
2074 118.33333333333333 -50.89473684210526
2075 9.0 -46.5
2076 30.8 -0.6666666666666666
2077 18.6 -6.1
2078 20.0 -1.411764705882353
2079 8.333333333333334 -115.0
2080 35.25 -1.3333333333333333
2081 6.0 -12.5
2082 6.0 -34.857142857142854
2083 5.5 -72.0
2084 59.0 -0.9
2085 3.5 -19.142857142857142
2086 115.5 -2.5
2087 7.0 -50.63636363636363
2088 15.571428571428571 -46.36842105263158
2089 3.0 -9.714285714285714
2090 2.25 -17.571428571428573
2091 6.375 -3.95
2092 2.0 -109.05555555555556
2093 3.5 -65.94117647058823
2094 108.5 -2.3846153846153846
2095 4.0 -104.13333333333334
2096 15.666666666666666 -1.5
2097 43.57142857142857 -166.16666666666666
2098 18.333333333333332 -36.81818181818182
2099 2.5 -94.57142857142857
2100 2.0 -24.5
2101 6.6 -84.16666666666667
2102 3.5 -12.818181818181818
2103 17.333333333333332 -0.5
2104 3.5 -32.15384615384615
2105 37.666666666666664 -2.4615384615384617
2106 13.8 -50.1
2107 9.5 -20.818181818181817
2108 4.5 -74.5
2109 26.5 -3.5
2110 4.833333333333333 -0.7142857142857143
2111 3.0 -0.5
2112 3.0 -64.0
2113 5.0 -98.0
2114 15.666666666666666 -20.0
2115 14.0 -17.8
2116 19.0 -25.0
2117 98.33333333333333 -111.0
2118 21.5 -56.111111111111114
2119 6.0 -5.181818181818182
2120 44.75 -24.785714285714285
2121 6.0 -1.9375
2122 50.8 -107.625
2123 3.5 -2.7142857142857144
2124 16.333333333333332 -36.875
2125 40.142857142857146 -140.0
2126 3.0 -37.15384615384615
2127 22.25 -13.625
2128 229.0 -92.53846153846153
2129 0 -112.08333333333333
2130 6.666666666666667 -6.7
2131 3.25 -7.6923076923076925
2132 7.0 -1.25
2133 27.0 -32.5
2134 2.0 -8.666666666666666
2135 14.0 -1.2
2136 17.5 -13.666666666666666
2137 2.0 -25.5
2138 14.5 -9.666666666666666
2139 3.0 -114.66666666666667
2140 10.2 -5.333333333333333
2141 19.0 -3.3636363636363638
2142 4.25 -8.11111111111111
2143 7.0 -0.3333333333333333
2144 0 -51.125
2145 0 0.0
2146 20.75 -9.0
2147 3.0 -2.0
2148 75.66666666666667 -125.875
2149 21.666666666666668 -0.3333333333333333
2150 63.42857142857143 -12.6
2151 12.0 -69.22222222222223
2152 6.0 -5.571428571428571
2153 3.6666666666666665 -7.733333333333333
2154 4.5 -3.75
2155 5.0 -62.0
2156 4.666666666666667 -2.3333333333333335
2157 14.0 0.0
2158 48.5 -139.42857142857142
2159 14.2 -57.333333333333336
2160 20.333333333333332 -1.5
2161 7.0 -21.272727272727273
2162 11.714285714285714 -5.090909090909091
2163 8.5 -29.545454545454547
2164 9.666666666666666 -110.63636363636364
2165 3.3333333333333335 -22.0
2166 11.0 -102.88888888888889
2167 105.0 -11.0
2168 7.0 -57.09090909090909
2169 59.75 -1.4285714285714286
2170 37.5 -1.0
2171 54.333333333333336 -2.375
2172 10.5 -11.9
2173 9.0 -24.181818181818183
2174 41.0 -75.5
2175 6.75 -2.3333333333333335
2176 0 -2.0
2177 2.0 -86.0
2178 0 -15.0
2179 3.0 -327.3333333333333
2180 16.2 -27.0
2181 13.75 -90.33333333333333
2182 2.75 -19.153846153846153
2183 107.28571428571429 -1.0
2184 3.25 -13.545454545454545
2185 27.0 -49.666666666666664
2186 8.428571428571429 -1.4285714285714286
2187 5.666666666666667 -2.75
2188 29.2 -3.1818181818181817
2189 62.0 -18.533333333333335
2190 7.4 -36.666666666666664
2191 22.4 -7.833333333333333
2192 6.0 -30.25
2193 2.0 -111.8
2194 6.0 -0.6666666666666666
2195 11.4 -34.4
2196 0 -7.833333333333333
2197 2.0 -15.0625
2198 63.0 -3.5555555555555554
2199 23.0 -1.75
2200 0 -384.0
2201 0 0.0
2202 5.0 -386.5
2203 8.0 0.0
2204 26.0 -95.66666666666667
2205 2.0 -13.666666666666666
2206 0 -31.4
2207 8.5 -0.8
2208 10.25 -1.5
2209 2.0 -4.833333333333333
2210 4.0 0.0
2211 2.0 -0.6
2212 4.666666666666667 -45.25
2213 104.66666666666667 -3.0
2214 59.0 -16.375
2215 9.0 -7.4
2216 31.5 -44.285714285714285
2217 0 -20.857142857142858
2218 4.0 -7.444444444444445
2219 17.0 0.0
2220 0 -18.25
2221 2.6666666666666665 -136.0
2222 3.0 -1.3333333333333333
2223 3.0 0.0
2224 43.0 0.0
2225 32.666666666666664 -70.22222222222223
2226 3.0 -62.22222222222222
2227 0 -118.25
2228 11.5 -96.66666666666667
2229 31.0 -3.0
2230 3.5 -5.285714285714286
2231 84.66666666666667 -1.0
2232 3.5 -0.2222222222222222
2233 6.0 -0.6
2234 36.333333333333336 -41.5
2235 7.666666666666667 0.0
2236 3.5 -0.5714285714285714
2237 2.5 -12.8
2238 4.0 -89.85714285714286
2239 49.0 -1.5
2240 5.0 -98.54545454545455
2241 0 -1.2
2242 9.0 -1.0769230769230769
2243 10.25 -58.111111111111114
2244 3.0 -89.45454545454545
2245 22.0 -0.3333333333333333
2246 63.333333333333336 -23.428571428571427
2247 16.0 -84.3
2248 0 -80.76923076923077
2249 4.0 -1.1428571428571428
2250 7.0 -2.0
2251 0 -8.0
2252 9.666666666666666 -44.6
2253 3.0 0.0
2254 11.0 0.0
2255 69.66666666666667 -14.75
2256 0 -5.333333333333333
2257 2.0 -91.4
2258 10.8 -0.4
2259 5.5 -215.22222222222223
2260 13.4 -30.3
2261 0 -28.285714285714285
2262 7.0 -22.77777777777778
2263 0 -3.375
2264 3.5 0.0
2265 43.5 -2.0
2266 0 -5.111111111111111
2267 3.5 -26.666666666666668
2268 13.5 -1.8
2269 28.0 -0.6666666666666666
2270 15.0 0.0
2271 0 -18.625
2272 0 -125.81818181818181
2273 8.0 -4.0
2274 26.0 -1.0
2275 56.0 0.0
2276 3.5 0.0
2277 255.0 -1.0
2278 14.5 -3.6666666666666665
2279 5.0 -58.666666666666664
2280 61.0 -104.5
2281 2.0 -13.4
2282 2.0 -38.2
2283 9.75 -1.0
2284 6.25 -10.0
2285 10.5 -4.333333333333333
2286 16.8 -1.0
2287 8.0 -3.375
2288 27.0 -29.25
2289 11.0 -0.75
2290 4.0 -2.7142857142857144
2291 3.0 -5.916666666666667
2292 0 -77.71428571428571
2293 185.0 -113.66666666666667
2294 0 -2.0
2295 0 -7.333333333333333
2296 41.5 -11.0
2297 2.5 -5.0
2298 15.0 -29.4
2299 0 -3.2
2300 61.0 -39.333333333333336
2301 6.0 -14.25
2302 7.5 -124.0
2303 2.0 0.0
2304 3.5 -82.33333333333333
2305 0 -4.0
2306 4.0 -24.4
2307 0 -5.666666666666667
2308 0 -9.0
2309 3.5 -106.33333333333333
2310 11.0 -6.0
2311 65.0 -2.6
2312 60.0 -11.4
2313 12.666666666666666 -6.833333333333333
2314 0 -1.25
2315 7.0 -376.0
2316 209.33333333333334 0.0
2317 0 -146.2
2318 5.0 0
2319 71.5 -2.6666666666666665
2320 0 -39.333333333333336
2321 25.0 -134.0
2322 2.0 -13.5
2323 4.0 -0.6666666666666666
2324 0 0.0
2325 3.5 -306.75
2326 154.0 -3.0
2327 42.5 -2.0
2328 18.5 -29.333333333333332
2329 3.0 -3.0
2330 0 -0.75
2331 2.3333333333333335 -272.6666666666667
2332 0 -62.4
2333 20.5 -2.0
2334 0 -1.75
2335 18.333333333333332 0.0
2336 38.0 -0.4
2337 3.0 -0.5714285714285714
2338 18.0 0.0
2339 3.5 0.0
2340 2.0 -4.5
2341 8.0 -297.3333333333333
2342 31.0 -7.666666666666667
2343 2.0 -30.5
2344 10.5 -2.4
2345 4.0 -0.25
2346 0 -134.6
2347 0 0
2348 0 -203.6
2349 12.0 -1.0
2350 2.0 -8.666666666666666
2351 0 0
2352 0 -21.0
2353 0 -9.0
2354 5.0 -17.0
2355 2.0 0.0
2356 20.0 -81.42857142857143
2357 51.5 -1.5555555555555556
2358 0 -0.9
2359 7.0 -4.0
2360 2.0 -8.0
2361 29.0 -104.16666666666667
2362 0 -14.5
2363 0 -1.0
2364 0 -1.0
2365 0 0.0
2366 199.0 -2.0
2367 0 0.0
2368 16.0 0
2369 11.75 0
2370 2.0 -1.2
2371 0 0.0
2372 2.0 -41.666666666666664
2373 0 -1.0
2374 28.5 -1.0
2375 2.0 0.0
2376 2.0 -1.2
2377 3.0 -340.3333333333333
2378 11.333333333333334 0.0
2379 22.0 0.0
2380 101.0 0.0
2381 0 -17.0
2382 0 -90.6
2383 0 -146.75
2384 0 -144.2
2385 0 -34.0
2386 0 -121.66666666666667
2387 0 -31.0
2388 32.0 0.0
2389 5.0 -34.5
2390 3.5 -1.0
2391 0 -4.5
2392 3.0 -7.5
2393 6.0 0.0
2394 0 -180.0
2395 4.0 -5.0
2396 3.0 0.0
2397 0 -54.4
2398 0 -7.666666666666667
2399 3.5 -11.5
2400 0 0.0
2401 11.0 -8.0
2402 2.0 -72.0
2403 22.0 0.0
2404 4.0 -2.0
2405 2.0 -2.0
2406 0 -18.4
2407 6.5 -6.0
2408 47.5 -0.8
2409 7.0 0.0
2410 9.0 0.0
2411 16.0 0.0
2412 0 -0.8
2413 2.0 -1.25
2414 0 -2.6666666666666665
2415 0 0.0
2416 235.0 0
2417 0 0
2418 5.333333333333333 -6.0
2419 3.0 -2.0
2420 0 -17.666666666666668
2421 5.0 -125.0
2422 124.5 -6.666666666666667
2423 0 -55.0
2424 4.0 -499.5
2425 0 0.0
2426 0 -2.0
2427 36.5 -4.0
2428 2.5 -3.25
2429 6.0 -6.5
2430 19.0 -1.0
2431 4.333333333333333 -0.8
2432 26.0 -48.666666666666664
2433 10.0 0.0
2434 0 0.0
2435 26.0 -9.333333333333334
2436 6.5 0.0
2437 3.0 -73.8
2438 4.0 -0.5
2439 19.0 -7.4
2440 3.0 -1.4
2441 49.0 0.0
2442 41.5 -31.25
2443 0 -1.5
2444 2.0 -3.7142857142857144
2445 0 -2.8333333333333335
2446 0 -3.0
2447 0 -1.0
2448 11.0 -19.75
2449 0 -36.333333333333336
2450 0 -4.0
2451 0 -1053.0
2452 0 -2.3333333333333335
2453 290.0 -1.5
2454 0 -0.6666666666666666
2455 0 -1.25
2456 0 0.0
2457 0 -57.5
2458 0 -32.5
2459 3.0 -28.4
2460 2.0 -63.375
2461 76.0 -7.666666666666667
2462 2.5 0.0
2463 60.5 -40.333333333333336
2464 25.0 0.0
2465 13.0 0
2466 13.5 -3.6666666666666665
2467 0 -36.666666666666664
2468 0 -283.0
2469 5.0 -0.6666666666666666
2470 0 0.0
2471 0 0.0
2472 0 -10.5
2474 0 -6.0
2475 0 -1.5
2476 0 0.0
2477 0 0.0
2478 0 -6.5
2479 0 -82.0
2480 9.0 -10.0
2481 0 -0.6666666666666666
2482 0 0.0
2483 5.0 -19.666666666666668
2484 0 0
2485 0 -3.5
2487 22.0 0
2488 0 -2.5
2489 0 0.0
2490 25.0 0
2491 0 -228.0
2493 0 -33.0
2495 7.0 -830.0
2496 0 0.0
2497 8.0 0
2498 0 0.0
2499 0 0.0
2500 0 -48.5
2501 0 -6.333333333333333
2502 42.5 -33.0
2503 4.0 0.0
2504 0 -2.0
2505 3.0 -28.0
2506 0 -111.0
2507 7.0 -2.5
2508 34.0 0.0
2509 2.75 0.0
2510 0 0.0
2511 401.0 -6.0
2512 7.666666666666667 -2.5
2513 0 -1.3333333333333333
2514 15.666666666666666 -97.33333333333333
2515 3.0 0.0
2516 21.0 -39.0
2517 0 -109.0
2518 0 -1.3333333333333333
2519 3.0 -105.5
2520 7.0 -1.75
2521 0 -2.25
2522 3.0 -1.8
2523 0 -0.6666666666666666
2524 103.0 0
2525 0 -232.0
2526 0 -2.75
2527 0 0.0
2528 0 -0.6666666666666666
2529 0 0.0
2530 0 -225.0
2531 0 -292.0
2532 0 -12.8
2533 0 0.0
2534 0 0.0
2535 0 0.0
2536 0 0
2537 0 -19.5
2538 2.0 0.0
2539 6.0 0
2540 2.0 -18.5
2541 0 0.0
2542 6.5 -2.0
2543 0 0.0
2544 0 0.0
2545 0 0
2546 0 -42.5
2548 4.0 0
2549 0 -4.0
2550 0 -16.666666666666668
2551 3.0 0.0
2552 79.0 -1.0
2553 0 -3.0
2554 14.0 0
2555 0 -39.5
2556 0 0.0
2561 19.0 0
2562 0 0.0
2563 0 0.0
2564 10.0 0
2565 0 0.0
2566 0 -95.66666666666667
2567 4.5 0.0
2568 46.0 0.0
2569 5.0 -8.25
2570 4.0 -1.0
2571 0 0.0
2572 13.0 -4.0
2573 0 -29.4
2574 0 0.0
2575 0 -4.0
2576 0 0
2577 6.0 -2.5
2578 0 0.0
2579 45.0 0
2580 3.0 -14.5
2581 3.0 0
2582 0 -1.0
2583 2.0 0.0
2584 0 -11.0
2585 0 -25.5
2586 2.0 -4.5
2587 5.0 -18.0
2588 8.5 0.0
2589 0 0
2590 0 -582.0
2592 0 -499.5
2593 22.0 0.0
2594 0 -2.0
2595 2.0 0.0
2596 0 0.0
2597 0 -1185.0
2599 0 0
2600 0 -26.5
2601 0 0.0
2605 0 -19.0
2608 0 -3.0
2609 4.0 0.0
2610 0 0.0
2611 0 0.0
2612 0 0
2613 2.0 0
2614 0 -490.0
2615 28.0 -16.5
2616 0 0.0
2617 0 -8.0
2618 0 0.0
2619 9.0 0.0
2620 0 0.0
2621 8.0 0.0
2623 0 -11.0
2624 5.0 -3.0
2625 16.0 0.0
2626 0 0.0
2627 0 -1.5
2628 10.5 -7.0
2629 0 0.0
2630 14.0 -75.0
2631 0 0.0
2632 0 0.0
2633 4.0 0
2634 0 0.0
2636 0 -43.0
2637 0 -629.0
2638 0 -2.0
2639 0 0.0
2640 0 0.0
2643 2.0 -27.0
2644 0 0
2645 5.5 0
2646 0 0.0
2647 91.0 -130.0
2649 12.0 0
2650 0 0.0
2651 0 -1.0
2653 0 -13.0
2654 0 -18.5
2655 0 0.0
2656 0 0
2657 0 -456.0
2662 2.0 -6.0
2663 0 0.0
2664 0 -21.0
2665 0 -869.0
2666 0 0.0
2667 0 -12.0
2668 0 -1.0
2669 2.0 0.0
2671 0 -2.5
2686 0 0
2687 5.0 0
2688 0 0
2689 0 -1.0
2690 2.0 -43.0
2691 0 0.0
2692 2.0 -1.5
2693 0 -1.0
2694 0 0.0
2695 0 -83.5
2708 0 0
2709 10.0 0.0
2719 65.0 0
2743 133.0 0
2765 2.0 -622.0
2766 0 0.0
2767 0 0.0
2782 0 0
2783 4.5 0.0
2784 2.0 0.0
2785 0 0.0
2786 0 0
2787 2.0 -49.5
2788 0 0.0
2789 0 0
2790 0 -3.0
2791 4.0 0
2792 0 -3.0
2793 0 0.0
2794 0 -87.33333333333333
2795 0 -2.0
2796 4.0 0.0
2797 60.0 0.0
2798 0 0.0
2799 0 0.0
2800 0 0.0
2801 0 -4.0
2802 0 0.0
2814 0 -128.0
2841 0 -51.0
2842 0 0.0
2843 0 0.0
2844 0 0.0
2856 0 -12.0
2857 0 0.0
2874 0 0
2875 0 0.0
2876 0 -167.0
2877 2.0 -1.0
2878 0 0.0
2879 0 0.0
2901 0 0
2902 2.0 0.0
2903 0 0.0
2904 9.0 0
2905 4.0 0.0
2909 0 0
2910 3.0 -7.0
2911 0 0.0
2912 35.0 0.0
2913 5.0 0.0
2914 0 0.0
2915 0 0
2916 0 0
2917 0 -3.0
2919 0 0
2920 0 0.0
2921 0 0.0
2922 0 0
2923 2.0 0
2925 2.0 0
2927 0 -500.0
2944 0 0
2945 0 0.0
2946 14.0 0.0
2947 0 0
2948 0 0
2949 0 -3.0
2960 0 0
2961 0 0
2962 102.0 0
3060 0 -437.0
3064 0 -4.0
3065 0 0
3066 0 -2.0
