0 0.2608795166015625
1 0.2590484619140625
2 0.258880615234375
3 0.2609405517578125
4 0.260711669921875
5 0.2583465576171875
6 0.25921630859375
7 0.26055908203125
8 0.258880615234375
9 0.2588348388671875
10 0.258514404296875
11 0.2608795166015625
12 0.257720947265625
13 0.25836181640625
14 0.2575225830078125
15 0.25921630859375
16 0.260101318359375
17 0.2588958740234375
18 0.2603759765625
19 0.2586822509765625
20 0.2599945068359375
21 0.259124755859375
22 0.2614288330078125
23 0.26043701171875
24 0.258697509765625
25 0.260833740234375
26 0.2586669921875
27 0.2610626220703125
28 0.2590789794921875
29 0.2597198486328125
30 0.2595672607421875
31 0.2593841552734375
32 0.25897216796875
33 0.257232666015625
34 0.2605133056640625
35 0.2593994140625
36 0.261260986328125
37 0.2576446533203125
38 0.258331298828125
39 0.2581634521484375
40 0.258941650390625
41 0.2591400146484375
42 0.2589569091796875
43 0.2591552734375
44 0.2591705322265625
45 0.25811767578125
46 0.2581329345703125
47 0.2613372802734375
48 0.25775146484375
49 0.2602081298828125
50 0.2586669921875
51 0.2602081298828125
52 0.26116943359375
53 0.2596588134765625
54 0.2589874267578125
55 0.2586669921875
56 0.258392333984375
57 0.261077880859375
58 0.2606201171875
59 0.2603759765625
60 0.2609405517578125
61 0.2607421875
62 0.256683349609375
63 0.26104736328125
