-2706 1
-2705 0
-2704 0
-2703 0
-2702 0
-2701 0
-2700 0
-2699 0
-2698 0
-2697 0
-2696 0
-2695 0
-2694 0
-2693 0
-2692 0
-2691 0
-2690 0
-2689 0
-2688 0
-2687 0
-2686 0
-2685 0
-2684 0
-2683 0
-2682 1
-2681 0
-2680 0
-2679 0
-2678 0
-2677 0
-2676 0
-2675 0
-2674 0
-2673 0
-2672 0
-2671 0
-2670 0
-2669 0
-2668 0
-2667 0
-2666 0
-2665 0
-2664 0
-2663 0
-2662 0
-2661 0
-2660 0
-2659 0
-2658 0
-2657 0
-2656 0
-2655 0
-2654 0
-2653 0
-2652 0
-2651 0
-2650 0
-2649 0
-2648 0
-2647 0
-2646 0
-2645 1
-2644 0
-2643 0
-2642 0
-2641 0
-2640 0
-2639 0
-2638 0
-2637 0
-2636 0
-2635 0
-2634 0
-2633 0
-2632 0
-2631 0
-2630 0
-2629 0
-2628 0
-2627 0
-2626 0
-2625 0
-2624 0
-2623 0
-2622 0
-2621 0
-2620 0
-2619 0
-2618 0
-2617 0
-2616 0
-2615 0
-2614 0
-2613 0
-2612 0
-2611 0
-2610 0
-2609 0
-2608 0
-2607 0
-2606 0
-2605 0
-2604 0
-2603 0
-2602 0
-2601 0
-2600 0
-2599 0
-2598 0
-2597 0
-2596 0
-2595 0
-2594 0
-2593 0
-2592 0
-2591 0
-2590 0
-2589 0
-2588 0
-2587 0
-2586 0
-2585 0
-2584 0
-2583 0
-2582 0
-2581 0
-2580 0
-2579 0
-2578 0
-2577 0
-2576 0
-2575 0
-2574 0
-2573 0
-2572 0
-2571 0
-2570 0
-2569 0
-2568 0
-2567 0
-2566 0
-2565 0
-2564 0
-2563 0
-2562 0
-2561 0
-2560 0
-2559 0
-2558 0
-2557 0
-2556 0
-2555 1
-2554 0
-2553 0
-2552 0
-2551 0
-2550 0
-2549 0
-2548 0
-2547 0
-2546 0
-2545 0
-2544 0
-2543 0
-2542 0
-2541 0
-2540 0
-2539 0
-2538 0
-2537 0
-2536 0
-2535 0
-2534 0
-2533 0
-2532 0
-2531 0
-2530 0
-2529 0
-2528 0
-2527 0
-2526 0
-2525 0
-2524 0
-2523 0
-2522 0
-2521 0
-2520 0
-2519 0
-2518 0
-2517 0
-2516 0
-2515 0
-2514 0
-2513 0
-2512 0
-2511 0
-2510 0
-2509 0
-2508 0
-2507 1
-2506 0
-2505 0
-2504 0
-2503 0
-2502 0
-2501 0
-2500 0
-2499 0
-2498 0
-2497 0
-2496 0
-2495 0
-2494 0
-2493 0
-2492 0
-2491 0
-2490 0
-2489 0
-2488 0
-2487 0
-2486 0
-2485 0
-2484 0
-2483 0
-2482 0
-2481 0
-2480 0
-2479 0
-2478 0
-2477 0
-2476 0
-2475 0
-2474 0
-2473 0
-2472 0
-2471 0
-2470 0
-2469 0
-2468 0
-2467 0
-2466 0
-2465 0
-2464 0
-2463 0
-2462 0
-2461 0
-2460 0
-2459 0
-2458 0
-2457 0
-2456 0
-2455 0
-2454 0
-2453 0
-2452 0
-2451 0
-2450 1
-2449 0
-2448 0
-2447 0
-2446 0
-2445 0
-2444 0
-2443 0
-2442 1
-2441 0
-2440 0
-2439 0
-2438 0
-2437 0
-2436 0
-2435 0
-2434 0
-2433 0
-2432 0
-2431 0
-2430 0
-2429 0
-2428 0
-2427 0
-2426 0
-2425 0
-2424 0
-2423 0
-2422 0
-2421 1
-2420 1
-2419 0
-2418 0
-2417 0
-2416 0
-2415 0
-2414 0
-2413 0
-2412 0
-2411 1
-2410 0
-2409 0
-2408 0
-2407 0
-2406 0
-2405 0
-2404 0
-2403 0
-2402 0
-2401 0
-2400 0
-2399 0
-2398 0
-2397 0
-2396 0
-2395 0
-2394 0
-2393 0
-2392 0
-2391 0
-2390 0
-2389 0
-2388 0
-2387 0
-2386 0
-2385 0
-2384 0
-2383 0
-2382 0
-2381 0
-2380 0
-2379 0
-2378 0
-2377 0
-2376 1
-2375 0
-2374 0
-2373 0
-2372 1
-2371 0
-2370 0
-2369 0
-2368 0
-2367 0
-2366 0
-2365 0
-2364 0
-2363 0
-2362 0
-2361 0
-2360 0
-2359 0
-2358 0
-2357 0
-2356 0
-2355 0
-2354 0
-2353 0
-2352 0
-2351 0
-2350 0
-2349 0
-2348 0
-2347 0
-2346 0
-2345 0
-2344 0
-2343 0
-2342 0
-2341 0
-2340 0
-2339 0
-2338 0
-2337 0
-2336 0
-2335 0
-2334 0
-2333 0
-2332 0
-2331 0
-2330 0
-2329 0
-2328 0
-2327 0
-2326 0
-2325 0
-2324 0
-2323 0
-2322 0
-2321 0
-2320 0
-2319 0
-2318 0
-2317 0
-2316 0
-2315 0
-2314 0
-2313 0
-2312 0
-2311 0
-2310 0
-2309 0
-2308 0
-2307 0
-2306 0
-2305 0
-2304 0
-2303 0
-2302 0
-2301 0
-2300 0
-2299 0
-2298 0
-2297 0
-2296 0
-2295 0
-2294 0
-2293 0
-2292 0
-2291 0
-2290 0
-2289 0
-2288 0
-2287 0
-2286 0
-2285 0
-2284 1
-2283 0
-2282 0
-2281 0
-2280 0
-2279 0
-2278 0
-2277 0
-2276 0
-2275 0
-2274 0
-2273 0
-2272 0
-2271 0
-2270 0
-2269 0
-2268 1
-2267 0
-2266 0
-2265 0
-2264 0
-2263 0
-2262 0
-2261 0
-2260 0
-2259 0
-2258 0
-2257 0
-2256 0
-2255 0
-2254 0
-2253 0
-2252 0
-2251 0
-2250 0
-2249 0
-2248 0
-2247 0
-2246 0
-2245 0
-2244 0
-2243 0
-2242 0
-2241 0
-2240 0
-2239 0
-2238 1
-2237 0
-2236 0
-2235 1
-2234 0
-2233 1
-2232 0
-2231 0
-2230 0
-2229 0
-2228 0
-2227 0
-2226 0
-2225 0
-2224 0
-2223 0
-2222 1
-2221 0
-2220 0
-2219 0
-2218 0
-2217 0
-2216 1
-2215 1
-2214 0
-2213 1
-2212 0
-2211 0
-2210 0
-2209 1
-2208 0
-2207 0
-2206 0
-2205 0
-2204 0
-2203 1
-2202 0
-2201 0
-2200 0
-2199 0
-2198 0
-2197 0
-2196 0
-2195 1
-2194 1
-2193 0
-2192 0
-2191 0
-2190 0
-2189 0
-2188 0
-2187 0
-2186 0
-2185 0
-2184 0
-2183 0
-2182 0
-2181 0
-2180 0
-2179 0
-2178 1
-2177 0
-2176 0
-2175 0
-2174 0
-2173 0
-2172 0
-2171 0
-2170 0
-2169 0
-2168 0
-2167 1
-2166 1
-2165 0
-2164 1
-2163 0
-2162 0
-2161 0
-2160 1
-2159 0
-2158 0
-2157 1
-2156 0
-2155 0
-2154 0
-2153 0
-2152 0
-2151 0
-2150 0
-2149 0
-2148 0
-2147 0
-2146 0
-2145 0
-2144 0
-2143 0
-2142 0
-2141 1
-2140 0
-2139 0
-2138 1
-2137 0
-2136 1
-2135 0
-2134 0
-2133 0
-2132 0
-2131 0
-2130 0
-2129 0
-2128 0
-2127 0
-2126 0
-2125 0
-2124 2
-2123 0
-2122 0
-2121 0
-2120 0
-2119 0
-2118 1
-2117 0
-2116 1
-2115 1
-2114 0
-2113 0
-2112 0
-2111 2
-2110 0
-2109 0
-2108 0
-2107 0
-2106 0
-2105 0
-2104 0
-2103 0
-2102 0
-2101 0
-2100 0
-2099 0
-2098 0
-2097 0
-2096 0
-2095 0
-2094 0
-2093 0
-2092 0
-2091 0
-2090 0
-2089 0
-2088 0
-2087 0
-2086 0
-2085 0
-2084 1
-2083 0
-2082 0
-2081 1
-2080 0
-2079 0
-2078 0
-2077 0
-2076 0
-2075 0
-2074 0
-2073 0
-2072 0
-2071 0
-2070 0
-2069 0
-2068 0
-2067 0
-2066 0
-2065 0
-2064 0
-2063 0
-2062 0
-2061 0
-2060 0
-2059 0
-2058 0
-2057 0
-2056 0
-2055 0
-2054 1
-2053 0
-2052 0
-2051 0
-2050 1
-2049 0
-2048 2
-2047 1
-2046 0
-2045 0
-2044 1
-2043 1
-2042 1
-2041 0
-2040 0
-2039 0
-2038 0
-2037 0
-2036 0
-2035 0
-2034 0
-2033 0
-2032 1
-2031 0
-2030 1
-2029 0
-2028 0
-2027 1
-2026 1
-2025 0
-2024 1
-2023 1
-2022 1
-2021 1
-2020 0
-2019 0
-2018 0
-2017 0
-2016 0
-2015 0
-2014 2
-2013 1
-2012 0
-2011 1
-2010 0
-2009 2
-2008 2
-2007 1
-2006 0
-2005 0
-2004 1
-2003 0
-2002 0
-2001 0
-2000 0
-1999 0
-1998 0
-1997 0
-1996 0
-1995 0
-1994 0
-1993 0
-1992 0
-1991 0
-1990 0
-1989 2
-1988 0
-1987 1
-1986 2
-1985 1
-1984 1
-1983 0
-1982 2
-1981 0
-1980 2
-1979 2
-1978 0
-1977 0
-1976 1
-1975 1
-1974 1
-1973 2
-1972 0
-1971 0
-1970 1
-1969 0
-1968 0
-1967 0
-1966 1
-1965 1
-1964 0
-1963 0
-1962 0
-1961 0
-1960 0
-1959 0
-1958 1
-1957 0
-1956 0
-1955 0
-1954 1
-1953 0
-1952 0
-1951 0
-1950 1
-1949 1
-1948 0
-1947 2
-1946 0
-1945 0
-1944 0
-1943 0
-1942 0
-1941 1
-1940 1
-1939 0
-1938 0
-1937 1
-1936 0
-1935 1
-1934 0
-1933 1
-1932 0
-1931 0
-1930 0
-1929 2
-1928 0
-1927 0
-1926 0
-1925 0
-1924 1
-1923 1
-1922 0
-1921 0
-1920 4
-1919 2
-1918 0
-1917 0
-1916 3
-1915 0
-1914 0
-1913 0
-1912 0
-1911 0
-1910 0
-1909 0
-1908 2
-1907 0
-1906 2
-1905 0
-1904 0
-1903 0
-1902 0
-1901 1
-1900 1
-1899 0
-1898 0
-1897 0
-1896 2
-1895 0
-1894 1
-1893 1
-1892 0
-1891 0
-1890 0
-1889 1
-1888 1
-1887 0
-1886 0
-1885 0
-1884 1
-1883 0
-1882 0
-1881 0
-1880 0
-1879 0
-1878 0
-1877 0
-1876 0
-1875 1
-1874 1
-1873 1
-1872 0
-1871 1
-1870 0
-1869 1
-1868 0
-1867 1
-1866 0
-1865 2
-1864 1
-1863 0
-1862 0
-1861 0
-1860 0
-1859 0
-1858 2
-1857 0
-1856 1
-1855 1
-1854 0
-1853 0
-1852 0
-1851 0
-1850 0
-1849 1
-1848 0
-1847 0
-1846 0
-1845 1
-1844 1
-1843 0
-1842 1
-1841 0
-1840 0
-1839 2
-1838 2
-1837 0
-1836 1
-1835 0
-1834 1
-1833 1
-1832 0
-1831 2
-1830 0
-1829 0
-1828 3
-1827 1
-1826 1
-1825 1
-1824 1
-1823 0
-1822 1
-1821 1
-1820 1
-1819 2
-1818 2
-1817 1
-1816 2
-1815 2
-1814 0
-1813 0
-1812 0
-1811 1
-1810 3
-1809 2
-1808 3
-1807 0
-1806 1
-1805 0
-1804 0
-1803 0
-1802 1
-1801 2
-1800 1
-1799 1
-1798 0
-1797 0
-1796 1
-1795 0
-1794 1
-1793 0
-1792 1
-1791 2
-1790 0
-1789 1
-1788 2
-1787 0
-1786 3
-1785 4
-1784 4
-1783 0
-1782 1
-1781 0
-1780 0
-1779 1
-1778 1
-1777 1
-1776 1
-1775 1
-1774 1
-1773 1
-1772 0
-1771 0
-1770 2
-1769 2
-1768 2
-1767 2
-1766 4
-1765 1
-1764 1
-1763 2
-1762 2
-1761 0
-1760 0
-1759 0
-1758 0
-1757 0
-1756 0
-1755 2
-1754 0
-1753 0
-1752 1
-1751 3
-1750 0
-1749 1
-1748 1
-1747 0
-1746 2
-1745 2
-1744 4
-1743 0
-1742 0
-1741 3
-1740 0
-1739 1
-1738 0
-1737 3
-1736 3
-1735 0
-1734 2
-1733 4
-1732 1
-1731 2
-1730 2
-1729 3
-1728 3
-1727 3
-1726 2
-1725 1
-1724 2
-1723 4
-1722 1
-1721 1
-1720 0
-1719 3
-1718 1
-1717 1
-1716 2
-1715 0
-1714 3
-1713 3
-1712 3
-1711 1
-1710 0
-1709 4
-1708 0
-1707 1
-1706 0
-1705 2
-1704 4
-1703 4
-1702 1
-1701 1
-1700 2
-1699 0
-1698 2
-1697 1
-1696 1
-1695 2
-1694 2
-1693 2
-1692 2
-1691 2
-1690 0
-1689 1
-1688 2
-1687 2
-1686 2
-1685 3
-1684 1
-1683 1
-1682 1
-1681 1
-1680 0
-1679 1
-1678 3
-1677 0
-1676 1
-1675 0
-1674 0
-1673 0
-1672 3
-1671 0
-1670 2
-1669 3
-1668 2
-1667 1
-1666 2
-1665 2
-1664 3
-1663 3
-1662 0
-1661 3
-1660 3
-1659 0
-1658 3
-1657 0
-1656 1
-1655 4
-1654 2
-1653 2
-1652 5
-1651 1
-1650 1
-1649 2
-1648 1
-1647 2
-1646 1
-1645 0
-1644 0
-1643 3
-1642 1
-1641 4
-1640 1
-1639 0
-1638 3
-1637 1
-1636 0
-1635 3
-1634 0
-1633 2
-1632 3
-1631 1
-1630 3
-1629 0
-1628 2
-1627 3
-1626 3
-1625 2
-1624 4
-1623 1
-1622 6
-1621 5
-1620 0
-1619 2
-1618 2
-1617 3
-1616 0
-1615 1
-1614 1
-1613 2
-1612 2
-1611 1
-1610 3
-1609 4
-1608 5
-1607 2
-1606 1
-1605 3
-1604 3
-1603 1
-1602 3
-1601 2
-1600 3
-1599 1
-1598 3
-1597 2
-1596 2
-1595 0
-1594 4
-1593 1
-1592 3
-1591 3
-1590 0
-1589 2
-1588 1
-1587 2
-1586 0
-1585 1
-1584 1
-1583 3
-1582 3
-1581 2
-1580 1
-1579 4
-1578 4
-1577 3
-1576 2
-1575 0
-1574 1
-1573 1
-1572 2
-1571 2
-1570 0
-1569 0
-1568 1
-1567 1
-1566 5
-1565 2
-1564 3
-1563 5
-1562 2
-1561 2
-1560 1
-1559 2
-1558 1
-1557 5
-1556 4
-1555 1
-1554 4
-1553 2
-1552 2
-1551 3
-1550 2
-1549 2
-1548 1
-1547 2
-1546 2
-1545 4
-1544 1
-1543 5
-1542 4
-1541 6
-1540 2
-1539 1
-1538 4
-1537 1
-1536 1
-1535 3
-1534 3
-1533 1
-1532 2
-1531 2
-1530 3
-1529 2
-1528 2
-1527 6
-1526 2
-1525 4
-1524 2
-1523 3
-1522 2
-1521 3
-1520 3
-1519 3
-1518 4
-1517 5
-1516 2
-1515 0
-1514 1
-1513 2
-1512 4
-1511 3
-1510 3
-1509 3
-1508 4
-1507 0
-1506 1
-1505 1
-1504 5
-1503 2
-1502 4
-1501 4
-1500 4
-1499 3
-1498 4
-1497 2
-1496 1
-1495 1
-1494 3
-1493 3
-1492 5
-1491 1
-1490 5
-1489 4
-1488 3
-1487 2
-1486 3
-1485 2
-1484 7
-1483 6
-1482 3
-1481 3
-1480 2
-1479 4
-1478 7
-1477 3
-1476 7
-1475 3
-1474 3
-1473 3
-1472 4
-1471 5
-1470 3
-1469 1
-1468 6
-1467 2
-1466 6
-1465 1
-1464 2
-1463 3
-1462 6
-1461 4
-1460 8
-1459 2
-1458 5
-1457 3
-1456 6
-1455 8
-1454 2
-1453 2
-1452 3
-1451 4
-1450 6
-1449 2
-1448 4
-1447 5
-1446 2
-1445 2
-1444 4
-1443 1
-1442 6
-1441 3
-1440 1
-1439 3
-1438 5
-1437 1
-1436 4
-1435 6
-1434 3
-1433 3
-1432 3
-1431 5
-1430 3
-1429 3
-1428 1
-1427 5
-1426 6
-1425 8
-1424 1
-1423 1
-1422 5
-1421 7
-1420 3
-1419 3
-1418 4
-1417 8
-1416 7
-1415 6
-1414 6
-1413 3
-1412 2
-1411 4
-1410 4
-1409 5
-1408 8
-1407 6
-1406 3
-1405 3
-1404 3
-1403 8
-1402 4
-1401 2
-1400 5
-1399 8
-1398 6
-1397 3
-1396 11
-1395 3
-1394 2
-1393 7
-1392 3
-1391 6
-1390 2
-1389 1
-1388 3
-1387 10
-1386 5
-1385 4
-1384 5
-1383 8
-1382 7
-1381 8
-1380 8
-1379 8
-1378 4
-1377 7
-1376 0
-1375 3
-1374 3
-1373 4
-1372 9
-1371 10
-1370 4
-1369 8
-1368 2
-1367 6
-1366 3
-1365 5
-1364 4
-1363 6
-1362 8
-1361 5
-1360 1
-1359 6
-1358 2
-1357 5
-1356 7
-1355 5
-1354 8
-1353 6
-1352 5
-1351 7
-1350 5
-1349 5
-1348 6
-1347 5
-1346 6
-1345 4
-1344 3
-1343 3
-1342 7
-1341 4
-1340 4
-1339 7
-1338 7
-1337 5
-1336 4
-1335 8
-1334 7
-1333 6
-1332 1
-1331 5
-1330 7
-1329 5
-1328 10
-1327 6
-1326 6
-1325 3
-1324 8
-1323 8
-1322 6
-1321 8
-1320 4
-1319 7
-1318 5
-1317 6
-1316 6
-1315 6
-1314 10
-1313 5
-1312 6
-1311 8
-1310 5
-1309 6
-1308 8
-1307 6
-1306 9
-1305 13
-1304 4
-1303 10
-1302 4
-1301 9
-1300 10
-1299 4
-1298 5
-1297 3
-1296 8
-1295 3
-1294 7
-1293 11
-1292 7
-1291 9
-1290 8
-1289 5
-1288 8
-1287 6
-1286 9
-1285 8
-1284 6
-1283 8
-1282 4
-1281 6
-1280 5
-1279 10
-1278 11
-1277 6
-1276 7
-1275 4
-1274 5
-1273 4
-1272 7
-1271 4
-1270 6
-1269 7
-1268 6
-1267 8
-1266 4
-1265 8
-1264 9
-1263 13
-1262 7
-1261 5
-1260 15
-1259 10
-1258 11
-1257 8
-1256 5
-1255 6
-1254 14
-1253 12
-1252 9
-1251 10
-1250 12
-1249 16
-1248 8
-1247 3
-1246 10
-1245 13
-1244 7
-1243 5
-1242 15
-1241 5
-1240 4
-1239 7
-1238 10
-1237 10
-1236 14
-1235 7
-1234 11
-1233 11
-1232 9
-1231 12
-1230 6
-1229 10
-1228 3
-1227 7
-1226 17
-1225 6
-1224 9
-1223 11
-1222 4
-1221 10
-1220 6
-1219 11
-1218 8
-1217 11
-1216 11
-1215 8
-1214 9
-1213 8
-1212 9
-1211 9
-1210 20
-1209 10
-1208 9
-1207 12
-1206 10
-1205 13
-1204 8
-1203 7
-1202 15
-1201 11
-1200 8
-1199 14
-1198 9
-1197 9
-1196 13
-1195 15
-1194 8
-1193 7
-1192 10
-1191 11
-1190 8
-1189 7
-1188 16
-1187 11
-1186 10
-1185 17
-1184 13
-1183 8
-1182 6
-1181 6
-1180 19
-1179 11
-1178 14
-1177 9
-1176 14
-1175 13
-1174 13
-1173 6
-1172 9
-1171 11
-1170 17
-1169 6
-1168 4
-1167 12
-1166 12
-1165 15
-1164 17
-1163 11
-1162 20
-1161 12
-1160 11
-1159 17
-1158 12
-1157 11
-1156 18
-1155 16
-1154 10
-1153 12
-1152 19
-1151 15
-1150 23
-1149 16
-1148 9
-1147 8
-1146 14
-1145 13
-1144 10
-1143 12
-1142 10
-1141 17
-1140 21
-1139 9
-1138 19
-1137 12
-1136 18
-1135 15
-1134 9
-1133 11
-1132 15
-1131 11
-1130 17
-1129 15
-1128 15
-1127 12
-1126 16
-1125 8
-1124 12
-1123 15
-1122 12
-1121 14
-1120 21
-1119 13
-1118 20
-1117 6
-1116 19
-1115 20
-1114 15
-1113 16
-1112 14
-1111 11
-1110 17
-1109 19
-1108 14
-1107 13
-1106 20
-1105 18
-1104 9
-1103 22
-1102 15
-1101 17
-1100 19
-1099 21
-1098 19
-1097 17
-1096 16
-1095 22
-1094 16
-1093 13
-1092 19
-1091 19
-1090 18
-1089 19
-1088 14
-1087 18
-1086 17
-1085 22
-1084 15
-1083 18
-1082 16
-1081 18
-1080 29
-1079 21
-1078 16
-1077 23
-1076 14
-1075 22
-1074 11
-1073 15
-1072 23
-1071 13
-1070 21
-1069 16
-1068 20
-1067 16
-1066 12
-1065 24
-1064 8
-1063 14
-1062 19
-1061 29
-1060 11
-1059 22
-1058 22
-1057 12
-1056 20
-1055 16
-1054 14
-1053 17
-1052 12
-1051 14
-1050 26
-1049 17
-1048 26
-1047 14
-1046 18
-1045 24
-1044 22
-1043 19
-1042 24
-1041 25
-1040 20
-1039 18
-1038 22
-1037 23
-1036 25
-1035 16
-1034 22
-1033 21
-1032 30
-1031 31
-1030 26
-1029 29
-1028 26
-1027 28
-1026 23
-1025 23
-1024 28
-1023 22
-1022 15
-1021 23
-1020 22
-1019 17
-1018 26
-1017 27
-1016 15
-1015 21
-1014 26
-1013 28
-1012 26
-1011 28
-1010 27
-1009 31
-1008 15
-1007 30
-1006 17
-1005 18
-1004 22
-1003 22
-1002 28
-1001 32
-1000 29
-999 18
-998 21
-997 30
-996 23
-995 27
-994 23
-993 25
-992 29
-991 19
-990 28
-989 25
-988 21
-987 22
-986 28
-985 39
-984 28
-983 27
-982 32
-981 32
-980 19
-979 26
-978 27
-977 34
-976 31
-975 25
-974 32
-973 29
-972 38
-971 19
-970 26
-969 31
-968 32
-967 20
-966 29
-965 41
-964 29
-963 24
-962 23
-961 20
-960 24
-959 30
-958 29
-957 30
-956 20
-955 34
-954 26
-953 25
-952 34
-951 27
-950 30
-949 23
-948 28
-947 26
-946 35
-945 19
-944 30
-943 38
-942 19
-941 39
-940 32
-939 30
-938 27
-937 27
-936 36
-935 32
-934 24
-933 29
-932 26
-931 31
-930 29
-929 35
-928 32
-927 29
-926 26
-925 33
-924 32
-923 30
-922 31
-921 36
-920 38
-919 29
-918 41
-917 24
-916 43
-915 37
-914 38
-913 30
-912 30
-911 28
-910 28
-909 36
-908 36
-907 34
-906 23
-905 41
-904 35
-903 36
-902 34
-901 31
-900 45
-899 31
-898 29
-897 39
-896 36
-895 38
-894 36
-893 38
-892 50
-891 34
-890 33
-889 40
-888 34
-887 41
-886 35
-885 42
-884 39
-883 37
-882 43
-881 48
-880 48
-879 44
-878 41
-877 27
-876 38
-875 35
-874 47
-873 37
-872 42
-871 40
-870 39
-869 36
-868 45
-867 32
-866 34
-865 33
-864 39
-863 38
-862 43
-861 52
-860 47
-859 36
-858 35
-857 59
-856 50
-855 60
-854 44
-853 54
-852 40
-851 45
-850 38
-849 56
-848 40
-847 53
-846 41
-845 54
-844 42
-843 55
-842 52
-841 37
-840 40
-839 36
-838 47
-837 46
-836 39
-835 44
-834 44
-833 44
-832 57
-831 56
-830 47
-829 36
-828 48
-827 44
-826 47
-825 48
-824 47
-823 59
-822 51
-821 53
-820 45
-819 63
-818 54
-817 45
-816 59
-815 47
-814 49
-813 53
-812 58
-811 56
-810 37
-809 59
-808 36
-807 58
-806 33
-805 43
-804 45
-803 49
-802 54
-801 61
-800 49
-799 50
-798 39
-797 54
-796 55
-795 56
-794 51
-793 56
-792 41
-791 50
-790 53
-789 43
-788 53
-787 53
-786 54
-785 53
-784 69
-783 49
-782 59
-781 64
-780 65
-779 56
-778 60
-777 52
-776 54
-775 65
-774 59
-773 66
-772 57
-771 76
-770 50
-769 72
-768 72
-767 64
-766 66
-765 66
-764 60
-763 68
-762 78
-761 64
-760 59
-759 63
-758 62
-757 67
-756 55
-755 66
-754 55
-753 68
-752 63
-751 67
-750 67
-749 65
-748 79
-747 53
-746 68
-745 62
-744 65
-743 77
-742 51
-741 73
-740 72
-739 65
-738 78
-737 72
-736 71
-735 76
-734 82
-733 70
-732 68
-731 67
-730 75
-729 73
-728 69
-727 71
-726 72
-725 75
-724 71
-723 73
-722 83
-721 82
-720 71
-719 69
-718 73
-717 70
-716 67
-715 57
-714 68
-713 66
-712 82
-711 94
-710 85
-709 68
-708 86
-707 87
-706 76
-705 83
-704 81
-703 72
-702 83
-701 79
-700 76
-699 73
-698 90
-697 70
-696 89
-695 70
-694 68
-693 94
-692 94
-691 74
-690 83
-689 80
-688 100
-687 79
-686 86
-685 86
-684 100
-683 91
-682 86
-681 89
-680 92
-679 81
-678 89
-677 97
-676 84
-675 93
-674 71
-673 91
-672 106
-671 83
-670 93
-669 84
-668 76
-667 94
-666 68
-665 91
-664 100
-663 90
-662 91
-661 110
-660 90
-659 91
-658 105
-657 100
-656 82
-655 79
-654 119
-653 104
-652 78
-651 109
-650 86
-649 89
-648 104
-647 111
-646 102
-645 106
-644 101
-643 97
-642 95
-641 96
-640 93
-639 108
-638 97
-637 104
-636 111
-635 92
-634 100
-633 89
-632 99
-631 110
-630 97
-629 103
-628 95
-627 89
-626 102
-625 128
-624 121
-623 94
-622 113
-621 133
-620 115
-619 117
-618 110
-617 125
-616 129
-615 123
-614 91
-613 109
-612 138
-611 114
-610 124
-609 135
-608 116
-607 122
-606 150
-605 122
-604 112
-603 109
-602 105
-601 126
-600 114
-599 130
-598 104
-597 135
-596 127
-595 134
-594 115
-593 121
-592 122
-591 107
-590 101
-589 123
-588 142
-587 151
-586 130
-585 131
-584 137
-583 138
-582 113
-581 147
-580 144
-579 134
-578 124
-577 150
-576 117
-575 141
-574 121
-573 139
-572 135
-571 135
-570 151
-569 129
-568 148
-567 137
-566 150
-565 148
-564 136
-563 171
-562 155
-561 136
-560 159
-559 143
-558 135
-557 157
-556 142
-555 145
-554 158
-553 151
-552 179
-551 179
-550 169
-549 139
-548 142
-547 181
-546 164
-545 162
-544 151
-543 140
-542 145
-541 156
-540 144
-539 162
-538 166
-537 187
-536 161
-535 162
-534 156
-533 161
-532 167
-531 204
-530 166
-529 164
-528 197
-527 174
-526 174
-525 162
-524 192
-523 180
-522 189
-521 193
-520 164
-519 171
-518 215
-517 210
-516 188
-515 181
-514 190
-513 209
-512 209
-511 197
-510 192
-509 192
-508 196
-507 192
-506 213
-505 229
-504 187
-503 191
-502 184
-501 215
-500 194
-499 195
-498 210
-497 218
-496 206
-495 226
-494 196
-493 225
-492 222
-491 197
-490 215
-489 194
-488 201
-487 210
-486 222
-485 220
-484 200
-483 239
-482 243
-481 207
-480 238
-479 241
-478 246
-477 226
-476 261
-475 238
-474 261
-473 244
-472 226
-471 215
-470 242
-469 239
-468 255
-467 260
-466 223
-465 230
-464 274
-463 236
-462 253
-461 268
-460 253
-459 244
-458 257
-457 260
-456 267
-455 264
-454 289
-453 276
-452 265
-451 265
-450 296
-449 253
-448 277
-447 254
-446 278
-445 289
-444 277
-443 300
-442 288
-441 311
-440 293
-439 298
-438 325
-437 306
-436 287
-435 300
-434 296
-433 302
-432 309
-431 299
-430 309
-429 311
-428 325
-427 324
-426 348
-425 320
-424 322
-423 339
-422 321
-421 325
-420 360
-419 320
-418 317
-417 314
-416 380
-415 330
-414 290
-413 349
-412 325
-411 334
-410 377
-409 369
-408 352
-407 330
-406 344
-405 375
-404 378
-403 395
-402 374
-401 357
-400 396
-399 360
-398 385
-397 443
-396 389
-395 417
-394 368
-393 388
-392 414
-391 454
-390 390
-389 389
-388 372
-387 403
-386 433
-385 359
-384 384
-383 398
-382 408
-381 445
-380 426
-379 418
-378 427
-377 455
-376 479
-375 426
-374 434
-373 462
-372 449
-371 470
-370 436
-369 403
-368 471
-367 481
-366 456
-365 476
-364 461
-363 461
-362 496
-361 502
-360 464
-359 479
-358 487
-357 518
-356 553
-355 537
-354 535
-353 513
-352 549
-351 515
-350 574
-349 548
-348 507
-347 535
-346 532
-345 587
-344 587
-343 563
-342 553
-341 559
-340 580
-339 580
-338 591
-337 574
-336 599
-335 637
-334 585
-333 597
-332 615
-331 609
-330 621
-329 632
-328 633
-327 630
-326 654
-325 626
-324 660
-323 659
-322 668
-321 680
-320 670
-319 670
-318 703
-317 643
-316 688
-315 671
-314 693
-313 720
-312 722
-311 671
-310 680
-309 724
-308 756
-307 736
-306 715
-305 732
-304 744
-303 784
-302 800
-301 811
-300 735
-299 734
-298 727
-297 815
-296 779
-295 788
-294 768
-293 793
-292 831
-291 861
-290 813
-289 811
-288 851
-287 873
-286 836
-285 906
-284 890
-283 870
-282 837
-281 921
-280 962
-279 935
-278 942
-277 929
-276 988
-275 976
-274 974
-273 968
-272 945
-271 944
-270 996
-269 984
-268 1030
-267 1009
-266 1038
-265 1047
-264 1067
-263 1026
-262 1082
-261 1100
-260 1113
-259 1120
-258 1035
-257 1164
-256 1187
-255 1192
-254 1122
-253 1141
-252 1155
-251 1163
-250 1217
-249 1221
-248 1201
-247 1300
-246 1201
-245 1202
-244 1205
-243 1274
-242 1289
-241 1318
-240 1358
-239 1289
-238 1358
-237 1337
-236 1400
-235 1286
-234 1366
-233 1444
-232 1480
-231 1401
-230 1409
-229 1465
-228 1513
-227 1533
-226 1528
-225 1541
-224 1511
-223 1504
-222 1541
-221 1642
-220 1648
-219 1542
-218 1637
-217 1618
-216 1674
-215 1704
-214 1688
-213 1740
-212 1690
-211 1747
-210 1863
-209 1800
-208 1903
-207 1828
-206 1829
-205 1839
-204 1953
-203 1960
-202 1842
-201 1939
-200 1976
-199 2085
-198 2083
-197 2067
-196 2111
-195 2052
-194 2159
-193 2088
-192 2217
-191 2282
-190 2153
-189 2226
-188 2304
-187 2313
-186 2422
-185 2482
-184 2448
-183 2482
-182 2419
-181 2556
-180 2537
-179 2669
-178 2623
-177 2646
-176 2685
-175 2663
-174 2746
-173 2809
-172 2824
-171 2962
-170 2853
-169 2866
-168 3040
-167 3018
-166 3019
-165 3158
-164 3200
-163 3126
-162 3186
-161 3280
-160 3411
-159 3396
-158 3480
-157 3472
-156 3540
-155 3577
-154 3596
-153 3700
-152 3784
-151 3749
-150 4000
-149 3955
-148 4001
-147 4114
-146 4146
-145 4169
-144 4265
-143 4333
-142 4340
-141 4564
-140 4639
-139 4646
-138 4772
-137 4829
-136 4850
-135 4971
-134 5102
-133 5116
-132 5117
-131 5299
-130 5484
-129 5387
-128 5609
-127 5539
-126 5811
-125 5875
-124 6135
-123 6050
-122 6262
-121 6261
-120 6380
-119 6314
-118 6682
-117 6884
-116 6995
-115 7072
-114 7197
-113 7349
-112 7529
-111 7623
-110 7809
-109 7963
-108 8092
-107 8346
-106 8463
-105 8622
-104 8735
-103 8931
-102 9180
-101 9394
-100 9944
-99 9817
-98 9886
-97 10450
-96 10633
-95 10907
-94 11109
-93 11268
-92 11609
-91 11850
-90 12133
-89 12393
-88 12711
-87 13135
-86 13448
-85 14012
-84 14114
-83 14492
-82 15033
-81 15489
-80 16162
-79 16103
-78 16845
-77 17010
-76 17758
-75 18318
-74 18892
-73 19374
-72 19850
-71 20598
-70 21029
-69 21832
-68 22611
-67 23278
-66 24232
-65 24917
-64 25816
-63 26516
-62 27645
-61 28705
-60 29552
-59 31263
-58 31818
-57 33147
-56 34684
-55 36108
-54 37778
-53 38984
-52 40928
-51 42421
-50 44628
-49 46664
-48 48141
-47 51021
-46 53429
-45 56041
-44 58802
-43 62047
-42 65653
-41 69292
-40 72674
-39 76796
-38 81445
-37 86593
-36 91199
-35 97332
-34 103929
-33 110766
-32 119335
-31 128121
-30 137726
-29 148253
-28 159705
-27 173585
-26 188399
-25 206381
-24 225772
-23 248413
-22 275612
-21 305001
-20 342067
-19 383703
-18 432702
-17 493170
-16 566770
-15 659124
-14 771882
-13 917551
-12 1105140
-11 1356315
-10 1698353
-9 2186877
-8 2898669
-7 4008229
-6 5806706
-5 8999091
-4 15633591
-3 30647623
-2 70269866
-1 429326531
0 0
1 429311161
2 70393602
3 30770298
4 15621607
5 8940481
6 5755211
7 3972809
8 2875918
9 2171811
10 1689768
11 1349454
12 1100126
13 913810
14 768508
15 655098
16 566667
17 492605
18 431893
19 382821
20 340676
21 304501
22 274955
23 249472
24 225992
25 207010
26 188745
27 173665
28 159871
29 147965
30 138132
31 128201
32 118690
33 110723
34 103388
35 96967
36 91238
37 86680
38 81629
39 76784
40 72688
41 69034
42 65202
43 61561
44 59136
45 55766
46 53542
47 50911
48 48473
49 46693
50 44263
51 42734
52 40921
53 39283
54 37353
55 36078
56 34474
57 33476
58 31736
59 30584
60 29955
61 28786
62 27707
63 26724
64 25792
65 25103
66 24380
67 23232
68 22352
69 21786
70 21053
71 20637
72 19938
73 19375
74 18573
75 18173
76 17580
77 17065
78 16711
79 16280
80 15755
81 15342
82 14997
83 14481
84 14233
85 13903
86 13509
87 13081
88 12590
89 12542
90 12323
91 11970
92 11775
93 11493
94 11037
95 10974
96 10536
97 10449
98 10224
99 9731
100 9646
101 9529
102 9215
103 9064
104 8902
105 8522
106 8337
107 8348
108 8039
109 8074
110 7888
111 7589
112 7454
113 7291
114 7235
115 7190
116 6896
117 6935
118 6712
119 6498
120 6294
121 6400
122 6285
123 6138
124 6137
125 5871
126 5883
127 5634
128 5583
129 5401
130 5390
131 5244
132 5198
133 5113
134 5004
135 4993
136 4940
137 4831
138 4792
139 4595
140 4573
141 4555
142 4383
143 4280
144 4235
145 4277
146 4057
147 4233
148 3995
149 3952
150 3996
151 3734
152 3800
153 3726
154 3582
155 3547
156 3532
157 3484
158 3352
159 3465
160 3379
161 3392
162 3219
163 3235
164 3201
165 3087
166 3081
167 3025
168 2969
169 2956
170 2900
171 2909
172 2818
173 2713
174 2756
175 2642
176 2702
177 2685
178 2551
179 2593
180 2535
181 2545
182 2472
183 2438
184 2488
185 2460
186 2362
187 2286
188 2299
189 2266
190 2185
191 2294
192 2227
193 2147
194 2000
195 2190
196 2130
197 2114
198 2074
199 2001
200 2004
201 1916
202 1904
203 1948
204 1899
205 1899
206 1884
207 1821
208 1810
209 1834
210 1832
211 1816
212 1732
213 1717
214 1844
215 1661
216 1642
217 1614
218 1653
219 1557
220 1569
221 1568
222 1512
223 1570
224 1542
225 1584
226 1414
227 1419
228 1492
229 1558
230 1489
231 1419
232 1458
233 1457
234 1403
235 1345
236 1302
237 1305
238 1339
239 1316
240 1326
241 1303
242 1287
243 1303
244 1310
245 1288
246 1223
247 1195
248 1223
249 1186
250 1223
251 1194
252 1153
253 1137
254 1190
255 1137
256 1168
257 1089
258 1126
259 1054
260 1085
261 1090
262 1063
263 1029
264 1069
265 1028
266 1037
267 1037
268 1027
269 984
270 1001
271 1015
272 983
273 1002
274 973
275 957
276 960
277 917
278 901
279 938
280 907
281 889
282 900
283 899
284 862
285 827
286 885
287 824
288 889
289 834
290 814
291 828
292 789
293 831
294 814
295 835
296 798
297 795
298 792
299 790
300 749
301 764
302 754
303 684
304 717
305 744
306 714
307 734
308 741
309 752
310 707
311 703
312 670
313 709
314 727
315 644
316 666
317 682
318 685
319 641
320 666
321 679
322 674
323 618
324 629
325 637
326 626
327 609
328 627
329 605
330 612
331 646
332 573
333 592
334 621
335 625
336 601
337 540
338 570
339 560
340 577
341 548
342 548
343 567
344 566
345 556
346 521
347 489
348 556
349 537
350 517
351 513
352 503
353 552
354 530
355 508
356 525
357 501
358 515
359 480
360 494
361 490
362 522
363 499
364 458
365 495
366 450
367 476
368 471
369 419
370 467
371 503
372 432
373 409
374 435
375 436
376 443
377 415
378 446
379 483
380 429
381 390
382 459
383 401
384 391
385 423
386 426
387 417
388 387
389 429
390 356
391 408
392 414
393 397
394 370
395 396
396 419
397 354
398 400
399 369
400 367
401 376
402 399
403 364
404 390
405 345
406 367
407 366
408 342
409 349
410 378
411 336
412 325
413 325
414 320
415 342
416 365
417 318
418 308
419 329
420 334
421 349
422 332
423 328
424 321
425 291
426 326
427 363
428 339
429 287
430 329
431 308
432 307
433 290
434 303
435 281
436 307
437 304
438 297
439 316
440 292
441 300
442 284
443 267
444 320
445 281
446 274
447 301
448 271
449 266
450 248
451 278
452 286
453 246
454 281
455 263
456 274
457 277
458 263
459 268
460 270
461 240
462 265
463 259
464 257
465 230
466 236
467 291
468 243
469 258
470 223
471 233
472 260
473 243
474 242
475 255
476 262
477 247
478 235
479 227
480 214
481 231
482 229
483 217
484 223
485 221
486 208
487 237
488 193
489 219
490 204
491 232
492 221
493 184
494 216
495 191
496 196
497 209
498 190
499 224
500 220
501 210
502 183
503 209
504 189
505 198
506 214
507 212
508 186
509 190
510 190
511 177
512 206
513 207
514 195
515 189
516 196
517 180
518 182
519 176
520 176
521 166
522 186
523 199
524 172
525 193
526 167
527 177
528 168
529 185
530 175
531 170
532 186
533 155
534 190
535 143
536 173
537 154
538 192
539 152
540 174
541 147
542 153
543 164
544 158
545 170
546 167
547 151
548 159
549 174
550 141
551 147
552 167
553 136
554 134
555 135
556 136
557 150
558 158
559 163
560 177
561 164
562 144
563 153
564 146
565 137
566 126
567 143
568 132
569 145
570 143
571 135
572 154
573 137
574 134
575 136
576 127
577 137
578 136
579 152
580 131
581 134
582 131
583 130
584 143
585 155
586 132
587 137
588 105
589 130
590 117
591 136
592 120
593 128
594 133
595 159
596 151
597 130
598 122
599 103
600 111
601 130
602 130
603 110
604 121
605 117
606 120
607 129
608 113
609 138
610 125
611 110
612 136
613 121
614 119
615 114
616 110
617 105
618 111
619 118
620 131
621 115
622 107
623 108
624 101
625 121
626 110
627 106
628 97
629 112
630 99
631 121
632 79
633 105
634 99
635 100
636 105
637 104
638 119
639 101
640 97
641 97
642 104
643 111
644 111
645 101
646 106
647 101
648 87
649 90
650 101
651 90
652 111
653 92
654 104
655 104
656 86
657 106
658 97
659 87
660 91
661 86
662 84
663 88
664 90
665 89
666 82
667 99
668 99
669 105
670 92
671 89
672 86
673 85
674 92
675 108
676 83
677 89
678 74
679 72
680 93
681 89
682 77
683 97
684 95
685 81
686 66
687 80
688 77
689 107
690 91
691 81
692 86
693 85
694 88
695 86
696 80
697 74
698 87
699 82
700 81
701 71
702 69
703 84
704 67
705 74
706 77
707 83
708 78
709 77
710 76
711 73
712 60
713 70
714 70
715 77
716 70
717 60
718 78
719 87
720 68
721 71
722 68
723 78
724 62
725 55
726 98
727 77
728 70
729 70
730 72
731 50
732 80
733 79
734 63
735 61
736 63
737 80
738 76
739 64
740 75
741 72
742 69
743 74
744 61
745 69
746 69
747 56
748 70
749 58
750 73
751 50
752 61
753 67
754 77
755 75
756 63
757 58
758 48
759 60
760 71
761 59
762 62
763 58
764 68
765 60
766 79
767 68
768 47
769 48
770 57
771 60
772 56
773 58
774 53
775 61
776 43
777 63
778 52
779 53
780 48
781 57
782 54
783 58
784 69
785 45
786 53
787 66
788 59
789 50
790 60
791 50
792 50
793 48
794 69
795 59
796 44
797 59
798 58
799 68
800 38
801 53
802 54
803 52
804 53
805 52
806 40
807 44
808 56
809 65
810 53
811 40
812 55
813 46
814 58
815 52
816 52
817 41
818 66
819 48
820 62
821 53
822 39
823 47
824 56
825 53
826 47
827 50
828 48
829 47
830 42
831 55
832 46
833 49
834 43
835 43
836 42
837 54
838 38
839 58
840 45
841 37
842 59
843 40
844 45
845 56
846 52
847 50
848 43
849 33
850 55
851 45
852 46
853 40
854 46
855 46
856 39
857 37
858 50
859 32
860 39
861 46
862 47
863 38
864 30
865 42
866 41
867 33
868 43
869 43
870 42
871 49
872 51
873 33
874 43
875 54
876 37
877 49
878 37
879 29
880 37
881 40
882 42
883 37
884 39
885 44
886 27
887 44
888 33
889 42
890 33
891 32
892 32
893 36
894 33
895 24
896 37
897 34
898 30
899 38
900 39
901 37
902 43
903 39
904 45
905 37
906 39
907 31
908 36
909 33
910 34
911 39
912 28
913 32
914 33
915 43
916 33
917 35
918 37
919 35
920 23
921 43
922 42
923 40
924 31
925 29
926 29
927 25
928 36
929 35
930 28
931 21
932 35
933 35
934 38
935 24
936 33
937 31
938 36
939 33
940 35
941 25
942 31
943 26
944 24
945 32
946 33
947 28
948 24
949 27
950 25
951 30
952 28
953 29
954 32
955 20
956 39
957 32
958 35
959 33
960 29
961 25
962 30
963 35
964 25
965 28
966 24
967 32
968 25
969 24
970 16
971 25
972 24
973 26
974 30
975 34
976 13
977 19
978 27
979 24
980 19
981 31
982 24
983 27
984 28
985 25
986 29
987 20
988 29
989 24
990 22
991 17
992 33
993 29
994 22
995 32
996 16
997 25
998 23
999 23
1000 17
1001 17
1002 15
1003 28
1004 36
1005 30
1006 26
1007 17
1008 28
1009 23
1010 37
1011 25
1012 17
1013 25
1014 24
1015 22
1016 17
1017 18
1018 30
1019 24
1020 26
1021 28
1022 13
1023 16
1024 22
1025 24
1026 31
1027 31
1028 26
1029 23
1030 18
1031 23
1032 20
1033 17
1034 19
1035 18
1036 22
1037 21
1038 23
1039 20
1040 21
1041 19
1042 21
1043 21
1044 25
1045 20
1046 24
1047 21
1048 20
1049 16
1050 15
1051 30
1052 19
1053 21
1054 11
1055 12
1056 18
1057 12
1058 18
1059 9
1060 19
1061 14
1062 20
1063 20
1064 23
1065 10
1066 12
1067 13
1068 30
1069 17
1070 24
1071 21
1072 13
1073 17
1074 16
1075 17
1076 20
1077 15
1078 18
1079 24
1080 21
1081 21
1082 14
1083 20
1084 16
1085 21
1086 16
1087 12
1088 16
1089 22
1090 17
1091 24
1092 14
1093 13
1094 18
1095 12
1096 20
1097 22
1098 18
1099 14
1100 21
1101 6
1102 16
1103 14
1104 20
1105 20
1106 20
1107 18
1108 23
1109 18
1110 15
1111 20
1112 12
1113 20
1114 11
1115 15
1116 10
1117 17
1118 15
1119 15
1120 11
1121 12
1122 16
1123 16
1124 13
1125 11
1126 19
1127 18
1128 8
1129 23
1130 26
1131 16
1132 19
1133 11
1134 16
1135 16
1136 13
1137 11
1138 17
1139 10
1140 18
1141 12
1142 16
1143 13
1144 11
1145 10
1146 13
1147 11
1148 22
1149 11
1150 8
1151 17
1152 15
1153 11
1154 13
1155 9
1156 17
1157 15
1158 10
1159 10
1160 12
1161 14
1162 9
1163 17
1164 18
1165 15
1166 14
1167 16
1168 12
1169 13
1170 19
1171 17
1172 7
1173 8
1174 15
1175 12
1176 9
1177 10
1178 14
1179 8
1180 13
1181 8
1182 11
1183 8
1184 16
1185 17
1186 7
1187 17
1188 11
1189 13
1190 14
1191 10
1192 8
1193 14
1194 9
1195 8
1196 11
1197 9
1198 14
1199 11
1200 13
1201 9
1202 7
1203 14
1204 13
1205 12
1206 6
1207 8
1208 9
1209 10
1210 10
1211 10
1212 6
1213 9
1214 11
1215 12
1216 8
1217 3
1218 5
1219 7
1220 11
1221 13
1222 6
1223 6
1224 6
1225 7
1226 6
1227 11
1228 10
1229 6
1230 13
1231 4
1232 7
1233 13
1234 7
1235 11
1236 9
1237 9
1238 8
1239 11
1240 3
1241 8
1242 10
1243 9
1244 11
1245 7
1246 14
1247 8
1248 6
1249 11
1250 4
1251 8
1252 12
1253 10
1254 8
1255 5
1256 11
1257 8
1258 8
1259 9
1260 11
1261 15
1262 11
1263 5
1264 3
1265 8
1266 6
1267 4
1268 4
1269 13
1270 12
1271 6
1272 5
1273 10
1274 6
1275 8
1276 8
1277 8
1278 18
1279 6
1280 6
1281 12
1282 7
1283 9
1284 10
1285 6
1286 7
1287 4
1288 5
1289 5
1290 6
1291 11
1292 11
1293 11
1294 11
1295 5
1296 10
1297 1
1298 4
1299 4
1300 8
1301 10
1302 4
1303 6
1304 7
1305 5
1306 3
1307 4
1308 4
1309 6
1310 9
1311 6
1312 5
1313 6
1314 7
1315 5
1316 1
1317 3
1318 10
1319 8
1320 5
1321 8
1322 7
1323 6
1324 8
1325 5
1326 7
1327 8
1328 5
1329 4
1330 6
1331 1
1332 5
1333 13
1334 7
1335 5
1336 3
1337 8
1338 3
1339 8
1340 1
1341 2
1342 8
1343 7
1344 4
1345 6
1346 5
1347 7
1348 9
1349 4
1350 5
1351 4
1352 4
1353 1
1354 6
1355 3
1356 8
1357 3
1358 8
1359 7
1360 7
1361 7
1362 4
1363 5
1364 2
1365 8
1366 6
1367 4
1368 5
1369 1
1370 10
1371 7
1372 4
1373 5
1374 3
1375 9
1376 5
1377 7
1378 5
1379 2
1380 7
1381 2
1382 5
1383 8
1384 4
1385 4
1386 7
1387 4
1388 7
1389 6
1390 8
1391 7
1392 11
1393 2
1394 5
1395 4
1396 1
1397 4
1398 6
1399 6
1400 4
1401 3
1402 3
1403 5
1404 3
1405 5
1406 5
1407 6
1408 5
1409 8
1410 3
1411 3
1412 6
1413 6
1414 4
1415 4
1416 5
1417 5
1418 7
1419 7
1420 5
1421 3
1422 6
1423 6
1424 3
1425 4
1426 2
1427 7
1428 3
1429 3
1430 5
1431 1
1432 3
1433 6
1434 5
1435 3
1436 2
1437 5
1438 3
1439 4
1440 5
1441 4
1442 6
1443 4
1444 5
1445 3
1446 2
1447 4
1448 2
1449 2
1450 4
1451 2
1452 3
1453 4
1454 6
1455 3
1456 4
1457 7
1458 1
1459 3
1460 4
1461 2
1462 6
1463 2
1464 4
1465 4
1466 3
1467 7
1468 6
1469 4
1470 3
1471 2
1472 2
1473 6
1474 2
1475 3
1476 4
1477 3
1478 5
1479 5
1480 4
1481 2
1482 7
1483 5
1484 3
1485 4
1486 2
1487 5
1488 1
1489 6
1490 4
1491 3
1492 3
1493 4
1494 2
1495 2
1496 3
1497 3
1498 1
1499 4
1500 4
1501 4
1502 2
1503 5
1504 0
1505 4
1506 3
1507 4
1508 1
1509 4
1510 4
1511 3
1512 3
1513 2
1514 0
1515 4
1516 3
1517 3
1518 5
1519 1
1520 4
1521 1
1522 5
1523 1
1524 2
1525 1
1526 3
1527 2
1528 6
1529 3
1530 6
1531 3
1532 0
1533 1
1534 5
1535 3
1536 2
1537 0
1538 6
1539 0
1540 0
1541 1
1542 2
1543 4
1544 1
1545 2
1546 6
1547 3
1548 5
1549 1
1550 3
1551 0
1552 3
1553 0
1554 0
1555 1
1556 0
1557 1
1558 2
1559 2
1560 4
1561 0
1562 5
1563 3
1564 2
1565 2
1566 1
1567 2
1568 3
1569 2
1570 1
1571 2
1572 3
1573 0
1574 3
1575 3
1576 3
1577 2
1578 4
1579 2
1580 0
1581 0
1582 3
1583 3
1584 3
1585 3
1586 0
1587 0
1588 1
1589 3
1590 3
1591 2
1592 3
1593 3
1594 2
1595 1
1596 0
1597 1
1598 1
1599 1
1600 3
1601 2
1602 5
1603 1
1604 0
1605 3
1606 0
1607 3
1608 2
1609 1
1610 4
1611 4
1612 3
1613 2
1614 1
1615 3
1616 1
1617 5
1618 2
1619 3
1620 0
1621 3
1622 0
1623 4
1624 4
1625 1
1626 2
1627 2
1628 3
1629 1
1630 3
1631 2
1632 0
1633 0
1634 2
1635 1
1636 2
1637 0
1638 3
1639 2
1640 0
1641 1
1642 3
1643 0
1644 3
1645 2
1646 2
1647 0
1648 4
1649 0
1650 2
1651 1
1652 2
1653 1
1654 3
1655 1
1656 3
1657 1
1658 1
1659 1
1660 2
1661 2
1662 0
1663 2
1664 3
1665 0
1666 2
1667 2
1668 2
1669 0
1670 0
1671 1
1672 0
1673 0
1674 2
1675 0
1676 2
1677 0
1678 1
1679 1
1680 2
1681 1
1682 2
1683 1
1684 0
1685 2
1686 3
1687 2
1688 2
1689 2
1690 0
1691 4
1692 0
1693 3
1694 5
1695 2
1696 0
1697 4
1698 0
1699 2
1700 4
1701 2
1702 1
1703 1
1704 3
1705 1
1706 2
1707 2
1708 1
1709 0
1710 0
1711 3
1712 2
1713 1
1714 1
1715 3
1716 2
1717 3
1718 1
1719 1
1720 1
1721 3
1722 3
1723 2
1724 2
1725 3
1726 1
1727 1
1728 1
1729 1
1730 0
1731 0
1732 2
1733 0
1734 2
1735 2
1736 1
1737 0
1738 0
1739 0
1740 0
1741 0
1742 2
1743 2
1744 0
1745 0
1746 1
1747 0
1748 2
1749 0
1750 3
1751 1
1752 2
1753 1
1754 0
1755 0
1756 2
1757 0
1758 1
1759 1
1760 1
1761 1
1762 1
1763 0
1764 3
1765 1
1766 2
1767 2
1768 0
1769 2
1770 4
1771 0
1772 1
1773 2
1774 4
1775 1
1776 1
1777 1
1778 1
1779 1
1780 2
1781 0
1782 3
1783 1
1784 1
1785 0
1786 1
1787 1
1788 0
1789 1
1790 0
1791 0
1792 0
1793 3
1794 0
1795 1
1796 1
1797 1
1798 3
1799 0
1800 0
1801 0
1802 2
1803 2
1804 1
1805 1
1806 0
1807 0
1808 0
1809 1
1810 0
1811 1
1812 0
1813 0
1814 1
1815 1
1816 2
1817 2
1818 1
1819 1
1820 2
1821 0
1822 0
1823 1
1824 1
1825 0
1826 1
1827 2
1828 0
1829 0
1830 0
1831 1
1832 1
1833 0
1834 1
1835 0
1836 0
1837 1
1838 0
1839 2
1840 0
1841 0
1842 1
1843 0
1844 0
1845 1
1846 2
1847 0
1848 1
1849 0
1850 2
1851 0
1852 0
1853 2
1854 0
1855 0
1856 1
1857 0
1858 0
1859 1
1860 1
1861 0
1862 2
1863 1
1864 1
1865 1
1866 0
1867 1
1868 1
1869 0
1870 0
1871 0
1872 0
1873 0
1874 0
1875 1
1876 0
1877 0
1878 1
1879 0
1880 1
1881 1
1882 1
1883 0
1884 0
1885 0
1886 0
1887 0
1888 3
1889 0
1890 0
1891 0
1892 0
1893 1
1894 0
1895 1
1896 1
1897 0
1898 0
1899 0
1900 0
1901 0
1902 0
1903 1
1904 1
1905 0
1906 0
1907 0
1908 1
1909 2
1910 1
1911 1
1912 1
1913 0
1914 0
1915 0
1916 0
1917 0
1918 2
1919 1
1920 0
1921 0
1922 1
1923 0
1924 0
1925 1
1926 2
1927 0
1928 0
1929 0
1930 1
1931 2
1932 0
1933 2
1934 0
1935 2
1936 0
1937 0
1938 0
1939 1
1940 0
1941 0
1942 0
1943 1
1944 1
1945 0
1946 0
1947 0
1948 0
1949 0
1950 1
1951 0
1952 1
1953 1
1954 0
1955 1
1956 0
1957 0
1958 1
1959 0
1960 0
1961 1
1962 1
1963 0
1964 0
1965 0
1966 1
1967 0
1968 0
1969 1
1970 0
1971 0
1972 2
1973 0
1974 0
1975 0
1976 0
1977 0
1978 2
1979 1
1980 1
1981 1
1982 1
1983 4
1984 1
1985 0
1986 0
1987 0
1988 0
1989 1
1990 0
1991 1
1992 1
1993 0
1994 0
1995 0
1996 1
1997 1
1998 0
1999 0
2000 0
2001 0
2002 0
2003 0
2004 2
2005 0
2006 1
2007 0
2008 1
2009 0
2010 0
2011 0
2012 1
2013 0
2014 2
2015 1
2016 0
2017 1
2018 0
2019 1
2020 1
2021 0
2022 1
2023 0
2024 0
2025 1
2026 0
2027 1
2028 0
2029 1
2030 0
2031 0
2032 0
2033 0
2034 1
2035 0
2036 0
2037 0
2038 0
2039 0
2040 1
2041 0
2042 0
2043 0
2044 0
2045 0
2046 0
2047 1
2048 0
2049 0
2050 1
2051 0
2052 1
2053 1
2054 1
2055 1
2056 0
2057 1
2058 0
2059 0
2060 0
2061 0
2062 1
2063 0
2064 1
2065 0
2066 0
2067 0
2068 0
2069 0
2070 0
2071 0
2072 0
2073 1
2074 0
2075 1
2076 0
2077 0
2078 0
2079 0
2080 0
2081 0
2082 0
2083 0
2084 0
2085 0
2086 0
2087 0
2088 0
2089 0
2090 0
2091 0
2092 0
2093 0
2094 0
2095 1
2096 0
2097 0
2098 0
2099 0
2100 0
2101 1
2102 0
2103 0
2104 0
2105 1
2106 1
2107 0
2108 0
2109 0
2110 0
2111 0
2112 0
2113 0
2114 1
2115 0
2116 2
2117 0
2118 0
2119 0
2120 0
2121 1
2122 0
2123 0
2124 0
2125 0
2126 1
2127 0
2128 0
2129 0
2130 0
2131 0
2132 0
2133 0
2134 0
2135 0
2136 0
2137 0
2138 1
2139 0
2140 0
2141 0
2142 0
2143 0
2144 0
2145 0
2146 0
2147 0
2148 0
2149 0
2150 0
2151 0
2152 1
2153 0
2154 0
2155 0
2156 1
2157 0
2158 0
2159 0
2160 1
2161 0
2162 1
2163 0
2164 0
2165 0
2166 1
2167 1
2168 0
2169 0
2170 0
2171 0
2172 0
2173 0
2174 1
2175 0
2176 0
2177 0
2178 1
2179 0
2180 0
2181 0
2182 0
2183 0
2184 0
2185 0
2186 0
2187 0
2188 0
2189 0
2190 0
2191 0
2192 0
2193 0
2194 0
2195 0
2196 0
2197 0
2198 0
2199 0
2200 0
2201 0
2202 0
2203 0
2204 0
2205 0
2206 0
2207 0
2208 0
2209 0
2210 0
2211 1
2212 0
2213 0
2214 1
2215 0
2216 0
2217 0
2218 0
2219 1
2220 0
2221 0
2222 0
2223 0
2224 0
2225 0
2226 0
2227 0
2228 0
2229 0
2230 0
2231 0
2232 0
2233 0
2234 0
2235 0
2236 0
2237 0
2238 0
2239 0
2240 0
2241 0
2242 1
2243 0
2244 0
2245 0
2246 0
2247 0
2248 1
2249 0
2250 0
2251 1
2252 1
2253 0
2254 0
2255 0
2256 0
2257 0
2258 0
2259 0
2260 0
2261 0
2262 0
2263 0
2264 0
2265 0
2266 0
2267 0
2268 0
2269 0
2270 0
2271 0
2272 0
2273 0
2274 0
2275 0
2276 0
2277 0
2278 0
2279 0
2280 0
2281 0
2282 0
2283 0
2284 0
2285 0
2286 0
2287 0
2288 0
2289 0
2290 0
2291 0
2292 0
2293 0
2294 0
2295 0
2296 0
2297 1
2298 0
2299 0
2300 0
2301 0
2302 0
2303 0
2304 0
2305 0
2306 1
2307 0
2308 0
2309 0
2310 0
2311 0
2312 0
2313 0
2314 0
2315 0
2316 0
2317 0
2318 1
2319 0
2320 0
2321 0
2322 0
2323 0
2324 0
2325 0
2326 0
2327 0
2328 0
2329 0
2330 0
2331 0
2332 0
2333 0
2334 0
2335 0
2336 0
2337 0
2338 0
2339 0
2340 0
2341 0
2342 0
2343 0
2344 0
2345 0
2346 0
2347 0
2348 0
2349 0
2350 0
2351 0
2352 0
2353 0
2354 0
2355 0
2356 0
2357 0
2358 0
2359 0
2360 0
2361 0
2362 0
2363 0
2364 0
2365 0
2366 0
2367 1
2368 0
2369 0
2370 0
2371 0
2372 0
2373 0
2374 0
2375 0
2376 0
2377 1
2378 0
2379 0
2380 0
2381 0
2382 0
2383 0
2384 0
2385 0
2386 0
2387 0
2388 0
2389 1
2390 0
2391 0
2392 0
2393 0
2394 0
2395 0
2396 0
2397 0
2398 0
2399 0
2400 0
2401 0
2402 0
2403 0
2404 0
2405 1
2406 0
2407 0
2408 0
2409 0
2410 0
2411 0
2412 0
2413 0
2414 0
2415 0
2416 0
2417 0
2418 0
2419 0
2420 0
2421 0
2422 0
2423 0
2424 0
2425 0
2426 0
2427 0
2428 0
2429 0
2430 0
2431 0
2432 1
2433 0
2434 0
2435 0
2436 0
2437 0
2438 0
2439 0
2440 0
2441 0
2442 0
2443 0
2444 0
2445 0
2446 0
2447 0
2448 0
2449 0
2450 0
2451 0
2452 0
2453 0
2454 0
2455 0
2456 0
2457 0
2458 0
2459 0
2460 0
2461 0
2462 0
2463 0
2464 0
2465 0
2466 0
2467 0
2468 0
2469 0
2470 0
2471 0
2472 0
2473 0
2474 1
2475 0
2476 0
2477 0
2478 0
2479 0
2480 0
2481 0
2482 0
2483 0
2484 0
2485 0
2486 0
2487 0
2488 0
2489 0
2490 0
2491 0
2492 0
2493 0
2494 0
2495 0
2496 0
2497 0
2498 0
2499 1
2500 0
2501 0
2502 0
2503 0
2504 0
2505 0
2506 0
2507 0
2508 0
2509 0
2510 0
2511 0
2512 0
2513 0
2514 0
2515 0
2516 0
2517 0
2518 0
2519 0
2520 0
2521 0
2522 0
2523 0
2524 0
2525 0
2526 0
2527 0
2528 0
2529 0
2530 0
2531 0
2532 0
2533 0
2534 0
2535 0
2536 0
2537 0
2538 0
2539 0
2540 0
2541 0
2542 0
2543 0
2544 0
2545 0
2546 0
2547 0
2548 0
2549 0
2550 0
2551 0
2552 0
2553 0
2554 0
2555 0
2556 0
2557 0
2558 0
2559 0
2560 0
2561 0
2562 0
2563 0
2564 0
2565 0
2566 0
2567 0
2568 0
2569 0
2570 0
2571 0
2572 0
2573 0
2574 0
2575 0
2576 0
2577 0
2578 0
2579 0
2580 0
2581 0
2582 0
2583 0
2584 0
2585 0
2586 0
2587 0
2588 0
2589 0
2590 0
2591 0
2592 0
2593 0
2594 0
2595 0
2596 1
2597 0
2598 0
2599 0
2600 0
2601 0
2602 0
2603 0
2604 0
2605 0
2606 0
2607 0
2608 0
2609 0
2610 0
2611 0
2612 0
2613 0
2614 0
2615 0
2616 0
2617 0
2618 0
2619 0
2620 0
2621 0
2622 0
2623 0
2624 0
2625 0
2626 0
2627 0
2628 0
2629 0
2630 0
2631 0
2632 0
2633 0
2634 0
2635 0
2636 0
2637 0
2638 0
2639 0
2640 0
2641 0
2642 0
2643 0
2644 0
2645 0
2646 0
2647 0
2648 0
2649 0
2650 0
2651 0
2652 0
2653 0
2654 0
2655 0
2656 0
2657 0
2658 0
2659 0
2660 0
2661 0
2662 0
2663 0
2664 0
2665 0
2666 0
2667 0
2668 0
2669 0
2670 0
2671 0
2672 0
2673 0
2674 0
2675 0
2676 0
2677 0
2678 0
2679 0
2680 0
2681 0
2682 0
2683 0
2684 0
2685 0
2686 0
2687 0
2688 0
2689 0
2690 0
2691 0
2692 0
2693 0
2694 0
2695 0
2696 0
2697 1
