1 235829
2 68727
3 42490
4 27844
5 19876
6 14275
7 11140
8 8727
9 6847
10 5520
11 4552
12 3709
13 3106
14 2578
15 2225
16 1937
17 1520
18 1383
19 1166
20 978
21 821
22 763
23 628
24 567
25 517
26 413
27 406
28 318
29 312
30 285
31 250
32 212
33 172
34 167
35 122
36 140
37 100
38 99
39 78
40 70
41 65
42 58
43 63
44 36
45 40
46 43
47 35
48 31
49 29
50 22
51 21
52 27
53 11
54 21
55 12
56 11
57 16
58 8
59 14
60 4
61 3
62 5
63 2
64 4
65 8
66 7
67 3
68 3
69 1
70 2
71 4
72 1
73 1
74 3
75 3
76 1
77 2
78 2
79 3
80 1
81 1
82 0
83 0
84 0
85 1
86 2
87 0
88 1
89 0
90 0
91 0
92 1
93 0
94 0
95 0
96 0
97 0
98 0
99 0
100 1
