0 1.0 0.0 146025632
1 0.03030825446579361 1.4693706608639119 262863637
2 0.2845397032814288 1.9189676876356578 172291137
3 0.17939023097417328 3.005316109026218 154746955
4 0.17825302889498065 3.8841872160023803 134554269
5 0.16196553842775444 4.869056557390178 117160528
6 0.15374988205537693 5.798122814899554 102251376
7 0.12073996030900053 6.878646275020254 89874280
8 0.09555781206957586 7.888081937702563 79463770
9 0.053696658993056576 9.020574530470137 70583032
10 0.01924465903960043 10.060574787197156 62883681
11 -0.026693066793540658 11.20508579702137 56190134
12 -0.06693141916538835 12.267939942232568 50321464
13 -0.11864825171871979 13.397894732679546 45156721
14 -0.16437321975638972 14.454050057330342 40596972
15 -0.21613497294440345 15.5986423433844 36546228
16 -0.26394830041403783 16.657504161335126 32932256
17 -0.31794808142003816 17.785420639450162 29720497
18 -0.3701840786395398 18.821781424957738 26843799
19 -0.42517412287190764 19.949127524312868 24271797
20 -0.47898638205707966 21.001076742460352 21961687
21 -0.5351175529662023 22.07787320166586 19887163
22 -0.5880602430110603 23.156535720026014 18014571
23 -0.6450764246893033 24.258058946965512 16323717
24 -0.7008233619849262 25.26557231342556 14812440
25 -0.7559988151443712 26.384749692073626 13442988
26 -0.8100208559562388 27.403869942929767 12203708
27 -0.8679800825889605 28.512997475075448 11093008
28 -0.9214375752255515 29.556298734074353 10083841
29 -0.980843998722737 30.661418257027403 9172739
30 -1.0348675858049765 31.670565932778576 8335851
31 -1.088758804191407 32.803009531297114 7582752
32 -1.1452246785125715 33.81893326561948 6899881
33 -1.2065892122709951 34.98166682361372 6280599
34 -1.2563166425036192 35.926983111331154 5720167
35 -1.3085283951972588 37.117461711256524 5210441
36 -1.3689049494005345 38.20239496147717 4743726
37 -1.4167418002192087 39.37052551802968 4320085
38 -1.4799283961483853 40.41672137366096 3937777
39 -1.5229903790254111 41.62824395612443 3586435
40 -1.5781047739240281 42.777413042150144 3266977
41 -1.6338802306599176 44.07762856534522 2980145
42 -1.682955102358945 45.11331995195566 2719987
43 -1.7381284054879598 46.26823554987324 2480922
44 -1.7942859846006387 47.425657067399854 2261912
45 -1.8445144302051828 48.75337604657868 2065182
46 -1.8860816644640261 49.82096138490663 1884859
47 -1.947718691970219 50.966186248417436 1720022
48 -1.9851417746241142 52.22501361192336 1568828
49 -2.0384239954643335 53.6155160082681 1432204
50 -2.097116629200777 54.74372061447524 1308746
51 -2.1396272836902326 55.890361701649475 1195762
52 -2.182550981164253 57.18819090243078 1089471
53 -2.2297325833251214 58.54237336078146 994478
54 -2.291920589883589 59.961003276069874 908247
55 -2.3395511094443555 61.100433216039306 829289
56 -2.3816040150511646 62.901046484854724 757948
57 -2.4240638787964457 63.737663080108 693313
58 -2.480022312434125 65.53964515342157 632831
59 -2.520971073307939 66.93295115170211 578082
60 -2.5803121671663516 68.2253528386893 527666
61 -2.603123799237743 69.18096663683953 481465
62 -2.6775333526120804 71.55543721769018 439171
63 -2.7077180530165674 72.30738966089979 400969
64 -2.747709159275759 74.22068333258584 367005
65 -2.8007780641858306 75.67766258271477 335962
66 -2.8514750962232185 76.62700880773892 306319
67 -2.8949732207616807 78.66453148954125 279881
68 -2.953801604382704 79.77335387102853 255550
69 -3.0146777772552174 82.21311042832207 233891
70 -3.008471729800336 83.20870785285821 214360
71 -3.0539555731731487 84.40855276729847 196773
72 -3.077020672769261 85.37863140629477 179705
73 -3.1590263593623478 87.92541220390751 165482
74 -3.205137409756292 89.46350943194489 150426
75 -3.284337543356408 90.9373362414041 136658
76 -3.3144528440601575 93.40955010137795 125138
77 -3.2743159306914307 94.21115824113787 114791
78 -3.430029640784194 97.80358036472286 104923
79 -3.350896031191685 98.00275419332297 95923
80 -3.4608526243410496 98.67317525286214 87260
81 -3.50107475519465 102.18584035936334 79553
82 -3.5517536119995587 103.74420586936907 72536
83 -3.5798513550258315 106.13866590738895 66198
84 -3.6089746754208423 106.64674047180442 60771
85 -3.6044510974444064 108.3030790028162 55447
86 -3.732807415442264 112.00426141138763 50705
87 -3.758176005529874 114.40544736643857 46294
88 -3.710162371377325 113.4941353743719 42372
89 -3.9470025839793283 118.91856078293907 38700
90 -3.904230550823396 121.26303150618763 35220
91 -3.956261438719484 119.97401521942469 32237
92 -3.9179841564132816 122.98673370815958 29665
93 -3.871874308475326 121.92464746432259 27114
94 -4.027352209833961 126.52792756047539 24934
95 -4.1159508139937655 131.73161948909444 23096
96 -4.041510862876887 128.66410730218473 21127
97 -4.128649778009924 130.82842181231453 19145
98 -4.095774327475403 131.82100415358764 17583
99 -4.1481827816220935 134.4176029878489 16041
100 -4.287098522835072 138.91953947409866 14758
101 -4.335405122060806 143.19580054352926 13354
102 -4.408885974260185 145.0432393442405 12199
103 -4.381633387299874 144.47416167815135 11118
104 -4.062463683904706 138.6218003993687 10326
105 -4.6086044071353625 150.494868251691 9530
106 -4.509110021023125 147.9095759657043 8562
107 -4.5541893776144 153.69921207264161 7889
108 -4.54674940064871 159.5412850900698 7091
109 -4.7573304825901035 162.8126753416059 6548
110 -4.545167193478623 154.9183974558261 6011
111 -4.9103948999468745 171.0725446820211 5647
112 -4.765312190287413 162.3480930888603 5045
113 -4.664416376306621 162.36538885798967 4592
114 -4.611084452975048 160.41808250918248 4168
115 -4.790630724941115 170.58531917821327 3821
116 -4.730882352941176 171.24081098615918 3400
117 -4.904345107846202 178.27531403657423 3199
118 -5.296185737976783 195.63333536848646 3015
119 -5.206435285610991 193.61284361963706 2766
120 -5.3557809330628805 190.4993834165127 2465
121 -5.2615384615384615 188.44562478245734 2210
122 -5.705091258405379 195.6786388245249 2082
123 -5.396685082872928 180.47468514392108 1810
124 -5.732904734073641 210.20043101313365 1711
125 -5.616141732283465 200.53309902453137 1524
126 -5.148486980999296 200.0180642132366 1421
127 -5.046276211135213 191.95447456434366 1383
128 -5.260942760942761 205.36961931322205 1188
129 -5.728947368421053 220.46424976915975 1140
130 -5.195546950629235 195.66360069310056 1033
131 -5.209070796460177 212.7892540038374 904
132 -5.253658536585366 190.83809637120763 820
133 -4.773399014778325 195.44865199349658 812
134 -5.428761651131825 194.86543108966123 751
135 -5.087797619047619 222.7556844352324 672
136 -4.690553745928339 189.9824189116065 614
137 -3.106145251396648 170.64981326009385 537
138 -6.667307692307692 298.5643158284023 520
139 -6.989106753812636 289.4486830801069 459
140 -6.7075471698113205 270.3201317194731 424
141 -4.302211302211302 189.7047371248845 407
142 -6.55699481865285 287.1068552175897 386
143 -4.628491620111732 175.21114353484597 358
144 -5.301204819277109 207.61409493395266 332
145 -5.642611683848798 211.013167062269 291
146 -5.887029288702929 221.98305351797066 239
147 -5.405405405405405 197.79060141222305 222
148 -4.377049180327869 168.46439129266327 183
149 -4.333333333333333 208.28779599271402 183
150 -8.892045454545455 430.24402763429754 176
151 -6.355029585798817 275.4597528097755 169
152 -5.308139534883721 185.7248174689021 172
153 -7.211267605633803 290.51874628049995 142
154 -6.150442477876106 316.81807502545223 113
155 -6.0078125 262.21087646484375 128
156 -6.826086956521739 309.1697542533081 115
157 -6.601941747572815 365.1133942878689 103
158 -5.593023255813954 279.6599513250406 86
159 -5.855670103092783 244.3915400148794 97
160 -5.276315789473684 166.8315443213296 76
161 -9.94915254237288 456.7601264004596 59
162 -6.865384615384615 326.50110946745554 52
163 -4.351851851851852 193.52434842249656 54
164 -2.9782608695652173 103.62996219281659 46
165 -7.622222222222222 363.8350617283951 45
166 -5.5625 202.07942708333334 48
167 -3.682926829268293 280.167757287329 41
168 -2.5294117647058822 92.42560553633217 34
169 -1.5357142857142858 64.60586734693877 28
170 -7.36 280.71039999999994 25
171 -7.75 330.4375 32
172 0.029411764705882353 32.1461937716263 34
173 -5.291666666666667 108.28993055555556 24
174 -5.529411764705882 446.9550173010381 17
175 -8.85 301.7275 20
176 -12.608695652173912 478.0642722117201 23
177 -12.294117647058824 675.1487889273357 17
178 -4.8 293.56 20
179 -6.5 400.9166666666667 18
180 -6.9411764705882355 244.9965397923876 17
181 -9.8125 564.40234375 16
182 -9.181818181818182 512.5123966942148 11
183 -6.666666666666667 339.1111111111111 9
184 -1.0 0.0 1
185 -5.0 36.0 2
186 -1.1666666666666667 4.805555555555556 6
187 -1.7142857142857142 57.63265306122448 7
188 -15.444444444444445 618.469135802469 9
189 -5.2 63.360000000000014 5
190 -8.555555555555555 553.1358024691358 9
191 -0.6 4.84 10
192 0.0 2.5 4
193 -11.0 262.3333333333333 6
194 -9.142857142857142 300.4081632653062 7
195 0.0 1.0 6
196 -23.25 1321.1875 8
197 -21.2 1001.76 5
198 20.0 0.0 1
199 2.0 0.0 1
200 -2.5 2.25 2
201 -1.0 0.0 1
205 1.0 0.0 1
206 9.0 49.0 2
208 -17.0 0.0 1
217 -9.5 110.25 2
218 -8.8 112.96000000000001 5
219 -1.0 0.0 2
220 -2.0 0.0 1
221 -0.3333333333333333 2.8888888888888893 3
222 -1.0 0.0 2
223 -1.0 0.0 1
