0 1.0 0.0
1 0.4445 0.5555
2 0.5048 0.4952
3 0.4895 0.5105
4 0.4815 0.5185
5 0.4755 0.5245
6 0.4709 0.5291
7 0.4666 0.5334
8 0.463 0.537
9 0.4593 0.5407
10 0.4562 0.5438
11 0.4532 0.5468
12 0.4505 0.5495
13 0.4478 0.5522
14 0.4453 0.5547
15 0.443 0.557
16 0.4409 0.5591
17 0.4389 0.5611
18 0.4369 0.5631
19 0.4351 0.5649
20 0.4334 0.5666
21 0.4316 0.5684
22 0.4299 0.5701
23 0.4285 0.5715
24 0.427 0.573
25 0.4259 0.5741
26 0.4246 0.5754
27 0.4233 0.5767
28 0.4222 0.5778
29 0.421 0.579
30 0.4199 0.5801
31 0.419 0.581
32 0.4179 0.5821
33 0.4166 0.5834
34 0.4158 0.5842
35 0.4151 0.5849
36 0.4137 0.5863
37 0.4135 0.5865
38 0.4121 0.5879
39 0.4117 0.5883
40 0.4108 0.5892
41 0.4109 0.5891
42 0.41 0.59
43 0.4091 0.5909
44 0.4081 0.5919
45 0.4076 0.5924
46 0.4077 0.5923
47 0.4067 0.5933
48 0.4065 0.5935
49 0.4059 0.5941
50 0.4052 0.5948
51 0.404 0.596
52 0.4039 0.5961
53 0.4034 0.5966
54 0.4032 0.5968
55 0.4032 0.5968
56 0.4026 0.5974
57 0.4026 0.5974
58 0.4013 0.5987
59 0.4018 0.5982
60 0.3995 0.6005
61 0.4002 0.5998
62 0.4006 0.5994
63 0.3993 0.6007
64 0.4001 0.5999
65 0.3994 0.6006
66 0.3991 0.6009
67 0.3987 0.6013
68 0.3975 0.6025
69 0.3966 0.6034
70 0.3998 0.6002
71 0.3975 0.6025
72 0.3982 0.6018
73 0.3987 0.6013
74 0.394 0.606
75 0.3941 0.6059
76 0.3962 0.6038
77 0.3976 0.6024
78 0.3934 0.6066
79 0.3957 0.6043
80 0.3923 0.6077
81 0.3954 0.6046
82 0.3927 0.6073
83 0.3952 0.6048
84 0.3943 0.6057
85 0.3972 0.6028
86 0.3939 0.6061
87 0.3965 0.6035
88 0.3958 0.6042
89 0.3932 0.6068
90 0.3933 0.6067
91 0.3904 0.6096
92 0.3971 0.6029
93 0.3995 0.6005
94 0.3966 0.6034
95 0.3941 0.6059
96 0.391 0.609
97 0.3934 0.6066
98 0.3949 0.6051
99 0.3963 0.6037
100 0.3891 0.6109
101 0.3963 0.6037
102 0.3871 0.6129
103 0.3951 0.6049
104 0.404 0.596
105 0.3841 0.6159
106 0.3921 0.6079
107 0.4003 0.5997
108 0.3905 0.6095
109 0.3896 0.6104
110 0.3949 0.6051
111 0.3947 0.6053
112 0.3935 0.6065
113 0.3848 0.6152
114 0.3887 0.6113
115 0.3936 0.6064
116 0.3894 0.6106
117 0.4054 0.5946
118 0.3861 0.6139
119 0.3923 0.6077
120 0.3765 0.6235
121 0.3814 0.6186
122 0.3713 0.6287
123 0.3735 0.6265
124 0.3741 0.6259
125 0.3825 0.6175
126 0.4082 0.5918
127 0.3933 0.6067
128 0.3931 0.6069
129 0.3965 0.6035
130 0.3737 0.6263
131 0.3916 0.6084
132 0.3951 0.6049
133 0.4015 0.5985
134 0.3662 0.6338
135 0.381 0.619
136 0.3795 0.6205
137 0.4432 0.5568
138 0.3673 0.6327
139 0.3943 0.6057
140 0.3774 0.6226
141 0.4103 0.5897
142 0.3886 0.6114
143 0.4218 0.5782
144 0.3584 0.6416
145 0.3574 0.6426
146 0.3473 0.6527
147 0.3784 0.6216
148 0.4153 0.5847
149 0.4426 0.5574
150 0.4034 0.5966
151 0.3964 0.6036
152 0.3953 0.6047
153 0.3169 0.6831
154 0.4513 0.5487
155 0.4062 0.5938
156 0.3304 0.6696
157 0.4272 0.5728
158 0.4535 0.5465
159 0.3918 0.6082
160 0.3026 0.6974
161 0.322 0.678
162 0.4231 0.5769
163 0.4074 0.5926
164 0.4348 0.5652
165 0.4889 0.5111
166 0.3542 0.6458
167 0.3171 0.6829
168 0.3235 0.6765
169 0.3929 0.6071
170 0.56 0.44
171 0.4688 0.5312
172 0.5 0.5
173 0.25 0.75
174 0.4706 0.5294
175 0.35 0.65
176 0.3043 0.6957
177 0.3529 0.6471
178 0.55 0.45
179 0.1667 0.8333
180 0.3529 0.6471
181 0.25 0.75
182 0.1818 0.8182
183 0.3333 0.6667
184 0.0 1.0
185 0.5 0.5
186 0.5 0.5
187 0.7143 0.2857
188 0.2222 0.7778
189 0.4 0.6
190 0.4444 0.5556
191 0.3 0.7
192 0.5 0.5
193 0.3333 0.6667
194 0.2857 0.7143
195 0.5 0.5
196 0.375 0.625
197 0.2 0.8
198 1.0 0.0
199 1.0 0.0
200 0.0 1.0
201 0.0 1.0
205 1.0 0.0
206 1.0 0.0
208 0.0 1.0
217 0.5 0.5
218 0.2 0.8
219 0.0 1.0
220 0.0 1.0
221 0.3333 0.6667
222 0.0 1.0
223 0.0 1.0
