0 146025632 0 0 0
1 85328055 146023182 31512400 146023182
2 52665084 85323509 34302544 85323509
3 41984426 52669181 33759736 79002793
4 34250781 41989079 30534049 69769439
5 28569402 34246210 27140169 61450957
6 24288895 28564390 23858706 54103775
7 20973548 24281673 20958782 47941950
8 18339816 20966163 18450650 42673304
9 16148248 18338614 16271711 38163073
10 14312108 16155740 14376078 34195495
11 12741037 14315406 12726699 30722398
12 11387834 12745321 11283009 27650621
13 10206666 11387317 10014367 24935688
14 9170694 10207167 8906743 22519535
15 8250334 9171826 7938544 20357350
16 7438738 8251082 7080124 18413394
17 6721596 7440519 6323327 16675574
18 6075997 6721281 5650951 15116851
19 5499811 6074817 5060579 13711407
20 4982250 5494028 4534921 12444516
21 4517450 4984975 4065619 11304094
22 4092902 4515391 3652052 10269617
23 3714541 4095388 3280501 9328675
24 3377140 3720059 2948441 8486859
25 3069835 3375825 2655448 7717705
26 2790656 3068543 2391080 7021972
27 2541147 2792448 2154686 6397175
28 2314127 2541986 1942961 5826753
29 2107293 2314468 1754254 5311192
30 1917809 2105341 1582135 4835907
31 1747731 1917020 1429415 4405606
32 1591629 1746372 1291861 4016391
33 1451394 1591257 1164855 3664350
34 1323085 1451461 1055458 3341624
35 1205507 1324011 957398 3047536
36 1099273 1207027 863325 2781128
37 1003835 1099599 782539 2533711
38 914171 1002731 708469 2315137
39 834832 914876 641779 2109824
40 760442 835308 581748 1924787
41 695047 759608 529376 1755722
42 635966 695229 479137 1604884
43 580027 634654 434923 1465972
44 528097 579695 394982 1338833
45 483860 529269 357822 1223500
46 442410 484288 325988 1116461
47 403599 441793 295874 1020549
48 368286 403848 269390 931152
49 336701 368769 244680 850823
50 308349 337360 221982 778415
51 281393 309196 201647 712722
52 256353 281650 183717 649401
53 234233 257059 166909 593336
54 214346 234570 151875 542026
55 196615 214484 137728 494946
56 179060 196055 126122 452766
57 164183 179433 114914 414216
58 149366 164307 104604 378861
59 136914 149786 95364 345804
60 124528 137109 86293 316845
61 114285 125441 78398 288782
62 104384 114112 71536 263251
63 95470 104271 64634 240865
64 87431 95006 59409 220165
65 79900 87431 54299 201763
66 72766 79684 49475 184078
67 66637 72746 44948 168296
68 60580 66535 41013 153957
69 55389 60916 37383 141119
70 51419 55691 34277 128664
71 46870 51473 31350 118553
72 43015 47103 28539 108151
73 40083 43195 25898 99501
74 35907 39741 23356 91163
75 32605 35701 21257 82796
76 30040 32792 19537 75561
77 27590 30204 18053 69148
78 25053 27535 16227 63643
79 22993 25315 14964 57966
80 20788 22951 13442 53030
81 19060 20809 12399 48094
82 17166 19082 11320 44050
83 15986 17423 10177 40035
84 14558 15919 9407 36806
85 13550 14600 8476 33421
86 12133 13311 7841 30731
87 11146 12022 7209 27939
88 10197 11084 6575 25600
89 9308 10093 5908 23484
90 8429 9239 5423 21368
91 7701 8449 4883 19653
92 7168 7729 4612 17885
93 6589 7120 4244 16281
94 6073 6504 3816 15045
95 5589 6019 3512 13995
96 5049 5635 3212 12866
97 4663 5066 2869 11613
98 4298 4664 2645 10640
99 3924 4197 2433 9684
100 3551 3898 2192 9015
101 3295 3473 1997 8062
102 2881 3246 1841 7477
103 2709 2891 1684 6725
104 2560 2719 1612 6154
105 2271 2563 1389 5870
106 2102 2251 1255 5205
107 1946 1996 1212 4731
108 1697 1900 1072 4322
109 1575 1654 976 3997
110 1527 1612 847 3637
111 1378 1462 851 3418
112 1264 1359 721 3060
113 1092 1238 675 2825
114 987 1111 633 2548
115 929 1006 575 2317
116 824 909 500 2076
117 790 789 507 1902
118 710 817 454 1851
119 667 732 418 1681
120 589 662 339 1537
121 542 548 301 1367
122 499 533 274 1309
123 429 459 247 1134
124 412 445 228 1071
125 367 397 216 941
126 366 340 214 841
127 336 364 208 839
128 286 316 181 721
129 284 298 168 688
130 234 292 152 647
131 215 237 139 550
132 223 214 101 496
133 201 203 125 486
134 167 202 108 476
135 158 188 98 416
136 146 178 87 381
137 137 155 101 299
138 114 140 77 329
139 113 127 68 278
140 99 119 61 264
141 101 117 66 240
142 95 100 55 236
143 100 93 51 207
144 73 89 46 213
145 59 85 45 187
146 56 71 27 156
147 55 62 29 138
148 51 43 25 107
149 48 44 33 102
150 48 45 23 105
151 43 36 24 102
152 43 47 25 104
153 28 47 17 97
154 30 24 21 62
155 40 30 12 76
156 28 42 10 77
157 26 24 18 59
158 26 25 13 47
159 21 24 17 59
160 16 26 7 53
161 9 20 10 40
162 11 11 11 30
163 13 15 9 32
164 11 17 9 26
165 13 9 9 23
166 9 11 8 31
167 7 14 6 28
168 8 14 3 23
169 8 9 3 17
170 11 5 3 11
171 12 6 3 17
172 8 9 9 17
173 2 8 4 18
174 4 5 4 9
175 4 6 3 13
176 5 5 2 16
177 3 4 3 11
178 8 5 3 9
179 1 10 2 15
180 4 4 2 11
181 2 7 2 12
182 2 6 0 9
183 0 3 3 6
184 0 1 0 1
185 1 0 0 1
186 3 0 0 3
187 3 1 2 2
188 1 1 1 7
189 2 1 0 3
190 2 1 2 5
191 2 5 1 7
192 1 1 1 2
193 2 1 0 4
194 1 1 1 5
195 3 3 0 3
196 3 2 0 5
197 1 2 0 4
198 0 0 1 0
199 0 0 1 0
200 0 1 0 2
201 0 1 0 1
205 1 0 0 0
206 0 0 2 0
208 0 0 0 1
217 1 0 0 1
218 1 2 0 4
219 0 2 0 2
220 0 0 0 1
221 0 1 1 2
222 0 2 0 2
223 0 1 0 1
