0 1.0 0.0
1 0.4072 0.5928
2 0.5003 0.4997
3 0.4874 0.5126
4 0.4837 0.5163
5 0.4802 0.5198
6 0.4792 0.5208
7 0.4771 0.5229
8 0.4761 0.5239
9 0.4749 0.5251
10 0.4742 0.5258
11 0.4731 0.5269
12 0.4721 0.5279
13 0.4712 0.5288
14 0.4716 0.5284
15 0.4697 0.5303
16 0.4704 0.5296
17 0.4703 0.5297
18 0.4708 0.5292
19 0.4692 0.5308
20 0.4702 0.5298
21 0.4696 0.5304
22 0.4698 0.5302
23 0.4702 0.5298
24 0.4693 0.5307
25 0.4694 0.5306
26 0.4718 0.5282
27 0.4709 0.5291
28 0.4721 0.5279
29 0.4727 0.5273
30 0.4719 0.5281
31 0.4728 0.5272
32 0.4713 0.5287
33 0.4729 0.5271
34 0.4725 0.5275
35 0.4723 0.5277
36 0.4753 0.5247
37 0.473 0.527
38 0.4743 0.5257
39 0.4725 0.5275
40 0.473 0.527
41 0.4736 0.5264
42 0.4743 0.5257
43 0.4748 0.5252
44 0.4781 0.5219
45 0.4773 0.5227
46 0.4767 0.5233
47 0.4771 0.5229
48 0.4753 0.5247
49 0.4754 0.5246
50 0.478 0.522
51 0.4768 0.5232
52 0.475 0.525
53 0.476 0.524
54 0.4765 0.5235
55 0.4779 0.5221
56 0.4804 0.5196
57 0.4783 0.5217
58 0.4819 0.5181
59 0.4775 0.5225
60 0.4793 0.5207
61 0.4775 0.5225
62 0.4796 0.5204
63 0.4786 0.5214
64 0.48 0.52
65 0.4817 0.5183
66 0.4796 0.5204
67 0.4796 0.5204
68 0.4802 0.5198
69 0.4787 0.5213
70 0.4795 0.5205
71 0.481 0.519
72 0.4813 0.5187
73 0.4791 0.5209
74 0.4818 0.5182
75 0.4841 0.5159
76 0.4827 0.5173
77 0.482 0.518
78 0.4827 0.5173
79 0.4824 0.5176
80 0.4836 0.5164
81 0.4849 0.5151
82 0.4833 0.5167
83 0.4834 0.5166
84 0.4824 0.5176
85 0.4834 0.5166
86 0.4873 0.5127
87 0.487 0.513
88 0.4842 0.5158
89 0.4836 0.5164
90 0.4866 0.5134
91 0.4849 0.5151
92 0.4821 0.5179
93 0.4853 0.5147
94 0.4857 0.5143
95 0.4855 0.5145
96 0.4876 0.5124
97 0.4871 0.5129
98 0.4838 0.5162
99 0.4838 0.5162
100 0.4847 0.5153
101 0.4889 0.5111
102 0.484 0.516
103 0.4895 0.5105
104 0.4873 0.5127
105 0.4879 0.5121
106 0.4848 0.5152
107 0.4874 0.5126
108 0.4838 0.5162
109 0.4863 0.5137
110 0.4836 0.5164
111 0.4817 0.5183
112 0.4904 0.5096
113 0.4876 0.5124
114 0.4859 0.5141
115 0.4843 0.5157
116 0.4892 0.5108
117 0.4877 0.5123
118 0.4891 0.5109
119 0.4868 0.5132
120 0.4861 0.5139
121 0.487 0.513
122 0.4893 0.5107
123 0.4847 0.5153
124 0.4888 0.5112
125 0.4842 0.5158
126 0.4867 0.5133
127 0.4859 0.5141
128 0.4868 0.5132
129 0.486 0.514
130 0.4903 0.5097
131 0.4887 0.5113
132 0.4874 0.5126
133 0.4884 0.5116
134 0.4901 0.5099
135 0.4876 0.5124
136 0.4865 0.5135
137 0.4903 0.5097
138 0.4891 0.5109
139 0.4871 0.5129
140 0.4885 0.5115
141 0.4883 0.5117
142 0.4815 0.5185
143 0.4888 0.5112
144 0.4905 0.5095
145 0.4881 0.5119
146 0.4863 0.5137
147 0.4911 0.5089
148 0.4867 0.5133
149 0.4886 0.5114
150 0.4873 0.5127
151 0.4937 0.5063
152 0.4876 0.5124
153 0.4866 0.5134
154 0.4917 0.5083
155 0.4888 0.5112
156 0.489 0.511
157 0.4872 0.5128
158 0.4911 0.5089
159 0.4933 0.5067
160 0.4864 0.5136
161 0.4881 0.5119
162 0.4892 0.5108
163 0.4882 0.5118
164 0.488 0.512
165 0.4854 0.5146
166 0.4924 0.5076
167 0.495 0.505
168 0.488 0.512
169 0.4929 0.5071
170 0.4894 0.5106
171 0.4898 0.5102
172 0.4891 0.5109
173 0.4865 0.5135
174 0.4884 0.5116
175 0.4904 0.5096
176 0.4886 0.5114
177 0.4892 0.5108
178 0.4921 0.5079
179 0.4984 0.5016
180 0.4871 0.5129
181 0.4832 0.5168
182 0.4921 0.5079
183 0.493 0.507
184 0.4948 0.5052
185 0.4939 0.5061
186 0.4911 0.5089
187 0.492 0.508
188 0.4913 0.5087
189 0.4893 0.5107
190 0.4937 0.5063
191 0.4882 0.5118
192 0.4874 0.5126
193 0.4913 0.5087
194 0.4962 0.5038
195 0.4923 0.5077
196 0.4934 0.5066
197 0.4877 0.5123
198 0.4954 0.5046
199 0.4914 0.5086
200 0.4878 0.5122
201 0.4919 0.5081
202 0.4895 0.5105
203 0.4877 0.5123
204 0.4957 0.5043
205 0.4944 0.5056
206 0.4907 0.5093
207 0.488 0.512
208 0.4905 0.5095
209 0.4893 0.5107
210 0.4886 0.5114
211 0.4902 0.5098
212 0.4929 0.5071
213 0.4898 0.5102
214 0.4917 0.5083
215 0.4925 0.5075
216 0.4948 0.5052
217 0.4982 0.5018
218 0.4914 0.5086
219 0.4913 0.5087
220 0.4881 0.5119
221 0.4892 0.5108
222 0.4914 0.5086
223 0.4947 0.5053
224 0.4994 0.5006
225 0.4922 0.5078
226 0.4938 0.5062
227 0.493 0.507
228 0.492 0.508
229 0.4875 0.5125
230 0.4911 0.5089
231 0.4882 0.5118
232 0.4915 0.5085
233 0.4865 0.5135
234 0.4924 0.5076
235 0.4958 0.5042
236 0.4874 0.5126
237 0.4973 0.5027
238 0.4935 0.5065
239 0.4917 0.5083
240 0.4875 0.5125
241 0.4899 0.5101
242 0.4905 0.5095
243 0.4861 0.5139
244 0.4915 0.5085
245 0.4911 0.5089
246 0.4957 0.5043
247 0.4931 0.5069
248 0.489 0.511
249 0.4875 0.5125
250 0.4921 0.5079
251 0.4907 0.5093
252 0.4883 0.5117
253 0.4891 0.5109
254 0.4883 0.5117
255 0.4955 0.5045
256 0.4905 0.5095
257 0.4873 0.5127
258 0.4893 0.5107
259 0.4937 0.5063
260 0.4959 0.5041
261 0.4914 0.5086
262 0.4947 0.5053
263 0.4895 0.5105
264 0.4937 0.5063
265 0.4979 0.5021
266 0.4911 0.5089
267 0.4894 0.5106
268 0.4896 0.5104
269 0.4938 0.5062
270 0.4897 0.5103
271 0.4943 0.5057
272 0.4931 0.5069
273 0.4954 0.5046
274 0.4947 0.5053
275 0.5012 0.4988
276 0.4935 0.5065
277 0.4941 0.5059
278 0.4922 0.5078
279 0.4912 0.5088
280 0.4915 0.5085
281 0.4946 0.5054
282 0.4947 0.5053
283 0.4918 0.5082
284 0.488 0.512
285 0.488 0.512
286 0.4936 0.5064
287 0.4911 0.5089
288 0.5023 0.4977
289 0.4959 0.5041
290 0.4871 0.5129
291 0.4979 0.5021
292 0.493 0.507
293 0.488 0.512
294 0.4876 0.5124
295 0.4897 0.5103
296 0.4903 0.5097
297 0.4917 0.5083
298 0.495 0.505
299 0.493 0.507
300 0.4935 0.5065
301 0.4909 0.5091
302 0.4973 0.5027
303 0.505 0.495
304 0.4924 0.5076
305 0.4907 0.5093
306 0.4987 0.5013
307 0.4991 0.5009
308 0.4895 0.5105
309 0.4901 0.5099
310 0.4954 0.5046
311 0.4999 0.5001
312 0.4934 0.5066
313 0.4925 0.5075
314 0.4938 0.5062
315 0.4979 0.5021
316 0.4896 0.5104
317 0.4971 0.5029
318 0.4913 0.5087
319 0.4904 0.5096
320 0.4908 0.5092
321 0.4953 0.5047
322 0.4947 0.5053
323 0.4928 0.5072
324 0.4943 0.5057
325 0.4985 0.5015
326 0.4937 0.5063
327 0.4979 0.5021
328 0.4923 0.5077
329 0.4987 0.5013
330 0.4927 0.5073
331 0.4914 0.5086
332 0.4942 0.5058
333 0.496 0.504
334 0.4879 0.5121
335 0.4969 0.5031
336 0.4952 0.5048
337 0.4922 0.5078
338 0.495 0.505
339 0.4967 0.5033
340 0.4967 0.5033
341 0.4994 0.5006
342 0.49 0.51
343 0.4931 0.5069
344 0.4968 0.5032
345 0.4953 0.5047
346 0.494 0.506
347 0.4928 0.5072
348 0.497 0.503
349 0.4959 0.5041
350 0.4886 0.5114
351 0.4893 0.5107
352 0.4946 0.5054
353 0.5002 0.4998
354 0.4989 0.5011
355 0.4876 0.5124
356 0.4832 0.5168
357 0.4954 0.5046
358 0.5007 0.4993
359 0.4938 0.5062
360 0.4986 0.5014
361 0.4937 0.5063
362 0.4976 0.5024
363 0.4977 0.5023
364 0.4944 0.5056
365 0.4966 0.5034
366 0.4975 0.5025
367 0.499 0.501
368 0.5024 0.4976
369 0.5041 0.4959
370 0.4947 0.5053
371 0.4988 0.5012
372 0.4949 0.5051
373 0.4964 0.5036
374 0.4887 0.5113
375 0.4964 0.5036
376 0.4946 0.5054
377 0.497 0.503
378 0.4993 0.5007
379 0.4921 0.5079
380 0.4995 0.5005
381 0.4856 0.5144
382 0.4997 0.5003
383 0.5008 0.4992
384 0.494 0.506
385 0.4953 0.5047
386 0.4976 0.5024
387 0.4977 0.5023
388 0.4948 0.5052
389 0.4951 0.5049
390 0.4914 0.5086
391 0.4932 0.5068
392 0.488 0.512
393 0.4936 0.5064
394 0.4953 0.5047
395 0.4967 0.5033
396 0.5037 0.4963
397 0.4959 0.5041
398 0.4995 0.5005
399 0.5009 0.4991
400 0.4951 0.5049
401 0.4969 0.5031
402 0.4985 0.5015
403 0.4927 0.5073
404 0.4983 0.5017
405 0.4965 0.5035
406 0.4963 0.5037
407 0.4993 0.5007
408 0.4947 0.5053
409 0.4893 0.5107
410 0.4927 0.5073
411 0.5052 0.4948
412 0.4912 0.5088
413 0.4965 0.5035
414 0.4933 0.5067
415 0.4915 0.5085
416 0.4936 0.5064
417 0.5031 0.4969
418 0.4823 0.5177
419 0.4862 0.5138
420 0.4877 0.5123
421 0.4928 0.5072
422 0.4938 0.5062
423 0.4885 0.5115
424 0.497 0.503
425 0.4916 0.5084
426 0.4887 0.5113
427 0.4917 0.5083
428 0.4938 0.5062
429 0.4883 0.5117
430 0.4986 0.5014
431 0.4941 0.5059
432 0.4934 0.5066
433 0.4927 0.5073
434 0.4898 0.5102
435 0.4971 0.5029
436 0.4946 0.5054
437 0.4887 0.5113
438 0.4941 0.5059
439 0.4857 0.5143
440 0.4946 0.5054
441 0.4958 0.5042
442 0.4951 0.5049
443 0.4981 0.5019
444 0.5004 0.4996
445 0.4931 0.5069
446 0.4911 0.5089
447 0.4972 0.5028
448 0.5026 0.4974
449 0.4931 0.5069
450 0.4841 0.5159
451 0.4964 0.5036
452 0.5038 0.4962
453 0.5012 0.4988
454 0.4921 0.5079
455 0.4865 0.5135
456 0.4915 0.5085
457 0.4936 0.5064
458 0.5058 0.4942
459 0.4999 0.5001
460 0.5019 0.4981
461 0.4895 0.5105
462 0.4912 0.5088
463 0.4979 0.5021
464 0.4982 0.5018
465 0.4892 0.5108
466 0.5005 0.4995
467 0.4991 0.5009
468 0.4942 0.5058
469 0.5022 0.4978
470 0.4996 0.5004
471 0.4983 0.5017
472 0.4924 0.5076
473 0.4977 0.5023
474 0.488 0.512
475 0.4993 0.5007
476 0.4938 0.5062
477 0.5028 0.4972
478 0.5065 0.4935
479 0.4975 0.5025
480 0.5017 0.4983
481 0.4938 0.5062
482 0.4869 0.5131
483 0.4927 0.5073
484 0.4961 0.5039
485 0.5012 0.4988
486 0.4956 0.5044
487 0.5085 0.4915
488 0.4897 0.5103
489 0.4984 0.5016
490 0.4988 0.5012
491 0.4998 0.5002
492 0.4956 0.5044
493 0.4902 0.5098
494 0.4928 0.5072
495 0.4968 0.5032
496 0.5018 0.4982
497 0.5003 0.4997
498 0.491 0.509
499 0.4991 0.5009
500 0.4994 0.5006
501 0.4852 0.5148
502 0.4946 0.5054
503 0.4851 0.5149
504 0.5079 0.4921
505 0.4915 0.5085
506 0.4954 0.5046
507 0.4932 0.5068
508 0.4942 0.5058
509 0.4956 0.5044
510 0.4996 0.5004
511 0.4928 0.5072
512 0.4993 0.5007
513 0.5038 0.4962
514 0.5022 0.4978
515 0.4987 0.5013
516 0.4994 0.5006
517 0.4995 0.5005
518 0.5016 0.4984
519 0.5021 0.4979
520 0.5002 0.4998
521 0.4992 0.5008
522 0.5024 0.4976
523 0.5006 0.4994
524 0.4989 0.5011
525 0.496 0.504
526 0.4913 0.5087
527 0.494 0.506
528 0.496 0.504
529 0.4958 0.5042
530 0.4967 0.5033
531 0.492 0.508
532 0.498 0.502
533 0.4939 0.5061
534 0.4873 0.5127
535 0.4976 0.5024
536 0.4972 0.5028
537 0.4997 0.5003
538 0.4855 0.5145
539 0.5006 0.4994
540 0.5073 0.4927
541 0.4913 0.5087
542 0.5001 0.4999
543 0.4968 0.5032
544 0.4996 0.5004
545 0.4964 0.5036
546 0.4969 0.5031
547 0.4941 0.5059
548 0.4946 0.5054
549 0.4925 0.5075
550 0.5033 0.4967
551 0.4992 0.5008
552 0.4996 0.5004
553 0.4967 0.5033
554 0.4967 0.5033
555 0.4851 0.5149
556 0.491 0.509
557 0.4991 0.5009
558 0.4884 0.5116
559 0.4909 0.5091
560 0.4958 0.5042
561 0.4973 0.5027
562 0.4954 0.5046
563 0.4914 0.5086
564 0.4902 0.5098
565 0.495 0.505
566 0.5069 0.4931
567 0.499 0.501
568 0.497 0.503
569 0.4988 0.5012
570 0.4942 0.5058
571 0.4934 0.5066
572 0.5019 0.4981
573 0.4985 0.5015
574 0.4953 0.5047
575 0.4991 0.5009
576 0.4952 0.5048
577 0.5072 0.4928
578 0.4887 0.5113
579 0.5005 0.4995
580 0.5043 0.4957
581 0.4965 0.5035
582 0.5003 0.4997
583 0.5032 0.4968
584 0.4997 0.5003
585 0.4998 0.5002
586 0.4965 0.5035
587 0.5012 0.4988
588 0.5007 0.4993
589 0.4994 0.5006
590 0.4933 0.5067
591 0.4946 0.5054
592 0.4917 0.5083
593 0.4976 0.5024
594 0.5015 0.4985
595 0.5026 0.4974
596 0.4939 0.5061
597 0.4995 0.5005
598 0.5072 0.4928
599 0.4919 0.5081
600 0.4897 0.5103
601 0.4984 0.5016
602 0.4987 0.5013
603 0.5042 0.4958
604 0.4985 0.5015
605 0.4862 0.5138
606 0.4887 0.5113
607 0.5053 0.4947
608 0.4954 0.5046
609 0.4911 0.5089
610 0.5014 0.4986
611 0.4915 0.5085
612 0.5078 0.4922
613 0.4977 0.5023
614 0.4983 0.5017
615 0.5078 0.4922
616 0.4889 0.5111
617 0.4908 0.5092
618 0.4956 0.5044
619 0.4912 0.5088
620 0.5013 0.4987
621 0.4898 0.5102
622 0.4999 0.5001
623 0.5042 0.4958
624 0.505 0.495
625 0.5039 0.4961
626 0.5017 0.4983
627 0.499 0.501
628 0.4914 0.5086
629 0.4932 0.5068
630 0.4946 0.5054
631 0.4969 0.5031
632 0.5001 0.4999
633 0.4981 0.5019
634 0.4946 0.5054
635 0.4968 0.5032
636 0.4938 0.5062
637 0.4979 0.5021
638 0.4913 0.5087
639 0.4948 0.5052
640 0.489 0.511
641 0.4947 0.5053
642 0.4977 0.5023
643 0.4982 0.5018
644 0.5063 0.4937
645 0.5031 0.4969
646 0.499 0.501
647 0.4905 0.5095
648 0.5047 0.4953
649 0.4853 0.5147
650 0.49 0.51
651 0.4906 0.5094
652 0.5021 0.4979
653 0.495 0.505
654 0.4957 0.5043
655 0.492 0.508
656 0.4945 0.5055
657 0.4961 0.5039
658 0.4987 0.5013
659 0.5037 0.4963
660 0.4902 0.5098
661 0.4972 0.5028
662 0.5031 0.4969
663 0.4904 0.5096
664 0.4999 0.5001
665 0.5021 0.4979
666 0.4997 0.5003
667 0.5007 0.4993
668 0.497 0.503
669 0.4969 0.5031
670 0.4892 0.5108
671 0.4982 0.5018
672 0.5063 0.4937
673 0.5011 0.4989
674 0.5037 0.4963
675 0.4986 0.5014
676 0.5055 0.4945
677 0.4978 0.5022
678 0.49 0.51
679 0.4889 0.5111
680 0.4951 0.5049
681 0.4954 0.5046
682 0.4879 0.5121
683 0.4942 0.5058
684 0.5037 0.4963
685 0.4948 0.5052
686 0.5065 0.4935
687 0.5001 0.4999
688 0.5006 0.4994
689 0.4984 0.5016
690 0.4939 0.5061
691 0.5036 0.4964
692 0.4999 0.5001
693 0.498 0.502
694 0.4961 0.5039
695 0.4921 0.5079
696 0.498 0.502
697 0.4992 0.5008
698 0.4878 0.5122
699 0.5042 0.4958
700 0.4963 0.5037
701 0.4947 0.5053
702 0.4897 0.5103
703 0.5042 0.4958
704 0.5029 0.4971
705 0.4991 0.5009
706 0.4989 0.5011
707 0.4979 0.5021
708 0.4991 0.5009
709 0.5026 0.4974
710 0.5067 0.4933
711 0.4954 0.5046
712 0.5089 0.4911
713 0.5014 0.4986
714 0.5036 0.4964
715 0.4817 0.5183
716 0.4956 0.5044
717 0.5004 0.4996
718 0.4944 0.5056
719 0.5146 0.4854
720 0.4925 0.5075
721 0.4999 0.5001
722 0.4923 0.5077
723 0.4877 0.5123
724 0.5051 0.4949
725 0.503 0.497
726 0.5018 0.4982
727 0.499 0.501
728 0.4965 0.5035
729 0.4964 0.5036
730 0.4971 0.5029
731 0.496 0.504
732 0.4968 0.5032
733 0.5031 0.4969
734 0.4898 0.5102
735 0.4981 0.5019
736 0.4953 0.5047
737 0.4916 0.5084
738 0.4939 0.5061
739 0.494 0.506
740 0.4929 0.5071
741 0.4924 0.5076
742 0.4999 0.5001
743 0.5001 0.4999
744 0.4978 0.5022
745 0.4952 0.5048
746 0.4994 0.5006
747 0.4922 0.5078
748 0.497 0.503
749 0.4993 0.5007
750 0.5068 0.4932
751 0.4933 0.5067
752 0.4949 0.5051
753 0.4857 0.5143
754 0.4975 0.5025
755 0.5049 0.4951
756 0.5008 0.4992
757 0.5016 0.4984
758 0.4925 0.5075
759 0.5037 0.4963
760 0.5126 0.4874
761 0.4999 0.5001
762 0.4977 0.5023
763 0.5095 0.4905
764 0.4997 0.5003
765 0.5083 0.4917
766 0.4998 0.5002
767 0.503 0.497
768 0.4935 0.5065
769 0.4999 0.5001
770 0.5054 0.4946
771 0.5009 0.4991
772 0.4984 0.5016
773 0.4991 0.5009
774 0.5009 0.4991
775 0.5134 0.4866
776 0.5037 0.4963
777 0.5057 0.4943
778 0.4974 0.5026
779 0.502 0.498
780 0.4975 0.5025
781 0.4892 0.5108
782 0.4891 0.5109
783 0.4958 0.5042
784 0.4984 0.5016
785 0.5155 0.4845
786 0.4868 0.5132
787 0.4998 0.5002
788 0.4974 0.5026
789 0.5101 0.4899
790 0.5057 0.4943
791 0.493 0.507
792 0.5058 0.4942
793 0.4992 0.5008
794 0.4943 0.5057
795 0.5066 0.4934
796 0.4964 0.5036
797 0.4966 0.5034
798 0.5043 0.4957
799 0.5019 0.4981
800 0.5036 0.4964
801 0.4895 0.5105
802 0.4889 0.5111
803 0.4908 0.5092
804 0.5049 0.4951
805 0.5034 0.4966
806 0.5034 0.4966
807 0.5031 0.4969
808 0.495 0.505
809 0.4958 0.5042
810 0.5003 0.4997
811 0.4933 0.5067
812 0.5065 0.4935
813 0.4993 0.5007
814 0.5056 0.4944
815 0.5069 0.4931
816 0.5131 0.4869
817 0.4972 0.5028
818 0.4974 0.5026
819 0.5045 0.4955
820 0.4961 0.5039
821 0.4897 0.5103
822 0.505 0.495
823 0.4966 0.5034
824 0.4987 0.5013
825 0.5047 0.4953
826 0.5031 0.4969
827 0.494 0.506
828 0.5034 0.4966
829 0.5021 0.4979
830 0.494 0.506
831 0.5056 0.4944
832 0.4934 0.5066
833 0.499 0.501
834 0.5029 0.4971
835 0.5034 0.4966
836 0.5029 0.4971
837 0.4907 0.5093
838 0.4962 0.5038
839 0.4906 0.5094
840 0.4908 0.5092
841 0.4922 0.5078
842 0.5083 0.4917
843 0.4913 0.5087
844 0.5015 0.4985
845 0.501 0.499
846 0.4929 0.5071
847 0.4984 0.5016
848 0.4975 0.5025
849 0.49 0.51
850 0.4879 0.5121
851 0.5082 0.4918
852 0.4825 0.5175
853 0.4896 0.5104
854 0.4986 0.5014
855 0.5031 0.4969
856 0.4928 0.5072
857 0.4891 0.5109
858 0.5094 0.4906
859 0.5017 0.4983
860 0.5088 0.4912
861 0.5043 0.4957
862 0.4993 0.5007
863 0.494 0.506
864 0.491 0.509
865 0.4977 0.5023
866 0.4932 0.5068
867 0.5 0.5
868 0.4977 0.5023
869 0.5002 0.4998
870 0.4924 0.5076
871 0.5028 0.4972
872 0.5071 0.4929
873 0.5028 0.4972
874 0.4991 0.5009
875 0.4947 0.5053
876 0.501 0.499
877 0.4966 0.5034
878 0.4982 0.5018
879 0.5043 0.4957
880 0.4919 0.5081
881 0.505 0.495
882 0.4973 0.5027
883 0.5075 0.4925
884 0.4988 0.5012
885 0.5125 0.4875
886 0.4989 0.5011
887 0.4906 0.5094
888 0.494 0.506
889 0.4889 0.5111
890 0.4901 0.5099
891 0.4855 0.5145
892 0.501 0.499
893 0.4972 0.5028
894 0.5033 0.4967
895 0.492 0.508
896 0.4864 0.5136
897 0.4979 0.5021
898 0.499 0.501
899 0.5054 0.4946
900 0.4928 0.5072
901 0.4942 0.5058
902 0.4972 0.5028
903 0.4978 0.5022
904 0.4968 0.5032
905 0.4901 0.5099
906 0.4885 0.5115
907 0.501 0.499
908 0.4951 0.5049
909 0.4967 0.5033
910 0.4946 0.5054
911 0.4992 0.5008
912 0.5154 0.4846
913 0.4996 0.5004
914 0.4989 0.5011
915 0.4939 0.5061
916 0.5005 0.4995
917 0.5015 0.4985
918 0.4993 0.5007
919 0.5052 0.4948
920 0.5025 0.4975
921 0.494 0.506
922 0.4913 0.5087
923 0.506 0.494
924 0.493 0.507
925 0.4941 0.5059
926 0.4927 0.5073
927 0.4929 0.5071
928 0.5116 0.4884
929 0.5024 0.4976
930 0.4853 0.5147
931 0.4889 0.5111
932 0.5002 0.4998
933 0.4935 0.5065
934 0.497 0.503
935 0.4951 0.5049
936 0.493 0.507
937 0.5013 0.4987
938 0.5044 0.4956
939 0.5102 0.4898
940 0.4929 0.5071
941 0.4916 0.5084
942 0.4949 0.5051
943 0.5013 0.4987
944 0.5071 0.4929
945 0.5068 0.4932
946 0.51 0.49
947 0.4975 0.5025
948 0.4942 0.5058
949 0.5024 0.4976
950 0.4929 0.5071
951 0.5002 0.4998
952 0.4948 0.5052
953 0.4939 0.5061
954 0.4995 0.5005
955 0.5007 0.4993
956 0.5027 0.4973
957 0.5091 0.4909
958 0.4928 0.5072
959 0.4933 0.5067
960 0.4964 0.5036
961 0.4998 0.5002
962 0.503 0.497
963 0.512 0.488
964 0.4922 0.5078
965 0.5047 0.4953
966 0.4977 0.5023
967 0.5097 0.4903
968 0.4915 0.5085
969 0.5009 0.4991
970 0.4991 0.5009
971 0.5052 0.4948
972 0.4906 0.5094
973 0.5037 0.4963
974 0.4968 0.5032
975 0.4978 0.5022
976 0.5081 0.4919
977 0.5042 0.4958
978 0.5146 0.4854
979 0.4986 0.5014
980 0.4934 0.5066
981 0.4967 0.5033
982 0.4924 0.5076
983 0.4914 0.5086
984 0.4986 0.5014
985 0.4969 0.5031
986 0.5004 0.4996
987 0.5013 0.4987
988 0.5067 0.4933
989 0.5005 0.4995
990 0.5095 0.4905
991 0.4986 0.5014
992 0.4891 0.5109
993 0.5009 0.4991
994 0.4914 0.5086
995 0.5029 0.4971
996 0.5045 0.4955
997 0.5176 0.4824
998 0.5005 0.4995
999 0.4951 0.5049
1000 0.5038 0.4962
1001 0.5036 0.4964
1002 0.4903 0.5097
1003 0.5068 0.4932
1004 0.5035 0.4965
1005 0.5026 0.4974
1006 0.5007 0.4993
1007 0.5035 0.4965
1008 0.4987 0.5013
1009 0.4826 0.5174
1010 0.4968 0.5032
1011 0.4972 0.5028
1012 0.4861 0.5139
1013 0.5026 0.4974
1014 0.5013 0.4987
1015 0.5025 0.4975
1016 0.505 0.495
1017 0.5067 0.4933
1018 0.4926 0.5074
1019 0.4901 0.5099
1020 0.5055 0.4945
1021 0.4924 0.5076
1022 0.498 0.502
1023 0.4986 0.5014
1024 0.5008 0.4992
1025 0.5097 0.4903
1026 0.5041 0.4959
1027 0.4847 0.5153
1028 0.5005 0.4995
1029 0.4911 0.5089
1030 0.4988 0.5012
1031 0.4858 0.5142
1032 0.5082 0.4918
1033 0.4986 0.5014
1034 0.4892 0.5108
1035 0.5008 0.4992
1036 0.5033 0.4967
1037 0.5128 0.4872
1038 0.5041 0.4959
1039 0.5086 0.4914
1040 0.5073 0.4927
1041 0.4989 0.5011
1042 0.4953 0.5047
1043 0.5014 0.4986
1044 0.5081 0.4919
1045 0.5105 0.4895
1046 0.5025 0.4975
1047 0.5052 0.4948
1048 0.4889 0.5111
1049 0.4932 0.5068
1050 0.5059 0.4941
1051 0.4929 0.5071
1052 0.5034 0.4966
1053 0.4954 0.5046
1054 0.5004 0.4996
1055 0.4969 0.5031
1056 0.5094 0.4906
1057 0.5024 0.4976
1058 0.4931 0.5069
1059 0.4901 0.5099
1060 0.4917 0.5083
1061 0.5041 0.4959
1062 0.5048 0.4952
1063 0.4976 0.5024
1064 0.5082 0.4918
1065 0.5106 0.4894
1066 0.4996 0.5004
1067 0.4973 0.5027
1068 0.4966 0.5034
1069 0.5002 0.4998
1070 0.5036 0.4964
1071 0.5045 0.4955
1072 0.5028 0.4972
1073 0.515 0.485
1074 0.4993 0.5007
1075 0.507 0.493
1076 0.5177 0.4823
1077 0.516 0.484
1078 0.4971 0.5029
1079 0.4974 0.5026
1080 0.493 0.507
1081 0.5035 0.4965
1082 0.5 0.5
1083 0.4949 0.5051
1084 0.501 0.499
1085 0.507 0.493
1086 0.4948 0.5052
1087 0.504 0.496
1088 0.496 0.504
1089 0.5134 0.4866
1090 0.5006 0.4994
1091 0.5041 0.4959
1092 0.496 0.504
1093 0.5099 0.4901
1094 0.5029 0.4971
1095 0.507 0.493
1096 0.4965 0.5035
1097 0.4947 0.5053
1098 0.5107 0.4893
1099 0.4974 0.5026
1100 0.4987 0.5013
1101 0.5072 0.4928
1102 0.497 0.503
1103 0.4995 0.5005
1104 0.5047 0.4953
1105 0.501 0.499
1106 0.4947 0.5053
1107 0.5067 0.4933
1108 0.4873 0.5127
1109 0.5034 0.4966
1110 0.4928 0.5072
1111 0.4835 0.5165
1112 0.4964 0.5036
1113 0.4962 0.5038
1114 0.5035 0.4965
1115 0.5098 0.4902
1116 0.5022 0.4978
1117 0.4959 0.5041
1118 0.5046 0.4954
1119 0.4945 0.5055
1120 0.5007 0.4993
1121 0.5022 0.4978
1122 0.4982 0.5018
1123 0.4979 0.5021
1124 0.4892 0.5108
1125 0.5028 0.4972
1126 0.4995 0.5005
1127 0.501 0.499
1128 0.5117 0.4883
1129 0.5021 0.4979
1130 0.49 0.51
1131 0.5035 0.4965
1132 0.497 0.503
1133 0.5052 0.4948
1134 0.5075 0.4925
1135 0.5039 0.4961
1136 0.5027 0.4973
1137 0.5026 0.4974
1138 0.4949 0.5051
1139 0.497 0.503
1140 0.4849 0.5151
1141 0.5032 0.4968
1142 0.4964 0.5036
1143 0.501 0.499
1144 0.5027 0.4973
1145 0.505 0.495
1146 0.4908 0.5092
1147 0.4922 0.5078
1148 0.5205 0.4795
1149 0.498 0.502
1150 0.5036 0.4964
1151 0.497 0.503
1152 0.4976 0.5024
1153 0.5023 0.4977
1154 0.4923 0.5077
1155 0.5126 0.4874
1156 0.5083 0.4917
1157 0.4979 0.5021
1158 0.4915 0.5085
1159 0.5123 0.4877
1160 0.5027 0.4973
1161 0.5083 0.4917
1162 0.5117 0.4883
1163 0.5053 0.4947
1164 0.4943 0.5057
1165 0.5022 0.4978
1166 0.4998 0.5002
1167 0.5064 0.4936
1168 0.5141 0.4859
1169 0.4929 0.5071
1170 0.5001 0.4999
1171 0.5101 0.4899
1172 0.5179 0.4821
1173 0.5023 0.4977
1174 0.5019 0.4981
1175 0.4964 0.5036
1176 0.4951 0.5049
1177 0.5119 0.4881
1178 0.4988 0.5012
1179 0.4942 0.5058
1180 0.5048 0.4952
1181 0.4999 0.5001
1182 0.4767 0.5233
1183 0.4955 0.5045
1184 0.5079 0.4921
1185 0.496 0.504
1186 0.4925 0.5075
1187 0.5048 0.4952
1188 0.5179 0.4821
1189 0.5035 0.4965
1190 0.5021 0.4979
1191 0.4996 0.5004
1192 0.5148 0.4852
1193 0.4905 0.5095
1194 0.5074 0.4926
1195 0.5144 0.4856
1196 0.5017 0.4983
1197 0.5004 0.4996
1198 0.4972 0.5028
1199 0.4982 0.5018
1200 0.5101 0.4899
1201 0.5031 0.4969
1202 0.4983 0.5017
1203 0.5026 0.4974
1204 0.5054 0.4946
1205 0.5043 0.4957
1206 0.5224 0.4776
1207 0.5063 0.4937
1208 0.5019 0.4981
1209 0.514 0.486
1210 0.5056 0.4944
1211 0.4963 0.5037
1212 0.4973 0.5027
1213 0.4955 0.5045
1214 0.4965 0.5035
1215 0.4879 0.5121
1216 0.5034 0.4966
1217 0.4993 0.5007
1218 0.5005 0.4995
1219 0.495 0.505
1220 0.5092 0.4908
1221 0.4997 0.5003
1222 0.4965 0.5035
1223 0.5033 0.4967
1224 0.4988 0.5012
1225 0.4994 0.5006
1226 0.501 0.499
1227 0.4982 0.5018
1228 0.5059 0.4941
1229 0.4899 0.5101
1230 0.4964 0.5036
1231 0.5027 0.4973
1232 0.4909 0.5091
1233 0.4942 0.5058
1234 0.4905 0.5095
1235 0.5166 0.4834
1236 0.4996 0.5004
1237 0.51 0.49
1238 0.5027 0.4973
1239 0.5082 0.4918
1240 0.507 0.493
1241 0.4847 0.5153
1242 0.4997 0.5003
1243 0.4913 0.5087
1244 0.4972 0.5028
1245 0.5015 0.4985
1246 0.5031 0.4969
1247 0.4956 0.5044
1248 0.5007 0.4993
1249 0.5002 0.4998
1250 0.5176 0.4824
1251 0.508 0.492
1252 0.5041 0.4959
1253 0.5053 0.4947
1254 0.5056 0.4944
1255 0.4959 0.5041
1256 0.5099 0.4901
1257 0.5093 0.4907
1258 0.5076 0.4924
1259 0.4866 0.5134
1260 0.5008 0.4992
1261 0.486 0.514
1262 0.4942 0.5058
1263 0.5059 0.4941
1264 0.4956 0.5044
1265 0.5073 0.4927
1266 0.5037 0.4963
1267 0.507 0.493
1268 0.4932 0.5068
1269 0.497 0.503
1270 0.5068 0.4932
1271 0.4961 0.5039
1272 0.4884 0.5116
1273 0.4998 0.5002
1274 0.5071 0.4929
1275 0.5016 0.4984
1276 0.5067 0.4933
1277 0.5075 0.4925
1278 0.5062 0.4938
1279 0.495 0.505
1280 0.5091 0.4909
1281 0.5065 0.4935
1282 0.5172 0.4828
1283 0.5058 0.4942
1284 0.508 0.492
1285 0.4989 0.5011
1286 0.4876 0.5124
1287 0.5043 0.4957
1288 0.4917 0.5083
1289 0.5049 0.4951
1290 0.5043 0.4957
1291 0.4965 0.5035
1292 0.4935 0.5065
1293 0.4954 0.5046
1294 0.5032 0.4968
1295 0.5002 0.4998
1296 0.4963 0.5037
1297 0.5083 0.4917
1298 0.5111 0.4889
1299 0.5198 0.4802
1300 0.4942 0.5058
1301 0.5055 0.4945
1302 0.496 0.504
1303 0.5005 0.4995
1304 0.5042 0.4958
1305 0.4867 0.5133
1306 0.5083 0.4917
1307 0.5169 0.4831
1308 0.4858 0.5142
1309 0.5169 0.4831
1310 0.4909 0.5091
1311 0.5035 0.4965
1312 0.4983 0.5017
1313 0.4945 0.5055
1314 0.4966 0.5034
1315 0.5062 0.4938
1316 0.4883 0.5117
1317 0.5169 0.4831
1318 0.5128 0.4872
1319 0.4962 0.5038
1320 0.4962 0.5038
1321 0.4962 0.5038
1322 0.512 0.488
1323 0.5031 0.4969
1324 0.4986 0.5014
1325 0.4943 0.5057
1326 0.5043 0.4957
1327 0.4983 0.5017
1328 0.4949 0.5051
1329 0.4925 0.5075
1330 0.5086 0.4914
1331 0.5019 0.4981
1332 0.502 0.498
1333 0.4971 0.5029
1334 0.4857 0.5143
1335 0.5067 0.4933
1336 0.5017 0.4983
1337 0.4924 0.5076
1338 0.5002 0.4998
1339 0.4873 0.5127
1340 0.4973 0.5027
1341 0.5022 0.4978
1342 0.5109 0.4891
1343 0.5063 0.4937
1344 0.497 0.503
1345 0.5172 0.4828
1346 0.5058 0.4942
1347 0.5076 0.4924
1348 0.5037 0.4963
1349 0.5003 0.4997
1350 0.5165 0.4835
1351 0.5072 0.4928
1352 0.5091 0.4909
1353 0.5186 0.4814
1354 0.4977 0.5023
1355 0.5183 0.4817
1356 0.5024 0.4976
1357 0.4935 0.5065
1358 0.4975 0.5025
1359 0.4915 0.5085
1360 0.5043 0.4957
1361 0.5035 0.4965
1362 0.5102 0.4898
1363 0.4947 0.5053
1364 0.5125 0.4875
1365 0.5022 0.4978
1366 0.5007 0.4993
1367 0.5106 0.4894
1368 0.5004 0.4996
1369 0.5079 0.4921
1370 0.5016 0.4984
1371 0.5058 0.4942
1372 0.4949 0.5051
1373 0.5067 0.4933
1374 0.5067 0.4933
1375 0.4969 0.5031
1376 0.5009 0.4991
1377 0.4926 0.5074
1378 0.4992 0.5008
1379 0.5069 0.4931
1380 0.5092 0.4908
1381 0.4908 0.5092
1382 0.501 0.499
1383 0.5071 0.4929
1384 0.5018 0.4982
1385 0.5119 0.4881
1386 0.4946 0.5054
1387 0.4953 0.5047
1388 0.4976 0.5024
1389 0.4885 0.5115
1390 0.508 0.492
1391 0.4931 0.5069
1392 0.5009 0.4991
1393 0.5095 0.4905
1394 0.5026 0.4974
1395 0.4988 0.5012
1396 0.5124 0.4876
1397 0.5081 0.4919
1398 0.501 0.499
1399 0.5029 0.4971
1400 0.504 0.496
1401 0.5011 0.4989
1402 0.4926 0.5074
1403 0.5135 0.4865
1404 0.5054 0.4946
1405 0.4971 0.5029
1406 0.5043 0.4957
1407 0.5107 0.4893
1408 0.489 0.511
1409 0.5022 0.4978
1410 0.4996 0.5004
1411 0.5007 0.4993
1412 0.4999 0.5001
1413 0.4977 0.5023
1414 0.4992 0.5008
1415 0.5015 0.4985
1416 0.5018 0.4982
1417 0.4924 0.5076
1418 0.4972 0.5028
1419 0.4933 0.5067
1420 0.5019 0.4981
1421 0.5043 0.4957
1422 0.4971 0.5029
1423 0.4985 0.5015
1424 0.5004 0.4996
1425 0.4961 0.5039
1426 0.5025 0.4975
1427 0.5028 0.4972
1428 0.5009 0.4991
1429 0.495 0.505
1430 0.5115 0.4885
1431 0.5003 0.4997
1432 0.4922 0.5078
1433 0.5067 0.4933
1434 0.4925 0.5075
1435 0.5032 0.4968
1436 0.5042 0.4958
1437 0.5052 0.4948
1438 0.5109 0.4891
1439 0.5198 0.4802
1440 0.5039 0.4961
1441 0.5124 0.4876
1442 0.4953 0.5047
1443 0.4881 0.5119
1444 0.5027 0.4973
1445 0.5015 0.4985
1446 0.4994 0.5006
1447 0.507 0.493
1448 0.4933 0.5067
1449 0.5006 0.4994
1450 0.512 0.488
1451 0.4993 0.5007
1452 0.5007 0.4993
1453 0.4938 0.5062
1454 0.5085 0.4915
1455 0.5044 0.4956
1456 0.5074 0.4926
1457 0.4898 0.5102
1458 0.5194 0.4806
1459 0.4972 0.5028
1460 0.5043 0.4957
1461 0.5095 0.4905
1462 0.4962 0.5038
1463 0.4982 0.5018
1464 0.4975 0.5025
1465 0.5041 0.4959
1466 0.5025 0.4975
1467 0.4991 0.5009
1468 0.4989 0.5011
1469 0.5046 0.4954
1470 0.4996 0.5004
1471 0.481 0.519
1472 0.4902 0.5098
1473 0.4959 0.5041
1474 0.4995 0.5005
1475 0.5009 0.4991
1476 0.5055 0.4945
1477 0.5035 0.4965
1478 0.5077 0.4923
1479 0.5017 0.4983
1480 0.4959 0.5041
1481 0.488 0.512
1482 0.4948 0.5052
1483 0.4882 0.5118
1484 0.4976 0.5024
1485 0.5012 0.4988
1486 0.5154 0.4846
1487 0.4974 0.5026
1488 0.4922 0.5078
1489 0.5157 0.4843
1490 0.5023 0.4977
1491 0.5101 0.4899
1492 0.5084 0.4916
1493 0.4884 0.5116
1494 0.5016 0.4984
1495 0.5012 0.4988
1496 0.504 0.496
1497 0.5037 0.4963
1498 0.4986 0.5014
1499 0.5023 0.4977
1500 0.5019 0.4981
1501 0.5043 0.4957
1502 0.4994 0.5006
1503 0.507 0.493
1504 0.4988 0.5012
1505 0.5116 0.4884
1506 0.4952 0.5048
1507 0.5062 0.4938
1508 0.5084 0.4916
1509 0.4931 0.5069
1510 0.5029 0.4971
1511 0.504 0.496
1512 0.5099 0.4901
1513 0.495 0.505
1514 0.5081 0.4919
1515 0.501 0.499
1516 0.513 0.487
1517 0.509 0.491
1518 0.4984 0.5016
1519 0.499 0.501
1520 0.5016 0.4984
1521 0.5031 0.4969
1522 0.5085 0.4915
1523 0.5065 0.4935
1524 0.4981 0.5019
1525 0.4974 0.5026
1526 0.5066 0.4934
1527 0.4923 0.5077
1528 0.5064 0.4936
1529 0.51 0.49
1530 0.505 0.495
1531 0.5078 0.4922
1532 0.5007 0.4993
1533 0.516 0.484
1534 0.5064 0.4936
1535 0.5038 0.4962
1536 0.5068 0.4932
1537 0.5028 0.4972
1538 0.5135 0.4865
1539 0.5068 0.4932
1540 0.4955 0.5045
1541 0.5115 0.4885
1542 0.5174 0.4826
1543 0.5084 0.4916
1544 0.5086 0.4914
1545 0.508 0.492
1546 0.5008 0.4992
1547 0.5003 0.4997
1548 0.5025 0.4975
1549 0.5071 0.4929
1550 0.4932 0.5068
1551 0.5105 0.4895
1552 0.502 0.498
1553 0.5075 0.4925
1554 0.5105 0.4895
1555 0.4962 0.5038
1556 0.4907 0.5093
1557 0.5083 0.4917
1558 0.5072 0.4928
1559 0.4985 0.5015
1560 0.4982 0.5018
1561 0.5079 0.4921
1562 0.5128 0.4872
1563 0.5 0.5
1564 0.4974 0.5026
1565 0.5042 0.4958
1566 0.5205 0.4795
1567 0.4915 0.5085
1568 0.506 0.494
1569 0.514 0.486
1570 0.5066 0.4934
1571 0.4974 0.5026
1572 0.5132 0.4868
1573 0.5027 0.4973
1574 0.502 0.498
1575 0.4996 0.5004
1576 0.5069 0.4931
1577 0.5028 0.4972
1578 0.4976 0.5024
1579 0.4998 0.5002
1580 0.4999 0.5001
1581 0.5032 0.4968
1582 0.5039 0.4961
1583 0.51 0.49
1584 0.5021 0.4979
1585 0.512 0.488
1586 0.5033 0.4967
1587 0.5064 0.4936
1588 0.5104 0.4896
1589 0.5074 0.4926
1590 0.507 0.493
1591 0.5104 0.4896
1592 0.5142 0.4858
1593 0.5006 0.4994
1594 0.4965 0.5035
1595 0.4973 0.5027
1596 0.4937 0.5063
1597 0.511 0.489
1598 0.5005 0.4995
1599 0.5001 0.4999
1600 0.4972 0.5028
1601 0.5085 0.4915
1602 0.5072 0.4928
1603 0.4874 0.5126
1604 0.5173 0.4827
1605 0.5031 0.4969
1606 0.4978 0.5022
1607 0.5041 0.4959
1608 0.5045 0.4955
1609 0.502 0.498
1610 0.5166 0.4834
1611 0.5047 0.4953
1612 0.4969 0.5031
1613 0.5049 0.4951
1614 0.5163 0.4837
1615 0.4995 0.5005
1616 0.5045 0.4955
1617 0.5053 0.4947
1618 0.4936 0.5064
1619 0.5093 0.4907
1620 0.5053 0.4947
1621 0.5128 0.4872
1622 0.5014 0.4986
1623 0.4713 0.5287
1624 0.502 0.498
1625 0.5044 0.4956
1626 0.5058 0.4942
1627 0.4965 0.5035
1628 0.4984 0.5016
1629 0.5048 0.4952
1630 0.5082 0.4918
1631 0.5076 0.4924
1632 0.4989 0.5011
1633 0.5032 0.4968
1634 0.5133 0.4867
1635 0.5033 0.4967
1636 0.4997 0.5003
1637 0.5212 0.4788
1638 0.5012 0.4988
1639 0.4988 0.5012
1640 0.4975 0.5025
1641 0.5094 0.4906
1642 0.5106 0.4894
1643 0.4972 0.5028
1644 0.5029 0.4971
1645 0.5083 0.4917
1646 0.4994 0.5006
1647 0.5093 0.4907
1648 0.5148 0.4852
1649 0.5096 0.4904
1650 0.4929 0.5071
1651 0.5003 0.4997
1652 0.4991 0.5009
1653 0.5026 0.4974
1654 0.5051 0.4949
1655 0.4964 0.5036
1656 0.5063 0.4937
1657 0.4962 0.5038
1658 0.5004 0.4996
1659 0.5078 0.4922
1660 0.5204 0.4796
1661 0.5096 0.4904
1662 0.4981 0.5019
1663 0.5054 0.4946
1664 0.5012 0.4988
1665 0.5087 0.4913
1666 0.5017 0.4983
1667 0.5033 0.4967
1668 0.5069 0.4931
1669 0.5037 0.4963
1670 0.5048 0.4952
1671 0.5062 0.4938
1672 0.5069 0.4931
1673 0.5113 0.4887
1674 0.4977 0.5023
1675 0.5047 0.4953
1676 0.5048 0.4952
1677 0.5247 0.4753
1678 0.5052 0.4948
1679 0.5079 0.4921
1680 0.4975 0.5025
1681 0.5056 0.4944
1682 0.5123 0.4877
1683 0.4968 0.5032
1684 0.5075 0.4925
1685 0.502 0.498
1686 0.5055 0.4945
1687 0.498 0.502
1688 0.4989 0.5011
1689 0.5111 0.4889
1690 0.5007 0.4993
1691 0.5041 0.4959
1692 0.504 0.496
1693 0.4985 0.5015
1694 0.4968 0.5032
1695 0.5019 0.4981
1696 0.4925 0.5075
1697 0.5019 0.4981
1698 0.5041 0.4959
1699 0.5034 0.4966
1700 0.493 0.507
1701 0.4989 0.5011
1702 0.5014 0.4986
1703 0.4989 0.5011
1704 0.5082 0.4918
1705 0.508 0.492
1706 0.512 0.488
1707 0.5037 0.4963
1708 0.5047 0.4953
1709 0.5018 0.4982
1710 0.4968 0.5032
1711 0.5076 0.4924
1712 0.4949 0.5051
1713 0.5105 0.4895
1714 0.5074 0.4926
1715 0.5027 0.4973
1716 0.5066 0.4934
1717 0.5161 0.4839
1718 0.5092 0.4908
1719 0.5008 0.4992
1720 0.5075 0.4925
1721 0.5076 0.4924
1722 0.5029 0.4971
1723 0.4903 0.5097
1724 0.5155 0.4845
1725 0.5067 0.4933
1726 0.5063 0.4937
1727 0.5116 0.4884
1728 0.5026 0.4974
1729 0.5043 0.4957
1730 0.5105 0.4895
1731 0.5003 0.4997
1732 0.5056 0.4944
1733 0.5068 0.4932
1734 0.5014 0.4986
1735 0.5087 0.4913
1736 0.5091 0.4909
1737 0.5036 0.4964
1738 0.5103 0.4897
1739 0.5056 0.4944
1740 0.4971 0.5029
1741 0.5061 0.4939
1742 0.4951 0.5049
1743 0.5012 0.4988
1744 0.5041 0.4959
1745 0.5018 0.4982
1746 0.504 0.496
1747 0.5019 0.4981
1748 0.5 0.5
1749 0.5036 0.4964
1750 0.5054 0.4946
1751 0.5106 0.4894
1752 0.502 0.498
1753 0.5068 0.4932
1754 0.5088 0.4912
1755 0.4967 0.5033
1756 0.5007 0.4993
1757 0.5098 0.4902
1758 0.4984 0.5016
1759 0.5 0.5
1760 0.5008 0.4992
1761 0.5075 0.4925
1762 0.5131 0.4869
1763 0.4983 0.5017
1764 0.5054 0.4946
1765 0.503 0.497
1766 0.4944 0.5056
1767 0.4889 0.5111
1768 0.5022 0.4978
1769 0.5067 0.4933
1770 0.5014 0.4986
1771 0.4921 0.5079
1772 0.4945 0.5055
1773 0.5035 0.4965
1774 0.4936 0.5064
1775 0.505 0.495
1776 0.4984 0.5016
1777 0.5037 0.4963
1778 0.4929 0.5071
1779 0.5032 0.4968
1780 0.5008 0.4992
1781 0.4987 0.5013
1782 0.5013 0.4987
1783 0.516 0.484
1784 0.5079 0.4921
1785 0.5083 0.4917
1786 0.494 0.506
1787 0.4925 0.5075
1788 0.4994 0.5006
1789 0.5029 0.4971
1790 0.504 0.496
1791 0.5002 0.4998
1792 0.5097 0.4903
1793 0.5108 0.4892
1794 0.5133 0.4867
1795 0.5051 0.4949
1796 0.5101 0.4899
1797 0.508 0.492
1798 0.5021 0.4979
1799 0.5002 0.4998
1800 0.516 0.484
1801 0.507 0.493
1802 0.4926 0.5074
1803 0.5105 0.4895
1804 0.5046 0.4954
1805 0.4998 0.5002
1806 0.5033 0.4967
1807 0.4943 0.5057
1808 0.5138 0.4862
1809 0.5142 0.4858
1810 0.5012 0.4988
1811 0.5069 0.4931
1812 0.5017 0.4983
1813 0.5019 0.4981
1814 0.4977 0.5023
1815 0.5057 0.4943
1816 0.5024 0.4976
1817 0.5049 0.4951
1818 0.5081 0.4919
1819 0.5026 0.4974
1820 0.496 0.504
1821 0.4904 0.5096
1822 0.5012 0.4988
1823 0.4966 0.5034
1824 0.5 0.5
1825 0.5198 0.4802
1826 0.5041 0.4959
1827 0.5019 0.4981
1828 0.5122 0.4878
1829 0.5106 0.4894
1830 0.5148 0.4852
1831 0.5029 0.4971
1832 0.4909 0.5091
1833 0.5023 0.4977
1834 0.5052 0.4948
1835 0.5057 0.4943
1836 0.5123 0.4877
1837 0.5066 0.4934
1838 0.5136 0.4864
1839 0.499 0.501
1840 0.4969 0.5031
1841 0.5074 0.4926
1842 0.5115 0.4885
1843 0.5069 0.4931
1844 0.4889 0.5111
1845 0.4995 0.5005
1846 0.506 0.494
1847 0.5099 0.4901
1848 0.5013 0.4987
1849 0.508 0.492
1850 0.494 0.506
1851 0.5119 0.4881
1852 0.5102 0.4898
1853 0.4951 0.5049
1854 0.5107 0.4893
1855 0.5014 0.4986
1856 0.4951 0.5049
1857 0.4918 0.5082
1858 0.5003 0.4997
1859 0.5123 0.4877
1860 0.504 0.496
1861 0.5066 0.4934
1862 0.5093 0.4907
1863 0.5037 0.4963
1864 0.5081 0.4919
1865 0.5184 0.4816
1866 0.5036 0.4964
1867 0.5081 0.4919
1868 0.4906 0.5094
1869 0.5014 0.4986
1870 0.504 0.496
1871 0.5103 0.4897
1872 0.5085 0.4915
1873 0.5055 0.4945
1874 0.4984 0.5016
1875 0.5002 0.4998
1876 0.5006 0.4994
1877 0.5015 0.4985
1878 0.4906 0.5094
1879 0.5028 0.4972
1880 0.5118 0.4882
1881 0.5115 0.4885
1882 0.5083 0.4917
1883 0.5089 0.4911
1884 0.521 0.479
1885 0.5011 0.4989
1886 0.5075 0.4925
1887 0.5017 0.4983
1888 0.5007 0.4993
1889 0.5082 0.4918
1890 0.5004 0.4996
1891 0.4999 0.5001
1892 0.5115 0.4885
1893 0.5 0.5
1894 0.5033 0.4967
1895 0.5077 0.4923
1896 0.5007 0.4993
1897 0.4895 0.5105
1898 0.4983 0.5017
1899 0.5093 0.4907
1900 0.5164 0.4836
1901 0.5119 0.4881
1902 0.5049 0.4951
1903 0.5035 0.4965
1904 0.507 0.493
1905 0.5066 0.4934
1906 0.5044 0.4956
1907 0.5037 0.4963
1908 0.5037 0.4963
1909 0.5001 0.4999
1910 0.5044 0.4956
1911 0.5109 0.4891
1912 0.4943 0.5057
1913 0.5077 0.4923
1914 0.5 0.5
1915 0.509 0.491
1916 0.5088 0.4912
1917 0.5031 0.4969
1918 0.4973 0.5027
1919 0.4944 0.5056
1920 0.4986 0.5014
1921 0.5072 0.4928
1922 0.4968 0.5032
1923 0.5049 0.4951
1924 0.5061 0.4939
1925 0.5046 0.4954
1926 0.5134 0.4866
1927 0.5156 0.4844
1928 0.5103 0.4897
1929 0.4965 0.5035
1930 0.5034 0.4966
1931 0.501 0.499
1932 0.5048 0.4952
1933 0.4987 0.5013
1934 0.5016 0.4984
1935 0.5008 0.4992
1936 0.5207 0.4793
1937 0.5033 0.4967
1938 0.4951 0.5049
1939 0.4925 0.5075
1940 0.4993 0.5007
1941 0.5073 0.4927
1942 0.5095 0.4905
1943 0.512 0.488
1944 0.5073 0.4927
1945 0.5122 0.4878
1946 0.5024 0.4976
1947 0.5049 0.4951
1948 0.4995 0.5005
1949 0.5035 0.4965
1950 0.5179 0.4821
1951 0.5055 0.4945
1952 0.504 0.496
1953 0.4933 0.5067
1954 0.5001 0.4999
1955 0.5008 0.4992
1956 0.5055 0.4945
1957 0.5057 0.4943
1958 0.5171 0.4829
1959 0.494 0.506
1960 0.5151 0.4849
1961 0.4926 0.5074
1962 0.4925 0.5075
1963 0.4995 0.5005
1964 0.4987 0.5013
1965 0.5135 0.4865
1966 0.5128 0.4872
1967 0.5052 0.4948
1968 0.5054 0.4946
1969 0.5099 0.4901
1970 0.5012 0.4988
1971 0.5056 0.4944
1972 0.5024 0.4976
1973 0.509 0.491
1974 0.5099 0.4901
1975 0.508 0.492
1976 0.4977 0.5023
1977 0.5075 0.4925
1978 0.504 0.496
1979 0.5036 0.4964
1980 0.498 0.502
1981 0.5085 0.4915
1982 0.4981 0.5019
1983 0.5036 0.4964
1984 0.5117 0.4883
1985 0.5087 0.4913
1986 0.4984 0.5016
1987 0.5109 0.4891
1988 0.5023 0.4977
1989 0.5147 0.4853
1990 0.5045 0.4955
1991 0.5085 0.4915
1992 0.5036 0.4964
1993 0.5095 0.4905
1994 0.4914 0.5086
1995 0.5034 0.4966
1996 0.4918 0.5082
1997 0.5058 0.4942
1998 0.5109 0.4891
1999 0.5012 0.4988
2000 0.5204 0.4796
2001 0.4989 0.5011
2002 0.5045 0.4955
2003 0.5126 0.4874
2004 0.5002 0.4998
2005 0.508 0.492
2006 0.5001 0.4999
2007 0.497 0.503
2008 0.4983 0.5017
2009 0.5023 0.4977
2010 0.5096 0.4904
2011 0.5081 0.4919
2012 0.5123 0.4877
2013 0.5058 0.4942
2014 0.5045 0.4955
2015 0.5029 0.4971
2016 0.5073 0.4927
2017 0.5032 0.4968
2018 0.513 0.487
2019 0.507 0.493
2020 0.5045 0.4955
2021 0.5009 0.4991
2022 0.5046 0.4954
2023 0.5006 0.4994
2024 0.5057 0.4943
2025 0.5069 0.4931
2026 0.5033 0.4967
2027 0.5015 0.4985
2028 0.5046 0.4954
2029 0.5036 0.4964
2030 0.5135 0.4865
2031 0.4962 0.5038
2032 0.5067 0.4933
2033 0.493 0.507
2034 0.5132 0.4868
2035 0.4989 0.5011
2036 0.5 0.5
2037 0.5217 0.4783
2038 0.5081 0.4919
2039 0.5055 0.4945
2040 0.5113 0.4887
2041 0.5038 0.4962
2042 0.4996 0.5004
2043 0.5099 0.4901
2044 0.5149 0.4851
2045 0.5065 0.4935
2046 0.501 0.499
2047 0.5146 0.4854
2048 0.5035 0.4965
2049 0.5116 0.4884
2050 0.5007 0.4993
2051 0.5018 0.4982
2052 0.4952 0.5048
2053 0.51 0.49
2054 0.4992 0.5008
2055 0.4995 0.5005
2056 0.5072 0.4928
2057 0.5068 0.4932
2058 0.5112 0.4888
2059 0.5123 0.4877
2060 0.5022 0.4978
2061 0.5014 0.4986
2062 0.5007 0.4993
2063 0.5018 0.4982
2064 0.509 0.491
2065 0.5004 0.4996
2066 0.506 0.494
2067 0.5048 0.4952
2068 0.5121 0.4879
2069 0.5122 0.4878
2070 0.5106 0.4894
2071 0.5026 0.4974
2072 0.5124 0.4876
2073 0.4997 0.5003
2074 0.4991 0.5009
2075 0.5086 0.4914
2076 0.5009 0.4991
2077 0.5118 0.4882
2078 0.5035 0.4965
2079 0.5021 0.4979
2080 0.495 0.505
2081 0.4954 0.5046
2082 0.4974 0.5026
2083 0.5078 0.4922
2084 0.496 0.504
2085 0.5126 0.4874
2086 0.4977 0.5023
2087 0.5004 0.4996
2088 0.5111 0.4889
2089 0.5089 0.4911
2090 0.5009 0.4991
2091 0.5073 0.4927
2092 0.5069 0.4931
2093 0.502 0.498
2094 0.501 0.499
2095 0.497 0.503
2096 0.5063 0.4937
2097 0.5079 0.4921
2098 0.5057 0.4943
2099 0.503 0.497
2100 0.4933 0.5067
2101 0.5012 0.4988
2102 0.5038 0.4962
2103 0.5029 0.4971
2104 0.5091 0.4909
2105 0.5045 0.4955
2106 0.5067 0.4933
2107 0.5061 0.4939
2108 0.5068 0.4932
2109 0.5018 0.4982
2110 0.5037 0.4963
2111 0.5037 0.4963
2112 0.5021 0.4979
2113 0.5041 0.4959
2114 0.5106 0.4894
2115 0.5037 0.4963
2116 0.5032 0.4968
2117 0.5046 0.4954
2118 0.5037 0.4963
2119 0.5163 0.4837
2120 0.5086 0.4914
2121 0.4993 0.5007
2122 0.509 0.491
2123 0.4938 0.5062
2124 0.4991 0.5009
2125 0.5012 0.4988
2126 0.497 0.503
2127 0.4984 0.5016
2128 0.5135 0.4865
2129 0.5044 0.4956
2130 0.5006 0.4994
2131 0.5002 0.4998
2132 0.5039 0.4961
2133 0.5165 0.4835
2134 0.493 0.507
2135 0.5026 0.4974
2136 0.51 0.49
2137 0.5081 0.4919
2138 0.5077 0.4923
2139 0.5011 0.4989
2140 0.4988 0.5012
2141 0.5042 0.4958
2142 0.5007 0.4993
2143 0.4975 0.5025
2144 0.5052 0.4948
2145 0.4957 0.5043
2146 0.4959 0.5041
2147 0.5098 0.4902
2148 0.4969 0.5031
2149 0.503 0.497
2150 0.5069 0.4931
2151 0.4953 0.5047
2152 0.5058 0.4942
2153 0.5044 0.4956
2154 0.4928 0.5072
2155 0.4958 0.5042
2156 0.5067 0.4933
2157 0.5188 0.4812
2158 0.5059 0.4941
2159 0.4979 0.5021
2160 0.4998 0.5002
2161 0.5102 0.4898
2162 0.4909 0.5091
2163 0.5073 0.4927
2164 0.5096 0.4904
2165 0.4971 0.5029
2166 0.5016 0.4984
2167 0.4986 0.5014
2168 0.5016 0.4984
2169 0.5074 0.4926
2170 0.5102 0.4898
2171 0.5081 0.4919
2172 0.4999 0.5001
2173 0.5093 0.4907
2174 0.5021 0.4979
2175 0.4916 0.5084
2176 0.5051 0.4949
2177 0.4978 0.5022
2178 0.4954 0.5046
2179 0.501 0.499
2180 0.5009 0.4991
2181 0.5064 0.4936
2182 0.5053 0.4947
2183 0.4958 0.5042
2184 0.506 0.494
2185 0.4992 0.5008
2186 0.5085 0.4915
2187 0.497 0.503
2188 0.5075 0.4925
2189 0.4998 0.5002
2190 0.4993 0.5007
2191 0.5058 0.4942
2192 0.4925 0.5075
2193 0.4972 0.5028
2194 0.5052 0.4948
2195 0.5077 0.4923
2196 0.498 0.502
2197 0.4987 0.5013
2198 0.502 0.498
2199 0.5051 0.4949
2200 0.5121 0.4879
2201 0.505 0.495
2202 0.5108 0.4892
2203 0.5034 0.4966
2204 0.504 0.496
2205 0.5041 0.4959
2206 0.4999 0.5001
2207 0.5012 0.4988
2208 0.4976 0.5024
2209 0.5027 0.4973
2210 0.5072 0.4928
2211 0.5051 0.4949
2212 0.5056 0.4944
2213 0.5042 0.4958
2214 0.5011 0.4989
2215 0.5031 0.4969
2216 0.5012 0.4988
2217 0.5062 0.4938
2218 0.5119 0.4881
2219 0.502 0.498
2220 0.5011 0.4989
2221 0.5074 0.4926
2222 0.5077 0.4923
2223 0.5092 0.4908
2224 0.5031 0.4969
2225 0.5086 0.4914
2226 0.5032 0.4968
2227 0.4913 0.5087
2228 0.5036 0.4964
2229 0.5085 0.4915
2230 0.5009 0.4991
2231 0.4957 0.5043
2232 0.506 0.494
2233 0.5093 0.4907
2234 0.5173 0.4827
2235 0.5051 0.4949
2236 0.4988 0.5012
2237 0.5037 0.4963
2238 0.5169 0.4831
2239 0.4974 0.5026
2240 0.5043 0.4957
2241 0.5076 0.4924
2242 0.502 0.498
2243 0.4958 0.5042
2244 0.5033 0.4967
2245 0.4944 0.5056
2246 0.506 0.494
2247 0.5101 0.4899
2248 0.4946 0.5054
2249 0.5059 0.4941
2250 0.4994 0.5006
2251 0.5092 0.4908
2252 0.5031 0.4969
2253 0.4986 0.5014
2254 0.5079 0.4921
2255 0.5016 0.4984
2256 0.5015 0.4985
2257 0.5015 0.4985
2258 0.5036 0.4964
2259 0.5067 0.4933
2260 0.5097 0.4903
2261 0.501 0.499
2262 0.5118 0.4882
2263 0.5004 0.4996
2264 0.5031 0.4969
2265 0.504 0.496
2266 0.5087 0.4913
2267 0.5032 0.4968
2268 0.4991 0.5009
2269 0.4931 0.5069
2270 0.5059 0.4941
2271 0.5123 0.4877
2272 0.5031 0.4969
2273 0.5049 0.4951
2274 0.5001 0.4999
2275 0.5058 0.4942
2276 0.51 0.49
2277 0.5071 0.4929
2278 0.505 0.495
2279 0.4988 0.5012
2280 0.4949 0.5051
2281 0.5023 0.4977
2282 0.5083 0.4917
2283 0.4994 0.5006
2284 0.504 0.496
2285 0.4987 0.5013
2286 0.5013 0.4987
2287 0.5038 0.4962
2288 0.4986 0.5014
2289 0.5023 0.4977
2290 0.4999 0.5001
2291 0.5076 0.4924
2292 0.5058 0.4942
2293 0.5001 0.4999
2294 0.5074 0.4926
2295 0.5072 0.4928
2296 0.5092 0.4908
2297 0.5015 0.4985
2298 0.5057 0.4943
2299 0.5016 0.4984
2300 0.505 0.495
2301 0.5047 0.4953
2302 0.5086 0.4914
2303 0.498 0.502
2304 0.5013 0.4987
2305 0.5102 0.4898
2306 0.5043 0.4957
2307 0.4984 0.5016
2308 0.5057 0.4943
2309 0.5022 0.4978
2310 0.5134 0.4866
2311 0.5005 0.4995
2312 0.4994 0.5006
2313 0.4995 0.5005
2314 0.5079 0.4921
2315 0.4978 0.5022
2316 0.4983 0.5017
2317 0.5003 0.4997
2318 0.5041 0.4959
2319 0.5046 0.4954
2320 0.5028 0.4972
2321 0.506 0.494
2322 0.5005 0.4995
2323 0.5071 0.4929
2324 0.5075 0.4925
2325 0.5104 0.4896
2326 0.5077 0.4923
2327 0.506 0.494
2328 0.5052 0.4948
2329 0.5092 0.4908
2330 0.5081 0.4919
2331 0.498 0.502
2332 0.5075 0.4925
2333 0.5048 0.4952
2334 0.4967 0.5033
2335 0.5036 0.4964
2336 0.5007 0.4993
2337 0.5025 0.4975
2338 0.4983 0.5017
2339 0.5035 0.4965
2340 0.5099 0.4901
2341 0.5048 0.4952
2342 0.5058 0.4942
2343 0.5063 0.4937
2344 0.5039 0.4961
2345 0.5004 0.4996
2346 0.5133 0.4867
2347 0.5013 0.4987
2348 0.4984 0.5016
2349 0.5063 0.4937
2350 0.4982 0.5018
2351 0.5026 0.4974
2352 0.5037 0.4963
2353 0.5017 0.4983
2354 0.5018 0.4982
2355 0.5079 0.4921
2356 0.5056 0.4944
2357 0.5012 0.4988
2358 0.5097 0.4903
2359 0.4978 0.5022
2360 0.4997 0.5003
2361 0.5047 0.4953
2362 0.4993 0.5007
2363 0.503 0.497
2364 0.497 0.503
2365 0.5032 0.4968
2366 0.5074 0.4926
2367 0.5023 0.4977
2368 0.5001 0.4999
2369 0.5026 0.4974
2370 0.502 0.498
2371 0.5038 0.4962
2372 0.5011 0.4989
2373 0.504 0.496
2374 0.5037 0.4963
2375 0.5037 0.4963
2376 0.4982 0.5018
2377 0.4996 0.5004
2378 0.508 0.492
2379 0.5052 0.4948
2380 0.5054 0.4946
2381 0.508 0.492
2382 0.4941 0.5059
2383 0.5024 0.4976
2384 0.4968 0.5032
2385 0.5025 0.4975
2386 0.5071 0.4929
2387 0.5076 0.4924
2388 0.5075 0.4925
2389 0.4966 0.5034
2390 0.5088 0.4912
2391 0.5069 0.4931
2392 0.5015 0.4985
2393 0.5039 0.4961
2394 0.5048 0.4952
2395 0.5038 0.4962
2396 0.5009 0.4991
2397 0.5043 0.4957
2398 0.5027 0.4973
2399 0.5011 0.4989
2400 0.5108 0.4892
2401 0.5053 0.4947
2402 0.5106 0.4894
2403 0.5023 0.4977
2404 0.5034 0.4966
2405 0.5006 0.4994
2406 0.5032 0.4968
2407 0.4956 0.5044
2408 0.5066 0.4934
2409 0.505 0.495
2410 0.5002 0.4998
2411 0.498 0.502
2412 0.5039 0.4961
2413 0.498 0.502
2414 0.5068 0.4932
2415 0.5024 0.4976
2416 0.508 0.492
2417 0.4986 0.5014
2418 0.5056 0.4944
2419 0.507 0.493
2420 0.4987 0.5013
2421 0.5074 0.4926
2422 0.5017 0.4983
2423 0.5031 0.4969
2424 0.4977 0.5023
2425 0.5043 0.4957
2426 0.497 0.503
2427 0.4918 0.5082
2428 0.5018 0.4982
2429 0.5076 0.4924
2430 0.5028 0.4972
2431 0.506 0.494
2432 0.5039 0.4961
2433 0.5044 0.4956
2434 0.5026 0.4974
2435 0.494 0.506
2436 0.5051 0.4949
2437 0.4983 0.5017
2438 0.4986 0.5014
2439 0.5038 0.4962
2440 0.5021 0.4979
2441 0.4998 0.5002
2442 0.5037 0.4963
2443 0.5021 0.4979
2444 0.5036 0.4964
2445 0.5052 0.4948
2446 0.5025 0.4975
2447 0.4991 0.5009
2448 0.4995 0.5005
2449 0.5088 0.4912
2450 0.5069 0.4931
2451 0.5047 0.4953
2452 0.5033 0.4967
2453 0.5028 0.4972
2454 0.5039 0.4961
2455 0.501 0.499
2456 0.512 0.488
2457 0.5023 0.4977
2458 0.5022 0.4978
2459 0.4981 0.5019
2460 0.4969 0.5031
2461 0.4983 0.5017
2462 0.5028 0.4972
2463 0.4974 0.5026
2464 0.4971 0.5029
2465 0.4978 0.5022
2466 0.5127 0.4873
2467 0.5022 0.4978
2468 0.5047 0.4953
2469 0.5106 0.4894
2470 0.5046 0.4954
2471 0.5012 0.4988
2472 0.5002 0.4998
2473 0.5046 0.4954
2474 0.5066 0.4934
2475 0.499 0.501
2476 0.5047 0.4953
2477 0.5104 0.4896
2478 0.5021 0.4979
2479 0.5012 0.4988
2480 0.501 0.499
2481 0.5099 0.4901
2482 0.5095 0.4905
2483 0.499 0.501
2484 0.5064 0.4936
2485 0.5088 0.4912
2486 0.5059 0.4941
2487 0.5025 0.4975
2488 0.4989 0.5011
2489 0.5026 0.4974
2490 0.5036 0.4964
2491 0.5027 0.4973
2492 0.4981 0.5019
2493 0.5048 0.4952
2494 0.5033 0.4967
2495 0.5147 0.4853
2496 0.5053 0.4947
2497 0.504 0.496
2498 0.504 0.496
2499 0.5033 0.4967
2500 0.4948 0.5052
2501 0.4984 0.5016
2502 0.502 0.498
2503 0.5088 0.4912
2504 0.5074 0.4926
2505 0.4994 0.5006
2506 0.5015 0.4985
2507 0.5024 0.4976
2508 0.4924 0.5076
2509 0.4984 0.5016
2510 0.5007 0.4993
2511 0.5089 0.4911
2512 0.4959 0.5041
2513 0.4986 0.5014
2514 0.4982 0.5018
2515 0.5025 0.4975
2516 0.5132 0.4868
2517 0.5032 0.4968
2518 0.4989 0.5011
2519 0.5117 0.4883
2520 0.5017 0.4983
2521 0.5029 0.4971
2522 0.502 0.498
2523 0.5069 0.4931
2524 0.5158 0.4842
2525 0.5049 0.4951
2526 0.5067 0.4933
2527 0.4984 0.5016
2528 0.4991 0.5009
2529 0.5003 0.4997
2530 0.507 0.493
2531 0.5 0.5
2532 0.5068 0.4932
2533 0.5003 0.4997
2534 0.4953 0.5047
2535 0.4985 0.5015
2536 0.5016 0.4984
2537 0.5051 0.4949
2538 0.5035 0.4965
2539 0.4988 0.5012
2540 0.4987 0.5013
2541 0.5088 0.4912
2542 0.5101 0.4899
2543 0.5105 0.4895
2544 0.5028 0.4972
2545 0.5011 0.4989
2546 0.5016 0.4984
2547 0.5067 0.4933
2548 0.497 0.503
2549 0.5014 0.4986
2550 0.5014 0.4986
2551 0.5112 0.4888
2552 0.5047 0.4953
2553 0.4993 0.5007
2554 0.5047 0.4953
2555 0.5051 0.4949
2556 0.5067 0.4933
2557 0.4987 0.5013
2558 0.5013 0.4987
2559 0.4972 0.5028
2560 0.5032 0.4968
2561 0.5058 0.4942
2562 0.5015 0.4985
2563 0.5064 0.4936
2564 0.5023 0.4977
2565 0.4976 0.5024
2566 0.5004 0.4996
2567 0.5056 0.4944
2568 0.4933 0.5067
2569 0.504 0.496
2570 0.5005 0.4995
2571 0.5029 0.4971
2572 0.5029 0.4971
2573 0.4987 0.5013
2574 0.504 0.496
2575 0.5009 0.4991
2576 0.5011 0.4989
2577 0.5052 0.4948
2578 0.5047 0.4953
2579 0.4978 0.5022
2580 0.4969 0.5031
2581 0.5073 0.4927
2582 0.5015 0.4985
2583 0.5003 0.4997
2584 0.5027 0.4973
2585 0.5008 0.4992
2586 0.5013 0.4987
2587 0.5036 0.4964
2588 0.5003 0.4997
2589 0.5022 0.4978
2590 0.5032 0.4968
2591 0.5061 0.4939
2592 0.5055 0.4945
2593 0.5021 0.4979
2594 0.5036 0.4964
2595 0.499 0.501
2596 0.5047 0.4953
2597 0.5062 0.4938
2598 0.4964 0.5036
2599 0.5059 0.4941
2600 0.5082 0.4918
2601 0.5039 0.4961
2602 0.5076 0.4924
2603 0.5043 0.4957
2604 0.5013 0.4987
2605 0.511 0.489
2606 0.508 0.492
2607 0.5054 0.4946
2608 0.5064 0.4936
2609 0.5085 0.4915
2610 0.4987 0.5013
2611 0.5021 0.4979
2612 0.5059 0.4941
2613 0.501 0.499
2614 0.5003 0.4997
2615 0.5057 0.4943
2616 0.5012 0.4988
2617 0.501 0.499
2618 0.5109 0.4891
2619 0.4989 0.5011
2620 0.5029 0.4971
2621 0.5066 0.4934
2622 0.4981 0.5019
2623 0.4993 0.5007
2624 0.5054 0.4946
2625 0.5026 0.4974
2626 0.5059 0.4941
2627 0.51 0.49
2628 0.4978 0.5022
2629 0.5005 0.4995
2630 0.5037 0.4963
2631 0.5044 0.4956
2632 0.5036 0.4964
2633 0.5009 0.4991
2634 0.5031 0.4969
2635 0.4958 0.5042
2636 0.5054 0.4946
2637 0.4991 0.5009
2638 0.5113 0.4887
2639 0.5049 0.4951
2640 0.5055 0.4945
2641 0.5034 0.4966
2642 0.5073 0.4927
2643 0.5083 0.4917
2644 0.505 0.495
2645 0.5093 0.4907
2646 0.5025 0.4975
2647 0.4965 0.5035
2648 0.4982 0.5018
2649 0.5007 0.4993
2650 0.4972 0.5028
2651 0.5022 0.4978
2652 0.5053 0.4947
2653 0.503 0.497
2654 0.4918 0.5082
2655 0.504 0.496
2656 0.5093 0.4907
2657 0.5047 0.4953
2658 0.5086 0.4914
2659 0.5024 0.4976
2660 0.5038 0.4962
2661 0.5074 0.4926
2662 0.5093 0.4907
2663 0.5085 0.4915
2664 0.5066 0.4934
2665 0.4999 0.5001
2666 0.5034 0.4966
2667 0.4964 0.5036
2668 0.4996 0.5004
2669 0.5031 0.4969
2670 0.5002 0.4998
2671 0.5042 0.4958
2672 0.5069 0.4931
2673 0.4991 0.5009
2674 0.5032 0.4968
2675 0.5023 0.4977
2676 0.5012 0.4988
2677 0.501 0.499
2678 0.5081 0.4919
2679 0.5112 0.4888
2680 0.5055 0.4945
2681 0.5039 0.4961
2682 0.4979 0.5021
2683 0.5056 0.4944
2684 0.5017 0.4983
2685 0.5001 0.4999
2686 0.5033 0.4967
2687 0.4999 0.5001
2688 0.5058 0.4942
2689 0.5039 0.4961
2690 0.5045 0.4955
2691 0.5024 0.4976
2692 0.5071 0.4929
2693 0.5003 0.4997
2694 0.5074 0.4926
2695 0.5022 0.4978
2696 0.5047 0.4953
2697 0.5033 0.4967
2698 0.5043 0.4957
2699 0.5038 0.4962
2700 0.5011 0.4989
2701 0.5057 0.4943
2702 0.5013 0.4987
2703 0.5018 0.4982
2704 0.4996 0.5004
2705 0.5015 0.4985
2706 0.5103 0.4897
2707 0.5006 0.4994
2708 0.5079 0.4921
2709 0.4999 0.5001
2710 0.5064 0.4936
2711 0.5034 0.4966
2712 0.5033 0.4967
2713 0.498 0.502
2714 0.504 0.496
2715 0.5028 0.4972
2716 0.4963 0.5037
2717 0.5012 0.4988
2718 0.5034 0.4966
2719 0.5013 0.4987
2720 0.5036 0.4964
2721 0.5009 0.4991
2722 0.5045 0.4955
2723 0.5019 0.4981
2724 0.5041 0.4959
2725 0.5062 0.4938
2726 0.4994 0.5006
2727 0.5021 0.4979
2728 0.4999 0.5001
2729 0.508 0.492
2730 0.5063 0.4937
2731 0.5024 0.4976
2732 0.4976 0.5024
2733 0.5051 0.4949
2734 0.5058 0.4942
2735 0.5056 0.4944
2736 0.5036 0.4964
2737 0.5144 0.4856
2738 0.5027 0.4973
2739 0.5117 0.4883
2740 0.5013 0.4987
2741 0.505 0.495
2742 0.4997 0.5003
2743 0.5025 0.4975
2744 0.5007 0.4993
2745 0.5016 0.4984
2746 0.4983 0.5017
2747 0.5017 0.4983
2748 0.5074 0.4926
2749 0.5012 0.4988
2750 0.4966 0.5034
2751 0.4979 0.5021
2752 0.4988 0.5012
2753 0.5023 0.4977
2754 0.5086 0.4914
2755 0.4987 0.5013
2756 0.5052 0.4948
2757 0.5038 0.4962
2758 0.4957 0.5043
2759 0.4981 0.5019
2760 0.4992 0.5008
2761 0.4998 0.5002
2762 0.5049 0.4951
2763 0.5077 0.4923
2764 0.504 0.496
2765 0.5047 0.4953
2766 0.4999 0.5001
2767 0.5068 0.4932
2768 0.4983 0.5017
2769 0.5045 0.4955
2770 0.4996 0.5004
2771 0.5035 0.4965
2772 0.4985 0.5015
2773 0.5006 0.4994
2774 0.4975 0.5025
2775 0.5054 0.4946
2776 0.5001 0.4999
2777 0.5055 0.4945
2778 0.4962 0.5038
2779 0.5068 0.4932
2780 0.5014 0.4986
2781 0.5038 0.4962
2782 0.5048 0.4952
2783 0.4995 0.5005
2784 0.5049 0.4951
2785 0.5076 0.4924
2786 0.5005 0.4995
2787 0.4962 0.5038
2788 0.5003 0.4997
2789 0.5028 0.4972
2790 0.5009 0.4991
2791 0.5041 0.4959
2792 0.5006 0.4994
2793 0.4997 0.5003
2794 0.498 0.502
2795 0.5005 0.4995
2796 0.4989 0.5011
2797 0.4987 0.5013
2798 0.5084 0.4916
2799 0.5037 0.4963
2800 0.5036 0.4964
2801 0.4998 0.5002
2802 0.4994 0.5006
2803 0.4986 0.5014
2804 0.4984 0.5016
2805 0.5041 0.4959
2806 0.4962 0.5038
2807 0.5002 0.4998
2808 0.4965 0.5035
2809 0.5026 0.4974
2810 0.5027 0.4973
2811 0.4995 0.5005
2812 0.5044 0.4956
2813 0.5037 0.4963
2814 0.5003 0.4997
2815 0.5031 0.4969
2816 0.5016 0.4984
2817 0.5046 0.4954
2818 0.5026 0.4974
2819 0.508 0.492
2820 0.497 0.503
2821 0.5009 0.4991
2822 0.5031 0.4969
2823 0.5012 0.4988
2824 0.501 0.499
2825 0.503 0.497
2826 0.5029 0.4971
2827 0.5049 0.4951
2828 0.5044 0.4956
2829 0.4981 0.5019
2830 0.5053 0.4947
2831 0.5006 0.4994
2832 0.5025 0.4975
2833 0.5036 0.4964
2834 0.4978 0.5022
2835 0.5022 0.4978
2836 0.5006 0.4994
2837 0.4972 0.5028
2838 0.5019 0.4981
2839 0.5029 0.4971
2840 0.5015 0.4985
2841 0.4957 0.5043
2842 0.5003 0.4997
2843 0.5019 0.4981
2844 0.4996 0.5004
2845 0.5057 0.4943
2846 0.5028 0.4972
2847 0.5016 0.4984
2848 0.5086 0.4914
2849 0.4962 0.5038
2850 0.4966 0.5034
2851 0.4977 0.5023
2852 0.5021 0.4979
2853 0.4993 0.5007
2854 0.5011 0.4989
2855 0.4958 0.5042
2856 0.4985 0.5015
2857 0.4992 0.5008
2858 0.5039 0.4961
2859 0.5026 0.4974
2860 0.4999 0.5001
2861 0.5054 0.4946
2862 0.4972 0.5028
2863 0.5009 0.4991
2864 0.5091 0.4909
2865 0.5081 0.4919
2866 0.5022 0.4978
2867 0.5059 0.4941
2868 0.5032 0.4968
2869 0.5046 0.4954
2870 0.4997 0.5003
2871 0.4972 0.5028
2872 0.5027 0.4973
2873 0.5054 0.4946
2874 0.5012 0.4988
2875 0.5039 0.4961
2876 0.497 0.503
2877 0.4945 0.5055
2878 0.4997 0.5003
2879 0.5003 0.4997
2880 0.5003 0.4997
2881 0.5093 0.4907
2882 0.4967 0.5033
2883 0.5005 0.4995
2884 0.5067 0.4933
2885 0.5046 0.4954
2886 0.4995 0.5005
2887 0.4972 0.5028
2888 0.5013 0.4987
2889 0.5017 0.4983
2890 0.501 0.499
2891 0.4992 0.5008
2892 0.504 0.496
2893 0.5 0.5
2894 0.4974 0.5026
2895 0.5034 0.4966
2896 0.4995 0.5005
2897 0.5016 0.4984
2898 0.4997 0.5003
2899 0.5117 0.4883
2900 0.4992 0.5008
2901 0.5012 0.4988
2902 0.4977 0.5023
2903 0.5051 0.4949
2904 0.4989 0.5011
2905 0.5018 0.4982
2906 0.4994 0.5006
2907 0.5013 0.4987
2908 0.5046 0.4954
2909 0.502 0.498
2910 0.5013 0.4987
2911 0.5059 0.4941
2912 0.5025 0.4975
2913 0.4998 0.5002
2914 0.5021 0.4979
2915 0.5012 0.4988
2916 0.5074 0.4926
2917 0.5014 0.4986
2918 0.4952 0.5048
2919 0.5085 0.4915
2920 0.5028 0.4972
2921 0.5043 0.4957
2922 0.5045 0.4955
2923 0.5058 0.4942
2924 0.5032 0.4968
2925 0.5013 0.4987
2926 0.4982 0.5018
2927 0.5003 0.4997
2928 0.5052 0.4948
2929 0.5049 0.4951
2930 0.5029 0.4971
2931 0.5009 0.4991
2932 0.5003 0.4997
2933 0.5066 0.4934
2934 0.4951 0.5049
2935 0.5018 0.4982
2936 0.5013 0.4987
2937 0.4986 0.5014
2938 0.5019 0.4981
2939 0.4976 0.5024
2940 0.5009 0.4991
2941 0.4947 0.5053
2942 0.502 0.498
2943 0.4998 0.5002
2944 0.4992 0.5008
2945 0.5036 0.4964
2946 0.499 0.501
2947 0.5008 0.4992
2948 0.507 0.493
2949 0.5 0.5
2950 0.4978 0.5022
2951 0.5039 0.4961
2952 0.5002 0.4998
2953 0.505 0.495
2954 0.5022 0.4978
2955 0.4991 0.5009
2956 0.5018 0.4982
2957 0.4945 0.5055
2958 0.5019 0.4981
2959 0.4996 0.5004
2960 0.5046 0.4954
2961 0.5004 0.4996
2962 0.4969 0.5031
2963 0.5021 0.4979
2964 0.51 0.49
2965 0.4973 0.5027
2966 0.5009 0.4991
2967 0.4952 0.5048
2968 0.4979 0.5021
2969 0.502 0.498
2970 0.507 0.493
2971 0.5017 0.4983
2972 0.4951 0.5049
2973 0.5004 0.4996
2974 0.5031 0.4969
2975 0.4998 0.5002
2976 0.5057 0.4943
2977 0.4999 0.5001
2978 0.4982 0.5018
2979 0.5019 0.4981
2980 0.4972 0.5028
2981 0.5068 0.4932
2982 0.499 0.501
2983 0.4992 0.5008
2984 0.4998 0.5002
2985 0.5029 0.4971
2986 0.5006 0.4994
2987 0.5025 0.4975
2988 0.4992 0.5008
2989 0.5008 0.4992
2990 0.4969 0.5031
2991 0.5039 0.4961
2992 0.5075 0.4925
2993 0.5007 0.4993
2994 0.5033 0.4967
2995 0.5012 0.4988
2996 0.5037 0.4963
2997 0.5045 0.4955
2998 0.4967 0.5033
2999 0.4949 0.5051
3000 0.5011 0.4989
3001 0.4967 0.5033
3002 0.5057 0.4943
3003 0.4999 0.5001
3004 0.5004 0.4996
3005 0.5023 0.4977
3006 0.5023 0.4977
3007 0.4984 0.5016
3008 0.5012 0.4988
3009 0.5027 0.4973
3010 0.504 0.496
3011 0.5009 0.4991
3012 0.5014 0.4986
3013 0.5042 0.4958
3014 0.5072 0.4928
3015 0.5023 0.4977
3016 0.5009 0.4991
3017 0.5067 0.4933
3018 0.5039 0.4961
3019 0.499 0.501
3020 0.5068 0.4932
3021 0.5025 0.4975
3022 0.5036 0.4964
3023 0.5009 0.4991
3024 0.5049 0.4951
3025 0.5056 0.4944
3026 0.5049 0.4951
3027 0.5086 0.4914
3028 0.5042 0.4958
3029 0.4986 0.5014
3030 0.4932 0.5068
3031 0.5012 0.4988
3032 0.4993 0.5007
3033 0.5035 0.4965
3034 0.5013 0.4987
3035 0.4988 0.5012
3036 0.502 0.498
3037 0.4943 0.5057
3038 0.5028 0.4972
3039 0.4994 0.5006
3040 0.5013 0.4987
3041 0.4988 0.5012
3042 0.4939 0.5061
3043 0.4976 0.5024
3044 0.5029 0.4971
3045 0.5005 0.4995
3046 0.5022 0.4978
3047 0.4998 0.5002
3048 0.5017 0.4983
3049 0.4977 0.5023
3050 0.5016 0.4984
3051 0.4981 0.5019
3052 0.5035 0.4965
3053 0.5004 0.4996
3054 0.5018 0.4982
3055 0.4944 0.5056
3056 0.5057 0.4943
3057 0.5004 0.4996
3058 0.4991 0.5009
3059 0.5024 0.4976
3060 0.5011 0.4989
3061 0.5007 0.4993
3062 0.5013 0.4987
3063 0.4952 0.5048
3064 0.5022 0.4978
3065 0.5022 0.4978
3066 0.501 0.499
3067 0.5041 0.4959
3068 0.503 0.497
3069 0.4999 0.5001
3070 0.5012 0.4988
3071 0.4986 0.5014
3072 0.5038 0.4962
3073 0.4986 0.5014
3074 0.5034 0.4966
3075 0.5041 0.4959
3076 0.5008 0.4992
3077 0.5024 0.4976
3078 0.4955 0.5045
3079 0.5011 0.4989
3080 0.4951 0.5049
3081 0.501 0.499
3082 0.4948 0.5052
3083 0.501 0.499
3084 0.4995 0.5005
3085 0.5002 0.4998
3086 0.4992 0.5008
3087 0.4995 0.5005
3088 0.5023 0.4977
3089 0.498 0.502
3090 0.4987 0.5013
3091 0.4996 0.5004
3092 0.5015 0.4985
3093 0.4993 0.5007
3094 0.5018 0.4982
3095 0.4972 0.5028
3096 0.5052 0.4948
3097 0.4964 0.5036
3098 0.4979 0.5021
3099 0.4975 0.5025
3100 0.4988 0.5012
3101 0.4983 0.5017
3102 0.5041 0.4959
3103 0.503 0.497
3104 0.4997 0.5003
3105 0.5013 0.4987
3106 0.5014 0.4986
3107 0.499 0.501
3108 0.5009 0.4991
3109 0.503 0.497
3110 0.4975 0.5025
3111 0.5 0.5
3112 0.5018 0.4982
3113 0.5002 0.4998
3114 0.5018 0.4982
3115 0.5023 0.4977
3116 0.4957 0.5043
3117 0.5015 0.4985
3118 0.4976 0.5024
3119 0.4982 0.5018
3120 0.5009 0.4991
3121 0.501 0.499
3122 0.4969 0.5031
3123 0.5003 0.4997
3124 0.5057 0.4943
3125 0.498 0.502
3126 0.4986 0.5014
3127 0.4965 0.5035
3128 0.4999 0.5001
3129 0.5024 0.4976
3130 0.5011 0.4989
3131 0.5012 0.4988
3132 0.4995 0.5005
3133 0.5002 0.4998
3134 0.501 0.499
3135 0.4983 0.5017
3136 0.4975 0.5025
3137 0.4978 0.5022
3138 0.4977 0.5023
3139 0.5042 0.4958
3140 0.507 0.493
3141 0.5007 0.4993
3142 0.4995 0.5005
3143 0.4988 0.5012
3144 0.5007 0.4993
3145 0.5016 0.4984
3146 0.4967 0.5033
3147 0.5019 0.4981
3148 0.5056 0.4944
3149 0.5012 0.4988
3150 0.4986 0.5014
3151 0.5039 0.4961
3152 0.5012 0.4988
3153 0.4998 0.5002
3154 0.4958 0.5042
3155 0.4988 0.5012
3156 0.5005 0.4995
3157 0.4968 0.5032
3158 0.4976 0.5024
3159 0.4994 0.5006
3160 0.4959 0.5041
3161 0.4976 0.5024
3162 0.5025 0.4975
3163 0.5004 0.4996
3164 0.4987 0.5013
3165 0.4989 0.5011
3166 0.499 0.501
3167 0.5026 0.4974
3168 0.5055 0.4945
3169 0.5036 0.4964
3170 0.4993 0.5007
3171 0.4974 0.5026
3172 0.5 0.5
3173 0.5039 0.4961
3174 0.5019 0.4981
3175 0.5006 0.4994
3176 0.5 0.5
3177 0.5005 0.4995
3178 0.5004 0.4996
3179 0.5026 0.4974
3180 0.5044 0.4956
3181 0.496 0.504
3182 0.4967 0.5033
3183 0.4991 0.5009
3184 0.5009 0.4991
3185 0.4976 0.5024
3186 0.5018 0.4982
3187 0.4991 0.5009
3188 0.5016 0.4984
3189 0.502 0.498
3190 0.495 0.505
3191 0.5002 0.4998
3192 0.5006 0.4994
3193 0.5003 0.4997
3194 0.4988 0.5012
3195 0.4981 0.5019
3196 0.4933 0.5067
3197 0.5023 0.4977
3198 0.5002 0.4998
3199 0.5023 0.4977
3200 0.4997 0.5003
3201 0.4998 0.5002
3202 0.5019 0.4981
3203 0.5011 0.4989
3204 0.4995 0.5005
3205 0.5029 0.4971
3206 0.4979 0.5021
3207 0.5017 0.4983
3208 0.4987 0.5013
3209 0.5032 0.4968
3210 0.4991 0.5009
3211 0.5022 0.4978
3212 0.5001 0.4999
3213 0.4991 0.5009
3214 0.5019 0.4981
3215 0.501 0.499
3216 0.5016 0.4984
3217 0.4968 0.5032
3218 0.5009 0.4991
3219 0.4964 0.5036
3220 0.4971 0.5029
3221 0.4999 0.5001
3222 0.4972 0.5028
3223 0.5009 0.4991
3224 0.4984 0.5016
3225 0.5036 0.4964
3226 0.4965 0.5035
3227 0.5015 0.4985
3228 0.5031 0.4969
3229 0.5005 0.4995
3230 0.4973 0.5027
3231 0.501 0.499
3232 0.5056 0.4944
3233 0.5003 0.4997
3234 0.499 0.501
3235 0.5007 0.4993
3236 0.502 0.498
3237 0.499 0.501
3238 0.4959 0.5041
3239 0.4998 0.5002
3240 0.5042 0.4958
3241 0.502 0.498
3242 0.4991 0.5009
3243 0.4999 0.5001
3244 0.4981 0.5019
3245 0.5022 0.4978
3246 0.4996 0.5004
3247 0.4993 0.5007
3248 0.4984 0.5016
3249 0.5008 0.4992
3250 0.4991 0.5009
3251 0.5009 0.4991
3252 0.5007 0.4993
3253 0.4996 0.5004
3254 0.4981 0.5019
3255 0.4967 0.5033
3256 0.4972 0.5028
3257 0.504 0.496
3258 0.4954 0.5046
3259 0.5028 0.4972
3260 0.4985 0.5015
3261 0.4984 0.5016
3262 0.5021 0.4979
3263 0.4976 0.5024
3264 0.4995 0.5005
3265 0.4947 0.5053
3266 0.495 0.505
3267 0.4971 0.5029
3268 0.5004 0.4996
3269 0.4997 0.5003
3270 0.5003 0.4997
3271 0.5007 0.4993
3272 0.5014 0.4986
3273 0.5005 0.4995
3274 0.4985 0.5015
3275 0.502 0.498
3276 0.5 0.5
3277 0.4987 0.5013
3278 0.4987 0.5013
3279 0.5015 0.4985
3280 0.4938 0.5062
3281 0.4992 0.5008
3282 0.4985 0.5015
3283 0.4996 0.5004
3284 0.5017 0.4983
3285 0.5024 0.4976
3286 0.4982 0.5018
3287 0.4967 0.5033
3288 0.5004 0.4996
3289 0.4963 0.5037
3290 0.4994 0.5006
3291 0.5007 0.4993
3292 0.4989 0.5011
3293 0.5027 0.4973
3294 0.4976 0.5024
3295 0.5032 0.4968
3296 0.4947 0.5053
3297 0.4989 0.5011
3298 0.4989 0.5011
3299 0.4974 0.5026
3300 0.5006 0.4994
3301 0.4995 0.5005
3302 0.5018 0.4982
3303 0.4992 0.5008
3304 0.4938 0.5062
3305 0.5002 0.4998
3306 0.4969 0.5031
3307 0.5005 0.4995
3308 0.5003 0.4997
3309 0.4981 0.5019
3310 0.5041 0.4959
3311 0.4984 0.5016
3312 0.4991 0.5009
3313 0.4953 0.5047
3314 0.5024 0.4976
3315 0.5012 0.4988
3316 0.5058 0.4942
3317 0.4991 0.5009
3318 0.5015 0.4985
3319 0.5049 0.4951
3320 0.499 0.501
3321 0.498 0.502
3322 0.5016 0.4984
3323 0.498 0.502
3324 0.5002 0.4998
3325 0.5 0.5
3326 0.4996 0.5004
3327 0.5006 0.4994
3328 0.4957 0.5043
3329 0.4969 0.5031
3330 0.5017 0.4983
3331 0.5 0.5
3332 0.4998 0.5002
3333 0.5005 0.4995
3334 0.5003 0.4997
3335 0.5016 0.4984
3336 0.4982 0.5018
3337 0.5013 0.4987
3338 0.5014 0.4986
3339 0.4945 0.5055
3340 0.5007 0.4993
3341 0.4971 0.5029
3342 0.5009 0.4991
3343 0.4989 0.5011
3344 0.4985 0.5015
3345 0.4971 0.5029
3346 0.4984 0.5016
3347 0.5004 0.4996
3348 0.5007 0.4993
3349 0.4947 0.5053
3350 0.5016 0.4984
3351 0.495 0.505
3352 0.4985 0.5015
3353 0.4964 0.5036
3354 0.4958 0.5042
3355 0.4957 0.5043
3356 0.4975 0.5025
3357 0.5017 0.4983
3358 0.4982 0.5018
3359 0.4996 0.5004
3360 0.503 0.497
3361 0.4928 0.5072
3362 0.5015 0.4985
3363 0.5004 0.4996
3364 0.5013 0.4987
3365 0.4975 0.5025
3366 0.5022 0.4978
3367 0.4979 0.5021
3368 0.496 0.504
3369 0.4981 0.5019
3370 0.4998 0.5002
3371 0.5004 0.4996
3372 0.4967 0.5033
3373 0.5017 0.4983
3374 0.4949 0.5051
3375 0.4963 0.5037
3376 0.5014 0.4986
3377 0.4985 0.5015
3378 0.4998 0.5002
3379 0.4964 0.5036
3380 0.4971 0.5029
3381 0.4986 0.5014
3382 0.4946 0.5054
3383 0.5012 0.4988
3384 0.4994 0.5006
3385 0.4927 0.5073
3386 0.5055 0.4945
3387 0.4942 0.5058
3388 0.4966 0.5034
3389 0.4973 0.5027
3390 0.4979 0.5021
3391 0.4946 0.5054
3392 0.4997 0.5003
3393 0.4949 0.5051
3394 0.5008 0.4992
3395 0.4971 0.5029
3396 0.4979 0.5021
3397 0.4975 0.5025
3398 0.5004 0.4996
3399 0.5035 0.4965
3400 0.4957 0.5043
3401 0.4954 0.5046
3402 0.4952 0.5048
3403 0.4989 0.5011
3404 0.4958 0.5042
3405 0.495 0.505
3406 0.4987 0.5013
3407 0.4984 0.5016
3408 0.4991 0.5009
3409 0.4995 0.5005
3410 0.5 0.5
3411 0.4987 0.5013
3412 0.495 0.505
3413 0.4984 0.5016
3414 0.4983 0.5017
3415 0.499 0.501
3416 0.5003 0.4997
3417 0.4947 0.5053
3418 0.497 0.503
3419 0.5023 0.4977
3420 0.4994 0.5006
3421 0.4967 0.5033
3422 0.4962 0.5038
3423 0.4964 0.5036
3424 0.4988 0.5012
3425 0.5041 0.4959
3426 0.4988 0.5012
3427 0.4995 0.5005
3428 0.4984 0.5016
3429 0.5006 0.4994
3430 0.4953 0.5047
3431 0.4939 0.5061
3432 0.4982 0.5018
3433 0.4995 0.5005
3434 0.4968 0.5032
3435 0.4964 0.5036
3436 0.4931 0.5069
3437 0.4933 0.5067
3438 0.496 0.504
3439 0.4971 0.5029
3440 0.5016 0.4984
3441 0.4974 0.5026
3442 0.5009 0.4991
3443 0.4976 0.5024
3444 0.4989 0.5011
3445 0.5 0.5
3446 0.5001 0.4999
3447 0.499 0.501
3448 0.5008 0.4992
3449 0.5006 0.4994
3450 0.4899 0.5101
3451 0.5002 0.4998
3452 0.4984 0.5016
3453 0.4985 0.5015
3454 0.4991 0.5009
3455 0.4972 0.5028
3456 0.5005 0.4995
3457 0.4928 0.5072
3458 0.5008 0.4992
3459 0.4957 0.5043
3460 0.5015 0.4985
3461 0.5002 0.4998
3462 0.4999 0.5001
3463 0.4975 0.5025
3464 0.4979 0.5021
3465 0.4972 0.5028
3466 0.4986 0.5014
3467 0.5033 0.4967
3468 0.4997 0.5003
3469 0.4975 0.5025
3470 0.5018 0.4982
3471 0.4973 0.5027
3472 0.5019 0.4981
3473 0.4974 0.5026
3474 0.4958 0.5042
3475 0.5 0.5
3476 0.4977 0.5023
3477 0.4968 0.5032
3478 0.4971 0.5029
3479 0.4969 0.5031
3480 0.4964 0.5036
3481 0.5025 0.4975
3482 0.498 0.502
3483 0.4962 0.5038
3484 0.4993 0.5007
3485 0.5018 0.4982
3486 0.4954 0.5046
3487 0.4967 0.5033
3488 0.4951 0.5049
3489 0.4996 0.5004
3490 0.501 0.499
3491 0.4966 0.5034
3492 0.5004 0.4996
3493 0.4982 0.5018
3494 0.4995 0.5005
3495 0.4975 0.5025
3496 0.4967 0.5033
3497 0.4959 0.5041
3498 0.4975 0.5025
3499 0.4946 0.5054
3500 0.4975 0.5025
3501 0.4987 0.5013
3502 0.4986 0.5014
3503 0.498 0.502
3504 0.496 0.504
3505 0.4917 0.5083
3506 0.5006 0.4994
3507 0.4995 0.5005
3508 0.4958 0.5042
3509 0.4983 0.5017
3510 0.4959 0.5041
3511 0.497 0.503
3512 0.4952 0.5048
3513 0.4964 0.5036
3514 0.4952 0.5048
3515 0.4999 0.5001
3516 0.4994 0.5006
3517 0.5008 0.4992
3518 0.4976 0.5024
3519 0.4979 0.5021
3520 0.4973 0.5027
3521 0.4958 0.5042
3522 0.496 0.504
3523 0.4934 0.5066
3524 0.4983 0.5017
3525 0.4979 0.5021
3526 0.4941 0.5059
3527 0.4938 0.5062
3528 0.4962 0.5038
3529 0.4964 0.5036
3530 0.4988 0.5012
3531 0.4992 0.5008
3532 0.4957 0.5043
3533 0.4979 0.5021
3534 0.4969 0.5031
3535 0.4981 0.5019
3536 0.4961 0.5039
3537 0.4974 0.5026
3538 0.4973 0.5027
3539 0.4959 0.5041
3540 0.4989 0.5011
3541 0.4973 0.5027
3542 0.5021 0.4979
3543 0.4975 0.5025
3544 0.4971 0.5029
3545 0.4966 0.5034
3546 0.4922 0.5078
3547 0.4976 0.5024
3548 0.4977 0.5023
3549 0.4954 0.5046
3550 0.4961 0.5039
3551 0.4968 0.5032
3552 0.4924 0.5076
3553 0.4967 0.5033
3554 0.5017 0.4983
3555 0.4959 0.5041
3556 0.4947 0.5053
3557 0.4954 0.5046
3558 0.4914 0.5086
3559 0.4989 0.5011
3560 0.4963 0.5037
3561 0.4991 0.5009
3562 0.4961 0.5039
3563 0.4955 0.5045
3564 0.4951 0.5049
3565 0.4956 0.5044
3566 0.5007 0.4993
3567 0.493 0.507
3568 0.4973 0.5027
3569 0.4994 0.5006
3570 0.4981 0.5019
3571 0.4973 0.5027
3572 0.5023 0.4977
3573 0.4956 0.5044
3574 0.4964 0.5036
3575 0.5003 0.4997
3576 0.4912 0.5088
3577 0.4914 0.5086
3578 0.4921 0.5079
3579 0.4979 0.5021
3580 0.4969 0.5031
3581 0.4949 0.5051
3582 0.4988 0.5012
3583 0.496 0.504
3584 0.4988 0.5012
3585 0.4934 0.5066
3586 0.5016 0.4984
3587 0.4958 0.5042
3588 0.4962 0.5038
3589 0.4966 0.5034
3590 0.5025 0.4975
3591 0.5022 0.4978
3592 0.4964 0.5036
3593 0.4949 0.5051
3594 0.4965 0.5035
3595 0.497 0.503
3596 0.4954 0.5046
3597 0.503 0.497
3598 0.4944 0.5056
3599 0.4897 0.5103
3600 0.5018 0.4982
3601 0.4962 0.5038
3602 0.4966 0.5034
3603 0.4924 0.5076
3604 0.4949 0.5051
3605 0.5002 0.4998
3606 0.4986 0.5014
3607 0.5002 0.4998
3608 0.4957 0.5043
3609 0.4999 0.5001
3610 0.4946 0.5054
3611 0.4947 0.5053
3612 0.4948 0.5052
3613 0.4963 0.5037
3614 0.4955 0.5045
3615 0.4939 0.5061
3616 0.4959 0.5041
3617 0.4968 0.5032
3618 0.4953 0.5047
3619 0.4931 0.5069
3620 0.4987 0.5013
3621 0.497 0.503
3622 0.4999 0.5001
3623 0.4926 0.5074
3624 0.4932 0.5068
3625 0.496 0.504
3626 0.496 0.504
3627 0.4982 0.5018
3628 0.4988 0.5012
3629 0.4978 0.5022
3630 0.4966 0.5034
3631 0.4967 0.5033
3632 0.4973 0.5027
3633 0.496 0.504
3634 0.5 0.5
3635 0.496 0.504
3636 0.5004 0.4996
3637 0.4942 0.5058
3638 0.5002 0.4998
3639 0.4981 0.5019
3640 0.4985 0.5015
3641 0.4884 0.5116
3642 0.4985 0.5015
3643 0.4956 0.5044
3644 0.4999 0.5001
3645 0.4983 0.5017
3646 0.4988 0.5012
3647 0.4945 0.5055
3648 0.4963 0.5037
3649 0.4996 0.5004
3650 0.4989 0.5011
3651 0.491 0.509
3652 0.497 0.503
3653 0.4961 0.5039
3654 0.496 0.504
3655 0.5039 0.4961
3656 0.4991 0.5009
3657 0.4943 0.5057
3658 0.496 0.504
3659 0.4965 0.5035
3660 0.4942 0.5058
3661 0.4983 0.5017
3662 0.4893 0.5107
3663 0.4993 0.5007
3664 0.4974 0.5026
3665 0.4927 0.5073
3666 0.4937 0.5063
3667 0.4938 0.5062
3668 0.4917 0.5083
3669 0.4963 0.5037
3670 0.498 0.502
3671 0.4954 0.5046
3672 0.4957 0.5043
3673 0.4945 0.5055
3674 0.4953 0.5047
3675 0.4986 0.5014
3676 0.4975 0.5025
3677 0.4909 0.5091
3678 0.4956 0.5044
3679 0.4928 0.5072
3680 0.4945 0.5055
3681 0.5004 0.4996
3682 0.49 0.51
3683 0.491 0.509
3684 0.4962 0.5038
3685 0.4957 0.5043
3686 0.4993 0.5007
3687 0.4935 0.5065
3688 0.495 0.505
3689 0.4947 0.5053
3690 0.4962 0.5038
3691 0.498 0.502
3692 0.4949 0.5051
3693 0.4931 0.5069
3694 0.4941 0.5059
3695 0.4958 0.5042
3696 0.4954 0.5046
3697 0.4971 0.5029
3698 0.4951 0.5049
3699 0.494 0.506
3700 0.4942 0.5058
3701 0.4935 0.5065
3702 0.4989 0.5011
3703 0.4955 0.5045
3704 0.4942 0.5058
3705 0.4954 0.5046
3706 0.4923 0.5077
3707 0.4969 0.5031
3708 0.4892 0.5108
3709 0.4966 0.5034
3710 0.4887 0.5113
3711 0.4946 0.5054
3712 0.4935 0.5065
3713 0.4983 0.5017
3714 0.4955 0.5045
3715 0.4956 0.5044
3716 0.4922 0.5078
3717 0.4914 0.5086
3718 0.4962 0.5038
3719 0.4976 0.5024
3720 0.4913 0.5087
3721 0.4951 0.5049
3722 0.492 0.508
3723 0.4892 0.5108
3724 0.4968 0.5032
3725 0.4908 0.5092
3726 0.4904 0.5096
3727 0.4893 0.5107
3728 0.5 0.5
3729 0.4973 0.5027
3730 0.4924 0.5076
3731 0.4928 0.5072
3732 0.4927 0.5073
3733 0.4929 0.5071
3734 0.4888 0.5112
3735 0.4922 0.5078
3736 0.4944 0.5056
3737 0.4913 0.5087
3738 0.4953 0.5047
3739 0.4922 0.5078
3740 0.4981 0.5019
3741 0.4956 0.5044
3742 0.5001 0.4999
3743 0.4947 0.5053
3744 0.4966 0.5034
3745 0.4927 0.5073
3746 0.4903 0.5097
3747 0.4933 0.5067
3748 0.4985 0.5015
3749 0.4921 0.5079
3750 0.4994 0.5006
3751 0.4952 0.5048
3752 0.494 0.506
3753 0.4957 0.5043
3754 0.4993 0.5007
3755 0.4966 0.5034
3756 0.4946 0.5054
3757 0.4873 0.5127
3758 0.488 0.512
3759 0.4976 0.5024
3760 0.4969 0.5031
3761 0.4941 0.5059
3762 0.4991 0.5009
3763 0.4959 0.5041
3764 0.4904 0.5096
3765 0.4891 0.5109
3766 0.5001 0.4999
3767 0.4957 0.5043
3768 0.4897 0.5103
3769 0.4918 0.5082
3770 0.4927 0.5073
3771 0.4921 0.5079
3772 0.5003 0.4997
3773 0.4927 0.5073
3774 0.4954 0.5046
3775 0.49 0.51
3776 0.4938 0.5062
3777 0.4904 0.5096
3778 0.4956 0.5044
3779 0.499 0.501
3780 0.4932 0.5068
3781 0.4915 0.5085
3782 0.4908 0.5092
3783 0.4946 0.5054
3784 0.4961 0.5039
3785 0.4959 0.5041
3786 0.4936 0.5064
3787 0.4978 0.5022
3788 0.4927 0.5073
3789 0.4916 0.5084
3790 0.487 0.513
3791 0.4983 0.5017
3792 0.4906 0.5094
3793 0.4907 0.5093
3794 0.4911 0.5089
3795 0.495 0.505
3796 0.4846 0.5154
3797 0.4942 0.5058
3798 0.4945 0.5055
3799 0.4971 0.5029
3800 0.4917 0.5083
3801 0.4957 0.5043
3802 0.4976 0.5024
3803 0.497 0.503
3804 0.5004 0.4996
3805 0.4924 0.5076
3806 0.4934 0.5066
3807 0.5003 0.4997
3808 0.4951 0.5049
3809 0.4941 0.5059
3810 0.4977 0.5023
3811 0.4938 0.5062
3812 0.4979 0.5021
3813 0.4927 0.5073
3814 0.4945 0.5055
3815 0.4935 0.5065
3816 0.4943 0.5057
3817 0.4957 0.5043
3818 0.4956 0.5044
3819 0.4969 0.5031
3820 0.4902 0.5098
3821 0.4989 0.5011
3822 0.4935 0.5065
3823 0.4889 0.5111
3824 0.4886 0.5114
3825 0.4933 0.5067
3826 0.4877 0.5123
3827 0.4964 0.5036
3828 0.4956 0.5044
3829 0.4949 0.5051
3830 0.4982 0.5018
3831 0.498 0.502
3832 0.4978 0.5022
3833 0.4903 0.5097
3834 0.492 0.508
3835 0.4908 0.5092
3836 0.4935 0.5065
3837 0.4934 0.5066
3838 0.4953 0.5047
3839 0.4955 0.5045
3840 0.5005 0.4995
3841 0.4859 0.5141
3842 0.4956 0.5044
3843 0.4933 0.5067
3844 0.4964 0.5036
3845 0.4967 0.5033
3846 0.4936 0.5064
3847 0.4919 0.5081
3848 0.4933 0.5067
3849 0.5 0.5
3850 0.4909 0.5091
3851 0.5 0.5
3852 0.4978 0.5022
3853 0.5001 0.4999
3854 0.4886 0.5114
3855 0.499 0.501
3856 0.4872 0.5128
3857 0.4964 0.5036
3858 0.4853 0.5147
3859 0.4979 0.5021
3860 0.488 0.512
3861 0.4917 0.5083
3862 0.4881 0.5119
3863 0.4887 0.5113
3864 0.4947 0.5053
3865 0.4906 0.5094
3866 0.4945 0.5055
3867 0.4928 0.5072
3868 0.4911 0.5089
3869 0.4858 0.5142
3870 0.4985 0.5015
3871 0.4887 0.5113
3872 0.4955 0.5045
3873 0.4889 0.5111
3874 0.4934 0.5066
3875 0.4889 0.5111
3876 0.4878 0.5122
3877 0.4873 0.5127
3878 0.4905 0.5095
3879 0.4891 0.5109
3880 0.4872 0.5128
3881 0.496 0.504
3882 0.4906 0.5094
3883 0.4976 0.5024
3884 0.4953 0.5047
3885 0.4924 0.5076
3886 0.4891 0.5109
3887 0.4883 0.5117
3888 0.4988 0.5012
3889 0.4881 0.5119
3890 0.4907 0.5093
3891 0.4931 0.5069
3892 0.4903 0.5097
3893 0.4932 0.5068
3894 0.497 0.503
3895 0.4953 0.5047
3896 0.497 0.503
3897 0.4944 0.5056
3898 0.4856 0.5144
3899 0.4922 0.5078
3900 0.492 0.508
3901 0.4916 0.5084
3902 0.4926 0.5074
3903 0.4888 0.5112
3904 0.4873 0.5127
3905 0.4918 0.5082
3906 0.4946 0.5054
3907 0.4916 0.5084
3908 0.4803 0.5197
3909 0.4889 0.5111
3910 0.4878 0.5122
3911 0.4905 0.5095
3912 0.4923 0.5077
3913 0.4959 0.5041
3914 0.4896 0.5104
3915 0.4952 0.5048
3916 0.4826 0.5174
3917 0.4906 0.5094
3918 0.4875 0.5125
3919 0.4885 0.5115
3920 0.4925 0.5075
3921 0.4972 0.5028
3922 0.4961 0.5039
3923 0.494 0.506
3924 0.4843 0.5157
3925 0.4914 0.5086
3926 0.4994 0.5006
3927 0.4928 0.5072
3928 0.4979 0.5021
3929 0.4999 0.5001
3930 0.4933 0.5067
3931 0.4903 0.5097
3932 0.4873 0.5127
3933 0.4935 0.5065
3934 0.4775 0.5225
3935 0.496 0.504
3936 0.5008 0.4992
3937 0.4888 0.5112
3938 0.4924 0.5076
3939 0.4843 0.5157
3940 0.496 0.504
3941 0.4838 0.5162
3942 0.49 0.51
3943 0.4945 0.5055
3944 0.492 0.508
3945 0.4821 0.5179
3946 0.4906 0.5094
3947 0.4994 0.5006
3948 0.4946 0.5054
3949 0.4895 0.5105
3950 0.4829 0.5171
3951 0.4817 0.5183
3952 0.4886 0.5114
3953 0.483 0.517
3954 0.4911 0.5089
3955 0.4896 0.5104
3956 0.4929 0.5071
3957 0.4879 0.5121
3958 0.493 0.507
3959 0.5009 0.4991
3960 0.4885 0.5115
3961 0.496 0.504
3962 0.5028 0.4972
3963 0.4912 0.5088
3964 0.4854 0.5146
3965 0.4972 0.5028
3966 0.4917 0.5083
3967 0.4961 0.5039
3968 0.4935 0.5065
3969 0.4939 0.5061
3970 0.4909 0.5091
3971 0.491 0.509
3972 0.4876 0.5124
3973 0.4867 0.5133
3974 0.4994 0.5006
3975 0.4878 0.5122
3976 0.4848 0.5152
3977 0.4855 0.5145
3978 0.4993 0.5007
3979 0.4898 0.5102
3980 0.4921 0.5079
3981 0.4985 0.5015
3982 0.4959 0.5041
3983 0.4956 0.5044
3984 0.4877 0.5123
3985 0.4959 0.5041
3986 0.4877 0.5123
3987 0.4839 0.5161
3988 0.4897 0.5103
3989 0.4857 0.5143
3990 0.4939 0.5061
3991 0.4872 0.5128
3992 0.4822 0.5178
3993 0.495 0.505
3994 0.5084 0.4916
3995 0.4972 0.5028
3996 0.483 0.517
3997 0.492 0.508
3998 0.4831 0.5169
3999 0.4783 0.5217
4000 0.4964 0.5036
4001 0.4901 0.5099
4002 0.4992 0.5008
4003 0.4985 0.5015
4004 0.5007 0.4993
4005 0.49 0.51
4006 0.4891 0.5109
4007 0.4935 0.5065
4008 0.4952 0.5048
4009 0.4885 0.5115
4010 0.4824 0.5176
4011 0.4934 0.5066
4012 0.484 0.516
4013 0.4892 0.5108
4014 0.4893 0.5107
4015 0.4837 0.5163
4016 0.4867 0.5133
4017 0.4912 0.5088
4018 0.4793 0.5207
4019 0.4827 0.5173
4020 0.496 0.504
4021 0.5008 0.4992
4022 0.4897 0.5103
4023 0.4928 0.5072
4024 0.4821 0.5179
4025 0.4885 0.5115
4026 0.4945 0.5055
4027 0.4807 0.5193
4028 0.4835 0.5165
4029 0.5047 0.4953
4030 0.4874 0.5126
4031 0.4866 0.5134
4032 0.4893 0.5107
4033 0.4986 0.5014
4034 0.497 0.503
4035 0.505 0.495
4036 0.493 0.507
4037 0.4795 0.5205
4038 0.4927 0.5073
4039 0.4789 0.5211
4040 0.4945 0.5055
4041 0.4929 0.5071
4042 0.5008 0.4992
4043 0.4945 0.5055
4044 0.4931 0.5069
4045 0.4902 0.5098
4046 0.4901 0.5099
4047 0.4835 0.5165
4048 0.4724 0.5276
4049 0.486 0.514
4050 0.4928 0.5072
4051 0.4991 0.5009
4052 0.484 0.516
4053 0.469 0.531
4054 0.4787 0.5213
4055 0.4808 0.5192
4056 0.4928 0.5072
4057 0.4766 0.5234
4058 0.501 0.499
4059 0.4759 0.5241
4060 0.4772 0.5228
4061 0.4989 0.5011
4062 0.4754 0.5246
4063 0.4919 0.5081
4064 0.4835 0.5165
4065 0.488 0.512
4066 0.4955 0.5045
4067 0.4907 0.5093
4068 0.4864 0.5136
4069 0.4709 0.5291
4070 0.5 0.5
4071 0.5026 0.4974
4072 0.4956 0.5044
4073 0.4716 0.5284
4074 0.4954 0.5046
4075 0.4915 0.5085
4076 0.5035 0.4965
4077 0.4884 0.5116
4078 0.4711 0.5289
4079 0.4924 0.5076
4080 0.5009 0.4991
4081 0.4831 0.5169
4082 0.4887 0.5113
4083 0.4917 0.5083
4084 0.4859 0.5141
4085 0.4932 0.5068
4086 0.4944 0.5056
4087 0.4789 0.5211
4088 0.48 0.52
4089 0.48 0.52
4090 0.4891 0.5109
4091 0.4777 0.5223
4092 0.4914 0.5086
4093 0.4866 0.5134
4094 0.4967 0.5033
4095 0.4876 0.5124
4096 0.4961 0.5039
4097 0.4729 0.5271
4098 0.4812 0.5188
4099 0.4957 0.5043
4100 0.4969 0.5031
4101 0.4894 0.5106
4102 0.4977 0.5023
4103 0.4734 0.5266
4104 0.5047 0.4953
4105 0.4802 0.5198
4106 0.4901 0.5099
4107 0.5012 0.4988
4108 0.4785 0.5215
4109 0.49 0.51
4110 0.5033 0.4967
4111 0.4914 0.5086
4112 0.4875 0.5125
4113 0.4748 0.5252
4114 0.4927 0.5073
4115 0.4966 0.5034
4116 0.484 0.516
4117 0.4947 0.5053
4118 0.4931 0.5069
4119 0.4939 0.5061
4120 0.4922 0.5078
4121 0.4914 0.5086
4122 0.4984 0.5016
4123 0.4917 0.5083
4124 0.4829 0.5171
4125 0.4844 0.5156
4126 0.4992 0.5008
4127 0.4938 0.5062
4128 0.4749 0.5251
4129 0.4787 0.5213
4130 0.4913 0.5087
4131 0.472 0.528
4132 0.4694 0.5306
4133 0.46 0.54
4134 0.501 0.499
4135 0.4701 0.5299
4136 0.5178 0.4822
4137 0.4849 0.5151
4138 0.4806 0.5194
4139 0.494 0.506
4140 0.4877 0.5123
4141 0.4669 0.5331
4142 0.4789 0.5211
4143 0.489 0.511
4144 0.4606 0.5394
4145 0.4755 0.5245
4146 0.4958 0.5042
4147 0.4819 0.5181
4148 0.4793 0.5207
4149 0.4799 0.5201
4150 0.4858 0.5142
4151 0.498 0.502
4152 0.5145 0.4855
4153 0.4847 0.5153
4154 0.4941 0.5059
4155 0.4897 0.5103
4156 0.4659 0.5341
4157 0.4949 0.5051
4158 0.47 0.53
4159 0.4783 0.5217
4160 0.4944 0.5056
4161 0.4458 0.5542
4162 0.5207 0.4793
4163 0.496 0.504
4164 0.492 0.508
4165 0.4981 0.5019
4166 0.5052 0.4948
4167 0.4751 0.5249
4168 0.476 0.524
4169 0.4965 0.5035
4170 0.4768 0.5232
4171 0.4693 0.5307
4172 0.5131 0.4869
4173 0.4995 0.5005
4174 0.4928 0.5072
4175 0.4663 0.5337
4176 0.5203 0.4797
4177 0.4773 0.5227
4178 0.4679 0.5321
4179 0.462 0.538
4180 0.4691 0.5309
4181 0.5124 0.4876
4182 0.5 0.5
4183 0.4718 0.5282
4184 0.4766 0.5234
4185 0.4871 0.5129
4186 0.4864 0.5136
4187 0.4865 0.5135
4188 0.5159 0.4841
4189 0.4876 0.5124
4190 0.483 0.517
4191 0.4914 0.5086
4192 0.5062 0.4938
4193 0.5109 0.4891
4194 0.4794 0.5206
4195 0.5144 0.4856
4196 0.4671 0.5329
4197 0.4601 0.5399
4198 0.48 0.52
4199 0.4867 0.5133
4200 0.4755 0.5245
4201 0.5031 0.4969
4202 0.4587 0.5413
4203 0.4948 0.5052
4204 0.4961 0.5039
4205 0.4755 0.5245
4206 0.4557 0.5443
4207 0.4721 0.5279
4208 0.486 0.514
4209 0.4792 0.5208
4210 0.5175 0.4825
4211 0.5162 0.4838
4212 0.4385 0.5615
4213 0.506 0.494
4214 0.5087 0.4913
4215 0.471 0.529
4216 0.4727 0.5273
4217 0.4531 0.5469
4218 0.4629 0.5371
4219 0.4777 0.5223
4220 0.4726 0.5274
4221 0.484 0.516
4222 0.4919 0.5081
4223 0.4683 0.5317
4224 0.5346 0.4654
4225 0.4929 0.5071
4226 0.5298 0.4702
4227 0.4568 0.5432
4228 0.5011 0.4989
4229 0.5128 0.4872
4230 0.4819 0.5181
4231 0.4588 0.5412
4232 0.4686 0.5314
4233 0.4966 0.5034
4234 0.5021 0.4979
4235 0.4556 0.5444
4236 0.4698 0.5302
4237 0.4857 0.5143
4238 0.4897 0.5103
4239 0.4582 0.5418
4240 0.5067 0.4933
4241 0.5014 0.4986
4242 0.4321 0.5679
4243 0.4711 0.5289
4244 0.5144 0.4856
4245 0.4649 0.5351
4246 0.5321 0.4679
4247 0.5227 0.4773
4248 0.4943 0.5057
4249 0.5244 0.4756
4250 0.4955 0.5045
4251 0.5153 0.4847
4252 0.4857 0.5143
4253 0.5016 0.4984
4254 0.4529 0.5471
4255 0.419 0.581
4256 0.4674 0.5326
4257 0.4982 0.5018
4258 0.535 0.465
4259 0.4351 0.5649
4260 0.4898 0.5102
4261 0.4279 0.5721
4262 0.4605 0.5395
4263 0.482 0.518
4264 0.4913 0.5087
4265 0.5023 0.4977
4266 0.5273 0.4727
4267 0.4978 0.5022
4268 0.5248 0.4752
4269 0.5067 0.4933
4270 0.5069 0.4931
4271 0.5083 0.4917
4272 0.5257 0.4743
4273 0.5212 0.4788
4274 0.5328 0.4672
4275 0.4449 0.5551
4276 0.5 0.5
4277 0.5378 0.4622
4278 0.4833 0.5167
4279 0.502 0.498
4280 0.4304 0.5696
4281 0.46 0.54
4282 0.4804 0.5196
4283 0.4576 0.5424
4284 0.4975 0.5025
4285 0.4474 0.5526
4286 0.4506 0.5494
4287 0.5513 0.4487
4288 0.5393 0.4607
4289 0.4792 0.5208
4290 0.5291 0.4709
4291 0.4478 0.5522
4292 0.4581 0.5419
4293 0.4516 0.5484
4294 0.4663 0.5337
4295 0.5152 0.4848
4296 0.5464 0.4536
4297 0.5297 0.4703
4298 0.4439 0.5561
4299 0.5057 0.4943
4300 0.3987 0.6013
4301 0.5098 0.4902
4302 0.4336 0.5664
4303 0.5405 0.4595
4304 0.4774 0.5226
4305 0.48 0.52
4306 0.5203 0.4797
4307 0.4524 0.5476
4308 0.4685 0.5315
4309 0.4922 0.5078
4310 0.4803 0.5197
4311 0.5448 0.4552
4312 0.4252 0.5748
4313 0.431 0.569
4314 0.3981 0.6019
4315 0.5055 0.4945
4316 0.4316 0.5684
4317 0.4607 0.5393
4318 0.5077 0.4923
4319 0.4416 0.5584
4320 0.4769 0.5231
4321 0.4638 0.5362
4322 0.4769 0.5231
4323 0.5362 0.4638
4324 0.4625 0.5375
4325 0.4107 0.5893
4326 0.5 0.5
4327 0.4815 0.5185
4328 0.5 0.5
4329 0.5789 0.4211
4330 0.4833 0.5167
4331 0.5965 0.4035
4332 0.5574 0.4426
4333 0.575 0.425
4334 0.5 0.5
4335 0.3974 0.6026
4336 0.4545 0.5455
4337 0.5714 0.4286
4338 0.4545 0.5455
4339 0.5 0.5
4340 0.3556 0.6444
4341 0.4717 0.5283
4342 0.5091 0.4909
4343 0.5606 0.4394
4344 0.377 0.623
4345 0.4565 0.5435
4346 0.4186 0.5814
4347 0.4872 0.5128
4348 0.4634 0.5366
4349 0.4468 0.5532
4350 0.4878 0.5122
4351 0.3958 0.6042
4352 0.3 0.7
4353 0.5172 0.4828
4354 0.2727 0.7273
4355 0.5385 0.4615
4356 0.4722 0.5278
4357 0.4194 0.5806
4358 0.4375 0.5625
4359 0.3714 0.6286
4360 0.4103 0.5897
4361 0.5429 0.4571
4362 0.4242 0.5758
4363 0.5227 0.4773
4364 0.439 0.561
4365 0.5435 0.4565
4366 0.587 0.413
4367 0.6226 0.3774
4368 0.5 0.5
4369 0.56 0.44
4370 0.4375 0.5625
4371 0.4889 0.5111
4372 0.4419 0.5581
4373 0.4889 0.5111
4374 0.5818 0.4182
4375 0.4118 0.5882
4376 0.4524 0.5476
4377 0.5208 0.4792
4378 0.3684 0.6316
4379 0.5405 0.4595
4380 0.5111 0.4889
4381 0.4222 0.5778
4382 0.5532 0.4468
4383 0.4318 0.5682
4384 0.35 0.65
4385 0.3947 0.6053
4386 0.3514 0.6486
4387 0.4444 0.5556
4388 0.5278 0.4722
4389 0.4872 0.5128
4390 0.2353 0.7647
4391 0.375 0.625
4392 0.5294 0.4706
4393 0.5714 0.4286
4394 0.5556 0.4444
4395 0.5667 0.4333
4396 0.4474 0.5526
4397 0.475 0.525
4398 0.4545 0.5455
4399 0.2727 0.7273
4400 0.5 0.5
4401 0.5263 0.4737
4402 0.5 0.5
4403 0.5556 0.4444
4404 0.625 0.375
4405 0.5455 0.4545
4406 0.52 0.48
4407 0.5833 0.4167
4408 0.4286 0.5714
4409 0.4091 0.5909
4410 0.4545 0.5455
4411 0.4783 0.5217
4412 0.381 0.619
4413 0.375 0.625
4414 0.5556 0.4444
4415 0.381 0.619
4416 0.3333 0.6667
4417 0.6364 0.3636
4418 0.2 0.8
4419 0.625 0.375
4420 0.4 0.6
4421 0.2857 0.7143
4422 0.3333 0.6667
4423 0.0 1.0
4424 0.25 0.75
4425 0.3333 0.6667
4426 0.5 0.5
4427 1.0 0.0
4428 0.5 0.5
4429 0.8333 0.1667
4430 0.4286 0.5714
4431 0.25 0.75
4432 0.3333 0.6667
4433 0.6 0.4
4434 0.0 1.0
4436 0.5 0.5
4437 1.0 0.0
4438 1.0 0.0
4439 0.6 0.4
4440 0.4 0.6
4441 0.5 0.5
4442 0.5 0.5
4443 0.0 1.0
4444 0.5 0.5
4445 0.0 1.0
4447 0.8333 0.1667
4448 0.4 0.6
4449 0.6667 0.3333
4450 0.6667 0.3333
4451 0.25 0.75
4452 0.375 0.625
4453 0.4 0.6
4454 0.6 0.4
4455 0.7143 0.2857
4456 0.2857 0.7143
4457 0.75 0.25
4458 0.6 0.4
4459 0.3333 0.6667
4460 0.5714 0.4286
4461 0.375 0.625
4462 0.625 0.375
4463 0.375 0.625
4464 0.5714 0.4286
4465 0.3333 0.6667
4466 0.5 0.5
4467 0.5714 0.4286
4468 0.4 0.6
4469 0.7143 0.2857
4470 0.2857 0.7143
4471 0.0 1.0
4472 0.6 0.4
4473 0.5 0.5
4474 1.0 0.0
4475 0.0 1.0
4476 0.3333 0.6667
4477 0.0 1.0
4478 0.25 0.75
4479 0.5 0.5
4480 0.0 1.0
4481 0.6667 0.3333
4482 0.0 1.0
4483 0.0 1.0
4487 1.0 0.0
4492 1.0 0.0
4493 1.0 0.0
4494 0.0 1.0
4506 1.0 0.0
4510 1.0 0.0
4511 1.0 0.0
4512 1.0 0.0
4513 0.0 1.0
4514 0.0 1.0
4515 0.5 0.5
4517 1.0 0.0
4518 0.3333 0.6667
4519 1.0 0.0
4520 0.3333 0.6667
4521 0.5 0.5
4522 0.6667 0.3333
4523 0.8333 0.1667
4524 0.4545 0.5455
4525 0.375 0.625
4526 0.5 0.5
4527 1.0 0.0
4528 0.0 1.0
4529 0.6667 0.3333
4530 0.25 0.75
4531 0.3333 0.6667
4532 0.0 1.0
4549 1.0 0.0
4550 0.6667 0.3333
4551 0.0 1.0
4556 1.0 0.0
4557 1.0 0.0
4558 0.0 1.0
4560 1.0 0.0
4561 0.0 1.0
4562 1.0 0.0
4563 0.0 1.0
4564 1.0 0.0
4565 0.0 1.0
