0 0.533172607421875
1 0.535308837890625
2 0.5288848876953125
3 0.5333099365234375
4 0.53369140625
5 0.5276336669921875
6 0.523834228515625
7 0.5325164794921875
8 0.5364990234375
9 0.5323028564453125
10 0.5345001220703125
11 0.531097412109375
12 0.5348052978515625
13 0.5283660888671875
14 0.535308837890625
15 0.5334625244140625
16 0.5371856689453125
17 0.5310821533203125
18 0.5335235595703125
19 0.532989501953125
20 0.53167724609375
21 0.532318115234375
22 0.5361175537109375
23 0.535888671875
24 0.53857421875
25 0.53167724609375
26 0.52789306640625
27 0.526275634765625
28 0.5294647216796875
29 0.53338623046875
30 0.5304412841796875
31 0.5308685302734375
32 0.5341796875
33 0.5368194580078125
34 0.5330963134765625
35 0.535308837890625
36 0.5309600830078125
37 0.5269927978515625
38 0.532257080078125
39 0.5303802490234375
40 0.5312042236328125
41 0.527984619140625
42 0.5380096435546875
43 0.52496337890625
44 0.5318450927734375
45 0.540496826171875
46 0.530120849609375
47 0.519805908203125
48 0.5371246337890625
49 0.5294952392578125
50 0.5323028564453125
51 0.5294952392578125
52 0.534454345703125
53 0.5250091552734375
54 0.5295867919921875
55 0.530303955078125
56 0.5302886962890625
57 0.5333099365234375
58 0.5312652587890625
59 0.5286712646484375
60 0.527069091796875
61 0.5263671875
62 0.537017822265625
63 0.5410308837890625
