-3341 1
-3340 0
-3339 0
-3338 0
-3337 0
-3336 0
-3335 0
-3334 0
-3333 0
-3332 0
-3331 0
-3330 0
-3329 0
-3328 0
-3327 0
-3326 0
-3325 0
-3324 0
-3323 0
-3322 0
-3321 0
-3320 0
-3319 0
-3318 0
-3317 0
-3316 0
-3315 0
-3314 0
-3313 0
-3312 0
-3311 0
-3310 0
-3309 0
-3308 0
-3307 0
-3306 0
-3305 0
-3304 0
-3303 0
-3302 0
-3301 0
-3300 0
-3299 0
-3298 0
-3297 0
-3296 0
-3295 0
-3294 0
-3293 0
-3292 0
-3291 0
-3290 0
-3289 1
-3288 0
-3287 0
-3286 0
-3285 0
-3284 0
-3283 0
-3282 0
-3281 0
-3280 0
-3279 0
-3278 0
-3277 0
-3276 0
-3275 0
-3274 0
-3273 0
-3272 0
-3271 0
-3270 0
-3269 0
-3268 0
-3267 0
-3266 0
-3265 0
-3264 0
-3263 0
-3262 0
-3261 0
-3260 0
-3259 0
-3258 0
-3257 0
-3256 0
-3255 0
-3254 0
-3253 0
-3252 0
-3251 0
-3250 0
-3249 0
-3248 0
-3247 0
-3246 0
-3245 0
-3244 0
-3243 0
-3242 0
-3241 0
-3240 0
-3239 0
-3238 0
-3237 0
-3236 0
-3235 0
-3234 0
-3233 0
-3232 0
-3231 0
-3230 0
-3229 0
-3228 0
-3227 0
-3226 0
-3225 0
-3224 0
-3223 0
-3222 0
-3221 0
-3220 0
-3219 0
-3218 0
-3217 0
-3216 0
-3215 0
-3214 0
-3213 0
-3212 0
-3211 0
-3210 0
-3209 0
-3208 0
-3207 0
-3206 0
-3205 0
-3204 0
-3203 0
-3202 0
-3201 0
-3200 0
-3199 0
-3198 0
-3197 0
-3196 0
-3195 0
-3194 0
-3193 0
-3192 0
-3191 0
-3190 0
-3189 0
-3188 0
-3187 0
-3186 0
-3185 0
-3184 0
-3183 0
-3182 0
-3181 0
-3180 0
-3179 0
-3178 0
-3177 0
-3176 0
-3175 0
-3174 0
-3173 0
-3172 0
-3171 0
-3170 1
-3169 0
-3168 0
-3167 0
-3166 0
-3165 0
-3164 0
-3163 0
-3162 0
-3161 0
-3160 0
-3159 0
-3158 0
-3157 0
-3156 0
-3155 0
-3154 0
-3153 0
-3152 0
-3151 0
-3150 0
-3149 0
-3148 0
-3147 0
-3146 0
-3145 0
-3144 0
-3143 0
-3142 0
-3141 0
-3140 0
-3139 0
-3138 0
-3137 0
-3136 0
-3135 0
-3134 0
-3133 0
-3132 0
-3131 0
-3130 0
-3129 0
-3128 0
-3127 0
-3126 0
-3125 0
-3124 0
-3123 0
-3122 0
-3121 0
-3120 0
-3119 0
-3118 0
-3117 0
-3116 0
-3115 0
-3114 0
-3113 0
-3112 0
-3111 0
-3110 0
-3109 0
-3108 0
-3107 0
-3106 0
-3105 0
-3104 0
-3103 0
-3102 0
-3101 0
-3100 0
-3099 0
-3098 0
-3097 0
-3096 0
-3095 0
-3094 0
-3093 0
-3092 0
-3091 0
-3090 0
-3089 0
-3088 0
-3087 0
-3086 0
-3085 0
-3084 0
-3083 0
-3082 0
-3081 0
-3080 0
-3079 0
-3078 0
-3077 0
-3076 0
-3075 0
-3074 0
-3073 0
-3072 0
-3071 0
-3070 0
-3069 0
-3068 0
-3067 0
-3066 0
-3065 0
-3064 0
-3063 0
-3062 0
-3061 0
-3060 0
-3059 0
-3058 0
-3057 0
-3056 0
-3055 0
-3054 0
-3053 0
-3052 0
-3051 0
-3050 0
-3049 0
-3048 0
-3047 0
-3046 0
-3045 0
-3044 0
-3043 0
-3042 0
-3041 0
-3040 0
-3039 0
-3038 0
-3037 0
-3036 0
-3035 0
-3034 0
-3033 0
-3032 0
-3031 0
-3030 0
-3029 0
-3028 0
-3027 0
-3026 0
-3025 0
-3024 0
-3023 0
-3022 0
-3021 0
-3020 0
-3019 0
-3018 0
-3017 0
-3016 0
-3015 0
-3014 0
-3013 0
-3012 0
-3011 0
-3010 0
-3009 0
-3008 0
-3007 0
-3006 0
-3005 0
-3004 0
-3003 0
-3002 0
-3001 1
-3000 0
-2999 0
-2998 0
-2997 0
-2996 0
-2995 0
-2994 0
-2993 1
-2992 0
-2991 0
-2990 0
-2989 0
-2988 0
-2987 0
-2986 0
-2985 0
-2984 0
-2983 0
-2982 0
-2981 0
-2980 0
-2979 0
-2978 0
-2977 0
-2976 0
-2975 0
-2974 0
-2973 0
-2972 0
-2971 0
-2970 0
-2969 0
-2968 0
-2967 0
-2966 0
-2965 0
-2964 0
-2963 0
-2962 0
-2961 0
-2960 0
-2959 0
-2958 0
-2957 0
-2956 0
-2955 0
-2954 0
-2953 0
-2952 0
-2951 0
-2950 0
-2949 0
-2948 0
-2947 0
-2946 0
-2945 0
-2944 0
-2943 0
-2942 0
-2941 0
-2940 0
-2939 0
-2938 0
-2937 0
-2936 0
-2935 0
-2934 0
-2933 0
-2932 0
-2931 0
-2930 0
-2929 0
-2928 0
-2927 0
-2926 0
-2925 0
-2924 1
-2923 0
-2922 0
-2921 0
-2920 0
-2919 0
-2918 0
-2917 0
-2916 0
-2915 0
-2914 0
-2913 0
-2912 0
-2911 0
-2910 0
-2909 0
-2908 0
-2907 0
-2906 0
-2905 0
-2904 0
-2903 0
-2902 0
-2901 0
-2900 0
-2899 0
-2898 0
-2897 0
-2896 0
-2895 0
-2894 0
-2893 0
-2892 0
-2891 0
-2890 0
-2889 0
-2888 0
-2887 0
-2886 0
-2885 0
-2884 0
-2883 0
-2882 0
-2881 0
-2880 0
-2879 0
-2878 0
-2877 0
-2876 0
-2875 0
-2874 0
-2873 0
-2872 0
-2871 0
-2870 0
-2869 0
-2868 0
-2867 0
-2866 0
-2865 0
-2864 0
-2863 0
-2862 0
-2861 0
-2860 0
-2859 0
-2858 0
-2857 0
-2856 0
-2855 0
-2854 0
-2853 0
-2852 0
-2851 0
-2850 0
-2849 0
-2848 0
-2847 0
-2846 0
-2845 0
-2844 0
-2843 0
-2842 0
-2841 0
-2840 0
-2839 0
-2838 0
-2837 0
-2836 0
-2835 0
-2834 0
-2833 0
-2832 0
-2831 0
-2830 0
-2829 0
-2828 0
-2827 0
-2826 0
-2825 0
-2824 0
-2823 0
-2822 0
-2821 0
-2820 0
-2819 0
-2818 0
-2817 0
-2816 0
-2815 0
-2814 0
-2813 0
-2812 0
-2811 0
-2810 0
-2809 0
-2808 0
-2807 0
-2806 0
-2805 0
-2804 0
-2803 0
-2802 0
-2801 0
-2800 0
-2799 0
-2798 0
-2797 0
-2796 0
-2795 0
-2794 0
-2793 0
-2792 0
-2791 0
-2790 0
-2789 0
-2788 0
-2787 0
-2786 0
-2785 0
-2784 0
-2783 0
-2782 0
-2781 0
-2780 0
-2779 0
-2778 0
-2777 1
-2776 0
-2775 0
-2774 0
-2773 0
-2772 0
-2771 0
-2770 0
-2769 0
-2768 0
-2767 0
-2766 0
-2765 0
-2764 0
-2763 0
-2762 0
-2761 0
-2760 0
-2759 0
-2758 0
-2757 0
-2756 0
-2755 0
-2754 0
-2753 0
-2752 0
-2751 0
-2750 0
-2749 0
-2748 0
-2747 0
-2746 0
-2745 0
-2744 0
-2743 1
-2742 0
-2741 0
-2740 0
-2739 0
-2738 0
-2737 0
-2736 0
-2735 0
-2734 0
-2733 0
-2732 0
-2731 0
-2730 0
-2729 0
-2728 0
-2727 0
-2726 0
-2725 0
-2724 0
-2723 0
-2722 0
-2721 0
-2720 0
-2719 0
-2718 1
-2717 0
-2716 0
-2715 0
-2714 0
-2713 0
-2712 0
-2711 0
-2710 0
-2709 0
-2708 0
-2707 0
-2706 0
-2705 0
-2704 0
-2703 0
-2702 0
-2701 0
-2700 0
-2699 0
-2698 0
-2697 0
-2696 0
-2695 0
-2694 0
-2693 0
-2692 0
-2691 0
-2690 0
-2689 0
-2688 0
-2687 0
-2686 0
-2685 0
-2684 0
-2683 0
-2682 0
-2681 0
-2680 0
-2679 0
-2678 0
-2677 0
-2676 0
-2675 0
-2674 0
-2673 0
-2672 0
-2671 0
-2670 0
-2669 0
-2668 0
-2667 0
-2666 0
-2665 0
-2664 0
-2663 0
-2662 0
-2661 0
-2660 0
-2659 0
-2658 0
-2657 0
-2656 0
-2655 0
-2654 0
-2653 0
-2652 0
-2651 0
-2650 0
-2649 0
-2648 0
-2647 0
-2646 0
-2645 0
-2644 0
-2643 0
-2642 0
-2641 0
-2640 0
-2639 0
-2638 0
-2637 0
-2636 0
-2635 0
-2634 0
-2633 0
-2632 0
-2631 0
-2630 0
-2629 0
-2628 0
-2627 0
-2626 0
-2625 0
-2624 0
-2623 0
-2622 0
-2621 0
-2620 0
-2619 0
-2618 0
-2617 0
-2616 0
-2615 0
-2614 0
-2613 0
-2612 0
-2611 1
-2610 0
-2609 0
-2608 0
-2607 0
-2606 0
-2605 0
-2604 0
-2603 0
-2602 0
-2601 1
-2600 0
-2599 0
-2598 0
-2597 0
-2596 0
-2595 0
-2594 0
-2593 0
-2592 1
-2591 0
-2590 0
-2589 1
-2588 0
-2587 0
-2586 0
-2585 0
-2584 0
-2583 0
-2582 0
-2581 0
-2580 0
-2579 0
-2578 0
-2577 0
-2576 0
-2575 0
-2574 0
-2573 0
-2572 0
-2571 0
-2570 0
-2569 0
-2568 0
-2567 0
-2566 0
-2565 0
-2564 0
-2563 0
-2562 0
-2561 0
-2560 0
-2559 0
-2558 0
-2557 0
-2556 0
-2555 0
-2554 0
-2553 0
-2552 0
-2551 0
-2550 0
-2549 0
-2548 0
-2547 1
-2546 0
-2545 1
-2544 0
-2543 0
-2542 0
-2541 0
-2540 0
-2539 0
-2538 0
-2537 0
-2536 0
-2535 0
-2534 0
-2533 0
-2532 0
-2531 0
-2530 0
-2529 0
-2528 0
-2527 0
-2526 0
-2525 1
-2524 0
-2523 0
-2522 0
-2521 0
-2520 0
-2519 0
-2518 0
-2517 0
-2516 0
-2515 0
-2514 0
-2513 0
-2512 0
-2511 0
-2510 0
-2509 0
-2508 0
-2507 1
-2506 1
-2505 0
-2504 0
-2503 1
-2502 0
-2501 0
-2500 0
-2499 0
-2498 0
-2497 0
-2496 0
-2495 0
-2494 1
-2493 0
-2492 0
-2491 0
-2490 0
-2489 1
-2488 0
-2487 0
-2486 0
-2485 0
-2484 0
-2483 1
-2482 0
-2481 0
-2480 0
-2479 0
-2478 0
-2477 0
-2476 0
-2475 0
-2474 0
-2473 1
-2472 1
-2471 0
-2470 0
-2469 0
-2468 0
-2467 0
-2466 0
-2465 0
-2464 0
-2463 0
-2462 0
-2461 0
-2460 0
-2459 0
-2458 0
-2457 0
-2456 0
-2455 0
-2454 0
-2453 0
-2452 0
-2451 0
-2450 0
-2449 0
-2448 0
-2447 1
-2446 0
-2445 0
-2444 0
-2443 0
-2442 0
-2441 0
-2440 0
-2439 0
-2438 0
-2437 0
-2436 0
-2435 0
-2434 0
-2433 0
-2432 0
-2431 0
-2430 1
-2429 0
-2428 0
-2427 2
-2426 0
-2425 0
-2424 1
-2423 0
-2422 0
-2421 0
-2420 2
-2419 0
-2418 0
-2417 0
-2416 0
-2415 0
-2414 1
-2413 0
-2412 0
-2411 1
-2410 0
-2409 0
-2408 0
-2407 0
-2406 0
-2405 0
-2404 0
-2403 0
-2402 0
-2401 0
-2400 1
-2399 0
-2398 0
-2397 0
-2396 0
-2395 0
-2394 0
-2393 0
-2392 1
-2391 1
-2390 1
-2389 0
-2388 1
-2387 0
-2386 0
-2385 0
-2384 0
-2383 1
-2382 0
-2381 0
-2380 0
-2379 0
-2378 0
-2377 0
-2376 0
-2375 0
-2374 0
-2373 1
-2372 2
-2371 0
-2370 1
-2369 0
-2368 0
-2367 2
-2366 0
-2365 0
-2364 0
-2363 0
-2362 0
-2361 0
-2360 0
-2359 0
-2358 1
-2357 0
-2356 0
-2355 0
-2354 0
-2353 0
-2352 1
-2351 1
-2350 0
-2349 0
-2348 0
-2347 0
-2346 0
-2345 0
-2344 0
-2343 0
-2342 0
-2341 1
-2340 0
-2339 0
-2338 0
-2337 0
-2336 0
-2335 0
-2334 0
-2333 1
-2332 1
-2331 0
-2330 0
-2329 0
-2328 2
-2327 0
-2326 0
-2325 1
-2324 0
-2323 0
-2322 0
-2321 0
-2320 1
-2319 1
-2318 1
-2317 0
-2316 0
-2315 0
-2314 0
-2313 0
-2312 0
-2311 0
-2310 0
-2309 0
-2308 0
-2307 0
-2306 0
-2305 0
-2304 0
-2303 0
-2302 1
-2301 0
-2300 0
-2299 1
-2298 0
-2297 0
-2296 0
-2295 0
-2294 0
-2293 0
-2292 0
-2291 0
-2290 0
-2289 0
-2288 0
-2287 0
-2286 0
-2285 1
-2284 0
-2283 0
-2282 0
-2281 0
-2280 0
-2279 0
-2278 0
-2277 0
-2276 1
-2275 0
-2274 1
-2273 1
-2272 0
-2271 1
-2270 1
-2269 0
-2268 1
-2267 0
-2266 1
-2265 0
-2264 0
-2263 0
-2262 0
-2261 2
-2260 0
-2259 0
-2258 0
-2257 0
-2256 1
-2255 0
-2254 0
-2253 1
-2252 0
-2251 0
-2250 0
-2249 0
-2248 1
-2247 0
-2246 0
-2245 0
-2244 0
-2243 0
-2242 0
-2241 0
-2240 0
-2239 0
-2238 0
-2237 0
-2236 1
-2235 0
-2234 2
-2233 0
-2232 0
-2231 0
-2230 0
-2229 1
-2228 0
-2227 1
-2226 0
-2225 0
-2224 2
-2223 0
-2222 0
-2221 0
-2220 0
-2219 1
-2218 0
-2217 0
-2216 0
-2215 0
-2214 0
-2213 0
-2212 0
-2211 0
-2210 1
-2209 0
-2208 0
-2207 0
-2206 0
-2205 1
-2204 0
-2203 2
-2202 0
-2201 1
-2200 0
-2199 1
-2198 0
-2197 1
-2196 0
-2195 0
-2194 1
-2193 1
-2192 1
-2191 2
-2190 0
-2189 1
-2188 1
-2187 1
-2186 0
-2185 0
-2184 2
-2183 0
-2182 1
-2181 0
-2180 0
-2179 0
-2178 2
-2177 1
-2176 0
-2175 0
-2174 0
-2173 0
-2172 1
-2171 1
-2170 1
-2169 1
-2168 0
-2167 1
-2166 0
-2165 1
-2164 1
-2163 0
-2162 0
-2161 1
-2160 0
-2159 1
-2158 1
-2157 1
-2156 0
-2155 0
-2154 2
-2153 0
-2152 0
-2151 0
-2150 1
-2149 1
-2148 1
-2147 0
-2146 2
-2145 0
-2144 0
-2143 0
-2142 1
-2141 1
-2140 0
-2139 2
-2138 0
-2137 2
-2136 1
-2135 1
-2134 2
-2133 0
-2132 1
-2131 1
-2130 0
-2129 0
-2128 0
-2127 1
-2126 1
-2125 1
-2124 1
-2123 0
-2122 0
-2121 1
-2120 0
-2119 0
-2118 0
-2117 0
-2116 1
-2115 0
-2114 0
-2113 0
-2112 0
-2111 1
-2110 1
-2109 2
-2108 2
-2107 1
-2106 0
-2105 2
-2104 1
-2103 2
-2102 1
-2101 0
-2100 0
-2099 0
-2098 0
-2097 1
-2096 0
-2095 2
-2094 0
-2093 1
-2092 1
-2091 0
-2090 1
-2089 1
-2088 3
-2087 0
-2086 0
-2085 0
-2084 1
-2083 1
-2082 2
-2081 0
-2080 1
-2079 1
-2078 0
-2077 1
-2076 2
-2075 2
-2074 0
-2073 4
-2072 1
-2071 0
-2070 2
-2069 1
-2068 0
-2067 3
-2066 0
-2065 1
-2064 1
-2063 0
-2062 1
-2061 1
-2060 1
-2059 2
-2058 2
-2057 1
-2056 2
-2055 1
-2054 0
-2053 1
-2052 0
-2051 3
-2050 0
-2049 0
-2048 0
-2047 1
-2046 0
-2045 0
-2044 1
-2043 3
-2042 0
-2041 1
-2040 1
-2039 1
-2038 1
-2037 0
-2036 1
-2035 0
-2034 3
-2033 0
-2032 1
-2031 1
-2030 1
-2029 0
-2028 0
-2027 1
-2026 0
-2025 1
-2024 1
-2023 4
-2022 2
-2021 1
-2020 1
-2019 0
-2018 2
-2017 1
-2016 0
-2015 1
-2014 0
-2013 2
-2012 3
-2011 0
-2010 2
-2009 1
-2008 3
-2007 1
-2006 2
-2005 0
-2004 1
-2003 2
-2002 1
-2001 3
-2000 2
-1999 1
-1998 0
-1997 0
-1996 1
-1995 0
-1994 1
-1993 0
-1992 1
-1991 1
-1990 0
-1989 0
-1988 1
-1987 1
-1986 1
-1985 3
-1984 2
-1983 4
-1982 1
-1981 0
-1980 2
-1979 2
-1978 0
-1977 4
-1976 3
-1975 3
-1974 3
-1973 1
-1972 2
-1971 0
-1970 4
-1969 2
-1968 0
-1967 1
-1966 0
-1965 0
-1964 0
-1963 2
-1962 1
-1961 2
-1960 2
-1959 2
-1958 2
-1957 3
-1956 3
-1955 2
-1954 0
-1953 2
-1952 0
-1951 1
-1950 2
-1949 2
-1948 0
-1947 0
-1946 0
-1945 2
-1944 1
-1943 4
-1942 1
-1941 2
-1940 0
-1939 2
-1938 0
-1937 2
-1936 0
-1935 1
-1934 1
-1933 1
-1932 1
-1931 2
-1930 0
-1929 1
-1928 1
-1927 0
-1926 1
-1925 1
-1924 2
-1923 0
-1922 0
-1921 2
-1920 3
-1919 2
-1918 1
-1917 0
-1916 0
-1915 4
-1914 2
-1913 2
-1912 0
-1911 2
-1910 0
-1909 3
-1908 2
-1907 1
-1906 2
-1905 2
-1904 0
-1903 3
-1902 4
-1901 2
-1900 3
-1899 0
-1898 1
-1897 5
-1896 3
-1895 1
-1894 2
-1893 0
-1892 2
-1891 1
-1890 4
-1889 1
-1888 2
-1887 0
-1886 1
-1885 3
-1884 1
-1883 1
-1882 0
-1881 0
-1880 2
-1879 5
-1878 0
-1877 2
-1876 1
-1875 1
-1874 2
-1873 1
-1872 1
-1871 1
-1870 0
-1869 1
-1868 3
-1867 2
-1866 0
-1865 2
-1864 2
-1863 3
-1862 1
-1861 3
-1860 0
-1859 2
-1858 3
-1857 1
-1856 0
-1855 2
-1854 1
-1853 2
-1852 3
-1851 2
-1850 2
-1849 0
-1848 3
-1847 3
-1846 0
-1845 3
-1844 3
-1843 2
-1842 3
-1841 3
-1840 2
-1839 0
-1838 2
-1837 5
-1836 2
-1835 0
-1834 3
-1833 0
-1832 3
-1831 3
-1830 1
-1829 2
-1828 1
-1827 5
-1826 2
-1825 2
-1824 3
-1823 2
-1822 3
-1821 1
-1820 3
-1819 1
-1818 3
-1817 0
-1816 3
-1815 2
-1814 3
-1813 5
-1812 3
-1811 3
-1810 7
-1809 5
-1808 2
-1807 2
-1806 2
-1805 2
-1804 1
-1803 0
-1802 5
-1801 5
-1800 5
-1799 3
-1798 1
-1797 1
-1796 4
-1795 4
-1794 2
-1793 5
-1792 2
-1791 2
-1790 4
-1789 1
-1788 4
-1787 5
-1786 2
-1785 4
-1784 4
-1783 3
-1782 1
-1781 2
-1780 2
-1779 2
-1778 3
-1777 2
-1776 6
-1775 4
-1774 3
-1773 2
-1772 4
-1771 6
-1770 1
-1769 2
-1768 1
-1767 4
-1766 6
-1765 0
-1764 3
-1763 1
-1762 5
-1761 3
-1760 2
-1759 2
-1758 1
-1757 4
-1756 3
-1755 5
-1754 5
-1753 2
-1752 4
-1751 2
-1750 6
-1749 4
-1748 4
-1747 3
-1746 2
-1745 2
-1744 4
-1743 2
-1742 1
-1741 3
-1740 1
-1739 3
-1738 5
-1737 7
-1736 3
-1735 6
-1734 6
-1733 5
-1732 5
-1731 4
-1730 3
-1729 3
-1728 5
-1727 5
-1726 2
-1725 4
-1724 2
-1723 4
-1722 2
-1721 4
-1720 1
-1719 2
-1718 2
-1717 1
-1716 2
-1715 3
-1714 6
-1713 2
-1712 5
-1711 2
-1710 7
-1709 2
-1708 2
-1707 3
-1706 1
-1705 2
-1704 4
-1703 2
-1702 1
-1701 1
-1700 4
-1699 4
-1698 1
-1697 3
-1696 8
-1695 3
-1694 4
-1693 4
-1692 7
-1691 3
-1690 7
-1689 2
-1688 5
-1687 4
-1686 3
-1685 4
-1684 1
-1683 3
-1682 9
-1681 3
-1680 7
-1679 3
-1678 9
-1677 2
-1676 3
-1675 4
-1674 4
-1673 2
-1672 4
-1671 10
-1670 9
-1669 4
-1668 3
-1667 8
-1666 3
-1665 7
-1664 7
-1663 4
-1662 0
-1661 3
-1660 5
-1659 9
-1658 7
-1657 6
-1656 9
-1655 5
-1654 6
-1653 11
-1652 7
-1651 2
-1650 4
-1649 5
-1648 1
-1647 5
-1646 3
-1645 3
-1644 2
-1643 2
-1642 6
-1641 6
-1640 7
-1639 5
-1638 4
-1637 7
-1636 5
-1635 5
-1634 5
-1633 3
-1632 5
-1631 5
-1630 4
-1629 6
-1628 4
-1627 7
-1626 3
-1625 5
-1624 10
-1623 2
-1622 8
-1621 4
-1620 10
-1619 7
-1618 2
-1617 7
-1616 5
-1615 6
-1614 7
-1613 9
-1612 4
-1611 6
-1610 8
-1609 5
-1608 7
-1607 7
-1606 7
-1605 9
-1604 5
-1603 8
-1602 6
-1601 8
-1600 4
-1599 12
-1598 6
-1597 10
-1596 8
-1595 4
-1594 6
-1593 9
-1592 10
-1591 7
-1590 7
-1589 7
-1588 9
-1587 5
-1586 8
-1585 10
-1584 7
-1583 6
-1582 8
-1581 9
-1580 8
-1579 10
-1578 6
-1577 5
-1576 7
-1575 5
-1574 5
-1573 7
-1572 10
-1571 6
-1570 2
-1569 4
-1568 8
-1567 14
-1566 9
-1565 3
-1564 7
-1563 8
-1562 4
-1561 14
-1560 9
-1559 7
-1558 7
-1557 8
-1556 7
-1555 8
-1554 5
-1553 8
-1552 6
-1551 2
-1550 10
-1549 7
-1548 10
-1547 5
-1546 6
-1545 7
-1544 8
-1543 10
-1542 15
-1541 6
-1540 13
-1539 13
-1538 4
-1537 8
-1536 2
-1535 9
-1534 6
-1533 8
-1532 6
-1531 10
-1530 5
-1529 7
-1528 6
-1527 5
-1526 9
-1525 13
-1524 9
-1523 7
-1522 4
-1521 12
-1520 11
-1519 9
-1518 8
-1517 14
-1516 5
-1515 6
-1514 9
-1513 8
-1512 10
-1511 10
-1510 10
-1509 16
-1508 11
-1507 9
-1506 7
-1505 7
-1504 10
-1503 8
-1502 10
-1501 10
-1500 12
-1499 13
-1498 10
-1497 4
-1496 5
-1495 8
-1494 10
-1493 14
-1492 8
-1491 14
-1490 16
-1489 11
-1488 10
-1487 10
-1486 5
-1485 12
-1484 9
-1483 15
-1482 5
-1481 11
-1480 7
-1479 13
-1478 16
-1477 10
-1476 9
-1475 5
-1474 8
-1473 13
-1472 9
-1471 18
-1470 12
-1469 16
-1468 12
-1467 8
-1466 14
-1465 10
-1464 11
-1463 16
-1462 14
-1461 8
-1460 12
-1459 10
-1458 14
-1457 13
-1456 14
-1455 7
-1454 6
-1453 16
-1452 8
-1451 17
-1450 13
-1449 14
-1448 19
-1447 24
-1446 19
-1445 7
-1444 16
-1443 12
-1442 12
-1441 16
-1440 13
-1439 17
-1438 9
-1437 13
-1436 14
-1435 13
-1434 16
-1433 16
-1432 11
-1431 8
-1430 17
-1429 16
-1428 14
-1427 15
-1426 18
-1425 15
-1424 13
-1423 16
-1422 17
-1421 15
-1420 20
-1419 17
-1418 19
-1417 16
-1416 11
-1415 11
-1414 18
-1413 15
-1412 26
-1411 15
-1410 23
-1409 9
-1408 15
-1407 18
-1406 16
-1405 23
-1404 13
-1403 14
-1402 11
-1401 15
-1400 17
-1399 14
-1398 15
-1397 19
-1396 11
-1395 14
-1394 20
-1393 13
-1392 13
-1391 21
-1390 16
-1389 24
-1388 16
-1387 14
-1386 16
-1385 9
-1384 10
-1383 20
-1382 17
-1381 17
-1380 12
-1379 12
-1378 15
-1377 19
-1376 16
-1375 18
-1374 17
-1373 23
-1372 24
-1371 15
-1370 11
-1369 24
-1368 18
-1367 13
-1366 19
-1365 12
-1364 19
-1363 22
-1362 24
-1361 24
-1360 15
-1359 24
-1358 21
-1357 30
-1356 24
-1355 31
-1354 19
-1353 17
-1352 21
-1351 16
-1350 29
-1349 25
-1348 16
-1347 27
-1346 22
-1345 20
-1344 22
-1343 16
-1342 20
-1341 25
-1340 27
-1339 29
-1338 21
-1337 23
-1336 21
-1335 18
-1334 23
-1333 26
-1332 23
-1331 23
-1330 29
-1329 26
-1328 30
-1327 25
-1326 21
-1325 20
-1324 26
-1323 21
-1322 19
-1321 31
-1320 26
-1319 23
-1318 19
-1317 28
-1316 20
-1315 25
-1314 34
-1313 23
-1312 20
-1311 27
-1310 19
-1309 25
-1308 30
-1307 30
-1306 20
-1305 36
-1304 29
-1303 32
-1302 25
-1301 28
-1300 21
-1299 27
-1298 30
-1297 38
-1296 33
-1295 25
-1294 30
-1293 33
-1292 29
-1291 30
-1290 24
-1289 34
-1288 26
-1287 27
-1286 23
-1285 29
-1284 25
-1283 34
-1282 20
-1281 24
-1280 32
-1279 40
-1278 26
-1277 25
-1276 25
-1275 37
-1274 34
-1273 40
-1272 34
-1271 32
-1270 33
-1269 33
-1268 31
-1267 28
-1266 32
-1265 37
-1264 32
-1263 32
-1262 30
-1261 30
-1260 30
-1259 34
-1258 33
-1257 39
-1256 24
-1255 40
-1254 32
-1253 26
-1252 32
-1251 46
-1250 32
-1249 51
-1248 26
-1247 42
-1246 36
-1245 35
-1244 34
-1243 28
-1242 32
-1241 27
-1240 51
-1239 37
-1238 39
-1237 37
-1236 44
-1235 48
-1234 29
-1233 40
-1232 34
-1231 32
-1230 31
-1229 38
-1228 40
-1227 37
-1226 45
-1225 44
-1224 52
-1223 47
-1222 28
-1221 42
-1220 40
-1219 50
-1218 39
-1217 34
-1216 49
-1215 45
-1214 47
-1213 33
-1212 38
-1211 49
-1210 38
-1209 37
-1208 47
-1207 31
-1206 47
-1205 40
-1204 43
-1203 42
-1202 56
-1201 29
-1200 34
-1199 32
-1198 43
-1197 55
-1196 43
-1195 52
-1194 47
-1193 46
-1192 39
-1191 40
-1190 43
-1189 38
-1188 53
-1187 40
-1186 44
-1185 44
-1184 58
-1183 37
-1182 38
-1181 51
-1180 37
-1179 44
-1178 33
-1177 57
-1176 49
-1175 52
-1174 52
-1173 40
-1172 50
-1171 51
-1170 61
-1169 60
-1168 55
-1167 55
-1166 66
-1165 57
-1164 55
-1163 63
-1162 64
-1161 74
-1160 70
-1159 48
-1158 63
-1157 52
-1156 45
-1155 52
-1154 56
-1153 53
-1152 68
-1151 45
-1150 47
-1149 54
-1148 58
-1147 41
-1146 54
-1145 65
-1144 55
-1143 58
-1142 59
-1141 39
-1140 44
-1139 66
-1138 62
-1137 59
-1136 55
-1135 65
-1134 54
-1133 66
-1132 71
-1131 49
-1130 72
-1129 55
-1128 60
-1127 51
-1126 54
-1125 59
-1124 58
-1123 57
-1122 57
-1121 58
-1120 78
-1119 58
-1118 52
-1117 68
-1116 56
-1115 61
-1114 56
-1113 61
-1112 75
-1111 72
-1110 69
-1109 54
-1108 74
-1107 58
-1106 66
-1105 67
-1104 69
-1103 61
-1102 55
-1101 87
-1100 84
-1099 73
-1098 80
-1097 87
-1096 60
-1095 80
-1094 65
-1093 87
-1092 82
-1091 70
-1090 71
-1089 73
-1088 83
-1087 78
-1086 68
-1085 73
-1084 73
-1083 79
-1082 70
-1081 81
-1080 67
-1079 79
-1078 83
-1077 87
-1076 86
-1075 97
-1074 95
-1073 69
-1072 77
-1071 75
-1070 73
-1069 73
-1068 83
-1067 89
-1066 90
-1065 81
-1064 73
-1063 90
-1062 92
-1061 100
-1060 82
-1059 78
-1058 103
-1057 97
-1056 90
-1055 84
-1054 94
-1053 97
-1052 91
-1051 99
-1050 86
-1049 105
-1048 81
-1047 82
-1046 93
-1045 88
-1044 89
-1043 97
-1042 85
-1041 81
-1040 98
-1039 96
-1038 108
-1037 87
-1036 87
-1035 111
-1034 86
-1033 91
-1032 106
-1031 119
-1030 94
-1029 113
-1028 89
-1027 103
-1026 109
-1025 94
-1024 91
-1023 96
-1022 99
-1021 104
-1020 121
-1019 115
-1018 104
-1017 108
-1016 100
-1015 101
-1014 110
-1013 113
-1012 130
-1011 102
-1010 102
-1009 117
-1008 121
-1007 102
-1006 115
-1005 105
-1004 105
-1003 121
-1002 125
-1001 111
-1000 128
-999 104
-998 117
-997 117
-996 131
-995 124
-994 122
-993 130
-992 113
-991 147
-990 141
-989 134
-988 126
-987 131
-986 115
-985 125
-984 135
-983 117
-982 100
-981 131
-980 135
-979 132
-978 126
-977 123
-976 112
-975 142
-974 133
-973 148
-972 129
-971 114
-970 132
-969 130
-968 155
-967 144
-966 134
-965 122
-964 141
-963 153
-962 157
-961 152
-960 141
-959 157
-958 161
-957 134
-956 180
-955 137
-954 144
-953 130
-952 139
-951 130
-950 140
-949 147
-948 146
-947 162
-946 155
-945 171
-944 150
-943 159
-942 176
-941 170
-940 132
-939 164
-938 167
-937 162
-936 179
-935 149
-934 159
-933 167
-932 168
-931 156
-930 185
-929 178
-928 173
-927 167
-926 172
-925 163
-924 193
-923 179
-922 192
-921 188
-920 166
-919 177
-918 146
-917 205
-916 187
-915 162
-914 201
-913 197
-912 171
-911 178
-910 188
-909 209
-908 167
-907 184
-906 210
-905 185
-904 194
-903 193
-902 200
-901 214
-900 180
-899 183
-898 216
-897 177
-896 208
-895 199
-894 200
-893 217
-892 224
-891 195
-890 204
-889 210
-888 216
-887 195
-886 227
-885 219
-884 211
-883 231
-882 210
-881 199
-880 234
-879 213
-878 212
-877 236
-876 240
-875 256
-874 244
-873 228
-872 244
-871 215
-870 241
-869 248
-868 253
-867 247
-866 241
-865 259
-864 231
-863 249
-862 243
-861 274
-860 260
-859 265
-858 245
-857 231
-856 241
-855 245
-854 245
-853 267
-852 287
-851 252
-850 252
-849 254
-848 275
-847 306
-846 274
-845 251
-844 294
-843 289
-842 268
-841 262
-840 273
-839 288
-838 258
-837 303
-836 270
-835 294
-834 283
-833 262
-832 283
-831 277
-830 314
-829 292
-828 286
-827 290
-826 284
-825 349
-824 317
-823 307
-822 293
-821 307
-820 316
-819 275
-818 327
-817 293
-816 305
-815 306
-814 300
-813 331
-812 327
-811 324
-810 322
-809 319
-808 323
-807 301
-806 351
-805 310
-804 345
-803 346
-802 360
-801 347
-800 332
-799 343
-798 344
-797 331
-796 393
-795 341
-794 371
-793 316
-792 378
-791 324
-790 347
-789 364
-788 364
-787 353
-786 348
-785 384
-784 389
-783 354
-782 371
-781 364
-780 374
-779 401
-778 342
-777 362
-776 425
-775 371
-774 390
-773 395
-772 399
-771 391
-770 398
-769 409
-768 417
-767 387
-766 400
-765 407
-764 440
-763 442
-762 448
-761 430
-760 418
-759 429
-758 417
-757 482
-756 404
-755 433
-754 414
-753 462
-752 463
-751 461
-750 445
-749 420
-748 440
-747 436
-746 458
-745 436
-744 447
-743 458
-742 498
-741 484
-740 491
-739 462
-738 461
-737 506
-736 472
-735 475
-734 479
-733 476
-732 495
-731 494
-730 518
-729 487
-728 508
-727 507
-726 511
-725 501
-724 522
-723 509
-722 532
-721 535
-720 521
-719 543
-718 542
-717 524
-716 521
-715 530
-714 558
-713 543
-712 538
-711 556
-710 577
-709 561
-708 608
-707 580
-706 568
-705 573
-704 635
-703 597
-702 600
-701 610
-700 591
-699 605
-698 582
-697 559
-696 612
-695 653
-694 587
-693 588
-692 593
-691 605
-690 624
-689 636
-688 661
-687 630
-686 655
-685 570
-684 622
-683 631
-682 667
-681 696
-680 654
-679 680
-678 653
-677 681
-676 690
-675 696
-674 697
-673 676
-672 688
-671 706
-670 693
-669 652
-668 714
-667 743
-666 726
-665 785
-664 773
-663 715
-662 734
-661 763
-660 760
-659 762
-658 744
-657 776
-656 770
-655 751
-654 814
-653 788
-652 778
-651 826
-650 819
-649 783
-648 800
-647 807
-646 827
-645 830
-644 805
-643 899
-642 849
-641 828
-640 893
-639 882
-638 849
-637 862
-636 913
-635 885
-634 838
-633 923
-632 881
-631 895
-630 906
-629 901
-628 848
-627 901
-626 939
-625 928
-624 936
-623 916
-622 938
-621 1026
-620 949
-619 937
-618 978
-617 998
-616 1012
-615 986
-614 961
-613 994
-612 1032
-611 976
-610 1067
-609 999
-608 971
-607 982
-606 1004
-605 1036
-604 1006
-603 1054
-602 1076
-601 1046
-600 1051
-599 1088
-598 1081
-597 1095
-596 1067
-595 1120
-594 1098
-593 1101
-592 1066
-591 1144
-590 1145
-589 1168
-588 1135
-587 1157
-586 1114
-585 1161
-584 1160
-583 1160
-582 1197
-581 1189
-580 1210
-579 1199
-578 1161
-577 1254
-576 1210
-575 1210
-574 1264
-573 1250
-572 1300
-571 1295
-570 1321
-569 1269
-568 1358
-567 1259
-566 1344
-565 1364
-564 1286
-563 1360
-562 1375
-561 1343
-560 1380
-559 1372
-558 1478
-557 1337
-556 1365
-555 1421
-554 1425
-553 1429
-552 1467
-551 1456
-550 1425
-549 1423
-548 1432
-547 1517
-546 1482
-545 1483
-544 1546
-543 1477
-542 1452
-541 1545
-540 1487
-539 1496
-538 1564
-537 1499
-536 1606
-535 1616
-534 1647
-533 1588
-532 1607
-531 1651
-530 1619
-529 1653
-528 1691
-527 1672
-526 1686
-525 1716
-524 1705
-523 1674
-522 1723
-521 1753
-520 1652
-519 1681
-518 1815
-517 1713
-516 1821
-515 1927
-514 1793
-513 1848
-512 1836
-511 1866
-510 1887
-509 1884
-508 1904
-507 1913
-506 1876
-505 2031
-504 2059
-503 1896
-502 2007
-501 2008
-500 2039
-499 2007
-498 2067
-497 2044
-496 2167
-495 1988
-494 2013
-493 2168
-492 2090
-491 2148
-490 2136
-489 2140
-488 2173
-487 2182
-486 2152
-485 2219
-484 2220
-483 2279
-482 2167
-481 2165
-480 2235
-479 2319
-478 2383
-477 2347
-476 2323
-475 2455
-474 2261
-473 2453
-472 2452
-471 2442
-470 2477
-469 2409
-468 2490
-467 2449
-466 2496
-465 2564
-464 2511
-463 2488
-462 2558
-461 2614
-460 2702
-459 2635
-458 2641
-457 2680
-456 2690
-455 2631
-454 2750
-453 2834
-452 2741
-451 2793
-450 2761
-449 2782
-448 2785
-447 2835
-446 2860
-445 2867
-444 2892
-443 2941
-442 2933
-441 2959
-440 2887
-439 2936
-438 3044
-437 3030
-436 3128
-435 3120
-434 3169
-433 3160
-432 3197
-431 3176
-430 3169
-429 3244
-428 3172
-427 3280
-426 3317
-425 3315
-424 3285
-423 3387
-422 3393
-421 3349
-420 3409
-419 3434
-418 3514
-417 3579
-416 3456
-415 3509
-414 3682
-413 3651
-412 3570
-411 3681
-410 3705
-409 3654
-408 3776
-407 3702
-406 3756
-405 3805
-404 3965
-403 3838
-402 3792
-401 3988
-400 3850
-399 3952
-398 4025
-397 4053
-396 4096
-395 4110
-394 4172
-393 4272
-392 4070
-391 4190
-390 4270
-389 4264
-388 4385
-387 4473
-386 4333
-385 4478
-384 4447
-383 4598
-382 4598
-381 4581
-380 4504
-379 4743
-378 4814
-377 4656
-376 4774
-375 4757
-374 4901
-373 4834
-372 4858
-371 4895
-370 4920
-369 5024
-368 5060
-367 5082
-366 5044
-365 5121
-364 5195
-363 5232
-362 5217
-361 5331
-360 5332
-359 5370
-358 5433
-357 5485
-356 5496
-355 5606
-354 5607
-353 5578
-352 5728
-351 5805
-350 5654
-349 5791
-348 5853
-347 5869
-346 5871
-345 5995
-344 6076
-343 6027
-342 6206
-341 6155
-340 6195
-339 6070
-338 6277
-337 6340
-336 6447
-335 6446
-334 6548
-333 6603
-332 6489
-331 6590
-330 6700
-329 6703
-328 6710
-327 6809
-326 6736
-325 6852
-324 6992
-323 7234
-322 7277
-321 7125
-320 7230
-319 7254
-318 7329
-317 7356
-316 7408
-315 7753
-314 7713
-313 7828
-312 7633
-311 7855
-310 7873
-309 7942
-308 7930
-307 8029
-306 8142
-305 8226
-304 8310
-303 8110
-302 8397
-301 8614
-300 8523
-299 8324
-298 8724
-297 8736
-296 8715
-295 8779
-294 8950
-293 9150
-292 9260
-291 9155
-290 9123
-289 9338
-288 9504
-287 9583
-286 9499
-285 9604
-284 9779
-283 9837
-282 9944
-281 9831
-280 10124
-279 10153
-278 10338
-277 10568
-276 10407
-275 10548
-274 10383
-273 10732
-272 10785
-271 11138
-270 11018
-269 10978
-268 11338
-267 11269
-266 11502
-265 11452
-264 11652
-263 11664
-262 11848
-261 12027
-260 11859
-259 12050
-258 12425
-257 12421
-256 12509
-255 12705
-254 12643
-253 12823
-252 12699
-251 13083
-250 13169
-249 13335
-248 13416
-247 13432
-246 13360
-245 13906
-244 13950
-243 13798
-242 14253
-241 14416
-240 14400
-239 14623
-238 14800
-237 14897
-236 15328
-235 15266
-234 15144
-233 15381
-232 15730
-231 15782
-230 16195
-229 16028
-228 16237
-227 16554
-226 16626
-225 16796
-224 17025
-223 16991
-222 17054
-221 17286
-220 17323
-219 17774
-218 17964
-217 18118
-216 18217
-215 18358
-214 18467
-213 19068
-212 19054
-211 19178
-210 19421
-209 19465
-208 19851
-207 20010
-206 20099
-205 20290
-204 20709
-203 20792
-202 21279
-201 21161
-200 21311
-199 21510
-198 22091
-197 22233
-196 22327
-195 22714
-194 22874
-193 23297
-192 23138
-191 23791
-190 23649
-189 24217
-188 24259
-187 24851
-186 25100
-185 25280
-184 25516
-183 25814
-182 26222
-181 26674
-180 27143
-179 26951
-178 27444
-177 27588
-176 28063
-175 28100
-174 28634
-173 29065
-172 29231
-171 30073
-170 30061
-169 30219
-168 30800
-167 31132
-166 31414
-165 31509
-164 32312
-163 32633
-162 33258
-161 33430
-160 34016
-159 34150
-158 34837
-157 35053
-156 35386
-155 35807
-154 36564
-153 36620
-152 37031
-151 37866
-150 38767
-149 38953
-148 39661
-147 39557
-146 40722
-145 40993
-144 41432
-143 41994
-142 42696
-141 43383
-140 43807
-139 44269
-138 44976
-137 45359
-136 46023
-135 46573
-134 47576
-133 48189
-132 48730
-131 49790
-130 50378
-129 51213
-128 51727
-127 52071
-126 53112
-125 54458
-124 54730
-123 55636
-122 56315
-121 57603
-120 58280
-119 58914
-118 59697
-117 61227
-116 62084
-115 63469
-114 63534
-113 64320
-112 65776
-111 66676
-110 68164
-109 69035
-108 70250
-107 71409
-106 72493
-105 73676
-104 75145
-103 76120
-102 78250
-101 79190
-100 80090
-99 81954
-98 83578
-97 84739
-96 86420
-95 88334
-94 89530
-93 90990
-92 93043
-91 94460
-90 96699
-89 98322
-88 99895
-87 102000
-86 104011
-85 106246
-84 108165
-83 110401
-82 113074
-81 115345
-80 117476
-79 119828
-78 123126
-77 125621
-76 127897
-75 131352
-74 134081
-73 136711
-72 140785
-71 143057
-70 146403
-69 150348
-68 154041
-67 157111
-66 162154
-65 165400
-64 169980
-63 174694
-62 179222
-61 183793
-60 188326
-59 193118
-58 198907
-57 204763
-56 210137
-55 216399
-54 222615
-53 229704
-52 236243
-51 243052
-50 252478
-49 260143
-48 268514
-47 277618
-46 287789
-45 296799
-44 307353
-43 319085
-42 330374
-41 343016
-40 357455
-39 370148
-38 385491
-37 401772
-36 419765
-35 439557
-34 458006
-33 480492
-32 503350
-31 527716
-30 555426
-29 584793
-28 616903
-27 652263
-26 689463
-25 732334
-24 779677
-23 830673
-22 890182
-21 953395
-20 1028773
-19 1112807
-18 1206692
-17 1317690
-16 1445264
-15 1595708
-14 1771395
-13 1985766
-12 2247165
-11 2566904
-10 2979377
-9 3514414
-8 4233598
-7 5252655
-6 6755489
-5 9181924
-4 13599988
-3 23622165
-2 59036734
-1 448759895
0 0
1 468397600
2 45660645
3 19964461
4 12402735
5 8648842
6 6477454
7 5090048
8 4134353
9 3446038
10 2928897
11 2532835
12 2220070
13 1965408
14 1757508
15 1582312
16 1433566
17 1307702
18 1200394
19 1104991
20 1021447
21 949763
22 886346
23 827533
24 776950
25 730148
26 687162
27 649618
28 614776
29 582531
30 553813
31 526361
32 501857
33 478082
34 456526
35 437640
36 418585
37 400334
38 385678
39 370366
40 356472
41 343499
42 329749
43 318462
44 307053
45 296086
46 286615
47 276659
48 268053
49 259122
50 250868
51 243864
52 235787
53 229253
54 222877
55 216484
56 209049
57 204277
58 199103
59 193245
60 188550
61 182799
62 178890
63 173468
64 169747
65 165027
66 161780
67 157004
68 153725
69 149446
70 146848
71 143074
72 140365
73 137256
74 133659
75 131146
76 127937
77 125194
78 122890
79 119871
80 117635
81 114761
82 112726
83 110697
84 108345
85 106217
86 104205
87 102203
88 100255
89 98511
90 95894
91 94720
92 92568
93 91471
94 89217
95 87977
96 86212
97 84345
98 83214
99 81671
100 80384
101 79152
102 77766
103 76320
104 75071
105 74009
106 72949
107 71435
108 70532
109 68912
110 67854
111 66343
112 66007
113 64713
114 63426
115 62894
116 61562
117 60988
118 59590
119 59361
120 57937
121 57111
122 56043
123 55541
124 54699
125 54129
126 53336
127 52269
128 51602
129 51133
130 50386
131 49112
132 49072
133 47951
134 47650
135 46867
136 46166
137 45556
138 44783
139 44250
140 43876
141 43430
142 42539
143 41885
144 41525
145 41071
146 40301
147 40019
148 39370
149 38923
150 37801
151 37881
152 37060
153 36954
154 36691
155 35606
156 35242
157 35441
158 34622
159 34289
160 34110
161 33391
162 33409
163 32577
164 32272
165 31755
166 31606
167 31416
168 30638
169 30545
170 29854
171 29530
172 29253
173 29152
174 28832
175 28303
176 27938
177 27640
178 27288
179 27077
180 26700
181 26563
182 26218
183 25554
184 25403
185 25384
186 24948
187 24561
188 24314
189 24082
190 23656
191 23559
192 23220
193 23295
194 22709
195 22478
196 22447
197 22110
198 21912
199 21735
200 21530
201 21360
202 20962
203 20817
204 20726
205 20668
206 20289
207 20226
208 19777
209 19365
210 19138
211 19258
212 18984
213 18792
214 18478
215 18083
216 18344
217 18078
218 17742
219 17928
220 17488
221 17433
222 17312
223 17034
224 17074
225 16640
226 16135
227 16479
228 16219
229 16115
230 16019
231 15635
232 15857
233 15504
234 15322
235 15220
236 15028
237 14919
238 14880
239 14417
240 14554
241 14355
242 14161
243 13942
244 14213
245 13568
246 13594
247 13520
248 13394
249 13390
250 13175
251 13036
252 12844
253 12868
254 12734
255 12531
256 12403
257 12295
258 12038
259 12111
260 11908
261 11967
262 11895
263 11758
264 11566
265 11669
266 11348
267 11382
268 11052
269 11041
270 11029
271 10815
272 10586
273 10703
274 10458
275 10602
276 10553
277 10483
278 10251
279 10107
280 10004
281 10061
282 10064
283 9665
284 9747
285 9626
286 9479
287 9464
288 9384
289 9307
290 9248
291 9155
292 9057
293 9069
294 9100
295 8905
296 8868
297 8796
298 8745
299 8609
300 8550
301 8514
302 8382
303 8369
304 8217
305 8107
306 8299
307 8128
308 8015
309 7839
310 7855
311 7830
312 7745
313 7618
314 7570
315 7616
316 7494
317 7442
318 7302
319 7344
320 7207
321 7115
322 7181
323 7001
324 6997
325 6796
326 6962
327 6979
328 6666
329 6822
330 6535
331 6545
332 6556
333 6526
334 6567
335 6445
336 6385
337 6392
338 6292
339 6356
340 6234
341 6223
342 6157
343 6300
344 5964
345 5864
346 5835
347 5850
348 5899
349 5875
350 5880
351 5552
352 5713
353 5613
354 5569
355 5658
356 5386
357 5376
358 5448
359 5298
360 5332
361 5166
362 5313
363 5224
364 5192
365 5331
366 5144
367 5155
368 4914
369 4990
370 5093
371 4838
372 4782
373 4735
374 4773
375 4647
376 4843
377 4700
378 4585
379 4635
380 4692
381 4615
382 4443
383 4466
384 4467
385 4422
386 4247
387 4522
388 4207
389 4360
390 4163
391 4183
392 4250
393 4133
394 4056
395 4087
396 4032
397 3995
398 4045
399 3871
400 3903
401 3908
402 3913
403 3928
404 3848
405 3816
406 3762
407 3743
408 3768
409 3626
410 3748
411 3681
412 3579
413 3673
414 3504
415 3601
416 3483
417 3472
418 3608
419 3511
420 3501
421 3332
422 3371
423 3343
424 3344
425 3259
426 3356
427 3199
428 3223
429 3234
430 3189
431 3157
432 3242
433 3136
434 3081
435 3103
436 3080
437 3093
438 3042
439 3043
440 2879
441 3009
442 3084
443 2832
444 2796
445 2941
446 2846
447 2868
448 2743
449 2838
450 2774
451 2744
452 2719
453 2666
454 2750
455 2719
456 2674
457 2651
458 2702
459 2577
460 2578
461 2546
462 2564
463 2523
464 2572
465 2498
466 2490
467 2423
468 2515
469 2415
470 2468
471 2415
472 2351
473 2376
474 2348
475 2346
476 2368
477 2298
478 2306
479 2343
480 2199
481 2246
482 2217
483 2246
484 2231
485 2167
486 2260
487 2216
488 2180
489 2154
490 2075
491 2056
492 2206
493 2061
494 2009
495 2118
496 2007
497 2089
498 1973
499 2025
500 2043
501 2071
502 1995
503 1889
504 1966
505 1908
506 1893
507 1913
508 1907
509 1904
510 1814
511 1874
512 1916
513 1771
514 1836
515 1839
516 1790
517 1793
518 1775
519 1751
520 1748
521 1721
522 1689
523 1792
524 1714
525 1710
526 1722
527 1671
528 1692
529 1602
530 1698
531 1594
532 1680
533 1635
534 1628
535 1587
536 1586
537 1590
538 1653
539 1578
540 1508
541 1534
542 1486
543 1565
544 1518
545 1537
546 1443
547 1533
548 1527
549 1452
550 1502
551 1376
552 1411
553 1504
554 1439
555 1323
556 1444
557 1371
558 1454
559 1333
560 1366
561 1319
562 1295
563 1391
564 1364
565 1359
566 1264
567 1263
568 1329
569 1287
570 1275
571 1265
572 1209
573 1326
574 1269
575 1267
576 1217
577 1217
578 1264
579 1141
580 1188
581 1204
582 1202
583 1218
584 1139
585 1206
586 1228
587 1105
588 1143
589 1121
590 1091
591 1108
592 1167
593 1154
594 1089
595 1039
596 1120
597 1117
598 1040
599 1087
600 1013
601 1146
602 1016
603 1054
604 1051
605 1000
606 1018
607 1035
608 1016
609 1034
610 1016
611 1046
612 1039
613 1020
614 1025
615 953
616 973
617 971
618 979
619 934
620 906
621 915
622 1047
623 988
624 875
625 888
626 960
627 924
628 930
629 935
630 840
631 927
632 866
633 846
634 888
635 860
636 910
637 854
638 837
639 827
640 843
641 913
642 839
643 847
644 840
645 827
646 801
647 762
648 869
649 757
650 749
651 793
652 792
653 808
654 781
655 806
656 767
657 739
658 735
659 758
660 695
661 740
662 708
663 789
664 778
665 693
666 719
667 758
668 701
669 705
670 720
671 723
672 684
673 689
674 679
675 676
676 668
677 734
678 677
679 618
680 654
681 637
682 700
683 688
684 601
685 606
686 659
687 602
688 589
689 645
690 643
691 603
692 603
693 591
694 631
695 588
696 586
697 606
698 608
699 595
700 580
701 518
702 586
703 534
704 554
705 581
706 551
707 573
708 537
709 584
710 575
711 562
712 542
713 596
714 539
715 520
716 539
717 535
718 575
719 530
720 542
721 527
722 512
723 550
724 485
725 510
726 503
727 489
728 487
729 504
730 520
731 506
732 515
733 488
734 504
735 468
736 443
737 494
738 494
739 506
740 535
741 449
742 451
743 482
744 466
745 465
746 467
747 479
748 465
749 451
750 425
751 474
752 446
753 454
754 432
755 400
756 463
757 444
758 440
759 470
760 405
761 394
762 450
763 423
764 449
765 431
766 441
767 399
768 427
769 387
770 442
771 411
772 380
773 398
774 408
775 429
776 396
777 376
778 397
779 378
780 368
781 405
782 374
783 374
784 359
785 322
786 405
787 358
788 350
789 385
790 349
791 354
792 332
793 330
794 344
795 350
796 342
797 380
798 326
799 341
800 357
801 319
802 331
803 335
804 330
805 344
806 344
807 315
808 308
809 338
810 285
811 317
812 327
813 330
814 286
815 300
816 315
817 280
818 288
819 297
820 302
821 331
822 294
823 304
824 315
825 301
826 285
827 277
828 289
829 274
830 289
831 303
832 264
833 290
834 263
835 287
836 280
837 305
838 310
839 285
840 273
841 266
842 269
843 236
844 282
845 254
846 264
847 256
848 256
849 263
850 257
851 274
852 247
853 218
854 249
855 249
856 237
857 206
858 247
859 241
860 244
861 261
862 258
863 232
864 223
865 223
866 228
867 241
868 258
869 206
870 227
871 222
872 243
873 234
874 204
875 243
876 227
877 209
878 228
879 239
880 231
881 206
882 205
883 221
884 234
885 224
886 217
887 226
888 225
889 211
890 226
891 203
892 199
893 179
894 195
895 202
896 203
897 218
898 185
899 216
900 206
901 198
902 210
903 214
904 193
905 186
906 172
907 199
908 171
909 187
910 195
911 178
912 180
913 195
914 191
915 198
916 191
917 169
918 195
919 170
920 176
921 171
922 161
923 179
924 184
925 181
926 172
927 169
928 176
929 173
930 155
931 191
932 166
933 168
934 157
935 147
936 179
937 153
938 187
939 184
940 159
941 172
942 150
943 164
944 164
945 150
946 150
947 165
948 135
949 150
950 193
951 166
952 146
953 160
954 147
955 136
956 160
957 165
958 141
959 160
960 158
961 134
962 136
963 153
964 165
965 147
966 119
967 137
968 143
969 137
970 154
971 146
972 121
973 158
974 131
975 135
976 119
977 139
978 147
979 123
980 128
981 122
982 118
983 124
984 112
985 133
986 125
987 113
988 136
989 116
990 113
991 117
992 142
993 110
994 130
995 120
996 112
997 114
998 107
999 131
1000 117
1001 124
1002 116
1003 132
1004 113
1005 115
1006 127
1007 99
1008 114
1009 106
1010 112
1011 105
1012 94
1013 107
1014 102
1015 106
1016 128
1017 110
1018 104
1019 106
1020 100
1021 107
1022 112
1023 93
1024 116
1025 104
1026 115
1027 100
1028 87
1029 104
1030 96
1031 104
1032 102
1033 103
1034 103
1035 109
1036 91
1037 93
1038 98
1039 110
1040 91
1041 89
1042 109
1043 115
1044 96
1045 99
1046 94
1047 90
1048 93
1049 94
1050 91
1051 76
1052 80
1053 104
1054 98
1055 91
1056 81
1057 82
1058 90
1059 71
1060 90
1061 75
1062 83
1063 92
1064 85
1065 83
1066 67
1067 98
1068 88
1069 66
1070 75
1071 94
1072 84
1073 68
1074 85
1075 77
1076 78
1077 90
1078 79
1079 81
1080 83
1081 77
1082 81
1083 64
1084 94
1085 76
1086 76
1087 80
1088 83
1089 73
1090 86
1091 67
1092 78
1093 74
1094 79
1095 61
1096 83
1097 57
1098 59
1099 87
1100 59
1101 61
1102 60
1103 71
1104 57
1105 58
1106 59
1107 69
1108 67
1109 84
1110 75
1111 75
1112 68
1113 73
1114 71
1115 68
1116 60
1117 69
1118 69
1119 59
1120 60
1121 57
1122 46
1123 61
1124 51
1125 64
1126 70
1127 69
1128 60
1129 63
1130 65
1131 57
1132 58
1133 53
1134 58
1135 56
1136 56
1137 60
1138 65
1139 61
1140 70
1141 55
1142 69
1143 56
1144 63
1145 43
1146 62
1147 65
1148 58
1149 53
1150 50
1151 48
1152 49
1153 63
1154 64
1155 49
1156 46
1157 64
1158 48
1159 56
1160 52
1161 56
1162 54
1163 43
1164 51
1165 66
1166 50
1167 46
1168 48
1169 46
1170 46
1171 52
1172 43
1173 62
1174 41
1175 48
1176 55
1177 34
1178 49
1179 50
1180 43
1181 37
1182 50
1183 43
1184 52
1185 59
1186 54
1187 53
1188 43
1189 55
1190 52
1191 51
1192 49
1193 48
1194 55
1195 35
1196 40
1197 41
1198 40
1199 27
1200 46
1201 42
1202 38
1203 42
1204 37
1205 52
1206 36
1207 47
1208 40
1209 30
1210 37
1211 40
1212 29
1213 24
1214 39
1215 38
1216 47
1217 50
1218 44
1219 42
1220 24
1221 45
1222 57
1223 35
1224 46
1225 43
1226 40
1227 41
1228 44
1229 39
1230 36
1231 38
1232 36
1233 40
1234 37
1235 30
1236 36
1237 39
1238 48
1239 32
1240 37
1241 33
1242 26
1243 41
1244 48
1245 44
1246 41
1247 35
1248 24
1249 37
1250 28
1251 32
1252 33
1253 36
1254 39
1255 31
1256 36
1257 38
1258 28
1259 39
1260 32
1261 43
1262 31
1263 25
1264 43
1265 26
1266 22
1267 27
1268 32
1269 25
1270 30
1271 31
1272 28
1273 35
1274 27
1275 26
1276 31
1277 25
1278 22
1279 16
1280 32
1281 28
1282 23
1283 23
1284 30
1285 23
1286 27
1287 25
1288 26
1289 34
1290 20
1291 29
1292 23
1293 25
1294 39
1295 25
1296 23
1297 24
1298 22
1299 23
1300 27
1301 23
1302 25
1303 41
1304 27
1305 25
1306 29
1307 33
1308 28
1309 27
1310 23
1311 32
1312 17
1313 26
1314 27
1315 27
1316 24
1317 31
1318 18
1319 31
1320 19
1321 25
1322 18
1323 24
1324 28
1325 17
1326 28
1327 24
1328 25
1329 22
1330 21
1331 22
1332 33
1333 21
1334 23
1335 23
1336 21
1337 20
1338 17
1339 22
1340 25
1341 26
1342 18
1343 25
1344 16
1345 25
1346 23
1347 19
1348 22
1349 21
1350 23
1351 20
1352 19
1353 23
1354 26
1355 32
1356 16
1357 27
1358 24
1359 17
1360 21
1361 23
1362 25
1363 17
1364 17
1365 20
1366 19
1367 18
1368 21
1369 15
1370 19
1371 15
1372 19
1373 16
1374 21
1375 19
1376 14
1377 17
1378 17
1379 15
1380 9
1381 13
1382 24
1383 21
1384 21
1385 10
1386 20
1387 15
1388 16
1389 15
1390 18
1391 17
1392 18
1393 19
1394 13
1395 13
1396 16
1397 7
1398 15
1399 25
1400 20
1401 10
1402 15
1403 16
1404 29
1405 16
1406 24
1407 14
1408 21
1409 15
1410 18
1411 15
1412 11
1413 19
1414 22
1415 13
1416 17
1417 19
1418 11
1419 24
1420 17
1421 23
1422 15
1423 17
1424 10
1425 10
1426 17
1427 15
1428 14
1429 19
1430 19
1431 8
1432 17
1433 11
1434 14
1435 12
1436 16
1437 17
1438 21
1439 12
1440 13
1441 17
1442 13
1443 15
1444 6
1445 11
1446 14
1447 11
1448 13
1449 10
1450 23
1451 12
1452 19
1453 10
1454 19
1455 10
1456 6
1457 12
1458 8
1459 14
1460 11
1461 12
1462 13
1463 11
1464 13
1465 13
1466 9
1467 9
1468 16
1469 12
1470 7
1471 9
1472 7
1473 12
1474 21
1475 12
1476 9
1477 19
1478 14
1479 14
1480 9
1481 17
1482 18
1483 8
1484 11
1485 10
1486 12
1487 6
1488 15
1489 6
1490 12
1491 6
1492 13
1493 12
1494 8
1495 9
1496 8
1497 4
1498 12
1499 6
1500 6
1501 7
1502 13
1503 8
1504 10
1505 11
1506 12
1507 8
1508 7
1509 12
1510 11
1511 8
1512 5
1513 4
1514 5
1515 8
1516 7
1517 2
1518 8
1519 2
1520 11
1521 9
1522 6
1523 6
1524 6
1525 9
1526 11
1527 7
1528 10
1529 6
1530 12
1531 5
1532 10
1533 7
1534 5
1535 7
1536 3
1537 10
1538 10
1539 8
1540 11
1541 5
1542 9
1543 12
1544 12
1545 11
1546 9
1547 10
1548 7
1549 6
1550 10
1551 13
1552 8
1553 11
1554 6
1555 9
1556 9
1557 6
1558 6
1559 6
1560 10
1561 8
1562 5
1563 8
1564 11
1565 14
1566 12
1567 8
1568 4
1569 6
1570 8
1571 8
1572 11
1573 8
1574 10
1575 9
1576 7
1577 5
1578 8
1579 3
1580 4
1581 7
1582 4
1583 10
1584 4
1585 6
1586 8
1587 8
1588 9
1589 9
1590 12
1591 9
1592 7
1593 7
1594 7
1595 4
1596 9
1597 9
1598 3
1599 8
1600 5
1601 3
1602 5
1603 6
1604 7
1605 11
1606 6
1607 8
1608 3
1609 3
1610 5
1611 7
1612 4
1613 8
1614 6
1615 8
1616 4
1617 9
1618 2
1619 8
1620 2
1621 5
1622 4
1623 9
1624 6
1625 2
1626 6
1627 3
1628 7
1629 5
1630 7
1631 4
1632 6
1633 4
1634 5
1635 7
1636 3
1637 6
1638 8
1639 6
1640 3
1641 6
1642 9
1643 4
1644 7
1645 6
1646 6
1647 6
1648 6
1649 4
1650 4
1651 3
1652 5
1653 9
1654 4
1655 2
1656 4
1657 5
1658 5
1659 3
1660 2
1661 2
1662 5
1663 3
1664 1
1665 6
1666 4
1667 6
1668 3
1669 2
1670 6
1671 5
1672 3
1673 2
1674 5
1675 3
1676 4
1677 8
1678 8
1679 8
1680 5
1681 8
1682 6
1683 6
1684 8
1685 7
1686 2
1687 4
1688 2
1689 1
1690 5
1691 8
1692 5
1693 4
1694 4
1695 4
1696 4
1697 2
1698 3
1699 9
1700 3
1701 3
1702 3
1703 1
1704 6
1705 1
1706 2
1707 5
1708 4
1709 8
1710 1
1711 5
1712 2
1713 1
1714 7
1715 4
1716 6
1717 4
1718 8
1719 7
1720 2
1721 5
1722 4
1723 3
1724 2
1725 4
1726 3
1727 2
1728 3
1729 4
1730 3
1731 5
1732 4
1733 2
1734 4
1735 3
1736 6
1737 6
1738 2
1739 1
1740 4
1741 3
1742 1
1743 4
1744 2
1745 4
1746 6
1747 3
1748 5
1749 1
1750 3
1751 6
1752 4
1753 2
1754 1
1755 3
1756 3
1757 2
1758 6
1759 6
1760 0
1761 3
1762 2
1763 6
1764 1
1765 2
1766 1
1767 2
1768 4
1769 0
1770 3
1771 2
1772 1
1773 0
1774 1
1775 2
1776 0
1777 3
1778 2
1779 4
1780 6
1781 3
1782 0
1783 2
1784 3
1785 1
1786 4
1787 6
1788 4
1789 3
1790 5
1791 1
1792 2
1793 2
1794 2
1795 4
1796 2
1797 3
1798 4
1799 3
1800 1
1801 1
1802 3
1803 1
1804 1
1805 2
1806 2
1807 0
1808 4
1809 3
1810 4
1811 1
1812 2
1813 4
1814 2
1815 1
1816 6
1817 4
1818 2
1819 2
1820 1
1821 0
1822 3
1823 3
1824 4
1825 2
1826 3
1827 1
1828 4
1829 2
1830 1
1831 1
1832 0
1833 2
1834 2
1835 0
1836 2
1837 0
1838 0
1839 2
1840 2
1841 3
1842 0
1843 3
1844 1
1845 4
1846 0
1847 2
1848 1
1849 2
1850 2
1851 3
1852 2
1853 2
1854 2
1855 1
1856 1
1857 0
1858 1
1859 2
1860 3
1861 0
1862 1
1863 1
1864 2
1865 3
1866 0
1867 0
1868 1
1869 2
1870 2
1871 0
1872 2
1873 2
1874 5
1875 1
1876 1
1877 4
1878 2
1879 2
1880 1
1881 3
1882 1
1883 6
1884 3
1885 1
1886 0
1887 4
1888 0
1889 3
1890 0
1891 3
1892 2
1893 1
1894 0
1895 5
1896 0
1897 1
1898 0
1899 0
1900 0
1901 1
1902 2
1903 2
1904 2
1905 2
1906 2
1907 1
1908 4
1909 0
1910 2
1911 5
1912 3
1913 0
1914 0
1915 2
1916 4
1917 0
1918 2
1919 0
1920 1
1921 1
1922 0
1923 2
1924 2
1925 0
1926 1
1927 0
1928 1
1929 1
1930 1
1931 3
1932 2
1933 2
1934 0
1935 1
1936 0
1937 1
1938 1
1939 2
1940 3
1941 1
1942 0
1943 1
1944 0
1945 1
1946 0
1947 0
1948 2
1949 0
1950 0
1951 2
1952 1
1953 1
1954 0
1955 0
1956 0
1957 1
1958 1
1959 0
1960 1
1961 0
1962 0
1963 2
1964 1
1965 2
1966 1
1967 2
1968 1
1969 1
1970 1
1971 3
1972 0
1973 0
1974 1
1975 0
1976 1
1977 0
1978 1
1979 1
1980 0
1981 0
1982 0
1983 0
1984 0
1985 2
1986 1
1987 0
1988 3
1989 0
1990 4
1991 0
1992 1
1993 0
1994 1
1995 3
1996 0
1997 1
1998 0
1999 0
2000 1
2001 1
2002 3
2003 1
2004 0
2005 2
2006 1
2007 1
2008 2
2009 1
2010 0
2011 1
2012 0
2013 2
2014 1
2015 1
2016 1
2017 0
2018 1
2019 2
2020 0
2021 1
2022 0
2023 0
2024 4
2025 2
2026 1
2027 1
2028 0
2029 1
2030 0
2031 0
2032 0
2033 2
2034 1
2035 1
2036 1
2037 1
2038 1
2039 1
2040 0
2041 0
2042 0
2043 1
2044 0
2045 0
2046 3
2047 0
2048 0
2049 0
2050 2
2051 3
2052 1
2053 0
2054 1
2055 0
2056 1
2057 1
2058 2
2059 1
2060 0
2061 1
2062 2
2063 1
2064 1
2065 1
2066 1
2067 1
2068 1
2069 0
2070 1
2071 0
2072 0
2073 0
2074 0
2075 0
2076 0
2077 0
2078 1
2079 2
2080 1
2081 0
2082 1
2083 1
2084 0
2085 3
2086 1
2087 1
2088 2
2089 1
2090 0
2091 2
2092 1
2093 2
2094 0
2095 1
2096 3
2097 0
2098 3
2099 0
2100 1
2101 2
2102 0
2103 0
2104 0
2105 0
2106 0
2107 1
2108 1
2109 1
2110 0
2111 0
2112 2
2113 0
2114 2
2115 0
2116 0
2117 0
2118 2
2119 1
2120 0
2121 1
2122 0
2123 0
2124 1
2125 0
2126 1
2127 0
2128 3
2129 0
2130 0
2131 1
2132 1
2133 0
2134 0
2135 2
2136 0
2137 0
2138 0
2139 1
2140 1
2141 0
2142 1
2143 0
2144 0
2145 0
2146 1
2147 0
2148 0
2149 0
2150 0
2151 0
2152 0
2153 1
2154 2
2155 0
2156 0
2157 1
2158 2
2159 0
2160 0
2161 1
2162 0
2163 0
2164 1
2165 0
2166 0
2167 1
2168 1
2169 0
2170 0
2171 1
2172 1
2173 0
2174 1
2175 0
2176 1
2177 0
2178 0
2179 0
2180 1
2181 0
2182 0
2183 0
2184 0
2185 0
2186 0
2187 0
2188 2
2189 1
2190 2
2191 0
2192 2
2193 2
2194 1
2195 0
2196 0
2197 0
2198 0
2199 1
2200 1
2201 2
2202 1
2203 1
2204 0
2205 0
2206 1
2207 1
2208 1
2209 1
2210 0
2211 1
2212 0
2213 0
2214 1
2215 1
2216 1
2217 0
2218 2
2219 0
2220 0
2221 0
2222 0
2223 1
2224 0
2225 0
2226 1
2227 0
2228 2
2229 2
2230 0
2231 0
2232 0
2233 0
2234 1
2235 0
2236 0
2237 0
2238 0
2239 0
2240 0
2241 0
2242 0
2243 0
2244 0
2245 0
2246 0
2247 2
2248 1
2249 1
2250 0
2251 0
2252 0
2253 1
2254 0
2255 1
2256 2
2257 0
2258 2
2259 1
2260 0
2261 0
2262 0
2263 0
2264 0
2265 0
2266 0
2267 0
2268 0
2269 2
2270 0
2271 1
2272 0
2273 0
2274 0
2275 0
2276 0
2277 0
2278 0
2279 0
2280 1
2281 0
2282 0
2283 0
2284 0
2285 1
2286 0
2287 0
2288 1
2289 0
2290 1
2291 0
2292 1
2293 0
2294 2
2295 0
2296 0
2297 0
2298 0
2299 0
2300 1
2301 1
2302 0
2303 0
2304 0
2305 0
2306 0
2307 1
2308 0
2309 0
2310 0
2311 0
2312 0
2313 0
2314 0
2315 0
2316 0
2317 1
2318 1
2319 0
2320 1
2321 0
2322 1
2323 0
2324 0
2325 0
2326 2
2327 0
2328 0
2329 1
2330 0
2331 0
2332 0
2333 0
2334 0
2335 0
2336 1
2337 0
2338 0
2339 1
2340 0
2341 0
2342 0
2343 0
2344 1
2345 0
2346 0
2347 1
2348 0
2349 0
2350 1
2351 1
2352 0
2353 0
2354 0
2355 0
2356 0
2357 0
2358 0
2359 0
2360 1
2361 0
2362 0
2363 0
2364 0
2365 0
2366 0
2367 0
2368 0
2369 0
2370 0
2371 0
2372 0
2373 0
2374 0
2375 0
2376 1
2377 0
2378 0
2379 0
2380 1
2381 0
2382 0
2383 1
2384 0
2385 0
2386 0
2387 1
2388 0
2389 0
2390 1
2391 0
2392 1
2393 0
2394 0
2395 0
2396 0
2397 0
2398 0
2399 0
2400 0
2401 0
2402 0
2403 0
2404 0
2405 0
2406 0
2407 0
2408 0
2409 0
2410 0
2411 0
2412 0
2413 0
2414 0
2415 0
2416 0
2417 0
2418 0
2419 0
2420 0
2421 0
2422 0
2423 0
2424 1
2425 0
2426 0
2427 0
2428 0
2429 0
2430 0
2431 0
2432 0
2433 0
2434 0
2435 0
2436 1
2437 0
2438 0
2439 0
2440 0
2441 1
2442 0
2443 1
2444 0
2445 0
2446 0
2447 0
2448 0
2449 0
2450 0
2451 0
2452 1
2453 0
2454 0
2455 0
2456 0
2457 0
2458 0
2459 0
2460 0
2461 0
2462 0
2463 0
2464 0
2465 0
2466 0
2467 2
2468 1
2469 0
2470 0
2471 0
2472 0
2473 0
2474 0
2475 0
2476 2
2477 0
2478 0
2479 0
2480 0
2481 0
2482 0
2483 0
2484 0
2485 0
2486 0
2487 0
2488 0
2489 0
2490 0
2491 0
2492 0
2493 0
2494 0
2495 0
2496 0
2497 0
2498 0
2499 0
2500 0
2501 0
2502 0
2503 0
2504 0
2505 0
2506 0
2507 0
2508 0
2509 0
2510 0
2511 0
2512 0
2513 0
2514 0
2515 0
2516 0
2517 0
2518 0
2519 0
2520 0
2521 0
2522 0
2523 1
2524 0
2525 2
2526 0
2527 0
2528 0
2529 0
2530 0
2531 0
2532 0
2533 0
2534 0
2535 0
2536 0
2537 0
2538 0
2539 0
2540 0
2541 0
2542 0
2543 0
2544 0
2545 0
2546 0
2547 1
2548 0
2549 0
2550 0
2551 0
2552 0
2553 0
2554 0
2555 0
2556 0
2557 0
2558 0
2559 0
2560 0
2561 0
2562 0
2563 0
2564 0
2565 0
2566 0
2567 0
2568 0
2569 1
2570 0
2571 0
2572 0
2573 0
2574 0
2575 0
2576 0
2577 0
2578 0
2579 0
2580 0
2581 0
2582 0
2583 0
2584 0
2585 0
2586 1
2587 0
2588 0
2589 0
2590 0
2591 0
2592 0
2593 0
2594 0
2595 1
2596 0
2597 0
2598 0
2599 0
2600 0
2601 0
2602 1
2603 0
2604 0
2605 0
2606 0
2607 0
2608 0
2609 0
2610 0
2611 0
2612 0
2613 0
2614 0
2615 0
2616 0
2617 0
2618 0
2619 0
2620 0
2621 0
2622 0
2623 0
2624 0
2625 0
2626 1
2627 0
2628 0
2629 0
2630 0
2631 0
2632 0
2633 1
2634 0
2635 0
2636 0
2637 0
2638 0
2639 0
2640 0
2641 0
2642 0
2643 0
2644 0
2645 0
2646 0
2647 0
2648 0
2649 0
2650 0
2651 0
2652 0
2653 0
2654 0
2655 0
2656 0
2657 0
2658 0
2659 0
2660 0
2661 0
2662 0
2663 0
2664 0
2665 0
2666 0
2667 0
2668 0
2669 0
2670 0
2671 0
2672 0
2673 0
2674 0
2675 0
2676 0
2677 0
2678 0
2679 0
2680 0
2681 0
2682 0
2683 0
2684 0
2685 0
2686 0
2687 0
2688 0
2689 0
2690 0
2691 1
2692 0
2693 0
2694 1
2695 0
2696 0
2697 0
2698 0
2699 0
2700 0
2701 0
2702 0
2703 0
2704 0
2705 0
2706 0
2707 0
2708 0
2709 0
2710 0
2711 0
2712 0
2713 0
2714 0
2715 0
2716 0
2717 0
2718 1
2719 0
2720 0
2721 1
2722 0
2723 0
2724 0
2725 0
2726 0
2727 0
2728 0
2729 0
2730 0
2731 0
2732 0
2733 0
2734 0
2735 0
2736 0
2737 0
2738 0
2739 0
2740 0
2741 0
2742 0
2743 0
2744 0
2745 0
2746 0
2747 0
2748 0
2749 0
2750 0
2751 0
2752 0
2753 0
2754 0
2755 0
2756 0
2757 0
2758 0
2759 0
2760 0
2761 0
2762 0
2763 0
2764 0
2765 0
2766 0
2767 0
2768 0
2769 0
2770 0
2771 0
2772 0
2773 0
2774 0
2775 1
2776 0
2777 0
2778 0
2779 0
2780 0
2781 0
2782 0
2783 0
2784 0
2785 0
2786 0
2787 0
2788 0
2789 0
2790 0
2791 0
2792 0
2793 0
2794 0
2795 0
2796 0
2797 0
2798 0
2799 0
2800 0
2801 0
2802 0
2803 0
2804 0
2805 0
2806 0
2807 0
2808 0
2809 0
2810 1
2811 0
2812 0
2813 0
2814 0
2815 0
2816 0
2817 0
2818 0
2819 0
2820 0
2821 0
2822 0
2823 0
2824 0
2825 0
2826 0
2827 0
2828 0
2829 0
2830 0
2831 0
2832 0
2833 0
2834 0
2835 0
2836 0
2837 0
2838 0
2839 0
2840 0
2841 0
2842 0
2843 0
2844 0
2845 0
2846 1
2847 0
2848 0
2849 0
2850 0
2851 0
2852 0
2853 0
2854 0
2855 0
2856 0
2857 0
2858 0
2859 0
2860 0
2861 0
2862 0
2863 0
2864 0
2865 0
2866 0
2867 0
2868 0
2869 0
2870 0
2871 0
2872 0
2873 0
2874 0
2875 0
2876 0
2877 0
2878 0
2879 0
2880 0
2881 0
2882 0
2883 0
2884 0
2885 0
2886 0
2887 0
2888 0
2889 0
2890 0
2891 0
2892 0
2893 0
2894 0
2895 0
2896 0
2897 0
2898 0
2899 0
2900 0
2901 0
2902 0
2903 0
2904 0
2905 0
2906 0
2907 0
2908 0
2909 0
2910 0
2911 0
2912 0
2913 0
2914 0
2915 0
2916 0
2917 0
2918 0
2919 0
2920 0
2921 0
2922 0
2923 0
2924 0
2925 0
2926 0
2927 0
2928 0
2929 0
2930 0
2931 0
2932 0
2933 0
2934 0
2935 0
2936 0
2937 0
2938 0
2939 0
2940 0
2941 0
2942 0
2943 0
2944 0
2945 0
2946 0
2947 0
2948 0
2949 0
2950 0
2951 0
2952 0
2953 0
2954 0
2955 0
2956 0
2957 0
2958 0
2959 0
2960 0
2961 0
2962 0
2963 0
2964 0
2965 0
2966 0
2967 0
2968 0
2969 0
2970 0
2971 0
2972 0
2973 0
2974 0
2975 0
2976 0
2977 0
2978 0
2979 0
2980 0
2981 0
2982 0
2983 0
2984 0
2985 0
2986 0
2987 0
2988 0
2989 0
2990 0
2991 0
2992 0
2993 0
2994 0
2995 0
2996 0
2997 0
2998 0
2999 0
3000 0
3001 0
3002 0
3003 0
3004 0
3005 0
3006 0
3007 0
3008 0
3009 0
3010 0
3011 0
3012 0
3013 0
3014 0
3015 0
3016 0
3017 0
3018 0
3019 0
3020 0
3021 0
3022 0
3023 0
3024 0
3025 0
3026 0
3027 0
3028 0
3029 0
3030 0
3031 1
3032 0
3033 0
3034 0
3035 0
3036 0
3037 0
3038 0
3039 0
3040 0
3041 0
3042 0
3043 0
3044 0
3045 0
3046 0
3047 0
3048 0
3049 0
3050 0
3051 0
3052 0
3053 0
3054 0
3055 0
3056 0
3057 0
3058 0
3059 0
3060 0
3061 0
3062 0
3063 0
3064 0
3065 0
3066 0
3067 0
3068 0
3069 0
3070 0
3071 0
3072 0
3073 0
3074 0
3075 0
3076 0
3077 0
3078 0
3079 0
3080 0
3081 0
3082 0
3083 0
3084 0
3085 0
3086 0
3087 0
3088 0
3089 0
3090 0
3091 0
3092 0
3093 0
3094 0
3095 0
3096 0
3097 0
3098 0
3099 0
3100 0
3101 0
3102 0
3103 0
3104 0
3105 0
3106 0
3107 0
3108 0
3109 0
3110 0
3111 0
3112 0
3113 0
3114 0
3115 0
3116 0
3117 0
3118 0
3119 0
3120 0
3121 0
3122 0
3123 0
3124 0
3125 0
3126 0
3127 0
3128 0
3129 0
3130 0
3131 0
3132 0
3133 0
3134 0
3135 0
3136 0
3137 0
3138 0
3139 0
3140 0
3141 0
3142 0
3143 0
3144 0
3145 0
3146 0
3147 0
3148 0
3149 0
3150 0
3151 0
3152 0
3153 0
3154 0
3155 0
3156 0
3157 0
3158 0
3159 0
3160 0
3161 0
3162 0
3163 0
3164 0
3165 0
3166 0
3167 0
3168 0
3169 0
3170 0
3171 0
3172 0
3173 0
3174 0
3175 0
3176 0
3177 0
3178 0
3179 0
3180 0
3181 0
3182 0
3183 0
3184 0
3185 0
3186 0
3187 0
3188 0
3189 0
3190 0
3191 0
3192 0
3193 0
3194 0
3195 0
3196 0
3197 0
3198 0
3199 0
3200 0
3201 0
3202 0
3203 0
3204 0
3205 0
3206 0
3207 0
3208 0
3209 0
3210 0
3211 0
3212 0
3213 0
3214 0
3215 0
3216 0
3217 0
3218 0
3219 0
3220 0
3221 0
3222 0
3223 0
3224 0
3225 0
3226 0
3227 0
3228 0
3229 0
3230 0
3231 0
3232 0
3233 0
3234 0
3235 0
3236 0
3237 0
3238 0
3239 0
3240 0
3241 0
3242 0
3243 0
3244 0
3245 0
3246 0
3247 0
3248 0
3249 0
3250 0
3251 0
3252 0
3253 0
3254 0
3255 0
3256 0
3257 0
3258 0
3259 0
3260 0
3261 0
3262 0
3263 0
3264 0
3265 0
3266 0
3267 0
3268 0
3269 0
3270 0
3271 0
3272 0
3273 0
3274 0
3275 0
3276 0
3277 0
3278 0
3279 0
3280 0
3281 0
3282 0
3283 0
3284 1
3285 0
3286 0
3287 0
3288 0
3289 0
3290 0
3291 1
