-2380 1
-2379 0
-2378 0
-2377 0
-2376 0
-2375 0
-2374 0
-2373 0
-2372 0
-2371 1
-2370 0
-2369 0
-2368 0
-2367 0
-2366 0
-2365 0
-2364 0
-2363 0
-2362 0
-2361 0
-2360 0
-2359 0
-2358 1
-2357 0
-2356 0
-2355 0
-2354 0
-2353 0
-2352 0
-2351 0
-2350 0
-2349 0
-2348 0
-2347 0
-2346 0
-2345 1
-2344 0
-2343 0
-2342 0
-2341 0
-2340 0
-2339 0
-2338 0
-2337 0
-2336 0
-2335 0
-2334 0
-2333 0
-2332 1
-2331 0
-2330 0
-2329 0
-2328 0
-2327 2
-2326 0
-2325 0
-2324 0
-2323 0
-2322 0
-2321 0
-2320 0
-2319 0
-2318 0
-2317 0
-2316 0
-2315 0
-2314 0
-2313 0
-2312 0
-2311 0
-2310 0
-2309 0
-2308 0
-2307 0
-2306 0
-2305 0
-2304 0
-2303 0
-2302 0
-2301 0
-2300 0
-2299 0
-2298 0
-2297 0
-2296 0
-2295 0
-2294 0
-2293 0
-2292 0
-2291 0
-2290 1
-2289 0
-2288 0
-2287 0
-2286 0
-2285 0
-2284 0
-2283 0
-2282 1
-2281 0
-2280 0
-2279 0
-2278 1
-2277 2
-2276 0
-2275 0
-2274 0
-2273 0
-2272 0
-2271 0
-2270 0
-2269 0
-2268 0
-2267 0
-2266 0
-2265 0
-2264 0
-2263 0
-2262 0
-2261 1
-2260 0
-2259 0
-2258 0
-2257 1
-2256 0
-2255 0
-2254 0
-2253 0
-2252 1
-2251 1
-2250 0
-2249 0
-2248 0
-2247 1
-2246 1
-2245 0
-2244 2
-2243 0
-2242 1
-2241 0
-2240 0
-2239 0
-2238 0
-2237 0
-2236 0
-2235 0
-2234 0
-2233 0
-2232 2
-2231 1
-2230 1
-2229 0
-2228 0
-2227 0
-2226 0
-2225 0
-2224 1
-2223 0
-2222 1
-2221 1
-2220 0
-2219 1
-2218 0
-2217 0
-2216 0
-2215 1
-2214 1
-2213 0
-2212 0
-2211 1
-2210 1
-2209 0
-2208 0
-2207 1
-2206 1
-2205 0
-2204 1
-2203 1
-2202 1
-2201 2
-2200 1
-2199 1
-2198 2
-2197 1
-2196 1
-2195 0
-2194 3
-2193 3
-2192 1
-2191 0
-2190 1
-2189 0
-2188 2
-2187 2
-2186 1
-2185 0
-2184 0
-2183 1
-2182 2
-2181 1
-2180 0
-2179 1
-2178 2
-2177 0
-2176 0
-2175 2
-2174 0
-2173 4
-2172 2
-2171 1
-2170 1
-2169 1
-2168 1
-2167 0
-2166 1
-2165 0
-2164 2
-2163 1
-2162 0
-2161 3
-2160 1
-2159 2
-2158 1
-2157 1
-2156 3
-2155 2
-2154 2
-2153 0
-2152 1
-2151 0
-2150 3
-2149 0
-2148 0
-2147 1
-2146 0
-2145 2
-2144 4
-2143 0
-2142 2
-2141 2
-2140 0
-2139 0
-2138 2
-2137 2
-2136 1
-2135 2
-2134 4
-2133 2
-2132 1
-2131 1
-2130 2
-2129 2
-2128 0
-2127 1
-2126 0
-2125 3
-2124 4
-2123 0
-2122 2
-2121 3
-2120 0
-2119 0
-2118 2
-2117 1
-2116 3
-2115 5
-2114 3
-2113 3
-2112 2
-2111 0
-2110 0
-2109 2
-2108 2
-2107 4
-2106 3
-2105 1
-2104 1
-2103 3
-2102 0
-2101 7
-2100 2
-2099 2
-2098 1
-2097 2
-2096 2
-2095 5
-2094 2
-2093 3
-2092 5
-2091 1
-2090 2
-2089 2
-2088 6
-2087 2
-2086 3
-2085 4
-2084 4
-2083 1
-2082 4
-2081 2
-2080 1
-2079 3
-2078 1
-2077 5
-2076 6
-2075 3
-2074 1
-2073 1
-2072 3
-2071 0
-2070 7
-2069 2
-2068 3
-2067 0
-2066 2
-2065 3
-2064 4
-2063 4
-2062 3
-2061 5
-2060 3
-2059 6
-2058 2
-2057 3
-2056 4
-2055 1
-2054 5
-2053 4
-2052 5
-2051 6
-2050 4
-2049 2
-2048 3
-2047 6
-2046 2
-2045 4
-2044 6
-2043 3
-2042 6
-2041 4
-2040 2
-2039 3
-2038 2
-2037 3
-2036 2
-2035 2
-2034 5
-2033 6
-2032 5
-2031 2
-2030 9
-2029 4
-2028 7
-2027 9
-2026 3
-2025 7
-2024 4
-2023 5
-2022 6
-2021 2
-2020 3
-2019 3
-2018 6
-2017 7
-2016 1
-2015 5
-2014 8
-2013 5
-2012 4
-2011 6
-2010 4
-2009 2
-2008 5
-2007 8
-2006 5
-2005 7
-2004 5
-2003 8
-2002 9
-2001 13
-2000 5
-1999 7
-1998 6
-1997 5
-1996 3
-1995 6
-1994 10
-1993 9
-1992 15
-1991 5
-1990 7
-1989 4
-1988 6
-1987 4
-1986 5
-1985 7
-1984 6
-1983 2
-1982 3
-1981 10
-1980 5
-1979 8
-1978 8
-1977 4
-1976 6
-1975 10
-1974 6
-1973 9
-1972 6
-1971 8
-1970 3
-1969 9
-1968 13
-1967 8
-1966 10
-1965 7
-1964 3
-1963 11
-1962 13
-1961 5
-1960 6
-1959 10
-1958 4
-1957 9
-1956 9
-1955 8
-1954 3
-1953 6
-1952 12
-1951 10
-1950 9
-1949 16
-1948 8
-1947 8
-1946 6
-1945 7
-1944 11
-1943 9
-1942 18
-1941 15
-1940 10
-1939 4
-1938 10
-1937 7
-1936 3
-1935 11
-1934 7
-1933 6
-1932 12
-1931 7
-1930 9
-1929 14
-1928 13
-1927 5
-1926 9
-1925 5
-1924 11
-1923 9
-1922 5
-1921 9
-1920 14
-1919 8
-1918 11
-1917 19
-1916 5
-1915 10
-1914 15
-1913 18
-1912 10
-1911 11
-1910 10
-1909 5
-1908 9
-1907 11
-1906 10
-1905 11
-1904 6
-1903 10
-1902 12
-1901 17
-1900 15
-1899 8
-1898 8
-1897 7
-1896 14
-1895 18
-1894 15
-1893 10
-1892 11
-1891 19
-1890 8
-1889 14
-1888 15
-1887 12
-1886 9
-1885 15
-1884 14
-1883 13
-1882 11
-1881 9
-1880 11
-1879 15
-1878 16
-1877 14
-1876 11
-1875 14
-1874 10
-1873 12
-1872 12
-1871 14
-1870 8
-1869 14
-1868 11
-1867 8
-1866 10
-1865 10
-1864 17
-1863 13
-1862 5
-1861 14
-1860 10
-1859 12
-1858 15
-1857 8
-1856 12
-1855 15
-1854 17
-1853 18
-1852 12
-1851 13
-1850 7
-1849 12
-1848 21
-1847 15
-1846 11
-1845 16
-1844 17
-1843 8
-1842 15
-1841 12
-1840 12
-1839 9
-1838 9
-1837 13
-1836 16
-1835 20
-1834 9
-1833 14
-1832 12
-1831 12
-1830 10
-1829 14
-1828 7
-1827 17
-1826 13
-1825 15
-1824 14
-1823 15
-1822 19
-1821 16
-1820 15
-1819 15
-1818 15
-1817 23
-1816 18
-1815 20
-1814 25
-1813 14
-1812 23
-1811 12
-1810 8
-1809 15
-1808 13
-1807 27
-1806 15
-1805 19
-1804 18
-1803 18
-1802 15
-1801 15
-1800 19
-1799 15
-1798 12
-1797 17
-1796 17
-1795 34
-1794 21
-1793 17
-1792 13
-1791 21
-1790 16
-1789 23
-1788 14
-1787 26
-1786 17
-1785 19
-1784 15
-1783 13
-1782 14
-1781 17
-1780 16
-1779 18
-1778 16
-1777 24
-1776 18
-1775 17
-1774 16
-1773 24
-1772 23
-1771 14
-1770 25
-1769 23
-1768 19
-1767 24
-1766 25
-1765 9
-1764 19
-1763 18
-1762 21
-1761 18
-1760 16
-1759 19
-1758 22
-1757 20
-1756 13
-1755 24
-1754 18
-1753 21
-1752 23
-1751 25
-1750 24
-1749 15
-1748 18
-1747 29
-1746 19
-1745 27
-1744 19
-1743 24
-1742 21
-1741 22
-1740 23
-1739 22
-1738 24
-1737 25
-1736 23
-1735 21
-1734 22
-1733 23
-1732 21
-1731 30
-1730 27
-1729 26
-1728 22
-1727 17
-1726 31
-1725 29
-1724 27
-1723 24
-1722 22
-1721 22
-1720 27
-1719 26
-1718 28
-1717 19
-1716 25
-1715 17
-1714 17
-1713 22
-1712 10
-1711 13
-1710 28
-1709 21
-1708 28
-1707 29
-1706 24
-1705 19
-1704 22
-1703 22
-1702 21
-1701 24
-1700 31
-1699 25
-1698 34
-1697 26
-1696 28
-1695 30
-1694 30
-1693 29
-1692 43
-1691 28
-1690 34
-1689 15
-1688 22
-1687 27
-1686 33
-1685 24
-1684 21
-1683 28
-1682 25
-1681 23
-1680 23
-1679 19
-1678 25
-1677 22
-1676 36
-1675 24
-1674 26
-1673 34
-1672 32
-1671 21
-1670 26
-1669 32
-1668 22
-1667 25
-1666 26
-1665 29
-1664 34
-1663 28
-1662 32
-1661 26
-1660 26
-1659 33
-1658 27
-1657 25
-1656 18
-1655 17
-1654 27
-1653 22
-1652 25
-1651 26
-1650 29
-1649 21
-1648 37
-1647 32
-1646 23
-1645 25
-1644 30
-1643 25
-1642 34
-1641 28
-1640 30
-1639 35
-1638 22
-1637 23
-1636 31
-1635 25
-1634 35
-1633 32
-1632 34
-1631 28
-1630 33
-1629 34
-1628 34
-1627 29
-1626 34
-1625 34
-1624 26
-1623 45
-1622 35
-1621 26
-1620 26
-1619 29
-1618 30
-1617 35
-1616 33
-1615 34
-1614 32
-1613 33
-1612 23
-1611 26
-1610 39
-1609 28
-1608 48
-1607 33
-1606 36
-1605 27
-1604 39
-1603 39
-1602 38
-1601 29
-1600 30
-1599 36
-1598 33
-1597 27
-1596 30
-1595 35
-1594 24
-1593 32
-1592 34
-1591 34
-1590 26
-1589 20
-1588 29
-1587 36
-1586 31
-1585 27
-1584 35
-1583 39
-1582 49
-1581 36
-1580 37
-1579 34
-1578 41
-1577 34
-1576 49
-1575 45
-1574 30
-1573 44
-1572 40
-1571 43
-1570 30
-1569 30
-1568 40
-1567 41
-1566 46
-1565 35
-1564 30
-1563 28
-1562 29
-1561 29
-1560 33
-1559 40
-1558 34
-1557 43
-1556 43
-1555 24
-1554 36
-1553 30
-1552 22
-1551 33
-1550 33
-1549 44
-1548 40
-1547 49
-1546 35
-1545 41
-1544 41
-1543 33
-1542 40
-1541 32
-1540 29
-1539 45
-1538 41
-1537 42
-1536 44
-1535 36
-1534 49
-1533 41
-1532 32
-1531 41
-1530 35
-1529 42
-1528 44
-1527 31
-1526 44
-1525 40
-1524 46
-1523 34
-1522 36
-1521 50
-1520 36
-1519 33
-1518 36
-1517 36
-1516 37
-1515 37
-1514 57
-1513 40
-1512 35
-1511 35
-1510 46
-1509 33
-1508 32
-1507 49
-1506 46
-1505 39
-1504 45
-1503 41
-1502 45
-1501 40
-1500 35
-1499 44
-1498 42
-1497 46
-1496 48
-1495 37
-1494 46
-1493 52
-1492 40
-1491 49
-1490 38
-1489 46
-1488 38
-1487 44
-1486 38
-1485 41
-1484 46
-1483 52
-1482 40
-1481 41
-1480 41
-1479 48
-1478 33
-1477 50
-1476 46
-1475 50
-1474 61
-1473 38
-1472 53
-1471 46
-1470 58
-1469 47
-1468 48
-1467 34
-1466 37
-1465 47
-1464 46
-1463 45
-1462 45
-1461 49
-1460 48
-1459 50
-1458 37
-1457 57
-1456 48
-1455 47
-1454 41
-1453 41
-1452 40
-1451 53
-1450 54
-1449 46
-1448 48
-1447 44
-1446 55
-1445 58
-1444 52
-1443 37
-1442 51
-1441 46
-1440 69
-1439 57
-1438 48
-1437 45
-1436 41
-1435 42
-1434 49
-1433 71
-1432 42
-1431 43
-1430 48
-1429 59
-1428 59
-1427 56
-1426 40
-1425 57
-1424 43
-1423 54
-1422 55
-1421 50
-1420 56
-1419 53
-1418 51
-1417 58
-1416 58
-1415 56
-1414 58
-1413 64
-1412 45
-1411 56
-1410 62
-1409 50
-1408 56
-1407 53
-1406 67
-1405 59
-1404 55
-1403 70
-1402 59
-1401 68
-1400 54
-1399 52
-1398 46
-1397 54
-1396 62
-1395 55
-1394 57
-1393 53
-1392 47
-1391 55
-1390 45
-1389 55
-1388 63
-1387 65
-1386 73
-1385 51
-1384 48
-1383 61
-1382 61
-1381 53
-1380 64
-1379 58
-1378 61
-1377 44
-1376 59
-1375 54
-1374 52
-1373 66
-1372 62
-1371 64
-1370 61
-1369 59
-1368 57
-1367 48
-1366 44
-1365 51
-1364 58
-1363 54
-1362 70
-1361 73
-1360 56
-1359 61
-1358 64
-1357 59
-1356 70
-1355 53
-1354 73
-1353 61
-1352 78
-1351 65
-1350 63
-1349 70
-1348 60
-1347 55
-1346 56
-1345 56
-1344 71
-1343 64
-1342 69
-1341 72
-1340 78
-1339 63
-1338 69
-1337 79
-1336 70
-1335 64
-1334 53
-1333 59
-1332 62
-1331 69
-1330 57
-1329 77
-1328 59
-1327 76
-1326 55
-1325 80
-1324 63
-1323 62
-1322 63
-1321 58
-1320 55
-1319 72
-1318 71
-1317 68
-1316 61
-1315 83
-1314 50
-1313 52
-1312 61
-1311 61
-1310 59
-1309 64
-1308 65
-1307 72
-1306 64
-1305 60
-1304 63
-1303 51
-1302 57
-1301 76
-1300 69
-1299 75
-1298 68
-1297 71
-1296 66
-1295 65
-1294 72
-1293 73
-1292 69
-1291 55
-1290 70
-1289 86
-1288 65
-1287 59
-1286 76
-1285 77
-1284 69
-1283 73
-1282 89
-1281 73
-1280 78
-1279 70
-1278 69
-1277 74
-1276 76
-1275 62
-1274 62
-1273 77
-1272 70
-1271 68
-1270 61
-1269 75
-1268 67
-1267 75
-1266 79
-1265 67
-1264 83
-1263 77
-1262 67
-1261 67
-1260 75
-1259 86
-1258 63
-1257 74
-1256 78
-1255 74
-1254 66
-1253 75
-1252 74
-1251 71
-1250 60
-1249 78
-1248 63
-1247 78
-1246 95
-1245 68
-1244 76
-1243 93
-1242 72
-1241 79
-1240 77
-1239 80
-1238 85
-1237 80
-1236 78
-1235 75
-1234 87
-1233 86
-1232 76
-1231 88
-1230 65
-1229 67
-1228 83
-1227 80
-1226 77
-1225 108
-1224 82
-1223 79
-1222 92
-1221 92
-1220 82
-1219 84
-1218 105
-1217 93
-1216 105
-1215 92
-1214 81
-1213 71
-1212 92
-1211 88
-1210 81
-1209 85
-1208 70
-1207 82
-1206 75
-1205 82
-1204 89
-1203 76
-1202 86
-1201 68
-1200 84
-1199 86
-1198 81
-1197 101
-1196 72
-1195 84
-1194 84
-1193 94
-1192 93
-1191 77
-1190 98
-1189 77
-1188 78
-1187 79
-1186 84
-1185 98
-1184 104
-1183 98
-1182 89
-1181 96
-1180 78
-1179 99
-1178 97
-1177 106
-1176 81
-1175 93
-1174 119
-1173 85
-1172 87
-1171 96
-1170 83
-1169 100
-1168 80
-1167 114
-1166 94
-1165 95
-1164 78
-1163 108
-1162 73
-1161 74
-1160 99
-1159 97
-1158 95
-1157 93
-1156 88
-1155 101
-1154 93
-1153 85
-1152 91
-1151 92
-1150 94
-1149 112
-1148 94
-1147 99
-1146 92
-1145 104
-1144 95
-1143 106
-1142 81
-1141 92
-1140 94
-1139 78
-1138 105
-1137 107
-1136 115
-1135 106
-1134 102
-1133 92
-1132 78
-1131 82
-1130 117
-1129 94
-1128 94
-1127 100
-1126 99
-1125 102
-1124 97
-1123 94
-1122 103
-1121 106
-1120 111
-1119 99
-1118 100
-1117 80
-1116 114
-1115 99
-1114 114
-1113 88
-1112 93
-1111 122
-1110 89
-1109 99
-1108 108
-1107 99
-1106 110
-1105 110
-1104 110
-1103 112
-1102 104
-1101 83
-1100 93
-1099 102
-1098 109
-1097 115
-1096 108
-1095 106
-1094 116
-1093 94
-1092 101
-1091 108
-1090 109
-1089 110
-1088 114
-1087 110
-1086 90
-1085 119
-1084 114
-1083 131
-1082 97
-1081 122
-1080 115
-1079 97
-1078 108
-1077 136
-1076 106
-1075 130
-1074 129
-1073 122
-1072 103
-1071 127
-1070 100
-1069 119
-1068 106
-1067 112
-1066 111
-1065 129
-1064 110
-1063 106
-1062 126
-1061 103
-1060 116
-1059 124
-1058 98
-1057 110
-1056 105
-1055 102
-1054 118
-1053 108
-1052 117
-1051 113
-1050 111
-1049 117
-1048 140
-1047 114
-1046 107
-1045 104
-1044 112
-1043 116
-1042 118
-1041 139
-1040 126
-1039 135
-1038 123
-1037 123
-1036 134
-1035 103
-1034 118
-1033 113
-1032 114
-1031 129
-1030 117
-1029 144
-1028 116
-1027 133
-1026 133
-1025 127
-1024 138
-1023 130
-1022 128
-1021 131
-1020 121
-1019 133
-1018 128
-1017 118
-1016 121
-1015 121
-1014 141
-1013 126
-1012 128
-1011 127
-1010 119
-1009 124
-1008 140
-1007 138
-1006 146
-1005 131
-1004 128
-1003 121
-1002 146
-1001 128
-1000 124
-999 101
-998 131
-997 129
-996 121
-995 130
-994 158
-993 131
-992 141
-991 141
-990 148
-989 149
-988 126
-987 125
-986 139
-985 127
-984 148
-983 131
-982 131
-981 148
-980 144
-979 128
-978 128
-977 130
-976 145
-975 138
-974 136
-973 141
-972 120
-971 136
-970 144
-969 157
-968 131
-967 134
-966 144
-965 128
-964 149
-963 138
-962 131
-961 136
-960 168
-959 136
-958 154
-957 142
-956 142
-955 142
-954 141
-953 151
-952 151
-951 139
-950 158
-949 145
-948 149
-947 161
-946 155
-945 134
-944 147
-943 150
-942 155
-941 166
-940 148
-939 135
-938 171
-937 138
-936 168
-935 158
-934 155
-933 149
-932 150
-931 172
-930 152
-929 165
-928 135
-927 169
-926 154
-925 155
-924 161
-923 153
-922 179
-921 144
-920 168
-919 167
-918 156
-917 155
-916 154
-915 163
-914 170
-913 182
-912 140
-911 144
-910 138
-909 169
-908 168
-907 164
-906 177
-905 152
-904 161
-903 174
-902 176
-901 155
-900 168
-899 167
-898 164
-897 165
-896 175
-895 163
-894 182
-893 169
-892 166
-891 156
-890 175
-889 172
-888 171
-887 178
-886 177
-885 146
-884 157
-883 163
-882 164
-881 148
-880 178
-879 187
-878 136
-877 170
-876 164
-875 146
-874 185
-873 184
-872 166
-871 167
-870 169
-869 184
-868 161
-867 183
-866 194
-865 210
-864 190
-863 165
-862 186
-861 185
-860 169
-859 173
-858 211
-857 171
-856 177
-855 191
-854 148
-853 183
-852 194
-851 161
-850 168
-849 175
-848 203
-847 175
-846 204
-845 187
-844 212
-843 189
-842 162
-841 182
-840 173
-839 196
-838 181
-837 189
-836 196
-835 186
-834 189
-833 223
-832 192
-831 161
-830 197
-829 195
-828 205
-827 187
-826 186
-825 199
-824 183
-823 202
-822 182
-821 232
-820 183
-819 172
-818 176
-817 177
-816 202
-815 188
-814 194
-813 199
-812 181
-811 202
-810 192
-809 209
-808 217
-807 192
-806 214
-805 195
-804 179
-803 184
-802 221
-801 217
-800 202
-799 213
-798 182
-797 210
-796 228
-795 208
-794 215
-793 205
-792 223
-791 218
-790 201
-789 237
-788 199
-787 204
-786 211
-785 228
-784 231
-783 214
-782 217
-781 238
-780 242
-779 209
-778 206
-777 238
-776 245
-775 214
-774 231
-773 209
-772 224
-771 224
-770 196
-769 197
-768 233
-767 206
-766 213
-765 218
-764 243
-763 211
-762 232
-761 256
-760 214
-759 215
-758 222
-757 236
-756 215
-755 219
-754 233
-753 236
-752 219
-751 220
-750 231
-749 226
-748 207
-747 230
-746 244
-745 219
-744 232
-743 248
-742 247
-741 232
-740 242
-739 212
-738 241
-737 252
-736 254
-735 247
-734 202
-733 239
-732 220
-731 257
-730 262
-729 226
-728 234
-727 218
-726 236
-725 229
-724 230
-723 229
-722 253
-721 242
-720 237
-719 253
-718 250
-717 226
-716 264
-715 260
-714 287
-713 248
-712 266
-711 278
-710 256
-709 214
-708 240
-707 272
-706 248
-705 256
-704 276
-703 267
-702 276
-701 218
-700 285
-699 284
-698 248
-697 267
-696 275
-695 251
-694 303
-693 293
-692 258
-691 234
-690 285
-689 269
-688 255
-687 286
-686 274
-685 281
-684 256
-683 239
-682 247
-681 261
-680 289
-679 262
-678 291
-677 265
-676 282
-675 277
-674 257
-673 261
-672 251
-671 275
-670 289
-669 262
-668 266
-667 259
-666 297
-665 273
-664 269
-663 284
-662 278
-661 237
-660 270
-659 241
-658 278
-657 292
-656 297
-655 276
-654 278
-653 314
-652 276
-651 312
-650 290
-649 283
-648 280
-647 298
-646 296
-645 288
-644 307
-643 282
-642 310
-641 330
-640 303
-639 287
-638 304
-637 302
-636 331
-635 299
-634 324
-633 307
-632 305
-631 278
-630 287
-629 296
-628 270
-627 296
-626 303
-625 320
-624 286
-623 343
-622 335
-621 315
-620 313
-619 334
-618 330
-617 333
-616 309
-615 341
-614 331
-613 313
-612 314
-611 329
-610 349
-609 320
-608 316
-607 314
-606 288
-605 322
-604 328
-603 327
-602 333
-601 309
-600 327
-599 365
-598 321
-597 327
-596 349
-595 351
-594 343
-593 323
-592 319
-591 334
-590 307
-589 339
-588 328
-587 372
-586 343
-585 365
-584 366
-583 360
-582 346
-581 354
-580 384
-579 326
-578 332
-577 372
-576 347
-575 334
-574 376
-573 348
-572 335
-571 381
-570 345
-569 338
-568 372
-567 376
-566 337
-565 391
-564 383
-563 397
-562 403
-561 344
-560 371
-559 372
-558 368
-557 385
-556 377
-555 397
-554 371
-553 391
-552 355
-551 369
-550 377
-549 381
-548 385
-547 380
-546 383
-545 362
-544 398
-543 365
-542 386
-541 420
-540 410
-539 401
-538 382
-537 394
-536 376
-535 398
-534 391
-533 378
-532 420
-531 405
-530 389
-529 391
-528 381
-527 440
-526 437
-525 360
-524 393
-523 403
-522 425
-521 417
-520 439
-519 416
-518 419
-517 413
-516 401
-515 396
-514 411
-513 425
-512 422
-511 417
-510 393
-509 429
-508 412
-507 437
-506 433
-505 450
-504 447
-503 425
-502 463
-501 437
-500 467
-499 448
-498 419
-497 454
-496 439
-495 431
-494 461
-493 523
-492 454
-491 466
-490 442
-489 492
-488 449
-487 415
-486 478
-485 440
-484 454
-483 480
-482 467
-481 461
-480 490
-479 466
-478 507
-477 449
-476 500
-475 447
-474 506
-473 486
-472 511
-471 474
-470 448
-469 523
-468 526
-467 508
-466 522
-465 520
-464 515
-463 486
-462 489
-461 505
-460 484
-459 492
-458 481
-457 491
-456 490
-455 519
-454 535
-453 520
-452 500
-451 519
-450 542
-449 506
-448 500
-447 520
-446 585
-445 520
-444 531
-443 546
-442 509
-441 502
-440 503
-439 547
-438 557
-437 577
-436 557
-435 551
-434 536
-433 555
-432 547
-431 611
-430 587
-429 549
-428 528
-427 538
-426 551
-425 582
-424 618
-423 606
-422 579
-421 626
-420 580
-419 562
-418 609
-417 580
-416 595
-415 591
-414 578
-413 589
-412 578
-411 623
-410 636
-409 627
-408 569
-407 620
-406 635
-405 642
-404 629
-403 597
-402 616
-401 647
-400 642
-399 606
-398 600
-397 622
-396 674
-395 612
-394 649
-393 648
-392 642
-391 703
-390 629
-389 681
-388 651
-387 723
-386 625
-385 703
-384 667
-383 694
-382 696
-381 658
-380 700
-379 680
-378 664
-377 716
-376 656
-375 677
-374 702
-373 723
-372 703
-371 689
-370 712
-369 705
-368 739
-367 724
-366 711
-365 747
-364 757
-363 777
-362 766
-361 744
-360 750
-359 739
-358 758
-357 752
-356 753
-355 752
-354 743
-353 769
-352 760
-351 739
-350 758
-349 794
-348 779
-347 852
-346 778
-345 757
-344 823
-343 801
-342 792
-341 818
-340 816
-339 821
-338 820
-337 802
-336 779
-335 884
-334 796
-333 862
-332 873
-331 850
-330 862
-329 865
-328 820
-327 894
-326 863
-325 890
-324 890
-323 863
-322 880
-321 867
-320 883
-319 902
-318 899
-317 865
-316 915
-315 882
-314 845
-313 918
-312 914
-311 953
-310 962
-309 905
-308 949
-307 925
-306 967
-305 989
-304 965
-303 946
-302 1026
-301 996
-300 999
-299 963
-298 1055
-297 1039
-296 1054
-295 1027
-294 1034
-293 1008
-292 1036
-291 1032
-290 1002
-289 1080
-288 1078
-287 1136
-286 1062
-285 1048
-284 1077
-283 1089
-282 1089
-281 1113
-280 1114
-279 1066
-278 1070
-277 1086
-276 1132
-275 1149
-274 1162
-273 1125
-272 1146
-271 1160
-270 1168
-269 1172
-268 1139
-267 1200
-266 1112
-265 1256
-264 1194
-263 1189
-262 1180
-261 1223
-260 1225
-259 1248
-258 1288
-257 1201
-256 1228
-255 1264
-254 1243
-253 1272
-252 1280
-251 1252
-250 1267
-249 1300
-248 1367
-247 1354
-246 1376
-245 1335
-244 1343
-243 1300
-242 1384
-241 1384
-240 1374
-239 1374
-238 1477
-237 1405
-236 1504
-235 1440
-234 1367
-233 1458
-232 1421
-231 1493
-230 1467
-229 1507
-228 1487
-227 1518
-226 1442
-225 1488
-224 1588
-223 1542
-222 1589
-221 1610
-220 1603
-219 1550
-218 1614
-217 1622
-216 1587
-215 1624
-214 1680
-213 1718
-212 1639
-211 1661
-210 1697
-209 1676
-208 1660
-207 1716
-206 1768
-205 1819
-204 1837
-203 1810
-202 1853
-201 1865
-200 1834
-199 1812
-198 1795
-197 1887
-196 1836
-195 1887
-194 1870
-193 1903
-192 1974
-191 1995
-190 1936
-189 2000
-188 2010
-187 1999
-186 2030
-185 2016
-184 2087
-183 2160
-182 2152
-181 2183
-180 2132
-179 2126
-178 2213
-177 2138
-176 2202
-175 2178
-174 2331
-173 2308
-172 2280
-171 2259
-170 2453
-169 2418
-168 2363
-167 2480
-166 2541
-165 2651
-164 2517
-163 2574
-162 2516
-161 2573
-160 2628
-159 2660
-158 2665
-157 2721
-156 2706
-155 2700
-154 2780
-153 2798
-152 2741
-151 2810
-150 2835
-149 2930
-148 2913
-147 2836
-146 3007
-145 3109
-144 3007
-143 3119
-142 3193
-141 3135
-140 3179
-139 3224
-138 3274
-137 3295
-136 3348
-135 3414
-134 3389
-133 3423
-132 3482
-131 3585
-130 3595
-129 3582
-128 3579
-127 3603
-126 3666
-125 3760
-124 3932
-123 3787
-122 4035
-121 3942
-120 4010
-119 4080
-118 4156
-117 4108
-116 4271
-115 4292
-114 4283
-113 4391
-112 4318
-111 4520
-110 4555
-109 4572
-108 4743
-107 4774
-106 4865
-105 5013
-104 4942
-103 5129
-102 5195
-101 5171
-100 5336
-99 5412
-98 5439
-97 5546
-96 5566
-95 5669
-94 5903
-93 5838
-92 5987
-91 6084
-90 5993
-89 6387
-88 6412
-87 6568
-86 6689
-85 6892
-84 6984
-83 7116
-82 7189
-81 7330
-80 7382
-79 7455
-78 7688
-77 7839
-76 8082
-75 8227
-74 8411
-73 8587
-72 8930
-71 8886
-70 9039
-69 9365
-68 9439
-67 9800
-66 9840
-65 10207
-64 10559
-63 10811
-62 11157
-61 11177
-60 11603
-59 11812
-58 12209
-57 12359
-56 12703
-55 13055
-54 13666
-53 13991
-52 14558
-51 14774
-50 15237
-49 15854
-48 16384
-47 16765
-46 17561
-45 17801
-44 18533
-43 19114
-42 20139
-41 20774
-40 21453
-39 22379
-38 23235
-37 24436
-36 25433
-35 26696
-34 27374
-33 28915
-32 30130
-31 31767
-30 33147
-29 35403
-28 37399
-27 39285
-26 41790
-25 44087
-24 47189
-23 50693
-22 54017
-21 58074
-20 62334
-19 67284
-18 73457
-17 80661
-16 88467
-15 97310
-14 107877
-13 121354
-12 137316
-11 157845
-10 183078
-9 216019
-8 260640
-7 321329
-6 411819
-5 554273
-4 805844
-3 1346552
-2 3280731
-1 24304575
0 0
1 24814219
2 2899247
3 1266754
4 782575
5 545290
6 408129
7 317653
8 257993
9 215115
10 182467
11 157187
12 136254
13 120873
14 107915
15 97610
16 87488
17 80154
18 73257
19 67426
20 62751
21 57607
22 54347
23 50282
24 46921
25 43997
26 41765
27 39336
28 37270
29 35265
30 32763
31 31921
32 30460
33 28965
34 27374
35 26371
36 25154
37 24275
38 23301
39 22378
40 21453
41 20415
42 20335
43 19649
44 18560
45 18016
46 17464
47 16924
48 16523
49 15569
50 15403
51 14809
52 14503
53 13883
54 13544
55 13207
56 12731
57 12543
58 12013
59 11759
60 11512
61 11315
62 11136
63 10669
64 10514
65 10189
66 9716
67 9858
68 9398
69 9511
70 9014
71 8986
72 8627
73 8490
74 8373
75 8163
76 8165
77 7797
78 7667
79 7576
80 7512
81 7267
82 7252
83 6952
84 7013
85 6767
86 6556
87 6369
88 6509
89 6290
90 6196
91 6104
92 5950
93 5895
94 5867
95 5646
96 5525
97 5674
98 5438
99 5313
100 5363
101 5242
102 5041
103 5139
104 4889
105 4966
106 4891
107 4701
108 4824
109 4652
110 4527
111 4493
112 4312
113 4297
114 4268
115 4401
116 4129
117 4129
118 4080
119 4053
120 4045
121 3904
122 4054
123 3885
124 3861
125 3819
126 3630
127 3639
128 3535
129 3721
130 3544
131 3585
132 3496
133 3409
134 3365
135 3396
136 3330
137 3320
138 3348
139 3174
140 3203
141 3120
142 3112
143 3214
144 3119
145 2960
146 2922
147 2931
148 2880
149 2939
150 2907
151 2755
152 2832
153 2750
154 2633
155 2705
156 2771
157 2648
158 2617
159 2642
160 2700
161 2564
162 2576
163 2556
164 2512
165 2545
166 2487
167 2535
168 2386
169 2418
170 2371
171 2461
172 2263
173 2307
174 2233
175 2274
176 2255
177 2199
178 2212
179 2142
180 2140
181 2141
182 2105
183 2084
184 2097
185 2074
186 2014
187 2017
188 2010
189 2061
190 2055
191 1877
192 1913
193 1963
194 1911
195 1922
196 1941
197 1843
198 1859
199 1811
200 1883
201 1817
202 1857
203 1820
204 1786
205 1713
206 1717
207 1718
208 1740
209 1629
210 1650
211 1671
212 1688
213 1671
214 1681
215 1631
216 1625
217 1538
218 1582
219 1597
220 1583
221 1628
222 1518
223 1557
224 1546
225 1528
226 1503
227 1486
228 1554
229 1561
230 1464
231 1457
232 1435
233 1477
234 1494
235 1451
236 1469
237 1437
238 1464
239 1375
240 1411
241 1339
242 1360
243 1319
244 1348
245 1300
246 1287
247 1408
248 1309
249 1306
250 1304
251 1247
252 1283
253 1203
254 1231
255 1273
256 1309
257 1198
258 1250
259 1182
260 1168
261 1243
262 1204
263 1273
264 1179
265 1141
266 1163
267 1202
268 1117
269 1184
270 1197
271 1173
272 1195
273 1145
274 1161
275 1137
276 1124
277 1163
278 1147
279 1091
280 1112
281 1156
282 1039
283 1106
284 1088
285 1109
286 1049
287 1022
288 1054
289 1108
290 1050
291 1022
292 1047
293 991
294 1029
295 1011
296 1034
297 1000
298 937
299 1032
300 953
301 1006
302 987
303 995
304 973
305 961
306 1019
307 911
308 925
309 982
310 983
311 885
312 865
313 867
314 932
315 863
316 943
317 907
318 908
319 889
320 875
321 900
322 815
323 862
324 942
325 879
326 878
327 899
328 869
329 856
330 842
331 889
332 814
333 833
334 886
335 842
336 844
337 870
338 758
339 800
340 800
341 808
342 820
343 815
344 808
345 779
346 786
347 828
348 834
349 758
350 757
351 714
352 776
353 762
354 736
355 753
356 808
357 740
358 748
359 749
360 736
361 742
362 721
363 708
364 715
365 721
366 768
367 737
368 702
369 725
370 705
371 668
372 705
373 709
374 753
375 709
376 706
377 687
378 694
379 628
380 752
381 675
382 733
383 664
384 644
385 656
386 644
387 644
388 698
389 677
390 664
391 654
392 574
393 605
394 612
395 661
396 617
397 693
398 634
399 631
400 649
401 637
402 617
403 639
404 641
405 613
406 601
407 595
408 653
409 614
410 569
411 572
412 578
413 606
414 612
415 597
416 593
417 582
418 596
419 573
420 555
421 556
422 557
423 570
424 582
425 575
426 537
427 562
428 565
429 584
430 594
431 603
432 559
433 556
434 545
435 496
436 565
437 564
438 512
439 516
440 515
441 552
442 525
443 556
444 526
445 546
446 563
447 539
448 494
449 518
450 527
451 527
452 502
453 511
454 496
455 521
456 480
457 539
458 539
459 493
460 469
461 531
462 505
463 513
464 486
465 543
466 514
467 494
468 478
469 521
470 490
471 475
472 467
473 455
474 498
475 497
476 493
477 480
478 484
479 503
480 493
481 431
482 435
483 453
484 465
485 443
486 468
487 476
488 466
489 457
490 505
491 467
492 413
493 482
494 425
495 435
496 446
497 443
498 461
499 441
500 432
501 447
502 444
503 462
504 444
505 400
506 422
507 401
508 421
509 465
510 461
511 461
512 424
513 424
514 415
515 392
516 392
517 456
518 419
519 438
520 424
521 434
522 388
523 413
524 435
525 483
526 398
527 398
528 418
529 417
530 395
531 372
532 418
533 364
534 383
535 408
536 418
537 390
538 413
539 436
540 374
541 388
542 404
543 408
544 398
545 388
546 402
547 368
548 372
549 384
550 397
551 365
552 374
553 349
554 365
555 392
556 381
557 341
558 400
559 351
560 355
561 379
562 405
563 387
564 404
565 371
566 361
567 310
568 359
569 317
570 361
571 378
572 388
573 398
574 360
575 343
576 400
577 359
578 333
579 355
580 364
581 338
582 315
583 324
584 349
585 353
586 337
587 357
588 323
589 307
590 365
591 332
592 357
593 313
594 356
595 359
596 325
597 360
598 297
599 356
600 347
601 349
602 340
603 292
604 324
605 289
606 344
607 327
608 361
609 323
610 309
611 319
612 319
613 327
614 314
615 349
616 307
617 312
618 351
619 318
620 330
621 311
622 323
623 299
624 300
625 279
626 320
627 310
628 260
629 275
630 275
631 302
632 315
633 286
634 266
635 302
636 300
637 293
638 322
639 283
640 277
641 277
642 304
643 313
644 300
645 308
646 329
647 263
648 301
649 279
650 290
651 294
652 281
653 302
654 277
655 301
656 271
657 268
658 315
659 256
660 307
661 276
662 280
663 278
664 282
665 300
666 259
667 296
668 289
669 277
670 264
671 242
672 272
673 285
674 280
675 259
676 267
677 242
678 271
679 277
680 256
681 249
682 275
683 247
684 300
685 251
686 264
687 253
688 241
689 284
690 240
691 258
692 275
693 300
694 274
695 262
696 256
697 244
698 273
699 237
700 285
701 249
702 273
703 276
704 272
705 259
706 236
707 270
708 232
709 248
710 229
711 254
712 248
713 261
714 223
715 258
716 208
717 262
718 266
719 242
720 254
721 250
722 232
723 235
724 225
725 221
726 261
727 201
728 247
729 268
730 228
731 263
732 220
733 231
734 218
735 257
736 219
737 213
738 225
739 213
740 231
741 224
742 215
743 251
744 214
745 226
746 218
747 247
748 226
749 219
750 221
751 229
752 205
753 233
754 237
755 217
756 230
757 239
758 206
759 246
760 220
761 227
762 235
763 235
764 224
765 215
766 217
767 228
768 209
769 227
770 208
771 221
772 188
773 230
774 200
775 224
776 223
777 228
778 225
779 245
780 218
781 217
782 205
783 225
784 196
785 233
786 236
787 207
788 215
789 202
790 198
791 234
792 213
793 206
794 221
795 216
796 175
797 212
798 201
799 197
800 195
801 242
802 195
803 198
804 180
805 191
806 186
807 200
808 210
809 205
810 183
811 199
812 219
813 191
814 213
815 208
816 169
817 193
818 220
819 218
820 197
821 198
822 207
823 201
824 189
825 181
826 191
827 181
828 196
829 190
830 181
831 183
832 190
833 165
834 191
835 206
836 180
837 189
838 206
839 212
840 200
841 201
842 193
843 190
844 188
845 202
846 203
847 186
848 194
849 151
850 176
851 173
852 178
853 176
854 163
855 173
856 205
857 172
858 198
859 176
860 184
861 159
862 188
863 187
864 161
865 172
866 187
867 184
868 185
869 187
870 186
871 187
872 170
873 166
874 181
875 175
876 154
877 177
878 158
879 164
880 153
881 143
882 174
883 179
884 167
885 168
886 164
887 183
888 173
889 178
890 152
891 185
892 165
893 169
894 152
895 175
896 172
897 181
898 167
899 163
900 164
901 177
902 187
903 187
904 171
905 173
906 150
907 133
908 171
909 149
910 147
911 167
912 167
913 166
914 171
915 166
916 169
917 140
918 150
919 159
920 154
921 140
922 158
923 165
924 171
925 162
926 160
927 154
928 144
929 156
930 160
931 158
932 161
933 136
934 149
935 165
936 142
937 165
938 167
939 173
940 156
941 155
942 169
943 147
944 156
945 141
946 175
947 158
948 133
949 136
950 161
951 147
952 161
953 131
954 142
955 135
956 146
957 153
958 142
959 145
960 159
961 151
962 129
963 152
964 128
965 148
966 138
967 120
968 140
969 156
970 139
971 144
972 135
973 146
974 123
975 135
976 128
977 149
978 156
979 132
980 134
981 133
982 128
983 150
984 127
985 145
986 131
987 131
988 152
989 138
990 140
991 126
992 137
993 157
994 137
995 119
996 113
997 145
998 136
999 129
1000 140
1001 98
1002 128
1003 142
1004 143
1005 139
1006 123
1007 129
1008 138
1009 122
1010 127
1011 123
1012 133
1013 155
1014 132
1015 142
1016 127
1017 122
1018 117
1019 106
1020 143
1021 106
1022 122
1023 115
1024 122
1025 124
1026 109
1027 121
1028 129
1029 133
1030 113
1031 134
1032 120
1033 107
1034 100
1035 121
1036 125
1037 118
1038 113
1039 123
1040 118
1041 109
1042 121
1043 123
1044 113
1045 132
1046 115
1047 114
1048 130
1049 124
1050 119
1051 112
1052 108
1053 104
1054 108
1055 120
1056 108
1057 119
1058 137
1059 120
1060 108
1061 108
1062 116
1063 119
1064 114
1065 107
1066 94
1067 105
1068 109
1069 117
1070 107
1071 101
1072 107
1073 117
1074 114
1075 115
1076 120
1077 107
1078 102
1079 105
1080 99
1081 124
1082 126
1083 114
1084 106
1085 101
1086 112
1087 105
1088 108
1089 115
1090 107
1091 96
1092 107
1093 104
1094 115
1095 104
1096 114
1097 134
1098 117
1099 105
1100 118
1101 107
1102 121
1103 115
1104 108
1105 109
1106 100
1107 108
1108 104
1109 111
1110 97
1111 100
1112 100
1113 83
1114 92
1115 111
1116 111
1117 89
1118 100
1119 91
1120 88
1121 105
1122 109
1123 102
1124 91
1125 106
1126 82
1127 101
1128 91
1129 116
1130 88
1131 89
1132 94
1133 117
1134 93
1135 93
1136 94
1137 84
1138 106
1139 90
1140 94
1141 93
1142 99
1143 99
1144 107
1145 105
1146 96
1147 92
1148 103
1149 109
1150 96
1151 94
1152 109
1153 108
1154 95
1155 89
1156 84
1157 108
1158 89
1159 94
1160 94
1161 93
1162 94
1163 78
1164 81
1165 79
1166 103
1167 88
1168 92
1169 100
1170 81
1171 110
1172 95
1173 85
1174 84
1175 77
1176 81
1177 87
1178 97
1179 109
1180 83
1181 85
1182 86
1183 94
1184 92
1185 86
1186 86
1187 102
1188 92
1189 95
1190 101
1191 96
1192 100
1193 98
1194 82
1195 89
1196 90
1197 95
1198 80
1199 91
1200 72
1201 99
1202 61
1203 72
1204 98
1205 100
1206 65
1207 78
1208 95
1209 85
1210 80
1211 69
1212 72
1213 90
1214 74
1215 102
1216 95
1217 102
1218 79
1219 83
1220 78
1221 73
1222 87
1223 72
1224 84
1225 72
1226 78
1227 89
1228 77
1229 80
1230 76
1231 79
1232 80
1233 74
1234 79
1235 82
1236 83
1237 73
1238 77
1239 94
1240 78
1241 88
1242 76
1243 76
1244 66
1245 75
1246 88
1247 71
1248 76
1249 73
1250 70
1251 77
1252 79
1253 73
1254 79
1255 79
1256 89
1257 64
1258 75
1259 88
1260 81
1261 87
1262 80
1263 73
1264 73
1265 71
1266 69
1267 81
1268 73
1269 60
1270 64
1271 89
1272 69
1273 66
1274 80
1275 82
1276 73
1277 61
1278 78
1279 71
1280 70
1281 60
1282 69
1283 50
1284 68
1285 74
1286 64
1287 69
1288 74
1289 79
1290 71
1291 69
1292 71
1293 66
1294 60
1295 76
1296 61
1297 63
1298 54
1299 62
1300 60
1301 56
1302 85
1303 74
1304 71
1305 48
1306 84
1307 72
1308 66
1309 64
1310 57
1311 87
1312 65
1313 63
1314 62
1315 60
1316 64
1317 91
1318 60
1319 72
1320 65
1321 52
1322 64
1323 66
1324 69
1325 69
1326 64
1327 63
1328 60
1329 69
1330 46
1331 70
1332 61
1333 64
1334 66
1335 59
1336 64
1337 59
1338 67
1339 60
1340 46
1341 70
1342 68
1343 59
1344 63
1345 53
1346 54
1347 65
1348 61
1349 67
1350 48
1351 74
1352 70
1353 64
1354 61
1355 45
1356 75
1357 62
1358 57
1359 71
1360 68
1361 59
1362 53
1363 67
1364 54
1365 55
1366 62
1367 55
1368 60
1369 48
1370 57
1371 51
1372 60
1373 53
1374 65
1375 59
1376 55
1377 65
1378 53
1379 57
1380 54
1381 66
1382 56
1383 65
1384 64
1385 43
1386 71
1387 53
1388 62
1389 41
1390 54
1391 61
1392 56
1393 58
1394 49
1395 62
1396 53
1397 62
1398 45
1399 52
1400 55
1401 61
1402 50
1403 65
1404 50
1405 61
1406 53
1407 52
1408 55
1409 63
1410 54
1411 40
1412 66
1413 54
1414 56
1415 49
1416 55
1417 44
1418 66
1419 57
1420 46
1421 55
1422 48
1423 66
1424 58
1425 57
1426 58
1427 40
1428 48
1429 53
1430 44
1431 44
1432 45
1433 45
1434 60
1435 46
1436 41
1437 52
1438 49
1439 43
1440 56
1441 44
1442 53
1443 49
1444 49
1445 52
1446 54
1447 62
1448 54
1449 51
1450 47
1451 47
1452 51
1453 58
1454 56
1455 48
1456 61
1457 52
1458 51
1459 61
1460 63
1461 36
1462 63
1463 56
1464 37
1465 53
1466 57
1467 51
1468 48
1469 49
1470 38
1471 28
1472 40
1473 50
1474 44
1475 46
1476 33
1477 56
1478 42
1479 55
1480 46
1481 45
1482 41
1483 53
1484 44
1485 45
1486 38
1487 32
1488 45
1489 39
1490 34
1491 48
1492 50
1493 51
1494 51
1495 41
1496 43
1497 42
1498 33
1499 45
1500 36
1501 45
1502 47
1503 38
1504 46
1505 54
1506 34
1507 39
1508 51
1509 37
1510 27
1511 38
1512 46
1513 35
1514 49
1515 40
1516 41
1517 41
1518 40
1519 40
1520 45
1521 40
1522 50
1523 42
1524 55
1525 49
1526 34
1527 36
1528 31
1529 45
1530 32
1531 45
1532 37
1533 40
1534 37
1535 48
1536 38
1537 37
1538 42
1539 29
1540 43
1541 38
1542 35
1543 33
1544 48
1545 41
1546 34
1547 47
1548 38
1549 36
1550 39
1551 43
1552 30
1553 32
1554 35
1555 35
1556 33
1557 32
1558 42
1559 35
1560 46
1561 39
1562 36
1563 29
1564 44
1565 38
1566 35
1567 37
1568 34
1569 41
1570 32
1571 42
1572 29
1573 49
1574 36
1575 38
1576 49
1577 39
1578 44
1579 38
1580 42
1581 35
1582 29
1583 33
1584 36
1585 34
1586 27
1587 27
1588 37
1589 25
1590 39
1591 24
1592 28
1593 34
1594 34
1595 25
1596 42
1597 22
1598 33
1599 37
1600 45
1601 28
1602 40
1603 33
1604 26
1605 21
1606 34
1607 39
1608 42
1609 38
1610 28
1611 39
1612 31
1613 44
1614 45
1615 32
1616 33
1617 39
1618 35
1619 35
1620 31
1621 45
1622 18
1623 30
1624 31
1625 31
1626 38
1627 34
1628 37
1629 34
1630 36
1631 32
1632 23
1633 35
1634 23
1635 33
1636 26
1637 29
1638 38
1639 28
1640 33
1641 27
1642 27
1643 30
1644 26
1645 34
1646 27
1647 26
1648 36
1649 29
1650 37
1651 27
1652 34
1653 26
1654 26
1655 28
1656 35
1657 32
1658 36
1659 27
1660 32
1661 29
1662 28
1663 34
1664 22
1665 28
1666 22
1667 23
1668 20
1669 19
1670 19
1671 18
1672 24
1673 29
1674 31
1675 33
1676 27
1677 28
1678 30
1679 19
1680 30
1681 22
1682 23
1683 28
1684 23
1685 30
1686 19
1687 30
1688 24
1689 22
1690 37
1691 16
1692 20
1693 34
1694 21
1695 20
1696 28
1697 24
1698 21
1699 27
1700 26
1701 31
1702 22
1703 24
1704 19
1705 34
1706 20
1707 22
1708 27
1709 20
1710 21
1711 24
1712 22
1713 18
1714 15
1715 18
1716 25
1717 16
1718 21
1719 23
1720 23
1721 23
1722 34
1723 23
1724 30
1725 20
1726 23
1727 16
1728 23
1729 22
1730 27
1731 25
1732 24
1733 24
1734 31
1735 23
1736 21
1737 22
1738 17
1739 20
1740 22
1741 18
1742 28
1743 16
1744 17
1745 19
1746 19
1747 18
1748 26
1749 18
1750 18
1751 16
1752 25
1753 23
1754 30
1755 17
1756 25
1757 23
1758 25
1759 18
1760 30
1761 23
1762 14
1763 14
1764 22
1765 30
1766 13
1767 13
1768 25
1769 16
1770 20
1771 13
1772 20
1773 21
1774 14
1775 16
1776 17
1777 21
1778 17
1779 10
1780 12
1781 24
1782 17
1783 18
1784 21
1785 10
1786 21
1787 19
1788 15
1789 13
1790 22
1791 27
1792 14
1793 20
1794 12
1795 13
1796 9
1797 21
1798 16
1799 16
1800 12
1801 18
1802 18
1803 13
1804 8
1805 12
1806 16
1807 16
1808 20
1809 14
1810 12
1811 14
1812 14
1813 17
1814 17
1815 19
1816 17
1817 20
1818 18
1819 13
1820 10
1821 20
1822 13
1823 20
1824 10
1825 12
1826 19
1827 21
1828 15
1829 20
1830 11
1831 16
1832 13
1833 12
1834 17
1835 19
1836 16
1837 10
1838 15
1839 21
1840 17
1841 14
1842 11
1843 9
1844 21
1845 11
1846 11
1847 15
1848 25
1849 8
1850 8
1851 20
1852 14
1853 13
1854 19
1855 17
1856 18
1857 14
1858 19
1859 6
1860 12
1861 13
1862 12
1863 8
1864 14
1865 12
1866 16
1867 9
1868 10
1869 12
1870 15
1871 13
1872 12
1873 10
1874 8
1875 15
1876 15
1877 8
1878 13
1879 12
1880 21
1881 13
1882 14
1883 18
1884 10
1885 6
1886 11
1887 12
1888 17
1889 7
1890 16
1891 7
1892 14
1893 14
1894 14
1895 8
1896 12
1897 13
1898 13
1899 10
1900 7
1901 17
1902 12
1903 10
1904 10
1905 13
1906 9
1907 8
1908 15
1909 7
1910 11
1911 12
1912 7
1913 6
1914 16
1915 10
1916 9
1917 13
1918 8
1919 10
1920 10
1921 11
1922 9
1923 12
1924 7
1925 9
1926 13
1927 16
1928 13
1929 14
1930 6
1931 4
1932 14
1933 11
1934 7
1935 7
1936 7
1937 7
1938 10
1939 14
1940 6
1941 7
1942 11
1943 9
1944 10
1945 9
1946 10
1947 12
1948 8
1949 10
1950 5
1951 7
1952 4
1953 12
1954 5
1955 9
1956 8
1957 5
1958 6
1959 10
1960 12
1961 9
1962 10
1963 4
1964 11
1965 7
1966 3
1967 10
1968 14
1969 7
1970 8
1971 11
1972 10
1973 7
1974 4
1975 9
1976 5
1977 9
1978 16
1979 5
1980 8
1981 3
1982 9
1983 4
1984 1
1985 5
1986 11
1987 7
1988 7
1989 5
1990 4
1991 2
1992 4
1993 2
1994 5
1995 4
1996 6
1997 5
1998 5
1999 9
2000 5
2001 8
2002 4
2003 7
2004 6
2005 4
2006 3
2007 7
2008 6
2009 7
2010 2
2011 5
2012 4
2013 2
2014 7
2015 3
2016 0
2017 4
2018 8
2019 6
2020 5
2021 7
2022 5
2023 3
2024 7
2025 4
2026 7
2027 6
2028 6
2029 4
2030 5
2031 7
2032 7
2033 8
2034 4
2035 6
2036 3
2037 2
2038 6
2039 5
2040 0
2041 3
2042 5
2043 9
2044 2
2045 4
2046 3
2047 3
2048 6
2049 5
2050 8
2051 5
2052 4
2053 3
2054 3
2055 4
2056 4
2057 2
2058 1
2059 2
2060 4
2061 5
2062 2
2063 3
2064 2
2065 3
2066 3
2067 3
2068 2
2069 4
2070 3
2071 1
2072 3
2073 5
2074 1
2075 5
2076 2
2077 1
2078 3
2079 3
2080 2
2081 3
2082 0
2083 1
2084 3
2085 1
2086 3
2087 9
2088 3
2089 6
2090 2
2091 1
2092 2
2093 1
2094 0
2095 4
2096 3
2097 2
2098 2
2099 5
2100 4
2101 3
2102 1
2103 0
2104 3
2105 0
2106 1
2107 2
2108 4
2109 4
2110 5
2111 4
2112 4
2113 1
2114 2
2115 6
2116 3
2117 1
2118 4
2119 3
2120 0
2121 0
2122 0
2123 1
2124 2
2125 1
2126 0
2127 2
2128 0
2129 2
2130 3
2131 1
2132 3
2133 1
2134 0
2135 2
2136 1
2137 0
2138 2
2139 2
2140 1
2141 3
2142 2
2143 3
2144 1
2145 2
2146 1
2147 5
2148 1
2149 1
2150 3
2151 4
2152 0
2153 1
2154 1
2155 1
2156 2
2157 2
2158 0
2159 0
2160 1
2161 0
2162 1
2163 2
2164 1
2165 0
2166 1
2167 0
2168 1
2169 1
2170 0
2171 2
2172 2
2173 1
2174 3
2175 0
2176 1
2177 1
2178 1
2179 1
2180 2
2181 0
2182 2
2183 0
2184 1
2185 0
2186 2
2187 2
2188 1
2189 2
2190 1
2191 0
2192 1
2193 0
2194 0
2195 0
2196 0
2197 1
2198 1
2199 0
2200 0
2201 1
2202 1
2203 0
2204 1
2205 1
2206 1
2207 1
2208 2
2209 1
2210 2
2211 1
2212 1
2213 1
2214 0
2215 0
2216 0
2217 0
2218 0
2219 2
2220 2
2221 0
2222 0
2223 1
2224 1
2225 1
2226 2
2227 0
2228 0
2229 1
2230 0
2231 0
2232 2
2233 0
2234 0
2235 1
2236 0
2237 0
2238 0
2239 0
2240 0
2241 0
2242 0
2243 1
2244 0
2245 0
2246 0
2247 0
2248 0
2249 1
2250 0
2251 1
2252 0
2253 0
2254 0
2255 0
2256 0
2257 1
2258 1
2259 1
2260 0
2261 0
2262 2
2263 2
2264 1
2265 0
2266 0
2267 0
2268 1
2269 1
2270 0
2271 1
2272 0
2273 0
2274 0
2275 0
2276 0
2277 0
2278 1
2279 1
2280 0
2281 0
2282 0
2283 0
2284 0
2285 0
2286 0
2287 0
2288 0
2289 1
2290 0
2291 0
2292 0
2293 0
2294 0
2295 0
2296 0
2297 1
2298 0
2299 0
2300 1
2301 0
2302 0
2303 0
2304 0
2305 0
2306 1
2307 0
2308 0
2309 0
2310 0
2311 0
2312 0
2313 0
2314 0
2315 0
2316 0
2317 0
2318 1
2319 0
2320 0
2321 0
2322 1
2323 0
2324 0
2325 0
2326 0
2327 0
2328 0
2329 2
2330 0
2331 0
2332 0
2333 1
2334 0
2335 0
2336 0
2337 0
2338 0
2339 0
2340 0
2341 1
2342 0
2343 0
2344 1
2345 0
2346 0
2347 0
2348 1
2349 0
2350 0
2351 0
2352 0
2353 0
2354 0
2355 0
2356 0
2357 0
2358 0
2359 0
2360 0
2361 0
2362 0
2363 0
2364 0
2365 0
2366 0
2367 0
2368 0
2369 0
2370 0
2371 0
2372 0
2373 0
2374 0
2375 0
2376 0
2377 0
2378 0
2379 0
2380 0
2381 0
2382 0
2383 0
2384 0
2385 0
2386 0
2387 0
2388 0
2389 0
2390 0
2391 0
2392 0
2393 0
2394 0
2395 0
2396 0
2397 0
2398 0
2399 0
2400 0
2401 0
2402 0
2403 0
2404 0
2405 0
2406 0
2407 0
2408 0
2409 0
2410 0
2411 0
2412 0
2413 0
2414 0
2415 0
2416 0
2417 0
2418 0
2419 0
2420 0
2421 0
2422 0
2423 0
2424 0
2425 1
