0 0 0
1 2.200953145367272 0.0
2 2.393473856274118 0.0
3 2.7134091675321077 -0.6667813111466123
4 3.0415019479848016 -0.8536628008556482
5 3.3510035261546527 -1.0286964249182704
6 3.6435079249058866 -1.1555527145600166
7 3.9194312605395965 -1.3017940289821541
8 4.184490496009523 -1.4183719523870961
9 4.439410565161697 -1.5448259796317707
10 4.684279080050188 -1.6481632803015842
11 4.921602993341329 -1.7585221613287203
12 5.1469574224515675 -1.8525164876709734
13 5.365464096908661 -1.953679646190372
14 5.579780441106566 -2.0404315855379984
15 5.784793100643727 -2.1342356414757173
16 5.985314925354299 -2.2168631870865165
17 6.18189434365769 -2.3055006953435266
18 6.369309545060848 -2.383329688985468
19 6.557493002957839 -2.466539654987681
20 6.735576853399234 -2.541538109955404
21 6.907927892068221 -2.6216572716244513
22 7.086318050706747 -2.6935587491481696
23 7.248003324155531 -2.771630530756721
24 7.413341799068758 -2.8413435520821793
25 7.5647911142087 -2.916597292620596
26 7.716591987706296 -2.985136767608969
27 7.873817643514986 -3.055754305022141
28 8.011904709358246 -3.121367142422974
29 8.159115277827379 -3.1906975183033826
30 8.29550786203058 -3.254394034907303
31 8.42737995542499 -3.3250427839421626
32 8.576064203373255 -3.385585951432488
33 8.694748268676225 -3.449027742089005
34 8.830497151781604 -3.5134890366586373
35 8.95150075734077 -3.5780247079964584
36 9.06582915289945 -3.6380518178270136
37 9.193356080740365 -3.6983494882354986
38 9.30162948390492 -3.7609013839283114
39 9.420456026354575 -3.821300537870963
40 9.528030282195752 -3.882916286859744
41 9.630952871282842 -3.940750657641708
42 9.744900274054851 -4.000328252518547
43 9.843590448692968 -4.058073035675928
44 9.945285327921614 -4.117536819737427
45 10.046958114558715 -4.171352261120268
46 10.148593796657332 -4.228152952553915
47 10.231634455527846 -4.282420112985428
48 10.333458419139516 -4.334697465078146
49 10.415364512379407 -4.394794919139193
50 10.512739066302625 -4.4545868921114895
51 10.589520336971047 -4.5037776234060125
52 10.673650760329274 -4.559918651959052
53 10.752642050052676 -4.612354258866273
54 10.840760083691835 -4.668523045720252
55 10.915383582480525 -4.717688306709856
56 10.982136253733467 -4.771433049588106
57 11.063697460227306 -4.831197938481207
58 11.119531806625451 -4.880837390289105
59 11.214156225707846 -4.931678569539672
60 11.276953027385105 -4.973739007797347
61 11.343267934624508 -5.026191680821076
62 11.398297888886203 -5.079741195661436
63 11.489029079606453 -5.132624339283531
64 11.525929830493865 -5.183407744234589
65 11.595711800016744 -5.232949222567854
66 11.66488596290426 -5.2811303110388295
67 11.710719327765032 -5.331023973344079
68 11.78682996787797 -5.382070189584264
69 11.828884399126075 -5.4247555192864825
70 11.911724781701489 -5.473994392738049
71 11.955817800614067 -5.528079146758158
72 11.995968722756547 -5.578410497105305
73 12.051983956128623 -5.627244650468577
74 12.086545382535169 -5.671336579467177
75 12.147733824730878 -5.718545552009201
76 12.181389908608265 -5.766907902820407
77 12.21953610251372 -5.823346930853012
78 12.290179466690526 -5.870227590804875
79 12.323798917778985 -5.897540112885566
80 12.372853456892978 -5.956846537471455
81 12.382849599641592 -6.007119773267423
82 12.46785875866268 -6.061372949823035
83 12.492068613821901 -6.084216568241715
84 12.546905747468468 -6.133750420704189
85 12.569012503717028 -6.182453585002803
86 12.598420097940217 -6.2378653449112855
87 12.647174222345155 -6.2711550046705575
88 12.718556022214745 -6.3446917893057995
89 12.727750572046144 -6.377306948602419
90 12.746028809891309 -6.404465276061956
91 12.773610155155113 -6.4432753603437325
92 12.849645024236423 -6.497611535613245
93 12.848326887870614 -6.545512961818985
94 12.890743838902809 -6.584838806601306
95 12.942151884079028 -6.64999237546133
96 12.913936197453506 -6.67195175724316
97 12.960269339498975 -6.709258883699866
98 13.012168215308227 -6.776070156572255
99 13.026175416781742 -6.804964927230908
100 13.023366710128233 -6.859704311114556
101 13.038233895841618 -6.897657336683391
102 13.08629583822239 -6.935756873301536
103 13.11681987926739 -6.991767669011601
104 13.143870629032481 -7.035558481011553
105 13.11440358769651 -7.069633947542911
106 13.15333995296879 -7.098015577478742
107 13.186624976390593 -7.150942653827148
108 13.253612476134075 -7.194231591681848
109 13.278857278061416 -7.226967632724611
110 13.26906666290049 -7.269558143407235
111 13.26860748440615 -7.330594952499159
112 13.289908241821376 -7.363513559323118
113 13.380872094778907 -7.423610902542821
114 13.346672366621068 -7.423342864015534
115 13.33588108026802 -7.483087335467563
116 13.38006258397757 -7.535580090974284
117 13.417870488641313 -7.576163099495813
118 13.419510648614375 -7.622893561731052
119 13.369291578566393 -7.626709723505868
120 13.433085440294276 -7.68986386197152
121 13.437140034075615 -7.753054302191323
122 13.43823784405714 -7.760392321087531
123 13.475170667367902 -7.827853909582753
124 13.461971486004831 -7.857304068434077
125 13.514713407564305 -7.875305044558368
126 13.511872465636403 -7.944944189654009
127 13.528338032729382 -7.963085135611161
128 13.532136872760372 -7.998766063135411
129 13.502900202099774 -8.04226934230783
130 13.561087826024478 -8.084453786500141
131 13.59064676714327 -8.153109062496215
132 13.539412754815785 -8.17014177690172
133 13.626132085071742 -8.208082313307782
134 13.538623936934993 -8.243569266731555
135 13.615127680493185 -8.285932847831335
136 13.566726755140827 -8.31901146296266
137 13.617556747673573 -8.347811189286032
138 13.638931332269419 -8.403861835197809
139 13.64254853373535 -8.46731411987848
140 13.613148931778305 -8.47784810477675
141 13.621410879184301 -8.526790137248463
142 13.61841222144911 -8.581793002612892
143 13.644741291849847 -8.632602286483166
144 13.676365767202375 -8.59667211424114
145 13.595519422805458 -8.719683896656646
146 13.620820643372674 -8.738097725508926
147 13.645900182485466 -8.745487229705677
148 13.600853522512349 -8.757806977260179
149 13.577356492268587 -8.815670728413652
150 13.581155662427209 -8.88102837783785
151 13.702768543566233 -8.923384114371494
152 13.675581880119738 -8.919956896972334
153 13.710635997285307 -8.999750639076424
154 13.767118503053231 -8.967709157418765
155 13.775414381170838 -9.04902660264191
156 13.70615848476925 -9.109243025363275
157 13.668498328245384 -9.141865953526777
158 13.707962232722576 -9.180421907087707
159 13.694617816852231 -9.236277363188044
160 13.733405133250896 -9.279359980733682
161 13.710818370477307 -9.287994277852734
162 13.678935449939598 -9.345834495229887
163 13.671629079993036 -9.343997009186072
164 13.712643403555882 -9.388760652629916
165 13.727768525822693 -9.400236131732886
166 13.69027616431253 -9.49626466476756
167 13.698375929261337 -9.50184888072535
168 13.703563812953 -9.540963661344577
169 13.65287819211906 -9.58235966117172
170 13.701140340973241 -9.574393866944682
171 13.669188184781833 -9.675854330755907
172 13.68504662915348 -9.711540975035943
173 13.750986012382482 -9.73898973839248
174 13.627390470846777 -9.781723147689567
175 13.682756688110754 -9.76253294140395
176 13.62802617562015 -9.853280316332803
177 13.618278701760051 -9.905363386852374
178 13.718982642024107 -9.939454485463944
179 13.678870677477407 -9.906647401542456
180 13.665927374374991 -10.008539768576792
181 13.668017876166674 -9.975123664953012
182 13.674510766880163 -10.011346525203923
183 13.696359303032633 -10.113043696697941
184 13.635496724426421 -10.139640032193077
185 13.669266578066335 -10.168227914270778
186 13.716954435920677 -10.233718649740458
187 13.56292550381161 -10.23622732190526
188 13.614172013820335 -10.287213442611177
189 13.622430155976481 -10.340557606290712
190 13.646317542412913 -10.333695982914325
191 13.583543536657276 -10.372627667822297
192 13.66552722191726 -10.356393691470098
193 13.63640694113644 -10.474449408736614
194 13.787232009451335 -10.415641712469066
195 13.682976842849566 -10.482392364444893
196 13.596319106919033 -10.509881575518529
197 13.65547592796766 -10.589159213817124
198 13.683705890622804 -10.6239730905419
199 13.648322326729371 -10.710260822160514
200 13.53471925393433 -10.681651153098082
201 13.741035342250822 -10.718854885778283
202 13.561628023687645 -10.7830219257808
203 13.550518028203758 -10.803366086694895
204 13.66258623590779 -10.807113200566544
205 13.511804013686435 -10.871406132362102
206 13.49616427230923 -10.853801146840741
207 13.54321276809315 -10.857830236540046
208 13.562757915079862 -11.037752573581256
209 13.445388349514563 -11.0682432821221
210 13.487165522140659 -11.137863663367165
211 13.706560497277502 -11.051694506872273
212 13.499674826676483 -11.110943838261134
213 13.590184002625003 -11.144705045569609
214 13.628037861345613 -11.112101129222177
215 13.650861956550088 -11.2040969250077
216 13.491388260348728 -11.216820947832165
217 13.496312824838771 -11.301588665893105
218 13.449407550289337 -11.291177155950832
219 13.539843409566917 -11.30539266470702
220 13.502742676622631 -11.347249533605607
221 13.556794132142754 -11.386709388082576
222 13.52297416433812 -11.505601963036442
223 13.296958937235036 -11.540788076962057
224 13.550948159093707 -11.410554527748088
225 13.514175763763449 -11.475825933484089
226 13.3840225143113 -11.5949533624572
227 13.555222750687095 -11.513234999283975
228 13.628928196322292 -11.626035586105143
229 13.616842393068918 -11.608002199917504
230 13.644788581129069 -11.806502178126387
231 13.519692160374515 -11.73340847024145
232 13.55533231972198 -11.806845673101154
233 13.493586454592098 -11.789157749285003
234 13.427014593310457 -11.748579694208818
235 13.656925152488267 -11.852668050817472
236 13.579660090928604 -11.827823579027562
237 13.368238144411787 -11.848733857635935
238 13.359268620816177 -11.994992478122992
239 13.352233211868818 -12.112249962238094
240 13.260360114867838 -11.992081233106875
241 13.257588805166845 -12.112856025913102
242 13.221530423424404 -12.097353195754179
243 13.331083346371337 -12.043223358116482
244 13.58090089271517 -12.156590832132423
245 13.265011171104078 -12.081667174397538
246 13.385228317499234 -12.256556536014775
247 13.367514198758657 -12.238197228171643
248 13.32515231918239 -12.309804054397345
249 13.331185534826803 -12.146023795700136
250 13.395117380403677 -12.418396243008408
251 13.411671184320268 -12.434127946127946
252 13.44118264888142 -12.288348777431187
253 13.54509644118446 -12.416976813428114
254 13.363104395604395 -12.521695467636805
255 13.27840941070524 -12.51240484780485
256 13.256302762304026 -12.619179765703977
257 13.26366465951072 -12.64439131220992
258 13.377276873730983 -12.535350007703764
259 13.103172688340672 -12.551964352955943
260 13.589463619259122 -12.766150969058144
261 13.018056209766055 -12.56976392251816
262 13.645067698259188 -12.84550915394978
263 13.23948540326571 -12.866725765005555
264 13.213008456164978 -12.817152306551861
265 13.145980947214971 -12.750702971225044
266 13.601956461835217 -12.85689064777184
267 13.245256874866767 -12.892154613406108
268 13.22817309433279 -13.001272940740282
269 13.363952627683197 -12.99872649636677
270 13.564340505144996 -13.000883313064072
271 13.278252538800537 -13.02120265980378
272 13.220942040306202 -13.144832798536159
273 13.274773341816447 -13.143546229614516
274 13.09614063447161 -13.128078952779111
275 13.312926585650075 -13.042799314086526
276 13.2106417311432 -13.32222875245481
277 13.232988102370966 -13.055866816071715
278 13.225202934409863 -13.279662524836155
279 13.06060740216044 -13.249868101719954
280 12.83935688405797 -13.446998976489818
281 13.036306054068941 -13.399766791044776
282 12.960906409476099 -13.394357486084019
283 13.202070314363402 -13.464764312219467
284 12.96550385716365 -13.453132468559938
285 13.211153408810006 -13.29508113761344
286 13.299969375255206 -13.790413695704592
287 13.153038645602841 -13.631384056452177
288 13.437171398527866 -13.54190233197138
289 13.002901609074122 -13.60126056490645
290 13.262660109171486 -13.606637679564093
291 12.873237879374205 -13.35771458563743
292 13.204266727511266 -13.642145637737578
293 12.905576900686926 -13.571631758402338
294 13.076219692053566 -13.641091338551155
295 12.95373241116146 -13.635594774705007
296 13.208404281196788 -13.980858468677495
297 12.901998510427012 -13.840755082284607
298 13.165254237288135 -13.93879823547047
299 13.191475704473971 -13.719809379399978
300 13.265510648117624 -13.818173766716853
301 13.140808256819248 -13.87906934595954
302 13.058851773098292 -14.20212105178403
303 13.091577399705944 -13.90788517867604
304 12.616192435961116 -13.933553307988428
305 13.026586058707844 -14.084310222461516
306 13.013079139880293 -14.199369758324648
307 12.935379765836085 -14.241962517141552
308 13.50695302843016 -14.127974493234486
309 13.186559600841974 -14.261348403206728
310 13.340801886792454 -13.88053825202923
311 13.199166466297989 -14.520029816957013
312 13.459209766559432 -14.253925677563565
313 13.324572382144346 -14.47232818994477
314 13.221398483572031 -14.387043999885194
315 12.975765416127642 -14.260217188229799
316 12.784507548526241 -14.311286801581215
317 13.213857609880131 -14.352887343278118
318 12.790471785383904 -14.060693010635312
319 12.984271366306613 -14.338923718295517
320 13.288622637833626 -14.326790024135157
321 12.898067301088982 -14.736754262525771
322 12.881719347694785 -14.607466364726255
323 12.815559889151185 -14.989526458569417
324 13.245773069871664 -15.067731584821429
325 12.643082754264055 -14.719174208144796
326 13.130758591339504 -14.64555559526788
327 12.806181303732725 -14.78745503927182
328 12.902242152466368 -14.792987636095221
329 12.77342796939115 -14.768438015290062
330 12.691548001837392 -14.436513782809289
331 12.466931062638515 -14.860631281407036
332 13.262089552238805 -14.934800746950614
333 13.029878273699742 -14.866731675605395
334 12.937161829808165 -15.083552879187053
335 12.87133917396746 -14.898733635663557
336 12.8345370131545 -15.241206464436955
337 13.33385785470758 -15.381786108048512
338 13.228675380676458 -15.032357541899442
339 12.781876391982182 -15.125439624853458
340 12.768736915561758 -15.449069767441861
341 12.643806561085972 -15.344786841856509
342 12.96243654822335 -14.952184666117065
343 12.547502593745369 -15.414868575912122
344 12.8585199466113 -15.79526066350711
345 12.874981171863233 -15.473367609254499
346 13.23776332094176 -15.560202589807853
347 12.861518825781749 -15.4138836378912
348 12.828266751551807 -15.523580622763445
349 12.860759493670885 -14.893134715025907
350 12.880240521129114 -15.534390365173195
351 12.609543010752688 -15.072825354012137
352 12.826797960260242 -15.241005106778088
353 12.651329601119665 -15.52353938826832
354 12.645518996546082 -15.615142143451886
355 12.670935412026726 -15.012495472654836
356 13.399103139013453 -15.682095309194974
357 12.605573833946197 -15.711503424012063
358 12.537480680061824 -15.342147694292164
359 12.907734589713389 -15.61618626739661
360 12.236266005782735 -16.229961639410458
361 12.723536737235367 -16.15627938213566
362 12.981062165500205 -15.550257643421505
363 13.052901023890785 -15.958979808714133
364 12.652523447967843 -15.980602498163115
365 12.870020031159582 -15.873900510015522
366 12.70330426801285 -16.39112754158965
367 13.190656865069956 -16.01809885931559
368 12.61439411358933 -16.20493041749503
369 12.933285163776493 -16.63989972505256
370 12.766831683168316 -16.28187865672838
371 12.148524671460452 -16.181952420016408
372 13.238864415075868 -16.10521454362247
373 12.815904983217145 -15.597652262674378
374 12.604886924876528 -15.752167880679847
375 12.747030237580994 -16.889989481065918
376 12.536853685368538 -15.83413439738823
377 12.861157484696717 -15.86387338761321
378 12.350471293916025 -16.18481443006894
379 12.920104590354445 -17.25769084694265
380 11.974358974358974 -16.311478561815036
381 12.180422820735592 -16.053376585078148
382 12.651111807077983 -16.04790776264785
383 12.717724288840262 -15.902516366612112
384 13.181961526332387 -16.486745982049676
385 12.303768680961664 -16.550671034555638
386 12.87053861129137 -16.440679812615752
387 12.438950554994955 -16.982730172698272
388 12.66732154551408 -16.843767191110132
389 12.149081007488087 -15.907595221996845
390 12.373940677966102 -16.762741447521528
391 12.5278276481149 -15.34856535600425
392 12.759040333796941 -16.48686281632159
393 13.26952695269527 -16.79592570401438
394 12.3570100409074 -15.828693253072485
395 13.23847619047619 -17.52185964470203
396 12.230416507451281 -16.854303781133048
397 12.072998430141288 -17.18312597200622
398 12.024190241902419 -16.734395750332006
399 12.099080267558529 -17.029293200752488
400 12.602801812937784 -16.55596405228758
401 12.091779034362766 -17.119271278109878
402 11.959841129744042 -17.861878453038674
403 13.143932683790965 -16.087065779748706
404 13.014828544949028 -16.84389724882201
405 12.39051094890511 -17.163688673531194
406 12.7731673582296 -17.516954474097332
407 13.127953633526527 -17.15184
408 13.208292201382033 -17.15415208399618
409 12.282211538461539 -17.313984610237537
410 12.195597798899449 -18.100502512562816
411 13.200312174817897 -16.684463604709002
412 12.8765625 -16.572190730243413
413 11.945945945945946 -17.31765531765532
414 12.838897721250662 -17.657278712509143
415 13.755720823798628 -16.534989950666912
416 12.742279618192027 -18.478968544257498
417 12.398179749715586 -17.665522501906942
418 12.667067307692308 -17.968713789107763
419 12.402873204247346 -16.297189555511263
420 11.771745835903763 -17.359884440775897
421 12.236490781945328 -17.613824503311257
422 13.117350157728707 -17.960587002096435
423 12.408947700063012 -17.997689561016593
424 12.51586765698852 -17.010918432883752
425 12.738079686479425 -16.374031007751938
426 12.901098901098901 -17.6992397137746
427 11.72463768115942 -17.59369202226345
428 12.033075299085151 -18.173669467787114
429 12.734352256186318 -18.096959540339956
430 12.500383729854182 -18.84148397976391
431 11.931952662721894 -18.510611735330837
432 12.283923303834808 -18.090274185204347
433 13.5 -18.057896033505788
434 12.810462471569371 -17.89364303178484
435 12.683794466403162 -17.97760999739651
436 13.265494137353434 -18.410283593957065
437 12.75309661436829 -18.463545870325532
438 10.886873920552677 -18.318567131528575
439 13.149266609145815 -19.293807275756734
440 13.187554776511831 -18.088378766140604
441 12.074041034790366 -18.878761822871883
442 11.203266787658801 -17.518901358535146
443 12.807692307692308 -18.108913813459267
444 11.970414201183432 -18.263366941643753
445 12.101555352241537 -17.219677419354838
446 13.03864734299517 -18.433926302414232
447 11.815320041972718 -17.350282485875706
448 11.64723926380368 -17.50101419878296
449 12.113227513227514 -19.408887357905616
450 12.938110749185668 -20.208707671043538
451 13.0353591160221 -19.479296066252587
452 11.763813651137594 -17.29297994269341
453 12.589856670341787 -17.516330275229357
454 12.465063001145475 -17.94772218073189
455 10.96103896103896 -19.381400602409638
456 12.94705174488568 -18.32730769230769
457 12.311787072243346 -18.85377358490566
458 12.96662693682956 -16.709225700164744
459 12.562889165628892 -18.73436196830692
460 13.288 -17.56267864434463
461 11.873697916666666 -18.701657458563535
462 11.051075268817204 -17.168690372940155
463 12.518716577540108 -18.664403903266866
464 12.351002865329512 -17.115024520731165
465 12.961333333333334 -18.285778577857787
466 11.251329787234043 -16.655619596541786
467 12.732510288065845 -19.542357274401475
468 12.472222222222221 -19.721734892787524
469 12.919308357348703 -17.467370441458733
470 14.135135135135135 -19.2866273352999
471 13.28613569321534 -18.167942583732057
472 12.729483282674773 -18.544810126582277
473 12.03448275862069 -19.842790213430504
474 12.10677966101695 -20.14489069649212
475 11.6048 -20.54646840148699
476 12.04513888888889 -16.578231292517007
477 12.352293577981651 -19.593509350935093
478 11.99304347826087 -19.554209919261822
479 10.445075757575758 -19.111177525403466
480 14.613287904599659 -17.82540638169777
481 11.7008547008547 -19.85731201894612
482 11.126 -16.854579207920793
483 11.504115226337449 -18.0444587628866
484 12.901768172888016 -20.752831445702864
485 12.508910891089108 -17.544631306597672
486 12.639442231075698 -17.39704896042924
487 11.306382978723404 -18.319573901464715
488 13.485477178423237 -18.229598893499308
489 11.172340425531916 -18.99074074074074
490 11.236401673640167 -19.823114869626497
491 12.478935698447893 -18.689122807017544
492 11.7987012987013 -20.62137296532201
493 11.5 -17.08858858858859
494 9.674300254452927 -18.796803652968038
495 12.1 -21.18933539412674
496 10.717948717948717 -20.962757527733757
497 12.775818639798489 -18.04734693877551
498 12.32054794520548 -19.533940397350992
499 12.56910569105691 -20.136950904392766
500 11.89196675900277 -21.608540925266905
501 10.748071979434448 -20.55068493150685
502 11.67758186397985 -20.407239819004523
503 11.792 -21.796762589928058
504 12.313782991202347 -19.6205083260298
505 12.00900900900901 -20.488527724665392
506 11.545714285714286 -20.31682242990654
507 12.357142857142858 -18.95924453280318
508 12.185410334346505 -21.023041474654377
509 11.45 -19.18862559241706
510 12.396610169491526 -17.561181434599156
511 11.150170648464163 -19.28998968008256
512 13.20923076923077 -19.256673511293634
513 11.775280898876405 -21.061122244488978
514 15.11654135338346 -18.580232558139535
515 11.790849673202615 -17.895652173913042
516 14.902527075812275 -22.38609112709832
517 11.813793103448276 -20.266506602641055
518 12.55109489051095 -20.537190082644628
519 13.244274809160306 -18.34710743801653
520 12.26595744680851 -23.39526627218935
521 17.00395256916996 -18.166047087980175
522 12.917322834645669 -18.72943980929678
523 12.125541125541126 -18.380195599022006
524 12.266129032258064 -19.295865633074936
525 11.907563025210084 -17.71578947368421
526 11.151111111111112 -19.97031039136302
527 10.80841121495327 -18.104565537555228
528 12.438095238095238 -16.660208643815203
529 13.91015625 -19.621657754010695
530 13.14691943127962 -22.042925278219396
531 12.568807339449542 -27.634493670886076
532 13.72289156626506 -20.397944199706313
533 11.941176470588236 -19.85243328100471
534 11.25 -19.085443037974684
535 12.274774774774775 -22.401244167962673
536 12.074074074074074 -20.433656957928804
537 10.948453608247423 -22.056384742951906
538 11.854922279792746 -19.967521367521368
539 13.182857142857143 -19.093577981651375
540 15.48913043478261 -20.557620817843866
541 11.389221556886227 -20.741410488245933
542 13.711538461538462 -16.49642857142857
543 10.0828025477707 -20.193548387096776
544 11.231292517006803 -22.14897579143389
545 10.386904761904763 -17.642857142857142
546 11.441717791411042 -18.852008456659618
547 11.360544217687075 -24.404339250493095
548 13.975 -22.177777777777777
549 13.847826086956522 -22.134171907756812
550 15.081632653061224 -20.09032258064516
551 10.93125 -21.351738241308794
552 10.776923076923078 -17.120906801007557
553 15.093525179856115 -25.037825059101653
554 13.605263157894736 -18.268558951965066
555 10.915384615384616 -19.364269141531324
556 12.638461538461538 -20.30392156862745
557 12.979452054794521 -23.78780487804878
558 13.390243902439025 -22.931707317073172
559 12.114754098360656 -17.4798927613941
560 12.827586206896552 -20.640750670241285
561 12.538461538461538 -17.89712918660287
562 13.219047619047618 -20.819371727748692
563 11.51086956521739 -25.252173913043478
564 9.25 -24.229299363057326
565 13.098214285714286 -20.288819875776397
566 11.181818181818182 -21.826747720364743
567 10.76923076923077 -19.564814814814813
568 15.037735849056604 -21.68633540372671
569 10.894736842105264 -18.64
570 11.375 -20.887878787878787
571 13.035294117647059 -28.884745762711866
572 12.772277227722773 -23.27457627118644
573 11.010416666666666 -26.29122807017544
574 9.051020408163266 -22.85171102661597
575 15.119565217391305 -24.545762711864406
576 10.279569892473118 -22.802083333333332
577 14.571428571428571 -23.189003436426116
578 11.68235294117647 -20.391459074733095
579 8.648351648351648 -25.725
580 11.586666666666666 -26.82962962962963
581 21.52577319587629 -25.076305220883533
582 12.6875 -18.412844036697248
583 10.226666666666667 -31.706122448979592
584 10.989473684210527 -25.329588014981272
585 9.9375 -22.626334519572953
586 15.383333333333333 -21.008
587 9.6 -16.0327868852459
588 11.73972602739726 -11.450704225352112
589 16.168539325842698 -33.408839779005525
590 12.424657534246576 -20.054298642533936
591 10.106060606060606 -20.37799043062201
592 11.315068493150685 -19.30327868852459
593 9.205479452054794 -19.751173708920188
594 8.509803921568627 -19.27853881278539
595 12.859154929577464 -21.585365853658537
596 9.216666666666667 -29.127450980392158
597 11.125 -23.35960591133005
598 9.857142857142858 -17.71978021978022
599 11.216666666666667 -21.72020725388601
600 14.84375 -19.706521739130434
601 13.640625 -27.49473684210526
602 11.66 -21.6775956284153
603 12.442307692307692 -27.745454545454546
604 13.707317073170731 -22.18354430379747
605 10.25 -22.577639751552795
606 10.0 -18.115942028985508
607 17.76923076923077 -23.78014184397163
608 7.184210526315789 -19.329113924050635
609 16.24561403508772 -19.90066225165563
610 10.576923076923077 -15.161290322580646
611 9.357142857142858 -31.436708860759495
612 12.355555555555556 -16.96551724137931
613 12.564102564102564 -24.924242424242426
614 13.86 -27.64516129032258
615 15.588235294117647 -14.504065040650406
616 9.384615384615385 -20.896551724137932
617 11.512195121951219 -28.231884057971016
618 16.4 -17.728682170542637
619 10.735294117647058 -32.008
620 10.55 -23.166666666666668
621 20.07894736842105 -21.801652892561982
622 15.96875 -23.301724137931036
623 17.282608695652176 -16.009090909090908
624 11.91304347826087 -27.533333333333335
625 15.615384615384615 -25.29059829059829
626 5.951219512195122 -23.102564102564102
627 9.051282051282051 -24.271186440677965
628 10.702702702702704 -32.44961240310077
629 9.482758620689655 -30.056603773584907
630 10.64864864864865 -27.87962962962963
631 10.125 -21.94
632 10.535714285714286 -24.358490566037737
633 8.96774193548387 -15.772277227722773
634 17.62162162162162 -20.056
635 8.153846153846153 -36.3921568627451
636 9.433333333333334 -14.344086021505376
637 16.59375 -25.957894736842107
638 9.0 -16.0
639 9.666666666666666 -26.48148148148148
640 14.586206896551724 -24.0
641 8.225806451612904 -23.204545454545453
642 12.03448275862069 -17.91176470588235
643 24.583333333333332 -24.377777777777776
644 11.090909090909092 -20.7125
645 6.517241379310345 -12.055555555555555
646 8.421052631578947 -27.85542168674699
647 15.193548387096774 -26.1
648 8.91304347826087 -14.9
649 7.628571428571429 -33.59722222222222
650 15.68 -36.62820512820513
651 6.48 -21.58139534883721
652 7.541666666666667 -33.492537313432834
653 9.517241379310345 -30.15
654 13.892857142857142 -31.211764705882352
655 10.5625 -23.548780487804876
656 9.37037037037037 -23.74074074074074
657 12.676470588235293 -24.305882352941175
658 22.352941176470587 -28.0
659 9.375 -27.313725490196077
660 6.3 -8.548387096774194
661 11.08 -20.5
662 11.2 -18.53125
663 13.947368421052632 -23.414285714285715
664 9.19047619047619 -18.681159420289855
665 12.4 -18.46969696969697
666 15.38888888888889 -24.21818181818182
667 26.0 -32.58139534883721
668 10.105263157894736 -28.185714285714287
669 12.923076923076923 -24.83606557377049
670 4.277777777777778 -19.46938775510204
671 6.75 -18.428571428571427
672 14.15 -18.53846153846154
673 9.185185185185185 -26.71641791044776
674 14.5 -28.955882352941178
675 14.590909090909092 -11.59322033898305
676 16.153846153846153 -20.774193548387096
677 7.8 -10.03921568627451
678 13.142857142857142 -10.680851063829786
679 9.31578947368421 -23.84
680 10.857142857142858 -35.07142857142857
681 12.461538461538462 -25.916666666666668
682 29.625 -22.02127659574468
683 9.3 -23.833333333333332
684 6.733333333333333 -29.046511627906977
685 7.176470588235294 -31.085714285714285
686 7.823529411764706 -23.95
687 6.6923076923076925 -29.266666666666666
688 6.571428571428571 -23.926829268292682
689 9.846153846153847 -12.35
690 4.538461538461538 -22.742857142857144
691 13.583333333333334 -21.925
692 13.7 -31.575757575757574
693 6.777777777777778 -11.444444444444445
694 7.571428571428571 -38.1
695 20.125 -20.27659574468085
696 11.545454545454545 -23.655172413793103
697 19.2 -10.225806451612904
698 28.875 -27.304347826086957
699 15.181818181818182 -61.34782608695652
700 34.55555555555556 -22.066666666666666
701 31.714285714285715 -25.40740740740741
702 10.333333333333334 -8.25
703 4.357142857142857 -22.72
704 16.09090909090909 -18.925925925925927
705 11.461538461538462 -16.085106382978722
706 4.846153846153846 -2.7142857142857144
707 17.0 -15.928571428571429
708 6.125 -35.95
709 9.0 -43.526315789473685
710 10.6 -13.705882352941176
711 6.125 -7.115384615384615
712 7.75 -21.333333333333332
713 14.5 -23.625
714 6.125 -19.733333333333334
715 12.88888888888889 -44.84615384615385
716 20.2 -17.23076923076923
717 25.125 -28.083333333333332
718 8.555555555555555 -12.478260869565217
719 11.857142857142858 -60.714285714285715
720 8.666666666666666 -27.785714285714285
721 15.428571428571429 -40.0
722 8.25 -36.51851851851852
723 9.25 -4.5
724 11.5 -24.77777777777778
725 32.5 -21.23076923076923
726 3.0 -26.6
727 3.5 -30.3125
728 6.222222222222222 -37.35
729 27.285714285714285 -8.764705882352942
730 5.8 -38.27272727272727
731 9.0 -9.947368421052632
732 11.0 -3.6363636363636362
733 4.0 -47.0
734 2.6666666666666665 -18.05263157894737
735 6.8 -3.8461538461538463
736 9.8 -38.421052631578945
737 13.0 -28.0
738 17.666666666666668 -9.4375
739 25.0 -11.666666666666666
740 3.75 -0.5714285714285714
741 9.545454545454545 -29.923076923076923
742 12.2 -25.875
743 2.5 -16.35
744 9.25 -27.25
745 4.0 -29.076923076923077
746 20.2 -23.9
747 12.5 -20.8125
748 5.75 -39.77777777777778
749 3.0 -21.615384615384617
750 19.5 -8.0
751 9.666666666666666 -38.0
752 4.0 -4.666666666666667
753 3.5 -16.833333333333332
754 5.5 -11.2
755 3.0 -30.857142857142858
756 5.5 -44.09090909090909
757 5.0 -60.625
758 2.0 -46.77777777777778
759 5.0 -93.0
760 12.75 -77.625
761 2.75 -32.76923076923077
762 6.142857142857143 -17.846153846153847
763 7.333333333333333 -32.25
764 15.166666666666666 -0.75
765 11.833333333333334 -12.25
766 16.2 -22.4
767 8.166666666666666 -6.833333333333333
768 4.5 -40.357142857142854
769 10.5 -42.875
770 20.0 -60.9
771 3.3333333333333335 -104.66666666666667
772 18.333333333333332 -1.5555555555555556
773 0 -29.0
774 3.5 -5.909090909090909
775 0 -26.375
776 87.33333333333333 -97.75
777 33.333333333333336 -68.2
778 4.666666666666667 -10.166666666666666
779 4.0 -40.666666666666664
780 16.5 -7.0
781 15.5 -52.8
782 4.0 -23.333333333333332
783 16.0 -3.5
784 9.0 -36.0
785 14.0 -6.166666666666667
786 0 0.0
787 18.5 -123.5
788 10.5 -0.5
789 2.0 -7.5
790 0 -8.4
791 0 -3.0
792 3.5 -9.857142857142858
793 4.5 -38.875
794 2.0 -24.8
795 4.0 -7.5
796 21.666666666666668 0.0
797 5.0 -9.2
798 2.0 0.0
799 4.0 -57.42857142857143
800 14.0 -22.0
801 4.0 0.0
802 6.0 -1.5
803 5.666666666666667 -58.57142857142857
804 0 -1.0
805 26.0 -7.0
806 0 -61.625
807 0 -52.5
808 25.0 -0.5
809 4.0 -93.5
810 0 -18.666666666666668
811 4.0 -8.5
812 2.0 -48.0
813 2.0 -6.0
814 0 -210.0
815 18.0 -1.6666666666666667
816 0 0.0
817 2.0 0
818 0 -7.0
819 4.5 -198.5
820 0 -18.5
821 21.666666666666668 -2.8333333333333335
822 8.0 -11.166666666666666
823 3.6666666666666665 0.0
824 7.0 -1.0
825 4.0 -2.0
826 3.0 -24.2
827 6.0 0.0
828 9.0 0.0
829 0 -2.6666666666666665
830 0 -19.0
831 14.0 -8.0
832 0 0.0
833 4.0 -63.0
834 0 -3.0
836 0 -14.0
837 0 0
838 0 0
839 2.0 -256.0
840 0 0.0
841 0 -7.5
842 0 0
843 0 -21.0
845 0 0
846 10.0 -11.5
847 0 -26.0
848 0 0.0
849 4.0 0.0
850 0 -45.666666666666664
851 8.0 0
852 0 -3.0
853 0 -414.0
856 2.0 -114.5
857 0 -24.666666666666668
858 0 -69.5
859 2.0 0.0
860 4.0 -8.0
861 2.0 -2.0
863 6.0 0
864 0 0
865 0 0
866 0 -2.0
869 16.0 0
872 0 -11.0
878 13.5 0
879 14.0 0.0
880 0 -131.0
881 0 -16.6
882 0 -215.0
884 0 0
885 0 -6.5
886 0 -1.6666666666666667
887 0 -184.5
890 19.0 0
891 0 0.0
893 26.0 0
894 0 0
895 0 0
896 0 -9.0
897 10.0 0
898 14.0 0
901 0 0
902 0 -207.0
906 2.0 0
907 0 -16.0
908 146.0 0
909 0 -4.333333333333333
910 2.0 0.0
911 41.0 0.0
912 2.0 0.0
913 0 0
914 24.0 -8.0
915 7.0 0.0
917 0 -7.0
918 0 -3.0
919 0 -10.0
920 0 -2.0
922 0 -2.0
935 0 0
936 0 0
937 0 -44.0
938 0 0.0
944 0 -413.0
945 0 0.0
952 0 0
953 5.0 0
955 16.0 0
956 0 0.0
957 0 0
958 0 -1.0
960 3.0 0
961 3.0 0.0
962 0 -1.0
963 6.0 0.0
964 0 0.0
968 3.0 0
969 0 0.0
970 0 -48.0
971 0 0.0
972 2.0 0
974 0 -484.0
975 0 0
976 0 -3.0
1011 14.0 0
1012 0 0.0
1013 0 0.0
1014 0 0.0
1015 3.0 0
1016 0 0.0
1017 0 0.0
1018 0 -1.3333333333333333
1025 0 -317.0
1054 0 -110.0
