0 1.0 0.0
1 0.4181 0.5819
2 0.5092 0.4908
3 0.499 0.501
4 0.4963 0.5037
5 0.4944 0.5056
6 0.494 0.506
7 0.4934 0.5066
8 0.4931 0.5069
9 0.4928 0.5072
10 0.4922 0.5078
11 0.4919 0.5081
12 0.4917 0.5083
13 0.4912 0.5088
14 0.4907 0.5093
15 0.4904 0.5096
16 0.49 0.51
17 0.4898 0.5102
18 0.4893 0.5107
19 0.4889 0.5111
20 0.4886 0.5114
21 0.4883 0.5117
22 0.4879 0.5121
23 0.4874 0.5126
24 0.4871 0.5129
25 0.4869 0.5131
26 0.4867 0.5133
27 0.4862 0.5138
28 0.4858 0.5142
29 0.4856 0.5144
30 0.4852 0.5148
31 0.4851 0.5149
32 0.4846 0.5154
33 0.4843 0.5157
34 0.4838 0.5162
35 0.4837 0.5163
36 0.4834 0.5166
37 0.4831 0.5169
38 0.4827 0.5173
39 0.4822 0.5178
40 0.4823 0.5177
41 0.4821 0.5179
42 0.4818 0.5182
43 0.4815 0.5185
44 0.4811 0.5189
45 0.4808 0.5192
46 0.4808 0.5192
47 0.4807 0.5193
48 0.4802 0.5198
49 0.4799 0.5201
50 0.4796 0.5204
51 0.4791 0.5209
52 0.4793 0.5207
53 0.4789 0.5211
54 0.4789 0.5211
55 0.4786 0.5214
56 0.4783 0.5217
57 0.478 0.522
58 0.4777 0.5223
59 0.4776 0.5224
60 0.4775 0.5225
61 0.477 0.523
62 0.4767 0.5233
63 0.4767 0.5233
64 0.4762 0.5238
65 0.4766 0.5234
66 0.476 0.524
67 0.4758 0.5242
68 0.4756 0.5244
69 0.4756 0.5244
70 0.4753 0.5247
71 0.4752 0.5248
72 0.475 0.525
73 0.4745 0.5255
74 0.4746 0.5254
75 0.4743 0.5257
76 0.4741 0.5259
77 0.4743 0.5257
78 0.4738 0.5262
79 0.4738 0.5262
80 0.4736 0.5264
81 0.4735 0.5265
82 0.4733 0.5267
83 0.473 0.527
84 0.4728 0.5272
85 0.4725 0.5275
86 0.4729 0.5271
87 0.4726 0.5274
88 0.4722 0.5278
89 0.472 0.528
90 0.4721 0.5279
91 0.4714 0.5286
92 0.4712 0.5288
93 0.4711 0.5289
94 0.4712 0.5288
95 0.4706 0.5294
96 0.4709 0.5291
97 0.4701 0.5299
98 0.4703 0.5297
99 0.4704 0.5296
100 0.4703 0.5297
101 0.4699 0.5301
102 0.4698 0.5302
103 0.47 0.53
104 0.4702 0.5298
105 0.4698 0.5302
106 0.4689 0.5311
107 0.4691 0.5309
108 0.4693 0.5307
109 0.4692 0.5308
110 0.4691 0.5309
111 0.4689 0.5311
112 0.4684 0.5316
113 0.4684 0.5316
114 0.4687 0.5313
115 0.4684 0.5316
116 0.4678 0.5322
117 0.4679 0.5321
118 0.468 0.532
119 0.468 0.532
120 0.4678 0.5322
121 0.4679 0.5321
122 0.4676 0.5324
123 0.4675 0.5325
124 0.4673 0.5327
125 0.4664 0.5336
126 0.4665 0.5335
127 0.4672 0.5328
128 0.4673 0.5327
129 0.467 0.533
130 0.4669 0.5331
131 0.4669 0.5331
132 0.467 0.533
133 0.4666 0.5334
134 0.4665 0.5335
135 0.4665 0.5335
136 0.4662 0.5338
137 0.4664 0.5336
138 0.4658 0.5342
139 0.4654 0.5346
140 0.4659 0.5341
141 0.465 0.535
142 0.4656 0.5344
143 0.4655 0.5345
144 0.4651 0.5349
145 0.465 0.535
146 0.4651 0.5349
147 0.4655 0.5345
148 0.4647 0.5353
149 0.4653 0.5347
150 0.4647 0.5353
151 0.4644 0.5356
152 0.4641 0.5359
153 0.4647 0.5353
154 0.4644 0.5356
155 0.4645 0.5355
156 0.4639 0.5361
157 0.4652 0.5348
158 0.464 0.536
159 0.4631 0.5369
160 0.4635 0.5365
161 0.4642 0.5358
162 0.4641 0.5359
163 0.464 0.536
164 0.4642 0.5358
165 0.4636 0.5364
166 0.4629 0.5371
167 0.4632 0.5368
168 0.4636 0.5364
169 0.4636 0.5364
170 0.4631 0.5369
171 0.4627 0.5373
172 0.4625 0.5375
173 0.462 0.538
174 0.4623 0.5377
175 0.4633 0.5367
176 0.4635 0.5365
177 0.463 0.537
178 0.4627 0.5373
179 0.4622 0.5378
180 0.4626 0.5374
181 0.4631 0.5369
182 0.4636 0.5364
183 0.4619 0.5381
184 0.463 0.537
185 0.462 0.538
186 0.4625 0.5375
187 0.4626 0.5374
188 0.4617 0.5383
189 0.4611 0.5389
190 0.461 0.539
191 0.4614 0.5386
192 0.4623 0.5377
193 0.4618 0.5382
194 0.4606 0.5394
195 0.4617 0.5383
196 0.4612 0.5388
197 0.461 0.539
198 0.4616 0.5384
199 0.4618 0.5382
200 0.4628 0.5372
201 0.4619 0.5381
202 0.4626 0.5374
203 0.4617 0.5383
204 0.4603 0.5397
205 0.4612 0.5388
206 0.4607 0.5393
207 0.4613 0.5387
208 0.4603 0.5397
209 0.4612 0.5388
210 0.4605 0.5395
211 0.4607 0.5393
212 0.4601 0.5399
213 0.4592 0.5408
214 0.4608 0.5392
215 0.4601 0.5399
216 0.4612 0.5388
217 0.4608 0.5392
218 0.461 0.539
219 0.4611 0.5389
220 0.4602 0.5398
221 0.4609 0.5391
222 0.4584 0.5416
223 0.4594 0.5406
224 0.4612 0.5388
225 0.4602 0.5398
226 0.4601 0.5399
227 0.4583 0.5417
228 0.4609 0.5391
229 0.4602 0.5398
230 0.4601 0.5399
231 0.4592 0.5408
232 0.4586 0.5414
233 0.4601 0.5399
234 0.4584 0.5416
235 0.4606 0.5394
236 0.4592 0.5408
237 0.4592 0.5408
238 0.4585 0.5415
239 0.4598 0.5402
240 0.4593 0.5407
241 0.4587 0.5413
242 0.4598 0.5402
243 0.4599 0.5401
244 0.4595 0.5405
245 0.4582 0.5418
246 0.4607 0.5393
247 0.46 0.54
248 0.4593 0.5407
249 0.46 0.54
250 0.4592 0.5408
251 0.4588 0.5412
252 0.4601 0.5399
253 0.4585 0.5415
254 0.4586 0.5414
255 0.4573 0.5427
256 0.4594 0.5406
257 0.4586 0.5414
258 0.4599 0.5401
259 0.4602 0.5398
260 0.4591 0.5409
261 0.459 0.541
262 0.4598 0.5402
263 0.4578 0.5422
264 0.4559 0.5441
265 0.4595 0.5405
266 0.4581 0.5419
267 0.4573 0.5427
268 0.4589 0.5411
269 0.4549 0.5451
270 0.457 0.543
271 0.4568 0.5432
272 0.4578 0.5422
273 0.4569 0.5431
274 0.456 0.544
275 0.4573 0.5427
276 0.4601 0.5399
277 0.4574 0.5426
278 0.4585 0.5415
279 0.458 0.542
280 0.4576 0.5424
281 0.4571 0.5429
282 0.4561 0.5439
283 0.4574 0.5426
284 0.4575 0.5425
285 0.4571 0.5429
286 0.4576 0.5424
287 0.4578 0.5422
288 0.4595 0.5405
289 0.4599 0.5401
290 0.4577 0.5423
291 0.4564 0.5436
292 0.4553 0.5447
293 0.4565 0.5435
294 0.4605 0.5395
295 0.4592 0.5408
296 0.4583 0.5417
297 0.4576 0.5424
298 0.4576 0.5424
299 0.4563 0.5437
300 0.4556 0.5444
301 0.4573 0.5427
302 0.457 0.543
303 0.4577 0.5423
304 0.4573 0.5427
305 0.4589 0.5411
306 0.4561 0.5439
307 0.4558 0.5442
308 0.4563 0.5437
309 0.4558 0.5442
310 0.4587 0.5413
311 0.4607 0.5393
312 0.458 0.542
313 0.4604 0.5396
314 0.4589 0.5411
315 0.4579 0.5421
316 0.4517 0.5483
317 0.4562 0.5438
318 0.4589 0.5411
319 0.4586 0.5414
320 0.4554 0.5446
321 0.4564 0.5436
322 0.4543 0.5457
323 0.4567 0.5433
324 0.4583 0.5417
325 0.4582 0.5418
326 0.4559 0.5441
327 0.461 0.539
328 0.4575 0.5425
329 0.4559 0.5441
330 0.4576 0.5424
331 0.4579 0.5421
332 0.4564 0.5436
333 0.4553 0.5447
334 0.4591 0.5409
335 0.4604 0.5396
336 0.4557 0.5443
337 0.4567 0.5433
338 0.4588 0.5412
339 0.4543 0.5457
340 0.4571 0.5429
341 0.4549 0.5451
342 0.4569 0.5431
343 0.4563 0.5437
344 0.4552 0.5448
345 0.4612 0.5388
346 0.4593 0.5407
347 0.4558 0.5442
348 0.4597 0.5403
349 0.4533 0.5467
350 0.4538 0.5462
351 0.4516 0.5484
352 0.4571 0.5429
353 0.4561 0.5439
354 0.4556 0.5444
355 0.452 0.548
356 0.4552 0.5448
357 0.4531 0.5469
358 0.4577 0.5423
359 0.4552 0.5448
360 0.4583 0.5417
361 0.4534 0.5466
362 0.4542 0.5458
363 0.4537 0.5463
364 0.456 0.544
365 0.4593 0.5407
366 0.4481 0.5519
367 0.4484 0.5516
368 0.4612 0.5388
369 0.4608 0.5392
370 0.4526 0.5474
371 0.4535 0.5465
372 0.4575 0.5425
373 0.4551 0.5449
374 0.4571 0.5429
375 0.449 0.551
376 0.4554 0.5446
377 0.4516 0.5484
378 0.4545 0.5455
379 0.4537 0.5463
380 0.4536 0.5464
381 0.4609 0.5391
382 0.4507 0.5493
383 0.4568 0.5432
384 0.4562 0.5438
385 0.4516 0.5484
386 0.4585 0.5415
387 0.4575 0.5425
388 0.4577 0.5423
389 0.4542 0.5458
390 0.4602 0.5398
391 0.4598 0.5402
392 0.4682 0.5318
393 0.4546 0.5454
394 0.4604 0.5396
395 0.4589 0.5411
396 0.4624 0.5376
397 0.4499 0.5501
398 0.4536 0.5464
399 0.4545 0.5455
400 0.455 0.545
401 0.4553 0.5447
402 0.4506 0.5494
403 0.4584 0.5416
404 0.4625 0.5375
405 0.4581 0.5419
406 0.4594 0.5406
407 0.4684 0.5316
408 0.4485 0.5515
409 0.4657 0.5343
410 0.4524 0.5476
411 0.4553 0.5447
412 0.4475 0.5525
413 0.4512 0.5488
414 0.46 0.54
415 0.4516 0.5484
416 0.4461 0.5539
417 0.4553 0.5447
418 0.4526 0.5474
419 0.4544 0.5456
420 0.4597 0.5403
421 0.4597 0.5403
422 0.4581 0.5419
423 0.4525 0.5475
424 0.4573 0.5427
425 0.4502 0.5498
426 0.4507 0.5493
427 0.4586 0.5414
428 0.4579 0.5421
429 0.457 0.543
430 0.4498 0.5502
431 0.4588 0.5412
432 0.4724 0.5276
433 0.4659 0.5341
434 0.451 0.549
435 0.4566 0.5434
436 0.4483 0.5517
437 0.4586 0.5414
438 0.4497 0.5503
439 0.454 0.546
440 0.4576 0.5424
441 0.4526 0.5474
442 0.4584 0.5416
443 0.4399 0.5601
444 0.4483 0.5517
445 0.4703 0.5297
446 0.4519 0.5481
447 0.4547 0.5453
448 0.4557 0.5443
449 0.4572 0.5428
450 0.4553 0.5447
451 0.4449 0.5551
452 0.4529 0.5471
453 0.453 0.547
454 0.4537 0.5463
455 0.4526 0.5474
456 0.4454 0.5546
457 0.4462 0.5538
458 0.4621 0.5379
459 0.4622 0.5378
460 0.4439 0.5561
461 0.4586 0.5414
462 0.4618 0.5382
463 0.4455 0.5545
464 0.4557 0.5443
465 0.4567 0.5433
466 0.4749 0.5251
467 0.4493 0.5507
468 0.4667 0.5333
469 0.4477 0.5523
470 0.4603 0.5397
471 0.4526 0.5474
472 0.452 0.548
473 0.4572 0.5428
474 0.4374 0.5626
475 0.4612 0.5388
476 0.4333 0.5667
477 0.4447 0.5553
478 0.4472 0.5528
479 0.4568 0.5432
480 0.4752 0.5248
481 0.4548 0.5452
482 0.4422 0.5578
483 0.4467 0.5533
484 0.472 0.528
485 0.4547 0.5453
486 0.4637 0.5363
487 0.4599 0.5401
488 0.459 0.541
489 0.466 0.534
490 0.4588 0.5412
491 0.4466 0.5534
492 0.4525 0.5475
493 0.4625 0.5375
494 0.4456 0.5544
495 0.4477 0.5523
496 0.4532 0.5468
497 0.4615 0.5385
498 0.4522 0.5478
499 0.4552 0.5448
500 0.446 0.554
501 0.4715 0.5285
502 0.4623 0.5377
503 0.4674 0.5326
504 0.4453 0.5547
505 0.4663 0.5337
506 0.4521 0.5479
507 0.4652 0.5348
508 0.4484 0.5516
509 0.4465 0.5535
510 0.4595 0.5405
511 0.4485 0.5515
512 0.454 0.546
513 0.4204 0.5796
514 0.4675 0.5325
515 0.4547 0.5453
516 0.4447 0.5553
517 0.464 0.536
518 0.4525 0.5475
519 0.4489 0.5511
520 0.4463 0.5537
521 0.4521 0.5479
522 0.4425 0.5575
523 0.426 0.574
524 0.444 0.556
525 0.4509 0.5491
526 0.4369 0.5631
527 0.4551 0.5449
528 0.4725 0.5275
529 0.4359 0.5641
530 0.4497 0.5503
531 0.4725 0.5275
532 0.4526 0.5474
533 0.4513 0.5487
534 0.4471 0.5529
535 0.4583 0.5417
536 0.4437 0.5563
537 0.4543 0.5457
538 0.4486 0.5514
539 0.455 0.545
540 0.4516 0.5484
541 0.4552 0.5448
542 0.4332 0.5668
543 0.4411 0.5589
544 0.4293 0.5707
545 0.4462 0.5538
546 0.4667 0.5333
547 0.4554 0.5446
548 0.4602 0.5398
549 0.4486 0.5514
550 0.474 0.526
551 0.4254 0.5746
552 0.4554 0.5446
553 0.4706 0.5294
554 0.4482 0.5518
555 0.4366 0.5634
556 0.4596 0.5404
557 0.4584 0.5416
558 0.4437 0.5563
559 0.4679 0.5321
560 0.4746 0.5254
561 0.4282 0.5718
562 0.4315 0.5685
563 0.4221 0.5779
564 0.4705 0.5295
565 0.4721 0.5279
566 0.4624 0.5376
567 0.4791 0.5209
568 0.4633 0.5367
569 0.4473 0.5527
570 0.4211 0.5789
571 0.4327 0.5673
572 0.4646 0.5354
573 0.4561 0.5439
574 0.4923 0.5077
575 0.4486 0.5514
576 0.4627 0.5373
577 0.452 0.548
578 0.4402 0.5598
579 0.44 0.56
580 0.434 0.566
581 0.4622 0.5378
582 0.4772 0.5228
583 0.4754 0.5246
584 0.4826 0.5174
585 0.4059 0.5941
586 0.4457 0.5543
587 0.4467 0.5533
588 0.4243 0.5757
589 0.5335 0.4665
590 0.4348 0.5652
591 0.4668 0.5332
592 0.4092 0.5908
593 0.4439 0.5561
594 0.4206 0.5794
595 0.4533 0.5467
596 0.4411 0.5589
597 0.4345 0.5655
598 0.477 0.523
599 0.447 0.553
600 0.4802 0.5198
601 0.4412 0.5588
602 0.4299 0.5701
603 0.4482 0.5518
604 0.4608 0.5392
605 0.4188 0.5812
606 0.4773 0.5227
607 0.507 0.493
608 0.4377 0.5623
609 0.4864 0.5136
610 0.4484 0.5516
611 0.4337 0.5663
612 0.4569 0.5431
613 0.4677 0.5323
614 0.4504 0.5496
615 0.4875 0.5125
616 0.4978 0.5022
617 0.425 0.575
618 0.4241 0.5759
619 0.4726 0.5274
620 0.4048 0.5952
621 0.4398 0.5602
622 0.4679 0.5321
623 0.5238 0.4762
624 0.469 0.531
625 0.4753 0.5247
626 0.4706 0.5294
627 0.4486 0.5514
628 0.4055 0.5945
629 0.4362 0.5638
630 0.4433 0.5567
631 0.4652 0.5348
632 0.4239 0.5761
633 0.4847 0.5153
634 0.3842 0.6158
635 0.4457 0.5543
636 0.4746 0.5254
637 0.454 0.546
638 0.4194 0.5806
639 0.46 0.54
640 0.4438 0.5562
641 0.4323 0.5677
642 0.5143 0.4857
643 0.434 0.566
644 0.4631 0.5369
645 0.5 0.5
646 0.3897 0.6103
647 0.5364 0.4636
648 0.5172 0.4828
649 0.5294 0.4706
650 0.4968 0.5032
651 0.4416 0.5584
652 0.5109 0.4891
653 0.4937 0.5063
654 0.462 0.538
655 0.4777 0.5223
656 0.4808 0.5192
657 0.4295 0.5705
658 0.4407 0.5593
659 0.5364 0.4636
660 0.4312 0.5688
661 0.5094 0.4906
662 0.4483 0.5517
663 0.4574 0.5426
664 0.448 0.552
665 0.4545 0.5455
666 0.5259 0.4741
667 0.3582 0.6418
668 0.4118 0.5882
669 0.4505 0.5495
670 0.4787 0.5213
671 0.4474 0.5526
672 0.4583 0.5417
673 0.4724 0.5276
674 0.4188 0.5812
675 0.4636 0.5364
676 0.3608 0.6392
677 0.4742 0.5258
678 0.4268 0.5732
679 0.4681 0.5319
680 0.494 0.506
681 0.4217 0.5783
682 0.4946 0.5054
683 0.4706 0.5294
684 0.4267 0.5733
685 0.5395 0.4605
686 0.5455 0.4545
687 0.3684 0.6316
688 0.4938 0.5062
689 0.4737 0.5263
690 0.5205 0.4795
691 0.4366 0.5634
692 0.5926 0.4074
693 0.4706 0.5294
694 0.4667 0.5333
695 0.3188 0.6812
696 0.4423 0.5577
697 0.3404 0.6596
698 0.4524 0.5476
699 0.549 0.451
700 0.375 0.625
701 0.4375 0.5625
702 0.36 0.64
703 0.4898 0.5102
704 0.5424 0.4576
705 0.338 0.662
706 0.4286 0.5714
707 0.3488 0.6512
708 0.5238 0.4762
709 0.62 0.38
710 0.4138 0.5862
711 0.4583 0.5417
712 0.5385 0.4615
713 0.4074 0.5926
714 0.434 0.566
715 0.4694 0.5306
716 0.4694 0.5306
717 0.4783 0.5217
718 0.4889 0.5111
719 0.4615 0.5385
720 0.3778 0.6222
721 0.4286 0.5714
722 0.3571 0.6429
723 0.3333 0.6667
724 0.3077 0.6923
725 0.4583 0.5417
726 0.4643 0.5357
727 0.4074 0.5926
728 0.4872 0.5128
729 0.5278 0.4722
730 0.3529 0.6471
731 0.3448 0.6552
732 0.6071 0.3929
733 0.4615 0.5385
734 0.3214 0.6786
735 0.5185 0.4815
736 0.3667 0.6333
737 0.4848 0.5152
738 0.3043 0.6957
739 0.4444 0.5556
740 0.4815 0.5185
741 0.6176 0.3824
742 0.3684 0.6316
743 0.2857 0.7143
744 0.4783 0.5217
745 0.5 0.5
746 0.5652 0.4348
747 0.4074 0.5926
748 0.4 0.6
749 0.4583 0.5417
750 0.2857 0.7143
751 0.4348 0.5652
752 0.4706 0.5294
753 0.3333 0.6667
754 0.7222 0.2778
755 0.3913 0.6087
756 0.4211 0.5789
757 0.5294 0.4706
758 0.3571 0.6429
759 0.6471 0.3529
760 0.6 0.4
761 0.48 0.52
762 0.5357 0.4643
763 0.4483 0.5517
764 0.52 0.48
765 0.5152 0.4848
766 0.4737 0.5263
767 0.4545 0.5455
768 0.2632 0.7368
769 0.4286 0.5714
770 0.2857 0.7143
771 0.6667 0.3333
772 0.4375 0.5625
773 0.2857 0.7143
774 0.3529 0.6471
775 0.2727 0.7273
776 0.6 0.4
777 0.5833 0.4167
778 0.5385 0.4615
779 0.5385 0.4615
780 0.3077 0.6923
781 0.4444 0.5556
782 0.4 0.6
783 0.2727 0.7273
784 0.3333 0.6667
785 0.25 0.75
786 0.5 0.5
787 0.5556 0.4444
788 0.6 0.4
789 0.4 0.6
790 0.4444 0.5556
791 0.2727 0.7273
792 0.4615 0.5385
793 0.3846 0.6154
794 0.2857 0.7143
795 0.3333 0.6667
796 0.5714 0.4286
797 0.375 0.625
798 0.4444 0.5556
799 0.2222 0.7778
800 0.6667 0.3333
801 0.625 0.375
802 0.3846 0.6154
803 0.3636 0.6364
804 0.4286 0.5714
805 0.5 0.5
806 0.3333 0.6667
807 0.0 1.0
808 0.3333 0.6667
809 0.6667 0.3333
810 0.25 0.75
811 0.3333 0.6667
812 0.4 0.6
813 0.2 0.8
814 0.6667 0.3333
815 0.625 0.375
816 0.0 1.0
817 1.0 0.0
818 0.0 1.0
819 0.5 0.5
820 0.6 0.4
821 0.4 0.6
822 0.25 0.75
823 0.7143 0.2857
824 0.6 0.4
825 0.4 0.6
826 0.2857 0.7143
827 0.5 0.5
828 0.6667 0.3333
829 0.25 0.75
830 0.5 0.5
831 0.5 0.5
832 0.5 0.5
833 0.6667 0.3333
834 0.0 1.0
836 0.0 1.0
837 1.0 0.0
838 1.0 0.0
839 0.6667 0.3333
840 0.5 0.5
841 0.0 1.0
842 1.0 0.0
843 0.0 1.0
845 1.0 0.0
846 0.3333 0.6667
847 0.6667 0.3333
848 0.6 0.4
849 0.5 0.5
850 0.25 0.75
851 1.0 0.0
852 0.0 1.0
853 0.0 1.0
856 0.3333 0.6667
857 0.0 1.0
858 0.0 1.0
859 0.6667 0.3333
860 0.3333 0.6667
861 0.5 0.5
863 1.0 0.0
864 1.0 0.0
865 1.0 0.0
866 0.0 1.0
869 1.0 0.0
872 0.0 1.0
878 1.0 0.0
879 0.6667 0.3333
880 0.25 0.75
881 0.0 1.0
882 0.0 1.0
884 1.0 0.0
885 0.5 0.5
886 0.0 1.0
887 0.0 1.0
890 1.0 0.0
891 0.0 1.0
893 1.0 0.0
894 1.0 0.0
895 1.0 0.0
896 0.6667 0.3333
897 1.0 0.0
898 1.0 0.0
901 1.0 0.0
902 0.0 1.0
906 1.0 0.0
907 0.0 1.0
908 1.0 0.0
909 0.5 0.5
910 0.6 0.4
911 0.75 0.25
912 0.5 0.5
913 1.0 0.0
914 0.6667 0.3333
915 0.5 0.5
917 0.0 1.0
918 0.0 1.0
919 0.0 1.0
920 0.0 1.0
922 0.0 1.0
935 1.0 0.0
936 1.0 0.0
937 0.0 1.0
938 0.0 1.0
944 0.6667 0.3333
945 0.0 1.0
952 1.0 0.0
953 1.0 0.0
955 1.0 0.0
956 0.0 1.0
957 1.0 0.0
958 0.0 1.0
960 1.0 0.0
961 0.5 0.5
962 0.3333 0.6667
963 0.3333 0.6667
964 0.0 1.0
968 1.0 0.0
969 0.0 1.0
970 0.0 1.0
971 0.0 1.0
972 1.0 0.0
974 0.5 0.5
975 1.0 0.0
976 0.0 1.0
1011 1.0 0.0
1012 0.0 1.0
1013 0.0 1.0
1014 0.0 1.0
1015 1.0 0.0
1016 0.3333 0.6667
1017 0.6667 0.3333
1018 0.0 1.0
1025 0.0 1.0
1054 0.0 1.0
