-484 1
-483 0
-482 0
-481 0
-480 0
-479 0
-478 0
-477 0
-476 0
-475 0
-474 0
-473 0
-472 0
-471 0
-470 0
-469 0
-468 0
-467 0
-466 0
-465 0
-464 0
-463 0
-462 0
-461 0
-460 0
-459 0
-458 0
-457 0
-456 0
-455 0
-454 0
-453 0
-452 0
-451 0
-450 0
-449 0
-448 0
-447 0
-446 0
-445 0
-444 0
-443 0
-442 0
-441 0
-440 0
-439 0
-438 0
-437 0
-436 0
-435 0
-434 0
-433 0
-432 0
-431 0
-430 1
-429 0
-428 0
-427 0
-426 0
-425 0
-424 0
-423 0
-422 0
-421 0
-420 0
-419 0
-418 0
-417 1
-416 0
-415 0
-414 1
-413 1
-412 0
-411 0
-410 0
-409 0
-408 0
-407 0
-406 0
-405 0
-404 0
-403 0
-402 0
-401 0
-400 0
-399 1
-398 0
-397 1
-396 0
-395 0
-394 0
-393 1
-392 0
-391 0
-390 0
-389 0
-388 0
-387 0
-386 0
-385 0
-384 0
-383 0
-382 0
-381 0
-380 0
-379 0
-378 1
-377 0
-376 0
-375 0
-374 0
-373 2
-372 0
-371 0
-370 0
-369 1
-368 0
-367 0
-366 0
-365 0
-364 0
-363 0
-362 0
-361 0
-360 0
-359 0
-358 1
-357 0
-356 1
-355 0
-354 1
-353 0
-352 0
-351 0
-350 1
-349 0
-348 0
-347 0
-346 0
-345 0
-344 1
-343 0
-342 0
-341 0
-340 0
-339 1
-338 0
-337 1
-336 1
-335 2
-334 0
-333 1
-332 1
-331 0
-330 1
-329 3
-328 1
-327 1
-326 2
-325 2
-324 0
-323 1
-322 1
-321 3
-320 1
-319 0
-318 0
-317 4
-316 1
-315 3
-314 1
-313 2
-312 2
-311 4
-310 4
-309 3
-308 2
-307 0
-306 3
-305 2
-304 3
-303 2
-302 5
-301 5
-300 5
-299 2
-298 6
-297 5
-296 4
-295 4
-294 7
-293 3
-292 1
-291 4
-290 2
-289 6
-288 4
-287 8
-286 10
-285 6
-284 6
-283 5
-282 6
-281 8
-280 5
-279 11
-278 7
-277 12
-276 7
-275 6
-274 6
-273 12
-272 16
-271 9
-270 14
-269 11
-268 8
-267 19
-266 14
-265 10
-264 16
-263 16
-262 13
-261 19
-260 19
-259 18
-258 20
-257 17
-256 20
-255 20
-254 24
-253 19
-252 22
-251 11
-250 28
-249 23
-248 35
-247 33
-246 29
-245 23
-244 31
-243 40
-242 29
-241 44
-240 32
-239 50
-238 42
-237 43
-236 44
-235 51
-234 50
-233 61
-232 43
-231 70
-230 64
-229 66
-228 58
-227 70
-226 67
-225 65
-224 76
-223 80
-222 72
-221 87
-220 104
-219 111
-218 101
-217 110
-216 114
-215 126
-214 134
-213 112
-212 149
-211 134
-210 130
-209 149
-208 160
-207 160
-206 176
-205 178
-204 164
-203 188
-202 198
-201 206
-200 204
-199 209
-198 242
-197 247
-196 261
-195 247
-194 252
-193 276
-192 276
-191 323
-190 322
-189 321
-188 342
-187 362
-186 383
-185 423
-184 412
-183 465
-182 442
-181 476
-180 519
-179 534
-178 564
-177 602
-176 595
-175 651
-174 646
-173 651
-172 685
-171 738
-170 771
-169 826
-168 837
-167 883
-166 906
-165 965
-164 950
-163 1016
-162 1089
-161 1120
-160 1188
-159 1229
-158 1287
-157 1275
-156 1395
-155 1446
-154 1570
-153 1609
-152 1613
-151 1728
-150 1870
-149 1886
-148 2004
-147 2020
-146 2201
-145 2273
-144 2446
-143 2451
-142 2580
-141 2768
-140 2879
-139 3043
-138 3180
-137 3283
-136 3480
-135 3557
-134 3747
-133 3959
-132 4064
-131 4242
-130 4485
-129 4585
-128 5053
-127 5250
-126 5447
-125 5640
-124 5816
-123 6383
-122 6537
-121 6835
-120 7135
-119 7483
-118 7829
-117 8237
-116 8722
-115 9080
-114 9583
-113 9971
-112 10564
-111 11069
-110 11531
-109 12127
-108 12906
-107 13221
-106 13984
-105 14446
-104 15234
-103 15930
-102 16892
-101 17909
-100 18669
-99 19691
-98 20555
-97 21768
-96 22804
-95 24134
-94 25385
-93 26252
-92 27742
-91 29133
-90 30817
-89 32208
-88 33832
-87 35847
-86 37857
-85 39280
-84 41706
-83 43941
-82 46501
-81 48948
-80 51371
-79 54110
-78 57348
-77 60221
-76 63680
-75 66821
-74 70771
-73 73854
-72 78841
-71 82800
-70 87290
-69 91626
-68 97987
-67 103625
-66 109223
-65 115477
-64 122566
-63 128746
-62 137085
-61 144911
-60 153460
-59 163020
-58 172091
-57 182383
-56 194139
-55 206392
-54 218796
-53 232529
-52 247983
-51 262201
-50 280312
-49 298254
-48 317044
-47 338592
-46 360688
-45 384829
-44 411521
-43 440354
-42 469037
-41 503634
-40 539031
-39 577264
-38 618796
-37 664183
-36 715573
-35 768730
-34 828487
-33 893760
-32 965834
-31 1043623
-30 1130843
-29 1229234
-28 1330742
-27 1448941
-26 1581469
-25 1727021
-24 1889891
-23 2075384
-22 2283226
-21 2519797
-20 2790183
-19 3099278
-18 3450471
-17 3862467
-16 4348764
-15 4918579
-14 5602416
-13 6414817
-12 7421026
-11 8659963
-10 10220683
-9 12243576
-8 14920815
-7 18613195
-6 23921194
-5 31989905
-4 45712764
-3 74191262
-2 141334380
-1 589723644
0 0
1 589729455
2 141324630
3 74185529
4 45722670
5 31988867
6 23914893
7 18609203
8 14925391
9 12242071
10 10217080
11 8666950
12 7422802
13 6413501
14 5599975
15 4919439
16 4351043
17 3865502
18 3455719
19 3098092
20 2788922
21 2518142
22 2281755
23 2075041
24 1889065
25 1726740
26 1580292
27 1448351
28 1333534
29 1226241
30 1131544
31 1044613
32 967206
33 893094
34 829446
35 769431
36 714895
37 665270
38 619504
39 577672
40 538505
41 502782
42 470678
43 438379
44 410942
45 384810
46 360812
47 339494
48 317809
49 297718
50 279079
51 263635
52 247130
53 232808
54 218630
55 206735
56 194256
57 182478
58 173107
59 162834
60 153194
61 145298
62 137268
63 129321
64 122409
65 114908
66 108948
67 102685
68 97853
69 92557
70 87768
71 82965
72 78203
73 74331
74 70655
75 66802
76 63484
77 60065
78 56871
79 54012
80 51270
81 48521
82 46299
83 43702
84 41913
85 39629
86 37686
87 35646
88 34143
89 32430
90 30788
91 29333
92 28118
93 26302
94 25194
95 24036
96 22610
97 21506
98 20623
99 19726
100 18672
101 17977
102 17168
103 16260
104 15182
105 14511
106 13877
107 13179
108 12782
109 12162
110 11503
111 11085
112 10498
113 10098
114 9479
115 9000
116 8644
117 8370
118 7872
119 7431
120 7153
121 6748
122 6492
123 6040
124 5877
125 5680
126 5523
127 5242
128 4995
129 4638
130 4487
131 4376
132 4093
133 3912
134 3633
135 3584
136 3471
137 3270
138 3126
139 3091
140 2867
141 2683
142 2582
143 2391
144 2439
145 2308
146 2313
147 2112
148 1977
149 1897
150 1771
151 1716
152 1652
153 1638
154 1564
155 1444
156 1472
157 1331
158 1234
159 1200
160 1193
161 1150
162 1112
163 1023
164 1012
165 922
166 927
167 869
168 867
169 750
170 775
171 728
172 698
173 658
174 679
175 600
176 569
177 555
178 517
179 480
180 496
181 436
182 469
183 442
184 451
185 393
186 415
187 362
188 346
189 332
190 313
191 297
192 316
193 271
194 255
195 245
196 240
197 219
198 218
199 209
200 233
201 203
202 217
203 185
204 194
205 178
206 150
207 164
208 143
209 147
210 138
211 144
212 112
213 135
214 107
215 121
216 113
217 99
218 99
219 95
220 87
221 88
222 84
223 77
224 68
225 84
226 51
227 74
228 59
229 64
230 63
231 68
232 60
233 53
234 45
235 45
236 55
237 36
238 41
239 39
240 41
241 40
242 39
243 54
244 36
245 36
246 38
247 22
248 25
249 27
250 38
251 17
252 18
253 19
254 25
255 20
256 16
257 13
258 19
259 12
260 12
261 13
262 21
263 12
264 12
265 9
266 15
267 17
268 18
269 9
270 14
271 9
272 12
273 9
274 7
275 17
276 10
277 6
278 8
279 14
280 7
281 6
282 5
283 6
284 9
285 2
286 10
287 6
288 2
289 4
290 7
291 5
292 4
293 6
294 2
295 5
296 5
297 6
298 3
299 3
300 1
301 4
302 1
303 1
304 4
305 2
306 4
307 4
308 0
309 2
310 4
311 1
312 4
313 3
314 2
315 3
316 1
317 2
318 1
319 1
320 4
321 0
322 1
323 2
324 0
325 1
326 4
327 2
328 0
329 2
330 2
331 0
332 2
333 3
334 1
335 2
336 0
337 0
338 1
339 0
340 0
341 0
342 5
343 0
344 0
345 0
346 1
347 0
348 1
349 1
350 1
351 0
352 1
353 0
354 0
355 0
356 0
357 0
358 0
359 0
360 0
361 0
362 0
363 0
364 0
365 0
366 0
367 0
368 0
369 0
370 0
371 0
372 1
373 0
374 0
375 0
376 0
377 0
378 0
379 0
380 0
381 0
382 0
383 0
384 0
385 0
386 0
387 0
388 0
389 0
390 0
391 0
392 0
393 0
394 0
395 1
396 0
397 0
398 1
399 0
400 0
401 0
402 0
403 0
404 0
405 0
406 0
407 0
408 0
409 0
410 1
