0 0.478118896484375
1 0.482208251953125
2 0.4816436767578125
3 0.4793853759765625
4 0.48150634765625
5 0.4816131591796875
6 0.479644775390625
7 0.478302001953125
8 0.4832916259765625
9 0.480072021484375
10 0.4800872802734375
11 0.4795074462890625
12 0.477783203125
13 0.481292724609375
14 0.4799041748046875
15 0.4771728515625
16 0.47967529296875
17 0.4783935546875
18 0.482879638671875
19 0.4791412353515625
20 0.482574462890625
21 0.4767303466796875
22 0.4821929931640625
23 0.4791717529296875
24 0.4803314208984375
25 0.4803314208984375
26 0.4814300537109375
27 0.4800567626953125
28 0.480255126953125
29 0.4797210693359375
30 0.4796142578125
31 0.4832611083984375
32 0.484466552734375
33 0.4776611328125
34 0.48028564453125
35 0.481353759765625
36 0.479705810546875
37 0.484771728515625
38 0.4788360595703125
39 0.4815826416015625
40 0.48004150390625
41 0.478515625
42 0.480133056640625
43 0.479766845703125
44 0.4782867431640625
45 0.477813720703125
46 0.480224609375
47 0.4792938232421875
48 0.4773101806640625
49 0.4834747314453125
50 0.4809112548828125
51 0.475830078125
52 0.4782867431640625
53 0.4820098876953125
54 0.4803314208984375
55 0.479339599609375
56 0.478607177734375
57 0.4782867431640625
58 0.4770965576171875
59 0.47821044921875
60 0.4777069091796875
61 0.480987548828125
62 0.4778594970703125
63 0.479156494140625
