0 76553502 0 0 0
1 39735297 76544991 15273431 76544991
2 24990406 39739982 16247359 39739982
3 20672049 24991059 16675502 37489812
4 17635467 20677602 15782464 33917678
5 15379489 17636399 14857261 30917475
6 13723132 15384738 13831710 28221719
7 12456910 13724477 12915580 26053481
8 11477109 12456569 12097550 24237043
9 10686950 11475247 11378832 22708405
10 10009422 10676117 10729194 21394228
11 9432827 10007990 10145719 20219636
12 8934926 9426894 9618473 19182212
13 8489983 8931300 9140731 18265642
14 8094348 8495115 8698805 17431446
15 7733302 8092150 8299325 16661566
16 7406452 7735037 7924100 15959071
17 7116923 7406440 7580747 15311137
18 6844655 7117287 7266774 14726000
19 6586782 6841100 6967587 14167726
20 6352912 6586409 6692905 13652535
21 6131607 6353098 6431470 13167051
22 5931306 6132565 6181071 12712329
23 5730584 5927953 5956400 12290452
24 5548150 5730497 5734489 11878036
25 5377188 5547624 5535489 11498056
26 5213573 5376790 5339969 11132168
27 5059138 5211405 5155594 10794718
28 4908602 5058713 4984246 10469926
29 4772698 4910204 4816156 10159461
30 4637974 4772307 4657003 9862177
31 4507833 4634602 4513740 9576607
32 4385050 4508035 4368244 9308280
33 4267856 4388717 4233899 9052022
34 4153085 4271083 4098527 8805892
35 4046186 4153473 3975093 8562653
36 3938685 4042285 3854265 8327250
37 3836953 3938881 3738155 8105486
38 3737899 3838314 3629370 7893906
39 3641547 3741768 3522121 7691064
40 3557199 3642995 3417982 7488454
41 3468143 3555635 3326231 7298427
42 3382376 3467319 3231105 7113426
43 3303524 3381985 3138293 6936610
44 3224940 3302409 3051156 6768177
45 3146900 3224722 2967666 6601617
46 3072579 3147300 2890087 6437918
47 3004411 3071637 2810208 6281872
48 2930599 3004372 2736788 6135771
49 2863389 2931737 2660911 5986151
50 2798528 2862903 2589083 5846693
51 2732539 2798315 2519623 5710601
52 2672305 2733436 2458014 5574074
53 2610983 2673292 2391041 5443127
54 2553095 2609532 2333322 5318059
55 2498454 2552532 2271415 5196416
56 2441704 2495669 2214765 5078617
57 2386647 2439083 2158579 4963719
58 2335490 2387165 2103917 4852982
59 2285823 2336275 2053132 4745773
60 2234970 2287828 2004849 4638629
61 2186358 2237764 1952536 4538044
62 2137667 2187159 1903166 4435938
63 2092538 2136445 1856043 4334310
64 2046437 2094417 1809846 4241762
65 2005318 2045648 1767828 4143770
66 1960704 2005503 1725535 4058175
67 1918752 1962046 1683697 3968199
68 1880767 1920624 1639996 3881915
69 1840320 1880185 1605628 3799993
70 1800978 1842017 1566204 3717679
71 1763011 1800125 1528172 3635171
72 1727442 1763147 1492331 3558924
73 1689645 1726427 1456257 3483950
74 1654242 1689446 1424039 3407130
75 1620607 1654739 1389235 3335506
76 1584477 1619741 1357672 3263607
77 1554455 1583038 1327276 3194210
78 1521956 1554816 1296508 3130311
79 1492066 1522994 1267024 3064165
80 1462412 1492183 1237513 3000524
81 1431800 1460139 1209791 2937734
82 1404237 1430914 1182515 2878532
83 1373646 1403525 1155977 2818899
84 1345924 1375157 1129158 2760253
85 1318919 1346701 1103032 2703652
86 1295175 1317965 1079434 2646985
87 1267880 1293642 1055674 2592838
88 1243969 1266226 1031207 2543098
89 1217525 1242749 1010408 2492199
90 1193474 1217530 989313 2440521
91 1168895 1194753 964712 2392091
92 1146262 1169587 942177 2344184
93 1121213 1147718 923130 2295434
94 1100799 1122917 900773 2246525
95 1077488 1099982 881014 2203412
96 1056533 1078784 863069 2156759
97 1034032 1058247 842951 2115363
98 1014184 1034941 825347 2071823
99 993609 1014968 807437 2027784
100 974098 993628 789970 1986818
101 955387 975951 771959 1949021
102 935513 956413 756792 1910181
103 917111 935635 740148 1868851
104 902409 917331 723810 1832193
105 884019 902070 710205 1799223
106 866064 885146 691881 1764342
107 849250 867056 677696 1728206
108 833159 849150 663603 1692876
109 817562 833790 650867 1661184
110 800935 817785 637251 1627519
111 785903 801594 623002 1596077
112 768425 785258 609210 1563463
113 753274 768357 596082 1531606
114 739405 753751 584800 1500767
115 725628 740113 571747 1472506
116 709745 724427 558929 1443265
117 696903 710975 546454 1413959
118 683981 695876 536220 1386879
119 669808 683221 524970 1357895
120 657556 669972 513259 1331957
121 646204 657572 502999 1306927
122 632696 645550 493668 1282317
123 621972 633103 482957 1258344
124 609921 622012 473592 1235291
125 596481 611454 463149 1212118
126 584243 598066 453023 1186160
127 573289 585112 444738 1161077
128 563931 573761 435061 1138632
129 552435 563004 426522 1117240
130 541730 552423 417530 1095167
131 531269 541451 408586 1073137
132 521872 530877 401025 1053204
133 512008 522713 393080 1034778
134 501318 511379 384619 1013026
135 492836 501412 376330 994160
136 484394 492796 367791 975664
137 474830 483492 361821 957255
138 464606 473508 353412 938155
139 454670 463829 346254 920015
140 447248 455133 339115 901345
141 437556 447335 332672 886203
142 430892 438534 324806 867238
143 422320 429622 319356 851701
144 414482 422482 312297 835846
145 406657 414374 306032 819985
146 399064 406498 300106 804048
147 392548 399044 294818 789371
148 384271 392720 288686 775204
149 377180 384100 283260 759033
150 370691 377059 276136 745018
151 362984 370188 271334 731441
152 354953 363280 266249 717351
153 348401 355330 260803 701794
154 342515 349319 254812 688895
155 335230 342609 250675 675572
156 328660 335345 244768 662651
157 323905 328508 240765 649148
158 317280 323371 235336 638387
159 310647 317537 230557 627394
160 305394 311232 225627 614544
161 300353 305713 221660 602571
162 294741 299831 217707 591705
163 289856 295173 212531 580444
164 284377 289250 209287 569695
165 277730 283675 205362 559010
166 272293 277713 200569 548679
167 268081 273200 195989 537893
168 263392 267604 192743 527675
169 259479 263736 189216 519083
170 254163 259746 185997 510284
171 248730 253835 181901 499982
172 243516 248715 177893 489664
173 238251 243677 174440 480529
174 233407 239131 171096 470453
175 229632 233374 167723 460287
176 226333 229375 164275 452182
177 221850 225267 161018 444141
178 217411 220884 158371 436432
179 213110 217449 155031 428408
180 209444 213531 152398 420269
181 205784 209682 149249 411596
182 202960 206055 146607 404441
183 198575 202504 143077 398085
184 195389 197867 141044 390146
185 190866 194658 137697 382600
186 187191 190745 135699 375276
187 184119 187312 132490 367866
188 180871 184051 129664 362013
189 177004 181277 127391 355699
190 173004 177381 124903 348362
191 170753 174011 122104 341805
192 167459 170436 120234 334658
193 165099 167624 117560 329464
194 161228 164953 115116 323673
195 158471 161516 113140 316624
196 155219 158569 110897 310831
197 152430 155670 108840 305476
198 149721 152271 106695 299077
199 146920 149234 104937 293495
200 145068 146430 102940 287920
201 142244 144244 100701 283046
202 139390 141345 99630 277664
203 136476 139045 97292 272542
204 133130 136899 95088 267587
205 130730 133153 93231 261661
206 128471 131052 91117 257054
207 126361 128494 89661 252304
208 123718 126476 87965 248195
209 121742 124044 86520 243306
210 119559 121845 84460 239026
211 117294 119828 83012 234493
212 114932 117594 81495 230495
213 113002 115619 79238 226357
214 111245 113090 78180 221657
215 108710 110814 76686 217529
216 107332 108764 75130 213139
217 105441 107025 73498 209421
218 103573 104819 72580 205988
219 101443 103357 71141 201737
220 99434 101121 69640 198330
221 97245 99205 68986 194438
222 95205 97632 66923 191540
223 93956 95560 65339 187469
224 92835 94280 64968 184319
225 90923 92665 63665 181310
226 89059 90537 62538 177861
227 86951 89558 60763 174575
228 86015 87226 59983 170797
229 84071 85575 58519 167279
230 82538 83563 57729 164591
231 80709 82835 56393 161483
232 79221 80998 55248 158728
233 78004 79672 54572 155595
234 76262 78215 53038 152784
235 75276 76617 52627 149791
236 73600 75362 51249 147012
237 72419 73969 50356 144573
238 70844 72330 49058 141587
239 70320 70999 48025 139029
240 68555 70061 47707 136890
241 67347 68958 46450 134295
242 66169 67523 45935 131706
243 65192 66073 44741 129120
244 63919 64799 44023 126987
245 62538 64123 42968 124738
246 61642 62428 42419 121825
247 60469 61390 41729 119993
248 59600 60348 40704 118094
249 58270 59279 40041 115399
250 57077 58124 39487 113708
251 56066 57140 38368 111375
252 55077 56081 38084 109319
253 54175 55238 36810 107476
254 52993 53813 36400 105552
255 51574 53024 35534 103387
256 50903 51541 34826 100898
257 49932 50788 34377 99542
258 48909 50044 33983 97355
259 48363 48861 33158 95604
260 47453 48145 32421 94112
261 46658 47627 31845 92512
262 46059 46459 31020 90562
263 44930 45739 30315 89117
264 43562 44852 29919 87685
265 43074 43912 29497 85352
266 42314 43261 29032 84397
267 41625 42666 28146 82813
268 41020 41687 27615 80915
269 39812 40681 27020 80094
270 39012 39999 26725 78115
271 38267 39125 26095 76547
272 38075 38694 25604 75418
273 37120 37937 25148 74011
274 36419 37403 24745 72955
275 35911 36744 24028 71146
276 35286 35778 24169 69761
277 34560 35342 23366 68717
278 34059 34580 23037 67442
279 33470 34073 22588 66339
280 33143 33629 22080 65461
281 32372 33027 21787 64320
282 31526 32408 21359 63057
283 31050 31644 20963 61713
284 30561 31228 20611 60671
285 29694 30647 20227 59282
286 29401 29638 19592 58062
287 28898 29227 19433 57252
288 28631 28736 19020 56047
289 28191 28324 18955 55372
290 27494 28160 18503 54507
291 26695 27540 18089 53347
292 26266 26893 17531 52404
293 25936 26389 17178 51325
294 25687 25806 16951 49957
295 24896 25171 16772 49069
296 24398 24626 16444 48272
297 23972 24468 16112 47518
298 23593 23974 15812 46698
299 23160 23705 15579 46165
300 22627 23383 15167 45164
301 22281 22673 14921 44141
302 22008 22256 14579 43469
303 21739 21982 14283 42675
304 21153 21687 14093 41823
305 20918 20943 13729 40861
306 20266 20511 13533 40302
307 19663 20105 13324 39378
308 19437 19863 12944 38578
309 19042 19486 12827 38045
310 18704 19070 12720 37083
311 18463 18612 12477 36221
312 18125 18348 12123 35790
313 17987 17890 11985 35126
314 17673 17725 11870 34841
315 17345 17719 11595 34256
316 16801 17464 11128 33898
317 16485 16904 11012 32781
318 16382 16556 10810 32063
319 16064 16242 10554 31423
320 15714 15947 10266 31075
321 15465 15678 10193 30557
322 15061 15505 9934 30028
323 14737 14873 9743 29121
324 14443 14588 9818 28672
325 14424 14504 9498 28288
326 14046 14473 9399 27979
327 14110 14108 9189 27246
328 13934 13959 8920 27095
329 13345 13686 9017 26684
330 13050 13355 8708 25793
331 12944 13053 8573 25472
332 12760 13021 8375 25169
333 12442 12683 8133 24612
334 12165 12237 8132 23913
335 11951 12057 7990 23374
336 11620 11917 7754 23142
337 11434 11621 7626 22675
338 11544 11474 7421 22375
339 11283 11496 7184 22178
340 10934 11100 7165 21500
341 10584 10889 7072 21158
342 10452 10621 6895 20621
343 10369 10464 6747 20392
344 10006 10165 6743 20045
345 10007 9989 6639 19450
346 9816 9754 6456 19152
347 9682 9797 6268 19044
348 9646 9583 6283 18723
349 9282 9574 6083 18528
350 9053 9327 5987 18101
351 8700 9221 5952 17796
352 8820 8975 5687 17232
353 8624 8816 5716 17099
354 8573 8683 5501 16814
355 8278 8664 5388 16566
356 8081 8286 5352 16074
357 8018 8193 5167 15917
358 7908 8094 5176 15505
359 7572 7880 5094 15161
360 7727 7669 4842 14859
361 7533 7691 4818 14890
362 7253 7501 4858 14555
363 7034 7256 4688 14115
364 6932 7068 4478 13610
365 6999 6899 4493 13529
366 6625 6964 4358 13525
367 6471 6770 4217 13150
368 6417 6460 4349 12575
369 6417 6352 4152 12366
370 6278 6351 4040 12477
371 6082 6306 4033 12190
372 5957 6214 4086 11909
373 5946 6135 3873 11756
374 5862 6079 3847 11532
375 5594 5858 3704 11408
376 5586 5699 3636 11027
377 5409 5576 3594 10931
378 5321 5405 3501 10589
379 5305 5419 3442 10532
380 5203 5393 3432 10402
381 5244 5272 3453 10173
382 5062 5278 3193 10061
383 5023 5030 3199 9776
384 4866 4971 3171 9582
385 4714 4867 3078 9463
386 4690 4704 3082 9179
387 4694 4671 2973 9091
388 4617 4645 3054 9089
389 4448 4631 2938 8874
390 4496 4399 2832 8594
391 4423 4396 2785 8469
392 4395 4255 2876 8259
393 4230 4264 2727 8345
394 4114 4174 2689 7974
395 4105 4047 2625 7937
396 4049 3997 2617 7749
397 3763 3973 2548 7716
398 3813 3878 2439 7530
399 3809 3854 2392 7442
400 3703 3831 2427 7344
401 3574 3656 2299 7026
402 3523 3548 2266 7059
403 3468 3517 2258 6765
404 3504 3392 2158 6579
405 3391 3368 2192 6604
406 3245 3267 2169 6370
407 3265 3184 2243 6250
408 3086 3226 2026 6286
409 3131 2985 2080 5978
410 3098 3129 1999 6169
411 3120 3148 1922 6031
412 2939 3087 1920 5998
413 2872 2998 1813 5698
414 2771 2796 1887 5468
415 2759 2803 1748 5473
416 2623 2758 1781 5468
417 2626 2726 1758 5244
418 2618 2664 1664 5178
419 2577 2623 1601 5017
420 2502 2494 1621 4846
421 2539 2478 1573 4832
422 2448 2505 1585 4770
423 2348 2366 1587 4761
424 2455 2446 1481 4671
425 2272 2387 1531 4644
426 2214 2362 1456 4472
427 2203 2256 1449 4312
428 2198 2258 1421 4284
429 2142 2143 1374 4177
430 2090 2094 1303 4151
431 2043 2040 1352 4005
432 2105 1974 1356 3866
433 2171 2073 1370 4059
434 2041 2106 1319 4090
435 1962 2004 1265 3841
436 1872 1893 1194 3773
437 1938 1897 1211 3717
438 1831 1881 1158 3657
439 1835 1775 1159 3601
440 1799 1834 1141 3485
441 1764 1803 1121 3489
442 1764 1759 1102 3386
443 1647 1724 1014 3388
444 1646 1656 1014 3273
445 1659 1616 1093 3100
446 1560 1637 1035 3148
447 1556 1581 953 3009
448 1499 1558 978 2958
449 1500 1505 945 2903
450 1498 1451 921 2894
451 1418 1511 905 2898
452 1388 1439 923 2792
453 1350 1486 907 2725
454 1351 1400 873 2678
455 1349 1351 847 2656
456 1257 1407 831 2600
457 1261 1334 789 2544
458 1247 1285 839 2428
459 1258 1209 803 2398
460 1205 1302 750 2449
461 1225 1221 768 2353
462 1235 1206 744 2306
463 1146 1207 748 2357
464 1180 1184 698 2243
465 1118 1153 750 2222
466 1131 1103 752 2082
467 1043 1148 729 2172
468 1076 1077 720 2052
469 995 1111 694 2084
470 1069 1043 666 2034
471 1050 1070 678 2090
472 971 1085 658 1975
473 1009 976 609 1921
474 939 1029 590 1967
475 987 953 625 1883
476 885 1032 576 1911
477 911 911 545 1818
478 828 925 575 1734
479 879 845 528 1673
480 917 869 587 1661
481 824 864 585 1689
482 781 824 500 1616
483 767 785 486 1552
484 833 744 509 1501
485 784 836 505 1546
486 787 777 502 1491
487 809 786 470 1502
488 745 753 482 1446
489 755 696 470 1404
490 725 733 478 1419
491 699 763 451 1425
492 706 721 462 1413
493 684 727 462 1332
494 663 688 393 1314
495 629 649 420 1294
496 656 637 390 1262
497 653 642 397 1225
498 632 619 365 1208
499 601 614 369 1161
500 544 598 361 1124
501 588 545 389 1095
502 553 580 397 1105
503 601 569 375 1112
504 575 596 341 1141
505 581 545 333 1046
506 533 550 350 1070
507 539 528 336 1006
508 553 546 329 1085
509 491 584 360 1055
510 511 501 295 948
511 495 501 293 969
512 485 523 325 974
513 457 514 267 998
514 489 444 266 860
515 461 491 306 920
516 391 428 277 834
517 431 385 290 833
518 426 460 274 847
519 428 444 262 847
520 399 439 282 845
521 413 432 253 807
522 412 422 254 839
523 376 440 231 818
524 370 408 248 774
525 386 400 238 760
526 350 412 225 741
527 353 373 214 679
528 391 338 210 671
529 322 391 256 748
530 303 343 211 629
531 348 311 218 632
532 314 358 249 681
533 320 358 204 637
534 331 341 180 632
535 322 337 222 643
536 304 327 189 618
537 308 315 194 603
538 283 313 193 585
539 280 274 175 545
540 259 288 184 538
541 295 282 167 553
542 272 285 156 560
543 259 282 157 527
544 257 277 147 537
545 238 271 168 504
546 251 250 163 473
547 277 253 147 507
548 262 261 160 495
549 250 255 138 477
550 272 233 147 465
551 202 256 160 489
552 202 209 130 397
553 237 196 139 423
554 220 252 152 458
555 204 231 130 431
556 217 208 130 408
557 201 204 146 410
558 204 198 123 410
559 206 203 122 373
560 221 182 116 373
561 183 223 130 418
562 185 195 105 382
563 160 177 92 345
564 171 160 108 314
565 176 164 112 322
566 184 161 99 329
567 181 166 117 324
568 172 172 106 322
569 168 171 95 325
570 136 173 104 330
571 140 158 85 295
572 155 138 101 295
573 143 150 96 285
574 157 121 98 263
575 148 142 92 295
576 155 132 93 288
577 128 136 112 291
578 136 139 85 281
579 129 144 91 280
580 132 130 75 270
581 117 124 97 249
582 119 111 80 218
583 147 105 75 245
584 154 140 95 267
585 128 144 64 281
586 141 125 60 250
587 117 130 80 244
588 84 106 73 213
589 118 81 89 181
590 97 115 73 221
591 117 100 66 209
592 96 139 73 244
593 97 112 73 213
594 108 119 51 219
595 99 111 71 205
596 101 104 60 204
597 92 106 64 203
598 103 105 63 182
599 96 107 60 193
600 106 90 64 184
601 86 91 64 190
602 88 90 50 183
603 82 84 52 165
604 94 87 41 158
605 68 77 48 161
606 83 78 43 138
607 93 64 52 141
608 85 80 38 158
609 86 70 57 151
610 74 85 52 155
611 79 76 42 158
612 77 80 45 145
613 77 69 39 132
614 77 78 50 155
615 66 71 51 123
616 63 55 52 116
617 61 72 41 138
618 60 68 35 129
619 78 57 34 125
620 62 74 40 150
621 57 60 38 121
622 70 60 32 116
623 75 58 46 110
624 60 67 46 120
625 67 58 39 117
626 63 70 41 117
627 57 58 39 118
628 51 66 37 129
629 53 60 29 106
630 49 47 37 108
631 55 44 32 100
632 50 52 28 106
633 64 56 31 101
634 41 69 37 125
635 56 49 26 102
636 54 60 30 93
637 47 43 32 95
638 41 48 24 90
639 48 37 21 81
640 50 51 29 99
641 36 52 31 88
642 43 36 29 68
643 45 43 24 90
644 36 37 33 80
645 43 36 29 72
646 34 49 19 83
647 50 35 31 70
648 52 48 23 70
649 46 36 35 72
650 52 35 25 78
651 43 48 25 86
652 46 31 24 67
653 49 35 29 80
654 45 50 28 85
655 43 41 32 82
656 48 41 27 81
657 30 51 34 85
658 35 31 17 66
659 35 29 24 51
660 27 33 20 62
661 29 29 25 52
662 37 39 15 64
663 40 34 19 70
664 35 42 21 69
665 30 36 25 66
666 43 26 18 55
667 30 40 18 86
668 30 33 19 70
669 24 34 26 61
670 27 30 18 49
671 31 28 20 63
672 35 35 20 65
673 33 34 27 67
674 27 38 22 68
675 29 35 22 59
676 22 34 13 62
677 26 31 20 51
678 21 29 14 47
679 25 19 19 50
680 27 22 14 42
681 22 20 13 48
682 30 21 16 47
683 28 26 20 54
684 17 24 15 43
685 24 19 17 35
686 31 18 17 40
687 22 26 13 60
688 26 22 14 41
689 23 24 13 40
690 25 17 13 35
691 19 20 12 40
692 38 15 10 33
693 22 25 18 45
694 21 17 14 40
695 14 25 8 47
696 12 20 11 29
697 11 16 5 31
698 11 12 8 23
699 17 5 11 23
700 9 19 9 30
701 14 10 7 27
702 9 20 9 32
703 10 14 14 25
704 21 14 11 27
705 11 29 13 47
706 8 19 13 28
707 8 17 7 28
708 14 10 8 20
709 21 9 10 19
710 14 15 10 34
711 14 11 8 26
712 20 11 8 24
713 14 17 8 32
714 15 14 8 30
715 14 13 9 26
716 18 14 5 26
717 14 11 8 24
718 13 11 9 23
719 11 12 7 21
720 11 14 6 28
721 14 10 7 28
722 7 13 8 27
723 7 15 4 22
724 4 11 4 18
725 9 7 2 13
726 8 7 5 15
727 7 6 4 16
728 10 10 9 20
729 12 13 7 17
730 7 11 5 22
731 9 10 1 19
732 9 6 8 11
733 8 7 4 14
734 6 10 3 19
735 9 10 5 13
736 6 8 5 19
737 9 9 7 17
738 4 10 3 16
739 8 7 4 15
740 9 12 4 14
741 10 5 11 13
742 9 12 5 24
743 4 14 4 20
744 7 8 4 12
745 7 10 6 13
746 8 4 5 10
747 7 9 4 16
748 2 2 4 9
749 10 4 1 13
750 4 9 2 15
751 4 4 6 13
752 6 5 2 9
753 4 5 2 12
754 11 2 2 5
755 8 5 1 14
756 6 6 2 11
757 6 3 3 8
758 4 4 1 9
759 8 2 3 6
760 8 3 4 8
761 8 6 4 13
762 8 9 7 13
763 7 9 6 16
764 7 10 6 12
765 11 12 6 16
766 13 12 5 20
767 9 13 6 18
768 3 8 2 14
769 4 5 2 8
770 2 4 2 10
771 3 1 3 3
772 4 5 3 9
773 4 6 0 10
774 4 5 2 11
775 3 6 0 8
776 3 1 3 4
777 4 3 3 5
778 4 2 3 6
779 4 3 3 6
780 2 6 2 9
781 0 3 4 5
782 0 3 4 6
783 2 4 1 8
784 2 6 3 10
785 0 3 2 6
786 1 1 0 1
787 3 0 2 4
788 4 3 2 4
789 3 4 1 6
790 4 2 0 5
791 3 4 0 8
792 4 2 2 7
793 3 6 2 8
794 1 4 1 5
795 1 2 1 4
796 1 3 3 3
797 1 2 2 5
798 2 5 2 5
799 1 5 1 7
800 3 2 5 4
801 4 3 1 3
802 4 4 1 8
803 1 4 3 7
804 3 3 0 4
805 3 2 1 4
806 4 2 0 8
807 0 4 0 10
808 1 3 1 4
809 3 1 1 2
810 2 4 0 6
811 2 3 1 6
812 1 2 1 3
813 0 1 1 4
814 2 0 0 1
815 1 1 4 3
816 0 2 0 2
817 0 0 1 0
818 0 0 0 1
819 0 1 2 2
820 3 0 0 2
821 1 4 3 6
822 1 3 1 6
823 2 2 3 2
824 2 1 1 2
825 1 1 1 3
826 1 1 1 5
827 2 3 1 3
828 1 1 1 1
829 1 1 0 3
830 2 1 0 2
831 2 1 1 3
832 1 1 0 1
833 1 0 1 1
834 0 0 0 1
836 0 0 0 1
837 2 0 0 0
838 2 0 0 0
839 1 0 1 1
840 1 1 0 1
841 0 1 0 2
842 1 0 0 0
843 0 0 0 1
845 2 0 0 0
846 0 1 1 2
847 2 0 0 1
848 3 2 0 2
849 2 3 1 3
850 1 2 0 3
851 1 0 2 0
852 0 0 0 1
853 0 0 0 1
856 0 0 1 2
857 0 2 0 3
858 0 0 0 2
859 1 1 1 1
860 0 0 1 2
861 0 0 1 1
863 0 0 1 0
864 1 0 0 0
865 3 0 0 0
866 0 2 0 3
869 0 0 1 0
872 0 0 0 1
878 0 0 2 0
879 1 1 1 1
880 1 2 0 3
881 0 3 0 5
882 0 1 0 2
884 1 0 0 0
885 2 1 0 2
886 0 2 0 3
887 0 1 0 2
890 0 0 1 0
891 0 1 0 1
893 0 0 1 0
894 1 0 0 0
895 1 0 0 0
896 2 0 0 1
897 1 0 1 0
898 0 0 1 0
901 1 0 0 0
902 0 0 0 1
906 0 0 1 0
907 0 0 0 1
908 2 0 1 0
909 3 2 0 3
910 2 2 1 2
911 2 1 1 1
912 1 2 1 2
913 1 0 0 0
914 1 0 1 1
915 0 1 1 1
917 0 0 0 1
918 0 0 0 1
919 0 0 0 1
920 0 0 0 1
922 0 0 0 1
935 1 0 0 0
936 1 0 0 0
937 0 0 0 2
938 0 1 0 1
944 2 0 0 1
945 0 2 0 2
952 1 0 0 0
953 0 0 1 0
955 0 0 1 0
956 0 1 0 1
957 1 0 0 0
958 0 1 0 2
960 1 0 1 0
961 0 1 1 1
962 1 1 0 2
963 0 2 1 2
964 0 1 0 1
968 1 0 1 0
969 0 2 0 2
970 0 0 0 2
971 0 2 0 2
972 0 0 1 0
974 1 0 0 1
975 1 0 0 0
976 0 0 0 2
1011 0 0 1 0
1012 0 1 0 1
1013 0 1 0 1
1014 0 1 0 1
1015 1 0 1 0
1016 1 2 0 2
1017 2 1 0 1
1018 0 2 0 3
1025 0 0 0 1
1054 0 0 0 1
