1 0.5402 0.4598
2 0.5363 0.4637
3 0.5266 0.4734
4 0.5153 0.4847
5 0.5059 0.4941
6 0.498 0.502
7 0.4912 0.5088
8 0.4856 0.5144
9 0.4806 0.5194
10 0.4761 0.5239
11 0.4721 0.5279
12 0.4688 0.5312
13 0.4656 0.5344
14 0.4629 0.5371
15 0.4602 0.5398
16 0.4575 0.5425
17 0.4555 0.5445
18 0.4534 0.5466
19 0.4517 0.5483
20 0.4498 0.5502
21 0.4485 0.5515
22 0.447 0.553
23 0.4447 0.5553
24 0.4433 0.5567
25 0.4426 0.5574
26 0.4419 0.5581
27 0.4403 0.5597
28 0.4395 0.5605
29 0.4398 0.5602
30 0.4376 0.5624
31 0.436 0.564
32 0.4361 0.5639
33 0.4356 0.5644
34 0.4334 0.5666
35 0.4329 0.5671
36 0.4336 0.5664
37 0.4343 0.5657
38 0.4297 0.5703
39 0.4325 0.5675
40 0.4339 0.5661
41 0.4301 0.5699
42 0.4285 0.5715
43 0.4268 0.5732
44 0.4282 0.5718
45 0.4293 0.5707
46 0.4238 0.5762
47 0.4243 0.5757
48 0.4263 0.5737
49 0.4259 0.5741
50 0.4261 0.5739
51 0.4243 0.5757
52 0.4264 0.5736
53 0.4265 0.5735
54 0.4243 0.5757
55 0.4232 0.5768
56 0.4225 0.5775
57 0.4236 0.5764
58 0.4281 0.5719
59 0.4352 0.5648
60 0.4227 0.5773
61 0.4211 0.5789
62 0.4254 0.5746
63 0.4154 0.5846
64 0.4247 0.5753
65 0.4217 0.5783
66 0.4331 0.5669
67 0.4233 0.5767
68 0.418 0.582
69 0.4243 0.5757
70 0.4377 0.5623
71 0.4312 0.5688
72 0.398 0.602
73 0.4244 0.5756
74 0.4079 0.5921
75 0.4398 0.5602
76 0.4199 0.5801
77 0.4092 0.5908
78 0.4212 0.5788
79 0.3775 0.6225
80 0.4176 0.5824
81 0.3795 0.6205
82 0.4408 0.5592
83 0.415 0.585
84 0.3858 0.6142
85 0.4641 0.5359
86 0.4527 0.5473
87 0.4855 0.5145
88 0.4051 0.5949
89 0.4194 0.5806
90 0.4393 0.5607
91 0.4466 0.5534
92 0.3793 0.6207
93 0.35 0.65
94 0.4412 0.5588
95 0.4512 0.5488
96 0.3913 0.6087
97 0.3529 0.6471
98 0.3421 0.6579
99 0.4231 0.5769
100 0.2857 0.7143
101 0.5455 0.4545
102 0.4375 0.5625
103 0.4615 0.5385
104 0.2727 0.7273
105 0.3333 0.6667
106 0.25 0.75
107 0.4 0.6
108 0.6 0.4
109 0.4 0.6
110 0.1429 0.8571
111 0.4 0.6
112 0.8571 0.1429
113 0.1429 0.8571
114 0.5 0.5
115 0.3333 0.6667
116 0.0 1.0
119 1.0 0.0
120 1.0 0.0
122 1.0 0.0
123 0.0 1.0
125 1.0 0.0
126 0.5 0.5
127 0.5 0.5
128 0.25 0.75
129 0.5 0.5
130 0.5 0.5
131 0.3333 0.6667
132 0.0 1.0
137 0.0 1.0
138 0.0 1.0
