1 11590178 11843634 2322362 11843634
2 10085733 11273411 2954645 11273411
3 8980919 7252968 3120870 10880981
4 7605687 6141449 2818489 9805809
5 6424920 5116063 2475960 8691788
6 5424142 4336038 2121395 7606432
7 4595998 3688933 1804849 6629050
8 3911243 3159994 1529960 5762887
9 3339514 2720178 1294860 5008241
10 2858273 2351205 1094850 4350717
11 2452416 2031699 927085 3779241
12 2107482 1760795 785672 3278847
13 1813497 1526379 666779 2846735
14 1565185 1323560 565148 2472067
15 1348220 1149041 482603 2147276
16 1163025 996623 409765 1864743
17 1005553 867747 349416 1619644
18 868914 753382 297855 1406617
19 752496 654377 254735 1222422
20 650965 570055 217886 1062825
21 564969 496005 186024 923612
22 490728 431747 158829 803448
23 424488 376172 136235 700141
24 366942 327028 117037 607900
25 317873 282976 100410 526851
26 276762 247054 85871 457898
27 239961 214926 74166 399278
28 208515 187182 63908 347488
29 181835 163182 54982 301654
30 158018 142516 47356 263981
31 136757 124446 40657 229497
32 119035 107539 34922 199065
33 103313 93606 30237 173060
34 89207 81726 26085 150709
35 77651 70926 22426 131089
36 68056 61874 19246 114057
37 59535 54067 16903 99585
38 51191 47418 14486 87175
39 44856 40929 12452 75190
40 39392 35570 10889 65611
41 33945 31583 9471 57538
42 29288 27044 8071 49821
43 25331 23564 7023 43449
44 22178 20688 6117 37778
45 19485 18060 5334 33000
46 16969 16048 4477 29161
47 14763 13710 3886 25303
48 12683 11867 3503 21787
49 11159 10295 2869 18913
50 9776 9076 2494 16526
51 8516 7937 2165 14492
52 7418 6844 1880 12510
53 6480 6040 1658 10944
54 5570 5242 1509 9606
55 4853 4682 1268 8343
56 4215 4055 1070 7223
57 3588 3461 1007 6253
58 3215 2914 831 5404
59 2990 2611 682 4766
60 2509 2362 630 4287
61 2104 1966 562 3665
62 1910 1797 501 3257
63 1626 1633 399 2850
64 1425 1303 348 2402
65 1229 1143 314 2116
66 1137 1001 265 1835
67 963 965 259 1665
68 865 807 205 1490
69 771 746 174 1282
70 671 613 189 1105
71 575 549 146 951
72 488 477 105 897
73 404 426 129 723
74 360 339 83 643
75 361 314 81 563
76 289 271 70 496
77 241 224 54 426
78 210 199 52 360
79 164 194 44 343
80 160 135 30 265
81 129 131 30 260
82 117 104 32 189
83 100 101 22 172
84 83 78 15 156
85 96 72 14 127
86 75 65 16 110
87 67 43 17 89
88 49 53 15 94
89 44 46 8 72
90 38 36 9 60
91 32 31 14 57
92 29 33 4 54
93 21 30 7 52
94 26 25 4 38
95 30 25 7 45
96 26 26 1 42
97 17 18 1 33
98 12 12 1 25
99 8 9 3 15
100 5 5 1 15
101 9 6 3 10
102 6 4 1 9
103 5 4 1 7
104 1 4 2 8
105 2 2 0 4
106 1 2 0 3
107 2 0 0 3
108 0 0 3 2
109 2 2 0 3
110 1 4 0 6
111 1 2 1 3
112 6 0 0 1
113 1 4 0 6
114 1 1 1 2
115 1 1 0 2
116 0 0 0 2
119 1 0 0 0
120 0 0 1 0
122 0 0 1 0
123 0 1 0 1
125 1 0 0 0
126 1 1 0 1
127 1 0 0 1
128 1 1 0 3
129 1 2 1 2
130 2 2 0 2
131 1 2 0 2
132 0 0 0 1
137 0 0 0 1
138 0 1 0 1
