1 2.1066905159488485 0.0
2 2.336007202218879 0.0
3 2.6682505198870827 -0.6668540272241997
4 2.9790252862437994 -0.8055494452319029
5 3.251295255173751 -0.9655291868600568
6 3.4896608128142095 -1.0752765554204653
7 3.700331717501021 -1.2018983112210648
8 3.8795125362754583 -1.2958199596834017
9 4.0373916871321995 -1.3997696995811504
10 4.176664383248847 -1.480544701022843
11 4.304215902533209 -1.574134330147244
12 4.4050939832398255 -1.6491434336521344
13 4.494655650522887 -1.7329112123186738
14 4.578411318804986 -1.8066808059813912
15 4.649063515974828 -1.8832758341265865
16 4.71111490732493 -1.9538467231141234
17 4.766015294090711 -2.0243522650656565
18 4.813865807188061 -2.0920527762710104
19 4.844972226038824 -2.164085724896967
20 4.870537804172824 -2.2267711053089645
21 4.895207070055477 -2.294330303200911
22 4.920738656038885 -2.352744670470273
23 4.949014570411421 -2.424783007994104
24 4.953527516939087 -2.483757196907386
25 4.985628921422169 -2.5510001879089153
26 4.949459072329424 -2.6059209692988397
27 4.980678478008791 -2.6800725309183075
28 4.964605370219691 -2.73661824293213
29 4.963842712160344 -2.7814482818063078
30 4.997254835712476 -2.8598914315803032
31 5.017955087684777 -2.8940116864272736
32 4.981902525628543 -2.97530957225027
33 4.982637166385554 -3.033005893909627
34 5.019666474985624 -3.063798446011851
35 5.006108980647463 -3.146953596411598
36 4.935830821988985 -3.2088780171317848
37 4.921611548245873 -3.256775618818095
38 5.056261217727461 -3.275618009750502
39 4.9660295534853836 -3.3332225029924194
40 4.984112407016255 -3.4370761000442
41 4.9637841832963785 -3.406757273454065
42 5.000123900384091 -3.5111298448445436
43 4.835397978072049 -3.5649151879214713
44 4.9236553866274315 -3.6083434803324685
45 4.95313085864267 -3.641636363636364
46 4.944829126647308 -3.7188710949555914
47 4.981986618630983 -3.8720705054736593
48 4.905509563231516 -3.8224170376830218
49 4.912861624259324 -3.8654893459525193
50 4.989574979951884 -3.926237444027593
51 4.890069284064666 -3.89511454595639
52 4.961702127659574 -4.038529176658673
53 4.843787696019301 -4.099415204678363
54 4.906560636182903 -4.1778055382052885
55 5.120662460567823 -4.143593431619322
56 4.899065420560747 -4.212377128616918
57 4.757696127110228 -4.202782664321126
58 4.813477737665464 -4.471502590673575
59 5.121700879765396 -4.354175409148133
60 5.2555555555555555 -4.261954746909261
61 4.692170818505338 -4.642019099590723
62 5.077844311377246 -4.342339576297206
63 4.887218045112782 -4.4
64 5.022988505747127 -4.807243963363863
65 4.748407643312102 -4.609640831758034
66 5.2 -4.638692098092643
67 4.957528957528957 -4.548948948948949
68 4.804878048780488 -5.160402684563758
69 4.781609195402299 -4.533541341653666
70 4.5396825396825395 -4.595475113122172
71 4.657534246575342 -4.765509989484753
72 4.495238095238095 -5.082497212931996
73 4.51937984496124 -4.72060857538036
74 4.578313253012048 -5.111975116640746
75 4.54320987654321 -4.957371225577265
76 4.257142857142857 -5.006048387096774
77 4.425925925925926 -5.525821596244131
78 4.480769230769231 -4.730555555555555
79 5.090909090909091 -5.0466472303206995
80 5.266666666666667 -6.373584905660377
81 4.2 -5.826923076923077
82 3.8125 -5.317460317460317
83 5.590909090909091 -4.593023255813954
84 4.333333333333333 -7.096153846153846
85 5.571428571428571 -5.15748031496063
86 5.6875 -3.7545454545454544
87 4.647058823529412 -6.955056179775281
88 4.066666666666666 -6.127659574468085
89 4.375 -5.291666666666667
90 3.4444444444444446 -4.75
91 4.428571428571429 -5.578947368421052
92 7.75 -6.5
93 3.857142857142857 -4.230769230769231
94 3.5 -7.026315789473684
95 2.7142857142857144 -7.622222222222222
96 2.0 -3.8095238095238093
97 3.0 -6.363636363636363
98 3.0 -8.32
99 2.3333333333333335 -9.0
100 4.0 -14.733333333333333
101 3.6666666666666665 -8.1
102 10.0 -10.666666666666666
103 8.0 -6.857142857142857
104 8.5 -13.625
105 0 -7.0
106 0 -2.3333333333333335
107 0 -5.0
108 12.333333333333334 -7.5
109 0 -0.6666666666666666
110 0 -2.5
111 4.0 -3.3333333333333335
112 0 -3.0
113 0 -5.666666666666667
114 2.0 -2.0
115 0 -13.0
116 0 -2.0
119 0 0
120 9.0 0
122 6.0 0
123 0 0.0
125 0 0
126 0 0.0
127 0 -36.0
128 0 -20.666666666666668
129 2.0 0.0
130 0 0.0
131 0 0.0
132 0 -2.0
137 0 -14.0
138 0 0.0
