-60 1
-59 0
-58 0
-57 0
-56 0
-55 0
-54 0
-53 0
-52 0
-51 0
-50 2
-49 2
-48 3
-47 0
-46 2
-45 2
-44 2
-43 6
-42 7
-41 10
-40 8
-39 10
-38 20
-37 28
-36 41
-35 38
-34 60
-33 97
-32 133
-31 194
-30 218
-29 335
-28 422
-27 644
-26 912
-25 1225
-24 1689
-23 2240
-22 3115
-21 4352
-20 6126
-19 8491
-18 11952
-17 16521
-16 23827
-15 34091
-14 49136
-13 70099
-12 102889
-11 150646
-10 223855
-9 337527
-8 516503
-7 812296
-6 1307470
-5 2208389
-4 3989840
-3 8137880
-2 19284935
-1 73348594
0 0
1 82825380
2 12747274
3 6191644
4 3419341
5 1993956
6 1209725
7 760227
8 490559
9 320330
10 214352
11 144265
12 98653
13 67820
14 47153
15 32856
16 23112
17 16301
18 11552
19 8144
20 5739
21 4393
22 3047
23 2139
24 1651
25 1117
26 853
27 565
28 446
29 336
30 253
31 192
32 129
33 105
34 69
35 53
36 34
37 32
38 17
39 16
40 12
41 8
42 5
43 5
44 4
45 4
46 3
47 0
48 1
49 1
50 3
