1 0.472 0.528
2 0.5098 0.4902
3 0.5129 0.4871
4 0.5128 0.4872
5 0.5121 0.4879
6 0.5114 0.4886
7 0.5109 0.4891
8 0.5103 0.4897
9 0.5095 0.4905
10 0.5092 0.4908
11 0.5087 0.4913
12 0.5084 0.4916
13 0.508 0.492
14 0.5077 0.4923
15 0.5074 0.4926
16 0.5071 0.4929
17 0.5065 0.4935
18 0.506 0.494
19 0.5058 0.4942
20 0.5056 0.4944
21 0.5051 0.4949
22 0.5048 0.4952
23 0.5048 0.4952
24 0.5044 0.4956
25 0.5039 0.4961
26 0.5041 0.4959
27 0.5039 0.4961
28 0.5032 0.4968
29 0.503 0.497
30 0.503 0.497
31 0.5024 0.4976
32 0.5023 0.4977
33 0.5021 0.4979
34 0.5019 0.4981
35 0.5018 0.4982
36 0.5013 0.4987
37 0.5012 0.4988
38 0.5012 0.4988
39 0.501 0.499
40 0.5007 0.4993
41 0.5005 0.4995
42 0.5003 0.4997
43 0.4999 0.5001
44 0.4996 0.5004
45 0.4993 0.5007
46 0.4995 0.5005
47 0.4992 0.5008
48 0.4992 0.5008
49 0.499 0.501
50 0.4986 0.5014
51 0.4984 0.5016
52 0.4985 0.5015
53 0.4981 0.5019
54 0.4983 0.5017
55 0.4978 0.5022
56 0.4979 0.5021
57 0.4971 0.5029
58 0.497 0.503
59 0.4973 0.5027
60 0.4971 0.5029
61 0.4969 0.5031
62 0.4966 0.5034
63 0.4963 0.5037
64 0.4962 0.5038
65 0.4959 0.5041
66 0.4963 0.5037
67 0.4961 0.5039
68 0.4959 0.5041
69 0.4959 0.5041
70 0.4956 0.5044
71 0.4954 0.5046
72 0.4952 0.5048
73 0.4951 0.5049
74 0.4952 0.5048
75 0.4948 0.5052
76 0.4943 0.5057
77 0.4944 0.5056
78 0.4944 0.5056
79 0.4948 0.5052
80 0.4946 0.5054
81 0.4944 0.5056
82 0.4941 0.5059
83 0.4942 0.5058
84 0.4939 0.5061
85 0.4932 0.5068
86 0.4931 0.5069
87 0.4938 0.5062
88 0.4929 0.5071
89 0.4935 0.5065
90 0.493 0.507
91 0.4932 0.5068
92 0.4931 0.5069
93 0.4926 0.5074
94 0.4922 0.5078
95 0.4927 0.5073
96 0.4925 0.5075
97 0.4921 0.5079
98 0.4922 0.5078
99 0.4928 0.5072
100 0.4919 0.5081
101 0.4916 0.5084
102 0.4927 0.5073
103 0.4916 0.5084
104 0.4919 0.5081
105 0.4917 0.5083
106 0.4912 0.5088
107 0.4912 0.5088
108 0.4913 0.5087
109 0.4919 0.5081
110 0.4907 0.5093
111 0.4907 0.5093
112 0.4906 0.5094
113 0.4909 0.5091
114 0.4913 0.5087
115 0.4908 0.5092
116 0.4903 0.5097
117 0.4907 0.5093
118 0.4909 0.5091
119 0.4901 0.5099
120 0.4902 0.5098
121 0.4908 0.5092
122 0.4899 0.5101
123 0.4898 0.5102
124 0.4894 0.5106
125 0.4892 0.5108
126 0.4904 0.5096
127 0.4902 0.5098
128 0.4886 0.5114
129 0.4891 0.5109
130 0.4891 0.5109
131 0.4886 0.5114
132 0.4894 0.5106
133 0.489 0.511
134 0.4888 0.5112
135 0.4894 0.5106
136 0.489 0.511
137 0.4886 0.5114
138 0.4885 0.5115
139 0.4891 0.5109
140 0.4887 0.5113
141 0.4888 0.5112
142 0.4886 0.5114
143 0.488 0.512
144 0.4883 0.5117
145 0.4886 0.5114
146 0.4886 0.5114
147 0.4882 0.5118
148 0.488 0.512
149 0.4885 0.5115
150 0.4878 0.5122
151 0.4878 0.5122
152 0.4884 0.5116
153 0.4874 0.5126
154 0.4869 0.5131
155 0.4877 0.5123
156 0.4867 0.5133
157 0.4879 0.5121
158 0.4872 0.5128
159 0.4873 0.5127
160 0.4869 0.5131
161 0.4872 0.5128
162 0.4875 0.5125
163 0.4873 0.5127
164 0.4871 0.5129
165 0.4865 0.5135
166 0.4867 0.5133
167 0.4872 0.5128
168 0.4874 0.5126
169 0.4868 0.5132
170 0.4871 0.5129
171 0.4869 0.5131
172 0.4864 0.5136
173 0.4868 0.5132
174 0.4863 0.5137
175 0.4867 0.5133
176 0.4867 0.5133
177 0.4857 0.5143
178 0.4874 0.5126
179 0.4858 0.5142
180 0.4863 0.5137
181 0.4862 0.5138
182 0.4869 0.5131
183 0.4873 0.5127
184 0.4861 0.5139
185 0.4859 0.5141
186 0.4862 0.5138
187 0.4852 0.5148
188 0.4865 0.5135
189 0.4858 0.5142
190 0.4857 0.5143
191 0.486 0.514
192 0.4853 0.5147
193 0.4846 0.5154
194 0.4852 0.5148
195 0.4856 0.5144
196 0.4866 0.5134
197 0.485 0.515
198 0.485 0.515
199 0.485 0.515
200 0.4855 0.5145
201 0.4855 0.5145
202 0.486 0.514
203 0.4844 0.5156
204 0.4849 0.5151
205 0.485 0.515
206 0.4834 0.5166
207 0.4851 0.5149
208 0.4839 0.5161
209 0.4851 0.5149
210 0.4851 0.5149
211 0.4834 0.5166
212 0.486 0.514
213 0.4836 0.5164
214 0.4851 0.5149
215 0.4846 0.5154
216 0.4852 0.5148
217 0.4851 0.5149
218 0.4847 0.5153
219 0.485 0.515
220 0.4837 0.5163
221 0.4843 0.5157
222 0.4835 0.5165
223 0.4836 0.5164
224 0.4848 0.5152
225 0.4841 0.5159
226 0.4848 0.5152
227 0.4847 0.5153
228 0.4845 0.5155
229 0.4841 0.5159
230 0.485 0.515
231 0.4837 0.5163
232 0.4851 0.5149
233 0.4839 0.5161
234 0.4832 0.5168
235 0.4853 0.5147
236 0.4834 0.5166
237 0.4833 0.5167
238 0.4838 0.5162
239 0.4839 0.5161
240 0.4845 0.5155
241 0.4832 0.5168
242 0.4825 0.5175
243 0.4845 0.5155
244 0.4831 0.5169
245 0.4839 0.5161
246 0.4819 0.5181
247 0.4829 0.5171
248 0.4836 0.5164
249 0.4849 0.5151
250 0.4828 0.5172
251 0.4842 0.5158
252 0.482 0.518
253 0.4828 0.5172
254 0.4822 0.5178
255 0.4838 0.5162
256 0.4851 0.5149
257 0.4832 0.5168
258 0.4821 0.5179
259 0.482 0.518
260 0.4816 0.5184
261 0.4825 0.5175
262 0.4843 0.5157
263 0.4825 0.5175
264 0.4844 0.5156
265 0.4824 0.5176
266 0.4825 0.5175
267 0.4827 0.5173
268 0.4835 0.5165
269 0.4839 0.5161
270 0.4812 0.5188
271 0.4815 0.5185
272 0.4819 0.5181
273 0.4801 0.5199
274 0.4823 0.5177
275 0.4835 0.5165
276 0.4829 0.5171
277 0.4831 0.5169
278 0.4827 0.5173
279 0.4822 0.5178
280 0.4815 0.5185
281 0.4827 0.5173
282 0.4816 0.5184
283 0.4837 0.5163
284 0.4808 0.5192
285 0.4831 0.5169
286 0.4837 0.5163
287 0.4833 0.5167
288 0.4823 0.5177
289 0.4829 0.5171
290 0.4835 0.5165
291 0.4828 0.5172
292 0.4832 0.5168
293 0.4802 0.5198
294 0.4817 0.5183
295 0.4813 0.5187
296 0.4825 0.5175
297 0.4827 0.5173
298 0.4804 0.5196
299 0.4831 0.5169
300 0.4839 0.5161
301 0.4838 0.5162
302 0.4817 0.5183
303 0.4846 0.5154
304 0.4781 0.5219
305 0.4819 0.5181
306 0.4817 0.5183
307 0.4825 0.5175
308 0.4822 0.5178
309 0.4842 0.5158
310 0.4806 0.5194
311 0.4851 0.5149
312 0.4811 0.5189
313 0.484 0.516
314 0.4816 0.5184
315 0.4834 0.5166
316 0.4858 0.5142
317 0.4806 0.5194
318 0.4833 0.5167
319 0.4789 0.5211
320 0.4832 0.5168
321 0.4812 0.5188
322 0.4803 0.5197
323 0.4811 0.5189
324 0.4793 0.5207
325 0.4816 0.5184
326 0.4791 0.5209
327 0.4803 0.5197
328 0.4824 0.5176
329 0.4811 0.5189
330 0.4814 0.5186
331 0.4804 0.5196
332 0.481 0.519
333 0.4822 0.5178
334 0.4798 0.5202
335 0.4803 0.5197
336 0.4807 0.5193
337 0.4823 0.5177
338 0.4823 0.5177
339 0.4807 0.5193
340 0.4814 0.5186
341 0.4823 0.5177
342 0.4796 0.5204
343 0.4839 0.5161
344 0.4828 0.5172
345 0.4831 0.5169
346 0.4801 0.5199
347 0.4807 0.5193
348 0.4787 0.5213
349 0.4795 0.5205
350 0.4795 0.5205
351 0.4772 0.5228
352 0.4799 0.5201
353 0.4813 0.5187
354 0.4811 0.5189
355 0.4785 0.5215
356 0.4832 0.5168
357 0.48 0.52
358 0.4817 0.5183
359 0.4792 0.5208
360 0.4836 0.5164
361 0.48 0.52
362 0.4786 0.5214
363 0.483 0.517
364 0.4805 0.5195
365 0.4779 0.5221
366 0.4795 0.5205
367 0.4793 0.5207
368 0.4808 0.5192
369 0.4786 0.5214
370 0.4811 0.5189
371 0.4771 0.5229
372 0.477 0.523
373 0.475 0.525
374 0.4832 0.5168
375 0.4768 0.5232
376 0.4775 0.5225
377 0.487 0.513
378 0.4809 0.5191
379 0.4786 0.5214
380 0.478 0.522
381 0.4758 0.5242
382 0.4813 0.5187
383 0.4806 0.5194
384 0.4791 0.5209
385 0.4767 0.5233
386 0.477 0.523
387 0.4823 0.5177
388 0.48 0.52
389 0.4855 0.5145
390 0.4815 0.5185
391 0.4794 0.5206
392 0.4784 0.5216
393 0.4773 0.5227
394 0.4783 0.5217
395 0.4855 0.5145
396 0.4797 0.5203
397 0.4791 0.5209
398 0.4813 0.5187
399 0.4794 0.5206
400 0.4805 0.5195
401 0.4803 0.5197
402 0.4813 0.5187
403 0.4761 0.5239
404 0.4774 0.5226
405 0.4766 0.5234
406 0.4782 0.5218
407 0.4814 0.5186
408 0.4794 0.5206
409 0.4833 0.5167
410 0.4794 0.5206
411 0.4811 0.5189
412 0.4789 0.5211
413 0.4737 0.5263
414 0.4853 0.5147
415 0.4837 0.5163
416 0.478 0.522
417 0.4771 0.5229
418 0.4864 0.5136
419 0.4795 0.5205
420 0.4781 0.5219
421 0.4759 0.5241
422 0.4813 0.5187
423 0.4775 0.5225
424 0.4791 0.5209
425 0.4799 0.5201
426 0.4788 0.5212
427 0.4747 0.5253
428 0.4765 0.5235
429 0.479 0.521
430 0.4822 0.5178
431 0.4751 0.5249
432 0.4753 0.5247
433 0.4738 0.5262
434 0.4812 0.5188
435 0.4751 0.5249
436 0.4781 0.5219
437 0.4825 0.5175
438 0.4844 0.5156
439 0.4821 0.5179
440 0.4779 0.5221
441 0.4775 0.5225
442 0.4818 0.5182
443 0.4814 0.5186
444 0.4824 0.5176
445 0.4805 0.5195
446 0.4818 0.5182
447 0.4827 0.5173
448 0.4813 0.5187
449 0.4793 0.5207
450 0.4792 0.5208
451 0.4797 0.5203
452 0.4698 0.5302
453 0.4784 0.5216
454 0.4749 0.5251
455 0.4767 0.5233
456 0.4771 0.5229
457 0.4772 0.5228
458 0.4809 0.5191
459 0.4863 0.5137
460 0.4742 0.5258
461 0.4707 0.5293
462 0.4742 0.5258
463 0.4859 0.5141
464 0.4777 0.5223
465 0.4811 0.5189
466 0.4774 0.5226
467 0.4738 0.5262
468 0.4814 0.5186
469 0.4777 0.5223
470 0.4782 0.5218
471 0.4831 0.5169
472 0.4754 0.5246
473 0.4824 0.5176
474 0.4778 0.5222
475 0.4804 0.5196
476 0.4835 0.5165
477 0.4836 0.5164
478 0.4809 0.5191
479 0.4827 0.5173
480 0.4722 0.5278
481 0.474 0.526
482 0.4711 0.5289
483 0.4847 0.5153
484 0.466 0.534
485 0.4799 0.5201
486 0.4816 0.5184
487 0.4829 0.5171
488 0.4746 0.5254
489 0.4782 0.5218
490 0.4783 0.5217
491 0.4772 0.5228
492 0.477 0.523
493 0.4817 0.5183
494 0.4832 0.5168
495 0.4807 0.5193
496 0.4751 0.5249
497 0.4801 0.5199
498 0.4676 0.5324
499 0.4848 0.5152
500 0.4788 0.5212
501 0.488 0.512
502 0.4854 0.5146
503 0.4848 0.5152
504 0.486 0.514
505 0.4703 0.5297
506 0.4777 0.5223
507 0.484 0.516
508 0.4758 0.5242
509 0.4758 0.5242
510 0.4767 0.5233
511 0.4809 0.5191
512 0.4783 0.5217
513 0.4824 0.5176
514 0.4747 0.5253
515 0.4732 0.5268
516 0.4793 0.5207
517 0.4809 0.5191
518 0.476 0.524
519 0.4796 0.5204
520 0.4857 0.5143
521 0.484 0.516
522 0.4922 0.5078
523 0.4754 0.5246
524 0.4823 0.5177
525 0.4792 0.5208
526 0.4761 0.5239
527 0.4768 0.5232
528 0.4821 0.5179
529 0.4656 0.5344
530 0.477 0.523
531 0.478 0.522
532 0.4865 0.5135
533 0.465 0.535
534 0.4712 0.5288
535 0.4625 0.5375
536 0.4739 0.5261
537 0.4768 0.5232
538 0.4759 0.5241
539 0.4843 0.5157
540 0.4713 0.5287
541 0.4896 0.5104
542 0.4644 0.5356
543 0.474 0.526
544 0.5011 0.4989
545 0.4879 0.5121
546 0.4767 0.5233
547 0.4835 0.5165
548 0.4775 0.5225
549 0.4854 0.5146
550 0.4872 0.5128
551 0.4902 0.5098
552 0.4694 0.5306
553 0.494 0.506
554 0.4674 0.5326
555 0.4828 0.5172
556 0.4727 0.5273
557 0.4984 0.5016
558 0.4861 0.5139
559 0.4833 0.5167
560 0.478 0.522
561 0.4763 0.5237
562 0.4941 0.5059
563 0.4788 0.5212
564 0.487 0.513
565 0.4837 0.5163
566 0.4794 0.5206
567 0.4463 0.5537
568 0.4754 0.5246
569 0.475 0.525
570 0.477 0.523
571 0.4822 0.5178
572 0.4815 0.5185
573 0.4765 0.5235
574 0.4858 0.5142
575 0.4611 0.5389
576 0.4677 0.5323
577 0.4968 0.5032
578 0.4955 0.5045
579 0.4671 0.5329
580 0.4727 0.5273
581 0.4782 0.5218
582 0.4758 0.5242
583 0.4749 0.5251
584 0.4866 0.5134
585 0.47 0.53
586 0.4785 0.5215
587 0.4755 0.5245
588 0.4935 0.5065
589 0.4726 0.5274
590 0.4901 0.5099
591 0.4564 0.5436
592 0.4831 0.5169
593 0.474 0.526
594 0.4953 0.5047
595 0.4766 0.5234
596 0.4669 0.5331
597 0.4643 0.5357
598 0.4778 0.5222
599 0.4693 0.5307
600 0.4737 0.5263
601 0.4795 0.5205
602 0.4711 0.5289
603 0.4779 0.5221
604 0.4854 0.5146
605 0.4813 0.5187
606 0.4812 0.5188
607 0.4765 0.5235
608 0.4922 0.5078
609 0.4962 0.5038
610 0.4814 0.5186
611 0.4979 0.5021
612 0.4822 0.5178
613 0.4708 0.5292
614 0.472 0.528
615 0.4912 0.5088
616 0.4877 0.5123
617 0.4879 0.5121
618 0.498 0.502
619 0.48 0.52
620 0.4705 0.5295
621 0.4823 0.5177
622 0.4871 0.5129
623 0.4867 0.5133
624 0.4877 0.5123
625 0.4727 0.5273
626 0.4767 0.5233
627 0.4624 0.5376
628 0.4674 0.5326
629 0.4757 0.5243
630 0.471 0.529
631 0.4719 0.5281
632 0.4514 0.5486
633 0.4652 0.5348
634 0.4725 0.5275
635 0.477 0.523
636 0.4662 0.5338
637 0.4575 0.5425
638 0.4337 0.5663
639 0.5179 0.4821
640 0.48 0.52
641 0.4703 0.5297
642 0.5041 0.4959
643 0.4833 0.5167
644 0.4717 0.5283
645 0.4855 0.5145
646 0.4807 0.5193
647 0.4816 0.5184
648 0.4912 0.5088
649 0.4656 0.5344
650 0.4657 0.5343
651 0.5021 0.4979
652 0.479 0.521
653 0.4603 0.5397
654 0.4634 0.5366
655 0.447 0.553
656 0.4642 0.5358
657 0.4907 0.5093
658 0.465 0.535
659 0.4712 0.5288
660 0.4871 0.5129
661 0.4714 0.5286
662 0.4783 0.5217
663 0.4669 0.5331
664 0.4528 0.5472
665 0.4791 0.5209
666 0.4862 0.5138
667 0.4899 0.5101
668 0.4975 0.5025
669 0.4675 0.5325
670 0.498 0.502
671 0.4818 0.5182
672 0.4874 0.5126
673 0.4853 0.5147
674 0.4586 0.5414
675 0.4965 0.5035
676 0.4697 0.5303
677 0.4332 0.5668
678 0.4789 0.5211
679 0.4444 0.5556
680 0.4577 0.5423
681 0.4825 0.5175
682 0.4359 0.5641
683 0.4459 0.5541
684 0.4914 0.5086
685 0.5084 0.4916
686 0.4555 0.5445
687 0.4752 0.5248
688 0.4869 0.5131
689 0.4656 0.5344
690 0.4516 0.5484
691 0.5063 0.4937
692 0.4527 0.5473
693 0.4877 0.5123
694 0.4571 0.5429
695 0.4757 0.5243
696 0.4858 0.5142
697 0.4639 0.5361
698 0.47 0.53
699 0.4661 0.5339
700 0.4738 0.5262
701 0.4824 0.5176
702 0.4844 0.5156
703 0.5287 0.4713
704 0.4731 0.5269
705 0.4864 0.5136
706 0.4879 0.5121
707 0.4793 0.5207
708 0.4805 0.5195
709 0.4733 0.5267
710 0.4919 0.5081
711 0.468 0.532
712 0.4551 0.5449
713 0.4802 0.5198
714 0.4424 0.5576
715 0.4632 0.5368
716 0.4772 0.5228
717 0.4543 0.5457
718 0.4484 0.5516
719 0.4876 0.5124
720 0.468 0.532
721 0.4848 0.5152
722 0.5159 0.4841
723 0.5052 0.4948
724 0.4613 0.5387
725 0.4067 0.5933
726 0.4718 0.5282
727 0.515 0.485
728 0.4715 0.5285
729 0.5101 0.4899
730 0.4754 0.5246
731 0.4464 0.5536
732 0.5112 0.4888
733 0.5184 0.4816
734 0.4589 0.5411
735 0.4569 0.5431
736 0.5 0.5
737 0.4558 0.5442
738 0.4562 0.5438
739 0.5018 0.4982
740 0.448 0.552
741 0.4476 0.5524
742 0.4764 0.5236
743 0.4879 0.5121
744 0.4723 0.5277
745 0.4954 0.5046
746 0.4657 0.5343
747 0.4888 0.5112
748 0.4267 0.5733
749 0.5041 0.4959
750 0.5043 0.4957
751 0.4916 0.5084
752 0.449 0.551
753 0.4493 0.5507
754 0.4918 0.5082
755 0.4406 0.5594
756 0.4346 0.5654
757 0.4751 0.5249
758 0.465 0.535
759 0.4921 0.5079
760 0.4402 0.5598
761 0.4862 0.5138
762 0.4545 0.5455
763 0.4815 0.5185
764 0.5153 0.4847
765 0.4743 0.5257
766 0.4762 0.5238
767 0.4819 0.5181
768 0.4908 0.5092
769 0.4241 0.5759
770 0.4638 0.5362
771 0.4245 0.5755
772 0.4688 0.5312
773 0.4552 0.5448
774 0.4897 0.5103
775 0.5097 0.4903
776 0.483 0.517
777 0.4884 0.5116
778 0.4887 0.5113
779 0.4806 0.5194
780 0.4275 0.5725
781 0.5231 0.4769
782 0.507 0.493
783 0.438 0.562
784 0.4215 0.5785
785 0.5536 0.4464
786 0.4737 0.5263
787 0.504 0.496
788 0.4919 0.5081
789 0.4537 0.5463
790 0.5182 0.4818
791 0.4803 0.5197
792 0.5588 0.4412
793 0.3955 0.6045
794 0.5338 0.4662
795 0.4902 0.5098
796 0.4744 0.5256
797 0.4964 0.5036
798 0.4065 0.5935
799 0.4508 0.5492
800 0.4228 0.5772
801 0.4737 0.5263
802 0.531 0.469
803 0.4261 0.5739
804 0.5 0.5
805 0.4622 0.5378
806 0.4915 0.5085
807 0.4455 0.5545
808 0.55 0.45
809 0.5333 0.4667
810 0.4911 0.5089
811 0.4792 0.5208
812 0.5368 0.4632
813 0.4646 0.5354
814 0.5877 0.4123
815 0.4779 0.5221
816 0.4128 0.5872
817 0.4649 0.5351
818 0.4273 0.5727
819 0.3333 0.6667
820 0.5109 0.4891
821 0.4646 0.5354
822 0.5 0.5
823 0.4815 0.5185
824 0.4494 0.5506
825 0.4 0.6
826 0.4643 0.5357
827 0.4851 0.5149
828 0.4742 0.5258
829 0.4368 0.5632
830 0.5185 0.4815
831 0.4937 0.5063
832 0.5 0.5
833 0.5325 0.4675
834 0.5062 0.4938
835 0.5455 0.4545
836 0.375 0.625
837 0.5385 0.4615
838 0.6154 0.3846
839 0.4815 0.5185
840 0.4423 0.5577
841 0.4833 0.5167
842 0.451 0.549
843 0.5283 0.4717
844 0.5417 0.4583
845 0.45 0.55
846 0.561 0.439
847 0.4565 0.5435
848 0.4521 0.5479
849 0.4426 0.5574
850 0.4561 0.5439
851 0.6304 0.3696
852 0.4808 0.5192
853 0.4894 0.5106
854 0.5366 0.4634
855 0.5278 0.4722
856 0.5 0.5
857 0.4898 0.5102
858 0.5 0.5
859 0.5238 0.4762
860 0.3611 0.6389
861 0.5526 0.4474
862 0.4412 0.5588
863 0.5 0.5
864 0.3659 0.6341
865 0.5405 0.4595
866 0.5789 0.4211
867 0.4118 0.5882
868 0.5526 0.4474
869 0.55 0.45
870 0.6047 0.3953
871 0.3846 0.6154
872 0.4375 0.5625
873 0.697 0.303
874 0.45 0.55
875 0.5641 0.4359
876 0.4324 0.5676
877 0.5128 0.4872
878 0.6341 0.3659
879 0.4889 0.5111
880 0.4839 0.5161
881 0.5714 0.4286
882 0.5455 0.4545
883 0.2683 0.7317
884 0.3226 0.6774
885 0.375 0.625
886 0.5 0.5
887 0.2727 0.7273
888 0.375 0.625
889 0.5 0.5
890 0.5263 0.4737
891 0.5 0.5
892 0.4783 0.5217
893 0.3571 0.6429
894 0.381 0.619
895 0.5556 0.4444
896 0.6818 0.3182
897 0.375 0.625
898 0.5833 0.4167
899 0.439 0.561
900 0.5789 0.4211
901 0.4762 0.5238
902 0.3448 0.6552
903 0.6061 0.3939
904 0.4595 0.5405
905 0.4865 0.5135
906 0.3235 0.6765
907 0.5333 0.4667
908 0.625 0.375
909 0.4444 0.5556
910 0.4348 0.5652
911 0.55 0.45
912 0.44 0.56
913 0.48 0.52
914 0.5 0.5
915 0.4615 0.5385
916 0.25 0.75
917 0.44 0.56
918 0.5556 0.4444
919 0.4643 0.5357
920 0.5143 0.4857
921 0.4722 0.5278
922 0.4375 0.5625
923 0.5185 0.4815
924 0.5185 0.4815
925 0.375 0.625
926 0.6667 0.3333
927 0.5238 0.4762
928 0.3889 0.6111
929 0.4545 0.5455
930 0.3684 0.6316
931 0.45 0.55
932 0.6 0.4
933 0.32 0.68
934 0.48 0.52
935 0.5714 0.4286
936 0.3462 0.6538
937 0.5 0.5
938 0.4444 0.5556
939 0.6 0.4
940 0.5 0.5
941 0.4375 0.5625
942 0.5882 0.4118
943 0.5625 0.4375
944 0.3636 0.6364
945 0.7857 0.2143
946 0.4211 0.5789
947 0.4286 0.5714
948 0.45 0.55
949 0.5 0.5
950 0.3077 0.6923
951 0.4167 0.5833
952 0.6667 0.3333
953 0.5882 0.4118
954 0.6316 0.3684
955 0.44 0.56
956 0.3913 0.6087
957 0.3125 0.6875
958 0.5556 0.4444
959 0.2778 0.7222
960 0.6 0.4
961 0.6087 0.3913
962 0.3333 0.6667
963 0.2222 0.7778
964 0.75 0.25
965 0.5714 0.4286
966 0.7 0.3
967 0.5 0.5
968 0.5 0.5
969 0.5556 0.4444
970 0.5333 0.4667
971 0.4737 0.5263
972 0.5385 0.4615
973 0.5455 0.4545
974 0.5 0.5
975 0.3636 0.6364
976 0.6154 0.3846
977 0.25 0.75
978 0.375 0.625
979 0.1667 0.8333
980 0.5 0.5
981 0.5 0.5
982 0.2857 0.7143
983 0.25 0.75
984 0.3333 0.6667
985 0.625 0.375
986 0.5833 0.4167
987 0.3 0.7
988 0.5556 0.4444
989 0.5 0.5
990 0.7143 0.2857
991 0.3636 0.6364
992 0.3333 0.6667
993 0.8333 0.1667
994 0.5556 0.4444
995 0.5556 0.4444
996 0.5 0.5
997 0.5294 0.4706
998 0.3333 0.6667
999 0.3529 0.6471
1000 0.7143 0.2857
1001 0.4211 0.5789
1002 0.5294 0.4706
1003 0.3333 0.6667
1004 0.6154 0.3846
1005 0.2308 0.7692
1006 0.5833 0.4167
1007 0.5333 0.4667
1008 0.1818 0.8182
1009 0.4444 0.5556
1010 0.6 0.4
1011 0.5882 0.4118
1012 0.44 0.56
1013 0.2222 0.7778
1014 0.3846 0.6154
1015 0.7143 0.2857
1016 0.3462 0.6538
1017 0.4118 0.5882
1018 0.5385 0.4615
1019 0.5 0.5
1020 0.4 0.6
1021 0.4545 0.5455
1022 0.5 0.5
1023 0.4615 0.5385
1024 0.5556 0.4444
1025 0.5714 0.4286
1026 0.4444 0.5556
1027 0.2857 0.7143
1028 0.5714 0.4286
1029 0.0 1.0
1031 1.0 0.0
1032 0.3333 0.6667
1033 0.7143 0.2857
1034 0.0 1.0
1035 0.6667 0.3333
1036 0.7778 0.2222
1037 0.3636 0.6364
1038 0.5 0.5
1039 0.75 0.25
1040 0.4 0.6
1041 0.8571 0.1429
1042 0.4286 0.5714
1043 0.3333 0.6667
1044 0.8 0.2
1045 0.1667 0.8333
1046 0.0 1.0
1049 1.0 0.0
1050 0.6667 0.3333
1051 0.6 0.4
1052 0.5714 0.4286
1053 0.5 0.5
1054 1.0 0.0
1055 0.6667 0.3333
1056 0.6667 0.3333
1057 0.5 0.5
1058 0.6667 0.3333
1059 0.2222 0.7778
1060 0.1667 0.8333
1061 0.5 0.5
1062 0.0 1.0
1063 1.0 0.0
1064 0.1429 0.8571
1065 0.5 0.5
1066 0.1111 0.8889
1067 0.7 0.3
1068 0.4 0.6
1069 0.6 0.4
1070 0.5385 0.4615
1071 0.4 0.6
1072 0.4 0.6
1073 0.5556 0.4444
1074 0.7273 0.2727
1075 0.5882 0.4118
1076 0.3333 0.6667
1077 0.4 0.6
1078 0.3333 0.6667
1079 0.4 0.6
1080 0.5556 0.4444
1081 0.2727 0.7273
1082 0.3333 0.6667
1083 0.625 0.375
1084 0.4286 0.5714
1085 0.75 0.25
1086 0.6 0.4
1087 0.2 0.8
1088 0.0 1.0
1091 1.0 0.0
1092 0.0 1.0
1093 0.0 1.0
1094 1.0 0.0
1095 0.0 1.0
1096 1.0 0.0
1097 0.0 1.0
1098 0.0 1.0
1099 1.0 0.0
1100 0.5 0.5
1101 1.0 0.0
1102 0.75 0.25
1103 0.4 0.6
1104 0.6 0.4
1105 0.4 0.6
1106 0.4 0.6
1107 0.0 1.0
1108 0.5 0.5
1109 0.0 1.0
1113 0.0 1.0
1114 1.0 0.0
1115 0.8 0.2
1116 0.4 0.6
1117 0.5 0.5
1119 0.5 0.5
1120 1.0 0.0
1121 1.0 0.0
1122 1.0 0.0
1123 0.5 0.5
1125 1.0 0.0
1126 0.0 1.0
1127 0.0 1.0
1128 0.0 1.0
1129 1.0 0.0
1130 0.0 1.0
1132 0.6 0.4
1133 0.6 0.4
1134 0.4286 0.5714
1135 0.5 0.5
1136 0.3333 0.6667
1137 0.75 0.25
1138 0.4 0.6
1139 0.5 0.5
1140 0.6667 0.3333
1141 0.4286 0.5714
1142 0.7143 0.2857
1143 0.5455 0.4545
1144 0.5 0.5
1145 0.5455 0.4545
1146 0.3333 0.6667
1147 0.6 0.4
1148 0.3333 0.6667
1149 0.4 0.6
1150 0.75 0.25
1151 0.8 0.2
1152 0.5714 0.4286
1153 0.6 0.4
1154 0.5 0.5
1155 0.5 0.5
1156 0.0 1.0
1162 0.5 0.5
1163 1.0 0.0
1164 0.3333 0.6667
1165 0.0 1.0
1166 0.6667 0.3333
1167 0.5 0.5
1168 0.6667 0.3333
1169 0.5 0.5
1170 0.5 0.5
1171 0.75 0.25
1172 0.4 0.6
1173 0.6 0.4
1174 0.8333 0.1667
1175 0.7273 0.2727
1176 0.2727 0.7273
1177 0.0 1.0
1178 0.5 0.5
1179 0.0 1.0
1180 0.6 0.4
1181 0.3333 0.6667
1182 0.3333 0.6667
1183 1.0 0.0
1184 0.4 0.6
1185 0.25 0.75
1186 0.4 0.6
1187 0.3333 0.6667
1188 1.0 0.0
1189 1.0 0.0
1190 1.0 0.0
1191 1.0 0.0
1192 0.6 0.4
1193 1.0 0.0
1194 0.5 0.5
1195 1.0 0.0
1196 1.0 0.0
1197 0.4 0.6
1198 0.25 0.75
1199 0.5 0.5
1200 0.3333 0.6667
1201 0.2 0.8
1202 0.0 1.0
1205 1.0 0.0
1206 1.0 0.0
1207 1.0 0.0
1208 0.5 0.5
1209 1.0 0.0
1210 1.0 0.0
1211 0.3333 0.6667
1212 0.0 1.0
1219 1.0 0.0
1220 0.0 1.0
1221 0.0 1.0
1222 0.0 1.0
1223 0.0 1.0
1224 0.6667 0.3333
1225 0.4 0.6
1226 0.6 0.4
1227 0.25 0.75
1228 0.0 1.0
1231 0.6667 0.3333
1232 0.0 1.0
1234 0.0 1.0
1238 0.6667 0.3333
1239 0.3333 0.6667
1240 0.3333 0.6667
1241 0.0 1.0
1242 0.0 1.0
1244 1.0 0.0
1245 0.5 0.5
1246 1.0 0.0
1247 0.3333 0.6667
1248 0.5 0.5
1249 0.0 1.0
1252 0.0 1.0
1253 0.0 1.0
1254 0.0 1.0
1259 1.0 0.0
1260 0.5 0.5
1261 0.0 1.0
1262 0.0 1.0
