1 0.05710225975232141 1.3630336235949951 45454716
2 0.22921439123606754 1.696431589822909 35644638
3 0.1665004315811184 2.69529927130629 33222028
4 0.19965906828621677 3.43752399520361 29997796
5 0.21569658973447628 4.287790600551502 27471292
6 0.23935354594761754 5.126841877816177 25339094
7 0.2476260738311787 6.123317896080496 23591930
8 0.26477338398927863 7.071752732756555 22126261
9 0.2710395770892746 8.160749390376656 20864167
10 0.28636540482059514 9.208734267826687 19757851
11 0.29077761481268144 10.359805255510166 18798163
12 0.3037364165958947 11.490960535511144 17937882
13 0.3079909312651137 12.7286172495128 17164908
14 0.31864688402351643 13.942561964590055 16461501
15 0.3233539212268026 15.264933532898398 15823377
16 0.3303348209131613 16.50623264012057 15244448
17 0.3316274052246545 17.873656977347537 14703824
18 0.3368067238728832 19.198927951598122 14197175
19 0.3401064367715136 20.640287014121533 13730781
20 0.3449563440824278 22.011027749161425 13285026
21 0.34649231470831476 23.50668421617452 12871665
22 0.349954763498894 24.963415968609446 12483282
23 0.3509057415229472 26.46399483795808 12122167
24 0.35153156141779957 27.94101702327806 11780396
25 0.35075702877271187 29.53172597421082 11444281
26 0.35230273047042815 31.076072523487813 11133283
27 0.35387807663553317 32.65576509204701 10830459
28 0.35028131595230666 34.31877433609786 10551659
29 0.3516246224010851 35.933828396594656 10281743
30 0.35153428243816986 37.52048091288371 10027554
31 0.34591490373673806 39.196082900801535 9776575
32 0.3445257863993539 40.91710233428406 9536694
33 0.3421908215580843 42.561433300241305 9308508
34 0.33824467440238914 44.215925450507974 9089778
35 0.3382034367527788 46.014534057309966 8878730
36 0.33030289372766897 47.71664236311559 8675419
37 0.32431822782886666 49.42291086746502 8476292
38 0.326267794700321 51.28535873100283 8285332
39 0.32102658993764227 53.076699035548096 8106450
40 0.31176515238631297 54.845488284653754 7930896
41 0.31003255921960965 56.6172673138442 7760014
42 0.30789671525584744 58.440116175621625 7593803
43 0.29947128843161447 60.333627956883156 7438082
44 0.29336461427918503 62.08909708693749 7281536
45 0.28122746220597455 63.79807184820654 7125531
46 0.277997656473098 65.67347267653768 6982638
47 0.2732724112573198 67.54911010960042 6845466
48 0.2677420802585096 69.40244003339943 6706753
49 0.2595416073030046 71.37860095597749 6573185
50 0.24482375291973832 73.00377837895091 6445355
51 0.24839237071035453 75.29000062666722 6311623
52 0.2353636847723238 76.96294230732671 6187845
53 0.2266378811210145 78.75520157925955 6067397
54 0.2238921728711575 80.7324349037885 5949078
55 0.21537305980381996 82.98659625996012 5838005
56 0.20223486539396518 84.65031813455117 5730278
57 0.18816253128700242 86.54387293369022 5622942
58 0.18495447246036786 88.52572194430168 5508534
59 0.169340341135571 90.24035501681354 5406355
60 0.16587582219418143 92.30092915174019 5309725
61 0.15608149724733453 94.51727710610567 5210041
62 0.14344434832812988 96.1085261927791 5116486
63 0.12885663046389798 98.174096102517 5021255
64 0.1219394999957388 100.13551189156631 4928198
65 0.11718697359408413 102.11616584978854 4838234
66 0.1107770876309653 104.33453447150472 4751163
67 0.09203747930448947 105.8743324800048 4668283
68 0.09214402108183103 107.90943699684364 4584801
69 0.0681411765123874 109.86988998629076 4503327
70 0.06380596602052353 112.10131702314983 4428379
71 0.04896337627652374 113.72979724293829 4349312
72 0.03964520910314066 115.64740126623255 4271361
73 0.029625574399658173 117.8163955173536 4193944
74 0.018576073663974572 119.95996963710594 4122938
75 0.0052524080736028236 121.75702336278906 4051475
76 -0.011634780294146451 123.63899961934472 3982370
77 -0.022381860941829812 125.86773072268777 3911471
78 -0.037797021745440695 127.5628944944507 3844668
79 -0.0363869057029164 129.38500600494888 3776331
80 -0.042575863004963466 132.01864300171803 3713536
81 -0.0674814827382943 133.23734383574396 3654158
82 -0.07673459351399255 135.79146669673253 3595093
83 -0.09114360777912729 137.7524572854346 3533764
84 -0.1054568123778616 139.90512467461042 3476077
85 -0.11257157117358439 141.83728438635146 3418101
86 -0.12427583189165407 144.38877247414024 3354884
87 -0.14205294980679525 145.17905717750233 3297538
88 -0.16205862799248585 147.15670124729334 3242956
89 -0.1653594275202013 150.1802767792347 3188654
90 -0.1831621473503394 151.86690488247982 3136647
91 -0.1904190604332052 153.870525636223 3087359
92 -0.21166062945426803 155.40709845545703 3038378
93 -0.21863171579791585 157.73789045384396 2987508
94 -0.24044223270561296 159.559499411638 2935649
95 -0.24178955084715845 161.1796593550909 2889306
96 -0.254240085876939 164.5882737876923 2841275
97 -0.27406287767720494 166.11649516637362 2795873
98 -0.2926890464786305 167.28076151324268 2750038
99 -0.288931487146056 169.83023310339865 2705901
100 -0.32317257674506716 170.81475619260007 2660399
101 -0.3474545848668599 173.09159108277927 2615703
102 -0.3407983838302245 175.5186904814553 2574977
103 -0.34921149229409787 178.5336724331917 2533837
104 -0.36862021986753374 180.10138866686327 2491955
105 -0.39037825088975153 180.74065691251008 2453213
106 -0.4020411452922673 183.46141901645885 2413253
107 -0.4097623616261028 186.791954794764 2374364
108 -0.41765058042031955 187.57292136417047 2336841
109 -0.4459017248120954 189.411752526815 2301700
110 -0.4699213323084084 191.59135526853134 2268784
111 -0.47313046024718064 193.0630610920252 2229867
112 -0.4903043401097791 195.6367537675515 2191857
113 -0.49027389981518693 196.85957336076766 2156774
114 -0.5108346981419778 199.10147708231185 2124840
115 -0.5248995972412316 201.3691335534449 2091078
116 -0.5583367726961529 202.64716006719192 2059490
117 -0.5612796897243392 206.07020875870143 2026585
118 -0.568443700741219 207.7033703639757 1994822
119 -0.5927191008488881 209.22838919270328 1963274
120 -0.5901762770591443 211.66144862245056 1932526
121 -0.597308127336257 213.1219049841402 1902616
122 -0.6389734463041741 215.40619663320876 1874466
123 -0.6403548176465966 217.82219737444981 1845455
124 -0.6723573714080389 219.16804933511975 1814538
125 -0.6792426952391348 221.90758423225105 1786335
126 -0.6854299381622477 223.42617746459908 1758311
127 -0.7054301988423676 226.84406403991565 1735093
128 -0.7260180093004512 227.4191973799942 1707229
129 -0.7470836418086249 229.4827874403867 1677606
130 -0.7598316173368187 231.2863093612115 1649576
131 -0.7806267999280645 234.34402321675807 1623676
132 -0.7801982688077596 235.36250064410754 1598436
133 -0.8127114893357623 238.1712724721002 1574843
134 -0.8224408900893285 239.72898419787782 1552024
135 -0.8142306541181514 241.10949402648905 1530274
136 -0.8374917188539293 244.55303230855728 1506434
137 -0.8682722019106026 245.09130615325785 1483825
138 -0.8663440899931463 248.27932114428066 1461978
139 -0.8866709008812025 249.21508220135715 1440645
140 -0.8887766167713405 250.89181708551988 1419171
141 -0.9069508501645445 253.04765383755029 1395671
142 -0.9159014135914763 256.7986832942197 1375362
143 -0.9559654523750568 256.5907862961274 1352915
144 -0.9866338158299969 259.4867969398537 1331270
145 -1.004746767963543 259.5454018976372 1313104
146 -0.9938699941118562 263.54746938911927 1294126
147 -1.0022792474636208 266.14880383345763 1273666
148 -1.0234390277971783 268.0577340913126 1252825
149 -1.0481311106718214 269.602088589021 1234316
150 -1.0292851938587506 271.70618365449536 1217407
151 -1.0831312902851582 271.94498611198503 1198177
152 -1.068033816105861 275.9800731535384 1180266
153 -1.1243701958626382 277.0849275627813 1163060
154 -1.1560203228121206 278.35026970135067 1144133
155 -1.1299745696140173 282.65442619531353 1126605
156 -1.1853110932120607 282.4614155891405 1108687
157 -1.1578698521396222 284.65279580925807 1093464
158 -1.1901466069997328 287.01992580523483 1077984
159 -1.205588688853992 289.5135094909971 1061537
160 -1.2092943336479498 290.3287187554174 1044658
161 -1.2527236583604469 291.5257086339919 1030232
162 -1.2513560587700996 296.1129127121621 1015074
163 -1.2185458269534475 297.3782313803824 997928
164 -1.2571421299642664 299.61152765470524 982270
165 -1.2660216655116823 300.66546122030127 968267
166 -1.2913626108400231 306.44767721879407 952950
167 -1.3169467282567684 305.0800304862812 938246
168 -1.3479083719073361 306.15252335521416 926790
169 -1.3561529456040045 311.31658058863144 911409
170 -1.3692845166763525 311.52837402989866 898218
171 -1.3874815325630714 314.6493307594607 886019
172 -1.3819533432375228 316.2185655460889 871685
173 -1.4111004173667445 316.61608403326795 858238
174 -1.4528300993735608 317.4720104109736 845094
175 -1.442543651814987 317.5029016675103 831466
176 -1.470006564610162 320.94556892641145 819546
177 -1.5192977589659318 326.02096460111426 807529
178 -1.5022355293432066 326.2939897175166 796232
179 -1.5479957685197194 328.51435340963474 786486
180 -1.5491246574086863 331.3662850565948 774611
181 -1.5286490162382715 334.6220148858611 761719
182 -1.5767716325518653 333.4751554731505 750212
183 -1.6072064838619855 337.5782363746062 739806
184 -1.6048273395785122 337.88979913805724 729843
185 -1.5649774049120482 340.5392315546399 718519
186 -1.649247491638796 341.10853000862045 708032
187 -1.6649890452757035 345.3848741217814 697416
188 -1.6682048010138606 349.49394820423737 688063
189 -1.6904079876460256 348.42434882271283 678648
190 -1.6958757646608584 350.94780301209045 668924
191 -1.7066252707318406 350.5244641776916 659324
192 -1.7363888649593266 351.2710767513524 650056
193 -1.7579906963957124 358.1469980389835 640182
194 -1.7596943848448374 355.9955138516387 630597
195 -1.7596517612620672 360.5592926181681 620379
196 -1.7751297998122115 363.1306280420765 611326
197 -1.8169148697866975 362.9382485623313 602665
198 -1.806410998747694 369.756343909127 594104
199 -1.8469039909278464 368.6569936323368 585528
200 -1.8648737148856693 371.9057671108536 577186
201 -1.8768534988856156 373.88027440042157 568924
202 -1.8461755106478932 375.479848702889 561003
203 -1.9370632661223914 373.81357039969913 552539
204 -1.9079407875498633 379.44554423197553 543737
205 -1.9043419457401558 383.529749208436 535313
206 -1.9489885564113634 379.3763161825044 528156
207 -1.9383042573546538 382.6670893602753 519501
208 -1.954755300313695 387.9171964573167 512281
209 -1.944767816849279 388.5591126515668 503891
210 -2.042844390351045 394.9129934501652 496261
211 -2.0496417060680923 391.2052193880105 488984
212 -2.0043194037398906 398.8408846867657 482474
213 -2.0520634626207523 403.7699891709541 474421
214 -2.0782070469511673 406.0949505354263 467720
215 -2.1186433708395285 396.31603020928276 462057
216 -2.0282761383011554 402.4745937191676 456887
217 -2.0605987215009587 401.43662117870883 450059
218 -2.1162518644166934 407.3377764790055 444509
219 -2.1306672893388 411.0320759517885 436827
220 -2.1626180365424372 411.24696479103943 429528
221 -2.099446599577799 413.7827778773369 423021
222 -2.1788930091097924 416.24892093501666 416914
223 -2.209495011907687 423.78307697320827 411079
224 -2.2323245736994575 417.0417517125145 406638
225 -2.2643914021494624 423.3128290035153 400100
226 -2.192560213868511 423.30362526584804 394635
227 -2.232076989710543 429.4114201014037 389039
228 -2.2630076563929706 430.87641887676637 383601
229 -2.340469036335332 427.1148543500993 377071
230 -2.285733858445403 437.5044301255701 372238
231 -2.3328357064202088 435.1122239042255 365066
232 -2.295698596196899 439.8197735661878 360022
233 -2.3802657563617897 438.6116158634705 354460
234 -2.3817746652652745 442.279686801667 350128
235 -2.3162502169009196 443.3483604894187 345780
236 -2.3343750640708336 446.1118305481991 341419
237 -2.410022012325711 452.5981402412638 335721
238 -2.402373096830826 452.6088862169449 330370
239 -2.458087120863477 452.65711861813617 325938
240 -2.481698334739996 460.91596837115986 321091
241 -2.43933088715504 457.20164758404 316957
242 -2.5382752124264676 461.95396389811333 312108
243 -2.4573342976399353 462.63654439221955 308339
244 -2.54052247993627 462.71797100641896 303782
245 -2.5500801428909425 465.03684447138204 300089
246 -2.55136637708017 468.909918265644 295709
247 -2.5541774291052977 468.9117095083079 291136
248 -2.573751528687054 470.7099784137768 287011
249 -2.60585996982748 470.94747338937054 283039
250 -2.613165926599136 473.68782124831023 279479
251 -2.5562337832716246 479.54607102012443 274408
252 -2.6559108004462932 490.459352979268 270674
253 -2.6116642211406034 487.24504030527635 266473
254 -2.6362901288011993 484.5422108139706 262187
255 -2.641447865599628 495.88641895509284 258035
256 -2.642569633252411 486.4598974264475 254153
257 -2.6750169532091426 492.17051191183515 250690
258 -2.759668765942261 508.10094775498413 246593
259 -2.7600895108577164 498.1479723917097 243099
260 -2.7426021410126773 496.0409808256966 239326
261 -2.7772618175814965 497.4125760976449 236237
262 -2.7402220631907337 495.05659141012575 233357
263 -2.7829463772908434 510.7712257863758 229828
264 -2.855287602321117 520.8604827642941 226615
265 -2.8228269119157106 506.6572788338736 223990
266 -2.8895567481253317 516.5998083306033 220439
267 -2.8599446761151364 518.2911588097385 216543
268 -2.9321939247183155 519.4444738683029 213093
269 -2.8619871351566424 517.4622614801062 211118
270 -3.0215479015363966 531.206779042605 208605
271 -2.9301093384510954 520.5281341403182 204777
272 -2.9305765674903346 530.151835484761 202266
273 -3.047111508281163 530.6583457033154 199187
274 -2.909464748303959 527.8976851822644 196487
275 -2.992692210361051 530.5730167458265 193629
276 -2.9719143148588913 526.1263840554311 191165
277 -2.864088556336157 523.3957351431563 188174
278 -3.0935209173807894 538.7709359433775 185659
279 -3.098425175329751 540.8645943571589 182941
280 -3.087195230270462 543.828171073623 180136
281 -2.9800769473068445 539.1173189519155 177784
282 -3.095666982889669 543.7398734424479 174982
283 -3.030329369770299 548.7213525721357 172572
284 -3.195881127702643 580.251447816186 170435
285 -3.083525465734899 548.660452735253 167853
286 -3.0485722200142114 541.6859499251686 166062
287 -3.0741038869171757 559.8740715034586 163986
288 -3.204760581643049 559.3220198795441 161955
289 -3.172869624418473 558.7883832992271 158634
290 -3.138949462489001 564.7028706359172 156834
291 -3.1959093785923716 564.3184929734853 154842
292 -3.269126254180602 577.3814276646619 153088
293 -3.3593379678226483 583.7673066118148 151473
294 -3.1909103755492603 565.049496879296 148609
295 -3.3011746463024716 573.8096204280088 145746
296 -3.2334752642912394 570.1945328349753 143497
297 -3.2841012347940013 579.099736874746 141967
298 -3.1962245226922663 589.6517491874015 139585
299 -3.2820142625891413 587.4675505416291 137142
300 -3.2084168781491154 588.0264145028332 135157
301 -3.4202465305753633 592.6008752899302 132803
302 -3.4164524813715995 589.0406890693595 131117
303 -3.383164173583335 597.3799001260306 129759
304 -3.383172074205335 587.7603676073458 127538
305 -3.475797439254127 610.8758550547258 125276
306 -3.3767236981675963 605.2361228021501 123499
307 -3.39095563280165 605.2383969444194 121689
308 -3.4871122615121277 607.5738267254678 119765
309 -3.36272339414913 608.0467908154797 117897
310 -3.481292473173707 615.7810125206005 116397
311 -3.472427525520408 623.3243662737895 115006
312 -3.6520257478227944 641.4902045690649 113563
313 -3.6118802160039274 622.6663844997769 112035
314 -3.616375336671427 601.6686796258655 110642
315 -3.5513283857974454 624.2809497854045 108741
316 -3.433817266027184 620.14236441074 108004
317 -3.473970007596575 623.6999493913931 106627
318 -3.627385781738379 631.1966738972018 105259
319 -3.6452404649859402 628.4245239807032 103487
320 -3.6821346617765314 638.0002619582132 101974
321 -3.562568322302387 634.5057198919046 100626
322 -3.7568487599286757 641.2403182265997 98704
323 -3.5846183697228406 638.8756495188873 97922
324 -3.710612130811516 642.0219101163051 96597
325 -3.6817070226812345 656.4222157201616 95277
326 -3.712853255629593 650.8000269820227 93346
327 -3.687482296546465 657.2754670133862 91790
328 -3.691024789729969 651.8427038634846 90360
329 -3.7129752010573713 657.2273123224883 89278
330 -3.682974959172564 656.5036277672916 88176
331 -3.806152714229876 679.9791385633016 86986
332 -3.752730872248748 657.3070307978393 85870
333 -3.774273250659069 675.5803470125913 84589
334 -3.7494017340692904 674.291866983372 83157
335 -3.773053215785467 668.6706164213473 81442
336 -3.8164983792242633 661.2256512730606 80517
337 -3.680322812141967 663.3051994475819 79427
338 -3.8515767824497256 668.7713257181041 78768
339 -3.77478010390412 682.4750977153924 77764
340 -3.8651119061920554 719.400023582447 76582
341 -3.848762603116407 688.7666302984428 75279
342 -4.150775068625868 702.0714457903554 74316
343 -3.9108374586893024 706.7066668287973 72923
344 -4.011900968425719 723.2830432268129 72179
345 -3.9804859010635183 702.1957080169702 71743
346 -3.8647388852681988 710.9758530806387 70582
347 -3.9711231491513184 695.6291408476006 69225
348 -3.969932004827363 709.4075231961538 67946
349 -4.053967071444536 719.1240785408215 67115
350 -4.0653755585074265 698.3877529654645 66248
351 -3.9776559540491845 706.0811311968049 64939
352 -4.050578057289466 717.064430799593 63921
353 -4.1179484753886415 755.7106963619907 63426
354 -4.088720748331896 728.0441989924461 62646
355 -4.320249201071694 718.7624780553332 61958
356 -4.080740643294087 717.2948688324907 60812
357 -4.153965991580762 720.6514577204782 60338
358 -4.0926739002439225 758.4588520394241 59445
359 -4.141493322403251 740.3035612908408 58554
360 -4.033015267175572 723.5942430941458 57640
361 -4.197131544214694 748.7787018467525 56825
362 -3.9933974553436 725.6356743885236 56039
363 -3.9918555820168344 744.0749059447115 55007
364 -4.212151704202419 767.299033806657 54659
365 -4.184613381447518 731.0311696618206 53761
366 -4.28428415218129 746.9687470168784 53042
367 -4.031352631176965 756.6370678793937 52372
368 -4.384518333042179 776.9846210489809 51519
369 -4.359722714561424 769.772525599587 50778
370 -4.331576004473201 754.0407083637217 50076
371 -4.415037046034253 763.3563891348274 49398
372 -4.4152868852459015 765.2424958193361 48800
373 -4.337061238167044 762.0304376399625 47748
374 -4.526528881822999 785.3988881633152 47175
375 -4.278711694541405 783.4640676552143 46697
376 -4.154098072400378 739.3369808649887 45497
377 -4.355520233128022 801.8259642397002 45297
378 -4.3276868642193715 794.1222984530295 45220
379 -4.7986109560284955 821.4068620023106 44779
380 -4.37124687712923 817.6659004893585 44030
381 -4.508287420713922 810.8692192486546 43198
382 -4.349793461583855 783.1657125148774 42365
383 -4.527090172773238 773.2037603834004 41731
384 -4.460426770126091 807.0629829410487 41240
385 -4.568466178156623 818.6865167092517 40122
386 -4.527285146861639 804.9727103744051 39527
387 -4.490088387063812 793.0401229830425 39146
388 -4.643605598820212 831.3080041169375 38651
389 -4.560497056899934 806.2968829445629 38225
390 -4.528728093189212 803.9925895355744 38116
391 -4.381921174405616 800.1029793631818 37602
392 -4.515768084529937 806.063948062173 36910
393 -4.573318268250338 815.8202300203191 36287
394 -4.463092702611815 811.9278217993874 35684
395 -4.578989008504987 818.6895802951803 35391
396 -4.176226932525853 787.9381779138791 35006
397 -4.579408575364146 876.0271121146817 34121
398 -4.560111147240534 857.0970177652928 33829
399 -4.6873774694616195 849.8367265109629 33155
400 -4.725695721466225 853.5972470487656 32628
401 -4.387178693093837 813.0270514703914 32290
402 -4.630833934904742 835.3170920166459 31861
403 -4.851203639350477 865.1425781620441 31654
404 -4.570684523809524 885.3531170521311 30912
405 -4.884897959183673 857.5962535610164 30625
406 -4.704429583526451 866.7025474184508 30206
407 -4.828650082250646 847.853541142774 29787
408 -4.521392560294318 835.1367885771949 29356
409 -4.661374750327157 861.2890453171694 29038
410 -4.846196480532077 884.3345958283761 28868
411 -5.001162094587457 854.0772955470958 28397
412 -4.383804710183891 839.3087286435123 27897
413 -5.060853935881447 870.4733344332908 27262
414 -4.552492125254771 883.3320694795101 26985
415 -4.845303041626186 925.5065972121791 26762
416 -4.914393653192294 913.6673221011762 26470
417 -4.89357939254133 890.5282363613439 26010
418 -4.824745895230649 875.1404744272213 25580
419 -5.03841602902895 914.4237825505927 25354
420 -4.818357177302684 869.2004088748355 24884
421 -4.681853791283553 924.3600042820908 24253
422 -4.838170624450308 883.2050379567313 23877
423 -4.663548236887779 877.1151793331405 23623
424 -4.6932472820201845 906.3935365032817 23087
425 -5.205582088244315 951.4866322938246 22823
426 -4.800122249388753 911.5305169253277 22904
427 -5.011529933481153 934.5696231581948 22550
428 -4.947128739924405 931.8478808901613 21959
429 -5.035585209897136 903.943687821277 21582
430 -4.925626094778204 949.04502952208 21123
431 -5.419440619212688 956.9764984572154 21059
432 -5.390414258188825 947.0494553197196 20760
433 -5.570166015625 991.4423423552513 20480
434 -5.249763998608834 923.3429441237638 20127
435 -5.14232078494193 990.5418693436329 19976
436 -4.95067564095977 944.3682191139765 19463
437 -4.867673179396093 916.288361517261 19142
438 -5.340273055395721 966.3016960702333 19117
439 -5.124153854226793 949.7444640804375 19057
440 -5.131703470031546 959.9016342170121 19020
441 -5.368956058731781 994.3726650587373 18593
442 -5.262474181976302 936.8151707889573 18398
443 -5.101638448935009 920.5506199260805 18310
444 -4.7307756649751855 900.526079568979 17933
445 -4.806683252289947 896.2813553115221 17686
446 -5.42813578826237 1007.8119241426662 17380
447 -5.317699836867863 934.0178619662992 17164
448 -5.073589773660139 995.4052213459632 17054
449 -5.417792658137032 993.3781217807567 16726
450 -5.426424775517684 1046.1130125613654 16371
451 -5.049652371869809 976.4752925943458 16253
452 -5.1424790471989414 957.361828399665 15869
453 -5.410306208325241 1007.6413205963381 15447
454 -5.931517715494447 1114.3426131909873 15128
455 -5.469378276159512 1028.8419891231138 15071
456 -5.382375008526021 994.5842988678945 14661
457 -5.959373677528565 1104.7074763181167 14178
458 -5.053150450064295 1003.649553940931 13998
459 -4.9410639654317485 973.2711599645278 14117
460 -5.52066594281578 1004.8248896035703 13815
461 -5.661579296615793 1018.2436517711026 13563
462 -5.530758332711953 1056.5349386464661 13411
463 -5.33681185722928 1026.8690139131804 13224
464 -5.832647256941845 1036.4927624628788 13361
465 -5.018368121442125 1013.2014842439934 13175
466 -5.706430568499534 1096.2695175170027 12876
467 -5.669888178913738 1060.666185929988 12520
468 -5.475327616890471 1037.2207551304928 12362
469 -6.027165386838411 1113.9294907594526 12111
470 -5.537172686705397 1052.1868180734884 11877
471 -5.562907735321528 1024.5707058380517 11803
472 -5.566454891994917 1074.6676083131922 11805
473 -5.4217225286380994 1030.1810809531326 11785
474 -5.425357696948802 1016.7824392144078 11602
475 -5.638110347258946 1104.6067407972719 11346
476 -5.942044539844379 1097.0330422021125 11181
477 -5.380973972975424 1072.5439855209513 11027
478 -5.065445508100147 995.8610519370159 10864
479 -5.509184423218222 1055.3154924281484 10888
480 -5.28559314048808 1047.6096642976706 10613
481 -6.439194277108434 1194.153493929124 10624
482 -5.926936704012257 1041.495858728829 10443
483 -5.326853921663913 1069.4193595355666 10289
484 -6.135872766542313 1180.2238319351172 10186
485 -5.476841998581129 1143.6509028475396 9867
486 -5.563921487174161 1173.890113856542 9629
487 -6.027864420877521 1175.3824633328345 9618
488 -6.100566420861387 1233.7315771078306 9357
489 -5.683213585891574 1135.7280809421889 9186
490 -5.654443343244136 1024.7595686830857 9081
491 -5.929132092397398 1187.6619434270458 8918
492 -5.7707505393437035 1149.9632275847546 8807
493 -6.033797670701073 1219.3537332598164 8758
494 -5.452220573124786 1106.4281030151674 8759
495 -6.057132923861397 1223.794278997397 8629
496 -6.018162265503644 1179.3396151673608 8369
497 -5.766307636451652 1117.0526128580402 8263
498 -6.418607501838686 1113.8001293676416 8158
499 -6.270229582235604 1302.9674978647427 7971
500 -6.598629093678599 1171.133900126201 7878
501 -5.368925831202046 1156.2013617617627 7820
502 -5.972828166858018 1105.7261401198548 7839
503 -6.261145687793725 1166.9494582072773 7873
504 -5.580703336339044 1113.3196173334773 7763
505 -5.420502092050209 1075.5433662751002 7648
506 -5.101131071190951 1119.588974103246 7515
507 -5.477069199457259 1181.2871946668533 7370
508 -6.196913833128499 1169.4786358394958 7323
509 -6.772480133835216 1314.2942545069593 7173
510 -6.140646976090014 1242.6111607628566 7110
511 -5.641021981159007 1130.6257736629482 7006
512 -6.217872340425532 1261.2342337709372 7050
513 -5.6152281313571635 1103.2091142243291 6882
514 -6.161849710982659 1193.4301556418566 6747
515 -6.151180387409201 1202.6994507858624 6608
516 -6.203439275295563 1223.8092189406161 6513
517 -5.818140520896426 1165.6515122297997 6604
518 -5.820129154197511 1115.441264371412 6349
519 -6.394037066881547 1234.1066203660716 6205
520 -6.436420982735724 1280.7914424363196 6024
521 -6.345379537953796 1219.4016700704726 6060
522 -6.336363636363636 1338.8724793388428 6050
523 -6.130932346011444 1263.0774376699435 5942
524 -5.529110466108929 1092.8726799838705 5857
525 -6.9311057526696525 1262.3845060801013 5806
526 -6.807441368365367 1274.4041132030072 5671
527 -6.453139217470428 1215.053263575705 5495
528 -5.426596325268328 1102.3719540871832 5497
529 -6.210593374590462 1212.1837174127409 5494
530 -5.873655913978495 1213.2839603670118 5208
531 -6.2139189960068455 1217.3581177276085 5259
532 -5.831576930446445 1270.7167955780537 5219
533 -5.871062992125984 1297.9056193424883 5080
534 -7.131948686621869 1524.5038683060618 4911
535 -7.574150787075394 1433.002165289608 4828
536 -5.817740232312566 1245.1188405111905 4735
537 -6.604383680555555 1266.736499880567 4608
538 -6.953707766564283 1507.3635876127128 4558
539 -6.514000434121988 1353.541751024962 4607
540 -6.104595185995624 1103.04595262606 4570
541 -5.696071829405163 1111.253531146356 4455
542 -7.432137993645029 1536.7333656967999 4406
543 -5.807565011820331 1276.046183905348 4230
544 -6.218030842230131 1323.7320592303656 4215
545 -5.684148911262 1165.1484235264086 4271
546 -5.97236905333974 1316.9850606538043 4162
547 -6.796024844720497 1502.3810028316807 4025
548 -6.406676783004553 1271.4274313942665 3954
549 -6.901218563650506 1346.5375587951132 3857
550 -6.291569992266048 1363.7378794376766 3879
551 -5.777494258739474 1323.5003763698958 3919
552 -6.166449934980494 1341.14368583657 3845
553 -6.077739453435925 1165.569175468332 3769
554 -6.275556748054735 1413.0786163723499 3727
555 -5.190316260845228 1186.4003876133854 3573
556 -7.334484743811169 1494.9232379757314 3474
557 -7.080079794813337 1558.8835843766478 3509
558 -5.90929326655537 1422.287821259014 3594
559 -6.445238776093794 1319.5698493639184 3497
560 -7.1449660466489515 1467.505704656361 3387
561 -7.197178871548619 1439.061660708701 3332
562 -7.470124355474674 1459.5897201240564 3297
563 -7.338592233009709 1431.2263747172212 3296
564 -5.816582165225172 1159.672591121865 3353
565 -6.371987951807229 1361.9324080962401 3320
566 -6.3538553496712495 1421.5412538152987 3346
567 -7.2584798994974875 1446.0183012068826 3184
568 -6.812140575079872 1420.8682232134656 3130
569 -6.091421000331236 1365.5775978151403 3019
570 -6.985575310298557 1328.5348472788805 2981
571 -7.07015742642026 1548.3807726651555 2922
572 -6.630479452054795 1416.2884545646464 2920
573 -7.057809694793537 1665.1165862259022 2785
574 -7.2290424412486844 1618.6030990129304 2851
575 -6.923321554770318 1460.338643384235 2830
576 -7.592689295039165 1580.814329246618 2681
577 -6.408488063660477 1434.7258999118508 2639
578 -7.11868877166541 1499.8370810237095 2654
579 -6.5437805336339725 1382.3683388079035 2661
580 -7.592927308447937 1659.7344882874465 2545
581 -7.553820870994248 1493.075369542276 2434
582 -8.29451780712285 1711.8876490171901 2499
583 -7.182454695222405 1281.3196756878156 2428
584 -8.305384299219071 1721.4665431424908 2433
585 -5.93744787322769 1165.8534683823952 2398
586 -6.863656100738168 1388.8368163333184 2303
587 -5.759594177326863 1364.6916536509234 2267
588 -6.643226919758413 1530.8800468777567 2318
589 -5.939459930313589 1284.1666310672097 2296
590 -6.080353386621792 1339.4849190168934 2377
591 -6.477805695142378 1420.17413052841 2388
592 -7.82247191011236 1556.3941017548289 2225
593 -6.441217150760719 1331.3668765268428 2169
594 -7.569887640449438 1484.2289359424312 2225
595 -7.768076398362893 1532.9948699241315 2199
596 -6.568683957732949 1424.1040721393101 2082
597 -7.9623188405797105 1483.380222642302 2070
598 -7.730174081237911 1626.6689734706629 2068
599 -6.664390243902439 1350.0210246281977 2050
600 -7.089783281733746 1481.8423001594315 1938
601 -7.928790983606557 1621.0815071448367 1952
602 -7.125131440588854 1574.7361822908197 1902
603 -6.339712918660287 1340.654930061125 1881
604 -7.087095061072756 1517.1989996866616 1883
605 -7.982113821138212 1707.6815229030342 1845
606 -5.754778809393774 1252.2757485993543 1831
607 -6.898173768677366 1683.2037985464506 1807
608 -5.464264962231261 1367.343435383601 1721
609 -5.927113702623907 1284.8290899200165 1715
610 -7.56554092730395 1615.6389499506718 1747
611 -5.320987654320987 1150.7258910880307 1701
612 -5.7156684815486996 1345.6457133613599 1653
613 -7.661649608669476 1555.095633401609 1661
614 -7.053472649047326 1432.9074049659082 1627
615 -8.4375 1733.0945785984848 1584
616 -7.010996119016817 1725.8530485549657 1546
617 -5.879134860050891 1354.6940430174363 1572
618 -5.80078125 1541.1491139729817 1536
619 -7.831532104259377 1904.3842059806918 1573
620 -8.223972602739726 2124.523123944455 1460
621 -5.64468085106383 1244.9709114229668 1410
622 -8.185624563852059 1831.4742664801224 1433
623 -8.403225806451612 2074.3402139981 1426
624 -7.92019099590723 1672.7364681763447 1466
625 -8.177353342428377 1545.6602238274004 1466
626 -8.01184668989547 1878.2179781228376 1435
627 -7.862094395280236 1648.5362917787002 1356
628 -7.538518518518519 1572.5329607681758 1350
629 -8.181478715459297 1646.1784172308762 1339
630 -7.798984034833091 1819.5205504917624 1378
631 -7.847191011235955 1681.3489340571477 1335
632 -7.143416927899686 1394.8548234343214 1276
633 -6.193629505448449 1619.911376013614 1193
634 -8.719650655021834 1797.013980663984 1145
635 -7.250442477876106 1441.7594024590805 1130
636 -5.855839416058394 1352.96644400341 1096
637 -7.663207547169812 1859.5837406550372 1060
638 -6.6204081632653065 1774.2967263640148 980
639 -6.687318489835431 1468.7299166236367 1033
640 -7.896184560780834 2006.584608335059 1127
641 -7.880365296803653 1855.950071099435 1095
642 -7.174429223744292 1760.4289351764978 1095
643 -8.351935193519353 1925.6322172271234 1111
644 -6.493036211699164 1586.8144826105734 1077
645 -7.874376869391824 1991.6432417602628 1003
646 -7.199421965317919 1818.0459726909244 1038
647 -9.29514563106796 1969.4779376001507 1030
648 -6.141325536062378 1544.1837307965604 1026
649 -7.862536302032914 1577.7603873716246 1033
650 -8.913410770855332 1908.8414991374975 947
651 -7.348326359832636 1650.2876645629453 956
652 -6.014329580348004 1575.3242573038642 977
653 -8.707112970711297 1710.7907862257314 956
654 -6.461293743372217 1666.0088411682218 943
655 -7.714937286202964 1564.477462168245 877
656 -7.273390036452005 1292.745427997325 823
657 -6.812422360248447 1495.277858107326 805
658 -7.450306748466257 1553.572683954985 815
659 -8.267484662576686 1578.213114531973 815
660 -7.9840881272949815 1738.338792099945 817
661 -9.115751789976134 1726.6226397092748 838
662 -8.0272614622057 1702.6460969613772 807
663 -6.46822308690013 1472.3034649359652 771
664 -7.6976744186046515 1795.5241943180731 731
665 -9.701949860724234 2228.0337287885723 718
666 -6.926997245179064 1622.5194639862186 726
667 -6.2745625841184385 1568.4199047548318 743
668 -6.526582278481013 1778.6872680660151 790
669 -6.667532467532467 2243.56479001518 770
670 -5.91588785046729 1623.510949178344 749
671 -10.869791666666666 2376.298149956597 768
672 -9.53784860557769 1969.3800415866415 753
673 -7.60455764075067 1797.2256628740233 746
674 -8.854285714285714 2467.615910204081 700
675 -8.630705394190871 2008.8719202493064 723
676 -8.30576070901034 2152.1738663711008 677
677 -10.470496894409937 2179.0783221133443 644
678 -7.9730185497470485 1786.656944851258 593
679 -13.300854700854702 2633.3522214917084 585
680 -9.925081433224756 2299.4015533321312 614
681 -9.643926788685524 2233.267554630247 601
682 -8.083760683760683 1632.7365738914457 585
683 -6.884169884169884 2073.554150951835 518
684 -7.790786948176583 1670.967746213726 521
685 -5.8975791433891995 1428.0770332455986 537
686 -10.195729537366548 1855.2677397702662 562
687 -8.576146788990826 1671.161632859187 545
688 -5.394045534150613 827.0338699734082 571
689 -9.91358024691358 2475.7544363881816 567
690 -8.819012797074954 1846.349327727441 547
691 -5.926654740608229 1101.101954998864 559
692 -6.965454545454546 1527.8115338842977 550
693 -6.430740037950664 1693.565886169611 527
694 -10.321357285429142 1987.6592045450018 501
695 -7.678137651821863 1458.8093600944123 494
696 -7.382591093117409 1548.7382394400825 494
697 -7.527835051546392 2191.8079880965033 485
698 -5.763948497854077 1037.1245371990642 466
699 -11.070021881838075 2349.119823413088 457
700 -5.225512528473804 1163.1906019582711 439
701 -8.220264317180616 2047.4052281239688 454
702 -10.568345323741006 2557.5738660869865 417
703 -7.141148325358851 1599.5135699732148 418
704 -13.39237668161435 3184.3415562347927 446
705 -10.115384615384615 2067.2061434041075 442
706 -7.613686534216336 1757.905949544123 453
707 -7.098039215686274 1697.3520440856082 459
708 -6.958874458874459 2010.5069666985253 462
709 -6.615555555555556 1588.925535802469 450
710 -8.180974477958237 1839.9254848972603 431
711 -9.560706401766005 1825.4913478453675 453
712 -8.450765864332604 1761.7005300480253 457
713 -9.933920704845814 2331.8987172271927 454
714 -8.265882352941176 1925.1928359861593 425
715 -6.360526315789474 1198.8779155124655 380
716 -10.021447721179625 2355.758253131985 373
717 -8.96774193548387 2045.4559486645855 372
718 -8.119565217391305 1744.0346172022685 368
719 -5.220385674931129 2155.9018433774254 363
720 -8.041782729805014 1465.2935188274457 359
721 -8.257617728531857 1889.781278535309 361
722 -4.481159420289855 920.2380508296576 345
723 -4.992268041237113 1341.8324144436178 388
724 -7.733333333333333 1529.416888888889 375
725 -9.917431192660551 2105.9534270403724 327
726 -6.53169014084507 1448.171530946241 284
727 -12.448504983388704 2764.6593083961543 301
728 -7.515822784810126 1618.1991167280885 316
729 -5.52027027027027 1102.0536431701973 296
730 -8.059016393442622 2089.32110722924 305
731 -7.9071428571428575 1825.2270918367346 280
732 -4.809701492537314 1293.3928909556694 268
733 -6.1213235294117645 1614.1139570717992 272
734 -12.205479452054794 2669.0125727153313 292
735 -14.149812734082397 3344.7490917252317 267
736 -4.229629629629629 946.7250480109739 270
737 -9.240282685512367 2206.4864338423504 283
738 -7.288321167883212 1707.7307395172888 274
739 -6.182795698924731 1506.9307434385476 279
740 -7.628 1931.5296160000003 250
741 -14.108870967741936 3429.2583084027056 248
742 -13.330472103004292 3342.3843504208953 233
743 -7.774193548387097 1842.7232049947972 248
744 -8.348936170212767 1514.9931371661387 235
745 -8.518518518518519 2190.684842249657 216
746 -9.642156862745098 2186.945477700884 204
747 -11.022421524663677 2472.5241609523614 223
748 -10.133333333333333 2616.48 225
749 -13.578512396694215 3696.2934225804242 242
750 -5.818965517241379 1463.303433412604 232
751 -8.953781512605042 2281.144922674953 238
752 -10.620408163265306 2577.28856309871 245
753 -12.342995169082126 3848.5248663912803 207
754 -9.907103825136613 3101.8984741258328 183
755 -9.277227722772277 1896.2696794431915 202
756 -9.670157068062828 1945.707957566953 191
757 -5.69060773480663 1452.6667073654653 181
758 -18.25 3947.9675 200
759 -6.272251308900524 1258.8787588059536 191
760 -13.451086956521738 2603.6171727315686 184
761 -9.12707182320442 2477.1606483318583 181
762 -13.573863636363637 4066.8581805268595 176
763 -9.802469135802468 1980.985672915714 162
764 -7.785276073619632 1842.6716850464827 163
765 -15.48 3670.2495999999996 175
766 -16.125 4072.3831845238096 168
767 -6.849397590361446 1850.0797285527651 166
768 -10.815950920245399 3029.1317701080197 163
769 -11.537974683544304 3333.805519948726 158
770 -9.77536231884058 2370.0872190716236 138
771 -11.683453237410072 2495.2235391542886 139
772 -13.296875 3036.318115234375 128
773 -10.282758620689656 2693.389013079667 145
774 -15.572413793103449 5094.617170035672 145
775 -5.903225806451613 1544.1390218522374 155
776 -6.802721088435374 2325.7501966773107 147
777 -11.457364341085272 3833.255934138573 129
778 -12.12781954887218 2808.397195997513 133
779 -11.162790697674419 2978.0432666306106 129
780 -15.099236641221374 3387.097022318047 131
781 -17.076923076923077 4288.440236686391 130
782 -5.971830985915493 1130.8865304503074 142
783 -13.627737226277372 2973.284778091535 137
784 -4.909090909090909 528.7933884297521 121
785 -4.741071428571429 950.3168845663266 112
786 -12.868421052631579 3139.026546629733 114
787 -7.208 1326.3087359999997 125
788 -6.411290322580645 1194.8711628511967 124
789 -7.62962962962963 1577.7146776406037 108
790 -2.7181818181818183 3006.45694214876 110
791 -3.0236220472440944 1286.9207018414038 127
792 -6.169117647058823 1710.169928633218 136
793 -23.492537313432837 6903.876809979953 134
794 -4.93984962406015 2256.612923285658 133
795 -5.006535947712418 1153.0783886539366 153
796 -3.891025641025641 1150.4560733070348 156
797 -4.598540145985401 1093.8607277958333 137
798 -20.30081300813008 4802.893251371539 123
799 -12.90983606557377 3598.803345874765 122
800 -16.96747967479675 3654.876991208936 123
801 -15.0 4115.122807017544 114
802 -4.707964601769912 1572.9855117863574 113
803 -0.9652173913043478 775.5466162570888 115
804 -8.974576271186441 2249.8383366848593 118
805 -8.554621848739496 2519.557940823389 119
806 -10.35593220338983 2813.9411088767592 118
807 -5.4818181818181815 1647.304214876033 110
808 -14.63 3549.4330999999993 100
809 -6.123809523809523 1368.4894331065761 105
810 -12.803571428571429 3393.193558673469 112
811 -6.75 1872.0625 96
812 -0.2736842105263158 444.3882548476452 95
813 -8.02020202020202 1620.1612080399957 99
814 -4.87719298245614 1224.791935980301 114
815 -9.893805309734514 2792.218811183335 113
816 -7.8807339449541285 1808.0866930393067 109
817 -6.333333333333333 1413.9766081871346 114
818 -15.472727272727273 4890.085619834709 110
819 -7.760416666666667 885.4946831597223 96
820 -8.684782608695652 1677.4115075614366 92
821 -6.333333333333333 1188.2626262626263 99
822 -11.640350877192983 2949.2829332102187 114
823 -12.694444444444445 4985.24922839506 108
824 -7.617977528089888 3496.460800403989 89
825 -9.726315789473684 1892.1987811634351 95
826 -9.285714285714286 2134.7755102040815 84
827 -5.099009900990099 3035.7723752573265 101
828 -9.938144329896907 3485.5219470719526 97
829 -12.344827586206897 3753.8351169242965 87
830 -11.802469135802468 3456.2325864959607 81
831 -11.443037974683545 3826.373337606153 79
832 -4.384615384615385 554.7238658777122 78
833 0.2077922077922078 124.78799122954968 77
834 -5.54320987654321 1666.1493674744702 81
835 -6.259740259740259 2328.244223309158 77
836 -19.958333333333332 5580.095486111113 72
837 -4.346153846153846 1059.1878698224848 52
838 -2.4615384615384617 344.40236686390534 52
839 -3.5185185185185186 446.5829903978054 54
840 -5.9423076923076925 3282.362056213018 52
841 -21.266666666666666 4350.662222222223 60
842 -31.470588235294116 9279.66089965398 51
843 -8.754716981132075 2134.977572089712 53
844 -16.48611111111111 4441.166473765432 72
845 -18.3375 5212.44859375 80
846 -5.365853658536586 1758.1100535395597 82
847 -7.619565217391305 1918.387878071834 92
848 -7.109589041095891 1567.49483955714 73
849 -9.557377049180328 2674.017199677506 61
850 -17.56140350877193 3710.24622960911 57
851 -1.0869565217391304 108.12287334593572 46
852 -18.153846153846153 4535.4763313609465 52
853 -14.76595744680851 3286.945224083296 47
854 7.219512195121951 1090.8054729327782 41
855 -0.3888888888888889 13.126543209876539 36
856 -7.105263157894737 1319.725761772853 38
857 -6.795918367346939 949.917534360683 49
858 -2.35 2533.727500000001 40
859 2.142857142857143 978.4557823129251 42
860 -10.13888888888889 1387.8418209876543 36
861 -3.526315789473684 1417.2493074792244 38
862 -3.0294117647058822 150.4403114186851 34
863 -10.789473684210526 4574.53462603878 38
864 -5.2926829268292686 195.13384889946457 41
865 -6.918918918918919 1390.723155588021 37
866 -12.526315789473685 3054.0914127423825 38
867 -9.764705882352942 2608.6505190311423 34
868 -1.8157894736842106 89.78185595567868 38
869 -9.95 3378.5975 40
870 4.744186046511628 927.5857220118985 43
871 -7.615384615384615 1006.595660749507 39
872 -27.75 7587.8125 32
873 -4.575757575757576 1470.0018365472915 33
874 -8.45 4463.7975 40
875 -19.897435897435898 4445.015121630504 39
876 -13.054054054054054 2655.132213294375 37
877 -26.974358974358974 8338.640368178829 39
878 -10.146341463414634 3448.2712671029158 41
879 -1.6888888888888889 604.0365432098765 45
880 -16.516129032258064 4802.765868886578 31
881 2.357142857142857 147.8010204081633 28
882 -5.0 739.9545454545455 44
883 -9.292682926829269 858.1582391433672 41
884 -17.161290322580644 4808.199791883454 31
885 -28.0 6071.583333333333 24
886 -5.541666666666667 2147.664930555556 24
887 -21.045454545454547 6921.861570247933 22
888 -4.4375 92.87109375 16
889 5.25 921.6875 16
890 -10.052631578947368 1776.5761772853186 19
891 -8.65 810.6274999999999 20
892 -30.304347826086957 6760.124763705104 23
893 -26.607142857142858 4415.309948979591 28
894 -41.285714285714285 10362.680272108844 21
895 2.3333333333333335 41.88888888888889 18
896 -0.4090909090909091 22.332644628099175 22
897 -13.541666666666666 1726.831597222222 24
898 2.8055555555555554 413.3788580246913 36
899 -2.8780487804878048 862.2534205829863 41
900 0.34210526315789475 21.27770083102493 38
901 1.880952380952381 104.05725623582768 42
902 -4.413793103448276 524.5873959571938 29
903 -6.545454545454546 1290.490358126722 33
904 -15.027027027027026 1521.5938641344044 37
905 -7.864864864864865 1470.6033601168738 37
906 -12.823529411764707 2342.6159169550174 34
907 -21.866666666666667 5685.515555555556 30
908 0.0625 25.24609375 32
909 -13.416666666666666 4596.465277777777 36
910 -1.6521739130434783 88.83553875236296 23
911 0.4 23.640000000000004 20
912 -3.84 4626.6944 25
913 -10.56 4526.006399999999 25
914 -7.666666666666667 1391.4722222222224 24
915 -1.8076923076923077 64.38609467455622 26
916 -16.875 5253.609375 24
917 -0.76 7.0624 25
918 -2.2962962962962963 585.5418381344308 27
919 -20.357142857142858 4772.586734693878 28
920 -31.02857142857143 11228.199183673469 35
921 -0.9722222222222222 21.638117283950617 36
922 -1.15625 30.5693359375 32
923 -23.51851851851852 8934.02743484225 27
924 -38.629629629629626 14703.418381344309 27
925 0.3125 74.83984375 16
926 1.2666666666666666 36.86222222222223 15
927 1.3333333333333333 90.5079365079365 21
928 -17.944444444444443 10759.274691358025 18
929 -22.09090909090909 5438.719008264463 22
930 -10.894736842105264 613.6731301939059 19
931 -2.3 247.91000000000003 20
932 0.0 57.2 25
933 -6.52 769.1296000000002 25
934 -6.56 2200.3264 25
935 -3.3214285714285716 372.00382653061223 28
936 -2.269230769230769 67.73520710059172 26
937 -43.125 12560.109375 16
938 -7.0 562.5555555555555 18
939 -0.7 55.50999999999999 20
940 4.5 308.375 16
941 -34.9375 12615.55859375 16
942 -1.0588235294117647 354.0553633217993 17
943 17.4375 1690.62109375 16
944 -3.1818181818181817 84.14876033057853 11
945 -32.357142857142854 13883.658163265309 14
946 -5.526315789473684 1078.1440443213298 19
947 0.23809523809523808 236.7528344671201 21
948 -1.55 30.047499999999996 20
949 -19.9375 5052.80859375 16
950 -26.153846153846153 6736.130177514793 13
951 -55.333333333333336 16500.55555555556 12
952 0.3333333333333333 0.8888888888888892 12
953 -12.294117647058824 2365.3840830449826 17
954 -3.1578947368421053 1037.7119113573408 19
955 -25.2 6964.240000000002 25
956 1.6521739130434783 39.357277882797725 23
957 -0.3125 1.58984375 16
958 -27.444444444444443 9111.358024691357 18
959 -7.222222222222222 835.0617283950618 18
960 -17.8 4495.893333333335 15
961 0.2608695652173913 795.2362948960301 23
962 0.16666666666666666 44.36111111111111 18
963 -4.888888888888889 200.0987654320988 9
964 0.125 34.609375 8
965 1.4285714285714286 16.53061224489796 7
966 -10.6 1557.64 10
967 -23.5 5357.05 10
968 1.0 497.5 4
969 -37.111111111111114 10102.765432098768 9
970 -5.133333333333334 2442.7822222222226 15
971 -2.4210526315789473 54.559556786703595 19
972 -9.923076923076923 1222.5325443786985 13
973 5.909090909090909 1706.2644628099174 11
974 -0.3 108.80999999999999 10
975 -45.09090909090909 7287.355371900826 11
976 -12.923076923076923 2112.532544378698 13
977 -8.666666666666666 1358.5555555555554 12
978 4.0 148.25 8
979 -86.16666666666667 18733.138888888887 6
980 -13.0 1860.6666666666667 12
981 3.9 130.89000000000004 10
982 -1.0 4.285714285714286 7
983 -0.75 3.1875 4
984 -34.0 4884.0 6
985 0.5 1.75 8
986 -8.75 1143.3541666666667 12
987 -3.4 85.44000000000001 10
988 1.3333333333333333 8.88888888888889 9
989 1.25 9.6875 4
990 0.2857142857142857 5.9183673469387745 7
991 -1.2727272727272727 47.289256198347125 11
992 0.6666666666666666 36.55555555555556 6
993 1.8333333333333333 2.8055555555555554 6
994 -28.88888888888889 5916.098765432099 9
995 -3.111111111111111 138.5432098765432 9
996 -24.214285714285715 7059.311224489795 14
997 -15.470588235294118 8655.307958477508 17
998 -19.733333333333334 3525.9288888888887 15
999 -23.294117647058822 12247.9723183391 17
1000 -0.14285714285714285 8.26530612244898 14
1001 -7.631578947368421 2164.9695290858735 19
1002 -14.117647058823529 2350.574394463667 17
1003 -36.6 14094.106666666663 15
1004 1.4615384615384615 12.556213017751482 13
1005 1.1538461538461537 63.360946745562124 13
1006 -16.583333333333332 2899.909722222222 12
1007 -14.6 2689.4400000000005 15
1008 -1.4545454545454546 9.157024793388429 11
1009 -52.333333333333336 22237.555555555555 9
1010 2.9 81.49000000000001 10
1011 0.35294117647058826 2.3460207612456747 17
1012 -19.92 8666.393600000001 25
1013 -2.7777777777777777 588.0617283950619 18
1014 -0.6153846153846154 2.0828402366863905 13
1015 1.0476190476190477 7.854875283446712 21
1016 -4.8076923076923075 146.8476331360947 26
1017 -0.11764705882352941 2.3391003460207607 17
1018 6.461538461538462 256.24852071005915 13
1019 -2.6875 94.21484375 16
1020 -10.733333333333333 1429.5288888888892 15
1021 -15.636363636363637 2181.322314049587 11
1022 1.4 37.440000000000005 10
1023 -46.07692307692308 13198.994082840236 13
1024 0.3333333333333333 1.7777777777777777 9
1025 -2.7142857142857144 77.91836734693878 7
1026 -23.88888888888889 2127.8765432098767 9
1027 -2.0 8.857142857142858 7
1028 0.2857142857142857 8.489795918367346 7
1029 -4.166666666666667 18.805555555555554 6
1031 1.0 0.0 2
1032 -1.0 2.6666666666666665 3
1033 -68.28571428571429 33481.0612244898 7
1034 -1.0 0.0 3
1035 0.0 2.0 3
1036 0.5555555555555556 0.691358024691358 9
1037 -32.54545454545455 9018.79338842975 11
1038 0.16666666666666666 1.4722222222222223 6
1039 -111.5 40268.75 4
1040 -20.0 1600.8 5
1041 0.7142857142857143 0.4897959183673471 7
1042 -3.7142857142857144 91.63265306122449 7
1043 -1.3333333333333333 8.222222222222221 3
1044 0.6 0.6400000000000001 5
1045 -7.0 205.33333333333334 6
1046 -13.0 0.0 1
1049 20.0 0.0 1
1050 -80.33333333333333 13393.555555555557 3
1051 0.2 0.9600000000000002 5
1052 -5.142857142857143 278.9795918367347 7
1053 7.5 80.25 4
1054 1.0 0.0 2
1055 1.3333333333333333 8.222222222222221 3
1056 6.666666666666667 66.8888888888889 3
1057 0.0 1.0 2
1058 1.1666666666666667 15.472222222222221 6
1059 -11.333333333333334 1638.0 9
1060 -1.1666666666666667 2.138888888888889 6
1061 0.0 1.0 2
1062 -8.333333333333334 93.55555555555556 3
1063 1.0 0.0 3
1064 -24.285714285714285 1864.7755102040817 7
1065 -64.75 29349.1875 8
1066 -2.4444444444444446 20.246913580246915 9
1067 4.0 114.8 10
1068 1.2 21.96 10
1069 0.5 1.85 10
1070 -3.0 164.15384615384616 13
1071 -3.5 179.45 10
1072 -7.0 414.6 10
1073 0.0 2.2222222222222223 9
1074 0.2727272727272727 15.289256198347111 11
1075 0.5882352941176471 8.477508650519031 17
1076 -0.26666666666666666 3.262222222222222 15
1077 -5.8 260.36 10
1078 -33.55555555555556 8168.691358024693 9
1079 5.5 319.05 10
1080 -0.2222222222222222 2.617283950617284 9
1081 -11.636363636363637 612.2314049586777 11
1082 -0.3333333333333333 0.888888888888889 3
1083 0.5 3.0 8
1084 -0.5714285714285714 2.8163265306122454 7
1085 -7.375 1401.984375 8
1086 0.1 2.6900000000000004 10
1087 -1.9 7.489999999999999 10
1088 -4.2 25.360000000000007 5
1091 15.0 0.0 1
1092 -1.0 0.0 1
1093 -1.0 0.0 1
1094 1.0 0.0 1
1095 -10.75 93.6875 4
1096 1.5 0.25 2
1097 -51.75 6757.1875 4
1098 -1.0 0.0 2
1099 1.0 0.0 1
1100 3.5 20.25 2
1101 1.0 0.0 1
1102 0.75 1.1875 4
1103 -1.8 8.959999999999999 5
1104 -3.0 50.8 5
1105 -22.2 1972.1599999999999 5
1106 0.8 14.559999999999999 5
1107 -1.0 0.0 1
1108 14.5 306.25 2
1109 -1.5 0.25 2
1113 -359.0 0.0 1
1114 1.0 0.0 1
1115 0.6 0.6400000000000002 5
1116 -0.2 0.9600000000000002 5
1117 1.5 6.25 2
1119 -1.5 6.25 2
1120 1.0 0.0 1
1121 1.5 0.25 2
1122 6.0 0.0 1
1123 6.25 111.1875 4
1125 2.5 2.25 2
1126 -1.0 0.0 1
1127 -4.0 0.0 1
1128 -26.0 625.0 2
1129 34.333333333333336 2028.2222222222224 3
1130 -243.0 58081.0 2
1132 -43.0 7398.4 5
1133 0.5 4.25 10
1134 5.142857142857143 180.69387755102042 7
1135 18.0 1457.3333333333333 6
1136 0.6666666666666666 5.555555555555556 3
1137 0.5 0.75 4
1138 -13.8 1607.1600000000003 10
1139 -1.0 8.0 6
1140 0.4444444444444444 2.691358024691358 9
1141 0.14285714285714285 3.5510204081632653 7
1142 0.7142857142857143 1.6326530612244896 7
1143 -5.545454545454546 199.3388429752066 11
1144 0.0 4.25 8
1145 -13.181818181818182 1739.2396694214874 11
1146 -4.777777777777778 184.39506172839504 9
1147 0.4 1.4400000000000002 5
1148 -0.6666666666666666 28.222222222222225 3
1149 -1.2 4.96 5
1150 1.0 1.5 4
1151 3.4 34.24 5
1152 0.5714285714285714 1.9591836734693877 7
1153 0.2 0.9600000000000002 5
1154 -2.7 32.01 10
1155 0.8333333333333334 8.805555555555557 6
1156 -1.5 0.25 2
1162 7.5 1260.25 2
1163 1.0 0.0 1
1164 0.3333333333333333 6.888888888888889 3
1165 -1.0 0.0 1
1166 1.6666666666666667 6.222222222222221 3
1167 0.0 1.0 2
1168 8.666666666666666 150.8888888888889 3
1169 0.0 1.0 2
1170 0.0 1.0 2
1171 -6.375 866.984375 8
1172 -0.2 0.9600000000000002 5
1173 0.2 0.9600000000000002 5
1174 8.333333333333334 114.22222222222223 6
1175 0.36363636363636365 1108.4132231404956 11
1176 0.9090909090909091 23.355371900826448 11
1177 -1.3333333333333333 0.2222222222222222 3
1178 -1.0 4.5 4
1179 -1.0 0.0 3
1180 0.0 1.6 5
1181 -0.3333333333333333 0.888888888888889 6
1182 -5.333333333333333 57.555555555555564 3
1183 1.0 0.0 3
1184 -5.2 41.760000000000005 5
1185 -3.25 26.1875 4
1186 -0.6 2.24 5
1187 -2.0 8.666666666666666 3
1188 1.0 0.0 1
1189 1.0 0.0 1
1190 1.0 0.0 2
1191 1.0 0.0 2
1192 -5.4 129.04000000000002 5
1193 2.6 2.64 5
1194 9.0 263.5 4
1195 6.0 0.0 1
1196 1.5 0.25 2
1197 0.8 35.35999999999999 5
1198 -65.75 13103.6875 4
1199 -131.25 61480.1875 4
1200 -0.3333333333333333 0.888888888888889 3
1201 -13.6 401.44 5
1202 -26.0 0.0 1
1205 1.0 0.0 1
1206 2.0 0.0 1
1207 1.0 0.0 1
1208 -3.0 16.0 2
1209 2.5 0.25 2
1210 1.0 0.0 2
1211 3.3333333333333335 37.55555555555556 3
1212 -13.0 0.0 1
1219 42.0 0.0 1
1220 -36.0 1225.0 2
1221 -1.0 0.0 1
1222 -1.0 0.0 1
1223 -2.0 1.0 2
1224 0.3333333333333333 0.888888888888889 3
1225 -0.2 0.9600000000000002 5
1226 0.2 0.9600000000000002 5
1227 -25.75 1938.6875 4
1228 -3.0 0.0 1
1231 -14.333333333333334 470.2222222222222 3
1232 -2.6666666666666665 5.555555555555556 3
1234 -2.0 0.0 1
1238 -13.0 392.0 3
1239 -35.333333333333336 2497.555555555555 3
1240 -0.6666666666666666 1.5555555555555554 3
1241 -1.0 0.0 2
1242 -1.0 0.0 1
1244 1.0 0.0 1
1245 0.0 1.0 2
1246 1.0 0.0 1
1247 -2.0 6.0 3
1248 0.0 1.0 2
1249 -1.0 0.0 1
1252 -5.0 0.0 1
1253 -1.0 0.0 1
1254 -1.0 0.0 1
1259 1.0 0.0 1
1260 0.5 2.25 2
1261 -1.0 0.0 1
1262 -79.0 0.0 1
