0 0.4052276611328125
1 0.4078216552734375
2 0.4046630859375
3 0.4061431884765625
4 0.4095306396484375
5 0.40667724609375
6 0.4093475341796875
7 0.4084930419921875
8 0.3986968994140625
9 0.409881591796875
10 0.4064178466796875
11 0.406005859375
12 0.4072723388671875
13 0.4112701416015625
14 0.39990234375
15 0.4071807861328125
16 0.4055328369140625
17 0.4083251953125
18 0.40875244140625
19 0.41229248046875
20 0.4074554443359375
21 0.40618896484375
22 0.4037017822265625
23 0.4069671630859375
24 0.4097900390625
25 0.407196044921875
26 0.411895751953125
27 0.4051971435546875
28 0.4039459228515625
29 0.406951904296875
30 0.401580810546875
31 0.4072723388671875
32 0.4087371826171875
33 0.412322998046875
34 0.4066925048828125
35 0.4058074951171875
36 0.410736083984375
37 0.40875244140625
38 0.404296875
39 0.406707763671875
40 0.4132843017578125
41 0.4084320068359375
42 0.409820556640625
43 0.40386962890625
44 0.405426025390625
45 0.399932861328125
46 0.4033966064453125
47 0.4098663330078125
48 0.40618896484375
49 0.4130401611328125
50 0.41357421875
51 0.4033355712890625
52 0.4084014892578125
53 0.405853271484375
54 0.407958984375
55 0.405792236328125
56 0.4081268310546875
57 0.4072418212890625
58 0.408050537109375
59 0.408294677734375
60 0.4044342041015625
61 0.4085845947265625
62 0.40948486328125
63 0.4102783203125
