1 75178
2 26920
3 16671
4 11592
5 8408
6 6318
7 5200
8 4274
9 3517
10 3115
11 2526
12 2311
13 2057
14 1815
15 1617
16 1459
17 1324
18 1220
19 1147
20 1052
21 920
22 914
23 812
24 767
25 715
26 678
27 618
28 618
29 532
30 533
31 490
32 501
33 420
34 418
35 380
36 356
37 361
38 296
39 344
40 338
41 302
42 293
43 299
44 270
45 253
46 226
47 197
48 215
49 215
50 187
51 191
52 157
53 193
54 177
55 193
56 149
57 141
58 155
59 127
60 153
61 123
62 156
63 117
64 124
65 89
66 112
67 112
68 102
69 105
70 109
71 93
72 93
73 102
74 82
75 88
76 99
77 80
78 62
79 74
80 77
81 75
82 67
83 62
84 56
85 64
86 48
87 67
88 59
89 48
90 54
91 53
92 48
93 42
94 64
95 49
96 50
97 57
98 47
99 45
100 43
101 37
102 33
103 44
104 42
105 24
106 52
107 42
108 35
109 31
110 27
111 29
112 26
113 42
114 27
115 27
116 34
117 26
118 22
119 30
120 32
121 19
122 27
123 31
124 19
125 30
126 23
127 19
128 15
129 16
130 22
131 19
132 18
133 25
134 18
135 21
136 18
137 20
138 17
139 14
140 14
141 12
142 16
143 13
144 14
145 12
146 15
147 19
148 17
149 20
150 9
151 14
152 15
153 9
154 7
155 10
156 13
157 10
158 6
159 12
160 8
161 13
162 13
163 11
164 16
165 6
166 10
167 14
168 13
169 5
170 13
171 8
172 6
173 8
174 5
175 11
176 8
177 7
178 5
179 8
180 9
181 5
182 8
183 7
184 3
185 6
186 5
187 6
188 8
189 5
190 3
191 6
192 7
193 2
194 4
195 4
196 4
197 2
198 1
199 1
200 5
201 6
202 3
203 4
204 4
205 3
206 3
207 5
208 5
209 5
210 1
211 6
212 9
213 4
214 2
215 3
216 5
217 2
218 5
219 1
220 1
221 4
222 2
223 5
224 1
225 2
226 4
227 6
228 1
229 4
230 5
231 2
232 2
233 4
234 0
235 4
236 2
237 1
238 2
239 0
240 3
241 2
242 2
243 3
244 1
245 1
246 3
247 3
248 2
249 1
250 5
251 1
252 1
253 1
254 0
255 0
256 1
257 5
258 1
259 1
260 0
261 3
262 0
263 2
264 3
265 1
266 0
267 2
268 1
269 1
270 1
271 0
272 2
273 2
274 1
275 1
276 1
277 0
278 1
279 0
280 1
281 0
282 1
283 0
284 0
285 1
286 0
287 0
288 2
289 1
290 1
291 2
292 1
293 1
294 0
295 0
296 0
297 2
298 1
299 3
300 2
301 0
302 0
303 0
304 1
305 0
306 0
307 0
308 1
309 3
310 0
311 0
312 0
313 0
314 0
315 0
316 1
317 1
318 0
319 1
320 0
321 0
322 1
323 0
324 1
325 0
326 0
327 2
328 1
329 1
330 1
331 1
332 2
333 1
334 1
335 1
336 0
337 0
338 0
339 0
340 1
341 0
342 1
343 0
344 0
345 1
346 0
347 0
348 0
349 1
350 0
351 1
352 1
353 0
354 0
355 1
356 1
357 0
358 0
359 1
360 0
361 0
362 1
363 0
364 0
365 1
366 0
367 1
368 1
369 0
370 0
371 0
372 0
373 0
374 0
375 0
376 0
377 0
378 0
379 0
380 0
381 0
382 0
383 0
384 0
385 0
386 0
387 0
388 0
389 0
390 1
391 0
392 0
393 0
394 0
395 0
396 0
397 0
398 0
399 0
400 0
401 0
402 0
403 0
404 0
405 0
406 0
407 0
408 0
409 0
410 0
411 0
412 0
413 0
414 0
415 0
416 0
417 0
418 0
419 0
420 0
421 0
422 0
423 0
424 0
425 0
426 0
427 0
428 0
429 0
430 0
431 0
432 0
433 0
434 0
435 0
436 0
437 0
438 0
439 0
440 0
441 0
442 0
443 0
444 0
445 0
446 0
447 0
448 0
449 0
450 0
451 0
452 0
453 0
454 0
455 0
456 0
457 1
458 0
459 0
460 1
461 0
462 0
463 0
464 0
465 0
466 0
467 0
468 0
469 0
470 0
471 0
472 0
473 0
474 0
475 0
476 0
477 0
478 0
479 0
480 0
481 0
482 0
483 0
484 0
485 0
486 0
487 0
488 0
489 0
490 0
491 0
492 0
493 0
494 0
495 0
496 0
497 0
498 0
499 0
500 0
501 0
502 0
503 0
504 0
505 0
506 0
507 0
508 0
509 0
510 0
511 0
512 0
513 0
514 0
515 0
516 0
517 0
518 0
519 0
520 0
521 0
522 0
523 0
524 0
525 0
526 0
527 0
528 0
529 0
530 0
531 0
532 0
533 0
534 0
535 0
536 0
537 0
538 0
539 0
540 0
541 0
542 0
543 0
544 0
545 0
546 0
547 0
548 0
549 1
