-1607 1
-1606 0
-1605 0
-1604 0
-1603 0
-1602 0
-1601 0
-1600 0
-1599 0
-1598 0
-1597 0
-1596 0
-1595 0
-1594 0
-1593 0
-1592 0
-1591 0
-1590 0
-1589 0
-1588 0
-1587 0
-1586 0
-1585 0
-1584 0
-1583 0
-1582 0
-1581 0
-1580 1
-1579 0
-1578 0
-1577 0
-1576 1
-1575 0
-1574 0
-1573 0
-1572 0
-1571 0
-1570 0
-1569 0
-1568 0
-1567 0
-1566 0
-1565 0
-1564 0
-1563 0
-1562 0
-1561 0
-1560 0
-1559 0
-1558 0
-1557 0
-1556 0
-1555 0
-1554 0
-1553 0
-1552 0
-1551 0
-1550 0
-1549 0
-1548 0
-1547 0
-1546 0
-1545 0
-1544 0
-1543 0
-1542 0
-1541 0
-1540 0
-1539 0
-1538 1
-1537 0
-1536 0
-1535 0
-1534 0
-1533 0
-1532 0
-1531 0
-1530 0
-1529 0
-1528 0
-1527 0
-1526 0
-1525 0
-1524 0
-1523 0
-1522 0
-1521 0
-1520 0
-1519 0
-1518 0
-1517 0
-1516 0
-1515 0
-1514 1
-1513 0
-1512 0
-1511 1
-1510 1
-1509 0
-1508 0
-1507 1
-1506 0
-1505 0
-1504 1
-1503 0
-1502 0
-1501 0
-1500 0
-1499 0
-1498 0
-1497 2
-1496 0
-1495 0
-1494 0
-1493 1
-1492 1
-1491 1
-1490 0
-1489 0
-1488 0
-1487 1
-1486 0
-1485 0
-1484 0
-1483 0
-1482 0
-1481 0
-1480 0
-1479 0
-1478 0
-1477 0
-1476 0
-1475 0
-1474 0
-1473 1
-1472 1
-1471 0
-1470 0
-1469 1
-1468 0
-1467 1
-1466 0
-1465 0
-1464 0
-1463 0
-1462 1
-1461 0
-1460 1
-1459 0
-1458 0
-1457 0
-1456 1
-1455 0
-1454 0
-1453 0
-1452 1
-1451 0
-1450 0
-1449 0
-1448 2
-1447 0
-1446 0
-1445 0
-1444 1
-1443 1
-1442 0
-1441 0
-1440 1
-1439 1
-1438 2
-1437 1
-1436 1
-1435 1
-1434 0
-1433 1
-1432 1
-1431 0
-1430 0
-1429 1
-1428 0
-1427 0
-1426 0
-1425 0
-1424 0
-1423 0
-1422 0
-1421 1
-1420 1
-1419 0
-1418 0
-1417 0
-1416 0
-1415 2
-1414 0
-1413 0
-1412 1
-1411 0
-1410 0
-1409 0
-1408 2
-1407 0
-1406 0
-1405 0
-1404 2
-1403 1
-1402 0
-1401 1
-1400 0
-1399 0
-1398 1
-1397 2
-1396 1
-1395 0
-1394 1
-1393 0
-1392 0
-1391 1
-1390 0
-1389 0
-1388 1
-1387 0
-1386 1
-1385 1
-1384 3
-1383 2
-1382 1
-1381 0
-1380 0
-1379 1
-1378 0
-1377 0
-1376 1
-1375 4
-1374 0
-1373 0
-1372 0
-1371 1
-1370 0
-1369 0
-1368 2
-1367 4
-1366 0
-1365 0
-1364 0
-1363 2
-1362 1
-1361 0
-1360 1
-1359 3
-1358 0
-1357 2
-1356 2
-1355 1
-1354 2
-1353 2
-1352 0
-1351 0
-1350 1
-1349 3
-1348 1
-1347 2
-1346 2
-1345 2
-1344 2
-1343 2
-1342 4
-1341 4
-1340 2
-1339 4
-1338 2
-1337 0
-1336 2
-1335 1
-1334 1
-1333 1
-1332 3
-1331 3
-1330 1
-1329 2
-1328 0
-1327 2
-1326 2
-1325 5
-1324 3
-1323 2
-1322 2
-1321 4
-1320 4
-1319 5
-1318 3
-1317 2
-1316 0
-1315 4
-1314 2
-1313 2
-1312 1
-1311 3
-1310 2
-1309 3
-1308 2
-1307 0
-1306 2
-1305 5
-1304 4
-1303 7
-1302 4
-1301 2
-1300 6
-1299 5
-1298 3
-1297 3
-1296 1
-1295 2
-1294 1
-1293 1
-1292 2
-1291 4
-1290 2
-1289 6
-1288 4
-1287 7
-1286 1
-1285 2
-1284 3
-1283 3
-1282 1
-1281 2
-1280 2
-1279 4
-1278 5
-1277 3
-1276 9
-1275 3
-1274 4
-1273 3
-1272 2
-1271 5
-1270 1
-1269 4
-1268 2
-1267 6
-1266 4
-1265 2
-1264 4
-1263 6
-1262 4
-1261 2
-1260 3
-1259 6
-1258 6
-1257 3
-1256 5
-1255 4
-1254 4
-1253 3
-1252 2
-1251 2
-1250 7
-1249 4
-1248 2
-1247 7
-1246 2
-1245 1
-1244 2
-1243 5
-1242 5
-1241 9
-1240 9
-1239 5
-1238 7
-1237 4
-1236 5
-1235 7
-1234 6
-1233 10
-1232 2
-1231 9
-1230 11
-1229 8
-1228 3
-1227 7
-1226 4
-1225 4
-1224 6
-1223 7
-1222 4
-1221 4
-1220 5
-1219 4
-1218 2
-1217 7
-1216 2
-1215 4
-1214 7
-1213 3
-1212 5
-1211 7
-1210 4
-1209 9
-1208 6
-1207 4
-1206 7
-1205 6
-1204 6
-1203 10
-1202 5
-1201 5
-1200 6
-1199 6
-1198 5
-1197 7
-1196 8
-1195 9
-1194 6
-1193 5
-1192 4
-1191 4
-1190 3
-1189 5
-1188 9
-1187 3
-1186 11
-1185 3
-1184 5
-1183 7
-1182 3
-1181 5
-1180 11
-1179 10
-1178 3
-1177 5
-1176 7
-1175 8
-1174 5
-1173 10
-1172 7
-1171 7
-1170 4
-1169 6
-1168 10
-1167 5
-1166 6
-1165 8
-1164 9
-1163 6
-1162 7
-1161 5
-1160 9
-1159 13
-1158 10
-1157 6
-1156 10
-1155 3
-1154 10
-1153 6
-1152 11
-1151 9
-1150 6
-1149 13
-1148 7
-1147 9
-1146 9
-1145 12
-1144 8
-1143 13
-1142 12
-1141 20
-1140 10
-1139 6
-1138 16
-1137 14
-1136 21
-1135 7
-1134 14
-1133 8
-1132 10
-1131 3
-1130 12
-1129 7
-1128 15
-1127 15
-1126 8
-1125 9
-1124 8
-1123 12
-1122 11
-1121 12
-1120 19
-1119 7
-1118 9
-1117 12
-1116 16
-1115 14
-1114 9
-1113 12
-1112 21
-1111 14
-1110 16
-1109 13
-1108 18
-1107 17
-1106 16
-1105 10
-1104 10
-1103 12
-1102 15
-1101 17
-1100 10
-1099 17
-1098 19
-1097 9
-1096 12
-1095 9
-1094 13
-1093 21
-1092 13
-1091 9
-1090 13
-1089 13
-1088 6
-1087 11
-1086 15
-1085 21
-1084 14
-1083 19
-1082 22
-1081 16
-1080 11
-1079 14
-1078 13
-1077 10
-1076 16
-1075 16
-1074 10
-1073 17
-1072 11
-1071 15
-1070 14
-1069 12
-1068 15
-1067 14
-1066 17
-1065 25
-1064 12
-1063 16
-1062 19
-1061 20
-1060 10
-1059 23
-1058 21
-1057 21
-1056 15
-1055 19
-1054 17
-1053 15
-1052 18
-1051 21
-1050 11
-1049 18
-1048 20
-1047 18
-1046 11
-1045 19
-1044 24
-1043 21
-1042 17
-1041 18
-1040 15
-1039 20
-1038 16
-1037 17
-1036 20
-1035 14
-1034 21
-1033 17
-1032 18
-1031 18
-1030 13
-1029 20
-1028 16
-1027 24
-1026 24
-1025 19
-1024 19
-1023 27
-1022 23
-1021 26
-1020 24
-1019 28
-1018 27
-1017 22
-1016 25
-1015 22
-1014 35
-1013 32
-1012 24
-1011 21
-1010 25
-1009 29
-1008 25
-1007 24
-1006 15
-1005 23
-1004 14
-1003 26
-1002 25
-1001 24
-1000 21
-999 14
-998 23
-997 18
-996 25
-995 22
-994 22
-993 28
-992 23
-991 25
-990 21
-989 29
-988 23
-987 32
-986 27
-985 24
-984 33
-983 20
-982 27
-981 25
-980 28
-979 28
-978 32
-977 33
-976 32
-975 21
-974 32
-973 21
-972 30
-971 26
-970 26
-969 21
-968 22
-967 24
-966 33
-965 26
-964 30
-963 30
-962 26
-961 25
-960 17
-959 30
-958 35
-957 22
-956 27
-955 23
-954 31
-953 31
-952 24
-951 22
-950 21
-949 32
-948 27
-947 40
-946 35
-945 36
-944 26
-943 32
-942 27
-941 39
-940 33
-939 27
-938 33
-937 27
-936 29
-935 23
-934 27
-933 22
-932 24
-931 27
-930 34
-929 25
-928 35
-927 33
-926 27
-925 36
-924 32
-923 30
-922 34
-921 19
-920 29
-919 35
-918 33
-917 30
-916 28
-915 23
-914 28
-913 39
-912 44
-911 37
-910 40
-909 43
-908 28
-907 39
-906 30
-905 42
-904 27
-903 41
-902 34
-901 47
-900 28
-899 27
-898 35
-897 36
-896 40
-895 39
-894 27
-893 26
-892 36
-891 30
-890 29
-889 38
-888 32
-887 47
-886 33
-885 30
-884 49
-883 45
-882 30
-881 29
-880 27
-879 47
-878 33
-877 38
-876 46
-875 39
-874 35
-873 51
-872 34
-871 29
-870 48
-869 45
-868 35
-867 42
-866 42
-865 40
-864 34
-863 33
-862 42
-861 38
-860 36
-859 43
-858 46
-857 49
-856 36
-855 33
-854 48
-853 39
-852 46
-851 46
-850 45
-849 43
-848 54
-847 44
-846 41
-845 39
-844 39
-843 50
-842 41
-841 41
-840 49
-839 46
-838 49
-837 51
-836 39
-835 51
-834 44
-833 43
-832 51
-831 30
-830 45
-829 38
-828 43
-827 33
-826 49
-825 53
-824 55
-823 42
-822 45
-821 38
-820 47
-819 56
-818 51
-817 51
-816 58
-815 41
-814 54
-813 49
-812 26
-811 58
-810 45
-809 49
-808 45
-807 47
-806 52
-805 51
-804 42
-803 43
-802 39
-801 53
-800 62
-799 39
-798 49
-797 37
-796 49
-795 50
-794 54
-793 49
-792 58
-791 41
-790 54
-789 56
-788 54
-787 53
-786 46
-785 46
-784 60
-783 52
-782 39
-781 53
-780 46
-779 44
-778 52
-777 51
-776 39
-775 54
-774 58
-773 52
-772 54
-771 52
-770 58
-769 52
-768 52
-767 53
-766 47
-765 60
-764 43
-763 60
-762 58
-761 51
-760 59
-759 59
-758 68
-757 50
-756 50
-755 57
-754 70
-753 54
-752 54
-751 54
-750 46
-749 64
-748 59
-747 65
-746 58
-745 69
-744 59
-743 59
-742 68
-741 57
-740 63
-739 53
-738 64
-737 64
-736 65
-735 46
-734 63
-733 65
-732 46
-731 61
-730 63
-729 59
-728 65
-727 55
-726 62
-725 60
-724 59
-723 72
-722 67
-721 72
-720 64
-719 76
-718 50
-717 70
-716 74
-715 70
-714 66
-713 67
-712 55
-711 55
-710 62
-709 95
-708 75
-707 67
-706 59
-705 72
-704 72
-703 72
-702 55
-701 72
-700 82
-699 79
-698 88
-697 78
-696 65
-695 64
-694 72
-693 76
-692 70
-691 90
-690 78
-689 71
-688 79
-687 76
-686 82
-685 75
-684 83
-683 72
-682 79
-681 66
-680 78
-679 71
-678 90
-677 79
-676 77
-675 67
-674 69
-673 75
-672 84
-671 75
-670 67
-669 81
-668 73
-667 77
-666 85
-665 72
-664 75
-663 66
-662 80
-661 90
-660 88
-659 101
-658 77
-657 69
-656 60
-655 79
-654 72
-653 85
-652 69
-651 94
-650 70
-649 83
-648 100
-647 96
-646 90
-645 76
-644 79
-643 85
-642 91
-641 91
-640 91
-639 94
-638 93
-637 83
-636 84
-635 77
-634 85
-633 92
-632 94
-631 84
-630 81
-629 83
-628 96
-627 74
-626 80
-625 83
-624 98
-623 87
-622 96
-621 68
-620 95
-619 78
-618 76
-617 101
-616 89
-615 91
-614 110
-613 88
-612 115
-611 91
-610 92
-609 85
-608 97
-607 78
-606 110
-605 100
-604 94
-603 103
-602 99
-601 92
-600 87
-599 104
-598 97
-597 99
-596 97
-595 84
-594 101
-593 92
-592 108
-591 100
-590 92
-589 106
-588 96
-587 104
-586 109
-585 105
-584 93
-583 109
-582 102
-581 103
-580 112
-579 103
-578 94
-577 102
-576 89
-575 126
-574 103
-573 103
-572 97
-571 97
-570 100
-569 114
-568 100
-567 100
-566 109
-565 120
-564 118
-563 122
-562 123
-561 139
-560 131
-559 103
-558 107
-557 92
-556 98
-555 118
-554 143
-553 113
-552 120
-551 112
-550 105
-549 114
-548 118
-547 127
-546 119
-545 130
-544 126
-543 106
-542 100
-541 116
-540 118
-539 128
-538 119
-537 134
-536 125
-535 140
-534 106
-533 125
-532 129
-531 129
-530 116
-529 123
-528 126
-527 118
-526 104
-525 127
-524 134
-523 130
-522 122
-521 114
-520 128
-519 118
-518 110
-517 145
-516 118
-515 128
-514 134
-513 115
-512 143
-511 130
-510 135
-509 134
-508 135
-507 136
-506 136
-505 128
-504 137
-503 133
-502 166
-501 126
-500 135
-499 115
-498 151
-497 145
-496 148
-495 157
-494 153
-493 152
-492 159
-491 154
-490 138
-489 138
-488 126
-487 154
-486 143
-485 148
-484 142
-483 146
-482 140
-481 157
-480 148
-479 139
-478 139
-477 156
-476 140
-475 151
-474 160
-473 138
-472 144
-471 171
-470 147
-469 131
-468 162
-467 156
-466 122
-465 146
-464 155
-463 167
-462 151
-461 159
-460 160
-459 160
-458 170
-457 153
-456 177
-455 167
-454 156
-453 163
-452 145
-451 170
-450 183
-449 154
-448 184
-447 178
-446 169
-445 165
-444 157
-443 196
-442 179
-441 187
-440 166
-439 182
-438 150
-437 169
-436 152
-435 178
-434 171
-433 165
-432 178
-431 194
-430 178
-429 161
-428 179
-427 186
-426 189
-425 204
-424 199
-423 184
-422 168
-421 172
-420 168
-419 182
-418 208
-417 217
-416 191
-415 170
-414 204
-413 198
-412 203
-411 174
-410 193
-409 225
-408 185
-407 205
-406 189
-405 193
-404 219
-403 200
-402 220
-401 211
-400 203
-399 196
-398 199
-397 198
-396 226
-395 200
-394 227
-393 217
-392 238
-391 242
-390 220
-389 222
-388 202
-387 200
-386 209
-385 227
-384 205
-383 237
-382 234
-381 249
-380 235
-379 232
-378 203
-377 228
-376 223
-375 227
-374 233
-373 228
-372 230
-371 245
-370 233
-369 225
-368 256
-367 208
-366 202
-365 247
-364 226
-363 224
-362 247
-361 263
-360 271
-359 273
-358 233
-357 271
-356 259
-355 240
-354 259
-353 242
-352 277
-351 251
-350 261
-349 299
-348 256
-347 254
-346 261
-345 260
-344 267
-343 271
-342 292
-341 269
-340 290
-339 282
-338 297
-337 273
-336 266
-335 282
-334 279
-333 262
-332 305
-331 300
-330 302
-329 304
-328 289
-327 286
-326 311
-325 335
-324 281
-323 332
-322 306
-321 281
-320 307
-319 311
-318 305
-317 325
-316 303
-315 323
-314 344
-313 324
-312 313
-311 332
-310 293
-309 337
-308 317
-307 358
-306 323
-305 298
-304 356
-303 345
-302 302
-301 346
-300 336
-299 315
-298 389
-297 341
-296 379
-295 389
-294 378
-293 365
-292 342
-291 374
-290 360
-289 393
-288 352
-287 380
-286 400
-285 411
-284 387
-283 336
-282 400
-281 389
-280 386
-279 375
-278 387
-277 396
-276 449
-275 401
-274 397
-273 415
-272 436
-271 380
-270 410
-269 439
-268 458
-267 412
-266 438
-265 443
-264 459
-263 489
-262 474
-261 485
-260 468
-259 443
-258 462
-257 533
-256 452
-255 507
-254 469
-253 514
-252 482
-251 522
-250 516
-249 526
-248 478
-247 517
-246 517
-245 541
-244 544
-243 547
-242 539
-241 532
-240 500
-239 576
-238 568
-237 588
-236 568
-235 496
-234 552
-233 559
-232 565
-231 575
-230 612
-229 583
-228 619
-227 593
-226 617
-225 575
-224 574
-223 559
-222 573
-221 644
-220 662
-219 670
-218 647
-217 614
-216 623
-215 626
-214 592
-213 638
-212 648
-211 704
-210 706
-209 634
-208 664
-207 723
-206 680
-205 693
-204 692
-203 712
-202 693
-201 784
-200 743
-199 716
-198 808
-197 783
-196 718
-195 857
-194 827
-193 780
-192 773
-191 743
-190 817
-189 850
-188 792
-187 807
-186 831
-185 816
-184 822
-183 886
-182 796
-181 872
-180 887
-179 896
-178 897
-177 908
-176 938
-175 924
-174 964
-173 961
-172 929
-171 976
-170 1005
-169 1000
-168 1032
-167 1032
-166 1009
-165 1034
-164 1025
-163 1092
-162 1106
-161 1082
-160 1126
-159 1177
-158 1083
-157 1180
-156 1124
-155 1231
-154 1149
-153 1184
-152 1251
-151 1257
-150 1254
-149 1257
-148 1262
-147 1287
-146 1371
-145 1349
-144 1392
-143 1364
-142 1400
-141 1418
-140 1409
-139 1470
-138 1476
-137 1429
-136 1570
-135 1551
-134 1566
-133 1525
-132 1535
-131 1625
-130 1642
-129 1681
-128 1694
-127 1730
-126 1744
-125 1778
-124 1806
-123 1772
-122 1772
-121 1861
-120 1905
-119 2021
-118 1947
-117 2029
-116 2019
-115 2169
-114 2092
-113 2215
-112 2133
-111 2256
-110 2245
-109 2397
-108 2327
-107 2271
-106 2550
-105 2562
-104 2587
-103 2565
-102 2493
-101 2775
-100 2775
-99 2864
-98 2791
-97 2888
-96 3007
-95 3072
-94 3123
-93 3117
-92 3164
-91 3282
-90 3316
-89 3476
-88 3584
-87 3564
-86 3630
-85 3834
-84 3811
-83 3814
-82 4150
-81 4110
-80 4345
-79 4456
-78 4423
-77 4623
-76 4785
-75 4944
-74 5120
-73 4992
-72 5219
-71 5425
-70 5630
-69 5731
-68 5698
-67 6013
-66 6265
-65 6347
-64 6537
-63 6881
-62 7161
-61 7498
-60 7728
-59 7755
-58 8127
-57 8507
-56 8818
-55 9093
-54 9433
-53 9650
-52 10097
-51 10544
-50 11024
-49 11469
-48 12062
-47 12301
-46 13250
-45 13680
-44 14583
-43 15252
-42 15908
-41 16594
-40 17344
-39 18255
-38 19433
-37 20600
-36 21902
-35 23065
-34 24290
-33 26331
-32 27819
-31 29849
-30 31823
-29 34293
-28 37162
-27 40244
-26 43252
-25 46876
-24 50653
-23 56003
-22 61719
-21 67447
-20 75450
-19 83900
-18 93840
-17 106119
-16 119938
-15 137724
-14 159402
-13 186285
-12 218368
-11 261780
-10 317199
-9 388745
-8 486856
-7 626190
-6 830271
-5 1156150
-4 1749317
-3 3070269
-2 6558461
-1 34905487
0 0
1 34903951
2 6561033
3 3071871
4 1748940
5 1155048
6 830859
7 624061
8 487514
9 389185
10 316407
11 261876
12 218266
13 185639
14 159825
15 138018
16 120293
17 106009
18 93617
19 83601
20 75818
21 68047
22 61516
23 56217
24 50835
25 46651
26 43271
27 39784
28 36792
29 34040
30 31924
31 29810
32 28168
33 26230
34 24603
35 23056
36 21778
37 20542
38 19535
39 18480
40 17451
41 16521
42 15853
43 15274
44 14447
45 13603
46 12975
47 12342
48 11972
49 11603
50 11063
51 10555
52 10233
53 9780
54 9315
55 9138
56 8822
57 8578
58 8157
59 7757
60 7654
61 7286
62 7101
63 6949
64 6751
65 6412
66 6309
67 6015
68 5810
69 5686
70 5652
71 5352
72 5149
73 5147
74 5072
75 4888
76 4797
77 4522
78 4471
79 4327
80 4133
81 4226
82 4051
83 3968
84 3849
85 3838
86 3720
87 3596
88 3435
89 3475
90 3464
91 3215
92 3265
93 3197
94 3033
95 2974
96 3051
97 2906
98 2897
99 2716
100 2711
101 2818
102 2592
103 2525
104 2500
105 2464
106 2518
107 2286
108 2392
109 2253
110 2265
111 2261
112 2149
113 2081
114 2122
115 2048
116 2027
117 2043
118 1890
119 1965
120 1950
121 1932
122 1851
123 1824
124 1835
125 1795
126 1745
127 1707
128 1639
129 1700
130 1564
131 1638
132 1623
133 1553
134 1536
135 1487
136 1525
137 1447
138 1328
139 1466
140 1440
141 1409
142 1454
143 1381
144 1393
145 1309
146 1255
147 1299
148 1299
149 1269
150 1267
151 1315
152 1281
153 1227
154 1230
155 1119
156 1160
157 1165
158 1151
159 1166
160 1133
161 1130
162 1035
163 1105
164 1078
165 1015
166 1021
167 1035
168 962
169 965
170 974
171 981
172 972
173 932
174 994
175 965
176 948
177 912
178 947
179 861
180 876
181 864
182 871
183 879
184 807
185 821
186 825
187 826
188 841
189 855
190 776
191 808
192 822
193 841
194 775
195 764
196 748
197 732
198 755
199 763
200 790
201 711
202 724
203 690
204 724
205 683
206 738
207 707
208 688
209 706
210 683
211 660
212 657
213 643
214 603
215 597
216 635
217 613
218 648
219 629
220 590
221 636
222 614
223 574
224 609
225 646
226 595
227 575
228 595
229 594
230 576
231 609
232 569
233 555
234 552
235 534
236 571
237 585
238 550
239 499
240 517
241 489
242 539
243 536
244 547
245 511
246 499
247 501
248 520
249 550
250 465
251 496
252 497
253 494
254 445
255 425
256 449
257 441
258 484
259 483
260 425
261 474
262 470
263 445
264 419
265 444
266 444
267 449
268 456
269 375
270 416
271 416
272 429
273 392
274 449
275 418
276 412
277 407
278 420
279 367
280 403
281 423
282 387
283 371
284 390
285 408
286 378
287 393
288 372
289 393
290 368
291 373
292 387
293 363
294 335
295 406
296 345
297 345
298 366
299 378
300 351
301 335
302 341
303 357
304 333
305 330
306 311
307 361
308 301
309 336
310 335
311 345
312 324
313 347
314 325
315 309
316 352
317 318
318 343
319 306
320 314
321 298
322 295
323 324
324 327
325 281
326 292
327 288
328 272
329 314
330 286
331 302
332 275
333 335
334 298
335 282
336 289
337 300
338 309
339 281
340 286
341 253
342 286
343 259
344 295
345 267
346 269
347 295
348 245
349 260
350 302
351 246
352 268
353 258
354 282
355 249
356 258
357 253
358 230
359 266
360 258
361 260
362 221
363 237
364 235
365 234
366 222
367 245
368 213
369 245
370 250
371 262
372 226
373 239
374 230
375 218
376 217
377 202
378 220
379 218
380 239
381 198
382 209
383 215
384 198
385 243
386 231
387 220
388 227
389 230
390 197
391 221
392 207
393 215
394 194
395 212
396 226
397 218
398 213
399 217
400 204
401 177
402 222
403 203
404 195
405 187
406 205
407 185
408 199
409 196
410 213
411 195
412 191
413 213
414 207
415 199
416 186
417 177
418 192
419 204
420 166
421 179
422 199
423 195
424 192
425 165
426 178
427 205
428 156
429 180
430 186
431 174
432 197
433 191
434 171
435 169
436 176
437 189
438 181
439 181
440 178
441 179
442 174
443 188
444 176
445 147
446 148
447 178
448 154
449 150
450 172
451 141
452 166
453 176
454 168
455 159
456 163
457 157
458 173
459 165
460 162
461 151
462 159
463 168
464 143
465 158
466 134
467 145
468 156
469 164
470 136
471 154
472 151
473 151
474 134
475 163
476 125
477 158
478 168
479 146
480 155
481 162
482 145
483 129
484 126
485 131
486 145
487 149
488 151
489 166
490 138
491 138
492 140
493 133
494 123
495 135
496 143
497 131
498 155
499 137
500 147
501 134
502 133
503 120
504 142
505 132
506 131
507 120
508 108
509 143
510 139
511 115
512 139
513 119
514 125
515 112
516 149
517 121
518 154
519 127
520 113
521 124
522 121
523 129
524 117
525 127
526 121
527 128
528 120
529 128
530 123
531 97
532 134
533 143
534 134
535 131
536 109
537 122
538 105
539 109
540 144
541 123
542 118
543 129
544 132
545 116
546 127
547 132
548 105
549 126
550 98
551 116
552 118
553 120
554 102
555 131
556 121
557 108
558 120
559 111
560 129
561 117
562 114
563 104
564 109
565 107
566 123
567 124
568 119
569 106
570 107
571 93
572 121
573 100
574 114
575 92
576 123
577 113
578 94
579 116
580 95
581 101
582 100
583 113
584 95
585 96
586 104
587 89
588 87
589 115
590 110
591 116
592 95
593 120
594 88
595 89
596 104
597 96
598 99
599 81
600 89
601 107
602 99
603 96
604 99
605 99
606 80
607 84
608 76
609 94
610 88
611 80
612 77
613 94
614 106
615 97
616 103
617 95
618 100
619 105
620 88
621 90
622 71
623 96
624 85
625 76
626 92
627 76
628 93
629 90
630 81
631 100
632 80
633 96
634 86
635 66
636 99
637 93
638 82
639 84
640 84
641 79
642 84
643 86
644 70
645 61
646 89
647 72
648 69
649 93
650 70
651 92
652 75
653 74
654 84
655 84
656 63
657 74
658 86
659 91
660 79
661 75
662 81
663 74
664 88
665 91
666 69
667 78
668 74
669 87
670 81
671 70
672 75
673 86
674 67
675 91
676 96
677 78
678 83
679 71
680 86
681 80
682 69
683 54
684 85
685 88
686 73
687 80
688 72
689 91
690 82
691 68
692 77
693 70
694 66
695 64
696 54
697 74
698 62
699 64
700 64
701 79
702 65
703 66
704 72
705 75
706 70
707 70
708 78
709 64
710 73
711 75
712 64
713 62
714 54
715 61
716 73
717 56
718 55
719 69
720 85
721 71
722 51
723 66
724 63
725 62
726 58
727 64
728 59
729 53
730 71
731 79
732 66
733 63
734 66
735 81
736 39
737 82
738 63
739 54
740 50
741 67
742 65
743 68
744 49
745 56
746 63
747 59
748 54
749 67
750 54
751 53
752 47
753 61
754 64
755 59
756 58
757 69
758 53
759 61
760 66
761 58
762 61
763 65
764 54
765 48
766 50
767 45
768 56
769 64
770 62
771 67
772 61
773 53
774 57
775 69
776 55
777 58
778 49
779 56
780 59
781 42
782 39
783 52
784 50
785 53
786 53
787 56
788 50
789 62
790 44
791 39
792 53
793 37
794 45
795 52
796 61
797 48
798 50
799 42
800 56
801 62
802 55
803 42
804 55
805 56
806 50
807 50
808 49
809 45
810 56
811 48
812 46
813 55
814 55
815 48
816 50
817 52
818 34
819 47
820 46
821 45
822 44
823 37
824 44
825 40
826 47
827 48
828 56
829 45
830 39
831 43
832 42
833 55
834 43
835 61
836 45
837 46
838 44
839 49
840 39
841 46
842 44
843 43
844 51
845 39
846 41
847 37
848 39
849 45
850 38
851 44
852 46
853 38
854 45
855 41
856 49
857 49
858 36
859 32
860 44
861 38
862 38
863 43
864 38
865 45
866 43
867 27
868 31
869 35
870 37
871 44
872 36
873 41
874 30
875 31
876 37
877 40
878 35
879 31
880 31
881 39
882 36
883 46
884 36
885 36
886 44
887 33
888 35
889 41
890 36
891 36
892 36
893 41
894 39
895 26
896 32
897 36
898 32
899 39
900 36
901 30
902 26
903 43
904 33
905 28
906 29
907 35
908 35
909 32
910 49
911 40
912 43
913 20
914 29
915 36
916 40
917 31
918 34
919 26
920 41
921 43
922 22
923 24
924 39
925 27
926 28
927 28
928 29
929 39
930 38
931 33
932 35
933 28
934 31
935 33
936 33
937 29
938 25
939 33
940 31
941 30
942 21
943 25
944 32
945 37
946 24
947 31
948 26
949 29
950 25
951 20
952 27
953 24
954 28
955 36
956 29
957 22
958 24
959 37
960 21
961 20
962 30
963 23
964 26
965 15
966 25
967 28
968 29
969 23
970 28
971 23
972 19
973 29
974 21
975 29
976 34
977 23
978 30
979 30
980 19
981 18
982 31
983 23
984 27
985 28
986 22
987 22
988 29
989 21
990 20
991 25
992 20
993 21
994 22
995 28
996 22
997 18
998 24
999 28
1000 27
1001 27
1002 20
1003 25
1004 15
1005 16
1006 14
1007 21
1008 20
1009 26
1010 19
1011 22
1012 26
1013 16
1014 28
1015 16
1016 16
1017 17
1018 14
1019 26
1020 24
1021 30
1022 20
1023 26
1024 20
1025 14
1026 14
1027 20
1028 21
1029 23
1030 28
1031 22
1032 21
1033 18
1034 19
1035 20
1036 21
1037 23
1038 25
1039 16
1040 26
1041 21
1042 20
1043 18
1044 19
1045 23
1046 24
1047 22
1048 20
1049 16
1050 14
1051 14
1052 17
1053 13
1054 14
1055 12
1056 15
1057 19
1058 16
1059 16
1060 22
1061 21
1062 11
1063 18
1064 23
1065 14
1066 15
1067 17
1068 15
1069 12
1070 21
1071 18
1072 7
1073 17
1074 16
1075 13
1076 19
1077 12
1078 14
1079 11
1080 14
1081 16
1082 18
1083 17
1084 12
1085 22
1086 16
1087 14
1088 15
1089 8
1090 11
1091 7
1092 15
1093 15
1094 12
1095 11
1096 13
1097 17
1098 14
1099 16
1100 5
1101 13
1102 14
1103 12
1104 13
1105 12
1106 13
1107 18
1108 17
1109 14
1110 16
1111 16
1112 15
1113 13
1114 12
1115 14
1116 12
1117 10
1118 7
1119 14
1120 11
1121 11
1122 10
1123 14
1124 17
1125 22
1126 7
1127 14
1128 14
1129 13
1130 16
1131 14
1132 12
1133 5
1134 9
1135 14
1136 9
1137 9
1138 6
1139 9
1140 6
1141 9
1142 9
1143 12
1144 10
1145 10
1146 9
1147 5
1148 12
1149 12
1150 11
1151 8
1152 10
1153 7
1154 9
1155 8
1156 15
1157 7
1158 11
1159 6
1160 9
1161 16
1162 6
1163 5
1164 5
1165 9
1166 7
1167 4
1168 3
1169 9
1170 13
1171 8
1172 8
1173 2
1174 13
1175 2
1176 9
1177 8
1178 12
1179 6
1180 9
1181 6
1182 5
1183 3
1184 9
1185 7
1186 7
1187 4
1188 9
1189 9
1190 10
1191 8
1192 3
1193 7
1194 4
1195 7
1196 7
1197 6
1198 10
1199 6
1200 7
1201 8
1202 2
1203 8
1204 9
1205 7
1206 5
1207 8
1208 4
1209 4
1210 6
1211 11
1212 7
1213 8
1214 1
1215 6
1216 6
1217 7
1218 2
1219 3
1220 6
1221 5
1222 1
1223 4
1224 6
1225 6
1226 5
1227 7
1228 4
1229 6
1230 1
1231 4
1232 3
1233 4
1234 5
1235 1
1236 3
1237 2
1238 5
1239 5
1240 1
1241 1
1242 8
1243 2
1244 5
1245 5
1246 8
1247 3
1248 9
1249 3
1250 2
1251 5
1252 4
1253 7
1254 3
1255 1
1256 3
1257 3
1258 3
1259 3
1260 4
1261 2
1262 3
1263 5
1264 1
1265 3
1266 7
1267 2
1268 7
1269 0
1270 3
1271 3
1272 8
1273 2
1274 2
1275 3
1276 3
1277 1
1278 4
1279 3
1280 4
1281 3
1282 0
1283 6
1284 5
1285 6
1286 4
1287 2
1288 3
1289 3
1290 7
1291 3
1292 2
1293 2
1294 3
1295 3
1296 0
1297 4
1298 4
1299 5
1300 6
1301 3
1302 1
1303 5
1304 0
1305 0
1306 4
1307 2
1308 3
1309 5
1310 2
1311 3
1312 1
1313 4
1314 5
1315 5
1316 3
1317 2
1318 3
1319 1
1320 4
1321 5
1322 0
1323 2
1324 1
1325 1
1326 4
1327 1
1328 2
1329 2
1330 0
1331 3
1332 3
1333 3
1334 1
1335 3
1336 1
1337 5
1338 0
1339 5
1340 3
1341 0
1342 1
1343 1
1344 5
1345 2
1346 2
1347 2
1348 1
1349 1
1350 0
1351 0
1352 2
1353 0
1354 1
1355 2
1356 1
1357 3
1358 0
1359 2
1360 1
1361 0
1362 2
1363 0
1364 3
1365 1
1366 0
1367 2
1368 0
1369 2
1370 0
1371 2
1372 0
1373 2
1374 2
1375 2
1376 1
1377 2
1378 2
1379 0
1380 0
1381 0
1382 0
1383 1
1384 2
1385 1
1386 0
1387 0
1388 1
1389 1
1390 3
1391 2
1392 0
1393 0
1394 0
1395 3
1396 0
1397 1
1398 2
1399 0
1400 1
1401 1
1402 2
1403 0
1404 1
1405 0
1406 0
1407 1
1408 1
1409 0
1410 0
1411 0
1412 1
1413 2
1414 0
1415 0
1416 0
1417 0
1418 0
1419 1
1420 1
1421 0
1422 0
1423 0
1424 1
1425 0
1426 1
1427 0
1428 0
1429 0
1430 1
1431 0
1432 0
1433 1
1434 0
1435 0
1436 0
1437 1
1438 0
1439 0
1440 1
1441 1
1442 0
1443 0
1444 0
1445 0
1446 0
1447 0
1448 1
1449 1
1450 0
1451 0
1452 0
1453 0
1454 0
1455 1
1456 0
1457 2
1458 0
1459 0
1460 1
1461 0
1462 0
1463 0
1464 0
1465 0
1466 0
1467 1
1468 0
1469 0
1470 1
1471 0
1472 0
1473 0
1474 0
1475 1
1476 1
1477 0
1478 1
1479 0
1480 0
1481 1
1482 0
1483 0
1484 0
1485 0
1486 0
1487 0
1488 0
1489 0
1490 0
1491 0
1492 1
1493 0
1494 1
1495 1
1496 0
1497 0
1498 0
1499 0
1500 0
1501 0
1502 0
1503 0
1504 1
1505 0
1506 0
1507 0
1508 1
1509 0
1510 0
1511 0
1512 1
1513 1
1514 0
1515 0
1516 0
1517 0
1518 0
1519 0
1520 0
1521 0
1522 0
1523 0
1524 0
1525 0
1526 1
1527 0
1528 1
1529 0
1530 0
1531 0
1532 0
1533 0
1534 0
1535 0
1536 0
1537 0
1538 0
1539 0
1540 0
1541 0
1542 0
1543 0
1544 1
1545 0
1546 1
1547 0
1548 0
1549 0
1550 0
1551 0
1552 0
1553 0
1554 0
1555 0
1556 0
1557 0
1558 0
1559 0
1560 0
1561 0
1562 0
1563 0
1564 0
1565 0
1566 0
1567 0
1568 0
1569 0
1570 0
1571 0
1572 0
1573 0
1574 0
1575 0
1576 0
1577 0
1578 0
1579 0
1580 0
1581 0
1582 0
1583 0
1584 0
1585 0
1586 0
1587 0
1588 0
1589 0
1590 0
1591 0
1592 0
1593 0
1594 0
1595 0
1596 0
1597 0
1598 0
1599 0
1600 0
1601 0
1602 0
1603 0
1604 0
1605 0
1606 0
1607 0
1608 0
1609 0
1610 0
1611 0
1612 0
1613 1
