0 1.0 0.0
1 0.4228 0.5772
2 0.4809 0.5191
3 0.4666 0.5334
4 0.4593 0.5407
5 0.4545 0.5455
6 0.452 0.548
7 0.451 0.549
8 0.4502 0.5498
9 0.45 0.55
10 0.4508 0.5492
11 0.4514 0.5486
12 0.4514 0.5486
13 0.4526 0.5474
14 0.4545 0.5455
15 0.4559 0.5441
16 0.4563 0.5437
17 0.4576 0.5424
18 0.4594 0.5406
19 0.4598 0.5402
20 0.461 0.539
21 0.4629 0.5371
22 0.4628 0.5372
23 0.4643 0.5357
24 0.4659 0.5341
25 0.466 0.534
26 0.467 0.533
27 0.467 0.533
28 0.4689 0.5311
29 0.4689 0.5311
30 0.4706 0.5294
31 0.4705 0.5295
32 0.4714 0.5286
33 0.4712 0.5288
34 0.4718 0.5282
35 0.4722 0.5278
36 0.4718 0.5282
37 0.4737 0.5263
38 0.4732 0.5268
39 0.4735 0.5265
40 0.4741 0.5259
41 0.4755 0.5245
42 0.4757 0.5243
43 0.4777 0.5223
44 0.4757 0.5243
45 0.4784 0.5216
46 0.4766 0.5234
47 0.478 0.522
48 0.4785 0.5215
49 0.4775 0.5225
50 0.4778 0.5222
51 0.4775 0.5225
52 0.4782 0.5218
53 0.4785 0.5215
54 0.4812 0.5188
55 0.4823 0.5177
56 0.482 0.518
57 0.4834 0.5166
58 0.4829 0.5171
59 0.479 0.521
60 0.4828 0.5172
61 0.4809 0.5191
62 0.4817 0.5183
63 0.4827 0.5173
64 0.4827 0.5173
65 0.483 0.517
66 0.4832 0.5168
67 0.4803 0.5197
68 0.4833 0.5167
69 0.4873 0.5127
70 0.4839 0.5161
71 0.4811 0.5189
72 0.4851 0.5149
73 0.4835 0.5165
74 0.4833 0.5167
75 0.4828 0.5172
76 0.4829 0.5171
77 0.4858 0.5142
78 0.4849 0.5151
79 0.4845 0.5155
80 0.4869 0.5131
81 0.4867 0.5133
82 0.4849 0.5151
83 0.4851 0.5149
84 0.4872 0.5128
85 0.488 0.512
86 0.4844 0.5156
87 0.4863 0.5137
88 0.4877 0.5123
89 0.4869 0.5131
90 0.4879 0.5121
91 0.4881 0.5119
92 0.4847 0.5153
93 0.4871 0.5129
94 0.49 0.51
95 0.485 0.515
96 0.49 0.51
97 0.489 0.511
98 0.4905 0.5095
99 0.4896 0.5104
100 0.4882 0.5118
101 0.4879 0.5121
102 0.4845 0.5155
103 0.4867 0.5133
104 0.4856 0.5144
105 0.4877 0.5123
106 0.4893 0.5107
107 0.4857 0.5143
108 0.4882 0.5118
109 0.4867 0.5133
110 0.4865 0.5135
111 0.4887 0.5113
112 0.4878 0.5122
113 0.493 0.507
114 0.4869 0.5131
115 0.4893 0.5107
116 0.4898 0.5102
117 0.4906 0.5094
118 0.4906 0.5094
119 0.4923 0.5077
120 0.4919 0.5081
121 0.4887 0.5113
122 0.4918 0.5082
123 0.4879 0.5121
124 0.4874 0.5126
125 0.4899 0.5101
126 0.4915 0.5085
127 0.4893 0.5107
128 0.4892 0.5108
129 0.4875 0.5125
130 0.485 0.515
131 0.4923 0.5077
132 0.4944 0.5056
133 0.4917 0.5083
134 0.4865 0.5135
135 0.4897 0.5103
136 0.4894 0.5106
137 0.4883 0.5117
138 0.4924 0.5076
139 0.4906 0.5094
140 0.4939 0.5061
141 0.4906 0.5094
142 0.4876 0.5124
143 0.492 0.508
144 0.4905 0.5095
145 0.4913 0.5087
146 0.4927 0.5073
147 0.491 0.509
148 0.4937 0.5063
149 0.4927 0.5073
150 0.4933 0.5067
151 0.4942 0.5058
152 0.4941 0.5059
153 0.4935 0.5065
154 0.4895 0.5105
155 0.4912 0.5088
156 0.4939 0.5061
157 0.4894 0.5106
158 0.4893 0.5107
159 0.495 0.505
160 0.4938 0.5062
161 0.4891 0.5109
162 0.4931 0.5069
163 0.4935 0.5065
164 0.4881 0.5119
165 0.4922 0.5078
166 0.4935 0.5065
167 0.4934 0.5066
168 0.4891 0.5109
169 0.4903 0.5097
170 0.4966 0.5034
171 0.4907 0.5093
172 0.4945 0.5055
173 0.495 0.505
174 0.4901 0.5099
175 0.4913 0.5087
176 0.4938 0.5062
177 0.4952 0.5048
178 0.4965 0.5035
179 0.4931 0.5069
180 0.4966 0.5034
181 0.4954 0.5046
182 0.4931 0.5069
183 0.4916 0.5084
184 0.4997 0.5003
185 0.499 0.501
186 0.4967 0.5033
187 0.4922 0.5078
188 0.49 0.51
189 0.4952 0.5048
190 0.4942 0.5058
191 0.4908 0.5092
192 0.4936 0.5064
193 0.4942 0.5058
194 0.4869 0.5131
195 0.4934 0.5066
196 0.4942 0.5058
197 0.4946 0.5054
198 0.4956 0.5044
199 0.4924 0.5076
200 0.4891 0.5109
201 0.4926 0.5074
202 0.4929 0.5071
203 0.4925 0.5075
204 0.4926 0.5074
205 0.4972 0.5028
206 0.4984 0.5016
207 0.4944 0.5056
208 0.4911 0.5089
209 0.4962 0.5038
210 0.495 0.505
211 0.4928 0.5072
212 0.4962 0.5038
213 0.492 0.508
214 0.4946 0.5054
215 0.4937 0.5063
216 0.4902 0.5098
217 0.4949 0.5051
218 0.4968 0.5032
219 0.4978 0.5022
220 0.4927 0.5073
221 0.4904 0.5096
222 0.4914 0.5086
223 0.4933 0.5067
224 0.4903 0.5097
225 0.4865 0.5135
226 0.4946 0.5054
227 0.4966 0.5034
228 0.4943 0.5057
229 0.4968 0.5032
230 0.4921 0.5079
231 0.4955 0.5045
232 0.4892 0.5108
233 0.4951 0.5049
234 0.4983 0.5017
235 0.4925 0.5075
236 0.4977 0.5023
237 0.4932 0.5068
238 0.4977 0.5023
239 0.4993 0.5007
240 0.4955 0.5045
241 0.4956 0.5044
242 0.4924 0.5076
243 0.4963 0.5037
244 0.4954 0.5046
245 0.4939 0.5061
246 0.4941 0.5059
247 0.4934 0.5066
248 0.4966 0.5034
249 0.495 0.505
250 0.4944 0.5056
251 0.4972 0.5028
252 0.495 0.505
253 0.4877 0.5123
254 0.4953 0.5047
255 0.4922 0.5078
256 0.4931 0.5069
257 0.4954 0.5046
258 0.496 0.504
259 0.5003 0.4997
260 0.4942 0.5058
261 0.493 0.507
262 0.4964 0.5036
263 0.4968 0.5032
264 0.4932 0.5068
265 0.4974 0.5026
266 0.496 0.504
267 0.4915 0.5085
268 0.4931 0.5069
269 0.4899 0.5101
270 0.4977 0.5023
271 0.4955 0.5045
272 0.4921 0.5079
273 0.4967 0.5033
274 0.4966 0.5034
275 0.4927 0.5073
276 0.4962 0.5038
277 0.4916 0.5084
278 0.4995 0.5005
279 0.4997 0.5003
280 0.4924 0.5076
281 0.4987 0.5013
282 0.4992 0.5008
283 0.498 0.502
284 0.4955 0.5045
285 0.4981 0.5019
286 0.4979 0.5021
287 0.4907 0.5093
288 0.5004 0.4996
289 0.4893 0.5107
290 0.499 0.501
291 0.4915 0.5085
292 0.497 0.503
293 0.4979 0.5021
294 0.5005 0.4995
295 0.4946 0.5054
296 0.4914 0.5086
297 0.4947 0.5053
298 0.4942 0.5058
299 0.4901 0.5099
300 0.5001 0.4999
301 0.494 0.506
302 0.4946 0.5054
303 0.5004 0.4996
304 0.492 0.508
305 0.4914 0.5086
306 0.4938 0.5062
307 0.4978 0.5022
308 0.4995 0.5005
309 0.4947 0.5053
310 0.4937 0.5063
311 0.4965 0.5035
312 0.4931 0.5069
313 0.4974 0.5026
314 0.4938 0.5062
315 0.4964 0.5036
316 0.4933 0.5067
317 0.4997 0.5003
318 0.5008 0.4992
319 0.4975 0.5025
320 0.492 0.508
321 0.5002 0.4998
322 0.4924 0.5076
323 0.4983 0.5017
324 0.4927 0.5073
325 0.4913 0.5087
326 0.4949 0.5051
327 0.4931 0.5069
328 0.4994 0.5006
329 0.4986 0.5014
330 0.4995 0.5005
331 0.4984 0.5016
332 0.4943 0.5057
333 0.4923 0.5077
334 0.5 0.5
335 0.4997 0.5003
336 0.4928 0.5072
337 0.5 0.5
338 0.4955 0.5045
339 0.498 0.502
340 0.4961 0.5039
341 0.4986 0.5014
342 0.495 0.505
343 0.4926 0.5074
344 0.4964 0.5036
345 0.4967 0.5033
346 0.4988 0.5012
347 0.4997 0.5003
348 0.4971 0.5029
349 0.4987 0.5013
350 0.4972 0.5028
351 0.5002 0.4998
352 0.4921 0.5079
353 0.4942 0.5058
354 0.4944 0.5056
355 0.4952 0.5048
356 0.4943 0.5057
357 0.4983 0.5017
358 0.4958 0.5042
359 0.5024 0.4976
360 0.5031 0.4969
361 0.4905 0.5095
362 0.4924 0.5076
363 0.4958 0.5042
364 0.5002 0.4998
365 0.4937 0.5063
366 0.4967 0.5033
367 0.5033 0.4967
368 0.4946 0.5054
369 0.5011 0.4989
370 0.4919 0.5081
371 0.4897 0.5103
372 0.4974 0.5026
373 0.4989 0.5011
374 0.4958 0.5042
375 0.5025 0.4975
376 0.5016 0.4984
377 0.497 0.503
378 0.4973 0.5027
379 0.4967 0.5033
380 0.4991 0.5009
381 0.502 0.498
382 0.4937 0.5063
383 0.4965 0.5035
384 0.4942 0.5058
385 0.4948 0.5052
386 0.4988 0.5012
387 0.5014 0.4986
388 0.4976 0.5024
389 0.4962 0.5038
390 0.5014 0.4986
391 0.4998 0.5002
392 0.4935 0.5065
393 0.4944 0.5056
394 0.4965 0.5035
395 0.4986 0.5014
396 0.5014 0.4986
397 0.4944 0.5056
398 0.4996 0.5004
399 0.4971 0.5029
400 0.4945 0.5055
401 0.4955 0.5045
402 0.4948 0.5052
403 0.4993 0.5007
404 0.4975 0.5025
405 0.5045 0.4955
406 0.4964 0.5036
407 0.4991 0.5009
408 0.4967 0.5033
409 0.4933 0.5067
410 0.4974 0.5026
411 0.4968 0.5032
412 0.4975 0.5025
413 0.5008 0.4992
414 0.501 0.499
415 0.4973 0.5027
416 0.4975 0.5025
417 0.5016 0.4984
418 0.5007 0.4993
419 0.4997 0.5003
420 0.5022 0.4978
421 0.4973 0.5027
422 0.4998 0.5002
423 0.4969 0.5031
424 0.4997 0.5003
425 0.5067 0.4933
426 0.4996 0.5004
427 0.4976 0.5024
428 0.5001 0.4999
429 0.4991 0.5009
430 0.4962 0.5038
431 0.5057 0.4943
432 0.4993 0.5007
433 0.4965 0.5035
434 0.5035 0.4965
435 0.4989 0.5011
436 0.4934 0.5066
437 0.4957 0.5043
438 0.4943 0.5057
439 0.4948 0.5052
440 0.4963 0.5037
441 0.4926 0.5074
442 0.4936 0.5064
443 0.4977 0.5023
444 0.4989 0.5011
445 0.5054 0.4946
446 0.5003 0.4997
447 0.4966 0.5034
448 0.4938 0.5062
449 0.4957 0.5043
450 0.4946 0.5054
451 0.4978 0.5022
452 0.4967 0.5033
453 0.496 0.504
454 0.4973 0.5027
455 0.4972 0.5028
456 0.5034 0.4966
457 0.4945 0.5055
458 0.4989 0.5011
459 0.4959 0.5041
460 0.506 0.494
461 0.503 0.497
462 0.4963 0.5037
463 0.4942 0.5058
464 0.5 0.5
465 0.4947 0.5053
466 0.4928 0.5072
467 0.5051 0.4949
468 0.4986 0.5014
469 0.4949 0.5051
470 0.4958 0.5042
471 0.5012 0.4988
472 0.4984 0.5016
473 0.4962 0.5038
474 0.4988 0.5012
475 0.5041 0.4959
476 0.4974 0.5026
477 0.4981 0.5019
478 0.4961 0.5039
479 0.5013 0.4987
480 0.4982 0.5018
481 0.4905 0.5095
482 0.4935 0.5065
483 0.4947 0.5053
484 0.4924 0.5076
485 0.5015 0.4985
486 0.4965 0.5035
487 0.4992 0.5008
488 0.4997 0.5003
489 0.5025 0.4975
490 0.4936 0.5064
491 0.4945 0.5055
492 0.5019 0.4981
493 0.4935 0.5065
494 0.498 0.502
495 0.5011 0.4989
496 0.5016 0.4984
497 0.4995 0.5005
498 0.5029 0.4971
499 0.4967 0.5033
500 0.493 0.507
501 0.5023 0.4977
502 0.4978 0.5022
503 0.5001 0.4999
504 0.4949 0.5051
505 0.4969 0.5031
506 0.4963 0.5037
507 0.4972 0.5028
508 0.5018 0.4982
509 0.4948 0.5052
510 0.4991 0.5009
511 0.4961 0.5039
512 0.4932 0.5068
513 0.4982 0.5018
514 0.4936 0.5064
515 0.5024 0.4976
516 0.4989 0.5011
517 0.4958 0.5042
518 0.4981 0.5019
519 0.502 0.498
520 0.502 0.498
521 0.5024 0.4976
522 0.5015 0.4985
523 0.5026 0.4974
524 0.4998 0.5002
525 0.4972 0.5028
526 0.4974 0.5026
527 0.4973 0.5027
528 0.5018 0.4982
529 0.4997 0.5003
530 0.496 0.504
531 0.504 0.496
532 0.5001 0.4999
533 0.5014 0.4986
534 0.5073 0.4927
535 0.5014 0.4986
536 0.4953 0.5047
537 0.5 0.5
538 0.5036 0.4964
539 0.5001 0.4999
540 0.5002 0.4998
541 0.5031 0.4969
542 0.4943 0.5057
543 0.5031 0.4969
544 0.4986 0.5014
545 0.4936 0.5064
546 0.4999 0.5001
547 0.4897 0.5103
548 0.501 0.499
549 0.4935 0.5065
550 0.4991 0.5009
551 0.4997 0.5003
552 0.5031 0.4969
553 0.5045 0.4955
554 0.5018 0.4982
555 0.4997 0.5003
556 0.4923 0.5077
557 0.4992 0.5008
558 0.4938 0.5062
559 0.4998 0.5002
560 0.4892 0.5108
561 0.4983 0.5017
562 0.4967 0.5033
563 0.4966 0.5034
564 0.5054 0.4946
565 0.5018 0.4982
566 0.5028 0.4972
567 0.5028 0.4972
568 0.4993 0.5007
569 0.4996 0.5004
570 0.5047 0.4953
571 0.5002 0.4998
572 0.5022 0.4978
573 0.4954 0.5046
574 0.5014 0.4986
575 0.4987 0.5013
576 0.4985 0.5015
577 0.5049 0.4951
578 0.5003 0.4997
579 0.5045 0.4955
580 0.5006 0.4994
581 0.492 0.508
582 0.4916 0.5084
583 0.5002 0.4998
584 0.498 0.502
585 0.5041 0.4959
586 0.5018 0.4982
587 0.4995 0.5005
588 0.4948 0.5052
589 0.5058 0.4942
590 0.5015 0.4985
591 0.4956 0.5044
592 0.499 0.501
593 0.4993 0.5007
594 0.5044 0.4956
595 0.4937 0.5063
596 0.4982 0.5018
597 0.5041 0.4959
598 0.5006 0.4994
599 0.5022 0.4978
600 0.4989 0.5011
601 0.4995 0.5005
602 0.4984 0.5016
603 0.5029 0.4971
604 0.4959 0.5041
605 0.4988 0.5012
606 0.498 0.502
607 0.5012 0.4988
608 0.4965 0.5035
609 0.4981 0.5019
610 0.5 0.5
611 0.4949 0.5051
612 0.503 0.497
613 0.5003 0.4997
614 0.5007 0.4993
615 0.4981 0.5019
616 0.4977 0.5023
617 0.4918 0.5082
618 0.4923 0.5077
619 0.5073 0.4927
620 0.502 0.498
621 0.4981 0.5019
622 0.4968 0.5032
623 0.4988 0.5012
624 0.4996 0.5004
625 0.4983 0.5017
626 0.4925 0.5075
627 0.5023 0.4977
628 0.5029 0.4971
629 0.5006 0.4994
630 0.4999 0.5001
631 0.4989 0.5011
632 0.501 0.499
633 0.5091 0.4909
634 0.4981 0.5019
635 0.4993 0.5007
636 0.4944 0.5056
637 0.5011 0.4989
638 0.5018 0.4982
639 0.4944 0.5056
640 0.4972 0.5028
641 0.4959 0.5041
642 0.5006 0.4994
643 0.5019 0.4981
644 0.496 0.504
645 0.4934 0.5066
646 0.4993 0.5007
647 0.4945 0.5055
648 0.5001 0.4999
649 0.4973 0.5027
650 0.5082 0.4918
651 0.5068 0.4932
652 0.4902 0.5098
653 0.4953 0.5047
654 0.5008 0.4992
655 0.4985 0.5015
656 0.5016 0.4984
657 0.5018 0.4982
658 0.494 0.506
659 0.4916 0.5084
660 0.5019 0.4981
661 0.4951 0.5049
662 0.4995 0.5005
663 0.4993 0.5007
664 0.5011 0.4989
665 0.4974 0.5026
666 0.5054 0.4946
667 0.5102 0.4898
668 0.5028 0.4972
669 0.4972 0.5028
670 0.5039 0.4961
671 0.4949 0.5051
672 0.4946 0.5054
673 0.5084 0.4916
674 0.5041 0.4959
675 0.4995 0.5005
676 0.5013 0.4987
677 0.4991 0.5009
678 0.4958 0.5042
679 0.5021 0.4979
680 0.5097 0.4903
681 0.4932 0.5068
682 0.5071 0.4929
683 0.4934 0.5066
684 0.5058 0.4942
685 0.4962 0.5038
686 0.4964 0.5036
687 0.5083 0.4917
688 0.5024 0.4976
689 0.4984 0.5016
690 0.4898 0.5102
691 0.4939 0.5061
692 0.5035 0.4965
693 0.5 0.5
694 0.4971 0.5029
695 0.5027 0.4973
696 0.503 0.497
697 0.4913 0.5087
698 0.5065 0.4935
699 0.4995 0.5005
700 0.5018 0.4982
701 0.5026 0.4974
702 0.4973 0.5027
703 0.4988 0.5012
704 0.5053 0.4947
705 0.5061 0.4939
706 0.4917 0.5083
707 0.4984 0.5016
708 0.4987 0.5013
709 0.4986 0.5014
710 0.5003 0.4997
711 0.4957 0.5043
712 0.5059 0.4941
713 0.4939 0.5061
714 0.5043 0.4957
715 0.5052 0.4948
716 0.4957 0.5043
717 0.5033 0.4967
718 0.4993 0.5007
719 0.4981 0.5019
720 0.5036 0.4964
721 0.5017 0.4983
722 0.5108 0.4892
723 0.4992 0.5008
724 0.5007 0.4993
725 0.4956 0.5044
726 0.492 0.508
727 0.5041 0.4959
728 0.4934 0.5066
729 0.5015 0.4985
730 0.5005 0.4995
731 0.4993 0.5007
732 0.5069 0.4931
733 0.4982 0.5018
734 0.5075 0.4925
735 0.5021 0.4979
736 0.4978 0.5022
737 0.5022 0.4978
738 0.5049 0.4951
739 0.5017 0.4983
740 0.5052 0.4948
741 0.4975 0.5025
742 0.4951 0.5049
743 0.4977 0.5023
744 0.5064 0.4936
745 0.5007 0.4993
746 0.5038 0.4962
747 0.4999 0.5001
748 0.506 0.494
749 0.4953 0.5047
750 0.4956 0.5044
751 0.5068 0.4932
752 0.4976 0.5024
753 0.5035 0.4965
754 0.5082 0.4918
755 0.5022 0.4978
756 0.4934 0.5066
757 0.4992 0.5008
758 0.495 0.505
759 0.4988 0.5012
760 0.5086 0.4914
761 0.4954 0.5046
762 0.5023 0.4977
763 0.4966 0.5034
764 0.5004 0.4996
765 0.5085 0.4915
766 0.487 0.513
767 0.503 0.497
768 0.4894 0.5106
769 0.5076 0.4924
770 0.5017 0.4983
771 0.5023 0.4977
772 0.5002 0.4998
773 0.5029 0.4971
774 0.501 0.499
775 0.5021 0.4979
776 0.4983 0.5017
777 0.4938 0.5062
778 0.5007 0.4993
779 0.5011 0.4989
780 0.503 0.497
781 0.4921 0.5079
782 0.4989 0.5011
783 0.495 0.505
784 0.4999 0.5001
785 0.4958 0.5042
786 0.4904 0.5096
787 0.4982 0.5018
788 0.4981 0.5019
789 0.501 0.499
790 0.5022 0.4978
791 0.5002 0.4998
792 0.4965 0.5035
793 0.4954 0.5046
794 0.5006 0.4994
795 0.4939 0.5061
796 0.5007 0.4993
797 0.5004 0.4996
798 0.5017 0.4983
799 0.4997 0.5003
800 0.5123 0.4877
801 0.5038 0.4962
802 0.501 0.499
803 0.4977 0.5023
804 0.5025 0.4975
805 0.4973 0.5027
806 0.5023 0.4977
807 0.5 0.5
808 0.5056 0.4944
809 0.5006 0.4994
810 0.5085 0.4915
811 0.5072 0.4928
812 0.5044 0.4956
813 0.5001 0.4999
814 0.4955 0.5045
815 0.502 0.498
816 0.4874 0.5126
817 0.4968 0.5032
818 0.5045 0.4955
819 0.5009 0.4991
820 0.4955 0.5045
821 0.5086 0.4914
822 0.492 0.508
823 0.5059 0.4941
824 0.5064 0.4936
825 0.5031 0.4969
826 0.5013 0.4987
827 0.5006 0.4994
828 0.5045 0.4955
829 0.4968 0.5032
830 0.501 0.499
831 0.5031 0.4969
832 0.4951 0.5049
833 0.5086 0.4914
834 0.4898 0.5102
835 0.5026 0.4974
836 0.5004 0.4996
837 0.5032 0.4968
838 0.501 0.499
839 0.5 0.5
840 0.4997 0.5003
841 0.498 0.502
842 0.501 0.499
843 0.4987 0.5013
844 0.4942 0.5058
845 0.4942 0.5058
846 0.4979 0.5021
847 0.5045 0.4955
848 0.5029 0.4971
849 0.4963 0.5037
850 0.4993 0.5007
851 0.4995 0.5005
852 0.5027 0.4973
853 0.4956 0.5044
854 0.5033 0.4967
855 0.4911 0.5089
856 0.4998 0.5002
857 0.4978 0.5022
858 0.4995 0.5005
859 0.4984 0.5016
860 0.5002 0.4998
861 0.4928 0.5072
862 0.4913 0.5087
863 0.5046 0.4954
864 0.5034 0.4966
865 0.5027 0.4973
866 0.4951 0.5049
867 0.5055 0.4945
868 0.5007 0.4993
869 0.5038 0.4962
870 0.5048 0.4952
871 0.498 0.502
872 0.5047 0.4953
873 0.5033 0.4967
874 0.499 0.501
875 0.4973 0.5027
876 0.4938 0.5062
877 0.4994 0.5006
878 0.4969 0.5031
879 0.5009 0.4991
880 0.5007 0.4993
881 0.4989 0.5011
882 0.5019 0.4981
883 0.5097 0.4903
884 0.4991 0.5009
885 0.5086 0.4914
886 0.497 0.503
887 0.4939 0.5061
888 0.4997 0.5003
889 0.4923 0.5077
890 0.4993 0.5007
891 0.4982 0.5018
892 0.5041 0.4959
893 0.494 0.506
894 0.5032 0.4968
895 0.5034 0.4966
896 0.5042 0.4958
897 0.5015 0.4985
898 0.493 0.507
899 0.5065 0.4935
900 0.4918 0.5082
901 0.4962 0.5038
902 0.5062 0.4938
903 0.5004 0.4996
904 0.493 0.507
905 0.5082 0.4918
906 0.5001 0.4999
907 0.5029 0.4971
908 0.5091 0.4909
909 0.5057 0.4943
910 0.5026 0.4974
911 0.5011 0.4989
912 0.495 0.505
913 0.4985 0.5015
914 0.5024 0.4976
915 0.4926 0.5074
916 0.4998 0.5002
917 0.4944 0.5056
918 0.4917 0.5083
919 0.5014 0.4986
920 0.4992 0.5008
921 0.496 0.504
922 0.4958 0.5042
923 0.4963 0.5037
924 0.5078 0.4922
925 0.4952 0.5048
926 0.4992 0.5008
927 0.4981 0.5019
928 0.4915 0.5085
929 0.4965 0.5035
930 0.4947 0.5053
931 0.5012 0.4988
932 0.4972 0.5028
933 0.5052 0.4948
934 0.5049 0.4951
935 0.4991 0.5009
936 0.4976 0.5024
937 0.5037 0.4963
938 0.4975 0.5025
939 0.5101 0.4899
940 0.4977 0.5023
941 0.504 0.496
942 0.5026 0.4974
943 0.5084 0.4916
944 0.5063 0.4937
945 0.4952 0.5048
946 0.5075 0.4925
947 0.4948 0.5052
948 0.499 0.501
949 0.5043 0.4957
950 0.4987 0.5013
951 0.5004 0.4996
952 0.5037 0.4963
953 0.5021 0.4979
954 0.4984 0.5016
955 0.5025 0.4975
956 0.4965 0.5035
957 0.4974 0.5026
958 0.4972 0.5028
959 0.489 0.511
960 0.5026 0.4974
961 0.506 0.494
962 0.4978 0.5022
963 0.501 0.499
964 0.5083 0.4917
965 0.5025 0.4975
966 0.5046 0.4954
967 0.5049 0.4951
968 0.4991 0.5009
969 0.5014 0.4986
970 0.4975 0.5025
971 0.5125 0.4875
972 0.5026 0.4974
973 0.4995 0.5005
974 0.496 0.504
975 0.4993 0.5007
976 0.504 0.496
977 0.4985 0.5015
978 0.4915 0.5085
979 0.4992 0.5008
980 0.4958 0.5042
981 0.5001 0.4999
982 0.497 0.503
983 0.4957 0.5043
984 0.5036 0.4964
985 0.5021 0.4979
986 0.4933 0.5067
987 0.5011 0.4989
988 0.501 0.499
989 0.5 0.5
990 0.5045 0.4955
991 0.5007 0.4993
992 0.4994 0.5006
993 0.4991 0.5009
994 0.5016 0.4984
995 0.4972 0.5028
996 0.4949 0.5051
997 0.5021 0.4979
998 0.4971 0.5029
999 0.5035 0.4965
1000 0.5076 0.4924
1001 0.4966 0.5034
1002 0.5033 0.4967
1003 0.5019 0.4981
1004 0.5023 0.4977
1005 0.5015 0.4985
1006 0.4975 0.5025
1007 0.4972 0.5028
1008 0.5073 0.4927
1009 0.4987 0.5013
1010 0.4967 0.5033
1011 0.4967 0.5033
1012 0.4948 0.5052
1013 0.4995 0.5005
1014 0.4973 0.5027
1015 0.5052 0.4948
1016 0.4955 0.5045
1017 0.4955 0.5045
1018 0.5055 0.4945
1019 0.4886 0.5114
1020 0.5041 0.4959
1021 0.4992 0.5008
1022 0.503 0.497
1023 0.5031 0.4969
1024 0.4931 0.5069
1025 0.4981 0.5019
1026 0.5011 0.4989
1027 0.4961 0.5039
1028 0.5087 0.4913
1029 0.4943 0.5057
1030 0.5061 0.4939
1031 0.4984 0.5016
1032 0.5005 0.4995
1033 0.5062 0.4938
1034 0.5009 0.4991
1035 0.4982 0.5018
1036 0.5008 0.4992
1037 0.4989 0.5011
1038 0.4992 0.5008
1039 0.4988 0.5012
1040 0.5005 0.4995
1041 0.5033 0.4967
1042 0.5015 0.4985
1043 0.5039 0.4961
1044 0.5026 0.4974
1045 0.5015 0.4985
1046 0.5066 0.4934
1047 0.4957 0.5043
1048 0.5031 0.4969
1049 0.5057 0.4943
1050 0.5015 0.4985
1051 0.5024 0.4976
1052 0.4962 0.5038
1053 0.5106 0.4894
1054 0.5138 0.4862
1055 0.5085 0.4915
1056 0.5025 0.4975
1057 0.4969 0.5031
1058 0.5017 0.4983
1059 0.4949 0.5051
1060 0.495 0.505
1061 0.5002 0.4998
1062 0.4977 0.5023
1063 0.4943 0.5057
1064 0.4947 0.5053
1065 0.497 0.503
1066 0.503 0.497
1067 0.5004 0.4996
1068 0.5053 0.4947
1069 0.5036 0.4964
1070 0.5088 0.4912
1071 0.5011 0.4989
1072 0.5017 0.4983
1073 0.4945 0.5055
1074 0.5031 0.4969
1075 0.5018 0.4982
1076 0.5005 0.4995
1077 0.4998 0.5002
1078 0.5 0.5
1079 0.495 0.505
1080 0.5004 0.4996
1081 0.4997 0.5003
1082 0.5027 0.4973
1083 0.4953 0.5047
1084 0.499 0.501
1085 0.4995 0.5005
1086 0.4996 0.5004
1087 0.5012 0.4988
1088 0.494 0.506
1089 0.5105 0.4895
1090 0.5039 0.4961
1091 0.4992 0.5008
1092 0.5045 0.4955
1093 0.5036 0.4964
1094 0.4954 0.5046
1095 0.5052 0.4948
1096 0.5036 0.4964
1097 0.5012 0.4988
1098 0.5006 0.4994
1099 0.5035 0.4965
1100 0.498 0.502
1101 0.5018 0.4982
1102 0.5015 0.4985
1103 0.5012 0.4988
1104 0.5015 0.4985
1105 0.4981 0.5019
1106 0.4925 0.5075
1107 0.5038 0.4962
1108 0.4969 0.5031
1109 0.4941 0.5059
1110 0.4986 0.5014
1111 0.5 0.5
1112 0.5002 0.4998
1113 0.5048 0.4952
1114 0.4945 0.5055
1115 0.5009 0.4991
1116 0.5062 0.4938
1117 0.5098 0.4902
1118 0.5009 0.4991
1119 0.5076 0.4924
1120 0.4973 0.5027
1121 0.5001 0.4999
1122 0.4961 0.5039
1123 0.5077 0.4923
1124 0.5024 0.4976
1125 0.4994 0.5006
1126 0.5037 0.4963
1127 0.4961 0.5039
1128 0.5001 0.4999
1129 0.4929 0.5071
1130 0.4923 0.5077
1131 0.4998 0.5002
1132 0.4968 0.5032
1133 0.5092 0.4908
1134 0.5009 0.4991
1135 0.4969 0.5031
1136 0.4987 0.5013
1137 0.4915 0.5085
1138 0.4965 0.5035
1139 0.4994 0.5006
1140 0.4979 0.5021
1141 0.5035 0.4965
1142 0.4942 0.5058
1143 0.5008 0.4992
1144 0.5008 0.4992
1145 0.4961 0.5039
1146 0.5014 0.4986
1147 0.4984 0.5016
1148 0.5046 0.4954
1149 0.5035 0.4965
1150 0.5034 0.4966
1151 0.5059 0.4941
1152 0.4991 0.5009
1153 0.5007 0.4993
1154 0.5082 0.4918
1155 0.5017 0.4983
1156 0.5018 0.4982
1157 0.5048 0.4952
1158 0.4972 0.5028
1159 0.5062 0.4938
1160 0.5031 0.4969
1161 0.4985 0.5015
1162 0.4982 0.5018
1163 0.4979 0.5021
1164 0.5024 0.4976
1165 0.4974 0.5026
1166 0.4978 0.5022
1167 0.5004 0.4996
1168 0.4973 0.5027
1169 0.4939 0.5061
1170 0.5011 0.4989
1171 0.5034 0.4966
1172 0.5047 0.4953
1173 0.5074 0.4926
1174 0.5025 0.4975
1175 0.4998 0.5002
1176 0.4986 0.5014
1177 0.5023 0.4977
1178 0.4981 0.5019
1179 0.4968 0.5032
1180 0.5033 0.4967
1181 0.4998 0.5002
1182 0.5028 0.4972
1183 0.5034 0.4966
1184 0.4998 0.5002
1185 0.4971 0.5029
1186 0.5054 0.4946
1187 0.5004 0.4996
1188 0.5037 0.4963
1189 0.5056 0.4944
1190 0.503 0.497
1191 0.499 0.501
1192 0.502 0.498
1193 0.4983 0.5017
1194 0.5073 0.4927
1195 0.5053 0.4947
1196 0.5013 0.4987
1197 0.4936 0.5064
1198 0.4956 0.5044
1199 0.5025 0.4975
1200 0.5028 0.4972
1201 0.5063 0.4937
1202 0.5033 0.4967
1203 0.5016 0.4984
1204 0.4955 0.5045
1205 0.5068 0.4932
1206 0.4946 0.5054
1207 0.504 0.496
1208 0.4928 0.5072
1209 0.4951 0.5049
1210 0.4988 0.5012
1211 0.5002 0.4998
1212 0.506 0.494
1213 0.4983 0.5017
1214 0.4987 0.5013
1215 0.5017 0.4983
1216 0.4942 0.5058
1217 0.5028 0.4972
1218 0.4961 0.5039
1219 0.4963 0.5037
1220 0.4949 0.5051
1221 0.4978 0.5022
1222 0.501 0.499
1223 0.5001 0.4999
1224 0.4955 0.5045
1225 0.4954 0.5046
1226 0.5053 0.4947
1227 0.4991 0.5009
1228 0.4955 0.5045
1229 0.4975 0.5025
1230 0.5045 0.4955
1231 0.5039 0.4961
1232 0.5031 0.4969
1233 0.5014 0.4986
1234 0.5072 0.4928
1235 0.5015 0.4985
1236 0.5054 0.4946
1237 0.5036 0.4964
1238 0.5028 0.4972
1239 0.4969 0.5031
1240 0.5014 0.4986
1241 0.5 0.5
1242 0.5029 0.4971
1243 0.5018 0.4982
1244 0.505 0.495
1245 0.5083 0.4917
1246 0.5005 0.4995
1247 0.5013 0.4987
1248 0.5013 0.4987
1249 0.5023 0.4977
1250 0.4967 0.5033
1251 0.5109 0.4891
1252 0.499 0.501
1253 0.5066 0.4934
1254 0.5005 0.4995
1255 0.4992 0.5008
1256 0.4974 0.5026
1257 0.5041 0.4959
1258 0.4992 0.5008
1259 0.4998 0.5002
1260 0.502 0.498
1261 0.4951 0.5049
1262 0.5039 0.4961
1263 0.501 0.499
1264 0.5079 0.4921
1265 0.4976 0.5024
1266 0.5 0.5
1267 0.4882 0.5118
1268 0.5062 0.4938
1269 0.5013 0.4987
1270 0.498 0.502
1271 0.4971 0.5029
1272 0.4963 0.5037
1273 0.5029 0.4971
1274 0.5023 0.4977
1275 0.5029 0.4971
1276 0.5014 0.4986
1277 0.5077 0.4923
1278 0.5012 0.4988
1279 0.4993 0.5007
1280 0.5058 0.4942
1281 0.5015 0.4985
1282 0.4918 0.5082
1283 0.4951 0.5049
1284 0.5015 0.4985
1285 0.5037 0.4963
1286 0.5033 0.4967
1287 0.5006 0.4994
1288 0.5021 0.4979
1289 0.5054 0.4946
1290 0.504 0.496
1291 0.4982 0.5018
1292 0.5031 0.4969
1293 0.5014 0.4986
1294 0.4984 0.5016
1295 0.4994 0.5006
1296 0.4998 0.5002
1297 0.5033 0.4967
1298 0.4979 0.5021
1299 0.4923 0.5077
1300 0.4986 0.5014
1301 0.498 0.502
1302 0.503 0.497
1303 0.4978 0.5022
1304 0.5002 0.4998
1305 0.4992 0.5008
1306 0.5036 0.4964
1307 0.5041 0.4959
1308 0.4993 0.5007
1309 0.5018 0.4982
1310 0.4993 0.5007
1311 0.5055 0.4945
1312 0.5057 0.4943
1313 0.5013 0.4987
1314 0.5032 0.4968
1315 0.5058 0.4942
1316 0.5024 0.4976
1317 0.4996 0.5004
1318 0.5023 0.4977
1319 0.4924 0.5076
1320 0.5002 0.4998
1321 0.492 0.508
1322 0.4972 0.5028
1323 0.5088 0.4912
1324 0.4929 0.5071
1325 0.4977 0.5023
1326 0.492 0.508
1327 0.5 0.5
1328 0.5103 0.4897
1329 0.4969 0.5031
1330 0.5017 0.4983
1331 0.4974 0.5026
1332 0.4954 0.5046
1333 0.5027 0.4973
1334 0.5019 0.4981
1335 0.4969 0.5031
1336 0.5101 0.4899
1337 0.4938 0.5062
1338 0.4995 0.5005
1339 0.5036 0.4964
1340 0.4931 0.5069
1341 0.5003 0.4997
1342 0.5023 0.4977
1343 0.499 0.501
1344 0.5018 0.4982
1345 0.5079 0.4921
1346 0.4951 0.5049
1347 0.5056 0.4944
1348 0.5025 0.4975
1349 0.5001 0.4999
1350 0.5026 0.4974
1351 0.5037 0.4963
1352 0.4998 0.5002
1353 0.4962 0.5038
1354 0.5064 0.4936
1355 0.4973 0.5027
1356 0.5004 0.4996
1357 0.4993 0.5007
1358 0.5085 0.4915
1359 0.4918 0.5082
1360 0.5029 0.4971
1361 0.4993 0.5007
1362 0.5065 0.4935
1363 0.4965 0.5035
1364 0.5057 0.4943
1365 0.5025 0.4975
1366 0.5089 0.4911
1367 0.5046 0.4954
1368 0.5025 0.4975
1369 0.4983 0.5017
1370 0.4964 0.5036
1371 0.5056 0.4944
1372 0.4994 0.5006
1373 0.4985 0.5015
1374 0.5003 0.4997
1375 0.4943 0.5057
1376 0.4983 0.5017
1377 0.5013 0.4987
1378 0.5053 0.4947
1379 0.5015 0.4985
1380 0.4978 0.5022
1381 0.5018 0.4982
1382 0.4973 0.5027
1383 0.4968 0.5032
1384 0.4993 0.5007
1385 0.503 0.497
1386 0.4976 0.5024
1387 0.4957 0.5043
1388 0.4988 0.5012
1389 0.498 0.502
1390 0.5008 0.4992
1391 0.4974 0.5026
1392 0.5032 0.4968
1393 0.4994 0.5006
1394 0.4967 0.5033
1395 0.5037 0.4963
1396 0.4887 0.5113
1397 0.508 0.492
1398 0.5047 0.4953
1399 0.4959 0.5041
1400 0.5035 0.4965
1401 0.5025 0.4975
1402 0.5008 0.4992
1403 0.5019 0.4981
1404 0.5061 0.4939
1405 0.5001 0.4999
1406 0.4976 0.5024
1407 0.4992 0.5008
1408 0.5064 0.4936
1409 0.501 0.499
1410 0.4998 0.5002
1411 0.5005 0.4995
1412 0.4932 0.5068
1413 0.5046 0.4954
1414 0.5042 0.4958
1415 0.5014 0.4986
1416 0.4939 0.5061
1417 0.5024 0.4976
1418 0.4994 0.5006
1419 0.5058 0.4942
1420 0.5033 0.4967
1421 0.5061 0.4939
1422 0.5045 0.4955
1423 0.5022 0.4978
1424 0.5073 0.4927
1425 0.4952 0.5048
1426 0.5009 0.4991
1427 0.4942 0.5058
1428 0.4988 0.5012
1429 0.5003 0.4997
1430 0.5091 0.4909
1431 0.4945 0.5055
1432 0.4946 0.5054
1433 0.5028 0.4972
1434 0.4999 0.5001
1435 0.4975 0.5025
1436 0.4975 0.5025
1437 0.5044 0.4956
1438 0.4974 0.5026
1439 0.504 0.496
1440 0.4919 0.5081
1441 0.5079 0.4921
1442 0.4945 0.5055
1443 0.5016 0.4984
1444 0.4994 0.5006
1445 0.5017 0.4983
1446 0.4951 0.5049
1447 0.5003 0.4997
1448 0.4983 0.5017
1449 0.5002 0.4998
1450 0.5015 0.4985
1451 0.5062 0.4938
1452 0.5061 0.4939
1453 0.4996 0.5004
1454 0.5012 0.4988
1455 0.4982 0.5018
1456 0.4975 0.5025
1457 0.4991 0.5009
1458 0.5063 0.4937
1459 0.5046 0.4954
1460 0.4948 0.5052
1461 0.4992 0.5008
1462 0.4963 0.5037
1463 0.5019 0.4981
1464 0.4997 0.5003
1465 0.4995 0.5005
1466 0.497 0.503
1467 0.4978 0.5022
1468 0.4993 0.5007
1469 0.5009 0.4991
1470 0.4935 0.5065
1471 0.5024 0.4976
1472 0.5053 0.4947
1473 0.4936 0.5064
1474 0.5028 0.4972
1475 0.5023 0.4977
1476 0.5015 0.4985
1477 0.4996 0.5004
1478 0.4987 0.5013
1479 0.4986 0.5014
1480 0.5011 0.4989
1481 0.5074 0.4926
1482 0.4949 0.5051
1483 0.5022 0.4978
1484 0.5014 0.4986
1485 0.5034 0.4966
1486 0.503 0.497
1487 0.4994 0.5006
1488 0.4992 0.5008
1489 0.5009 0.4991
1490 0.5085 0.4915
1491 0.4957 0.5043
1492 0.5025 0.4975
1493 0.5004 0.4996
1494 0.4972 0.5028
1495 0.4969 0.5031
1496 0.5034 0.4966
1497 0.4963 0.5037
1498 0.4897 0.5103
1499 0.4933 0.5067
1500 0.4942 0.5058
1501 0.5035 0.4965
1502 0.4996 0.5004
1503 0.4932 0.5068
1504 0.5041 0.4959
1505 0.4929 0.5071
1506 0.4966 0.5034
1507 0.5053 0.4947
1508 0.4977 0.5023
1509 0.5008 0.4992
1510 0.4985 0.5015
1511 0.4971 0.5029
1512 0.4985 0.5015
1513 0.5 0.5
1514 0.4948 0.5052
1515 0.499 0.501
1516 0.4978 0.5022
1517 0.4984 0.5016
1518 0.4919 0.5081
1519 0.4966 0.5034
1520 0.5049 0.4951
1521 0.5091 0.4909
1522 0.4936 0.5064
1523 0.5022 0.4978
1524 0.502 0.498
1525 0.4984 0.5016
1526 0.4981 0.5019
1527 0.5049 0.4951
1528 0.5082 0.4918
1529 0.5026 0.4974
1530 0.491 0.509
1531 0.4991 0.5009
1532 0.5005 0.4995
1533 0.5037 0.4963
1534 0.5016 0.4984
1535 0.5005 0.4995
1536 0.5025 0.4975
1537 0.4977 0.5023
1538 0.5073 0.4927
1539 0.5063 0.4937
1540 0.4996 0.5004
1541 0.4967 0.5033
1542 0.498 0.502
1543 0.5001 0.4999
1544 0.4969 0.5031
1545 0.5005 0.4995
1546 0.5004 0.4996
1547 0.5004 0.4996
1548 0.5022 0.4978
1549 0.5018 0.4982
1550 0.4972 0.5028
1551 0.5016 0.4984
1552 0.5029 0.4971
1553 0.4919 0.5081
1554 0.4961 0.5039
1555 0.5021 0.4979
1556 0.4975 0.5025
1557 0.5001 0.4999
1558 0.4996 0.5004
1559 0.4929 0.5071
1560 0.4988 0.5012
1561 0.4982 0.5018
1562 0.4998 0.5002
1563 0.4988 0.5012
1564 0.4996 0.5004
1565 0.5055 0.4945
1566 0.503 0.497
1567 0.5018 0.4982
1568 0.5008 0.4992
1569 0.4965 0.5035
1570 0.4991 0.5009
1571 0.4978 0.5022
1572 0.4955 0.5045
1573 0.505 0.495
1574 0.5042 0.4958
1575 0.4995 0.5005
1576 0.4959 0.5041
1577 0.4917 0.5083
1578 0.5031 0.4969
1579 0.5011 0.4989
1580 0.4983 0.5017
1581 0.4988 0.5012
1582 0.497 0.503
1583 0.4968 0.5032
1584 0.4986 0.5014
1585 0.5128 0.4872
1586 0.499 0.501
1587 0.4971 0.5029
1588 0.5038 0.4962
1589 0.4958 0.5042
1590 0.495 0.505
1591 0.4965 0.5035
1592 0.4992 0.5008
1593 0.4924 0.5076
1594 0.4965 0.5035
1595 0.502 0.498
1596 0.4961 0.5039
1597 0.4968 0.5032
1598 0.4993 0.5007
1599 0.4973 0.5027
1600 0.4961 0.5039
1601 0.4974 0.5026
1602 0.5003 0.4997
1603 0.5032 0.4968
1604 0.4986 0.5014
1605 0.5043 0.4957
1606 0.5062 0.4938
1607 0.5046 0.4954
1608 0.5023 0.4977
1609 0.499 0.501
1610 0.4951 0.5049
1611 0.5048 0.4952
1612 0.4991 0.5009
1613 0.4972 0.5028
1614 0.4975 0.5025
1615 0.4943 0.5057
1616 0.4985 0.5015
1617 0.499 0.501
1618 0.5004 0.4996
1619 0.5022 0.4978
1620 0.4942 0.5058
1621 0.4954 0.5046
1622 0.5027 0.4973
1623 0.5059 0.4941
1624 0.4895 0.5105
1625 0.5016 0.4984
1626 0.5028 0.4972
1627 0.5033 0.4967
1628 0.4967 0.5033
1629 0.5081 0.4919
1630 0.4916 0.5084
1631 0.4929 0.5071
1632 0.502 0.498
1633 0.4965 0.5035
1634 0.4983 0.5017
1635 0.5005 0.4995
1636 0.5052 0.4948
1637 0.4901 0.5099
1638 0.4936 0.5064
1639 0.5 0.5
1640 0.5051 0.4949
1641 0.4976 0.5024
1642 0.4925 0.5075
1643 0.5013 0.4987
1644 0.5065 0.4935
1645 0.5006 0.4994
1646 0.4987 0.5013
1647 0.4974 0.5026
1648 0.4927 0.5073
1649 0.5032 0.4968
1650 0.5007 0.4993
1651 0.5074 0.4926
1652 0.5014 0.4986
1653 0.4991 0.5009
1654 0.5078 0.4922
1655 0.5023 0.4977
1656 0.5035 0.4965
1657 0.4974 0.5026
1658 0.4942 0.5058
1659 0.5029 0.4971
1660 0.4914 0.5086
1661 0.5012 0.4988
1662 0.5018 0.4982
1663 0.4936 0.5064
1664 0.4986 0.5014
1665 0.5043 0.4957
1666 0.5008 0.4992
1667 0.4999 0.5001
1668 0.4914 0.5086
1669 0.4996 0.5004
1670 0.4952 0.5048
1671 0.5063 0.4937
1672 0.502 0.498
1673 0.504 0.496
1674 0.5005 0.4995
1675 0.4987 0.5013
1676 0.4979 0.5021
1677 0.5005 0.4995
1678 0.4976 0.5024
1679 0.4996 0.5004
1680 0.4975 0.5025
1681 0.5011 0.4989
1682 0.5082 0.4918
1683 0.5008 0.4992
1684 0.5071 0.4929
1685 0.5048 0.4952
1686 0.4968 0.5032
1687 0.4977 0.5023
1688 0.4979 0.5021
1689 0.5002 0.4998
1690 0.497 0.503
1691 0.5023 0.4977
1692 0.4991 0.5009
1693 0.5043 0.4957
1694 0.4942 0.5058
1695 0.4983 0.5017
1696 0.5049 0.4951
1697 0.5031 0.4969
1698 0.512 0.488
1699 0.5055 0.4945
1700 0.5067 0.4933
1701 0.5032 0.4968
1702 0.5003 0.4997
1703 0.4938 0.5062
1704 0.4957 0.5043
1705 0.4956 0.5044
1706 0.4978 0.5022
1707 0.5002 0.4998
1708 0.4937 0.5063
1709 0.4955 0.5045
1710 0.507 0.493
1711 0.5027 0.4973
1712 0.4984 0.5016
1713 0.5026 0.4974
1714 0.4998 0.5002
1715 0.5076 0.4924
1716 0.5016 0.4984
1717 0.4956 0.5044
1718 0.4947 0.5053
1719 0.4992 0.5008
1720 0.4954 0.5046
1721 0.4989 0.5011
1722 0.4982 0.5018
1723 0.4994 0.5006
1724 0.5009 0.4991
1725 0.4999 0.5001
1726 0.5053 0.4947
1727 0.494 0.506
1728 0.5094 0.4906
1729 0.4976 0.5024
1730 0.5025 0.4975
1731 0.5056 0.4944
1732 0.4992 0.5008
1733 0.4999 0.5001
1734 0.5041 0.4959
1735 0.5031 0.4969
1736 0.4955 0.5045
1737 0.5 0.5
1738 0.5048 0.4952
1739 0.4933 0.5067
1740 0.5023 0.4977
1741 0.5 0.5
1742 0.4973 0.5027
1743 0.4987 0.5013
1744 0.4934 0.5066
1745 0.5058 0.4942
1746 0.5013 0.4987
1747 0.4944 0.5056
1748 0.4944 0.5056
1749 0.4983 0.5017
1750 0.5023 0.4977
1751 0.4997 0.5003
1752 0.4924 0.5076
1753 0.4966 0.5034
1754 0.5029 0.4971
1755 0.51 0.49
1756 0.5016 0.4984
1757 0.4955 0.5045
1758 0.505 0.495
1759 0.5038 0.4962
1760 0.5054 0.4946
1761 0.5004 0.4996
1762 0.4931 0.5069
1763 0.4998 0.5002
1764 0.4974 0.5026
1765 0.4913 0.5087
1766 0.4997 0.5003
1767 0.5012 0.4988
1768 0.5062 0.4938
1769 0.5079 0.4921
1770 0.4964 0.5036
1771 0.5002 0.4998
1772 0.5025 0.4975
1773 0.5017 0.4983
1774 0.4988 0.5012
1775 0.497 0.503
1776 0.4943 0.5057
1777 0.5047 0.4953
1778 0.4989 0.5011
1779 0.5049 0.4951
1780 0.4979 0.5021
1781 0.4924 0.5076
1782 0.5003 0.4997
1783 0.5 0.5
1784 0.5015 0.4985
1785 0.5013 0.4987
1786 0.5046 0.4954
1787 0.5015 0.4985
1788 0.5026 0.4974
1789 0.5004 0.4996
1790 0.5001 0.4999
1791 0.4981 0.5019
1792 0.5 0.5
1793 0.503 0.497
1794 0.4968 0.5032
1795 0.5003 0.4997
1796 0.5008 0.4992
1797 0.5028 0.4972
1798 0.5031 0.4969
1799 0.4963 0.5037
1800 0.4987 0.5013
1801 0.507 0.493
1802 0.5023 0.4977
1803 0.4997 0.5003
1804 0.5036 0.4964
1805 0.4982 0.5018
1806 0.4992 0.5008
1807 0.5033 0.4967
1808 0.4942 0.5058
1809 0.4934 0.5066
1810 0.4981 0.5019
1811 0.5065 0.4935
1812 0.5088 0.4912
1813 0.5016 0.4984
1814 0.5028 0.4972
1815 0.4957 0.5043
1816 0.4942 0.5058
1817 0.5051 0.4949
1818 0.5007 0.4993
1819 0.4938 0.5062
1820 0.4991 0.5009
1821 0.4944 0.5056
1822 0.4848 0.5152
1823 0.4962 0.5038
1824 0.5049 0.4951
1825 0.4993 0.5007
1826 0.4935 0.5065
1827 0.5113 0.4887
1828 0.508 0.492
1829 0.4961 0.5039
1830 0.5038 0.4962
1831 0.5002 0.4998
1832 0.5056 0.4944
1833 0.5001 0.4999
1834 0.4977 0.5023
1835 0.5005 0.4995
1836 0.4992 0.5008
1837 0.4935 0.5065
1838 0.4991 0.5009
1839 0.4953 0.5047
1840 0.5089 0.4911
1841 0.5007 0.4993
1842 0.4998 0.5002
1843 0.5007 0.4993
1844 0.5028 0.4972
1845 0.5032 0.4968
1846 0.4912 0.5088
1847 0.5031 0.4969
1848 0.4948 0.5052
1849 0.4997 0.5003
1850 0.5008 0.4992
1851 0.4999 0.5001
1852 0.4965 0.5035
1853 0.5035 0.4965
1854 0.4938 0.5062
1855 0.5021 0.4979
1856 0.5014 0.4986
1857 0.4895 0.5105
1858 0.4922 0.5078
1859 0.5027 0.4973
1860 0.496 0.504
1861 0.5016 0.4984
1862 0.5016 0.4984
1863 0.4915 0.5085
1864 0.4961 0.5039
1865 0.4978 0.5022
1866 0.5022 0.4978
1867 0.5005 0.4995
1868 0.4998 0.5002
1869 0.4913 0.5087
1870 0.5043 0.4957
1871 0.5034 0.4966
1872 0.5009 0.4991
1873 0.4956 0.5044
1874 0.4995 0.5005
1875 0.4969 0.5031
1876 0.5021 0.4979
1877 0.5066 0.4934
1878 0.5001 0.4999
1879 0.4967 0.5033
1880 0.4969 0.5031
1881 0.5011 0.4989
1882 0.5018 0.4982
1883 0.4955 0.5045
1884 0.4961 0.5039
1885 0.4966 0.5034
1886 0.4973 0.5027
1887 0.4941 0.5059
1888 0.4972 0.5028
1889 0.4932 0.5068
1890 0.4886 0.5114
1891 0.5104 0.4896
1892 0.5016 0.4984
1893 0.499 0.501
1894 0.4934 0.5066
1895 0.5013 0.4987
1896 0.4986 0.5014
1897 0.5031 0.4969
1898 0.5039 0.4961
1899 0.4994 0.5006
1900 0.5041 0.4959
1901 0.4966 0.5034
1902 0.4981 0.5019
1903 0.4962 0.5038
1904 0.4911 0.5089
1905 0.5015 0.4985
1906 0.4976 0.5024
1907 0.506 0.494
1908 0.5021 0.4979
1909 0.5028 0.4972
1910 0.494 0.506
1911 0.4986 0.5014
1912 0.5017 0.4983
1913 0.4931 0.5069
1914 0.505 0.495
1915 0.5034 0.4966
1916 0.5027 0.4973
1917 0.4914 0.5086
1918 0.4926 0.5074
1919 0.4959 0.5041
1920 0.5063 0.4937
1921 0.4971 0.5029
1922 0.5014 0.4986
1923 0.5009 0.4991
1924 0.5059 0.4941
1925 0.5005 0.4995
1926 0.5019 0.4981
1927 0.4953 0.5047
1928 0.4977 0.5023
1929 0.4989 0.5011
1930 0.4927 0.5073
1931 0.5002 0.4998
1932 0.4989 0.5011
1933 0.5039 0.4961
1934 0.4999 0.5001
1935 0.493 0.507
1936 0.4987 0.5013
1937 0.4935 0.5065
1938 0.5047 0.4953
1939 0.498 0.502
1940 0.4931 0.5069
1941 0.5037 0.4963
1942 0.5052 0.4948
1943 0.4977 0.5023
1944 0.5016 0.4984
1945 0.5052 0.4948
1946 0.4986 0.5014
1947 0.5 0.5
1948 0.4995 0.5005
1949 0.5054 0.4946
1950 0.5014 0.4986
1951 0.5012 0.4988
1952 0.4943 0.5057
1953 0.4983 0.5017
1954 0.5065 0.4935
1955 0.4923 0.5077
1956 0.5028 0.4972
1957 0.5001 0.4999
1958 0.4998 0.5002
1959 0.4985 0.5015
1960 0.5006 0.4994
1961 0.4967 0.5033
1962 0.5039 0.4961
1963 0.5004 0.4996
1964 0.5007 0.4993
1965 0.4952 0.5048
1966 0.4965 0.5035
1967 0.4988 0.5012
1968 0.4967 0.5033
1969 0.4973 0.5027
1970 0.491 0.509
1971 0.5001 0.4999
1972 0.5007 0.4993
1973 0.5042 0.4958
1974 0.4997 0.5003
1975 0.4998 0.5002
1976 0.4992 0.5008
1977 0.4959 0.5041
1978 0.4922 0.5078
1979 0.5089 0.4911
1980 0.4932 0.5068
1981 0.4937 0.5063
1982 0.497 0.503
1983 0.5031 0.4969
1984 0.5046 0.4954
1985 0.5051 0.4949
1986 0.5012 0.4988
1987 0.5048 0.4952
1988 0.4997 0.5003
1989 0.4947 0.5053
1990 0.4939 0.5061
1991 0.4987 0.5013
1992 0.5037 0.4963
1993 0.5003 0.4997
1994 0.5022 0.4978
1995 0.4992 0.5008
1996 0.5018 0.4982
1997 0.5003 0.4997
1998 0.494 0.506
1999 0.4855 0.5145
2000 0.5011 0.4989
2001 0.4994 0.5006
2002 0.5045 0.4955
2003 0.5006 0.4994
2004 0.5002 0.4998
2005 0.5042 0.4958
2006 0.4973 0.5027
2007 0.5019 0.4981
2008 0.5013 0.4987
2009 0.4961 0.5039
2010 0.4965 0.5035
2011 0.5007 0.4993
2012 0.4992 0.5008
2013 0.4995 0.5005
2014 0.4984 0.5016
2015 0.5015 0.4985
2016 0.4996 0.5004
2017 0.4981 0.5019
2018 0.5054 0.4946
2019 0.4981 0.5019
2020 0.5027 0.4973
2021 0.5048 0.4952
2022 0.4938 0.5062
2023 0.5042 0.4958
2024 0.4976 0.5024
2025 0.5029 0.4971
2026 0.4979 0.5021
2027 0.4986 0.5014
2028 0.4956 0.5044
2029 0.4893 0.5107
2030 0.5019 0.4981
2031 0.4931 0.5069
2032 0.5025 0.4975
2033 0.496 0.504
2034 0.5024 0.4976
2035 0.4999 0.5001
2036 0.4995 0.5005
2037 0.4993 0.5007
2038 0.5026 0.4974
2039 0.4933 0.5067
2040 0.4997 0.5003
2041 0.5078 0.4922
2042 0.5028 0.4972
2043 0.4944 0.5056
2044 0.496 0.504
2045 0.5001 0.4999
2046 0.502 0.498
2047 0.4976 0.5024
2048 0.495 0.505
2049 0.5004 0.4996
2050 0.4964 0.5036
2051 0.4978 0.5022
2052 0.5017 0.4983
2053 0.4951 0.5049
2054 0.5006 0.4994
2055 0.4953 0.5047
2056 0.5057 0.4943
2057 0.4976 0.5024
2058 0.4983 0.5017
2059 0.5 0.5
2060 0.4982 0.5018
2061 0.5011 0.4989
2062 0.5022 0.4978
2063 0.4924 0.5076
2064 0.5074 0.4926
2065 0.5 0.5
2066 0.4971 0.5029
2067 0.5044 0.4956
2068 0.4942 0.5058
2069 0.502 0.498
2070 0.4929 0.5071
2071 0.4995 0.5005
2072 0.5068 0.4932
2073 0.5024 0.4976
2074 0.5015 0.4985
2075 0.4997 0.5003
2076 0.4961 0.5039
2077 0.5042 0.4958
2078 0.5041 0.4959
2079 0.5047 0.4953
2080 0.4922 0.5078
2081 0.5013 0.4987
2082 0.4979 0.5021
2083 0.5061 0.4939
2084 0.5003 0.4997
2085 0.5015 0.4985
2086 0.4922 0.5078
2087 0.5044 0.4956
2088 0.4976 0.5024
2089 0.5015 0.4985
2090 0.5025 0.4975
2091 0.4966 0.5034
2092 0.4989 0.5011
2093 0.5003 0.4997
2094 0.5002 0.4998
2095 0.5013 0.4987
2096 0.4966 0.5034
2097 0.5002 0.4998
2098 0.4923 0.5077
2099 0.5048 0.4952
2100 0.5024 0.4976
2101 0.4994 0.5006
2102 0.4989 0.5011
2103 0.5006 0.4994
2104 0.4935 0.5065
2105 0.497 0.503
2106 0.4982 0.5018
2107 0.4919 0.5081
2108 0.497 0.503
2109 0.503 0.497
2110 0.4913 0.5087
2111 0.5037 0.4963
2112 0.5027 0.4973
2113 0.5025 0.4975
2114 0.495 0.505
2115 0.5054 0.4946
2116 0.4992 0.5008
2117 0.5049 0.4951
2118 0.4978 0.5022
2119 0.5021 0.4979
2120 0.5033 0.4967
2121 0.4994 0.5006
2122 0.508 0.492
2123 0.4973 0.5027
2124 0.4978 0.5022
2125 0.492 0.508
2126 0.4911 0.5089
2127 0.505 0.495
2128 0.5016 0.4984
2129 0.4986 0.5014
2130 0.4996 0.5004
2131 0.5053 0.4947
2132 0.5016 0.4984
2133 0.496 0.504
2134 0.5061 0.4939
2135 0.5012 0.4988
2136 0.4994 0.5006
2137 0.4976 0.5024
2138 0.4993 0.5007
2139 0.4943 0.5057
2140 0.5009 0.4991
2141 0.498 0.502
2142 0.5034 0.4966
2143 0.4997 0.5003
2144 0.4963 0.5037
2145 0.4977 0.5023
2146 0.5009 0.4991
2147 0.5007 0.4993
2148 0.4978 0.5022
2149 0.4951 0.5049
2150 0.4931 0.5069
2151 0.5047 0.4953
2152 0.5 0.5
2153 0.502 0.498
2154 0.4961 0.5039
2155 0.4998 0.5002
2156 0.4993 0.5007
2157 0.4952 0.5048
2158 0.501 0.499
2159 0.5013 0.4987
2160 0.4948 0.5052
2161 0.4989 0.5011
2162 0.4969 0.5031
2163 0.5033 0.4967
2164 0.5005 0.4995
2165 0.4943 0.5057
2166 0.4965 0.5035
2167 0.5033 0.4967
2168 0.4934 0.5066
2169 0.4985 0.5015
2170 0.5045 0.4955
2171 0.4977 0.5023
2172 0.4955 0.5045
2173 0.4961 0.5039
2174 0.5023 0.4977
2175 0.4998 0.5002
2176 0.4944 0.5056
2177 0.5004 0.4996
2178 0.5007 0.4993
2179 0.5051 0.4949
2180 0.4988 0.5012
2181 0.502 0.498
2182 0.5 0.5
2183 0.4981 0.5019
2184 0.4986 0.5014
2185 0.5032 0.4968
2186 0.4934 0.5066
2187 0.498 0.502
2188 0.5 0.5
2189 0.501 0.499
2190 0.5 0.5
2191 0.498 0.502
2192 0.491 0.509
2193 0.4961 0.5039
2194 0.4981 0.5019
2195 0.4974 0.5026
2196 0.4966 0.5034
2197 0.5013 0.4987
2198 0.4944 0.5056
2199 0.4972 0.5028
2200 0.4975 0.5025
2201 0.4917 0.5083
2202 0.5045 0.4955
2203 0.4909 0.5091
2204 0.4965 0.5035
2205 0.4872 0.5128
2206 0.4996 0.5004
2207 0.4972 0.5028
2208 0.4987 0.5013
2209 0.501 0.499
2210 0.5022 0.4978
2211 0.5004 0.4996
2212 0.4988 0.5012
2213 0.4973 0.5027
2214 0.4989 0.5011
2215 0.5024 0.4976
2216 0.4897 0.5103
2217 0.4927 0.5073
2218 0.4972 0.5028
2219 0.4956 0.5044
2220 0.497 0.503
2221 0.4927 0.5073
2222 0.5023 0.4977
2223 0.4988 0.5012
2224 0.4982 0.5018
2225 0.4994 0.5006
2226 0.4989 0.5011
2227 0.4959 0.5041
2228 0.499 0.501
2229 0.4925 0.5075
2230 0.4972 0.5028
2231 0.5005 0.4995
2232 0.4967 0.5033
2233 0.4922 0.5078
2234 0.4977 0.5023
2235 0.4941 0.5059
2236 0.499 0.501
2237 0.4955 0.5045
2238 0.5006 0.4994
2239 0.4996 0.5004
2240 0.4956 0.5044
2241 0.497 0.503
2242 0.5022 0.4978
2243 0.5007 0.4993
2244 0.4993 0.5007
2245 0.4995 0.5005
2246 0.4993 0.5007
2247 0.5052 0.4948
2248 0.4936 0.5064
2249 0.4965 0.5035
2250 0.494 0.506
2251 0.4961 0.5039
2252 0.4984 0.5016
2253 0.5021 0.4979
2254 0.4957 0.5043
2255 0.5014 0.4986
2256 0.4965 0.5035
2257 0.4942 0.5058
2258 0.494 0.506
2259 0.4975 0.5025
2260 0.4879 0.5121
2261 0.4981 0.5019
2262 0.4995 0.5005
2263 0.4957 0.5043
2264 0.499 0.501
2265 0.497 0.503
2266 0.4954 0.5046
2267 0.4987 0.5013
2268 0.4936 0.5064
2269 0.4942 0.5058
2270 0.4994 0.5006
2271 0.4933 0.5067
2272 0.4987 0.5013
2273 0.4957 0.5043
2274 0.4997 0.5003
2275 0.4944 0.5056
2276 0.4918 0.5082
2277 0.4996 0.5004
2278 0.5013 0.4987
2279 0.5023 0.4977
2280 0.4952 0.5048
2281 0.4881 0.5119
2282 0.4983 0.5017
2283 0.5018 0.4982
2284 0.4996 0.5004
2285 0.5024 0.4976
2286 0.4968 0.5032
2287 0.4997 0.5003
2288 0.5025 0.4975
2289 0.4911 0.5089
2290 0.5033 0.4967
2291 0.4933 0.5067
2292 0.4963 0.5037
2293 0.4985 0.5015
2294 0.5008 0.4992
2295 0.5019 0.4981
2296 0.5009 0.4991
2297 0.4963 0.5037
2298 0.4978 0.5022
2299 0.5045 0.4955
2300 0.5002 0.4998
2301 0.4967 0.5033
2302 0.5018 0.4982
2303 0.4995 0.5005
2304 0.4964 0.5036
2305 0.4919 0.5081
2306 0.4976 0.5024
2307 0.4996 0.5004
2308 0.4935 0.5065
2309 0.4961 0.5039
2310 0.4955 0.5045
2311 0.492 0.508
2312 0.4936 0.5064
2313 0.4958 0.5042
2314 0.4906 0.5094
2315 0.4922 0.5078
2316 0.5073 0.4927
2317 0.4977 0.5023
2318 0.499 0.501
2319 0.4917 0.5083
2320 0.4938 0.5062
2321 0.5038 0.4962
2322 0.4987 0.5013
2323 0.5012 0.4988
2324 0.4961 0.5039
2325 0.5001 0.4999
2326 0.5033 0.4967
2327 0.4945 0.5055
2328 0.4988 0.5012
2329 0.495 0.505
2330 0.5003 0.4997
2331 0.491 0.509
2332 0.4942 0.5058
2333 0.501 0.499
2334 0.4956 0.5044
2335 0.5094 0.4906
2336 0.4952 0.5048
2337 0.495 0.505
2338 0.4984 0.5016
2339 0.4947 0.5053
2340 0.4982 0.5018
2341 0.5006 0.4994
2342 0.4971 0.5029
2343 0.4985 0.5015
2344 0.4955 0.5045
2345 0.5042 0.4958
2346 0.4996 0.5004
2347 0.5006 0.4994
2348 0.4989 0.5011
2349 0.495 0.505
2350 0.4896 0.5104
2351 0.5007 0.4993
2352 0.5002 0.4998
2353 0.5005 0.4995
2354 0.4956 0.5044
2355 0.4968 0.5032
2356 0.493 0.507
2357 0.4912 0.5088
2358 0.4956 0.5044
2359 0.493 0.507
2360 0.4964 0.5036
2361 0.4965 0.5035
2362 0.5032 0.4968
2363 0.4983 0.5017
2364 0.5002 0.4998
2365 0.4988 0.5012
2366 0.5056 0.4944
2367 0.4984 0.5016
2368 0.4968 0.5032
2369 0.4936 0.5064
2370 0.4901 0.5099
2371 0.4962 0.5038
2372 0.5007 0.4993
2373 0.5012 0.4988
2374 0.4963 0.5037
2375 0.4997 0.5003
2376 0.5 0.5
2377 0.4886 0.5114
2378 0.502 0.498
2379 0.5033 0.4967
2380 0.4944 0.5056
2381 0.4987 0.5013
2382 0.4959 0.5041
2383 0.4873 0.5127
2384 0.5009 0.4991
2385 0.4961 0.5039
2386 0.4944 0.5056
2387 0.4924 0.5076
2388 0.4891 0.5109
2389 0.5049 0.4951
2390 0.4989 0.5011
2391 0.4946 0.5054
2392 0.4968 0.5032
2393 0.4961 0.5039
2394 0.5009 0.4991
2395 0.4962 0.5038
2396 0.4958 0.5042
2397 0.5022 0.4978
2398 0.5079 0.4921
2399 0.4964 0.5036
2400 0.4989 0.5011
2401 0.4923 0.5077
2402 0.4951 0.5049
2403 0.49 0.51
2404 0.494 0.506
2405 0.4955 0.5045
2406 0.4971 0.5029
2407 0.4979 0.5021
2408 0.4945 0.5055
2409 0.4936 0.5064
2410 0.4985 0.5015
2411 0.5064 0.4936
2412 0.5013 0.4987
2413 0.4997 0.5003
2414 0.4941 0.5059
2415 0.4964 0.5036
2416 0.5002 0.4998
2417 0.4988 0.5012
2418 0.4985 0.5015
2419 0.4994 0.5006
2420 0.4969 0.5031
2421 0.4939 0.5061
2422 0.5024 0.4976
2423 0.4926 0.5074
2424 0.4931 0.5069
2425 0.4873 0.5127
2426 0.5092 0.4908
2427 0.495 0.505
2428 0.4997 0.5003
2429 0.4891 0.5109
2430 0.4998 0.5002
2431 0.4946 0.5054
2432 0.4937 0.5063
2433 0.4888 0.5112
2434 0.4986 0.5014
2435 0.4979 0.5021
2436 0.5007 0.4993
2437 0.4956 0.5044
2438 0.4971 0.5029
2439 0.4995 0.5005
2440 0.4994 0.5006
2441 0.4943 0.5057
2442 0.495 0.505
2443 0.5001 0.4999
2444 0.4998 0.5002
2445 0.5005 0.4995
2446 0.5056 0.4944
2447 0.4966 0.5034
2448 0.4985 0.5015
2449 0.4922 0.5078
2450 0.5012 0.4988
2451 0.4946 0.5054
2452 0.5007 0.4993
2453 0.5034 0.4966
2454 0.4957 0.5043
2455 0.5018 0.4982
2456 0.4995 0.5005
2457 0.4989 0.5011
2458 0.5052 0.4948
2459 0.4989 0.5011
2460 0.499 0.501
2461 0.4952 0.5048
2462 0.4945 0.5055
2463 0.492 0.508
2464 0.4968 0.5032
2465 0.4956 0.5044
2466 0.4985 0.5015
2467 0.5047 0.4953
2468 0.493 0.507
2469 0.498 0.502
2470 0.4997 0.5003
2471 0.5002 0.4998
2472 0.5013 0.4987
2473 0.5006 0.4994
2474 0.5018 0.4982
2475 0.4995 0.5005
2476 0.496 0.504
2477 0.4899 0.5101
2478 0.5001 0.4999
2479 0.4958 0.5042
2480 0.4922 0.5078
2481 0.5005 0.4995
2482 0.4923 0.5077
2483 0.4925 0.5075
2484 0.4935 0.5065
2485 0.4876 0.5124
2486 0.4921 0.5079
2487 0.4886 0.5114
2488 0.4931 0.5069
2489 0.4945 0.5055
2490 0.49 0.51
2491 0.4994 0.5006
2492 0.4896 0.5104
2493 0.4982 0.5018
2494 0.4964 0.5036
2495 0.4918 0.5082
2496 0.5003 0.4997
2497 0.5031 0.4969
2498 0.503 0.497
2499 0.5013 0.4987
2500 0.4885 0.5115
2501 0.4919 0.5081
2502 0.4993 0.5007
2503 0.4989 0.5011
2504 0.4971 0.5029
2505 0.4933 0.5067
2506 0.5003 0.4997
2507 0.4944 0.5056
2508 0.4946 0.5054
2509 0.495 0.505
2510 0.5011 0.4989
2511 0.5019 0.4981
2512 0.4999 0.5001
2513 0.5041 0.4959
2514 0.4961 0.5039
2515 0.4927 0.5073
2516 0.4982 0.5018
2517 0.4955 0.5045
2518 0.4956 0.5044
2519 0.5028 0.4972
2520 0.4914 0.5086
2521 0.4973 0.5027
2522 0.5015 0.4985
2523 0.4979 0.5021
2524 0.4998 0.5002
2525 0.4952 0.5048
2526 0.5016 0.4984
2527 0.4998 0.5002
2528 0.5044 0.4956
2529 0.4938 0.5062
2530 0.499 0.501
2531 0.4945 0.5055
2532 0.4968 0.5032
2533 0.496 0.504
2534 0.485 0.515
2535 0.4891 0.5109
2536 0.499 0.501
2537 0.4904 0.5096
2538 0.4948 0.5052
2539 0.4874 0.5126
2540 0.4974 0.5026
2541 0.4916 0.5084
2542 0.492 0.508
2543 0.4991 0.5009
2544 0.4968 0.5032
2545 0.4955 0.5045
2546 0.4976 0.5024
2547 0.4948 0.5052
2548 0.4853 0.5147
2549 0.4945 0.5055
2550 0.5004 0.4996
2551 0.4941 0.5059
2552 0.4863 0.5137
2553 0.502 0.498
2554 0.4893 0.5107
2555 0.495 0.505
2556 0.4931 0.5069
2557 0.4897 0.5103
2558 0.4972 0.5028
2559 0.4899 0.5101
2560 0.4966 0.5034
2561 0.4914 0.5086
2562 0.5006 0.4994
2563 0.4927 0.5073
2564 0.4979 0.5021
2565 0.491 0.509
2566 0.4957 0.5043
2567 0.495 0.505
2568 0.4961 0.5039
2569 0.503 0.497
2570 0.4911 0.5089
2571 0.4935 0.5065
2572 0.49 0.51
2573 0.5026 0.4974
2574 0.488 0.512
2575 0.4915 0.5085
2576 0.4956 0.5044
2577 0.4969 0.5031
2578 0.5058 0.4942
2579 0.4902 0.5098
2580 0.5077 0.4923
2581 0.4985 0.5015
2582 0.4962 0.5038
2583 0.5049 0.4951
2584 0.4881 0.5119
2585 0.4999 0.5001
2586 0.4945 0.5055
2587 0.4951 0.5049
2588 0.4922 0.5078
2589 0.4862 0.5138
2590 0.501 0.499
2591 0.4979 0.5021
2592 0.4967 0.5033
2593 0.4923 0.5077
2594 0.4905 0.5095
2595 0.4996 0.5004
2596 0.5059 0.4941
2597 0.4945 0.5055
2598 0.4988 0.5012
2599 0.4942 0.5058
2600 0.4958 0.5042
2601 0.4927 0.5073
2602 0.496 0.504
2603 0.4911 0.5089
2604 0.4986 0.5014
2605 0.5034 0.4966
2606 0.4966 0.5034
2607 0.4914 0.5086
2608 0.4954 0.5046
2609 0.493 0.507
2610 0.4955 0.5045
2611 0.5019 0.4981
2612 0.4929 0.5071
2613 0.488 0.512
2614 0.4969 0.5031
2615 0.4933 0.5067
2616 0.4968 0.5032
2617 0.4953 0.5047
2618 0.5099 0.4901
2619 0.4914 0.5086
2620 0.5022 0.4978
2621 0.5068 0.4932
2622 0.4964 0.5036
2623 0.4895 0.5105
2624 0.4989 0.5011
2625 0.5012 0.4988
2626 0.4896 0.5104
2627 0.4939 0.5061
2628 0.496 0.504
2629 0.4912 0.5088
2630 0.4937 0.5063
2631 0.4972 0.5028
2632 0.4946 0.5054
2633 0.5045 0.4955
2634 0.4968 0.5032
2635 0.498 0.502
2636 0.5057 0.4943
2637 0.504 0.496
2638 0.4911 0.5089
2639 0.4996 0.5004
2640 0.4933 0.5067
2641 0.4962 0.5038
2642 0.4914 0.5086
2643 0.4993 0.5007
2644 0.4995 0.5005
2645 0.4984 0.5016
2646 0.4976 0.5024
2647 0.4958 0.5042
2648 0.4937 0.5063
2649 0.4946 0.5054
2650 0.492 0.508
2651 0.4994 0.5006
2652 0.4923 0.5077
2653 0.4893 0.5107
2654 0.4923 0.5077
2655 0.4995 0.5005
2656 0.4975 0.5025
2657 0.4952 0.5048
2658 0.5027 0.4973
2659 0.4951 0.5049
2660 0.4936 0.5064
2661 0.4907 0.5093
2662 0.4905 0.5095
2663 0.4912 0.5088
2664 0.5032 0.4968
2665 0.4994 0.5006
2666 0.4916 0.5084
2667 0.4987 0.5013
2668 0.4964 0.5036
2669 0.4956 0.5044
2670 0.5077 0.4923
2671 0.5041 0.4959
2672 0.4987 0.5013
2673 0.502 0.498
2674 0.4973 0.5027
2675 0.493 0.507
2676 0.4891 0.5109
2677 0.4975 0.5025
2678 0.4912 0.5088
2679 0.4925 0.5075
2680 0.5012 0.4988
2681 0.5021 0.4979
2682 0.499 0.501
2683 0.4948 0.5052
2684 0.4865 0.5135
2685 0.4845 0.5155
2686 0.4871 0.5129
2687 0.493 0.507
2688 0.4863 0.5137
2689 0.4936 0.5064
2690 0.4809 0.5191
2691 0.5027 0.4973
2692 0.5043 0.4957
2693 0.4916 0.5084
2694 0.4954 0.5046
2695 0.4901 0.5099
2696 0.4945 0.5055
2697 0.4896 0.5104
2698 0.5011 0.4989
2699 0.4883 0.5117
2700 0.4978 0.5022
2701 0.5008 0.4992
2702 0.4986 0.5014
2703 0.4992 0.5008
2704 0.5013 0.4987
2705 0.5071 0.4929
2706 0.4864 0.5136
2707 0.4944 0.5056
2708 0.5051 0.4949
2709 0.4965 0.5035
2710 0.4988 0.5012
2711 0.4966 0.5034
2712 0.4996 0.5004
2713 0.5012 0.4988
2714 0.4952 0.5048
2715 0.4899 0.5101
2716 0.4987 0.5013
2717 0.489 0.511
2718 0.494 0.506
2719 0.508 0.492
2720 0.4885 0.5115
2721 0.4988 0.5012
2722 0.4911 0.5089
2723 0.4893 0.5107
2724 0.4948 0.5052
2725 0.4934 0.5066
2726 0.4951 0.5049
2727 0.5049 0.4951
2728 0.5036 0.4964
2729 0.4885 0.5115
2730 0.4934 0.5066
2731 0.4875 0.5125
2732 0.4977 0.5023
2733 0.494 0.506
2734 0.4938 0.5062
2735 0.4873 0.5127
2736 0.4944 0.5056
2737 0.5014 0.4986
2738 0.4949 0.5051
2739 0.4964 0.5036
2740 0.4938 0.5062
2741 0.5038 0.4962
2742 0.4945 0.5055
2743 0.5046 0.4954
2744 0.4958 0.5042
2745 0.4972 0.5028
2746 0.5059 0.4941
2747 0.4939 0.5061
2748 0.5013 0.4987
2749 0.4913 0.5087
2750 0.4987 0.5013
2751 0.4988 0.5012
2752 0.5071 0.4929
2753 0.4897 0.5103
2754 0.4984 0.5016
2755 0.4983 0.5017
2756 0.4973 0.5027
2757 0.4944 0.5056
2758 0.4922 0.5078
2759 0.4939 0.5061
2760 0.497 0.503
2761 0.4838 0.5162
2762 0.4938 0.5062
2763 0.4961 0.5039
2764 0.486 0.514
2765 0.5082 0.4918
2766 0.4872 0.5128
2767 0.5036 0.4964
2768 0.5013 0.4987
2769 0.4839 0.5161
2770 0.4912 0.5088
2771 0.51 0.49
2772 0.5093 0.4907
2773 0.4856 0.5144
2774 0.4993 0.5007
2775 0.4944 0.5056
2776 0.4831 0.5169
2777 0.5023 0.4977
2778 0.4987 0.5013
2779 0.4953 0.5047
2780 0.4966 0.5034
2781 0.4862 0.5138
2782 0.498 0.502
2783 0.4959 0.5041
2784 0.4984 0.5016
2785 0.4813 0.5187
2786 0.4864 0.5136
2787 0.4898 0.5102
2788 0.4811 0.5189
2789 0.496 0.504
2790 0.5006 0.4994
2791 0.4972 0.5028
2792 0.4849 0.5151
2793 0.4887 0.5113
2794 0.5101 0.4899
2795 0.5007 0.4993
2796 0.5011 0.4989
2797 0.485 0.515
2798 0.4984 0.5016
2799 0.4953 0.5047
2800 0.5026 0.4974
2801 0.5016 0.4984
2802 0.4857 0.5143
2803 0.5011 0.4989
2804 0.4926 0.5074
2805 0.4907 0.5093
2806 0.4915 0.5085
2807 0.4933 0.5067
2808 0.5027 0.4973
2809 0.4967 0.5033
2810 0.485 0.515
2811 0.5079 0.4921
2812 0.4998 0.5002
2813 0.5004 0.4996
2814 0.4946 0.5054
2815 0.4847 0.5153
2816 0.4975 0.5025
2817 0.4962 0.5038
2818 0.4856 0.5144
2819 0.5013 0.4987
2820 0.494 0.506
2821 0.4944 0.5056
2822 0.4863 0.5137
2823 0.4763 0.5237
2824 0.4893 0.5107
2825 0.5001 0.4999
2826 0.4831 0.5169
2827 0.4968 0.5032
2828 0.4944 0.5056
2829 0.4942 0.5058
2830 0.4685 0.5315
2831 0.4913 0.5087
2832 0.5077 0.4923
2833 0.4982 0.5018
2834 0.4897 0.5103
2835 0.4977 0.5023
2836 0.4998 0.5002
2837 0.4871 0.5129
2838 0.4939 0.5061
2839 0.4953 0.5047
2840 0.5089 0.4911
2841 0.4918 0.5082
2842 0.4894 0.5106
2843 0.4908 0.5092
2844 0.4817 0.5183
2845 0.4975 0.5025
2846 0.4987 0.5013
2847 0.5019 0.4981
2848 0.4978 0.5022
2849 0.499 0.501
2850 0.4918 0.5082
2851 0.4943 0.5057
2852 0.5047 0.4953
2853 0.4973 0.5027
2854 0.4919 0.5081
2855 0.5009 0.4991
2856 0.491 0.509
2857 0.4813 0.5187
2858 0.4826 0.5174
2859 0.4886 0.5114
2860 0.4978 0.5022
2861 0.5019 0.4981
2862 0.5045 0.4955
2863 0.522 0.478
2864 0.4935 0.5065
2865 0.4937 0.5063
2866 0.5088 0.4912
2867 0.4909 0.5091
2868 0.4939 0.5061
2869 0.4812 0.5188
2870 0.4926 0.5074
2871 0.503 0.497
2872 0.4965 0.5035
2873 0.4919 0.5081
2874 0.5232 0.4768
2875 0.4886 0.5114
2876 0.5025 0.4975
2877 0.4901 0.5099
2878 0.4897 0.5103
2879 0.5092 0.4908
2880 0.4995 0.5005
2881 0.4969 0.5031
2882 0.494 0.506
2883 0.4827 0.5173
2884 0.4966 0.5034
2885 0.4992 0.5008
2886 0.5081 0.4919
2887 0.499 0.501
2888 0.4955 0.5045
2889 0.493 0.507
2890 0.4904 0.5096
2891 0.4931 0.5069
2892 0.487 0.513
2893 0.491 0.509
2894 0.4918 0.5082
2895 0.4858 0.5142
2896 0.4929 0.5071
2897 0.4837 0.5163
2898 0.486 0.514
2899 0.5045 0.4955
2900 0.4919 0.5081
2901 0.5047 0.4953
2902 0.4829 0.5171
2903 0.4848 0.5152
2904 0.4905 0.5095
2905 0.484 0.516
2906 0.4921 0.5079
2907 0.4996 0.5004
2908 0.4909 0.5091
2909 0.4966 0.5034
2910 0.5043 0.4957
2911 0.4764 0.5236
2912 0.4769 0.5231
2913 0.5159 0.4841
2914 0.4928 0.5072
2915 0.4923 0.5077
2916 0.492 0.508
2917 0.492 0.508
2918 0.5004 0.4996
2919 0.4851 0.5149
2920 0.4814 0.5186
2921 0.4906 0.5094
2922 0.482 0.518
2923 0.4813 0.5187
2924 0.4913 0.5087
2925 0.5074 0.4926
2926 0.4945 0.5055
2927 0.4873 0.5127
2928 0.4753 0.5247
2929 0.4914 0.5086
2930 0.4868 0.5132
2931 0.5007 0.4993
2932 0.5013 0.4987
2933 0.4921 0.5079
2934 0.4866 0.5134
2935 0.5028 0.4972
2936 0.4965 0.5035
2937 0.4775 0.5225
2938 0.475 0.525
2939 0.4944 0.5056
2940 0.5117 0.4883
2941 0.4831 0.5169
2942 0.5082 0.4918
2943 0.4903 0.5097
2944 0.5064 0.4936
2945 0.4957 0.5043
2946 0.4792 0.5208
2947 0.5142 0.4858
2948 0.493 0.507
2949 0.4902 0.5098
2950 0.4866 0.5134
2951 0.4837 0.5163
2952 0.4873 0.5127
2953 0.4967 0.5033
2954 0.4957 0.5043
2955 0.4765 0.5235
2956 0.4979 0.5021
2957 0.4844 0.5156
2958 0.4835 0.5165
2959 0.4929 0.5071
2960 0.4949 0.5051
2961 0.4906 0.5094
2962 0.4806 0.5194
2963 0.5022 0.4978
2964 0.4913 0.5087
2965 0.5008 0.4992
2966 0.4902 0.5098
2967 0.4959 0.5041
2968 0.4946 0.5054
2969 0.4721 0.5279
2970 0.5022 0.4978
2971 0.4935 0.5065
2972 0.4878 0.5122
2973 0.4994 0.5006
2974 0.4931 0.5069
2975 0.4761 0.5239
2976 0.5106 0.4894
2977 0.504 0.496
2978 0.4922 0.5078
2979 0.4661 0.5339
2980 0.4731 0.5269
2981 0.4994 0.5006
2982 0.5052 0.4948
2983 0.5009 0.4991
2984 0.4875 0.5125
2985 0.4692 0.5308
2986 0.4876 0.5124
2987 0.502 0.498
2988 0.4796 0.5204
2989 0.4699 0.5301
2990 0.5003 0.4997
2991 0.4864 0.5136
2992 0.5086 0.4914
2993 0.491 0.509
2994 0.465 0.535
2995 0.482 0.518
2996 0.4924 0.5076
2997 0.5003 0.4997
2998 0.5076 0.4924
2999 0.4767 0.5233
3000 0.499 0.501
3001 0.5003 0.4997
3002 0.4943 0.5057
3003 0.4828 0.5172
3004 0.511 0.489
3005 0.4882 0.5118
3006 0.4954 0.5046
3007 0.4814 0.5186
3008 0.5168 0.4832
3009 0.4819 0.5181
3010 0.5273 0.4727
3011 0.4785 0.5215
3012 0.5008 0.4992
3013 0.4958 0.5042
3014 0.495 0.505
3015 0.5196 0.4804
3016 0.4976 0.5024
3017 0.5052 0.4948
3018 0.4917 0.5083
3019 0.4978 0.5022
3020 0.4699 0.5301
3021 0.4679 0.5321
3022 0.4967 0.5033
3023 0.5056 0.4944
3024 0.4879 0.5121
3025 0.5102 0.4898
3026 0.488 0.512
3027 0.5 0.5
3028 0.4927 0.5073
3029 0.5095 0.4905
3030 0.4983 0.5017
3031 0.4761 0.5239
3032 0.5076 0.4924
3033 0.5156 0.4844
3034 0.5052 0.4948
3035 0.479 0.521
3036 0.4886 0.5114
3037 0.4995 0.5005
3038 0.4953 0.5047
3039 0.4831 0.5169
3040 0.4982 0.5018
3041 0.5005 0.4995
3042 0.468 0.532
3043 0.4976 0.5024
3044 0.4888 0.5112
3045 0.509 0.491
3046 0.4964 0.5036
3047 0.468 0.532
3048 0.4939 0.5061
3049 0.49 0.51
3050 0.4977 0.5023
3051 0.4818 0.5182
3052 0.4969 0.5031
3053 0.4913 0.5087
3054 0.499 0.501
3055 0.4995 0.5005
3056 0.4749 0.5251
3057 0.4868 0.5132
3058 0.5127 0.4873
3059 0.5 0.5
3060 0.4851 0.5149
3061 0.4889 0.5111
3062 0.5162 0.4838
3063 0.5016 0.4984
3064 0.4654 0.5346
3065 0.485 0.515
3066 0.4861 0.5139
3067 0.5093 0.4907
3068 0.4942 0.5058
3069 0.4836 0.5164
3070 0.4746 0.5254
3071 0.4891 0.5109
3072 0.4821 0.5179
3073 0.4787 0.5213
3074 0.496 0.504
3075 0.5193 0.4807
3076 0.5019 0.4981
3077 0.4749 0.5251
3078 0.4944 0.5056
3079 0.4728 0.5272
3080 0.4571 0.5429
3081 0.4919 0.5081
3082 0.5302 0.4698
3083 0.5176 0.4824
3084 0.4923 0.5077
3085 0.4875 0.5125
3086 0.496 0.504
3087 0.4447 0.5553
3088 0.4818 0.5182
3089 0.4993 0.5007
3090 0.5014 0.4986
3091 0.5247 0.4753
3092 0.5181 0.4819
3093 0.5039 0.4961
3094 0.4624 0.5376
3095 0.4417 0.5583
3096 0.4586 0.5414
3097 0.4628 0.5372
3098 0.5044 0.4956
3099 0.4835 0.5165
3100 0.4758 0.5242
3101 0.5007 0.4993
3102 0.4815 0.5185
3103 0.4822 0.5178
3104 0.4846 0.5154
3105 0.4977 0.5023
3106 0.5023 0.4977
3107 0.4929 0.5071
3108 0.4792 0.5208
3109 0.5156 0.4844
3110 0.453 0.547
3111 0.5089 0.4911
3112 0.5205 0.4795
3113 0.5456 0.4544
3114 0.5298 0.4702
3115 0.481 0.519
3116 0.4811 0.5189
3117 0.4645 0.5355
3118 0.4806 0.5194
3119 0.4734 0.5266
3120 0.4956 0.5044
3121 0.4792 0.5208
3122 0.4822 0.5178
3123 0.4885 0.5115
3124 0.5173 0.4827
3125 0.4847 0.5153
3126 0.4656 0.5344
3127 0.5632 0.4368
3128 0.5051 0.4949
3129 0.5098 0.4902
3130 0.5111 0.4889
3131 0.471 0.529
3132 0.4482 0.5518
3133 0.511 0.489
3134 0.4925 0.5075
3135 0.51 0.49
3136 0.4991 0.5009
3137 0.4933 0.5067
3138 0.5205 0.4795
3139 0.5058 0.4942
3140 0.4767 0.5233
3141 0.4991 0.5009
3142 0.4711 0.5289
3143 0.4796 0.5204
3144 0.471 0.529
3145 0.4598 0.5402
3146 0.4878 0.5122
3147 0.5 0.5
3148 0.4648 0.5352
3149 0.5247 0.4753
3150 0.5087 0.4913
3151 0.505 0.495
3152 0.4715 0.5285
3153 0.4988 0.5012
3154 0.551 0.449
3155 0.4637 0.5363
3156 0.4966 0.5034
3157 0.5 0.5
3158 0.5197 0.4803
3159 0.5269 0.4731
3160 0.4907 0.5093
3161 0.4978 0.5022
3162 0.5235 0.4765
3163 0.5038 0.4962
3164 0.4314 0.5686
3165 0.4946 0.5054
3166 0.4925 0.5075
3167 0.4269 0.5731
3168 0.4803 0.5197
3169 0.4861 0.5139
3170 0.5025 0.4975
3171 0.5385 0.4615
3172 0.507 0.493
3173 0.5147 0.4853
3174 0.4732 0.5268
3175 0.5182 0.4818
3176 0.5199 0.4801
3177 0.4915 0.5085
3178 0.5123 0.4877
3179 0.4494 0.5506
3180 0.5075 0.4925
3181 0.5016 0.4984
3182 0.4565 0.5435
3183 0.4434 0.5566
3184 0.4853 0.5147
3185 0.521 0.479
3186 0.4673 0.5327
3187 0.4927 0.5073
3188 0.425 0.575
3189 0.4727 0.5273
3190 0.4689 0.5311
3191 0.485 0.515
3192 0.4819 0.5181
3193 0.5193 0.4807
3194 0.4877 0.5123
3195 0.4783 0.5217
3196 0.4348 0.5652
3197 0.4895 0.5105
3198 0.4898 0.5102
3199 0.4897 0.5103
3200 0.5142 0.4858
3201 0.49 0.51
3202 0.5161 0.4839
3203 0.5165 0.4835
3204 0.4449 0.5551
3205 0.5299 0.4701
3206 0.5 0.5
3207 0.5654 0.4346
3208 0.5 0.5
3209 0.5018 0.4982
3210 0.4648 0.5352
3211 0.5041 0.4959
3212 0.5508 0.4492
3213 0.5275 0.4725
3214 0.52 0.48
3215 0.5207 0.4793
3216 0.4473 0.5527
3217 0.4689 0.5311
3218 0.4378 0.5622
3219 0.4667 0.5333
3220 0.4598 0.5402
3221 0.5455 0.4545
3222 0.5201 0.4799
3223 0.4286 0.5714
3224 0.4941 0.5059
3225 0.4416 0.5584
3226 0.4848 0.5152
3227 0.4378 0.5622
3228 0.5412 0.4588
3229 0.5131 0.4869
3230 0.5412 0.4588
3231 0.4852 0.5148
3232 0.4907 0.5093
3233 0.5508 0.4492
3234 0.4828 0.5172
3235 0.4869 0.5131
3236 0.5403 0.4597
3237 0.4241 0.5759
3238 0.5153 0.4847
3239 0.4729 0.5271
3240 0.5497 0.4503
3241 0.5174 0.4826
3242 0.4338 0.5662
3243 0.4973 0.5027
3244 0.5 0.5
3245 0.4375 0.5625
3246 0.494 0.506
3247 0.4859 0.5141
3248 0.5253 0.4747
3249 0.5024 0.4976
3250 0.5217 0.4783
3251 0.5138 0.4862
3252 0.4839 0.5161
3253 0.4764 0.5236
3254 0.4254 0.5746
3255 0.4655 0.5345
3256 0.4494 0.5506
3257 0.538 0.462
3258 0.5132 0.4868
3259 0.4201 0.5799
3260 0.4825 0.5175
3261 0.4755 0.5245
3262 0.5306 0.4694
3263 0.4416 0.5584
3264 0.5455 0.4545
3265 0.4771 0.5229
3266 0.5146 0.4854
3267 0.4706 0.5294
3268 0.5137 0.4863
3269 0.5316 0.4684
3270 0.5053 0.4947
3271 0.4049 0.5951
3272 0.461 0.539
3273 0.4726 0.5274
3274 0.5595 0.4405
3275 0.495 0.505
3276 0.441 0.559
3277 0.4826 0.5174
3278 0.4359 0.5641
3279 0.538 0.462
3280 0.4792 0.5208
3281 0.5328 0.4672
3282 0.4967 0.5033
3283 0.4361 0.5639
3284 0.5225 0.4775
3285 0.5047 0.4953
3286 0.5433 0.4567
3287 0.4262 0.5738
3288 0.4722 0.5278
3289 0.4409 0.5591
3290 0.5586 0.4414
3291 0.5138 0.4862
3292 0.4775 0.5225
3293 0.5259 0.4741
3294 0.4158 0.5842
3295 0.5051 0.4949
3296 0.5222 0.4778
3297 0.4946 0.5054
3298 0.4362 0.5638
3299 0.4948 0.5052
3300 0.375 0.625
3301 0.55 0.45
3302 0.4286 0.5714
3303 0.4886 0.5114
3304 0.5056 0.4944
3305 0.5106 0.4894
3306 0.4842 0.5158
3307 0.5275 0.4725
3308 0.5631 0.4369
3309 0.4694 0.5306
3310 0.4524 0.5476
3311 0.5 0.5
3312 0.598 0.402
3313 0.4062 0.5938
3314 0.4675 0.5325
3315 0.4353 0.5647
3316 0.4762 0.5238
3317 0.4462 0.5538
3318 0.44 0.56
3319 0.3281 0.6719
3320 0.5088 0.4912
3321 0.4638 0.5362
3322 0.4225 0.5775
3323 0.5135 0.4865
3324 0.4674 0.5326
3325 0.375 0.625
3326 0.4 0.6
3327 0.439 0.561
3328 0.3289 0.6711
3329 0.5882 0.4118
3330 0.4932 0.5068
3331 0.4722 0.5278
3332 0.4783 0.5217
3333 0.5179 0.4821
3334 0.3651 0.6349
3335 0.5278 0.4722
3336 0.3443 0.6557
3337 0.5116 0.4884
3338 0.5 0.5
3339 0.5 0.5
3340 0.4286 0.5714
3341 0.3659 0.6341
3342 0.425 0.575
3343 0.5116 0.4884
3344 0.5 0.5
3345 0.6275 0.3725
3346 0.4118 0.5882
3347 0.375 0.625
3348 0.5556 0.4444
3349 0.4634 0.5366
3350 0.4773 0.5227
3351 0.4222 0.5778
3352 0.4444 0.5556
3353 0.4231 0.5769
3354 0.6364 0.3636
3355 0.475 0.525
3356 0.3548 0.6452
3357 0.5 0.5
3358 0.4828 0.5172
3359 0.4138 0.5862
3360 0.4231 0.5769
3361 0.4138 0.5862
3362 0.3448 0.6552
3363 0.5652 0.4348
3364 0.6296 0.3704
3365 0.697 0.303
3366 0.4118 0.5882
3367 0.6176 0.3824
3368 0.3939 0.6061
3369 0.4667 0.5333
3370 0.4483 0.5517
3371 0.5652 0.4348
3372 0.5938 0.4062
3373 0.4615 0.5385
3374 0.3824 0.6176
3375 0.5946 0.4054
3376 0.5128 0.4872
3377 0.6389 0.3611
3378 0.5111 0.4889
3379 0.4634 0.5366
3380 0.5294 0.4706
3381 0.4688 0.5312
3382 0.6061 0.3939
3383 0.5581 0.4419
3384 0.5238 0.4762
3385 0.5278 0.4722
3386 0.5625 0.4375
3387 0.5161 0.4839
3388 0.4615 0.5385
3389 0.3913 0.6087
3390 0.4444 0.5556
3391 0.4 0.6
3392 0.4667 0.5333
3393 0.7143 0.2857
3394 0.4615 0.5385
3395 0.5455 0.4545
3396 0.4 0.6
3397 0.5556 0.4444
3398 0.5882 0.4118
3399 0.5833 0.4167
3400 0.5 0.5
3401 0.5556 0.4444
3402 0.6667 0.3333
3403 0.5 0.5
3404 0.5385 0.4615
3405 0.5556 0.4444
3406 0.7333 0.2667
3407 0.4118 0.5882
3408 0.5263 0.4737
3409 0.4348 0.5652
3410 0.2667 0.7333
3411 0.7 0.3
3412 0.4286 0.5714
3413 0.4 0.6
3414 0.6667 0.3333
3415 0.5 0.5
3416 0.5 0.5
3417 0.4286 0.5714
3418 0.5714 0.4286
3419 0.5385 0.4615
3420 0.4375 0.5625
3421 0.3333 0.6667
3422 0.5 0.5
3423 0.4286 0.5714
3424 0.5 0.5
3425 0.3 0.7
3426 0.3333 0.6667
3427 0.7 0.3
3428 0.25 0.75
3429 0.5 0.5
3430 0.5 0.5
3431 0.5 0.5
3432 0.5 0.5
3433 0.5 0.5
3434 0.5 0.5
3435 0.0 1.0
3436 0.0 1.0
3437 0.3333 0.6667
3438 0.3333 0.6667
3439 0.4 0.6
3440 0.25 0.75
3441 0.5 0.5
3442 1.0 0.0
3443 0.6 0.4
3444 0.25 0.75
3445 0.6 0.4
3446 0.5 0.5
3447 0.0 1.0
3448 1.0 0.0
3449 0.3333 0.6667
3450 0.75 0.25
3451 0.3333 0.6667
3452 1.0 0.0
3453 0.75 0.25
3454 0.3333 0.6667
3455 1.0 0.0
3456 1.0 0.0
3457 1.0 0.0
3458 0.6667 0.3333
3459 0.4 0.6
3460 0.5 0.5
3461 1.0 0.0
3462 1.0 0.0
3463 1.0 0.0
3464 0.6667 0.3333
3465 0.0 1.0
3466 0.0 1.0
3467 0.75 0.25
3468 0.625 0.375
3469 0.1429 0.8571
3470 0.5 0.5
3471 0.0 1.0
3475 1.0 0.0
3476 0.0 1.0
3482 1.0 0.0
3483 0.0 1.0
3484 0.0 1.0
3485 0.6667 0.3333
3486 0.25 0.75
3487 1.0 0.0
3488 1.0 0.0
3489 1.0 0.0
3490 0.5 0.5
3491 0.6667 0.3333
3492 0.8 0.2
3493 0.5 0.5
3494 0.6 0.4
3495 0.6667 0.3333
3496 0.4 0.6
3497 0.2857 0.7143
3498 0.0 1.0
3499 0.0 1.0
3501 1.0 0.0
3502 0.0 1.0
3503 1.0 0.0
3504 0.6667 0.3333
3505 0.3333 0.6667
3506 0.0 1.0
3509 0.0 1.0
3511 0.0 1.0
3512 1.0 0.0
3513 0.75 0.25
3514 0.0 1.0
3515 0.0 1.0
3516 0.0 1.0
3523 1.0 0.0
3524 0.8 0.2
3525 0.2857 0.7143
3526 0.0 1.0
3540 0.0 1.0
3541 1.0 0.0
3542 0.5 0.5
3543 0.0 1.0
