0 5031150 0 0 0
1 2734180 5029831 949782 5029831
2 1576261 2735854 958750 2735854
3 1189138 1575903 887004 2373733
4 926162 1189977 757172 1981587
5 744324 926865 645217 1668020
6 610846 744972 549377 1406431
7 511023 608593 471739 1196501
8 435030 510923 409119 1030702
9 374784 436039 357499 894967
10 328109 375443 314453 782847
11 290954 328953 279327 693024
12 258031 290814 250551 618096
13 232098 258878 225042 552911
14 211651 233662 204713 499770
15 193195 211372 187631 454458
16 176946 193497 172087 415966
17 164060 178133 158247 381985
18 153608 164304 146350 352929
19 142970 152874 136085 327804
20 132863 142046 127328 304167
21 125270 132641 119455 284009
22 118227 125368 111684 266882
23 111741 118105 105722 250875
24 106237 112347 100022 236456
25 101028 106274 94371 223930
26 96636 100842 89671 212626
27 92688 96907 84802 202554
28 88414 91792 81311 192225
29 84649 87839 77129 183202
30 81614 84338 73808 174817
31 78038 81183 70831 167547
32 75169 77721 67775 160284
33 72282 75020 64772 153779
34 69949 72511 62357 148098
35 67592 69621 59727 142331
36 65726 67803 57280 137738
37 63358 65341 55831 132435
38 61670 63534 53115 127809
39 59529 61837 51991 123997
40 58227 59581 49624 119645
41 56083 57835 48673 115536
42 54779 56051 46724 111885
43 53499 54588 45645 108416
44 51972 53276 44055 105857
45 51190 52027 43011 102713
46 49703 51229 41361 100005
47 48253 49247 40324 96724
48 47218 48166 39193 94183
49 46173 47287 38000 92090
50 44989 46338 37194 89829
51 44123 44995 35628 87275
52 42850 43855 35463 85454
53 42020 43064 34157 83019
54 41098 41973 33558 80493
55 40552 40929 32794 78740
56 39943 40325 31874 77190
57 39199 39606 31448 75493
58 38088 38803 30980 73969
59 37408 38417 29500 72767
60 37258 37648 29137 71133
61 35849 36914 28814 69805
62 35285 35884 27913 68013
63 34910 35517 27273 66639
64 34100 34653 27026 65519
65 33610 34074 26157 63983
66 33176 33433 25782 63066
67 32274 33069 25055 62033
68 31970 32482 24834 60735
69 32260 32004 24464 59671
70 31408 32180 24189 59295
71 30829 31615 23227 58302
72 30353 30837 23474 57135
73 29984 30799 22782 56360
74 29489 30109 22234 55300
75 28860 29411 21796 54256
76 28468 29048 21332 53337
77 28323 28278 21196 52411
78 28003 28320 20689 51724
79 27429 27732 20465 50956
80 27133 27337 20206 49896
81 26634 26892 20045 49226
82 26210 26706 19533 48588
83 26235 26270 18948 47956
84 26150 26048 18746 47264
85 25539 25603 18834 46557
86 25227 25792 18189 46211
87 24993 25152 17977 45393
88 24721 24815 17850 44711
89 24358 24534 17593 44212
90 24104 24288 17331 43489
91 24042 24081 17178 43225
92 23719 23980 16759 43037
93 23245 23845 16917 42292
94 23117 23205 16584 41314
95 22673 23114 16200 41273
96 22792 22541 15941 40309
97 22601 22612 15920 40251
98 22430 22548 15759 39665
99 22095 22450 15634 39324
100 21826 22062 15357 38985
101 21507 21730 15177 38504
102 21104 21582 14669 38056
103 21043 21145 14537 37530
104 20776 21050 14279 37127
105 20336 20717 14443 36530
106 20226 20322 14053 35776
107 20042 20301 13850 35892
108 19890 20263 13848 35368
109 19617 19875 13588 35024
110 19431 19903 13463 34718
111 19254 19445 13192 33953
112 19137 19310 13121 33868
113 19317 18989 12993 33229
114 19037 19265 13010 33776
115 18706 18879 12817 32901
116 18425 18504 12580 32297
117 18513 18371 12461 32162
118 18426 18541 12368 31980
119 18457 18164 12146 31561
120 18246 18237 12317 31565
121 17940 18291 12044 31375
122 17829 17674 11997 30816
123 17798 17940 11766 31027
124 17481 17715 11684 30676
125 17362 17535 11614 30172
126 17311 17339 11501 29814
127 17067 17286 11379 29688
128 16794 17075 11324 29361
129 16765 17004 11085 29279
130 16513 17088 10858 29060
131 16504 16463 10880 28244
132 16560 16418 10853 28038
133 16341 16458 10880 28137
134 16195 16604 10577 28256
135 15935 16194 10515 27560
136 15796 16008 10438 27367
137 15816 16026 10190 27251
138 15726 15733 10368 26896
139 15621 15784 10144 26751
140 15723 15595 10188 26556
141 15570 15694 10091 26647
142 15389 15745 9842 26514
143 15214 15271 9894 25928
144 15066 15303 9898 25927
145 15102 15200 9735 25712
146 15009 15001 9732 25473
147 14925 15033 9648 25469
148 14765 14837 9576 24963
149 14742 14743 9426 24880
150 14740 14719 9425 24820
151 14745 14743 9243 24548
152 14685 14617 9254 24513
153 14481 14526 9247 24357
154 14278 14469 9053 24329
155 14152 14192 8975 23959
156 14190 14159 8958 23721
157 13856 14243 8924 23767
158 13806 14032 8815 23615
159 14008 14011 8737 23207
160 13903 14044 8676 23149
161 13549 13830 8612 23150
162 13626 13611 8542 22786
163 13678 13790 8512 22777
164 13372 13698 8446 22879
165 13236 13515 8344 22266
166 13284 13402 8266 22120
167 13116 13316 8362 22054
168 13204 13373 8048 22202
169 13130 13357 8137 22110
170 13260 13031 8094 21650
171 13018 13218 7996 21809
172 12985 12845 7936 21383
173 12856 12839 8058 21339
174 12724 12937 7808 21364
175 12747 12950 7721 21197
176 12719 12755 7717 20951
177 12571 12433 7725 20686
178 12561 12404 7714 20557
179 12303 12487 7737 20601
180 12510 12346 7610 20399
181 12355 12408 7778 20506
182 12261 12365 7405 20218
183 12141 12153 7337 20146
184 12160 12068 7600 19783
185 12269 12108 7530 19877
186 12290 12211 7464 20020
187 12049 12241 7427 20096
188 11912 12050 7152 19845
189 11905 11799 7268 19543
190 11905 11867 7186 19537
191 11710 12006 7135 19553
192 11641 11697 7123 19251
193 11687 11776 7142 19273
194 11514 11895 6927 19432
195 11504 11552 6963 18962
196 11639 11592 6921 18995
197 11550 11468 6800 18749
198 11462 11432 6892 18679
199 11441 11554 6773 18779
200 11165 11293 6595 18550
201 11067 11071 6690 18294
202 10947 11067 6655 18111
203 10963 11025 6536 18034
204 10988 11123 6555 18067
205 11082 10954 6609 17891
206 11038 10872 6533 17687
207 11026 10938 6453 17872
208 10822 11029 6357 17805
209 10784 10796 6503 17554
210 10776 10772 6359 17482
211 10655 10817 6345 17497
212 10670 10661 6288 17220
213 10511 10687 6303 17363
214 10662 10533 6011 17038
215 10594 10515 6135 17156
216 10407 10791 6128 17194
217 10617 10494 6095 17059
218 10621 10595 6225 17066
219 10599 10474 6164 16908
220 10525 10541 6085 17104
221 10390 10515 5977 17011
222 10324 10410 5954 16848
223 10317 10358 5930 16688
224 10105 10377 5868 16603
225 10048 10418 5761 16685
226 10054 10145 5872 16272
227 10322 10125 5799 16341
228 10048 10227 5909 16327
229 10026 9926 5839 16071
230 9999 10110 5763 16268
231 9915 10140 5843 16044
232 9735 10069 5707 16126
233 9772 9872 5789 15872
234 10038 9827 5662 15806
235 9946 9982 5687 16108
236 9991 9960 5668 15804
237 9884 9797 5434 15741
238 9847 9734 5599 15589
239 9621 9653 5881 15543
240 9622 9689 5626 15525
241 9694 9713 5594 15559
242 9506 9617 5445 15413
243 9502 9353 5513 15237
244 9458 9508 5596 15335
245 9498 9462 5374 15238
246 9498 9556 5382 15237
247 9357 9545 5359 15107
248 9443 9398 5357 15003
249 9392 9443 5428 15120
250 9458 9429 5263 15054
251 9410 9426 5425 15004
252 9351 9332 5337 14987
253 9332 9476 5227 15293
254 9376 9485 5255 14910
255 9259 9336 5203 14919
256 9257 9363 5218 14879
257 9085 9247 5279 14628
258 9097 9134 5147 14473
259 9274 9116 5204 14462
260 9064 9203 5152 14550
261 8971 9078 4991 14359
262 8904 8981 5119 14229
263 8976 8910 4967 14123
264 8872 8958 4950 14205
265 8748 8881 5121 14016
266 8872 8769 4954 14050
267 8804 8925 4829 14104
268 8684 8839 4966 14034
269 8552 8791 4799 13900
270 8606 8571 4954 13688
271 8606 8724 4821 13669
272 8470 8611 4799 13697
273 8603 8528 4674 13451
274 8576 8548 4802 13559
275 8556 8639 4686 13636
276 8482 8616 4775 13458
277 8356 8420 4598 13396
278 8317 8246 4821 13165
279 8395 8265 4717 13130
280 8369 8529 4586 13356
281 8400 8428 4697 13164
282 8395 8415 4732 13171
283 8381 8444 4804 13290
284 8340 8508 4681 13258
285 8382 8405 4723 13207
286 8322 8375 4672 13104
287 8256 8386 4472 13208
288 8601 8374 4550 13129
289 8342 8550 4382 13280
290 8292 8240 4608 12950
291 8139 8280 4469 13046
292 8155 8197 4471 12778
293 8050 8063 4458 12612
294 8038 7898 4547 12561
295 7983 8105 4403 12656
296 7934 7967 4294 12654
297 7988 7995 4285 12536
298 7955 8019 4307 12551
299 7768 7964 4330 12586
300 8018 7909 4325 12339
301 7901 8031 4335 12533
302 7794 7875 4341 12400
303 7978 7907 4301 12259
304 7778 7870 4331 12504
305 7819 7952 4201 12442
306 7820 7984 4256 12381
307 7817 7885 4327 12252
308 7945 7839 4161 12129
309 7662 7802 4306 12223
310 7654 7750 4114 12070
311 7704 7638 4135 12006
312 7668 7784 4160 12157
313 7750 7687 4171 12045
314 7700 7755 4127 12122
315 7727 7770 4164 12062
316 7595 7766 4044 11953
317 7628 7551 4094 11737
318 7566 7466 4155 11683
319 7564 7551 4077 11758
320 7362 7657 4115 11851
321 7672 7606 4121 11785
322 7527 7685 4086 11970
323 7528 7549 4117 11726
324 7500 7616 4069 11911
325 7438 7590 3946 11787
326 7415 7415 3987 11638
327 7336 7520 3954 11607
328 7359 7248 3980 11365
329 7388 7428 4023 11474
330 7416 7417 4005 11443
331 7380 7452 4021 11473
332 7370 7463 3940 11573
333 7252 7449 3907 11508
334 7483 7328 3872 11353
335 7460 7448 3990 11464
336 7298 7388 3844 11468
337 7403 7201 3883 11288
338 7181 7418 3989 11373
339 7097 7176 3933 11120
340 7245 7147 3812 11232
341 7267 7248 3934 11262
342 7252 7274 3804 11281
343 7148 7314 3749 11224
344 7106 7145 3859 11126
345 7143 7207 3792 11079
346 7176 7228 3856 11085
347 7147 7226 3888 11050
348 7189 7251 3847 11164
349 7175 7256 3882 11115
350 7143 7214 3823 11090
351 7182 7131 3819 10994
352 7058 7161 3751 11154
353 7110 7185 3725 11091
354 7061 7130 3706 11010
355 6977 7072 3745 10931
356 6907 6995 3677 10830
357 6893 6846 3666 10630
358 6904 6843 3630 10713
359 6876 6929 3851 10623
360 6873 6825 3768 10511
361 6740 6975 3657 10801
362 6768 6855 3507 10594
363 6868 6840 3604 10650
364 6935 6846 3592 10519
365 6860 6886 3511 10634
366 6749 6751 3565 10452
367 6845 6665 3554 10261
368 6728 6731 3491 10441
369 6731 6636 3598 10282
370 6560 6772 3511 10401
371 6579 6773 3374 10371
372 6695 6650 3396 10197
373 6634 6617 3493 10170
374 6612 6557 3379 10162
375 6671 6511 3479 10051
376 6613 6580 3630 10178
377 6600 6596 3462 10184
378 6654 6705 3534 10298
379 6604 6688 3544 10282
380 6754 6668 3426 10218
381 6857 6735 3606 10379
382 6824 6937 3407 10492
383 6753 6736 3418 10315
384 6591 6711 3469 10298
385 6515 6721 3453 10179
386 6613 6580 3386 10047
387 6781 6663 3437 10162
388 6639 6696 3449 10184
389 6617 6569 3330 10099
390 6662 6513 3380 9987
391 6592 6507 3435 10034
392 6425 6575 3408 10094
393 6385 6422 3236 9839
394 6362 6398 3412 9910
395 6407 6401 3341 9804
396 6365 6424 3413 9724
397 6304 6352 3287 9809
398 6568 6382 3323 9908
399 6572 6590 3335 10022
400 6476 6547 3309 10004
401 6405 6443 3301 9884
402 6339 6371 3257 9797
403 6427 6349 3221 9676
404 6334 6413 3227 9658
405 6464 6239 3254 9543
406 6395 6411 3273 9809
407 6305 6334 3350 9689
408 6190 6262 3311 9627
409 6193 6275 3165 9613
410 6271 6289 3173 9543
411 6279 6304 3156 9557
412 6201 6310 3294 9590
413 6205 6207 3271 9444
414 6427 6236 3180 9568
415 6354 6339 3262 9722
416 6359 6331 3182 9638
417 6316 6274 3286 9541
418 6393 6267 3178 9546
419 6221 6288 3330 9561
420 6340 6241 3160 9418
421 6193 6221 3194 9489
422 6309 6173 3162 9478
423 6294 6290 3148 9559
424 6317 6274 3193 9521
425 6397 6148 3232 9375
426 6317 6245 3206 9540
427 6183 6310 3219 9492
428 6140 6068 3165 9300
429 6232 6150 3144 9408
430 6181 6293 3078 9401
431 6278 6127 3258 9322
432 6286 6234 3149 9461
433 6157 6280 3112 9401
434 6113 6105 3293 9276
435 6158 6249 3157 9356
436 6109 6223 3039 9392
437 6165 6165 3036 9359
438 6067 6141 3025 9302
439 6008 6077 3107 9305
440 6078 6082 2998 9213
441 5995 6121 3033 9299
442 5935 6070 3069 9238
443 6066 6024 2987 9137
444 5981 6096 3035 9055
445 5970 5862 3122 8897
446 6046 5917 3015 9051
447 6070 6108 3048 9243
448 5956 6079 3040 9223
449 5997 6046 2993 9145
450 5925 6029 2973 9091
451 5977 5914 3002 9059
452 5930 6051 3023 9073
453 5928 5993 2977 9050
454 5885 5986 2969 8951
455 5896 5853 2960 8954
456 6035 5947 3034 8946
457 5879 6081 3027 9103
458 5968 5958 3017 9025
459 5906 6005 2923 8976
460 5861 5781 3065 8715
461 5946 5811 3001 8842
462 5911 5910 2976 9020
463 5867 5951 2865 8937
464 5780 5794 3022 8803
465 5769 5911 2889 8844
466 5748 5865 2893 8895
467 5853 5683 2977 8653
468 5889 5816 2930 8870
469 5870 5943 2922 8973
470 5876 5905 2834 8859
471 5860 5833 2919 8737
472 5799 5787 2926 8781
473 5757 5841 2868 8757
474 5740 5655 2850 8630
475 5919 5726 2841 8619
476 5721 5835 3009 8820
477 5583 5805 3038 8688
478 5695 5781 2852 8682
479 5862 5808 2903 8720
480 5938 5909 2968 8971
481 5761 6074 2892 8989
482 5797 5848 2810 8835
483 5767 5766 2880 8832
484 5826 5921 2809 8902
485 5823 5776 2881 8653
486 5749 5730 2869 8738
487 5745 5762 2862 8636
488 5751 5776 2875 8636
489 5785 5754 2923 8620
490 5792 5840 2790 8806
491 5646 5850 2901 8736
492 5829 5769 2842 8604
493 5676 5923 2894 8796
494 5656 5664 2848 8574
495 5727 5683 2867 8555
496 5818 5730 2794 8558
497 5801 5781 2894 8712
498 5724 5695 2917 8543
499 5688 5721 2809 8611
500 5696 5768 2786 8723
501 5763 5712 2910 8593
502 5690 5849 2870 8634
503 5752 5753 2872 8620
504 5769 5805 2764 8710
505 5645 5727 2868 8619
506 5587 5636 2789 8502
507 5565 5622 2731 8390
508 5538 5435 2793 8272
509 5534 5539 2665 8371
510 5536 5552 2851 8417
511 5550 5659 2777 8458
512 5461 5603 2728 8414
513 5540 5595 2757 8358
514 5548 5660 2711 8472
515 5639 5597 2763 8322
516 5621 5573 2734 8393
517 5585 5595 2713 8439
518 5534 5562 2713 8311
519 5573 5415 2663 8172
520 5554 5474 2770 8258
521 5573 5495 2730 8225
522 5598 5473 2734 8283
523 5642 5539 2720 8277
524 5522 5552 2789 8316
525 5476 5539 2713 8282
526 5534 5533 2737 8359
527 5477 5567 2723 8288
528 5527 5393 2745 8212
529 5540 5552 2698 8247
530 5482 5547 2719 8332
531 5662 5513 2659 8189
532 5616 5607 2758 8372
533 5617 5572 2673 8244
534 5652 5550 2815 8224
535 5700 5630 2736 8390
536 5629 5676 2658 8444
537 5573 5552 2770 8342
538 5619 5460 2721 8222
539 5617 5589 2738 8352
540 5504 5556 2741 8239
541 5534 5474 2737 8170
542 5449 5622 2705 8343
543 5569 5542 2685 8151
544 5662 5567 2650 8358
545 5492 5603 2682 8385
546 5503 5577 2757 8263
547 5382 5649 2612 8331
548 5475 5382 2701 8144
549 5399 5507 2647 8258
550 5512 5519 2639 8179
551 5548 5528 2614 8173
552 5553 5485 2672 8124
553 5577 5516 2730 8159
554 5538 5536 2614 8094
555 5546 5510 2609 8166
556 5293 5574 2687 8230
557 5355 5421 2673 8054
558 5437 5600 2583 8222
559 5490 5534 2689 8185
560 5361 5592 2586 8297
561 5344 5345 2580 7978
562 5339 5362 2555 7999
563 5363 5384 2580 8051
564 5494 5383 2654 7973
565 5538 5389 2600 8081
566 5476 5398 2638 8023
567 5422 5422 2633 7964
568 5357 5375 2636 8016
569 5324 5362 2645 7982
570 5433 5306 2623 7906
571 5469 5357 2527 7991
572 5494 5434 2668 8091
573 5381 5490 2572 8101
574 5322 5353 2677 7953
575 5322 5328 2518 7880
576 5318 5319 2601 7966
577 5419 5316 2596 7860
578 5320 5386 2601 7910
579 5338 5205 2628 7825
580 5359 5346 2603 7944
581 5268 5379 2491 8011
582 5228 5388 2509 8000
583 5300 5247 2484 7777
584 5239 5198 2478 7779
585 5329 5209 2527 7727
586 5272 5257 2544 7761
587 5193 5247 2551 7758
588 5098 5191 2473 7729
589 5305 5054 2476 7604
590 5321 5209 2550 7823
591 5287 5324 2489 7913
592 5225 5344 2528 7783
593 5175 5232 2482 7679
594 5306 5113 2468 7637
595 5077 5186 2493 7764
596 5062 5120 2506 7622
597 5187 5075 2442 7506
598 5173 5202 2527 7683
599 5241 5204 2484 7657
600 5276 5284 2471 7780
601 5364 5277 2402 7780
602 5193 5221 2523 7767
603 5246 5122 2427 7585
604 5231 5122 2358 7716
605 5089 5138 2499 7626
606 5126 5121 2442 7630
607 5176 5199 2489 7629
608 5184 5161 2374 7665
609 5179 5247 2490 7729
610 5183 5241 2516 7699
611 5153 5298 2513 7825
612 5236 5205 2532 7675
613 5219 5276 2572 7782
614 5285 5191 2456 7719
615 5350 5288 2450 7861
616 5333 5383 2510 7917
617 5279 5370 2395 7930
618 5251 5306 2369 7858
619 5343 5169 2521 7639
620 5296 5252 2476 7711
621 5225 5187 2443 7727
622 5145 5200 2442 7686
623 5210 5172 2427 7673
624 5271 5210 2415 7699
625 5256 5313 2481 7790
626 5159 5372 2430 7819
627 5195 5187 2471 7597
628 5231 5148 2438 7581
629 5179 5173 2465 7625
630 5163 5111 2413 7580
631 5117 5129 2441 7590
632 5031 5080 2497 7497
633 5253 5056 2443 7422
634 5256 5267 2441 7756
635 5176 5305 2509 7706
636 5083 5204 2433 7687
637 5244 5145 2408 7617
638 5228 5183 2516 7689
639 5175 5305 2410 7758
640 5231 5228 2434 7750
641 5244 5311 2443 7813
642 5216 5318 2448 7646
643 5142 5194 2541 7625
644 5164 5141 2329 7614
645 5093 5221 2408 7702
646 5064 5116 2434 7520
647 4982 5106 2308 7452
648 5026 4920 2374 7396
649 5002 5064 2364 7447
650 5165 5005 2437 7358
651 5286 5088 2433 7511
652 5144 5237 2282 7722
653 5031 5039 2290 7461
654 5110 4959 2307 7392
655 5021 5048 2369 7434
656 5018 5034 2370 7341
657 5049 4990 2404 7399
658 5042 5117 2323 7545
659 4865 5119 2334 7446
660 4858 4895 2395 7198
661 4906 5001 2303 7351
662 4937 5026 2357 7310
663 5002 5032 2290 7312
664 5046 4996 2317 7332
665 4955 5093 2412 7443
666 5032 4973 2377 7252
667 5086 4928 2489 7271
668 5033 5039 2463 7413
669 5093 5118 2298 7475
670 5088 5054 2457 7427
671 5009 5123 2341 7502
672 4917 5061 2272 7347
673 5046 4853 2345 7146
674 4935 4916 2427 7241
675 5001 4937 2323 7338
676 5009 5018 2387 7357
677 4984 5027 2352 7363
678 4895 5052 2327 7343
679 4985 4940 2303 7228
680 5122 4966 2397 7233
681 5073 5181 2272 7549
682 5226 4994 2360 7374
683 4997 5129 2285 7478
684 5119 4890 2357 7305
685 5018 5096 2336 7468
686 4936 5034 2339 7380
687 5150 4972 2345 7251
688 5161 5033 2340 7428
689 5124 5124 2374 7545
690 5022 5175 2258 7582
691 4962 5042 2280 7420
692 4934 4895 2357 7189
693 4971 4951 2273 7243
694 4925 4999 2303 7313
695 5127 4963 2259 7307
696 4996 5020 2365 7272
697 4871 4922 2209 7332
698 4920 4844 2334 7068
699 4875 4869 2262 7151
700 4957 4822 2320 7226
701 4932 4959 2326 7183
702 4795 4807 2259 7131
703 4843 4774 2206 7082
704 4906 4853 2391 7143
705 4959 4883 2365 7148
706 4839 4995 2245 7322
707 4903 4890 2304 7254
708 4947 5013 2326 7311
709 4983 4957 2288 7312
710 4925 5011 2339 7254
711 4859 5017 2287 7271
712 4995 4784 2240 7067
713 4888 4979 2274 7339
714 5013 4853 2218 7109
715 5024 4874 2313 7187
716 4973 4991 2229 7327
717 4998 4908 2325 7227
718 4989 4993 2268 7276
719 4967 4964 2276 7297
720 5080 4934 2234 7208
721 4966 4996 2316 7232
722 5087 4861 2339 7112
723 4985 4995 2265 7273
724 4885 4873 2337 7203
725 4858 4875 2233 7216
726 4743 4940 2216 7184
727 4760 4765 2264 6911
728 4753 4811 2173 7110
729 4800 4802 2250 7009
730 4800 4823 2287 7072
731 4882 4814 2210 7112
732 4896 4832 2342 7040
733 4838 4861 2236 7126
734 4941 4822 2307 7033
735 4937 4843 2273 7151
736 4914 4950 2248 7226
737 4884 4922 2366 7186
738 4927 4932 2261 7049
739 4867 4870 2248 7067
740 4859 4751 2295 7008
741 4731 4782 2229 7031
742 4724 4736 2161 7021
743 4685 4758 2214 6962
744 4730 4706 2298 6849
745 4732 4700 2177 6890
746 4756 4765 2297 6947
747 4740 4807 2258 7000
748 4817 4777 2301 6948
749 4757 4879 2256 7145
750 4754 4855 2194 7070
751 4968 4782 2185 6960
752 4869 4832 2179 7116
753 4907 4827 2238 7046
754 4989 4824 2217 6973
755 4848 4713 2236 7023
756 4726 4873 2214 7125
757 4784 4763 2203 7009
758 4732 4843 2164 7035
759 4745 4727 2141 6920
760 4920 4713 2249 6926
761 4728 4832 2196 7053
762 4872 4759 2222 7028
763 4785 4891 2213 7094
764 4805 4725 2172 6966
765 4957 4774 2258 6975
766 4741 4899 2110 7217
767 4804 4762 2155 6875
768 4534 4792 2180 7005
769 4713 4599 2170 6677
770 4769 4807 2217 6940
771 4787 4816 2198 6921
772 4855 4853 2188 7038
773 4903 4801 2173 6995
774 4748 4823 2248 6967
775 4725 4726 2138 6806
776 4732 4710 2121 6900
777 4635 4767 2118 6923
778 4650 4681 2184 6814
779 4693 4728 2141 6803
780 4751 4736 2204 6872
781 4624 4779 2178 7020
782 4693 4686 2136 6858
783 4683 4736 2082 6903
784 4655 4687 2192 6849
785 4644 4718 2127 6885
786 4606 4725 2063 6929
787 4510 4637 2170 6728
788 4565 4642 2145 6761
789 4687 4680 2139 6799
790 4813 4707 2112 6864
791 4834 4738 2156 6984
792 4821 4871 2043 6962
793 4576 4763 2203 6904
794 4570 4611 2171 6726
795 4603 4639 2056 6823
796 4699 4636 2090 6769
797 4654 4627 2112 6755
798 4640 4582 2132 6725
799 4550 4596 2168 6726
800 4684 4545 2212 6565
801 4726 4667 2155 6778
802 4788 4760 2155 6916
803 4806 4899 2184 7054
804 4863 4855 2165 6957
805 4637 4762 2153 6865
806 4742 4629 2138 6816
807 4732 4733 2124 6856
808 4716 4626 2170 6733
809 4644 4604 2094 6721
810 4765 4499 2103 6639
811 4815 4600 2151 6769
812 4803 4729 2196 6878
813 4669 4768 2212 6879
814 4664 4676 2058 6845
815 4695 4634 2145 6785
816 4577 4767 2059 6980
817 4595 4638 2033 6713
818 4696 4529 2054 6630
819 4780 4676 2026 6782
820 4560 4752 2147 6828
821 4798 4567 2109 6673
822 4630 4834 2094 6942
823 4777 4577 2087 6705
824 4740 4628 2104 6672
825 4664 4562 2142 6721
826 4643 4637 2085 6693
827 4698 4556 2051 6734
828 4748 4645 2142 6766
829 4726 4703 2056 6868
830 4617 4653 2159 6749
831 4632 4568 2119 6669
832 4626 4666 2078 6837
833 4730 4639 2211 6707
834 4565 4796 2075 6917
835 4630 4685 2160 6721
836 4581 4731 2221 6790
837 4673 4644 2178 6765
838 4741 4678 2109 6824
839 4731 4751 2167 6897
840 4718 4785 2195 6922
841 4725 4729 2077 6858
842 4721 4721 2210 6902
843 4710 4712 2129 6876
844 4721 4733 2043 6924
845 4680 4695 2045 6883
846 4668 4673 2029 6754
847 4694 4610 2111 6684
848 4677 4598 2068 6667
849 4537 4610 2059 6694
850 4551 4545 2031 6600
851 4528 4494 2098 6639
852 4607 4578 2088 6622
853 4566 4656 2070 6755
854 4658 4485 2123 6691
855 4495 4670 2012 6743
856 4548 4544 2051 6605
857 4582 4548 2007 6648
858 4602 4555 2029 6645
859 4569 4601 2064 6675
860 4586 4569 2065 6647
861 4504 4609 2022 6718
862 4369 4583 1973 6567
863 4449 4397 2029 6361
864 4499 4374 2010 6422
865 4613 4467 1967 6510
866 4450 4552 2031 6609
867 4528 4412 2035 6420
868 4489 4507 2028 6498
869 4530 4485 2028 6458
870 4534 4444 2039 6449
871 4488 4491 1996 6537
872 4568 4527 2086 6531
873 4587 4503 2001 6502
874 4475 4520 2041 6541
875 4443 4435 1989 6502
876 4390 4463 1987 6537
877 4369 4419 2024 6408
878 4378 4470 1945 6403
879 4404 4409 2031 6413
880 4565 4448 1951 6497
881 4520 4576 2018 6566
882 4464 4446 2035 6450
883 4553 4416 2087 6387
884 4495 4522 2062 6580
885 4658 4527 2083 6513
886 4602 4683 2085 6769
887 4426 4668 2084 6671
888 4519 4531 2074 6600
889 4444 4705 2083 6732
890 4393 4572 2059 6470
891 4444 4522 1979 6470
892 4515 4383 2060 6469
893 4418 4523 2033 6608
894 4569 4539 2028 6513
895 4555 4546 2079 6545
896 4573 4535 2047 6509
897 4577 4528 2028 6566
898 4490 4555 2016 6690
899 4611 4567 2102 6541
900 4518 4680 2029 6764
901 4585 4595 1963 6647
902 4747 4600 2000 6581
903 4594 4646 2142 6725
904 4515 4674 2020 6720
905 4566 4486 2115 6466
906 4557 4515 2035 6589
907 4515 4562 2141 6580
908 4582 4491 2183 6523
909 4689 4537 2090 6626
910 4783 4710 2080 6791
911 4754 4754 2097 6821
912 4685 4800 2035 6855
913 4702 4654 1903 6644
914 4707 4578 2065 6708
915 4502 4669 2015 6712
916 4561 4548 2013 6578
917 4559 4721 2077 6786
918 4538 4674 1983 6742
919 4600 4537 2028 6592
920 4581 4608 2008 6611
921 4563 4543 1962 6630
922 4501 4511 1969 6579
923 4480 4507 2019 6597
924 4664 4522 2047 6506
925 4579 4642 1980 6687
926 4646 4634 1993 6661
927 4582 4674 2065 6699
928 4460 4697 2024 6707
929 4576 4666 2003 6673
930 4534 4600 1943 6617
931 4611 4555 2021 6600
932 4440 4585 1999 6511
933 4471 4370 2036 6373
934 4494 4396 2041 6409
935 4456 4490 1979 6458
936 4392 4407 1958 6410
937 4492 4349 1981 6378
938 4452 4483 1993 6509
939 4672 4495 1994 6403
940 4486 4580 2025 6572
941 4546 4402 1975 6417
942 4651 4555 1979 6561
943 4605 4500 2034 6420
944 4592 4456 2065 6491
945 4469 4508 2018 6613
946 4681 4445 2014 6496
947 4512 4678 1964 6613
948 4544 4525 2012 6583
949 4617 4579 2017 6522
950 4525 4579 2015 6573
951 4543 4491 1973 6505
952 4535 4510 2078 6517
953 4580 4585 1995 6519
954 4522 4558 2024 6589
955 4511 4501 2055 6501
956 4505 4519 1952 6548
957 4501 4487 1991 6561
958 4537 4593 1921 6530
959 4361 4589 1967 6612
960 4469 4438 1930 6334
961 4621 4423 1925 6392
962 4451 4451 1957 6464
963 4422 4372 1993 6390
964 4589 4373 1959 6333
965 4563 4456 1937 6436
966 4495 4384 1995 6371
967 4490 4436 2002 6367
968 4512 4524 1966 6502
969 4506 4522 1955 6424
970 4456 4488 1922 6442
971 4543 4351 2044 6265
972 4439 4476 2043 6415
973 4416 4482 2000 6428
974 4445 4507 1887 6434
975 4452 4446 1984 6454
976 4482 4456 2028 6407
977 4507 4516 2026 6573
978 4471 4650 1937 6629
979 4468 4510 2004 6493
980 4432 4508 2015 6557
981 4487 4509 1952 6436
982 4482 4529 1951 6510
983 4374 4502 2006 6491
984 4367 4396 2003 6278
985 4371 4362 1990 6309
986 4388 4469 1907 6467
987 4351 4444 2004 6327
988 4345 4329 1975 6296
989 4463 4374 1863 6325
990 4525 4379 1971 6379
991 4438 4463 1988 6409
992 4397 4431 1951 6362
993 4415 4460 1944 6381
994 4484 4384 1903 6345
995 4457 4481 1929 6457
996 4326 4419 1922 6377
997 4343 4346 1933 6223
998 4242 4378 1894 6207
999 4363 4268 1893 6168
1000 4470 4312 1930 6209
1001 4377 4417 1986 6450
1002 4403 4461 1993 6312
1003 4369 4347 1984 6305
1004 4416 4387 1967 6324
1005 4434 4417 1975 6370
1006 4403 4471 1885 6352
1007 4428 4460 1910 6409
1008 4444 4373 2025 6282
1009 4429 4475 1930 6391
1010 4507 4470 1866 6457
1011 4498 4495 1904 6486
1012 4437 4509 1924 6495
1013 4439 4457 1932 6384
1014 4462 4489 1910 6440
1015 4507 4457 1996 6370
1016 4459 4507 1950 6526
1017 4373 4542 1955 6442
1018 4472 4414 1959 6292
1019 4267 4483 1956 6514
1020 4383 4345 1941 6220
1021 4375 4369 1884 6278
1022 4323 4279 2018 6265
1023 4422 4362 1919 6262
1024 4312 4426 1919 6405
1025 4379 4371 1901 6329
1026 4402 4430 1938 6313
1027 4376 4397 1841 6314
1028 4484 4310 1972 6236
1029 4308 4486 1938 6389
1030 4398 4279 1882 6128
1031 4311 4345 1919 6271
1032 4248 4280 1904 6140
1033 4408 4192 1843 6098
1034 4252 4303 1990 6220
1035 4266 4347 1916 6226
1036 4324 4416 1908 6212
1037 4308 4412 1917 6252
1038 4334 4360 1909 6263
1039 4380 4404 1868 6277
1040 4274 4282 1920 6182
1041 4294 4232 1882 6094
1042 4244 4241 1919 6125
1043 4364 4321 1959 6224
1044 4278 4402 1968 6182
1045 4313 4299 1889 6165
1046 4377 4247 1942 6155
1047 4318 4365 1888 6313
1048 4348 4328 1916 6188
1049 4372 4322 1953 6183
1050 4419 4399 1929 6310
1051 4414 4439 1928 6281
1052 4358 4392 1856 6310
1053 4526 4371 1929 6186
1054 4592 4360 2006 6243
1055 4692 4416 1901 6372
1056 4624 4501 1953 6512
1057 4496 4574 1978 6555
1058 4576 4494 1979 6510
1059 4494 4568 1970 6597
1060 4460 4522 1895 6484
1061 4445 4451 1959 6398
1062 4455 4546 1997 6511
1063 4422 4553 1941 6509
1064 4300 4503 1952 6387
1065 4368 4343 1885 6328
1066 4411 4352 1925 6261
1067 4333 4377 1964 6288
1068 4381 4340 1914 6162
1069 4389 4300 1916 6214
1070 4548 4371 1927 6250
1071 4381 4448 1975 6329
1072 4394 4330 1921 6273
1073 4357 4436 1866 6362
1074 4371 4373 1937 6230
1075 4407 4392 1914 6276
1076 4346 4372 1963 6297
1077 4307 4324 1930 6243
1078 4389 4309 1881 6269
1079 4291 4434 1940 6358
1080 4392 4402 1869 6250
1081 4483 4453 1880 6370
1082 4468 4428 1932 6332
1083 4351 4470 1942 6413
1084 4287 4351 1935 6247
1085 4408 4365 1856 6276
1086 4446 4307 1838 6294
1087 4403 4393 1883 6256
1088 4268 4359 1836 6252
1089 4436 4240 1897 6072
1090 4360 4383 1957 6219
1091 4228 4317 1903 6150
1092 4278 4264 1939 6105
1093 4395 4370 1931 6235
1094 4311 4510 1859 6284
1095 4336 4304 1970 6177
1096 4325 4330 1936 6172
1097 4345 4354 1893 6207
1098 4338 4352 1907 6230
1099 4327 4283 1914 6155
1100 4364 4314 1857 6272
1101 4378 4385 1891 6224
1102 4340 4325 1928 6230
1103 4339 4378 1994 6303
1104 4422 4448 1908 6293
1105 4453 4479 1922 6424
1106 4340 4511 1902 6431
1107 4421 4333 1913 6239
1108 4386 4453 1882 6346
1109 4264 4415 1856 6266
1110 4267 4285 1886 6188
1111 4350 4338 1871 6220
1112 4361 4363 1905 6261
1113 4385 4343 1927 6192
1114 4353 4396 1833 6324
1115 4353 4287 1865 6195
1116 4494 4325 1871 6210
1117 4537 4415 1981 6268
1118 4523 4490 1888 6387
1119 4596 4410 1952 6351
1120 4437 4502 1940 6446
1121 4402 4435 1906 6306
1122 4310 4364 1867 6273
1123 4495 4264 1870 6173
1124 4364 4386 1978 6281
1125 4375 4360 1897 6287
1126 4521 4428 1932 6359
1127 4441 4547 1913 6453
1128 4440 4509 1969 6407
1129 4559 4647 1860 6605
1130 4335 4609 1947 6479
1131 4383 4411 1914 6302
1132 4310 4484 1895 6286
1133 4410 4269 1986 6164
1134 4483 4483 1916 6377
1135 4389 4448 1928 6395
1136 4485 4452 1823 6340
1137 4346 4503 1888 6449
1138 4238 4332 1882 6207
1139 4295 4244 1879 6188
1140 4310 4378 1820 6182
1141 4452 4295 1883 6248
1142 4367 4490 1889 6403
1143 4342 4360 1856 6177
1144 4274 4252 1838 6093
1145 4225 4269 1873 6194
1146 4207 4261 1914 6087
1147 4199 4274 1802 6040
1148 4293 4166 1856 6036
1149 4387 4282 1789 6091
1150 4320 4234 1868 6104
1151 4352 4217 1870 6076
1152 4276 4254 1832 6130
1153 4218 4181 1841 6042
1154 4223 4147 1919 5944
1155 4262 4182 1826 6046
1156 4242 4261 1865 6063
1157 4325 4251 1850 6057
1158 4237 4315 1895 6202
1159 4289 4231 1915 6053
1160 4331 4325 1898 6153
1161 4328 4305 1895 6260
1162 4337 4411 1870 6253
1163 4361 4386 1820 6234
1164 4365 4303 1834 6140
1165 4335 4314 1805 6204
1166 4327 4283 1787 6167
1167 4339 4276 1851 6181
1168 4320 4319 1796 6183
1169 4222 4336 1869 6242
1170 4333 4235 1750 6057
1171 4271 4222 1844 6032
1172 4241 4202 1872 6000
1173 4302 4241 1871 5993
1174 4233 4233 1824 5997
1175 4235 4270 1893 6133
1176 4280 4345 1807 6121
1177 4386 4387 1877 6206
1178 4280 4446 1877 6204
1179 4246 4353 1816 6139
1180 4291 4262 1849 6060
1181 4296 4254 1842 6144
1182 4384 4281 1820 6134
1183 4490 4395 1857 6261
1184 4395 4469 1924 6325
1185 4316 4420 1837 6224
1186 4331 4279 1897 6095
1187 4286 4271 1871 6146
1188 4293 4256 1814 6017
1189 4347 4230 1843 6053
1190 4371 4327 1890 6187
1191 4307 4414 1885 6216
1192 4310 4221 1879 6139
1193 4192 4285 1833 6066
1194 4327 4199 1868 6016
1195 4415 4385 1918 6200
1196 4475 4421 1865 6307
1197 4412 4507 1838 6411
1198 4305 4418 1836 6249
1199 4331 4337 1882 6150
1200 4390 4428 1891 6210
1201 4539 4411 1878 6257
1202 4459 4439 1968 6343
1203 4432 4437 1924 6316
1204 4345 4493 1943 6402
1205 4484 4444 1966 6276
1206 4340 4554 1956 6433
1207 4439 4366 1930 6267
1208 4453 4479 1834 6470
1209 4436 4489 1872 6432
1210 4454 4476 1891 6376
1211 4382 4461 1919 6297
1212 4443 4389 1945 6237
1213 4431 4522 1921 6395
1214 4314 4424 1948 6294
1215 4402 4372 1905 6264
1216 4368 4489 1856 6369
1217 4465 4436 1900 6293
1218 4459 4553 1917 6476
1219 4469 4535 1854 6416
1220 4479 4454 1831 6439
1221 4419 4475 1878 6353
1222 4405 4380 1862 6241
1223 4370 4446 1927 6295
1224 4303 4361 1858 6274
1225 4274 4268 1793 6179
1226 4441 4277 1846 6156
1227 4342 4419 1939 6303
1228 4192 4400 1928 6231
1229 4278 4318 1834 6174
1230 4412 4345 1824 6125
1231 4346 4295 1850 6100
1232 4307 4280 1851 6082
1233 4334 4282 1900 6199
1234 4458 4386 1907 6184
1235 4410 4422 1795 6169
1236 4443 4336 1910 6217
1237 4457 4441 1905 6271
1238 4418 4376 1876 6225
1239 4324 4318 1833 6234
1240 4379 4317 1857 6200
1241 4316 4329 1909 6224
1242 4357 4404 1914 6198
1243 4421 4405 1835 6211
1244 4382 4356 1931 6188
1245 4572 4381 1849 6212
1246 4461 4466 1883 6332
1247 4373 4350 1858 6198
1248 4334 4317 1882 6183
1249 4326 4303 1894 6163
1250 4230 4373 1863 6173
1251 4377 4187 1927 6035
1252 4396 4437 1823 6243
1253 4539 4440 1902 6273
1254 4517 4486 1893 6398
1255 4503 4523 1894 6417
1256 4418 4490 1904 6388
1257 4470 4429 1907 6274
1258 4415 4498 1945 6380
1259 4494 4459 1833 6332
1260 4551 4506 1930 6429
1261 4430 4522 1898 6452
1262 4627 4483 1863 6390
1263 4516 4513 1889 6380
1264 4554 4420 1908 6261
1265 4423 4473 1934 6419
1266 4412 4448 1897 6310
1267 4369 4530 1784 6450
1268 4543 4443 1867 6253
1269 4436 4411 1901 6303
1270 4384 4386 1852 6286
1271 4289 4394 1890 6252
1272 4228 4339 1880 6200
1273 4371 4296 1869 6169
1274 4420 4431 1945 6306
1275 4488 4535 1888 6303
1276 4428 4435 1864 6256
1277 4557 4364 1902 6263
1278 4539 4478 1878 6386
1279 4391 4426 1913 6322
1280 4615 4364 1860 6327
1281 4598 4567 1921 6481
1282 4422 4612 1881 6513
1283 4372 4466 1864 6360
1284 4442 4443 1875 6280
1285 4511 4433 1904 6320
1286 4527 4511 1948 6391
1287 4499 4546 1907 6390
1288 4366 4453 1992 6306
1289 4465 4339 1898 6227
1290 4609 4518 1883 6389
1291 4586 4617 1887 6521
1292 4569 4602 1997 6485
1293 4560 4582 1922 6447
1294 4612 4636 1886 6539
1295 4540 4589 2006 6561
1296 4572 4600 1915 6493
1297 4657 4585 1927 6498
1298 4644 4636 1910 6608
1299 4481 4618 1896 6576
1300 4484 4534 1905 6426
1301 4478 4556 1892 6422
1302 4466 4467 1939 6328
1303 4440 4477 1925 6420
1304 4440 4469 1907 6342
1305 4480 4469 1878 6379
1306 4483 4464 1931 6322
1307 4521 4463 1918 6335
1308 4432 4517 1926 6375
1309 4626 4453 1858 6437
1310 4599 4640 1924 6541
1311 4619 4512 1955 6430
1312 4753 4663 1980 6580
1313 4850 4797 1887 6702
1314 4808 4739 1948 6670
1315 4736 4643 1935 6517
1316 4675 4601 1991 6603
1317 4548 4640 1930 6489
1318 4625 4531 1909 6474
1319 4524 4583 1858 6578
1320 4561 4576 1883 6440
1321 4475 4515 1805 6483
1322 4350 4466 1902 6322
1323 4601 4415 1906 6283
1324 4470 4612 1917 6570
1325 4516 4470 1819 6393
1326 4385 4533 1864 6453
1327 4409 4358 1821 6229
1328 4603 4372 1913 6252
1329 4500 4645 1919 6499
1330 4538 4498 1843 6338
1331 4504 4536 1904 6474
1332 4517 4600 1861 6496
1333 4614 4594 1907 6450
1334 4650 4586 1882 6482
1335 4522 4584 1892 6495
1336 4730 4504 1956 6420
1337 4540 4743 1952 6656
1338 4600 4587 1888 6502
1339 4604 4601 1975 6485
1340 4521 4682 1898 6599
1341 4580 4600 1914 6485
1342 4671 4576 1919 6530
1343 4655 4611 1877 6559
1344 4608 4577 1901 6462
1345 4697 4542 1941 6431
1346 4550 4613 1920 6598
1347 4672 4575 1928 6455
1348 4541 4549 1960 6436
1349 4518 4503 1902 6418
1350 4542 4516 1990 6465
1351 4551 4586 1960 6415
1352 4593 4542 1876 6475
1353 4463 4574 1914 6474
1354 4562 4451 1928 6325
1355 4443 4523 1928 6440
1356 4551 4522 1885 6425
1357 4568 4579 1875 6462
1358 4734 4535 1905 6418
1359 4498 4606 1871 6582
1360 4537 4484 1958 6420
1361 4605 4614 1877 6499
1362 4744 4558 1897 6470
1363 4571 4655 1900 6561
1364 4620 4514 1978 6449
1365 4573 4602 1899 6408
1366 4647 4472 1948 6364
1367 4569 4573 1965 6414
1368 4624 4584 1925 6484
1369 4651 4685 1924 6621
1370 4582 4641 1906 6583
1371 4620 4548 1947 6422
1372 4548 4649 1971 6534
1373 4577 4659 1953 6570
1374 4727 4673 1878 6597
1375 4611 4701 1892 6654
1376 4495 4513 1929 6469
1377 4512 4480 1895 6373
1378 4465 4459 1978 6308
1379 4540 4527 1967 6468
1380 4583 4630 1858 6499
1381 4697 4569 1858 6508
1382 4619 4616 1895 6585
1383 4474 4561 1914 6470
1384 4434 4498 1931 6383
1385 4507 4522 1973 6403
1386 4487 4625 1966 6516
1387 4436 4623 1913 6458
1388 4504 4601 1913 6447
1389 4580 4567 1862 6495
1390 4614 4648 1957 6549
1391 4552 4638 1916 6536
1392 4644 4609 1970 6530
1393 4675 4723 1949 6641
1394 4643 4735 1933 6664
1395 4719 4705 1960 6581
1396 4541 4766 1851 6687
1397 4611 4531 1966 6370
1398 4731 4501 1864 6472
1399 4613 4640 1944 6666
1400 4711 4584 1894 6513
1401 4768 4663 1960 6662
1402 4679 4719 1991 6650
1403 4723 4648 1899 6573
1404 4775 4663 1955 6569
1405 4762 4725 1928 6687
1406 4632 4636 1956 6652
1407 4486 4519 1964 6470
1408 4728 4490 1913 6472
1409 4731 4809 2051 6754
1410 4741 4823 1919 6665
1411 4802 4743 1992 6780
1412 4691 4812 1932 6805
1413 4652 4676 2017 6547
1414 4659 4642 1981 6530
1415 4636 4661 1972 6572
1416 4560 4657 1948 6670
1417 4791 4662 1891 6618
1418 4660 4746 1960 6635
1419 4759 4606 1961 6566
1420 4772 4701 1981 6665
1421 4804 4713 2031 6669
1422 4799 4751 2036 6714
1423 4736 4755 2016 6692
1424 4916 4742 1965 6683
1425 4781 4830 1952 6864
1426 4828 4797 1960 6764
1427 4709 4808 1903 6766
1428 4708 4705 1954 6695
1429 4781 4694 1885 6659
1430 4849 4637 1960 6565
1431 4730 4736 1947 6826
1432 4628 4743 1923 6693
1433 4812 4639 1925 6663
1434 4718 4816 1990 6710
1435 4673 4705 1902 6640
1436 4692 4724 1934 6693
1437 4871 4764 1958 6709
1438 4848 4852 1936 6854
1439 4835 4788 2022 6748
1440 4596 4852 1993 6806
1441 4805 4705 1996 6590
1442 4769 4856 1936 6854
1443 4679 4725 1994 6631
1444 4711 4702 1919 6645
1445 4706 4718 1989 6649
1446 4674 4766 1890 6693
1447 4646 4655 1947 6585
1448 4666 4722 1987 6698
1449 4688 4651 1930 6612
1450 4672 4662 1882 6514
1451 4647 4612 2002 6486
1452 4769 4706 2027 6632
1453 4836 4910 1978 6824
1454 4930 4854 1969 6867
1455 4893 4898 1949 6891
1456 4711 4901 2060 6838
1457 4691 4811 1982 6698
1458 4868 4766 1968 6667
1459 4959 4781 1916 6751
1460 4789 4954 1999 6931
1461 4790 4812 2000 6813
1462 4683 4846 2024 6807
1463 4730 4726 1959 6639
1464 4753 4717 1922 6682
1465 4706 4770 1986 6706
1466 4633 4714 1981 6695
1467 4777 4773 1876 6712
1468 4763 4893 2000 6782
1469 4818 4823 2007 6800
1470 4807 4950 1990 6975
1471 4928 4894 1965 6827
1472 5003 4955 1985 6842
1473 4730 4876 2045 6951
1474 4818 4781 1991 6732
1475 4915 4863 1968 6821
1476 4927 4856 1961 6848
1477 4757 4839 2077 6846
1478 4686 4797 2028 6749
1479 4728 4785 2016 6781
1480 4838 4782 1936 6743
1481 4994 4783 1977 6768
1482 4897 4932 1948 6986
1483 4857 4827 2063 6860
1484 4891 4854 1940 6792
1485 4870 4807 1999 6776
1486 4892 4760 1943 6753
1487 4728 4875 2115 6860
1488 4848 4856 1944 6814
1489 4873 4847 1957 6805
1490 4918 4803 2107 6789
1491 4861 4914 1977 6958
1492 4910 4900 1974 6815
1493 4953 4911 2032 6975
1494 4889 4968 1966 6933
1495 4843 4946 2062 6990
1496 5010 4905 1995 6910
1497 4906 5015 2047 7057
1498 4928 5093 1928 7144
1499 4831 5000 2032 7049
1500 4928 4954 1928 7018
1501 4963 4909 2040 6905
1502 4904 4950 2029 6943
1503 4898 4927 1915 7001
1504 4836 4852 2063 6788
1505 4725 4809 1915 6832
1506 4764 4763 1968 6823
1507 4848 4807 2000 6705
1508 4750 4887 2047 6861
1509 4859 4864 1999 6836
1510 4965 4962 1986 6993
1511 4986 5016 1911 6978
1512 4894 4918 2045 6980
1513 4981 4981 1976 6957
1514 4876 4977 1936 6956
1515 4980 4865 1957 6964
1516 4918 4952 1968 6947
1517 4839 4925 2033 6916
1518 4702 4890 1950 6870
1519 4697 4804 1962 6749
1520 4851 4704 1976 6695
1521 5008 4816 2014 6771
1522 4730 4981 2025 6930
1523 4829 4862 2024 6792
1524 4953 4938 1968 6865
1525 4902 4891 1954 6900
1526 4873 4886 1951 6876
1527 4877 4865 1999 6742
1528 4919 4771 2061 6756
1529 4848 4877 2087 6863
1530 4687 4944 2025 6959
1531 4779 4846 1978 6782
1532 4832 4889 2011 6830
1533 4915 4872 2028 6842
1534 4856 4816 2020 6832
1535 4900 4841 2025 6910
1536 4944 4922 2031 6906
1537 4932 4965 1973 6970
1538 5113 4885 2008 6916
1539 5115 5069 2115 7051
1540 5126 5114 1954 7091
1541 4961 5037 2057 7111
1542 4980 4918 1970 7007
1543 4966 4996 2002 6965
1544 4890 4936 1977 6953
1545 4845 4868 2032 6862
1546 4951 4842 1919 6859
1547 4895 4925 2082 6966
1548 4933 4880 1971 6844
1549 5031 5006 2052 7031
1550 4950 5064 2062 7091
1551 5011 4977 1995 6962
1552 4972 4956 2161 7050
1553 4909 5041 1961 7097
1554 4908 5007 1985 7002
1555 4997 4911 2018 6955
1556 4910 4957 2002 6981
1557 4981 4937 2017 6994
1558 4981 5040 2039 7030
1559 4825 5053 2027 7049
1560 4894 4935 1970 6898
1561 4927 4926 1975 6952
1562 4856 4939 2051 6912
1563 4891 4863 1995 6920
1564 4894 4922 2066 6971
1565 4965 4861 1987 6801
1566 4977 4955 2045 6937
1567 4934 4897 2016 6901
1568 4982 4892 2003 6963
1569 4937 4900 1925 6959
1570 4959 4957 1981 6966
1571 4745 4915 2085 6891
1572 4812 4894 1922 6857
1573 4962 4855 1987 6811
1574 5049 5017 2027 6958
1575 5037 4987 2018 7069
1576 4976 5111 2062 7153
1577 4799 4987 1975 7003
1578 5023 4893 1943 6879
1579 5040 4976 2006 7014
1580 4983 5020 2059 7091
1581 4981 5046 2036 7050
1582 5119 5077 1989 7193
1583 5104 5198 1970 7165
1584 4887 5032 2091 7016
1585 5178 4836 2010 6829
1586 5130 5097 2032 7191
1587 4924 5056 2072 7077
1588 4997 4901 2020 6910
1589 5000 5012 1988 7107
1590 5011 5095 1957 7109
1591 4975 5075 2039 7114
1592 4975 5038 2025 7023
1593 4840 4990 1997 7049
1594 4895 4887 1967 6960
1595 4925 4919 2011 6880
1596 4800 4886 1998 6906
1597 4768 4877 1992 6847
1598 4879 4938 1986 6884
1599 4988 5013 1940 7002
1600 4905 4984 1978 6992
1601 4750 4844 2027 6847
1602 4882 4755 1899 6773
1603 5017 4832 2004 6931
1604 4965 4992 1993 6998
1605 4977 4814 1992 6851
1606 4981 4873 2046 6855
1607 4952 4914 2067 6892
1608 4951 4906 2016 6904
1609 4926 5002 2058 7011
1610 4853 4937 1991 6980
1611 5000 4885 2013 6881
1612 4956 4980 2019 6999
1613 5006 5022 1982 7068
1614 5042 5028 1929 7040
1615 4912 5044 2022 7094
1616 4899 4936 2041 6982
1617 4984 4942 1932 6945
1618 4896 4992 2060 6944
1619 5023 4913 1916 6878
1620 4842 4909 2026 7029
1621 4800 4923 1972 6897
1622 4952 4886 2021 6898
1623 5043 4979 2093 6970
1624 4904 5056 1971 7170
1625 5051 4896 1945 6951
1626 5043 4976 2044 7009
1627 5137 4974 1923 6968
1628 4982 5043 2031 7106
1629 5132 4941 2053 6955
1630 5035 5189 1959 7233
1631 4956 5082 1958 7114
1632 5046 4985 2005 6995
1633 5001 5050 1999 7100
1634 4899 4940 2051 6997
1635 4987 4907 2033 7007
1636 5085 5054 2039 6978
1637 4946 5094 1959 7184
1638 4864 5022 2005 7046
1639 4908 4919 1955 6864
1640 5085 4875 2021 6962
1641 5051 5099 1990 7110
1642 4915 4998 1968 7093
1643 4919 4960 2038 6920
1644 5124 4940 1958 6899
1645 5014 5006 2010 7008
1646 4876 4951 2060 6973
1647 4885 4983 1961 6918
1648 4784 4960 1964 6948
1649 4839 4839 2062 6813
1650 4849 4928 2051 6882
1651 4947 4800 1993 6738
1652 5004 4893 1955 6919
1653 4989 4974 1978 6993
1654 5080 4934 2094 6953
1655 5099 5078 2060 7093
1656 5137 5011 2051 7088
1657 5106 5096 2039 7220
1658 5030 5147 2019 7214
1659 5133 5089 2047 7098
1660 5013 5235 2039 7299
1661 5099 5093 2029 7094
1662 5158 5080 2067 7172
1663 5090 5212 1941 7212
1664 4852 4992 2121 7013
1665 5103 4925 1977 6959
1666 5160 5093 2049 7186
1667 5141 5156 2100 7243
1668 5043 5257 1994 7282
1669 5063 5056 2059 7134
1670 5011 5052 1968 7113
1671 5115 4983 2046 6984
1672 5074 5073 2035 7053
1673 5120 5044 2029 7036
1674 5127 5116 2060 7172
1675 5161 5194 2031 7230
1676 5159 5161 2022 7243
1677 5131 5164 2067 7184
1678 4990 5113 2093 7151
1679 5037 5031 2024 7072
1680 5008 5079 2021 7100
1681 5065 4980 1995 7028
1682 5135 4959 2067 6969
1683 5182 5031 1963 7122
1684 5116 5065 2158 7071
1685 5172 5023 2027 7061
1686 5059 5184 2073 7223
1687 5089 5133 2031 7185
1688 5104 5200 2068 7233
1689 5118 5171 2107 7219
1690 5079 5118 2023 7189
1691 5062 5016 2079 7075
1692 5037 5117 2087 7151
1693 5170 5110 2104 7150
1694 5037 5143 2053 7255
1695 5057 5125 2069 7175
1696 5115 5040 2035 7011
1697 5164 5024 1992 7067
1698 5343 5033 2045 7041
1699 5235 5135 2126 7201
1700 5321 5175 2114 7239
1701 5214 5190 2157 7277
1702 5227 5214 2050 7267
1703 5142 5259 2099 7422
1704 5155 5304 2123 7404
1705 5126 5267 2039 7292
1706 5026 5145 2117 7205
1707 5116 5104 2024 7133
1708 5035 5194 2095 7313
1709 5118 5175 1992 7240
1710 5218 5115 2101 7118
1711 5191 5141 2054 7167
1712 5202 5100 2038 7287
1713 5240 5199 2064 7229
1714 5217 5222 2053 7275
1715 5257 5130 2136 7173
1716 5253 5229 2141 7346
1717 5253 5354 2072 7455
1718 5174 5290 2083 7412
1719 5212 5219 2104 7340
1720 5142 5319 2119 7395
1721 5219 5261 2089 7339
1722 5211 5275 2078 7342
1723 5204 5211 2095 7316
1724 5105 5172 2168 7247
1725 5208 5153 2031 7241
1726 5278 5218 2112 7236
1727 5150 5324 2112 7438
1728 5304 5123 2158 7186
1729 5266 5274 2079 7416
1730 5206 5197 2185 7316
1731 5378 5220 2091 7304
1732 5316 5305 2093 7434
1733 5366 5263 2060 7428
1734 5306 5213 2147 7332
1735 5228 5220 2161 7299
1736 5185 5222 2051 7368
1737 5151 5195 2069 7219
1738 5301 5116 2061 7223
1739 5137 5278 2092 7426
1740 5204 5212 2134 7271
1741 5242 5277 2055 7296
1742 5270 5273 2078 7428
1743 5367 5331 2089 7494
1744 5297 5434 2025 7518
1745 5381 5270 2134 7343
1746 5392 5394 2102 7455
1747 5276 5371 2125 7568
1748 5231 5369 2098 7494
1749 5245 5307 2073 7367
1750 5316 5183 2024 7274
1751 5317 5270 2137 7464
1752 5185 5329 2063 7471
1753 5130 5222 2018 7245
1754 5182 5057 2038 7136
1755 5266 5071 2076 7054
1756 5347 5198 2013 7314
1757 5236 5313 2082 7452
1758 5202 5166 2122 7178
1759 5266 5112 2095 7249
1760 5314 5183 2087 7242
1761 5228 5193 2089 7305
1762 5189 5256 1989 7379
1763 5269 5161 2060 7334
1764 5228 5331 2052 7356
1765 5069 5259 2032 7353
1766 5129 5089 2021 7159
1767 5156 5123 2030 7153
1768 5149 5005 2111 7082
1769 5317 5160 2116 7203
1770 5156 5350 2093 7355
1771 5152 5119 2060 7205
1772 5245 5248 2106 7277
1773 5297 5283 2069 7315
1774 5293 5296 2079 7407
1775 5213 5239 2048 7348
1776 5149 5210 1969 7283
1777 5231 5138 2096 7190
1778 5137 5203 2076 7245
1779 5128 5098 2173 7160
1780 5194 5256 2077 7331
1781 5187 5340 2073 7484
1782 5219 5259 2090 7300
1783 5292 5347 2092 7383
1784 5274 5279 2084 7313
1785 5304 5242 2086 7351
1786 5440 5375 2117 7420
1787 5382 5410 2110 7446
1788 5286 5298 2183 7393
1789 5257 5214 2067 7313
1790 5261 5274 2152 7411
1791 5323 5299 2053 7431
1792 5304 5269 2126 7430
1793 5300 5202 2092 7304
1794 5298 5247 2070 7464
1795 5247 5252 2098 7335
1796 5298 5250 2091 7365
1797 5315 5277 2122 7355
1798 5350 5302 2187 7444
1799 5183 5330 2089 7381
1800 5192 5168 2083 7312
1801 5302 5124 2137 7234
1802 5317 5340 2193 7440
1803 5344 5315 2144 7497
1804 5507 5439 2171 7568
1805 5406 5526 2203 7664
1806 5465 5414 2131 7621
1807 5531 5462 2207 7636
1808 5407 5528 2203 7788
1809 5377 5521 2098 7674
1810 5390 5422 2154 7603
1811 5464 5270 2102 7373
1812 5386 5269 2224 7348
1813 5476 5342 2147 7575
1814 5594 5530 2176 7682
1815 5519 5591 2099 7750
1816 5408 5512 2105 7688
1817 5464 5365 2213 7523
1818 5502 5509 2200 7681
1819 5491 5567 2099 7781
1820 5375 5507 2251 7653
1821 5301 5476 2125 7594
1822 5119 5405 2079 7649
1823 5229 5254 2034 7373
1824 5297 5259 2132 7285
1825 5244 5282 2112 7376
1826 5256 5307 1991 7437
1827 5459 5151 2099 7225
1828 5400 5336 2289 7447
1829 5347 5458 2099 7562
1830 5351 5369 2165 7404
1831 5368 5279 2093 7455
1832 5431 5264 2123 7388
1833 5394 5299 2132 7523
1834 5359 5386 2127 7554
1835 5488 5480 2132 7606
1836 5575 5561 2146 7746
1837 5448 5621 2112 7759
1838 5438 5364 2048 7512
1839 5320 5330 2053 7513
1840 5419 5222 2194 7346
1841 5367 5444 2193 7540
1842 5403 5400 2125 7535
1843 5435 5419 2099 7514
1844 5430 5339 2160 7504
1845 5516 5421 2129 7549
1846 5321 5502 2099 7687
1847 5336 5265 2134 7377
1848 5299 5394 2105 7561
1849 5317 5386 2099 7424
1850 5304 5279 2095 7374
1851 5339 5260 2092 7434
1852 5253 5349 2110 7466
1853 5415 5293 2120 7431
1854 5424 5421 1998 7607
1855 5445 5370 2088 7470
1856 5432 5332 2103 7492
1857 5151 5429 2127 7591
1858 5173 5336 2078 7482
1859 5277 5223 2109 7306
1860 5215 5316 2128 7461
1861 5328 5235 2099 7380
1862 5404 5351 2166 7522
1863 5396 5434 2066 7719
1864 5313 5407 2146 7575
1865 5392 5364 2047 7504
1866 5461 5370 2174 7568
1867 5382 5453 2203 7570
1868 5512 5462 2076 7595
1869 5381 5608 2056 7701
1870 5554 5358 2025 7451
1871 5470 5364 2126 7493
1872 5424 5399 2161 7558
1873 5330 5407 2123 7584
1874 5418 5398 2053 7486
1875 5384 5415 2042 7518
1876 5260 5251 2171 7369
1877 5370 5180 2089 7264
1878 5289 5285 2149 7435
1879 5310 5338 2098 7506
1880 5389 5436 2119 7601
1881 5396 5453 2148 7510
1882 5502 5420 2112 7560
1883 5445 5501 2063 7645
1884 5299 5435 2101 7516
1885 5277 5308 2109 7486
1886 5320 5378 2086 7485
1887 5220 5384 2050 7443
1888 5241 5368 2114 7439
1889 5244 5377 2021 7464
1890 4999 5300 2068 7397
1891 5224 4940 2087 7014
1892 5241 5196 2095 7290
1893 5250 5241 2095 7375
1894 5176 5287 2032 7401
1895 5229 5203 2046 7236
1896 5108 5202 2140 7290
1897 5333 5216 2038 7279
1898 5407 5327 2104 7396
1899 5256 5292 2122 7397
1900 5258 5281 2161 7299
1901 5258 5360 2060 7417
1902 5313 5285 2071 7439
1903 5274 5314 2052 7437
1904 5304 5384 1978 7546
1905 5353 5303 2057 7367
1906 5283 5299 2048 7401
1907 5370 5253 2161 7351
1908 5327 5410 2151 7416
1909 5491 5376 2090 7496
1910 5307 5468 2101 7588
1911 5340 5301 2089 7472
1912 5438 5349 2114 7501
1913 5371 5437 2015 7593
1914 5401 5312 2122 7374
1915 5398 5356 2129 7425
1916 5466 5425 2165 7550
1917 5302 5481 2059 7618
1918 5265 5424 2084 7571
1919 5269 5376 2065 7455
1920 5441 5218 2097 7351
1921 5403 5442 2059 7550
1922 5339 5255 2084 7382
1923 5317 5196 2102 7391
1924 5446 5342 2120 7390
1925 5398 5367 2124 7508
1926 5328 5345 2187 7459
1927 5303 5338 2055 7499
1928 5331 5407 2167 7566
1929 5416 5432 2083 7532
1930 5331 5476 2108 7660
1931 5385 5358 2078 7458
1932 5401 5427 2135 7570
1933 5582 5446 2086 7549
1934 5427 5484 2189 7618
1935 5415 5454 2034 7660
1936 5347 5398 2128 7513
1937 5310 5401 2084 7590
1938 5470 5382 2090 7420
1939 5386 5451 2114 7560
1940 5228 5406 2099 7533
1941 5331 5235 2109 7331
1942 5448 5280 2075 7369
1943 5360 5377 2083 7511
1944 5332 5346 2136 7419
1945 5422 5346 2155 7421
1946 5345 5462 2111 7497
1947 5291 5392 2171 7461
1948 5328 5344 2097 7440
1949 5426 5288 2124 7388
1950 5448 5377 2156 7562
1951 5405 5422 2177 7547
1952 5384 5385 2078 7634
1953 5458 5417 2074 7582
1954 5564 5391 2155 7520
1955 5377 5508 2133 7745
1956 5489 5474 2188 7591
1957 5495 5472 2134 7626
1958 5524 5454 2141 7670
1959 5511 5462 2123 7681
1960 5527 5512 2152 7660
1961 5492 5502 2117 7709
1962 5526 5503 2192 7600
1963 5387 5388 2226 7600
1964 5501 5424 2135 7614
1965 5554 5579 2069 7771
1966 5464 5545 2145 7717
1967 5426 5449 2141 7604
1968 5377 5440 2133 7609
1969 5489 5461 2072 7644
1970 5331 5566 2048 7648
1971 5398 5351 2080 7475
1972 5400 5369 2121 7501
1973 5434 5387 2170 7478
1974 5442 5435 2144 7595
1975 5519 5467 2078 7603
1976 5575 5481 2060 7660
1977 5497 5500 2081 7703
1978 5345 5503 2077 7657
1979 5550 5384 2150 7432
1980 5475 5566 2062 7745
1981 5294 5496 2119 7601
1982 5219 5282 2126 7435
1983 5496 5353 2053 7455
1984 5540 5512 2184 7584
1985 5589 5472 2176 7607
1986 5519 5590 2234 7716
1987 5650 5526 2220 7719
1988 5661 5743 2252 7921
1989 5619 5766 2204 7992
1990 5560 5681 2119 7870
1991 5505 5538 2170 7714
1992 5531 5481 2183 7602
1993 5599 5571 2172 7762
1994 5657 5583 2134 7722
1995 5549 5584 2198 7773
1996 5633 5612 2135 7711
1997 5582 5617 2231 7803
1998 5548 5642 2146 7882
1999 5292 5595 2108 7843
2000 5341 5349 2164 7473
2001 5285 5356 2179 7481
2002 5426 5310 2143 7433
2003 5531 5468 2142 7656
2004 5547 5523 2170 7710
2005 5615 5519 2209 7695
2006 5524 5569 2151 7757
2007 5471 5447 2118 7532
2008 5437 5378 2151 7550
2009 5376 5479 2164 7660
2010 5476 5515 2101 7683
2011 5609 5505 2129 7716
2012 5524 5567 2207 7756
2013 5527 5523 2139 7681
2014 5493 5494 2108 7649
2015 5492 5430 2120 7566
2016 5547 5430 2112 7670
2017 5490 5595 2124 7671
2018 5576 5457 2173 7583
2019 5464 5491 2150 7671
2020 5465 5378 2146 7529
2021 5634 5440 2167 7654
2022 5508 5599 2074 7772
2023 5590 5413 2092 7554
2024 5560 5526 2094 7727
2025 5599 5552 2165 7674
2026 5623 5604 2096 7785
2027 5524 5586 2170 7736
2028 5482 5513 2078 7693
2029 5403 5492 2029 7757
2030 5522 5466 2212 7676
2031 5413 5607 2112 7737
2032 5564 5490 2126 7613
2033 5440 5515 2076 7637
2034 5446 5412 2144 7516
2035 5489 5427 2161 7653
2036 5438 5499 2146 7600
2037 5474 5417 2114 7608
2038 5565 5396 2132 7618
2039 5463 5513 2032 7700
2040 5447 5361 2080 7536
2041 5576 5426 2193 7529
2042 5623 5556 2201 7736
2043 5597 5621 2159 7931
2044 5578 5656 2119 7822
2045 5566 5525 2172 7736
2046 5703 5583 2142 7781
2047 5648 5639 2181 7906
2048 5594 5708 2155 7906
2049 5588 5650 2221 7798
2050 5658 5684 2085 7854
2051 5644 5560 2095 7808
2052 5633 5515 2201 7782
2053 5553 5620 2074 7779
2054 5626 5494 2069 7677
2055 5399 5452 2154 7696
2056 5524 5313 2110 7462
2057 5482 5415 2100 7656
2058 5438 5467 2105 7593
2059 5515 5474 2133 7648
2060 5450 5451 2125 7629
2061 5518 5472 2113 7596
2062 5578 5501 2170 7680
2063 5489 5642 2111 7835
2064 5613 5488 2175 7562
2065 5683 5524 2082 7766
2066 5578 5626 2176 7844
2067 5653 5511 2165 7683
2068 5552 5648 2172 7905
2069 5600 5571 2159 7696
2070 5541 5654 2139 7901
2071 5544 5523 2110 7670
2072 5670 5419 2083 7546
2073 5759 5574 2077 7760
2074 5661 5614 2203 7816
2075 5477 5590 2217 7702
2076 5560 5569 2034 7712
2077 5593 5491 2196 7659
2078 5619 5539 2182 7673
2079 5769 5573 2189 7809
2080 5566 5802 2171 7982
2081 5501 5546 2220 7682
2082 5531 5503 2120 7717
2083 5792 5601 2179 7780
2084 5759 5708 2186 7936
2085 5724 5688 2239 7916
2086 5616 5680 2038 7896
2087 5704 5583 2218 7785
2088 5752 5748 2073 7902
2089 5723 5750 2253 7927
2090 5750 5688 2181 7851
2091 5674 5708 2131 7911
2092 5610 5568 2185 7830
2093 5635 5650 2170 7796
2094 5624 5716 2162 7780
2095 5621 5620 2190 7771
2096 5581 5615 2116 7803
2097 5631 5600 2199 7823
2098 5438 5633 2097 7771
2099 5609 5444 2127 7589
2100 5567 5586 2232 7726
2101 5640 5601 2160 7818
2102 5593 5693 2221 7849
2103 5667 5614 2134 7781
2104 5568 5653 2112 7883
2105 5603 5622 2088 7784
2106 5543 5543 2149 7747
2107 5409 5565 2099 7755
2108 5453 5399 2013 7556
2109 5622 5467 2091 7622
2110 5514 5686 1999 7779
2111 5475 5397 2166 7529
2112 5492 5402 2117 7528
2113 5520 5440 2128 7573
2114 5450 5531 2082 7685
2115 5552 5401 2116 7504
2116 5563 5439 2091 7677
2117 5636 5473 2085 7571
2118 5493 5521 2149 7711
2119 5567 5459 2119 7623
2120 5502 5391 2164 7564
2121 5513 5401 2098 7629
2122 5661 5394 2128 7544
2123 5631 5559 2139 7854
2124 5524 5566 2168 7760
2125 5452 5629 2037 7731
2126 5401 5552 2069 7740
2127 5474 5421 2151 7473
2128 5535 5476 2079 7565
2129 5472 5531 2157 7672
2130 5448 5522 2156 7616
2131 5482 5403 2141 7463
2132 5560 5434 2093 7603
2133 5407 5489 2138 7667
2134 5586 5388 2159 7559
2135 5626 5564 2164 7752
2136 5722 5645 2135 7876
2137 5737 5747 2118 7930
2138 5779 5749 2225 8025
2139 5662 5803 2143 7985
2140 5727 5712 2159 7857
2141 5600 5702 2187 7849
2142 5624 5510 2164 7684
2143 5606 5604 2156 7771
2144 5633 5657 2071 7818
2145 5567 5581 2182 7821
2146 5618 5612 2154 7745
2147 5670 5606 2166 7813
2148 5684 5653 2121 7874
2149 5645 5740 2143 7941
2150 5543 5683 2080 7837
2151 5727 5537 2067 7650
2152 5695 5625 2103 7799
2153 5623 5649 2173 7735
2154 5563 5600 2132 7817
2155 5604 5581 2100 7709
2156 5623 5529 2072 7718
2157 5547 5582 2035 7729
2158 5449 5452 2153 7572
2159 5513 5469 2090 7564
2160 5410 5511 2084 7653
2161 5457 5465 2062 7552
2162 5412 5500 2094 7601
2163 5565 5476 2125 7588
2164 5546 5534 2127 7658
2165 5499 5616 2112 7788
2166 5460 5455 2094 7659
2167 5527 5472 2136 7561
2168 5404 5497 2103 7709
2169 5502 5417 2069 7618
2170 5582 5519 2150 7593
2171 5473 5543 2106 7649
2172 5520 5479 2043 7699
2173 5489 5526 2043 7651
2174 5544 5477 2123 7596
2175 5430 5488 2165 7601
2176 5349 5494 2093 7612
2177 5503 5390 1998 7489
2178 5412 5397 2085 7477
2179 5503 5323 2068 7419
2180 5448 5445 2099 7584
2181 5487 5433 2103 7529
2182 5396 5417 2108 7504
2183 5397 5369 2055 7508
2184 5446 5424 2036 7524
2185 5482 5433 2129 7514
2186 5333 5461 2064 7596
2187 5404 5394 2058 7521
2188 5482 5414 2018 7501
2189 5520 5491 2132 7621
2190 5560 5585 2100 7660
2191 5542 5535 2061 7665
2192 5352 5534 2054 7678
2193 5322 5384 2091 7530
2194 5393 5400 2049 7499
2195 5407 5393 2019 7505
2196 5440 5377 2031 7573
2197 5562 5452 2072 7594
2198 5508 5639 2112 7792
2199 5501 5578 2099 7686
2200 5558 5549 2046 7680
2201 5469 5671 2082 7806
2202 5523 5571 2137 7523
2203 5341 5549 2043 7657
2204 5437 5365 2048 7590
2205 5177 5501 2047 7604
2206 5280 5245 2112 7403
2207 5392 5440 2065 7541
2208 5524 5495 2025 7587
2209 5518 5520 2085 7574
2210 5509 5469 2073 7517
2211 5520 5443 2070 7577
2212 5523 5497 2080 7641
2213 5422 5504 2093 7596
2214 5600 5481 2044 7679
2215 5628 5558 2126 7680
2216 5456 5666 2037 7809
2217 5403 5510 2077 7702
2218 5343 5494 2073 7500
2219 5334 5353 2003 7467
2220 5378 5372 2069 7537
2221 5332 5566 2029 7579
2222 5506 5381 2057 7493
2223 5569 5546 2076 7681
2224 5482 5579 2146 7684
2225 5530 5503 2105 7652
2226 5617 5569 2088 7740
2227 5555 5601 2087 7769
2228 5573 5585 2160 7763
2229 5441 5655 2066 7736
2230 5422 5405 2043 7548
2231 5518 5433 2060 7562
2232 5502 5570 2137 7740
2233 5367 5670 2133 7738
2234 5531 5494 2002 7604
2235 5462 5560 2053 7694
2236 5515 5556 2069 7614
2237 5429 5550 2096 7661
2238 5464 5447 2095 7542
2239 5517 5484 2041 7569
2240 5470 5478 2057 7661
2241 5464 5531 1998 7553
2242 5467 5390 2082 7484
2243 5601 5469 2038 7617
2244 5654 5618 2051 7727
2245 5551 5605 2111 7677
2246 5409 5428 2084 7513
2247 5558 5321 2137 7536
2248 5553 5585 2007 7756
2249 5490 5494 2123 7719
2250 5328 5561 2159 7668
2251 5463 5468 2028 7609
2252 5596 5508 2009 7654
2253 5639 5481 2035 7609
2254 5526 5561 2058 7716
2255 5486 5464 2100 7544
2256 5492 5520 2025 7622
2257 5427 5461 2011 7612
2258 5394 5451 2013 7586
2259 5483 5419 1998 7557
2260 5280 5558 1998 7639
2261 5427 5295 1913 7396
2262 5358 5340 2014 7387
2263 5288 5282 1958 7372
2264 5355 5231 1973 7356
2265 5336 5374 2017 7443
2266 5346 5402 1978 7460
2267 5385 5420 2015 7438
2268 5293 5362 1975 7455
2269 5271 5270 1961 7402
2270 5368 5334 2004 7391
2271 5294 5344 1948 7438
2272 5305 5312 2058 7401
2273 5281 5373 1983 7391
2274 5378 5272 1996 7384
2275 5345 5395 1970 7481
2276 5243 5400 1999 7483
2277 5305 5252 1963 7280
2278 5417 5289 2020 7399
2279 5476 5381 1999 7408
2280 5305 5421 2011 7459
2281 5168 5304 1880 7393
2282 5319 5203 1883 7250
2283 5372 5326 2008 7326
2284 5376 5343 2011 7399
2285 5439 5374 2034 7401
2286 5284 5371 2069 7447
2287 5341 5305 1991 7340
2288 5560 5387 1996 7482
2289 5338 5539 2003 7606
2290 5502 5338 1983 7387
2291 5336 5419 1988 7523
2292 5325 5293 1971 7405
2293 5328 5315 1986 7357
2294 5362 5327 1965 7303
2295 5343 5191 1979 7267
2296 5377 5215 1910 7260
2297 5288 5230 2026 7424
2298 5307 5312 1994 7365
2299 5443 5382 2081 7389
2300 5474 5454 2001 7470
2301 5289 5459 2055 7442
2302 5326 5314 2061 7334
2303 5340 5363 2048 7404
2304 5327 5388 2013 7445
2305 5282 5427 1901 7419
2306 5262 5214 1987 7318
2307 5325 5270 1994 7330
2308 5251 5297 1945 7386
2309 5278 5319 1970 7361
2310 5274 5326 1938 7343
2311 5117 5255 2019 7368
2312 5165 5296 1956 7305
2313 5244 5243 1858 7223
2314 4969 5222 2009 7246
2315 5020 5057 1832 7069
2316 5167 5024 1980 6940
2317 5127 5106 1944 7135
2318 5134 5134 1988 7150
2319 5044 5171 1927 7206
2320 5033 5113 1886 7093
2321 5166 5059 1954 7013
2322 5145 5141 1929 7112
2323 5204 5102 1924 7095
2324 5081 5139 1941 7131
2325 5164 5091 1846 7007
2326 5178 5030 1936 7022
2327 5069 5130 1891 7115
2328 5113 5097 1916 7063
2329 4997 5079 1907 7043
2330 5057 5012 1904 6952
2331 4955 5040 1854 7059
2332 4938 5005 1887 6985
2333 5028 4999 1903 6903
2334 4989 5111 1871 6981
2335 5124 4957 1967 6830
2336 5122 5074 1824 7080
2337 5025 5062 1847 7010
2338 5038 4948 1878 6961
2339 5013 5032 1818 6978
2340 4984 4977 1859 6893
2341 5064 4931 1847 6895
2342 5032 5077 1867 6979
2343 5010 4978 1904 6956
2344 4934 4997 1884 6943
2345 5084 4950 1882 6850
2346 5100 5117 1886 6998
2347 5113 5030 1851 6946
2348 5072 5036 1920 7024
2349 4982 5075 1878 6999
2350 4906 5060 1793 6983
2351 4922 4886 1863 6765
2352 4854 4904 1908 6757
2353 4997 4873 1796 6779
2354 5032 5015 1848 7001
2355 4983 5077 1899 6970
2356 4971 5086 1880 7045
2357 4936 5022 1815 6993
2358 5003 5060 1849 6973
2359 4960 5065 1861 7014
2360 4936 4966 1860 6895
2361 4950 4978 1797 6841
2362 5030 4840 1824 6768
2363 4995 4881 1801 6843
2364 5027 4963 1826 6847
2365 4875 4927 1889 6797
2366 5017 4829 1855 6719
2367 5017 5039 1869 6929
2368 5011 5080 1855 6954
2369 4977 5042 1763 6916
2370 4849 4980 1796 6913
2371 4847 4898 1786 6734
2372 4910 4806 1777 6667
2373 4899 4854 1841 6708
2374 4810 4899 1858 6767
2375 4875 4820 1783 6665
2376 4820 4869 1861 6681
2377 4689 4876 1776 6768
2378 4831 4756 1834 6611
2379 5030 4861 1759 6699
2380 4876 4989 1879 6909
2381 4956 4911 1800 6791
2382 4975 4946 1738 6823
2383 4729 4927 1779 6847
2384 4694 4689 1848 6519
2385 4684 4760 1811 6596
2386 4671 4739 1821 6639
2387 4770 4830 1733 6704
2388 4695 4955 1730 6712
2389 4813 4686 1787 6472
2390 4836 4767 1811 6676
2391 4788 4867 1783 6715
2392 4778 4875 1771 6634
2393 4779 4740 1726 6608
2394 4800 4744 1802 6577
2395 4703 4821 1814 6617
2396 4695 4764 1748 6552
2397 4764 4658 1791 6497
2398 4908 4667 1758 6458
2399 4780 4829 1769 6643
2400 4821 4733 1723 6574
2401 4664 4730 1747 6611
2402 4657 4715 1778 6562
2403 4536 4725 1705 6497
2404 4607 4653 1694 6455
2405 4661 4697 1740 6516
2406 4615 4708 1749 6437
2407 4681 4657 1740 6474
2408 4573 4693 1746 6459
2409 4521 4594 1716 6398
2410 4630 4601 1690 6357
2411 4699 4472 1679 6217
2412 4610 4505 1769 6345
2413 4644 4508 1710 6362
2414 4611 4555 1670 6431
2415 4519 4578 1756 6367
2416 4619 4490 1716 6331
2417 4709 4633 1676 6417
2418 4688 4718 1744 6472
2419 4722 4717 1774 6511
2420 4589 4700 1818 6487
2421 4624 4681 1695 6476
2422 4665 4676 1801 6404
2423 4657 4717 1746 6595
2424 4675 4756 1703 6556
2425 4466 4639 1688 6475
2426 4561 4443 1825 6156
2427 4500 4617 1691 6315
2428 4628 4532 1715 6351
2429 4537 4678 1620 6432
2430 4586 4553 1706 6298
2431 4491 4585 1746 6372
2432 4481 4574 1668 6307
2433 4356 4551 1612 6241
2434 4490 4382 1603 6126
2435 4524 4541 1655 6230
2436 4530 4525 1724 6236
2437 4474 4544 1699 6283
2438 4542 4467 1614 6227
2439 4556 4525 1672 6240
2440 4592 4531 1660 6266
2441 4519 4609 1634 6294
2442 4454 4518 1638 6216
2443 4448 4406 1677 6122
2444 4439 4441 1659 6102
2445 4432 4377 1652 6073
2446 4505 4330 1622 5992
2447 4490 4422 1616 6189
2448 4460 4392 1639 6136
2449 4372 4530 1616 6179
2450 4434 4440 1625 6029
2451 4396 4427 1553 6079
2452 4360 4303 1632 5975
2453 4430 4230 1580 5930
2454 4367 4398 1620 6090
2455 4356 4284 1641 5953
2456 4354 4335 1668 6035
2457 4399 4431 1643 6069
2458 4521 4431 1656 6050
2459 4460 4428 1614 6101
2460 4369 4323 1663 6057
2461 4268 4353 1644 6026
2462 4284 4260 1566 5981
2463 4262 4327 1535 5986
2464 4283 4220 1585 5943
2465 4351 4263 1503 5958
2466 4324 4334 1609 5969
2467 4339 4244 1626 5854
2468 4244 4321 1610 6021
2469 4208 4251 1589 5843
2470 4195 4174 1570 5772
2471 4276 4200 1550 5821
2472 4411 4254 1541 5920
2473 4443 4326 1500 5928
2474 4332 4318 1629 5919
2475 4323 4236 1532 5867
2476 4277 4246 1575 5946
2477 4166 4324 1539 5941
2478 4237 4189 1545 5780
2479 4229 4259 1563 5889
2480 4140 4237 1544 5864
2481 4157 4132 1569 5715
2482 4222 4237 1493 5894
2483 4102 4233 1548 5822
2484 4087 4108 1547 5782
2485 4064 4159 1514 5861
2486 4046 4183 1503 5728
2487 4021 4085 1475 5752
2488 4036 4124 1482 5672
2489 4067 4098 1515 5706
2490 4074 4185 1438 5736
2491 4083 4113 1544 5641
2492 4041 4205 1475 5751
2493 4088 4155 1527 5656
2494 4112 4101 1473 5665
2495 4001 4071 1475 5658
2496 3962 3892 1500 5456
2497 4037 3901 1463 5433
2498 4040 3867 1471 5446
2499 4095 3965 1503 5569
2500 4023 4146 1458 5738
2501 3911 4027 1467 5555
2502 4013 3923 1412 5440
2503 4069 3980 1455 5548
2504 4121 4035 1445 5630
2505 4063 4132 1447 5660
2506 4054 4100 1524 5571
2507 3971 4071 1464 5559
2508 3888 3995 1469 5475
2509 3871 3942 1449 5427
2510 3996 3932 1465 5436
2511 3997 3997 1472 5427
2512 3974 3925 1498 5475
2513 4110 4007 1498 5516
2514 4050 4126 1499 5636
2515 4076 4064 1387 5624
2516 4036 4085 1484 5559
2517 4001 4019 1425 5524
2518 4019 3981 1413 5528
2519 4057 3986 1462 5458
2520 3937 3966 1431 5556
2521 3881 3896 1470 5409
2522 3920 3889 1467 5354
2523 3948 3894 1396 5389
2524 3900 3872 1469 5373
2525 3950 3877 1364 5418
2526 3949 3859 1458 5372
2527 3927 3921 1447 5379
2528 4004 3871 1436 5345
2529 3987 3954 1405 5528
2530 4030 3993 1455 5507
2531 3955 3989 1366 5440
2532 3969 3909 1415 5453
2533 3886 3943 1441 5412
2534 3768 3928 1373 5459
2535 3697 3920 1418 5342
2536 3918 3816 1302 5241
2537 3858 3964 1358 5421
2538 3792 3839 1419 5320
2539 3717 3874 1394 5376
2540 3756 3753 1355 5165
2541 3662 3777 1396 5230
2542 3590 3677 1374 5125
2543 3692 3666 1344 5054
2544 3704 3670 1365 5135
2545 3746 3728 1310 5147
2546 3743 3738 1380 5172
2547 3779 3740 1311 5196
2548 3672 3833 1281 5253
2549 3732 3766 1344 5188
2550 3787 3804 1377 5155
2551 3666 3684 1374 5161
2552 3620 3680 1267 5162
2553 3742 3647 1356 5058
2554 3651 3725 1299 5167
2555 3639 3652 1293 5031
2556 3561 3626 1312 5010
2557 3516 3625 1268 4986
2558 3614 3558 1237 4906
2559 3551 3586 1276 5027
2560 3515 3552 1342 4923
2561 3528 3561 1239 4933
2562 3606 3530 1263 4858
2563 3550 3577 1284 4977
2564 3584 3574 1319 4945
2565 3544 3673 1290 5012
2566 3590 3617 1294 4969
2567 3639 3653 1274 5013
2568 3646 3692 1309 5032
2569 3692 3586 1284 4917
2570 3569 3650 1281 5026
2571 3591 3597 1248 4967
2572 3489 3602 1194 4875
2573 3548 3429 1278 4777
2574 3449 3566 1243 4922
2575 3374 3490 1240 4773
2576 3374 3430 1251 4707
2577 3392 3411 1221 4670
2578 3469 3352 1250 4610
2579 3403 3442 1186 4773
2580 3470 3295 1266 4593
2581 3473 3446 1258 4759
2582 3407 3502 1268 4747
2583 3518 3410 1270 4695
2584 3406 3528 1230 4862
2585 3451 3431 1252 4705
2586 3349 3416 1285 4737
2587 3337 3341 1252 4679
2588 3431 3433 1183 4760
2589 3333 3450 1166 4755
2590 3392 3280 1230 4604
2591 3275 3284 1255 4569
2592 3361 3329 1187 4608
2593 3385 3410 1167 4694
2594 3267 3373 1187 4626
2595 3299 3174 1150 4457
2596 3267 3173 1241 4403
2597 3239 3258 1188 4525
2598 3298 3236 1187 4506
2599 3311 3320 1199 4615
2600 3322 3365 1213 4611
2601 3319 3393 1146 4598
2602 3316 3331 1196 4585
2603 3212 3358 1205 4577
2604 3234 3301 1244 4503
2605 3309 3221 1192 4441
2606 3355 3298 1180 4598
2607 3260 3389 1211 4628
2608 3268 3277 1160 4511
2609 3230 3274 1163 4517
2610 3198 3256 1177 4455
2611 3313 3288 1241 4519
2612 3346 3420 1177 4654
2613 3285 3398 1157 4661
2614 3268 3252 1152 4475
2615 3279 3248 1107 4506
2616 3170 3248 1166 4391
2617 3099 3135 1150 4330
2618 3249 3088 1178 4255
2619 3243 3239 1099 4494
2620 3224 3204 1188 4374
2621 3268 3145 1199 4347
2622 3219 3233 1152 4435
2623 3078 3235 1137 4396
2624 3120 3112 1139 4277
2625 3254 3127 1065 4298
2626 3153 3196 1102 4435
2627 3164 3177 1100 4370
2628 3147 3205 1154 4370
2629 3145 3208 1059 4355
2630 3146 3189 1107 4361
2631 3149 3134 1089 4285
2632 3147 3148 1083 4322
2633 3188 3066 1164 4275
2634 3153 3153 1098 4306
2635 3071 3104 1154 4259
2636 3178 3021 1063 4145
2637 3206 3094 1122 4259
2638 3089 3135 1092 4332
2639 3053 3082 1157 4216
2640 3067 3100 1050 4229
2641 3077 3020 1054 4195
2642 2986 3056 1092 4221
2643 3027 2985 1049 4088
2644 3007 2964 1108 4123
2645 3008 2973 1061 4095
2646 3000 2999 1072 4112
2647 3043 3050 1075 4188
2648 2983 3054 1042 4128
2649 2900 2945 1096 4084
2650 2931 2939 1000 4059
2651 2999 2930 1012 4020
2652 2912 2970 1025 4060
2653 2863 2935 1010 4043
2654 2861 2908 1020 4002
2655 2929 2879 999 3936
2656 2932 2884 987 3958
2657 2855 2877 983 3913
2658 2873 2826 1007 3838
2659 2767 2802 1048 3891
2660 2767 2801 1016 3881
2661 2762 2864 1000 3904
2662 2764 2828 963 3872
2663 2776 2778 932 3841
2664 2850 2752 951 3752
2665 2776 2775 1024 3809
2666 2812 2753 892 3831
2667 2760 2721 967 3747
2668 2717 2690 954 3724
2669 2683 2665 908 3655
2670 2786 2618 954 3627
2671 2831 2715 949 3719
2672 2744 2695 986 3750
2673 2756 2628 944 3671
2674 2642 2676 995 3677
2675 2613 2626 915 3628
2676 2533 2601 938 3625
2677 2591 2554 932 3558
2678 2605 2607 879 3609
2679 2578 2601 901 3585
2680 2670 2569 909 3562
2681 2722 2618 930 3621
2682 2681 2635 958 3654
2683 2688 2712 939 3703
2684 2572 2737 963 3731
2685 2538 2656 906 3665
2686 2469 2635 920 3569
2687 2586 2555 869 3553
2688 2548 2662 890 3631
2689 2500 2566 936 3525
2690 2409 2540 844 3511
2691 2514 2448 905 3382
2692 2649 2485 849 3438
2693 2563 2588 851 3530
2694 2429 2454 920 3411
2695 2359 2397 865 3354
2696 2419 2410 836 3327
2697 2385 2434 831 3353
2698 2426 2399 877 3288
2699 2359 2434 854 3367
2700 2435 2385 823 3287
2701 2435 2359 826 3250
2702 2354 2352 880 3252
2703 2411 2364 860 3282
2704 2455 2390 844 3282
2705 2454 2391 916 3275
2706 2309 2455 850 3336
2707 2370 2319 788 3230
2708 2408 2371 866 3208
2709 2337 2371 889 3272
2710 2320 2340 877 3213
2711 2376 2346 811 3230
2712 2436 2375 830 3271
2713 2503 2427 842 3329
2714 2459 2447 808 3331
2715 2313 2396 862 3306
2716 2308 2354 849 3174
2717 2301 2318 786 3226
2718 2240 2351 870 3185
2719 2351 2284 837 3087
2720 2302 2399 810 3258
2721 2302 2297 830 3147
2722 2271 2297 821 3204
2723 2321 2367 757 3212
2724 2312 2351 810 3188
2725 2366 2344 770 3220
2726 2276 2350 799 3136
2727 2246 2195 828 3014
2728 2333 2211 774 3062
2729 2228 2295 790 3160
2730 2194 2209 781 3055
2731 2128 2264 799 3077
2732 2178 2158 759 2964
2733 2234 2252 763 3070
2734 2202 2226 742 3018
2735 2126 2214 756 3032
2736 2049 2121 811 2925
2737 2127 2101 775 2886
2738 2151 2220 777 2988
2739 2209 2178 728 2980
2740 2184 2186 755 3013
2741 2196 2166 755 2907
2742 2099 2129 733 2895
2743 2110 2044 798 2855
2744 2034 2095 786 2868
2745 2041 2041 755 2827
2746 2167 2046 706 2806
2747 2135 2101 675 2879
2748 2133 2046 737 2855
2749 2083 2095 700 2881
2750 2015 2041 749 2778
2751 2047 2013 713 2773
2752 2137 2030 752 2808
2753 2012 2126 711 2838
2754 1994 1978 741 2753
2755 2032 2005 680 2730
2756 1986 2016 744 2760
2757 2023 2011 704 2789
2758 1992 2049 727 2805
2759 2015 2038 711 2793
2760 2048 2064 686 2767
2761 1954 2058 698 2830
2762 1949 1991 710 2726
2763 1985 2003 691 2718
2764 1887 2013 702 2738
2765 2044 1878 636 2593
2766 2016 2034 657 2814
2767 2051 1997 674 2686
2768 2032 1949 704 2722
2769 1869 1984 681 2720
2770 1892 1885 616 2598
2771 1969 1881 711 2575
2772 2040 1902 678 2619
2773 1891 2020 685 2729
2774 1908 1900 673 2588
2775 1910 1904 673 2641
2776 1804 1940 653 2629
2777 1897 1806 636 2510
2778 1865 1898 711 2589
2779 1872 1858 631 2551
2780 1948 1904 628 2611
2781 1841 1955 668 2651
2782 1885 1868 665 2570
2783 1914 1943 651 2607
2784 1884 1864 651 2551
2785 1857 1922 580 2626
2786 1768 1852 638 2541
2787 1766 1791 616 2481
2788 1727 1819 581 2489
2789 1663 1701 651 2351
2790 1755 1723 610 2359
2791 1763 1769 627 2417
2792 1694 1737 593 2429
2793 1620 1684 590 2312
2794 1749 1649 595 2251
2795 1704 1686 645 2342
2796 1716 1671 605 2311
2797 1625 1716 572 2333
2798 1642 1595 593 2249
2799 1672 1662 548 2262
2800 1663 1623 603 2243
2801 1718 1613 580 2283
2802 1649 1737 588 2369
2803 1718 1687 601 2309
2804 1651 1727 627 2346
2805 1658 1687 590 2333
2806 1764 1742 520 2363
2807 1699 1726 585 2346
2808 1696 1648 602 2273
2809 1675 1652 571 2276
2810 1579 1660 560 2271
2811 1683 1568 567 2180
2812 1672 1647 576 2250
2813 1735 1651 552 2283
2814 1646 1698 587 2282
2815 1580 1644 554 2269
2816 1641 1606 537 2200
2817 1621 1612 544 2198
2818 1552 1579 523 2198
2819 1574 1516 549 2112
2820 1534 1582 562 2147
2821 1487 1582 582 2116
2822 1472 1563 556 2142
2823 1439 1571 533 2168
2824 1432 1495 513 2030
2825 1447 1461 548 1994
2826 1440 1539 543 2122
2827 1465 1481 523 2014
2828 1488 1478 533 2067
2829 1538 1511 523 2109
2830 1415 1614 524 2200
2831 1465 1521 501 2036
2832 1516 1453 532 1986
2833 1513 1510 541 2069
2834 1505 1541 514 2104
2835 1505 1491 519 2043
2836 1545 1489 508 2055
2837 1452 1512 506 2062
2838 1450 1447 491 1989
2839 1472 1450 475 1984
2840 1510 1439 521 1960
2841 1443 1453 509 2017
2842 1473 1483 488 2046
2843 1504 1530 486 2065
2844 1414 1515 484 2042
2845 1444 1435 478 1941
2846 1436 1399 492 1938
2847 1443 1407 495 1923
2848 1462 1403 472 1951
2849 1435 1427 519 1962
2850 1402 1427 491 1956
2851 1359 1398 496 1898
2852 1374 1330 487 1826
2853 1374 1315 462 1856
2854 1360 1352 431 1850
2855 1421 1349 453 1867
2856 1345 1434 479 1891
2857 1307 1390 445 1888
2858 1252 1348 454 1829
2859 1251 1284 426 1755
2860 1271 1222 417 1703
2861 1301 1233 438 1726
2862 1291 1232 428 1688
2863 1327 1193 489 1663
2864 1275 1281 434 1754
2865 1241 1265 457 1741
2866 1323 1273 466 1727
2867 1347 1345 424 1837
2868 1324 1330 452 1820
2869 1281 1346 410 1823
2870 1248 1266 425 1723
2871 1274 1267 461 1714
2872 1248 1286 445 1717
2873 1242 1230 392 1688
2874 1303 1184 466 1612
2875 1164 1222 423 1661
2876 1183 1126 442 1609
2877 1192 1211 389 1645
2878 1152 1191 416 1634
2879 1212 1146 401 1555
2880 1186 1180 407 1596
2881 1169 1153 411 1600
2882 1136 1146 395 1568
2883 1098 1109 357 1559
2884 1092 1053 374 1486
2885 1117 1082 382 1504
2886 1139 1092 405 1495
2887 1128 1118 395 1529
2888 1118 1096 374 1519
2889 1085 1084 401 1528
2890 1077 1087 372 1506
2891 1072 1086 358 1470
2892 1042 1077 364 1481
2893 1016 1040 372 1439
2894 1035 1068 379 1461
2895 1071 1095 352 1506
2896 1073 1129 389 1504
2897 1054 1057 343 1491
2898 1012 1047 346 1436
2899 1047 1003 354 1376
2900 1026 1053 370 1442
2901 1055 1013 352 1381
2902 984 1035 345 1423
2903 948 992 310 1337
2904 938 937 326 1313
2905 936 954 331 1351
2906 937 990 335 1313
2907 1020 956 306 1328
2908 995 1028 328 1372
2909 995 984 314 1327
2910 1002 960 343 1322
2911 990 1024 311 1430
2912 958 1021 304 1384
2913 1019 932 329 1265
2914 988 988 342 1369
2915 976 992 328 1345
2916 942 953 318 1301
2917 959 930 298 1298
2918 990 957 306 1294
2919 920 977 332 1329
2920 906 958 298 1297
2921 898 923 302 1246
2922 872 915 305 1265
2923 839 903 294 1221
2924 860 872 298 1199
2925 912 895 317 1193
2926 911 922 311 1249
2927 901 931 289 1252
2928 837 914 298 1253
2929 832 847 313 1185
2930 800 840 285 1144
2931 851 807 298 1146
2932 886 879 289 1169
2933 873 901 309 1220
2934 847 891 281 1190
2935 874 851 301 1162
2936 842 855 291 1149
2937 824 873 268 1195
2938 777 848 268 1155
2939 789 806 275 1088
2940 852 780 260 1061
2941 778 803 254 1104
2942 767 733 292 1025
2943 762 763 251 1053
2944 811 771 251 1035
2945 779 771 264 1061
2946 740 758 241 1066
2947 786 700 248 977
2948 754 759 262 1045
2949 728 720 245 1012
2950 714 739 250 1017
2951 700 740 251 1015
2952 727 756 236 1013
2953 690 747 279 982
2954 710 706 259 986
2955 696 737 227 1014
2956 720 727 241 969
2957 713 737 218 991
2958 670 697 240 972
2959 655 676 247 928
2960 660 666 222 900
2961 646 672 266 947
2962 642 666 213 924
2963 689 669 222 903
2964 666 667 240 938
2965 689 687 245 931
2966 672 696 232 940
2967 688 670 227 930
2968 715 681 206 941
2969 644 700 228 975
2970 671 640 237 900
2971 684 683 223 931
2972 684 680 192 920
2973 665 674 235 902
2974 622 673 241 887
2975 608 673 229 921
2976 697 658 217 876
2977 706 685 242 933
2978 670 683 219 917
2979 613 664 170 897
2980 589 589 177 853
2981 588 586 199 789
2982 574 539 207 765
2983 569 557 226 792
2984 581 590 198 819
2985 575 633 188 863
2986 576 614 193 808
2987 582 550 183 759
2988 546 569 183 791
2989 515 542 180 784
2990 528 523 205 732
2991 538 549 177 755
2992 584 538 187 745
2993 565 587 197 790
2994 505 575 173 780
2995 517 522 165 733
2996 522 528 191 735
2997 530 547 194 723
2998 588 546 176 741
2999 527 600 189 786
3000 525 529 194 722
3001 551 530 167 717
3002 545 542 194 756
3003 515 544 173 737
3004 557 532 184 709
3005 544 545 160 738
3006 527 524 179 719
3007 491 513 156 697
3008 504 447 171 631
3009 432 455 180 658
3010 499 410 158 589
3011 449 492 185 691
3012 479 463 157 634
3013 476 475 169 656
3014 482 491 160 655
3015 520 473 182 649
3016 545 535 167 719
3017 531 541 192 708
3018 507 511 174 704
3019 502 494 169 677
3020 457 504 168 705
3021 442 491 148 671
3022 454 438 154 616
3023 475 445 162 623
3024 452 475 154 636
3025 492 466 159 625
3026 466 487 167 664
3027 447 440 147 594
3028 434 420 143 594
3029 448 411 143 569
3030 429 432 167 600
3031 425 459 132 613
3032 407 413 159 549
3033 440 409 140 545
3034 453 427 130 571
3035 397 420 138 582
3036 387 378 128 539
3037 395 383 134 530
3038 399 382 133 542
3039 394 404 121 551
3040 388 398 151 543
3041 415 407 122 536
3042 371 396 133 573
3043 369 375 140 514
3044 360 397 141 524
3045 414 382 122 517
3046 401 419 149 558
3047 369 423 135 573
3048 406 395 119 538
3049 415 402 124 561
3050 406 407 128 539
3051 366 372 111 513
3052 359 336 124 489
3053 352 344 101 469
3054 364 341 126 492
3055 355 345 107 463
3056 340 344 105 492
3057 329 356 113 466
3058 341 336 124 442
3059 346 330 105 451
3060 310 314 96 431
3061 296 290 102 416
3062 343 289 102 417
3063 355 345 105 457
3064 325 353 92 479
3065 305 320 99 429
3066 287 312 97 406
3067 339 291 97 420
3068 319 329 108 437
3069 308 319 104 440
3070 286 319 107 435
3071 304 309 101 423
3072 309 323 95 434
3073 271 316 122 428
3074 284 280 89 379
3075 289 259 115 374
3076 283 294 114 394
3077 289 317 90 419
3078 293 306 107 409
3079 272 315 102 417
3080 249 279 81 392
3081 249 259 84 344
3082 294 247 101 350
3083 299 285 98 370
3084 285 285 97 394
3085 260 290 110 389
3086 266 271 106 378
3087 241 304 85 407
3088 246 262 98 370
3089 266 277 96 363
3090 257 270 103 358
3091 274 263 119 356
3092 321 288 94 386
3093 355 317 92 440
3094 279 331 108 450
3095 257 314 88 436
3096 231 286 90 379
3097 227 259 78 354
3098 263 238 81 338
3099 246 261 91 360
3100 231 254 93 357
3101 247 252 104 350
3102 248 260 78 351
3103 241 244 84 349
3104 249 238 65 334
3105 235 238 85 323
3106 240 234 84 321
3107 230 243 81 320
3108 212 224 76 313
3109 257 225 74 311
3110 216 263 68 343
3111 211 207 74 275
3112 228 196 76 280
3113 249 205 98 289
3114 258 239 106 323
3115 236 263 81 342
3116 244 255 75 344
3117 211 262 83 339
3118 212 228 73 308
3119 204 215 63 297
3120 214 205 65 284
3121 186 211 79 288
3122 210 203 48 277
3123 197 214 79 289
3124 216 190 68 265
3125 196 203 73 286
3126 179 200 65 280
3127 224 175 70 228
3128 214 194 84 292
3129 210 201 77 276
3130 210 203 90 287
3131 213 241 71 319
3132 200 235 51 309
3133 205 200 73 266
3134 190 193 73 271
3135 200 194 81 270
3136 212 209 78 291
3137 216 226 80 304
3138 227 211 77 280
3139 238 213 69 300
3140 206 219 70 303
3141 200 185 72 273
3142 207 201 62 302
3143 203 230 68 294
3144 186 198 58 274
3145 170 178 59 269
3146 179 193 61 252
3147 180 189 63 243
3148 166 177 45 243
3149 178 156 56 212
3150 179 166 54 225
3151 191 172 62 248
3152 150 186 65 241
3153 162 149 52 215
3154 187 158 56 198
3155 161 181 56 251
3156 169 162 49 221
3157 180 170 57 237
3158 175 167 63 220
3159 181 152 64 220
3160 184 172 53 246
3161 173 168 58 233
3162 204 160 52 233
3163 198 201 66 260
3164 165 208 55 290
3165 172 184 58 235
3166 172 178 58 237
3167 142 178 42 247
3168 137 142 46 198
3169 152 141 40 203
3170 161 151 40 199
3171 169 138 55 192
3172 167 151 49 210
3173 182 150 45 214
3174 147 165 56 226
3175 168 147 45 198
3176 176 152 46 205
3177 155 160 48 210
3178 138 133 49 178
3179 123 129 37 196
3180 124 121 45 164
3181 121 117 39 159
3182 116 129 36 181
3183 98 124 39 172
3184 110 107 39 158
3185 131 114 43 160
3186 121 129 36 179
3187 132 117 37 174
3188 101 146 35 184
3189 96 106 34 145
3190 99 95 29 145
3191 93 96 36 137
3192 98 106 35 143
3193 110 107 38 137
3194 112 112 27 146
3195 104 115 39 156
3196 92 111 28 156
3197 79 95 37 121
3198 87 86 33 125
3199 94 96 25 124
3200 93 85 34 120
3201 91 89 31 127
3202 100 93 28 120
3203 102 100 39 132
3204 82 102 23 131
3205 104 84 29 118
3206 97 95 32 129
3207 116 74 31 113
3208 111 109 38 149
3209 104 105 36 139
3210 91 94 28 137
3211 94 91 29 121
3212 107 91 34 115
3213 116 95 28 129
3214 117 111 39 144
3215 117 102 34 139
3216 90 112 33 152
3217 81 89 32 128
3218 83 86 19 131
3219 81 86 31 128
3220 71 97 32 121
3221 102 76 24 105
3222 118 104 37 143
3223 99 127 24 164
3224 97 96 29 129
3225 80 92 22 129
3226 74 71 22 102
3227 57 64 24 104
3228 71 59 21 78
3229 72 67 26 93
3230 66 57 26 78
3231 55 62 27 87
3232 63 57 16 82
3233 78 61 25 84
3234 77 75 21 105
3235 76 78 17 98
3236 80 64 34 97
3237 62 84 19 110
3238 76 63 25 95
3239 68 74 28 107
3240 84 67 21 86
3241 94 78 25 111
3242 64 94 31 124
3243 73 71 19 93
3244 75 71 21 96
3245 57 65 20 99
3246 64 61 19 85
3247 66 68 20 91
3248 86 68 18 94
3249 76 80 27 102
3250 72 66 24 88
3251 73 60 20 88
3252 70 66 20 96
3253 60 71 31 100
3254 58 76 19 104
3255 62 73 19 93
3256 50 66 21 87
3257 75 59 17 79
3258 74 63 23 92
3259 52 70 19 98
3260 52 49 17 74
3261 41 56 27 75
3262 62 48 16 69
3263 54 69 14 86
3264 58 57 32 75
3265 60 64 13 80
3266 58 59 30 83
3267 63 69 17 90
3268 73 67 21 89
3269 81 71 20 89
3270 69 69 27 94
3271 47 67 19 97
3272 48 49 17 76
3273 52 54 17 77
3274 78 58 16 74
3275 80 74 19 101
3276 66 77 20 109
3277 61 72 22 89
3278 58 68 10 88
3279 69 51 16 73
3280 50 53 19 75
3281 56 43 17 64
3282 55 52 20 76
3283 47 58 11 75
3284 40 41 18 53
3285 40 37 14 53
3286 56 43 13 58
3287 41 55 11 70
3288 37 43 14 57
3289 34 40 7 52
3290 46 33 16 49
3291 40 40 16 53
3292 38 40 15 58
3293 44 47 17 55
3294 32 48 10 59
3295 34 33 16 49
3296 37 35 10 43
3297 31 31 15 47
3298 29 37 12 53
3299 35 35 13 49
3300 24 39 9 55
3301 41 31 14 45
3302 30 43 12 56
3303 35 35 8 45
3304 33 33 12 44
3305 32 36 16 46
3306 33 35 13 49
3307 40 38 8 43
3308 40 30 18 45
3309 35 36 11 52
3310 26 34 12 46
3311 30 27 10 40
3312 48 31 13 41
3313 23 40 16 57
3314 26 28 10 41
3315 30 34 7 48
3316 28 33 12 44
3317 23 27 6 36
3318 23 27 10 42
3319 16 37 5 43
3320 19 20 10 28
3321 28 24 4 37
3322 20 31 10 41
3323 31 24 7 36
3324 32 32 11 49
3325 19 39 11 50
3326 22 26 4 39
3327 28 27 8 46
3328 22 41 3 51
3329 31 24 9 28
3330 30 29 6 37
3331 28 23 6 38
3332 23 25 10 36
3333 23 21 6 27
3334 21 25 2 40
3335 30 25 8 34
3336 14 34 7 40
3337 19 16 3 21
3338 16 17 7 23
3339 17 14 5 22
3340 14 18 4 24
3341 9 15 6 26
3342 11 16 6 23
3343 18 18 4 21
3344 18 22 6 24
3345 22 18 10 19
3346 16 22 5 30
3347 12 18 3 25
3348 17 12 3 16
3349 15 15 4 22
3350 18 13 3 23
3351 15 22 4 26
3352 10 16 6 20
3353 9 11 2 15
3354 17 7 4 12
3355 14 18 5 21
3356 8 15 3 20
3357 13 9 1 14
3358 13 11 1 15
3359 8 12 4 17
3360 7 10 4 15
3361 11 12 1 17
3362 8 16 2 19
3363 12 6 1 10
3364 13 6 4 10
3365 20 6 3 10
3366 12 15 2 20
3367 18 6 3 13
3368 13 16 0 20
3369 13 10 1 16
3370 9 12 4 16
3371 7 8 6 10
3372 17 9 2 13
3373 14 17 4 21
3374 13 19 0 21
3375 17 13 5 15
3376 15 13 5 19
3377 17 11 6 13
3378 18 14 5 22
3379 14 17 5 22
3380 14 13 4 16
3381 10 11 5 17
3382 15 10 5 13
3383 18 13 6 19
3384 16 17 6 20
3385 14 13 5 17
3386 14 10 4 14
3387 9 9 7 15
3388 8 9 4 14
3389 4 11 5 14
3390 7 7 1 10
3391 8 11 2 15
3392 5 7 2 8
3393 8 3 2 4
3394 4 4 2 7
3395 4 4 2 5
3396 2 4 2 6
3397 5 3 0 4
3398 8 4 2 7
3399 4 5 3 5
3400 4 2 0 4
3401 5 2 0 4
3402 4 2 2 3
3403 5 4 0 5
3404 5 4 2 6
3405 4 3 1 4
3406 8 4 3 4
3407 4 7 3 10
3408 6 7 4 9
3409 7 11 3 13
3410 3 11 1 11
3411 5 3 2 3
3412 5 5 1 8
3413 2 4 2 6
3414 1 2 3 2
3415 3 2 1 4
3416 2 2 1 3
3417 1 1 2 4
3418 4 2 0 3
3419 7 5 0 6
3420 7 7 0 9
3421 2 6 1 6
3422 2 2 1 3
3423 3 3 0 4
3424 5 2 0 5
3425 2 5 1 7
3426 2 4 0 4
3427 5 3 2 3
3428 1 6 1 6
3429 1 2 1 2
3430 2 2 0 2
3431 2 2 1 3
3432 2 2 0 2
3433 3 1 0 3
3434 1 3 2 3
3435 0 3 0 3
3436 0 2 0 3
3437 1 2 0 2
3438 2 2 0 4
3439 2 1 0 3
3440 1 1 0 3
3441 1 1 0 1
3442 3 0 0 0
3443 2 1 1 2
3444 1 2 0 3
3445 1 2 2 2
3446 1 1 0 1
3447 0 0 0 2
3448 3 0 1 0
3449 2 3 0 4
3450 3 0 0 1
3451 1 1 0 2
3452 2 0 0 0
3453 3 0 0 1
3454 1 1 0 2
3455 1 0 0 0
3456 0 0 1 0
3457 0 0 1 0
3458 2 0 0 1
3459 2 2 0 3
3460 1 1 0 1
3461 1 0 0 0
3462 1 0 1 0
3463 2 0 0 0
3464 1 1 1 1
3465 0 1 0 2
3466 0 1 0 2
3467 3 1 0 1
3468 5 2 0 3
3469 1 4 0 6
3470 1 1 0 1
3471 0 0 0 1
3475 2 0 0 0
3476 0 1 0 2
3482 1 0 0 0
3483 0 1 0 2
3484 0 1 0 1
3485 2 1 0 1
3486 1 3 0 3
3487 1 0 0 0
3488 1 0 0 0
3489 1 0 0 0
3490 1 0 0 1
3491 1 1 1 1
3492 3 1 1 1
3493 2 2 0 2
3494 0 1 3 2
3495 4 2 0 2
3496 3 5 1 6
3497 2 2 0 5
3498 0 2 0 3
3499 0 1 0 1
3501 1 0 0 0
3502 0 1 0 2
3503 1 0 0 0
3504 2 0 0 1
3505 1 1 0 2
3506 0 1 0 2
3509 0 0 0 1
3511 0 0 0 1
3512 2 0 0 0
3513 2 0 1 1
3514 0 2 0 3
3515 0 1 0 1
3516 0 1 0 1
3523 1 0 0 0
3524 4 1 0 1
3525 2 4 0 5
3526 0 2 0 2
3540 0 0 0 1
3541 1 0 0 0
3542 1 0 0 1
3543 0 1 0 1
