0 203964670 0 0 0
1 96811358 203947496 26415736 203947496
2 45551600 96816698 23426696 96816698
3 29012119 45559452 18709630 68555947
4 19788928 29025309 14309912 48931849
5 14239049 19800820 11166412 36239656
6 10698930 14247610 8860664 27584750
7 8322881 10705381 7176250 21610164
8 6670653 8329345 5922342 17328794
9 5484488 6677631 4966431 14191073
10 4591083 5486108 4230010 11837356
11 3907461 4592680 3647459 10024609
12 3376779 3912927 3174767 8607518
13 2955485 3380187 2797383 7470936
14 2618660 2953590 2486231 6557617
15 2337322 2618136 2224884 5814611
16 2103596 2337419 2006792 5196328
17 1908132 2104311 1817109 4676507
18 1739951 1909457 1659915 4234682
19 1600674 1741000 1518400 3854662
20 1477597 1600578 1396715 3532800
21 1368508 1477416 1290437 3250261
22 1272186 1367885 1197780 2998409
23 1187008 1270515 1115437 2779464
24 1113202 1186348 1040168 2586686
25 1046471 1112875 976068 2418089
26 986494 1047998 914406 2265122
27 934362 986158 859769 2125209
28 882829 932986 809595 2002318
29 837068 881912 764942 1887141
30 797210 836601 724559 1783534
31 760665 797721 687658 1690684
32 725440 759405 653535 1606028
33 693033 725217 620271 1525613
34 663838 691407 591780 1452968
35 636569 663843 565929 1386609
36 611555 635025 538689 1324389
37 586454 610907 515876 1267914
38 563459 586784 494019 1213170
39 544357 563851 474439 1161778
40 526827 544656 455859 1116913
41 508636 526330 437947 1075050
42 490985 507587 421815 1034238
43 473913 490751 404802 996663
44 459806 473053 391021 958649
45 445435 458367 377325 927530
46 431347 444931 365436 894683
47 418767 432150 352313 866887
48 404983 419337 341241 837995
49 394501 406516 328650 810481
50 385071 395162 317707 784560
51 374162 384181 309328 761202
52 364651 373572 299271 738767
53 354481 363261 290571 715837
54 345700 353851 281850 695260
55 337558 345274 274293 676310
56 328748 337107 266606 657531
57 319851 328291 258630 640649
58 312928 321224 250411 624327
59 306241 313030 244991 608041
60 299163 305961 238423 592260
61 292064 299332 232177 577355
62 285705 292101 225569 562955
63 280123 285457 220430 548383
64 273400 279589 215074 536271
65 268131 273204 209013 522635
66 263297 267437 204197 510642
67 257200 262080 199731 499564
68 251628 257217 195307 489133
69 246563 252422 190503 477659
70 242325 247221 186351 466813
71 237309 241795 182460 456186
72 233536 237059 177822 446855
73 229312 233325 175483 438352
74 224501 229543 170644 429986
75 220230 224582 166835 420522
76 217764 220701 163128 412586
77 213664 217415 160247 404556
78 209908 212759 157745 396461
79 205847 209460 153628 389085
80 203098 205575 150688 381623
81 199551 202771 147997 375978
82 196233 199107 145346 368106
83 193552 195770 143105 361381
84 190893 193221 140367 355802
85 187332 190521 137726 350315
86 184479 187409 134944 343321
87 181996 184687 133017 338083
88 179209 182160 130864 332665
89 176487 179159 128074 327330
90 173820 176008 125649 321418
91 171204 173423 123591 315852
92 169003 171144 120609 310988
93 166733 168020 119814 305542
94 163319 166078 117491 300985
95 161198 163147 115229 295538
96 158433 161088 113366 290809
97 156494 158268 111349 285927
98 154351 156229 109974 281317
99 151640 154325 107983 277701
100 150503 151732 105789 273462
101 148785 150488 104692 270207
102 145907 148306 102582 265723
103 144525 145232 101429 260527
104 142120 144066 99670 258245
105 140849 142390 98536 254346
106 139526 140687 96860 250657
107 137496 139408 95321 248484
108 135167 136968 94150 244162
109 132994 135439 93161 240764
110 132196 133993 91128 237836
111 130913 132938 90075 234611
112 128952 130821 89031 230699
113 127498 128584 87656 228098
114 126510 127783 86266 225367
115 125034 126703 85364 223474
116 123771 124905 84013 219360
117 121822 123442 82782 217686
118 120210 121780 81635 214405
119 119540 120193 80882 211510
120 118403 119354 79591 209549
121 116242 118429 78820 207465
122 115855 116123 77792 203240
123 114112 115547 76404 202582
124 113032 114671 75985 199540
125 111377 112971 74909 196691
126 110443 111225 74081 194186
127 109385 110219 72620 191751
128 107973 108534 71848 189989
129 106780 107722 71331 187548
130 106346 106617 70046 185314
131 105024 105895 69633 183375
132 104213 104606 68965 181254
133 103110 104171 67757 180421
134 101696 102901 67108 177649
135 101596 101449 66836 175967
136 100187 101491 65492 175358
137 99138 100245 65171 172973
138 97529 99428 63828 170977
139 96158 98091 63355 168814
140 96087 96243 62559 166104
141 95472 95688 61918 164835
142 94065 95400 61269 163573
143 93376 94090 60182 161512
144 92447 93299 60040 160208
145 91646 92470 59550 158229
146 91014 91865 58853 157063
147 90390 91283 57860 155773
148 89289 90101 57720 154494
149 88593 89479 57191 152532
150 87789 88638 55930 151232
151 87454 87958 55477 149449
152 86264 86983 55201 148221
153 85420 85984 54561 146367
154 85053 85228 54068 145252
155 84481 84892 53364 143999
156 83319 84294 52820 143230
157 83002 83491 52163 141662
158 81598 82883 51859 140571
159 81338 82025 51077 138521
160 80085 81356 50545 137535
161 79480 80335 50225 135755
162 79253 79161 49661 133762
163 78196 79210 49369 133812
164 77935 78467 48622 132165
165 77331 77981 48552 131483
166 76380 77508 47566 130468
167 76058 76476 47398 129031
168 75168 76242 46892 127845
169 74618 75326 46360 126875
170 74186 74413 45881 125159
171 73556 73841 45569 124221
172 72610 72986 45004 122770
173 72163 72336 44587 121670
174 71724 71913 44483 120743
175 70917 71981 43713 120668
176 70288 71241 43698 118900
177 70361 70702 43119 118265
178 69842 70574 43059 117587
179 69318 69995 42512 116435
180 68517 69048 42073 115408
181 68287 68636 41275 114669
182 67982 68279 41398 113588
183 67136 67476 41155 112368
184 66914 66816 40784 111524
185 66332 66956 40228 111187
186 65785 65786 39748 109926
187 65461 65223 39418 108693
188 64807 65048 39411 108144
189 64161 64758 39023 107630
190 63499 64490 38471 106335
191 63304 63299 38093 105187
192 63084 62699 37802 104244
193 63015 62646 37307 103697
194 62192 62432 37411 103251
195 61553 62047 36831 102464
196 60926 61352 36658 101347
197 60350 60945 36388 100751
198 60330 60307 36087 99757
199 60225 60267 35549 99554
200 59432 60140 35844 98988
201 59472 59727 34844 98009
202 58818 59528 35268 97783
203 58393 58688 34715 96191
204 57580 58225 34811 95969
205 57246 57889 33917 95489
206 57257 57651 34017 94334
207 56934 57334 33430 94368
208 56098 56656 33311 93478
209 56155 56150 33141 92230
210 55457 55967 32671 91674
211 55327 55422 32382 90833
212 54608 55078 32570 90133
213 54612 54866 31769 89648
214 54025 54548 31653 89269
215 54022 54003 31827 88231
216 53773 53762 31438 88246
217 53024 53922 31189 87662
218 53156 53076 30939 86521
219 52619 52957 30660 86019
220 52439 52265 30764 85641
221 51996 52330 30303 85333
222 51711 51893 30256 84330
223 51693 51615 29646 84021
224 51267 51654 29498 83947
225 51003 50844 29340 83279
226 50330 50964 29201 82498
227 49779 50490 29009 82054
228 49783 50092 28851 81027
229 49361 49564 28571 80712
230 49293 49628 28161 80309
231 48947 49130 28427 79686
232 48401 48921 27986 79543
233 48245 48440 27539 78354
234 47629 48418 27308 78171
235 47137 47639 27285 77087
236 46937 47281 27267 76778
237 47317 47409 27018 76390
238 47116 47461 26803 76544
239 46931 47148 26653 75622
240 46493 46621 26605 75287
241 46087 46030 26272 74549
242 45902 45818 26209 74388
243 45903 45546 25854 73653
244 45552 45515 26137 73326
245 45431 45276 25618 73029
246 44869 45157 25690 72793
247 45235 44767 25513 71866
248 44559 45070 25099 72753
249 44707 44579 25027 71664
250 43908 44468 24996 71496
251 43846 44227 24500 71012
252 43628 43922 24466 70753
253 43182 43495 24575 69884
254 42766 43224 24103 69480
255 42605 42859 23936 68956
256 42362 42633 23800 68505
257 42202 42490 23664 68064
258 41837 41901 23679 67252
259 41690 41948 22948 67323
260 41336 41461 23105 66709
261 41568 41331 23204 66208
262 41478 41755 23113 66179
263 40884 41134 22962 65460
264 40678 40645 22607 65023
265 40727 40460 22426 64970
266 40079 40593 22596 64684
267 39557 40098 22173 64264
268 39582 39853 22011 63493
269 39755 39272 22134 62823
270 39747 39652 22058 63424
271 39289 39859 21687 63363
272 38939 39299 21555 62323
273 38875 38731 21255 61993
274 38858 38568 21369 61507
275 38284 38485 21230 61494
276 38148 38256 20984 61093
277 37789 38121 20750 60892
278 37681 37827 20729 60151
279 37412 37758 20517 60023
280 37181 37523 20591 59506
281 36858 36972 20332 58992
282 36734 36830 20455 58796
283 36829 37019 20203 58504
284 36694 36964 20135 58558
285 36184 36475 19867 57957
286 35925 36115 19816 57675
287 36037 35985 19571 57354
288 35780 36174 19791 57292
289 35604 35920 19455 56781
290 35527 35776 19264 56724
291 35197 35366 19367 56120
292 34975 35223 19374 55879
293 34955 34996 19109 55248
294 34711 34705 19173 55308
295 34581 34610 18774 54688
296 34293 34378 18806 54502
297 34152 34128 18553 54166
298 34396 34089 18447 54125
299 34376 34232 18475 54004
300 34032 34214 18454 54077
301 33759 33926 18231 53488
302 33115 33926 18187 53465
303 32925 33300 18054 52690
304 33024 33141 18044 52456
305 33076 32893 17909 51753
306 32785 32978 17774 52089
307 33174 32723 17620 51700
308 32770 32843 17850 51798
309 32486 32897 17441 51751
310 32405 32562 17608 51139
311 32387 32596 17396 51240
312 31969 32560 16948 51280
313 31846 32052 16972 50233
314 31689 31631 17028 49921
315 31416 31480 17022 49633
316 31497 31461 16710 49423
317 31133 31224 16957 49002
318 31052 31046 16796 48907
319 31000 31055 16684 48890
320 30764 31273 16526 49096
321 30648 30858 16320 48476
322 30653 30448 16392 48028
323 30758 30833 16108 48225
324 30274 30636 16253 48142
325 30529 30282 15995 47404
326 30017 30628 15921 47969
327 30029 30109 15883 47110
328 30024 29994 15982 46892
329 29496 29836 15896 46555
330 29283 29456 15729 45977
331 29465 28923 15467 45773
332 29049 29317 15651 46083
333 29196 29227 15389 45711
334 28850 29397 15322 46007
335 28882 28942 15231 45400
336 28745 28710 15146 45038
337 28534 28808 15198 44973
338 28152 28535 15234 44643
339 27900 28241 15080 44132
340 27992 28259 15009 44088
341 28455 28115 14996 43932
342 28267 28216 14774 44002
343 27819 28144 14726 43984
344 27314 27948 14656 43393
345 27561 27389 14504 42965
346 27582 27563 14345 42916
347 27482 27467 14566 43117
348 27192 27618 14277 42825
349 27043 27451 14089 42620
350 26972 27123 14179 42184
351 26675 27017 14016 42159
352 26827 26746 13854 41658
353 26397 26951 14244 41722
354 26618 26501 14044 41066
355 26322 26609 14021 41445
356 26146 26487 13741 41142
357 26121 26247 13945 40906
358 26166 26262 13660 40735
359 26036 26267 13930 40791
360 26116 26069 13484 40524
361 26029 25982 13565 40416
362 26127 25917 13498 40176
363 25834 25905 13300 40251
364 25607 25768 13440 39984
365 25664 25524 13328 39707
366 25302 25916 13227 40007
367 25403 25615 12962 39540
368 25424 25189 13007 39244
369 25142 25254 12925 38952
370 24909 24895 12925 38633
371 24712 24848 12752 38837
372 24580 24739 12879 38230
373 24456 24615 12879 38321
374 24494 24819 12704 38178
375 24240 24511 12496 37967
376 24322 24099 12543 37454
377 24407 24210 12534 37734
378 24514 24372 12478 37677
379 24242 24340 12579 37585
380 23988 24219 12407 37416
381 24050 24208 12577 37227
382 23955 24188 12338 37225
383 23802 23938 12195 37192
384 23978 23793 11966 36710
385 23558 23611 12281 36700
386 23381 23456 12089 36437
387 23436 23442 12191 36159
388 23264 23365 12018 36003
389 23657 23329 11992 35948
390 23468 23588 12066 36426
391 23235 23552 12029 36167
392 22795 23461 11901 35839
393 22708 22995 11647 35791
394 22747 23004 11691 35302
395 23084 22895 11720 35249
396 22940 23237 11657 35647
397 23085 23132 11479 35387
398 22762 22838 11712 35180
399 22820 22742 11598 34941
400 22733 22852 11379 35007
401 22328 22578 11219 34974
402 22180 22422 11227 34279
403 22262 22026 11377 34014
404 22001 22243 11009 34369
405 22048 22032 11078 33954
406 21878 21868 11126 33790
407 21650 22066 10813 34042
408 21613 21688 11109 33149
409 21619 21446 10998 33070
410 21530 21502 10905 33141
411 21489 21530 10912 33205
412 21500 21603 11200 33071
413 21396 21577 10946 32918
414 21610 21422 10909 32954
415 21267 21710 10616 33238
416 21349 21453 10777 32943
417 20945 21417 10568 32951
418 21172 21103 10578 32372
419 20899 21273 10633 32374
420 20916 20963 10405 31885
421 20817 20866 10625 31853
422 20459 20636 10595 31660
423 20509 20281 10368 31186
424 20663 20341 10307 31431
425 20461 20530 10227 31439
426 20403 20170 10297 31005
427 20205 20289 10238 31088
428 20091 20155 10307 30833
429 20059 20081 10052 30819
430 20052 20260 10093 30749
431 20160 19922 10200 30643
432 20078 19949 10177 30556
433 19936 20128 9953 30805
434 20068 19941 9848 30486
435 19983 19932 9816 30410
436 19488 19963 9947 30249
437 19739 19625 9910 29853
438 19809 19803 9968 29969
439 19773 19770 9709 30242
440 19411 19718 9827 29905
441 19296 19583 9820 29765
442 19337 19409 9523 29522
443 19158 19242 9729 29583
444 19218 19233 9598 29242
445 19189 19223 9419 29441
446 18989 19117 9530 29062
447 18973 18943 9423 28871
448 18978 18873 9461 28859
449 19056 18942 9492 28852
450 18980 19116 9330 28985
451 18906 18849 9290 28562
452 19005 18875 9386 28681
453 19047 19031 9448 28851
454 18841 19054 9394 28713
455 18845 18821 9321 28618
456 18516 18625 9148 28429
457 18511 18388 8952 28102
458 18235 18374 8978 28139
459 18382 18363 9084 27815
460 18070 18314 9136 27711
461 18015 18027 9068 27510
462 18149 18127 8963 27442
463 18233 18065 8942 27685
464 17997 18395 8964 27772
465 17942 18088 8723 27450
466 17867 17932 8934 27210
467 17856 17976 8789 27261
468 17912 17805 8747 27150
469 17710 17798 8665 26980
470 17679 17730 8610 27043
471 17533 17772 8760 26979
472 17474 17740 8653 26796
473 17441 17539 8663 26688
474 17480 17649 8638 26719
475 17819 17731 8566 26642
476 17563 17606 8602 26590
477 17465 17319 8413 26184
478 17183 17247 8377 26286
479 17374 17090 8456 25855
480 17381 17114 8522 25837
481 17019 17224 8353 26109
482 17004 16926 8362 25638
483 17053 16929 8234 25834
484 17022 17145 8179 25846
485 16774 16878 8315 25662
486 16784 16808 8214 25497
487 16608 16991 8225 25666
488 16626 16662 8243 25135
489 16535 16738 8254 25272
490 16573 16709 8025 25142
491 16550 16583 8213 25104
492 16491 16718 7814 25247
493 16684 16433 7924 24862
494 16253 16568 8182 25021
495 16297 16366 8025 24725
496 16344 16468 7980 24872
497 16223 16478 7855 24728
498 16263 16165 7930 24528
499 16163 16359 8018 24726
500 16212 16423 7876 24484
501 16164 16351 7935 24543
502 15905 16222 7895 24430
503 16141 16032 7684 24261
504 15934 16183 7688 24355
505 15919 15919 7710 24006
506 15886 16101 7678 24086
507 15793 16016 7874 24042
508 15655 15908 7698 23929
509 15848 15703 7654 23748
510 15931 15697 7727 23660
511 15843 15927 7668 23846
512 15767 15809 7618 23810
513 15559 15673 7586 23597
514 15551 15459 7583 23508
515 15403 15682 7607 23708
516 15641 15605 7561 23437
517 15528 15686 7445 23504
518 15435 15548 7531 23483
519 15376 15540 7433 23384
520 15358 15433 7324 23124
521 15460 15178 7351 23154
522 15315 15351 7211 22982
523 15302 15100 7350 22756
524 15276 15218 7338 22938
525 15158 15231 7465 22896
526 15204 15290 7166 22978
527 15189 15282 7146 22861
528 15169 15027 7162 22545
529 14853 14861 7200 22549
530 14772 14807 7019 22298
531 14788 14692 7058 21993
532 14726 14681 7011 22237
533 14746 14707 7237 22023
534 14733 14929 6961 22288
535 14851 14728 7049 22234
536 14714 14737 7048 22193
537 14472 14600 7061 21947
538 14483 14280 6953 21694
539 14678 14405 6871 21674
540 14546 14481 6966 21833
541 14567 14397 6904 21578
542 14513 14431 6954 21917
543 14507 14568 6964 21868
544 14420 14523 6726 21884
545 14422 14475 6918 21609
546 14278 14457 6807 21574
547 14245 14299 6887 21514
548 14246 14428 6782 21686
549 14233 14394 6662 21467
550 14259 14223 6684 21289
551 13891 14232 6626 21382
552 13964 13895 6685 20963
553 13753 13864 6623 20782
554 13871 13768 6634 20782
555 13835 13884 6558 20641
556 13904 13830 6511 20678
557 13656 13723 6450 20567
558 13788 13456 6481 20320
559 13690 13597 6544 20395
560 13534 13674 6382 20410
561 13392 13519 6540 20191
562 13411 13554 6401 20237
563 13475 13594 6237 20202
564 13512 13501 6481 20155
565 13663 13562 6289 20248
566 13606 13586 6434 20215
567 13498 13557 6291 20278
568 13301 13571 6341 20219
569 13344 13340 6370 20023
570 13315 13532 6250 20112
571 13259 13426 6080 19926
572 13147 13213 6221 19869
573 13334 13157 6150 19769
574 13301 13335 6226 19833
575 13065 13328 6186 19821
576 12894 13183 5994 19710
577 12984 12896 6156 19394
578 12966 12977 5987 19421
579 12840 12818 5948 19229
580 12968 12843 6023 19201
581 12909 12871 6015 19266
582 12716 12900 5929 19253
583 12890 12755 5873 18994
584 12659 12672 5953 18998
585 12727 12532 5986 18792
586 12567 12788 5827 18961
587 12426 12565 5778 18852
588 12175 12443 5905 18534
589 12465 12104 5853 18339
590 12513 12595 5907 18628
591 12446 12673 5936 18752
592 12559 12520 5777 18643
593 12443 12651 5866 18737
594 12376 12532 5847 18614
595 12354 12453 5784 18591
596 12197 12285 5838 18350
597 12350 12286 5750 18272
598 12186 12334 5604 18285
599 12062 12271 5720 18247
600 12253 12182 5592 18113
601 12106 12096 5740 18211
602 12288 12100 5554 18027
603 12215 12287 5547 18230
604 12129 12078 5559 18082
605 11970 12212 5679 18069
606 12010 11921 5608 17738
607 11917 11986 5467 17948
608 11946 11951 5478 17722
609 11756 12044 5486 17909
610 11790 11807 5295 17515
611 11648 11739 5369 17542
612 11593 11684 5281 17501
613 11651 11666 5362 17370
614 11668 11698 5551 17324
615 11645 11718 5368 17388
616 11437 11729 5448 17346
617 11277 11456 5285 17102
618 11529 11290 5252 16839
619 11704 11495 5369 17089
620 11641 11562 5282 17156
621 11512 11496 5307 17079
622 11554 11457 5205 16979
623 11360 11409 5305 16860
624 11435 11268 5223 16787
625 11379 11290 5245 16734
626 11207 11342 5318 16864
627 11288 11276 5211 16549
628 11251 11283 5256 16696
629 11415 11160 5309 16681
630 11273 11516 5208 17086
631 11499 11410 5190 16792
632 11220 11486 5274 16966
633 11233 11270 5200 16739
634 11319 11246 5083 16739
635 11177 11162 5124 16611
636 11218 11089 5144 16439
637 11162 11152 5004 16660
638 11055 11198 5067 16518
639 11097 11113 5015 16387
640 10875 11136 4981 16515
641 10865 10981 4998 16236
642 10848 10822 5072 16000
643 10655 10688 5004 15902
644 10826 10676 4938 15919
645 10875 10802 4985 15976
646 10785 10824 5036 15927
647 10598 10749 4977 15913
648 10702 10645 4797 15701
649 10903 10542 4972 15759
650 10840 10841 4943 16053
651 10788 10763 4822 15921
652 10763 10675 4821 15773
653 10694 10642 4955 15802
654 10473 10691 4913 15896
655 10518 10699 4718 15781
656 10463 10442 4857 15449
657 10475 10357 4825 15561
658 10419 10487 4775 15469
659 10639 10354 4705 15460
660 10611 10488 4769 15360
661 10494 10212 4659 15299
662 10421 10249 4750 15268
663 10385 10316 4724 15308
664 10552 10242 4715 15170
665 10340 10478 4819 15573
666 10282 10568 4638 15528
667 10177 10482 4617 15366
668 9941 10275 4570 15196
669 9957 9993 4479 14761
670 10054 9820 4516 14650
671 9789 9961 4662 14751
672 9944 9867 4600 14657
673 10049 10031 4494 14882
674 10052 10149 4577 14838
675 10145 9989 4457 14799
676 10178 10091 4486 14896
677 10129 10152 4424 14886
678 9924 10014 4449 14804
679 9849 9851 4376 14504
680 9806 9776 4424 14503
681 9818 9760 4480 14359
682 9771 9745 4469 14427
683 9723 9854 4412 14552
684 9628 9826 4374 14370
685 9544 9611 4277 14253
686 9772 9566 4281 14128
687 9509 9695 4258 14255
688 9611 9427 4306 13963
689 9419 9536 4234 14098
690 9439 9392 4377 13799
691 9431 9298 4315 13764
692 9436 9402 4347 13890
693 9311 9541 4354 14089
694 9287 9521 4257 13839
695 9300 9302 4164 13738
696 9334 9337 4242 13799
697 9541 9376 4249 13798
698 9663 9521 4184 13955
699 9524 9535 4278 13926
700 9262 9462 4124 13812
701 9228 9096 4136 13504
702 9376 9104 4122 13505
703 9410 9202 4174 13512
704 9491 9304 4064 13741
705 9226 9321 4258 13643
706 9024 9072 4098 13422
707 9150 8917 4057 13147
708 9066 9082 4046 13371
709 8868 9010 4121 13197
710 9079 8791 4061 13004
711 8929 8997 4151 13353
712 8894 9049 4019 13254
713 8823 8868 3992 13178
714 8699 8822 4018 13045
715 8774 8743 3976 12849
716 8648 8820 4061 12956
717 8945 8667 3907 12763
718 8910 8900 4039 13137
719 8795 8833 4059 12875
720 8849 8821 3992 13017
721 8736 8935 3967 13055
722 8666 8889 3909 13005
723 8832 8684 3927 12829
724 8615 8912 4030 13007
725 8694 8685 3848 12889
726 8597 8796 3976 12826
727 8567 8782 3851 12860
728 8661 8688 3857 12757
729 8838 8745 3874 12781
730 8893 8801 3822 12849
731 8758 8757 4009 12764
732 8744 8743 3833 12723
733 8621 8763 3829 12812
734 8707 8603 3847 12644
735 8708 8620 3767 12688
736 8595 8648 3856 12600
737 8421 8526 3689 12579
738 8324 8421 3867 12300
739 8441 8300 3835 12251
740 8482 8506 3765 12582
741 8213 8639 3786 12604
742 8431 8402 3752 12264
743 8291 8547 3822 12509
744 8324 8401 3776 12287
745 8297 8405 3733 12463
746 8408 8549 3686 12407
747 8202 8424 3660 12253
748 8175 8176 3587 12015
749 8365 8183 3614 12088
750 8170 8237 3672 12090
751 8102 8195 3603 12002
752 8227 8031 3633 11781
753 8126 8184 3635 11937
754 8005 8056 3651 11765
755 8117 7946 3586 11659
756 8099 8110 3598 11883
757 8128 8050 3642 11779
758 8138 8146 3549 11973
759 8158 8192 3528 11954
760 8140 8199 3569 11925
761 8108 8096 3517 11829
762 8094 8042 3535 11729
763 7970 8001 3586 11810
764 8005 7953 3597 11528
765 8211 7974 3426 11710
766 8082 8112 3532 11888
767 7897 8078 3490 11691
768 7823 7765 3569 11417
769 7927 7807 3474 11475
770 7982 7896 3471 11532
771 7888 7861 3542 11548
772 7840 7812 3490 11436
773 7703 7759 3476 11318
774 7769 7738 3511 11321
775 7767 7906 3504 11605
776 7784 7887 3384 11345
777 7781 7760 3392 11360
778 7806 7765 3421 11311
779 7836 7692 3538 11353
780 7652 7975 3433 11517
781 7765 7809 3414 11333
782 7948 7836 3343 11391
783 7847 7894 3390 11344
784 7748 7774 3371 11370
785 7528 7782 3390 11359
786 7550 7508 3394 10919
787 7522 7426 3461 10844
788 7605 7480 3277 11075
789 7629 7551 3271 11106
790 7538 7575 3272 11067
791 7569 7594 3362 11054
792 7438 7677 3233 11055
793 7356 7351 3259 10711
794 7568 7338 3317 10735
795 7435 7525 3245 10878
796 7404 7338 3253 10783
797 7300 7457 3331 10967
798 7304 7398 3264 10809
799 7346 7389 3131 10810
800 7308 7355 3198 10819
801 7329 7299 3114 10686
802 7271 7311 3219 10666
803 7235 7275 3134 10502
804 7271 7227 3247 10588
805 7266 7334 3174 10641
806 7320 7265 3198 10522
807 7116 7233 3158 10487
808 7196 7068 3125 10503
809 7077 7235 3264 10448
810 7167 7149 3123 10427
811 7167 7196 3110 10491
812 7051 7168 3136 10348
813 7115 7056 3073 10193
814 7073 7035 3116 10289
815 7053 7116 3097 10285
816 7139 7090 3140 10331
817 7173 7195 3055 10455
818 7158 7281 3127 10494
819 7214 7166 3090 10298
820 6983 7138 3092 10385
821 6996 7050 3034 10246
822 7122 6927 3065 10071
823 6960 7071 3089 10400
824 7122 6913 3015 10254
825 6860 7149 3140 10357
826 6972 6901 3082 9984
827 7071 6938 3035 10069
828 6944 7032 2946 10264
829 7029 6808 3065 9929
830 7091 6921 3051 10100
831 6886 7061 3053 10209
832 7022 6920 3051 10059
833 6952 6989 3049 10223
834 6761 7014 2953 10189
835 6841 6800 2915 9960
836 6900 6842 3013 9963
837 6893 6996 2921 10034
838 6780 6847 2934 10027
839 6883 6840 3002 9902
840 6704 6869 2912 9882
841 6762 6777 2934 9916
842 6782 6686 3032 9620
843 6671 6765 2876 9894
844 6764 6727 2869 9779
845 6777 6771 2905 9818
846 6697 6738 2974 9711
847 6566 6735 2985 9839
848 6604 6658 2888 9709
849 6718 6694 2926 9695
850 6512 6872 2853 9942
851 6515 6664 2928 9709
852 6625 6636 2867 9522
853 6684 6604 2947 9560
854 6694 6668 2884 9611
855 6651 6667 2917 9601
856 6651 6686 2887 9656
857 6550 6736 2841 9768
858 6528 6670 2847 9641
859 6599 6583 2905 9546
860 6587 6577 2879 9667
861 6571 6667 2762 9563
862 6430 6577 2765 9579
863 6330 6337 2729 9324
864 6475 6236 2728 9133
865 6461 6392 2747 9316
866 6378 6370 2746 9186
867 6442 6285 2747 9182
868 6301 6301 2934 9133
869 6421 6275 2824 9169
870 6425 6481 2756 9371
871 6390 6345 2863 9342
872 6402 6421 2699 9354
873 6281 6372 2688 9323
874 6183 6258 2741 9222
875 6276 6193 2588 8930
876 6214 6176 2718 9043
877 6114 6166 2725 9010
878 6169 6189 2567 8956
879 6157 6083 2710 8849
880 6094 6094 2685 8827
881 6168 6052 2706 8869
882 6220 6142 2704 8938
883 6179 6225 2641 8984
884 6393 6183 2696 9055
885 6233 6442 2753 9328
886 6186 6389 2608 9178
887 6145 6201 2693 8947
888 6244 6228 2699 9000
889 6143 6308 2661 9026
890 6090 6191 2644 8935
891 6101 6183 2633 8920
892 6126 6143 2661 8877
893 6070 6176 2664 8895
894 6094 6164 2610 8865
895 5952 6054 2576 8826
896 6097 5971 2588 8728
897 6117 6094 2696 8767
898 6043 6089 2636 8836
899 5953 6153 2563 8884
900 6032 6064 2495 8729
901 5904 6017 2549 8655
902 5872 5885 2487 8540
903 5914 5952 2510 8561
904 5752 5940 2523 8610
905 5870 5868 2447 8460
906 6052 5901 2515 8529
907 5941 5985 2571 8628
908 5912 5929 2576 8546
909 5846 5925 2520 8546
910 5779 5806 2554 8520
911 5865 5849 2523 8449
912 5811 5866 2503 8466
913 5807 5731 2552 8361
914 5664 5730 2490 8386
915 5807 5721 2525 8301
916 5803 5826 2467 8423
917 5799 5836 2523 8480
918 6007 5913 2466 8460
919 5990 5934 2582 8574
920 5989 5962 2507 8615
921 5918 5995 2513 8706
922 5799 5913 2551 8547
923 5756 5854 2526 8406
924 5803 5742 2476 8429
925 5884 5869 2542 8422
926 5940 5818 2521 8433
927 5711 5888 2400 8545
928 5764 5779 2453 8359
929 5810 5862 2404 8446
930 5590 5910 2431 8460
931 5657 5681 2468 8127
932 5643 5661 2379 8178
933 5509 5581 2384 8037
934 5672 5523 2406 8071
935 5586 5829 2442 8222
936 5509 5687 2389 8208
937 5578 5599 2293 8080
938 5635 5575 2385 8078
939 5669 5590 2328 8079
940 5683 5650 2345 8160
941 5660 5622 2404 8041
942 5446 5698 2346 8180
943 5596 5444 2334 7850
944 5619 5536 2447 8011
945 5611 5674 2247 8159
946 5477 5523 2400 7970
947 5502 5462 2397 7970
948 5485 5522 2328 7899
949 5605 5487 2299 7911
950 5360 5563 2403 8052
951 5344 5468 2263 7918
952 5497 5388 2331 7774
953 5390 5503 2246 7945
954 5281 5483 2144 7914
955 5262 5286 2155 7682
956 5216 5291 2195 7668
957 5295 5175 2263 7472
958 5096 5261 2143 7612
959 5174 5161 2215 7503
960 5269 5149 2246 7440
961 5184 5211 2228 7545
962 5251 5223 2120 7582
963 5246 5303 2204 7576
964 5158 5229 2201 7513
965 5059 5209 2158 7538
966 5073 5131 2135 7434
967 5040 5065 2179 7333
968 5075 5063 2182 7325
969 5143 5194 2201 7401
970 5073 5146 2131 7471
971 5155 5080 2242 7279
972 5296 5170 2209 7426
973 5237 5267 2195 7552
974 5178 5237 2079 7511
975 5014 5084 2163 7386
976 5069 4949 2105 7176
977 5032 5009 2108 7207
978 4999 4938 2109 7190
979 5032 5012 2136 7108
980 5041 4906 2174 7167
981 4996 4995 2200 7158
982 5015 4910 2096 7164
983 5078 5000 2136 7258
984 5134 5036 2134 7252
985 5161 4999 2185 7218
986 5027 5089 2102 7376
987 4994 5023 2079 7267
988 5041 4987 2131 7106
989 4954 4969 2094 7124
990 5122 4899 2059 7095
991 4997 5055 2072 7263
992 5024 4991 2027 7202
993 5004 5007 1985 7173
994 4907 4983 2107 7125
995 4902 4841 2030 7017
996 4965 4850 2152 7004
997 4891 4984 2109 7200
998 4903 5020 2054 7152
999 4958 4954 2069 7078
1000 5013 4951 2046 7116
1001 4841 5103 2061 7274
1002 4882 4942 2006 7089
1003 4862 4925 2097 7008
1004 4906 4855 2108 6973
1005 4926 4980 2024 7189
1006 4863 4988 1965 7034
1007 4847 4819 1988 6975
1008 4877 4826 2006 6925
1009 4883 4840 2079 6954
1010 4791 4782 2043 6866
1011 4725 4821 2007 6993
1012 4723 4819 1923 6874
1013 4836 4791 1974 6789
1014 4649 4830 1978 6886
1015 4693 4648 1947 6715
1016 4747 4717 1993 6807
1017 4778 4763 1929 6892
1018 4894 4896 1914 7004
1019 4807 4936 1989 6985
1020 4863 4888 1868 6936
1021 4813 4819 1990 6915
1022 4545 4755 1970 6782
1023 4501 4634 1979 6732
1024 4520 4636 1897 6654
1025 4648 4575 1886 6604
1026 4621 4659 1945 6639
1027 4656 4643 1960 6638
1028 4633 4719 1887 6755
1029 4581 4620 1897 6661
1030 4561 4561 1904 6509
1031 4585 4570 1866 6589
1032 4572 4563 1936 6457
1033 4462 4508 1797 6538
1034 4489 4446 1832 6374
1035 4607 4432 1890 6394
1036 4612 4580 1962 6492
1037 4503 4550 1914 6493
1038 4440 4442 1875 6458
1039 4443 4469 1822 6371
1040 4502 4447 1905 6378
1041 4581 4508 1854 6464
1042 4546 4522 1895 6379
1043 4463 4518 1937 6449
1044 4517 4639 1851 6620
1045 4583 4586 1836 6498
1046 4489 4632 1917 6570
1047 4553 4523 1855 6413
1048 4608 4529 1904 6460
1049 4428 4576 1891 6482
1050 4514 4351 1873 6325
1051 4510 4457 1916 6464
1052 4526 4560 1851 6488
1053 4594 4526 1883 6477
1054 4397 4564 1886 6553
1055 4461 4341 1868 6288
1056 4499 4435 1813 6426
1057 4358 4445 1777 6331
1058 4436 4315 1794 6227
1059 4408 4395 1837 6324
1060 4464 4366 1800 6222
1061 4351 4373 1823 6261
1062 4256 4414 1764 6306
1063 4276 4261 1730 6141
1064 4269 4274 1749 6165
1065 4322 4210 1813 6038
1066 4422 4238 1794 6126
1067 4322 4326 1829 6210
1068 4373 4353 1741 6219
1069 4298 4413 1797 6251
1070 4269 4274 1736 6110
1071 4237 4220 1765 6079
1072 4191 4285 1771 6131
1073 4269 4221 1778 5986
1074 4297 4224 1726 6104
1075 4273 4327 1788 6119
1076 4320 4249 1766 6026
1077 4233 4237 1756 6075
1078 4300 4212 1759 6064
1079 4144 4352 1805 6160
1080 4196 4170 1762 5950
1081 4289 4187 1662 6052
1082 4357 4165 1811 6030
1083 4197 4342 1763 6217
1084 4181 4286 1713 6051
1085 4142 4243 1684 6061
1086 4117 4182 1779 6011
1087 4195 4229 1718 5932
1088 4136 4196 1679 6026
1089 4209 4102 1657 5926
1090 4203 4170 1656 5979
1091 4159 4129 1779 5963
1092 4157 4153 1700 5872
1093 4113 4086 1701 5841
1094 4043 4048 1603 5823
1095 4118 3917 1619 5681
1096 4047 3970 1667 5711
1097 3939 3940 1627 5703
1098 3978 3933 1597 5622
1099 3980 3924 1644 5639
1100 4028 3970 1586 5612
1101 3972 3926 1696 5615
1102 4020 4020 1652 5660
1103 3993 3975 1635 5648
1104 3981 3909 1610 5601
1105 4038 3897 1685 5579
1106 3947 4026 1619 5715
1107 3954 3969 1569 5667
1108 3929 3957 1654 5616
1109 3831 3877 1615 5580
1110 3972 3888 1572 5576
1111 3981 3982 1625 5674
1112 4064 4028 1555 5704
1113 4045 4088 1625 5767
1114 3881 4044 1646 5736
1115 3843 3931 1596 5610
1116 3994 3852 1585 5509
1117 4038 3918 1632 5565
1118 4030 3962 1573 5655
1119 3879 3945 1617 5618
1120 3935 3841 1589 5520
1121 3986 3879 1598 5560
1122 3901 3886 1546 5641
1123 3853 3885 1611 5617
1124 3825 3932 1616 5557
1125 3856 3904 1594 5503
1126 3786 3898 1577 5589
1127 3830 3844 1509 5449
1128 3770 3732 1539 5375
1129 3783 3715 1557 5357
1130 3852 3799 1497 5446
1131 3855 3830 1640 5399
1132 3874 3857 1541 5427
1133 3845 3800 1510 5477
1134 3782 3765 1547 5460
1135 3744 3837 1484 5444
1136 3738 3740 1497 5381
1137 3802 3723 1530 5332
1138 3813 3757 1530 5331
1139 3700 3790 1495 5432
1140 3770 3703 1585 5249
1141 3707 3758 1540 5367
1142 3647 3712 1625 5303
1143 3579 3773 1451 5341
1144 3729 3655 1479 5190
1145 3722 3708 1470 5332
1146 3545 3653 1487 5140
1147 3622 3576 1452 5105
1148 3655 3712 1459 5227
1149 3603 3656 1454 5129
1150 3531 3577 1498 5066
1151 3549 3492 1511 5001
1152 3500 3495 1496 4991
1153 3571 3485 1391 5046
1154 3499 3549 1473 5042
1155 3495 3531 1446 5050
1156 3429 3524 1414 5029
1157 3636 3477 1454 4927
1158 3706 3626 1469 5090
1159 3640 3601 1436 5142
1160 3459 3567 1390 5136
1161 3423 3419 1464 4966
1162 3460 3442 1481 4884
1163 3508 3472 1458 5017
1164 3549 3622 1461 5113
1165 3526 3612 1348 5093
1166 3578 3522 1459 4989
1167 3577 3541 1469 5021
1168 3507 3584 1369 5065
1169 3380 3501 1403 5006
1170 3418 3414 1400 4746
1171 3497 3313 1334 4809
1172 3484 3426 1369 4841
1173 3418 3460 1422 4941
1174 3353 3498 1389 4908
1175 3332 3313 1432 4704
1176 3502 3211 1314 4608
1177 3279 3334 1327 4824
1178 3262 3223 1305 4648
1179 3326 3251 1415 4637
1180 3357 3369 1350 4737
1181 3354 3384 1354 4753
1182 3270 3348 1391 4757
1183 3360 3269 1356 4655
1184 3270 3304 1332 4770
1185 3281 3304 1316 4749
1186 3262 3310 1310 4705
1187 3249 3241 1310 4606
1188 3238 3246 1348 4593
1189 3180 3246 1333 4631
1190 3246 3261 1320 4697
1191 3165 3238 1337 4604
1192 3359 3143 1300 4563
1193 3268 3329 1368 4667
1194 3276 3266 1307 4632
1195 3205 3289 1279 4665
1196 3196 3236 1343 4599
1197 3115 3220 1291 4512
1198 3231 3153 1273 4551
1199 3253 3316 1261 4691
1200 3063 3241 1303 4489
1201 3065 3020 1348 4369
1202 3152 3111 1301 4381
1203 3211 3177 1325 4468
1204 3260 3225 1327 4549
1205 3162 3274 1337 4617
1206 3194 3265 1209 4655
1207 3223 3226 1336 4538
1208 3275 3282 1340 4601
1209 3193 3337 1367 4649
1210 3301 3277 1276 4600
1211 3344 3301 1341 4593
1212 3299 3305 1347 4630
1213 3121 3238 1326 4590
1214 3276 3123 1323 4530
1215 3247 3281 1371 4592
1216 3305 3232 1360 4558
1217 3366 3217 1321 4611
1218 3376 3256 1350 4662
1219 3335 3356 1357 4721
1220 3417 3301 1338 4693
1221 3263 3352 1347 4697
1222 3262 3206 1398 4613
1223 3325 3274 1340 4619
1224 3249 3310 1342 4697
1225 3301 3275 1220 4681
1226 3312 3281 1319 4650
1227 3210 3286 1305 4655
1228 3271 3208 1291 4560
1229 3209 3286 1366 4593
1230 3159 3203 1239 4570
1231 3075 3175 1295 4576
1232 3188 3141 1244 4445
1233 3183 3145 1267 4482
1234 3164 3088 1263 4387
1235 3195 3081 1262 4455
1236 3197 3169 1195 4547
1237 3168 3181 1230 4521
1238 3164 3179 1254 4426
1239 3210 3110 1196 4426
1240 3189 3153 1255 4474
1241 3234 3152 1276 4438
1242 3066 3248 1294 4537
1243 3085 3082 1283 4364
1244 3111 3132 1217 4463
1245 3059 3186 1170 4461
1246 3164 3004 1144 4275
1247 2934 3106 1260 4416
1248 3027 2957 1204 4180
1249 2973 3043 1230 4346
1250 2954 3038 1166 4274
1251 2989 2950 1177 4232
1252 2990 2996 1197 4196
1253 3069 2920 1189 4153
1254 3031 2967 1172 4198
1255 3117 2925 1277 4200
1256 3019 3071 1310 4266
1257 3039 3079 1154 4312
1258 3004 3001 1263 4241
1259 2954 3005 1206 4217
1260 3004 3000 1184 4225
1261 3062 3032 1225 4272
1262 3092 3078 1253 4347
1263 3152 3144 1216 4468
1264 3059 3212 1208 4542
1265 3050 3067 1156 4321
1266 2908 3028 1205 4249
1267 3026 2932 1148 4185
1268 2984 3065 1176 4265
1269 2947 2936 1215 4094
1270 2957 2878 1191 4110
1271 2883 2977 1216 4214
1272 2932 2974 1211 4142
1273 2920 2981 1166 4205
1274 2847 2963 1156 4130
1275 2906 2839 1122 4078
1276 2986 2833 1143 4059
1277 3037 2921 1144 4122
1278 3012 2920 1210 4179
1279 2921 3027 1150 4264
1280 2860 2982 1148 4208
1281 2906 2865 1151 4046
1282 2850 2871 1109 4038
1283 2845 2847 1198 4030
1284 2752 2905 1150 4084
1285 2755 2810 1124 3978
1286 2756 2751 1122 3921
1287 2706 2779 1094 3999
1288 2850 2757 1074 3866
1289 2859 2773 1097 3949
1290 2783 2726 1092 3925
1291 2678 2715 1105 3879
1292 2772 2651 1057 3814
1293 2681 2725 1135 3833
1294 2708 2677 1038 3769
1295 2679 2665 1090 3823
1296 2658 2712 1063 3882
1297 2626 2690 1081 3795
1298 2605 2626 1061 3761
1299 2668 2649 1078 3783
1300 2640 2702 1023 3790
1301 2562 2683 1037 3784
1302 2621 2613 1067 3693
1303 2543 2679 1038 3787
1304 2577 2533 999 3593
1305 2486 2561 1091 3613
1306 2509 2527 948 3589
1307 2554 2534 1022 3600
1308 2470 2584 1022 3663
1309 2472 2510 1005 3601
1310 2484 2551 996 3608
1311 2500 2484 1010 3486
1312 2637 2458 1029 3576
1313 2636 2659 1050 3686
1314 2580 2612 1092 3718
1315 2756 2600 1041 3641
1316 2673 2728 1058 3850
1317 2602 2697 1027 3718
1318 2607 2589 1021 3704
1319 2605 2630 992 3712
1320 2511 2616 1046 3675
1321 2541 2515 1049 3526
1322 2444 2565 1039 3657
1323 2522 2475 951 3523
1324 2509 2473 1023 3567
1325 2475 2459 1015 3540
1326 2574 2429 1002 3556
1327 2485 2561 1082 3635
1328 2505 2525 999 3573
1329 2451 2564 936 3640
1330 2512 2436 968 3480
1331 2538 2528 1013 3562
1332 2567 2515 999 3584
1333 2523 2596 1014 3671
1334 2584 2524 1001 3570
1335 2598 2563 1079 3635
1336 2524 2640 974 3696
1337 2439 2513 968 3565
1338 2451 2414 981 3442
1339 2466 2463 1009 3483
1340 2464 2481 941 3446
1341 2345 2425 1053 3473
1342 2474 2358 1006 3368
1343 2419 2498 932 3484
1344 2342 2377 958 3400
1345 2369 2376 949 3360
1346 2396 2434 961 3433
1347 2339 2433 985 3413
1348 2363 2385 917 3374
1349 2386 2394 958 3396
1350 2452 2417 1030 3400
1351 2341 2512 924 3561
1352 2285 2446 888 3429
1353 2351 2331 922 3310
1354 2308 2331 915 3349
1355 2283 2357 877 3371
1356 2302 2302 928 3255
1357 2306 2390 935 3365
1358 2392 2362 886 3307
1359 2420 2355 980 3321
1360 2296 2440 902 3429
1361 2341 2319 935 3338
1362 2367 2447 887 3363
1363 2283 2399 900 3344
1364 2341 2248 985 3154
1365 2388 2331 937 3303
1366 2462 2409 975 3382
1367 2415 2469 945 3478
1368 2339 2412 967 3421
1369 2330 2408 952 3387
1370 2355 2410 896 3356
1371 2321 2340 962 3353
1372 2273 2301 895 3269
1373 2328 2247 909 3220
1374 2293 2363 842 3368
1375 2354 2230 940 3211
1376 2339 2332 873 3224
1377 2353 2266 895 3238
1378 2202 2342 953 3293
1379 2220 2279 900 3193
1380 2236 2262 875 3194
1381 2267 2220 886 3153
1382 2347 2252 934 3206
1383 2316 2327 909 3235
1384 2276 2260 910 3267
1385 2284 2322 851 3256
1386 2321 2303 917 3219
1387 2259 2285 914 3225
1388 2127 2247 891 3225
1389 2189 2138 928 3019
1390 2229 2225 829 3130
1391 2346 2239 880 3186
1392 2273 2244 884 3170
1393 2222 2248 897 3197
1394 2158 2249 896 3080
1395 2151 2211 840 3129
1396 2189 2198 902 3105
1397 2111 2211 873 3097
1398 2158 2181 819 3057
1399 2127 2186 810 3032
1400 2247 2086 887 2966
1401 2220 2213 835 3094
1402 2193 2123 859 2976
1403 2139 2099 841 2993
1404 2157 2061 840 2929
1405 2208 2101 801 2980
1406 2113 2132 825 3032
1407 2108 2061 815 2929
1408 2128 2051 827 2925
1409 2100 2095 847 3013
1410 2101 2126 922 2951
1411 2089 2128 885 2975
1412 2128 2087 806 2906
1413 2114 2070 904 2957
1414 2059 2138 833 3048
1415 2098 2146 807 2979
1416 2063 2129 862 2997
1417 2132 2129 873 2954
1418 2096 2165 834 3086
1419 2154 2144 782 2980
1420 2093 2144 876 3018
1421 2069 2145 815 2994
1422 2102 2118 817 2974
1423 2095 2105 831 2922
1424 2084 2057 844 2928
1425 2179 2105 816 2942
1426 2132 2159 828 2972
1427 2122 2099 805 2975
1428 2126 2109 829 2952
1429 2018 2141 844 2963
1430 2021 2058 803 2895
1431 1991 2045 819 2860
1432 2008 1947 758 2807
1433 2087 2048 796 2893
1434 2022 2084 760 2928
1435 2079 2013 782 2811
1436 2019 2061 845 2906
1437 2076 2026 818 2825
1438 2030 2100 820 2923
1439 2002 2056 785 2869
1440 2052 2040 813 2805
1441 2076 2057 816 2882
1442 2000 2029 769 2820
1443 1992 1927 823 2745
1444 2034 1963 784 2793
1445 1971 2035 836 2878
1446 1950 1984 802 2767
1447 2065 1970 765 2771
1448 2073 1998 822 2804
1449 2065 2034 801 2910
1450 2076 2083 836 2902
1451 2077 2070 800 2876
1452 2002 2061 825 2909
1453 1975 1992 817 2840
1454 1976 2023 802 2834
1455 2024 1958 760 2793
1456 1961 2013 824 2857
1457 2034 1991 812 2802
1458 2028 2066 775 2861
1459 2099 1999 862 2823
1460 2162 2063 884 2887
1461 2222 2193 764 3039
1462 2210 2137 816 3005
1463 2148 2128 827 2978
1464 2070 2119 812 2987
1465 2051 2077 771 2920
1466 2116 2029 751 2876
1467 2047 2044 770 2873
1468 2060 2005 841 2825
1469 2026 2058 787 2872
1470 1943 2005 793 2776
1471 1996 1896 785 2659
1472 1959 1951 736 2783
1473 1930 1930 776 2739
1474 1965 1883 805 2659
1475 1946 1952 777 2808
1476 1974 2001 779 2778
1477 2029 1975 759 2789
1478 2055 2041 810 2848
1479 1998 2103 779 2921
1480 2031 2039 762 2863
1481 2063 2029 806 2825
1482 2017 2055 731 2858
1483 1980 1986 791 2778
1484 1960 1987 750 2808
1485 2039 1952 720 2729
1486 1985 1928 744 2744
1487 1929 1937 777 2747
1488 1989 1921 767 2686
1489 1847 1978 754 2792
1490 1940 1882 694 2681
1491 1933 1916 774 2715
1492 1987 1960 753 2719
1493 1796 1982 782 2808
1494 1925 1862 772 2596
1495 1843 1947 762 2717
1496 1877 1881 719 2643
1497 1996 1884 689 2706
1498 1953 2021 775 2819
1499 1928 1984 741 2731
1500 1907 1937 753 2720
1501 1887 1881 777 2664
1502 1972 1867 725 2634
1503 1899 1928 762 2726
1504 1883 1931 729 2682
1505 1783 1897 709 2635
1506 1902 1729 737 2501
1507 1738 1880 716 2631
1508 1774 1767 737 2560
1509 1759 1801 707 2567
1510 1791 1821 797 2544
1511 1809 1871 741 2613
1512 1928 1866 747 2582
1513 1892 1909 722 2675
1514 1875 1847 693 2640
1515 1912 1839 740 2582
1516 1835 1910 769 2702
1517 1824 1839 718 2599
1518 1793 1843 653 2604
1519 1869 1837 681 2586
1520 1931 1921 689 2612
1521 1912 1884 745 2657
1522 1881 1881 719 2646
1523 1778 1876 745 2594
1524 1799 1774 658 2507
1525 1852 1779 704 2538
1526 1867 1822 702 2537
1527 1829 1845 739 2568
1528 1849 1852 701 2568
1529 1898 1809 678 2518
1530 1915 1798 724 2599
1531 1780 1908 716 2664
1532 1870 1813 683 2541
1533 1825 1929 719 2646
1534 1856 1856 691 2589
1535 1809 1921 690 2591
1536 1801 1804 686 2556
1537 1721 1809 689 2530
1538 1653 1730 667 2396
1539 1708 1686 683 2351
1540 1783 1723 707 2410
1541 1845 1806 716 2509
1542 1874 1844 700 2579
1543 1825 1906 744 2595
1544 1826 1832 718 2535
1545 1801 1849 725 2607
1546 1722 1901 674 2666
1547 1754 1818 751 2510
1548 1719 1850 687 2536
1549 1778 1715 717 2411
1550 1752 1807 644 2525
1551 1868 1742 699 2461
1552 1849 1802 680 2527
1553 1848 1827 694 2520
1554 1889 1788 709 2486
1555 1760 1851 676 2590
1556 1808 1764 732 2445
1557 1740 1795 691 2520
1558 1699 1719 635 2427
1559 1682 1699 691 2422
1560 1682 1710 659 2440
1561 1676 1768 669 2459
1562 1634 1758 670 2411
1563 1671 1640 664 2331
1564 1688 1744 656 2407
1565 1779 1714 671 2388
1566 1767 1762 665 2461
1567 1747 1730 631 2428
1568 1759 1759 690 2443
1569 1718 1721 643 2418
1570 1758 1704 649 2432
1571 1814 1778 704 2447
1572 1675 1787 687 2413
1573 1664 1646 648 2324
1574 1787 1646 714 2282
1575 1686 1820 658 2514
1576 1679 1712 676 2371
1577 1746 1699 651 2400
1578 1805 1741 682 2437
1579 1701 1740 661 2458
1580 1736 1695 669 2409
1581 1639 1711 689 2395
1582 1686 1674 591 2388
1583 1740 1723 675 2440
1584 1763 1756 635 2411
1585 1704 1700 654 2380
1586 1679 1683 668 2390
1587 1688 1670 670 2348
1588 1633 1722 646 2419
1589 1667 1663 656 2327
1590 1691 1621 668 2304
1591 1628 1698 687 2366
1592 1709 1666 678 2318
1593 1723 1768 681 2435
1594 1719 1790 573 2475
1595 1625 1719 618 2391
1596 1615 1631 640 2292
1597 1636 1637 601 2298
1598 1562 1647 594 2277
1599 1614 1589 656 2231
1600 1558 1621 599 2287
1601 1526 1605 624 2207
1602 1628 1587 572 2188
1603 1609 1635 578 2256
1604 1575 1602 625 2184
1605 1598 1561 579 2155
1606 1706 1601 656 2224
1607 1652 1650 607 2305
1608 1636 1639 623 2291
1609 1570 1619 612 2271
1610 1617 1561 582 2179
1611 1564 1592 604 2241
1612 1613 1596 609 2211
1613 1572 1603 590 2215
1614 1607 1567 579 2166
1615 1535 1559 558 2166
1616 1591 1459 577 2063
1617 1580 1521 573 2160
1618 1511 1493 578 2116
1619 1605 1460 564 2062
1620 1535 1584 557 2192
1621 1486 1527 584 2105
1622 1504 1424 575 2009
1623 1473 1450 548 2093
1624 1567 1432 595 2050
1625 1542 1551 594 2136
1626 1586 1497 600 2091
1627 1545 1564 629 2139
1628 1637 1599 598 2233
1629 1632 1685 557 2315
1630 1655 1618 614 2236
1631 1562 1657 577 2269
1632 1454 1558 579 2183
1633 1492 1529 547 2140
1634 1527 1546 575 2115
1635 1500 1499 547 2106
1636 1514 1483 598 2109
1637 1549 1520 608 2110
1638 1565 1557 611 2163
1639 1522 1570 571 2144
1640 1501 1514 577 2151
1641 1611 1518 574 2090
1642 1483 1567 639 2170
1643 1491 1481 613 2086
1644 1506 1504 569 2075
1645 1497 1483 591 2067
1646 1466 1523 593 2083
1647 1500 1477 628 2020
1648 1451 1521 571 2125
1649 1540 1488 520 2052
1650 1528 1530 606 2144
1651 1508 1535 595 2130
1652 1516 1491 581 2088
1653 1480 1466 556 2053
1654 1519 1439 564 1998
1655 1455 1493 565 2085
1656 1442 1471 587 2085
1657 1473 1444 566 2031
1658 1521 1471 595 2068
1659 1520 1521 613 2102
1660 1593 1554 596 2178
1661 1706 1576 571 2181
1662 1524 1701 577 2310
1663 1488 1528 581 2155
1664 1546 1568 558 2161
1665 1502 1585 594 2134
1666 1592 1535 557 2116
1667 1494 1544 576 2129
1668 1529 1458 560 2080
1669 1520 1532 526 2091
1670 1549 1465 578 2044
1671 1553 1517 566 2072
1672 1424 1474 541 2096
1673 1380 1381 580 1949
1674 1416 1364 537 1900
1675 1491 1407 553 1978
1676 1445 1471 589 2048
1677 1481 1437 530 1996
1678 1477 1425 545 1993
1679 1457 1434 590 2006
1680 1444 1453 549 1995
1681 1457 1407 552 1999
1682 1459 1416 557 2023
1683 1413 1427 581 1998
1684 1519 1446 570 2039
1685 1513 1535 552 2108
1686 1515 1493 516 2094
1687 1540 1481 548 2077
1688 1495 1517 537 2106
1689 1416 1455 508 2002
1690 1449 1364 566 1916
1691 1437 1412 533 1965
1692 1452 1431 552 1955
1693 1400 1463 550 2004
1694 1403 1435 522 1989
1695 1394 1407 572 1921
1696 1486 1381 527 1925
1697 1417 1435 528 2024
1698 1470 1360 561 1936
1699 1483 1400 559 2001
1700 1472 1479 521 2041
1701 1425 1450 529 2041
1702 1455 1431 480 1956
1703 1363 1417 536 2003
1704 1360 1368 502 1881
1705 1414 1347 537 1896
1706 1446 1398 517 1959
1707 1380 1403 550 1949
1708 1471 1435 539 1998
1709 1409 1494 563 2027
1710 1438 1431 503 1976
1711 1453 1442 558 1976
1712 1410 1436 528 1994
1713 1437 1398 526 1946
1714 1450 1443 567 1987
1715 1457 1472 546 2064
1716 1434 1492 521 2055
1717 1360 1457 548 2030
1718 1346 1428 480 1982
1719 1388 1377 525 1893
1720 1370 1407 517 1954
1721 1421 1411 518 1955
1722 1362 1441 524 1982
1723 1413 1427 495 1915
1724 1417 1398 510 1927
1725 1352 1442 528 1991
1726 1367 1396 535 1934
1727 1369 1389 521 1910
1728 1368 1411 530 1960
1729 1349 1427 474 1960
1730 1301 1379 509 1919
1731 1337 1301 491 1821
1732 1328 1364 489 1879
1733 1352 1369 497 1888
1734 1353 1375 489 1860
1735 1283 1327 560 1879
1736 1287 1350 493 1857
1737 1317 1310 490 1792
1738 1291 1304 444 1828
1739 1287 1276 509 1763
1740 1237 1285 458 1807
1741 1317 1233 485 1720
1742 1308 1295 489 1777
1743 1298 1255 510 1744
1744 1312 1242 507 1747
1745 1369 1297 529 1824
1746 1317 1313 537 1846
1747 1359 1360 488 1854
1748 1395 1357 500 1856
1749 1412 1368 492 1845
1750 1260 1387 495 1912
1751 1292 1262 460 1755
1752 1265 1257 500 1794
1753 1320 1301 526 1789
1754 1344 1335 501 1839
1755 1265 1324 467 1874
1756 1306 1304 504 1775
1757 1316 1294 537 1779
1758 1359 1336 508 1868
1759 1346 1365 527 1879
1760 1297 1329 492 1846
1761 1358 1341 432 1858
1762 1351 1341 474 1864
1763 1292 1329 499 1830
1764 1309 1275 470 1761
1765 1279 1331 503 1832
1766 1315 1300 470 1803
1767 1280 1325 526 1813
1768 1333 1339 507 1823
1769 1271 1335 509 1842
1770 1273 1292 473 1761
1771 1314 1259 478 1809
1772 1301 1303 468 1792
1773 1291 1284 521 1779
1774 1293 1308 448 1817
1775 1299 1275 531 1830
1776 1280 1304 487 1781
1777 1181 1295 451 1816
1778 1258 1209 454 1700
1779 1348 1283 465 1797
1780 1395 1324 474 1831
1781 1306 1328 496 1844
1782 1339 1268 508 1781
1783 1294 1304 459 1839
1784 1231 1298 473 1807
1785 1273 1257 457 1734
1786 1276 1299 458 1804
1787 1257 1278 484 1729
1788 1233 1246 472 1749
1789 1239 1273 488 1739
1790 1248 1302 477 1769
1791 1220 1285 492 1775
1792 1228 1293 472 1764
1793 1275 1235 471 1721
1794 1283 1274 486 1758
1795 1247 1277 470 1805
1796 1211 1264 442 1783
1797 1232 1189 442 1662
1798 1178 1208 472 1715
1799 1208 1208 437 1706
1800 1169 1244 470 1700
1801 1176 1182 444 1658
1802 1246 1219 459 1668
1803 1181 1241 492 1677
1804 1134 1188 411 1700
1805 1179 1166 443 1651
1806 1226 1167 399 1628
1807 1213 1149 431 1631
1808 1158 1167 416 1649
1809 1234 1167 445 1582
1810 1199 1203 430 1647
1811 1188 1178 431 1622
1812 1169 1196 454 1640
1813 1116 1166 424 1629
1814 1158 1142 428 1578
1815 1194 1131 473 1595
1816 1165 1198 453 1656
1817 1221 1165 432 1600
1818 1224 1201 438 1684
1819 1170 1231 389 1704
1820 1158 1131 429 1619
1821 1181 1152 461 1564
1822 1208 1163 430 1635
1823 1197 1214 463 1635
1824 1127 1201 405 1652
1825 1151 1146 427 1594
1826 1158 1123 417 1594
1827 1184 1141 421 1567
1828 1112 1177 432 1639
1829 1124 1120 389 1561
1830 1108 1104 401 1530
1831 1087 1087 406 1509
1832 1100 1068 409 1521
1833 1138 1152 407 1572
1834 1174 1155 405 1555
1835 1215 1153 454 1564
1836 1125 1157 438 1608
1837 1086 1128 402 1581
1838 1064 1098 403 1512
1839 1117 1064 403 1493
1840 1136 1124 397 1524
1841 1145 1102 443 1534
1842 1080 1156 427 1602
1843 1136 1137 446 1544
1844 1126 1147 418 1578
1845 1158 1148 394 1626
1846 1093 1185 434 1584
1847 1083 1119 407 1539
1848 1029 1105 429 1502
1849 1072 1046 401 1469
1850 1048 1106 408 1524
1851 1013 1053 379 1447
1852 1061 1017 423 1408
1853 1138 1040 432 1466
1854 1099 1139 447 1537
1855 1135 1104 414 1543
1856 1153 1150 429 1580
1857 1132 1152 417 1618
1858 1096 1167 424 1587
1859 1085 1120 468 1556
1860 1033 1128 391 1538
1861 1040 1057 403 1513
1862 1146 1081 401 1468
1863 1105 1148 391 1587
1864 1095 1117 414 1518
1865 1069 1106 409 1507
1866 1094 1076 376 1505
1867 1038 1076 410 1531
1868 1007 1051 408 1465
1869 1012 1042 394 1442
1870 1034 1014 401 1390
1871 1049 1032 399 1467
1872 1046 1057 385 1447
1873 1046 1057 360 1481
1874 1025 1046 386 1445
1875 1038 997 430 1405
1876 1090 1022 369 1434
1877 1037 1037 422 1435
1878 1073 1042 384 1466
1879 1002 1056 432 1439
1880 965 994 377 1439
1881 976 1012 418 1409
1882 1062 1021 411 1424
1883 974 1097 395 1511
1884 1081 1003 404 1386
1885 1068 1074 375 1472
1886 1123 1055 409 1479
1887 1099 1093 390 1523
1888 1141 1064 398 1516
1889 1094 1122 445 1531
1890 1042 1088 390 1549
1891 1070 1071 418 1494
1892 1097 1095 379 1524
1893 1008 1110 343 1524
1894 962 1019 367 1405
1895 920 1014 348 1392
1896 980 941 338 1304
1897 1048 950 359 1329
1898 985 1007 415 1411
1899 982 972 374 1372
1900 1074 991 363 1364
1901 1042 1019 411 1445
1902 1047 1050 363 1420
1903 1027 1044 399 1425
1904 999 1029 366 1396
1905 1020 966 384 1341
1906 1025 1019 374 1452
1907 1043 1024 392 1410
1908 1115 1061 405 1441
1909 1077 1105 408 1524
1910 1094 1109 382 1556
1911 1039 1114 373 1519
1912 1028 1008 375 1433
1913 1038 1058 429 1440
1914 1047 1030 444 1417
1915 1023 1053 401 1464
1916 1069 1024 377 1436
1917 1108 1054 381 1492
1918 1055 1126 413 1509
1919 1087 1048 388 1427
1920 1037 1120 401 1501
1921 1042 1049 371 1449
1922 1031 1096 404 1514
1923 1101 1060 366 1417
1924 1079 1094 385 1525
1925 1113 1080 388 1478
1926 1022 1113 417 1502
1927 1031 1025 398 1402
1928 1056 1023 377 1449
1929 1043 1045 388 1446
1930 999 1024 362 1441
1931 1007 986 353 1379
1932 994 994 381 1386
1933 1000 1022 368 1401
1934 1022 1010 365 1360
1935 976 977 374 1378
1936 971 995 342 1376
1937 1017 1007 373 1387
1938 1003 1061 376 1404
1939 995 1021 364 1386
1940 996 953 397 1328
1941 968 988 382 1341
1942 1057 968 378 1364
1943 974 1031 394 1409
1944 966 978 347 1357
1945 973 952 375 1356
1946 986 977 388 1349
1947 949 1037 375 1431
1948 977 982 368 1344
1949 1012 994 335 1336
1950 947 1030 395 1426
1951 987 999 384 1352
1952 978 1055 376 1428
1953 990 1041 351 1413
1954 953 959 355 1362
1955 983 956 374 1343
1956 996 994 365 1343
1957 1045 989 370 1364
1958 991 1059 345 1403
1959 968 981 371 1332
1960 958 958 371 1319
1961 976 980 392 1330
1962 941 966 404 1356
1963 885 994 334 1381
1964 914 937 370 1285
1965 974 949 333 1337
1966 1006 978 345 1363
1967 1001 998 354 1372
1968 967 1021 322 1387
1969 1001 972 339 1375
1970 880 1005 328 1387
1971 896 893 323 1209
1972 927 894 329 1239
1973 936 914 341 1257
1974 912 907 336 1239
1975 884 885 340 1231
1976 876 898 329 1257
1977 894 900 318 1262
1978 911 901 337 1222
1979 813 911 321 1265
1980 862 860 284 1178
1981 857 876 302 1207
1982 829 848 339 1196
1983 887 849 336 1192
1984 896 928 301 1266
1985 903 876 316 1212
1986 903 897 351 1240
1987 900 926 346 1266
1988 883 923 324 1294
1989 866 931 318 1269
1990 867 881 299 1230
1991 859 863 320 1174
1992 807 836 336 1172
1993 868 826 345 1151
1994 805 889 360 1216
1995 856 837 298 1177
1996 872 859 306 1167
1997 891 853 368 1193
1998 836 928 322 1230
1999 851 846 290 1157
2000 791 828 332 1153
2001 808 802 301 1139
2002 843 814 326 1132
2003 811 870 269 1206
2004 819 814 317 1136
2005 786 790 288 1098
2006 791 767 288 1060
2007 767 760 295 1046
2008 765 778 251 1096
2009 786 754 276 1026
2010 771 771 335 1065
2011 753 798 286 1087
2012 803 744 285 1026
2013 859 790 312 1093
2014 764 869 308 1180
2015 802 795 306 1096
2016 786 806 304 1114
2017 776 787 266 1103
2018 762 762 307 1081
2019 787 779 301 1069
2020 816 796 292 1134
2021 809 817 300 1135
2022 760 832 298 1142
2023 801 795 290 1112
2024 745 855 248 1176
2025 776 779 298 1069
2026 790 767 288 1065
2027 763 829 282 1103
2028 775 780 273 1073
2029 801 765 260 1052
2030 795 760 278 1042
2031 815 754 323 1038
2032 790 798 282 1141
2033 783 805 280 1113
2034 749 800 279 1074
2035 787 775 271 1076
2036 804 785 273 1065
2037 799 799 263 1108
2038 755 783 277 1056
2039 708 732 274 1001
2040 736 693 296 973
2041 747 742 295 1007
2042 718 751 258 1057
2043 690 716 235 996
2044 713 642 259 935
2045 692 726 262 1002
2046 677 709 256 1002
2047 734 697 273 972
2048 700 738 281 1029
2049 695 701 257 979
2050 739 732 291 1028
2051 711 793 267 1051
2052 710 753 262 1003
2053 699 707 259 964
2054 763 676 267 953
2055 745 758 284 1025
2056 675 736 278 1001
2057 706 681 259 955
2058 668 706 253 1000
2059 718 698 225 984
2060 692 706 242 970
2061 671 668 236 933
2062 713 666 262 944
2063 657 711 251 967
2064 680 649 231 935
2065 716 673 276 911
2066 691 713 245 989
2067 679 667 258 941
2068 752 689 233 955
2069 690 721 258 989
2070 680 701 239 970
2071 664 674 256 921
2072 675 669 219 929
2073 693 680 255 927
2074 647 684 227 951
2075 657 648 267 892
2076 672 676 241 900
2077 653 655 221 902
2078 632 637 259 915
2079 648 662 225 886
2080 678 652 215 936
2081 642 690 204 952
2082 706 665 254 907
2083 651 699 244 957
2084 614 660 238 905
2085 607 633 212 871
2086 661 624 223 849
2087 590 670 241 920
2088 611 599 218 842
2089 616 627 231 854
2090 601 629 235 872
2091 580 592 204 845
2092 547 572 238 810
2093 590 553 218 761
2094 599 567 213 816
2095 583 576 244 801
2096 595 576 217 796
2097 600 555 215 786
2098 556 574 196 816
2099 620 549 214 772
2100 638 608 229 831
2101 674 633 257 860
2102 644 668 212 910
2103 612 627 218 846
2104 609 587 236 807
2105 610 606 210 837
2106 606 605 231 836
2107 555 593 211 825
2108 610 565 224 780
2109 606 609 244 830
2110 607 625 219 839
2111 644 601 248 812
2112 653 628 233 872
2113 597 648 250 881
2114 591 605 219 854
2115 567 601 206 840
2116 614 551 217 799
2117 575 596 244 812
2118 619 570 216 802
2119 641 613 225 862
2120 621 616 234 829
2121 587 587 235 832
2122 569 578 231 788
2123 582 579 194 799
2124 579 555 215 801
2125 546 593 214 805
2126 552 557 220 787
2127 554 567 235 767
2128 573 542 212 754
2129 567 572 204 812
2130 638 557 225 783
2131 606 637 200 863
2132 616 562 242 769
2133 613 576 230 841
2134 583 612 212 851
2135 581 600 224 824
2136 587 607 239 813
2137 623 629 212 858
2138 617 659 220 871
2139 610 614 231 855
2140 619 631 209 851
2141 588 624 201 852
2142 615 585 186 830
2143 571 601 204 821
2144 583 545 212 752
2145 557 551 223 782
2146 596 533 251 756
2147 596 610 196 832
2148 639 576 249 823
2149 611 652 248 860
2150 583 632 229 853
2151 561 599 231 809
2152 605 578 220 807
2153 611 587 242 825
2154 634 599 195 838
2155 619 608 241 848
2156 580 615 205 849
2157 576 599 195 807
2158 560 562 217 782
2159 531 557 219 763
2160 520 555 225 767
2161 546 560 203 770
2162 562 581 189 800
2163 559 543 225 745
2164 559 528 237 753
2165 593 592 206 817
2166 577 603 243 820
2167 582 587 203 793
2168 592 591 214 825
2169 595 580 202 799
2170 568 594 216 809
2171 545 573 236 784
2172 519 565 207 802
2173 499 541 200 771
2174 553 512 209 716
2175 535 556 212 770
2176 595 531 201 770
2177 556 584 209 797
2178 523 546 221 760
2179 532 562 191 772
2180 527 555 196 780
2181 557 541 223 755
2182 565 569 192 770
2183 569 567 220 773
2184 541 566 200 789
2185 562 560 164 776
2186 509 560 208 772
2187 522 525 205 710
2188 491 507 212 700
2189 474 490 184 680
2190 509 469 187 676
2191 535 499 228 681
2192 531 542 199 727
2193 564 522 221 735
2194 553 582 186 810
2195 523 541 177 744
2196 536 488 201 715
2197 528 532 187 734
2198 527 535 213 726
2199 582 540 199 745
2200 583 587 221 793
2201 610 571 190 791
2202 552 584 209 806
2203 526 537 210 746
2204 523 540 171 746
2205 506 511 203 714
2206 528 502 214 719
2207 582 532 200 741
2208 581 578 206 794
2209 527 577 187 779
2210 542 530 216 744
2211 520 534 184 741
2212 530 507 201 694
2213 537 518 231 716
2214 532 526 190 729
2215 569 538 208 749
2216 531 553 194 754
2217 532 523 198 733
2218 565 533 193 738
2219 567 553 217 768
2220 545 544 188 764
2221 530 560 182 774
2222 514 497 192 700
2223 600 496 185 701
2224 560 579 227 788
2225 528 589 206 793
2226 499 562 201 791
2227 514 527 187 716
2228 534 513 197 740
2229 512 534 208 728
2230 489 525 185 724
2231 492 507 187 703
2232 520 505 211 714
2233 539 546 195 736
2234 489 576 185 770
2235 465 503 180 690
2236 475 473 170 684
2237 498 487 187 653
2238 510 500 162 668
2239 510 515 188 702
2240 473 495 187 687
2241 514 484 187 670
2242 478 516 178 721
2243 492 513 166 702
2244 499 473 218 666
2245 479 514 192 704
2246 465 492 201 674
2247 518 482 194 639
2248 507 513 219 707
2249 516 519 167 695
2250 479 499 209 710
2251 486 479 194 686
2252 496 506 180 697
2253 490 483 197 687
2254 546 510 158 706
2255 537 534 195 705
2256 510 497 191 702
2257 507 539 186 701
2258 552 515 176 706
2259 547 543 215 729
2260 505 566 189 743
2261 501 546 193 732
2262 465 525 190 700
2263 491 481 203 681
2264 483 468 191 650
2265 535 470 198 648
2266 546 515 201 696
2267 506 543 188 725
2268 507 504 179 720
2269 486 505 203 691
2270 491 498 176 688
2271 513 494 207 708
2272 498 534 193 728
2273 508 530 165 719
2274 480 508 188 700
2275 529 484 191 671
2276 494 525 181 722
2277 504 502 179 718
2278 494 517 178 697
2279 471 487 166 665
2280 475 448 165 657
2281 499 471 178 645
2282 552 494 181 666
2283 528 500 186 706
2284 478 484 205 682
2285 453 481 175 674
2286 461 465 139 647
2287 467 434 194 608
2288 465 441 184 610
2289 493 446 174 630
2290 440 483 182 654
2291 438 438 178 633
2292 462 473 152 655
2293 507 460 173 627
2294 466 484 183 650
2295 497 452 173 626
2296 486 494 175 697
2297 515 497 179 653
2298 487 521 190 686
2299 513 488 197 663
2300 504 506 183 697
2301 477 506 168 725
2302 522 499 170 672
2303 509 499 183 686
2304 467 488 199 676
2305 533 474 180 659
2306 518 503 201 680
2307 503 498 184 706
2308 498 501 161 682
2309 499 483 181 675
2310 457 517 187 681
2311 469 455 165 635
2312 415 470 170 643
2313 456 423 178 601
2314 486 471 153 654
2315 495 488 171 672
2316 485 506 160 661
2317 503 476 148 653
2318 459 487 207 668
2319 460 486 164 643
2320 436 470 176 653
2321 453 433 145 615
2322 479 434 155 603
2323 497 465 170 643
2324 484 499 176 674
2325 469 491 174 646
2326 485 478 181 661
2327 463 516 161 678
2328 440 480 158 647
2329 455 432 170 593
2330 453 450 156 616
2331 442 455 173 609
2332 466 456 138 615
2333 430 449 162 623
2334 424 425 156 584
2335 431 428 143 589
2336 435 429 169 579
2337 508 410 180 571
2338 483 488 181 682
2339 487 498 166 672
2340 494 480 183 658
2341 459 482 170 687
2342 435 484 174 667
2343 449 481 146 646
2344 481 435 144 600
2345 465 475 155 642
2346 490 468 170 609
2347 448 483 174 661
2348 458 438 127 599
2349 476 429 159 590
2350 437 420 157 593
2351 483 387 162 566
2352 467 465 167 618
2353 459 449 200 624
2354 455 472 170 630
2355 481 454 146 634
2356 485 472 146 668
2357 448 462 168 636
2358 452 457 158 633
2359 448 462 155 631
2360 451 431 156 602
2361 442 448 165 630
2362 467 452 153 624
2363 450 454 163 631
2364 482 433 153 619
2365 444 462 178 634
2366 458 455 157 612
2367 414 451 179 607
2368 422 418 138 571
2369 422 429 145 600
2370 404 407 153 555
2371 385 402 161 567
2372 395 391 129 558
2373 428 400 166 554
2374 432 413 139 568
2375 447 413 143 604
2376 449 431 161 568
2377 421 435 141 574
2378 419 412 147 592
2379 485 439 157 587
2380 436 496 182 647
2381 441 434 164 612
2382 431 451 167 613
2383 411 450 133 594
2384 406 402 172 576
2385 410 393 170 572
2386 413 407 167 574
2387 439 417 146 590
2388 441 445 151 608
2389 436 443 136 596
2390 430 447 164 577
2391 435 413 143 556
2392 383 397 177 550
2393 372 369 158 536
2394 399 419 163 562
2395 442 432 160 583
2396 437 456 171 609
2397 420 453 143 611
2398 410 416 140 576
2399 429 410 141 569
2400 473 422 151 591
2401 459 469 168 613
2402 414 446 159 625
2403 453 450 148 614
2404 428 470 160 615
2405 455 414 184 566
2406 404 444 166 621
2407 417 441 158 608
2408 442 453 130 606
2409 437 442 158 618
2410 429 451 185 609
2411 432 459 149 616
2412 443 439 168 607
2413 455 442 158 617
2414 417 438 135 602
2415 439 410 142 587
2416 432 435 165 591
2417 416 410 138 571
2418 410 419 142 572
2419 423 413 150 566
2420 417 414 152 561
2421 397 426 152 577
2422 420 421 141 562
2423 381 418 139 567
2424 410 382 142 525
2425 397 404 157 551
2426 418 405 148 575
2427 388 439 157 578
2428 460 413 152 566
2429 411 470 162 609
2430 397 404 164 537
2431 378 405 151 561
2432 419 399 132 540
2433 407 402 155 572
2434 434 420 147 574
2435 447 440 137 590
2436 422 421 150 564
2437 398 397 169 558
2438 373 409 125 579
2439 409 403 125 551
2440 369 404 127 557
2441 391 356 134 496
2442 402 369 118 513
2443 404 385 154 535
2444 406 394 130 506
2445 410 382 152 535
2446 405 403 152 556
2447 365 421 149 562
2448 398 381 148 530
2449 411 401 148 557
2450 408 415 162 537
2451 407 419 143 563
2452 373 422 156 584
2453 442 368 139 526
2454 431 436 131 608
2455 406 407 120 581
2456 383 393 152 544
2457 395 380 149 512
2458 386 385 154 528
2459 382 398 160 543
2460 410 385 131 533
2461 405 400 137 538
2462 426 367 146 518
2463 436 404 154 571
2464 402 419 136 576
2465 378 406 139 559
2466 384 392 130 547
2467 422 387 130 502
2468 428 407 130 536
2469 435 400 143 539
2470 372 399 153 541
2471 354 361 145 498
2472 367 358 148 497
2473 370 375 136 505
2474 436 368 144 498
2475 446 432 160 585
2476 411 442 181 603
2477 380 437 161 588
2478 394 399 139 549
2479 407 400 133 562
2480 419 419 117 573
2481 386 417 148 567
2482 389 391 127 521
2483 338 367 116 520
2484 399 341 125 480
2485 363 421 136 545
2486 372 362 140 500
2487 367 367 125 513
2488 359 365 132 500
2489 391 352 128 495
2490 359 388 126 526
2491 359 370 135 500
2492 396 359 104 520
2493 336 402 111 552
2494 346 359 109 484
2495 325 349 113 480
2496 324 338 136 465
2497 331 334 110 462
2498 314 346 121 476
2499 336 306 112 439
2500 314 328 122 448
2501 347 329 122 447
2502 402 360 139 474
2503 393 392 115 510
2504 335 354 142 500
2505 364 357 124 486
2506 387 368 124 498
2507 382 384 134 528
2508 358 378 123 515
2509 356 377 120 532
2510 386 357 133 482
2511 359 379 108 504
2512 335 329 123 461
2513 352 324 111 447
2514 337 349 109 459
2515 343 304 116 432
2516 346 335 109 452
2517 341 316 138 439
2518 351 335 110 454
2519 343 335 118 474
2520 367 335 115 477
2521 343 355 127 486
2522 325 348 111 481
2523 373 319 125 446
2524 352 365 126 489
2525 387 337 126 466
2526 370 360 130 476
2527 338 357 136 491
2528 366 344 130 484
2529 411 377 131 509
2530 357 424 121 561
2531 363 358 124 476
2532 332 367 113 500
2533 343 342 112 464
2534 350 352 123 477
2535 349 340 124 473
2536 327 340 107 455
2537 324 322 114 474
2538 325 341 111 458
2539 364 336 121 448
2540 324 370 125 471
2541 328 319 142 455
2542 332 347 131 458
2543 350 342 131 465
2544 397 366 131 492
2545 367 395 118 537
2546 373 363 137 496
2547 343 373 136 505
2548 357 367 113 493
2549 360 350 126 490
2550 358 361 136 490
2551 307 376 128 505
2552 328 342 114 466
2553 325 340 124 453
2554 342 332 106 441
2555 338 332 132 442
2556 344 327 133 459
2557 331 374 125 494
2558 377 348 124 466
2559 359 359 121 485
2560 373 337 154 460
2561 375 374 113 514
2562 343 369 143 505
2563 322 347 119 473
2564 353 351 120 491
2565 361 382 126 514
2566 347 378 100 495
2567 333 348 135 477
2568 377 335 122 460
2569 342 382 137 515
2570 325 372 109 476
2571 328 339 103 472
2572 358 342 90 459
2573 374 347 112 475
2574 353 354 133 467
2575 361 353 128 473
2576 353 357 94 484
2577 332 318 114 451
2578 336 304 118 422
2579 347 315 136 428
2580 317 338 103 473
2581 314 323 110 428
2582 325 318 124 438
2583 332 330 148 437
2584 336 347 124 457
2585 342 354 121 484
2586 336 344 131 476
2587 317 364 111 476
2588 290 349 120 444
2589 315 322 99 427
2590 316 334 109 438
2591 312 331 129 443
2592 335 329 112 440
2593 324 346 116 467
2594 327 319 132 426
2595 341 327 112 448
2596 323 332 127 469
2597 367 318 110 448
2598 391 342 126 471
2599 359 359 112 506
2600 335 355 119 487
2601 334 314 116 429
2602 319 346 101 460
2603 307 331 124 446
2604 324 303 125 408
2605 294 320 117 451
2606 295 310 96 432
2607 320 303 115 408
2608 286 323 102 446
2609 326 307 95 417
2610 336 322 110 436
2611 327 326 99 450
2612 307 315 124 402
2613 317 288 116 408
2614 323 307 107 430
2615 313 309 117 428
2616 296 304 95 430
2617 309 299 113 423
2618 325 296 123 405
2619 284 328 97 436
2620 263 296 93 414
2621 287 284 95 387
2622 297 284 84 392
2623 293 289 110 386
2624 328 287 96 404
2625 299 310 109 391
2626 305 287 101 395
2627 298 274 107 372
2628 298 267 110 393
2629 309 305 110 424
2630 303 320 122 438
2631 303 311 101 418
2632 299 291 105 387
2633 304 285 104 403
2634 295 296 94 420
2635 296 293 96 384
2636 272 290 100 405
2637 302 280 92 375
2638 318 304 117 390
2639 286 307 100 404
2640 306 274 107 360
2641 273 274 99 377
2642 282 262 103 378
2643 292 283 97 379
2644 280 288 97 378
2645 275 276 105 391
2646 291 286 104 387
2647 296 305 104 408
2648 297 297 95 403
2649 294 284 117 390
2650 261 293 79 390
2651 256 256 84 369
2652 279 244 112 357
2653 303 270 111 366
2654 284 317 92 438
2655 296 308 101 397
2656 270 285 102 398
2657 292 278 101 388
2658 279 306 103 417
2659 273 280 112 377
2660 265 297 95 415
2661 273 269 105 365
2662 274 267 88 370
2663 299 261 83 361
2664 310 285 96 386
2665 290 296 100 393
2666 276 293 94 394
2667 297 275 84 379
2668 244 290 102 406
2669 243 268 82 379
2670 257 270 98 357
2671 238 273 97 372
2672 266 254 92 355
2673 280 278 83 371
2674 284 280 102 370
2675 273 283 96 394
2676 270 273 101 364
2677 272 254 101 355
2678 293 258 75 358
2679 255 264 107 363
2680 282 242 99 326
2681 261 278 110 371
2682 285 276 92 370
2683 296 286 100 399
2684 302 298 91 399
2685 304 299 94 389
2686 292 297 95 419
2687 280 297 78 385
2688 254 283 108 402
2689 271 269 77 359
2690 269 289 96 385
2691 274 284 66 381
2692 282 269 86 359
2693 242 270 90 364
2694 254 246 85 341
2695 234 251 89 343
2696 212 253 76 343
2697 238 249 84 327
2698 239 242 100 335
2699 229 230 105 330
2700 253 240 75 339
2701 258 273 80 359
2702 261 246 77 339
2703 233 235 80 328
2704 244 208 76 288
2705 213 234 93 320
2706 227 232 73 320
2707 247 234 89 318
2708 257 250 70 348
2709 267 244 89 329
2710 225 235 88 315
2711 224 208 83 306
2712 223 235 93 312
2713 223 238 65 321
2714 221 242 87 323
2715 240 228 85 303
2716 253 244 75 324
2717 237 249 91 339
2718 239 236 70 326
2719 238 236 89 324
2720 234 236 84 322
2721 235 241 91 328
2722 261 232 90 319
2723 254 255 89 358
2724 254 255 76 352
2725 268 244 91 333
2726 227 270 87 349
2727 264 225 70 313
2728 238 256 92 339
2729 243 234 84 313
2730 250 245 64 339
2731 255 242 86 329
2732 222 247 74 338
2733 207 224 85 298
2734 198 226 87 310
2735 206 214 83 278
2736 235 205 86 282
2737 219 225 81 312
2738 261 218 75 303
2739 245 252 86 332
2740 215 247 68 336
2741 229 221 77 298
2742 233 208 80 283
2743 243 217 73 311
2744 229 230 80 317
2745 226 230 78 307
2746 232 210 78 293
2747 240 202 66 284
2748 199 211 79 305
2749 228 219 53 297
2750 194 217 79 295
2751 212 182 74 260
2752 227 203 75 283
2753 207 213 67 292
2754 206 191 76 289
2755 210 220 78 297
2756 208 217 66 288
2757 237 224 76 294
2758 234 224 93 300
2759 244 226 82 309
2760 225 221 82 302
2761 186 207 73 288
2762 217 177 77 251
2763 198 201 76 272
2764 219 189 71 262
2765 225 203 63 282
2766 214 210 82 298
2767 215 220 78 297
2768 189 217 84 301
2769 187 202 58 276
2770 183 194 70 260
2771 206 186 61 261
2772 210 203 74 281
2773 207 201 74 271
2774 193 201 65 266
2775 167 173 74 245
2776 149 165 58 236
2777 194 163 64 227
2778 161 188 59 263
2779 167 161 62 237
2780 167 172 52 237
2781 146 182 60 246
2782 143 148 68 188
2783 164 156 61 217
2784 172 164 85 227
2785 193 164 70 232
2786 195 187 62 263
2787 175 178 59 240
2788 200 166 77 226
2789 165 198 65 255
2790 202 158 70 222
2791 210 202 69 265
2792 213 200 72 281
2793 237 222 83 290
2794 235 247 85 316
2795 216 239 74 313
2796 228 199 57 266
2797 177 195 86 277
2798 180 179 73 267
2799 207 193 51 266
2800 203 202 61 279
2801 176 205 69 270
2802 184 172 69 238
2803 230 170 62 257
2804 207 222 66 299
2805 201 197 64 276
2806 186 203 84 260
2807 207 198 58 273
2808 193 215 74 291
2809 187 209 70 274
2810 190 200 64 278
2811 191 194 72 262
2812 207 193 58 266
2813 196 212 58 280
2814 181 195 57 263
2815 188 178 71 258
2816 172 189 62 256
2817 181 178 63 235
2818 170 178 59 258
2819 166 182 61 238
2820 183 161 51 228
2821 172 191 58 270
2822 139 195 51 257
2823 143 155 44 206
2824 167 143 62 208
2825 163 159 51 219
2826 162 152 57 227
2827 162 154 70 219
2828 154 166 42 234
2829 141 164 50 213
2830 142 131 65 193
2831 149 144 55 205
2832 140 156 60 216
2833 142 142 66 193
2834 125 154 53 219
2835 141 145 37 210
2836 128 149 43 216
2837 137 142 46 181
2838 132 130 55 195
2839 148 136 40 194
2840 137 141 37 209
2841 135 148 42 197
2842 130 145 51 194
2843 111 138 45 192
2844 140 124 55 170
2845 141 140 49 189
2846 143 146 53 196
2847 145 155 48 204
2848 126 142 43 193
2849 153 132 37 181
2850 123 139 58 186
2851 153 127 44 174
2852 138 160 42 213
2853 123 132 49 172
2854 125 118 41 170
2855 118 130 35 187
2856 128 120 36 171
2857 128 126 31 172
2858 92 117 52 164
2859 109 110 36 151
2860 110 105 50 140
2861 117 110 35 156
2862 113 124 40 177
2863 116 120 43 163
2864 90 126 34 172
2865 97 99 33 141
2866 110 96 43 136
2867 95 111 46 147
2868 107 97 46 143
2869 122 125 37 163
2870 112 127 48 165
2871 112 108 34 149
2872 108 107 42 154
2873 111 107 40 141
2874 114 109 40 155
2875 112 119 39 159
2876 111 115 51 159
2877 131 110 37 163
2878 139 136 45 188
2879 124 135 46 188
2880 113 138 48 173
2881 128 107 43 157
2882 130 118 40 176
2883 137 123 50 182
2884 140 135 57 186
2885 147 153 48 204
2886 135 157 43 212
2887 125 144 45 197
2888 103 131 45 177
2889 110 105 42 153
2890 98 118 36 158
2891 113 110 31 153
2892 112 112 38 165
2893 119 113 41 158
2894 120 115 42 157
2895 132 125 38 169
2896 101 124 42 161
2897 99 93 41 137
2898 106 100 42 144
2899 105 112 36 150
2900 98 108 41 149
2901 88 112 34 150
2902 101 101 24 140
2903 88 105 33 138
2904 93 83 32 119
2905 98 84 43 126
2906 95 102 34 136
2907 95 100 36 136
2908 91 97 37 137
2909 99 102 28 152
2910 88 102 36 144
2911 94 92 34 134
2912 85 101 37 136
2913 90 93 32 126
2914 98 104 32 133
2915 123 105 41 131
2916 103 117 39 160
2917 115 103 38 141
2918 93 109 44 145
2919 103 86 34 116
2920 99 87 31 128
2921 115 89 49 127
2922 110 115 37 144
2923 118 105 36 138
2924 109 108 45 152
2925 123 121 37 173
2926 94 131 44 176
2927 109 107 35 144
2928 125 105 29 146
2929 107 105 43 151
2930 103 95 55 132
2931 103 105 39 141
2932 113 96 43 129
2933 104 104 38 138
2934 108 103 61 138
2935 109 124 48 159
2936 118 119 33 167
2937 142 117 46 151
2938 116 127 42 172
2939 109 110 41 154
2940 126 104 32 142
2941 114 98 50 138
2942 97 96 36 144
2943 100 89 35 128
2944 89 96 36 138
2945 75 87 38 118
2946 91 86 28 118
2947 92 98 44 128
2948 100 100 29 133
2949 102 111 35 150
2950 100 102 47 145
2951 93 108 38 153
2952 97 116 27 167
2953 116 120 38 157
2954 112 122 35 160
2955 96 114 38 143
2956 117 104 39 136
2957 112 116 43 158
2958 111 113 36 161
2959 106 106 49 159
2960 113 113 49 155
2961 110 124 42 161
2962 85 117 41 158
2963 102 94 31 134
2964 117 98 57 147
2965 101 135 39 174
2966 93 120 25 162
2967 97 104 48 137
2968 81 113 30 143
2969 93 77 30 121
2970 91 92 32 132
2971 101 89 36 120
2972 114 92 29 135
2973 106 97 40 128
2974 98 105 45 141
2975 103 95 36 129
2976 91 97 44 145
2977 108 93 30 127
2978 111 98 47 139
2979 99 118 24 154
2980 83 101 40 140
2981 93 80 47 124
2982 99 105 23 140
2983 82 105 31 147
2984 94 88 24 117
2985 92 89 29 127
2986 92 83 37 122
2987 107 90 24 132
2988 112 105 43 140
2989 109 105 45 143
2990 105 102 37 142
2991 100 104 34 159
2992 86 106 37 134
2993 126 86 31 129
2994 123 123 46 170
2995 105 115 41 155
2996 107 97 33 140
2997 99 96 42 134
2998 106 92 37 144
2999 113 104 37 140
3000 99 104 48 145
3001 107 103 33 141
3002 96 93 42 138
3003 97 98 35 135
3004 105 97 42 141
3005 123 100 35 133
3006 123 131 40 162
3007 112 126 46 160
3008 126 100 40 135
3009 119 111 42 150
3010 117 112 48 158
3011 135 113 41 161
3012 112 127 33 177
3013 110 100 36 152
3014 99 108 44 148
3015 94 120 30 154
3016 82 95 35 134
3017 99 85 36 124
3018 108 107 42 147
3019 125 121 42 161
3020 130 133 37 182
3021 115 128 48 171
3022 116 133 35 172
3023 92 123 41 168
3024 84 102 39 139
3025 90 93 32 132
3026 89 102 36 138
3027 96 88 35 129
3028 92 102 30 140
3029 81 98 29 137
3030 74 87 37 126
3031 91 89 34 127
3032 106 106 25 130
3033 106 98 36 152
3034 93 112 51 139
3035 93 96 28 133
3036 93 79 33 128
3037 97 86 39 117
3038 91 98 35 142
3039 87 98 29 123
3040 100 81 40 120
3041 98 104 49 133
3042 99 104 42 145
3043 107 109 32 160
3044 91 117 37 166
3045 103 93 41 126
3046 96 107 31 151
3047 101 100 38 141
3048 75 106 39 145
3049 81 85 23 118
3050 90 88 27 124
3051 88 83 41 112
3052 100 78 36 116
3053 98 95 38 133
3054 94 95 26 132
3055 109 88 37 124
3056 94 101 37 141
3057 80 92 28 129
3058 64 80 31 120
3059 87 70 24 102
3060 81 83 30 113
3061 76 80 29 118
3062 81 78 35 110
3063 64 97 23 127
3064 69 78 28 109
3065 65 75 23 96
3066 72 57 25 81
3067 76 59 37 82
3068 53 74 34 95
3069 73 54 26 77
3070 79 73 29 106
3071 62 81 23 108
3072 59 67 15 100
3073 76 52 18 86
3074 74 62 23 86
3075 79 64 29 94
3076 82 81 32 109
3077 77 91 19 116
3078 84 72 20 110
3079 68 80 24 103
3080 69 64 21 90
3081 76 57 17 81
3082 65 62 28 86
3083 70 50 19 73
3084 69 54 31 87
3085 68 61 28 96
3086 63 73 23 98
3087 75 67 13 87
3088 74 53 26 87
3089 73 58 27 96
3090 59 77 33 116
3091 67 85 30 105
3092 77 73 31 90
3093 79 77 25 110
3094 78 77 30 105
3095 87 68 28 100
3096 76 80 22 110
3097 73 77 22 103
3098 59 73 24 105
3099 58 66 24 93
3100 49 66 26 85
3101 70 57 25 76
3102 80 74 21 101
3103 74 79 28 107
3104 102 74 31 101
3105 96 92 31 122
3106 71 99 39 130
3107 64 90 27 115
3108 75 85 31 121
3109 62 97 23 123
3110 63 65 27 101
3111 72 73 20 96
3112 87 68 23 98
3113 105 73 26 98
3114 98 94 24 130
3115 87 89 25 117
3116 71 72 35 100
3117 59 73 22 91
3118 63 60 24 82
3119 55 56 15 76
3120 71 41 20 63
3121 64 62 19 84
3122 55 60 27 75
3123 55 56 31 85
3124 66 65 26 89
3125 65 70 19 98
3126 51 64 24 95
3127 65 57 31 79
3128 75 72 28 86
3129 80 74 34 115
3130 73 83 24 104
3131 70 73 30 103
3132 78 72 20 91
3133 78 76 25 102
3134 76 69 26 105
3135 67 78 25 103
3136 67 58 29 83
3137 59 58 18 80
3138 57 54 26 79
3139 87 62 27 82
3140 86 84 22 107
3141 100 72 30 99
3142 93 85 34 119
3143 87 94 30 122
3144 77 93 19 127
3145 78 81 23 108
3146 75 74 22 108
3147 69 64 27 91
3148 56 69 34 98
3149 58 69 27 95
3150 64 66 23 95
3151 72 72 24 88
3152 68 65 26 86
3153 69 56 30 86
3154 74 69 34 101
3155 76 87 25 114
3156 69 68 29 93
3157 74 60 27 95
3158 74 69 34 109
3159 89 82 30 104
3160 83 87 27 116
3161 82 75 23 103
3162 69 71 32 108
3163 47 69 24 102
3164 65 51 20 83
3165 59 70 23 93
3166 64 66 26 95
3167 71 71 25 87
3168 62 71 24 104
3169 56 70 27 84
3170 76 61 24 88
3171 62 85 29 108
3172 63 77 19 102
3173 59 65 24 91
3174 62 58 22 85
3175 61 57 24 83
3176 63 63 18 88
3177 69 67 25 95
3178 60 71 20 91
3179 53 66 27 87
3180 51 60 25 79
3181 62 52 16 70
3182 71 55 26 79
3183 63 66 28 85
3184 79 60 21 87
3185 69 75 16 105
3186 70 61 22 81
3187 58 61 23 89
3188 68 67 22 86
3189 86 63 23 86
3190 66 89 20 114
3191 74 68 20 87
3192 63 73 14 97
3193 52 57 18 78
3194 45 50 19 64
3195 47 43 18 68
3196 42 51 12 70
3197 58 43 20 61
3198 60 52 16 73
3199 67 58 13 80
3200 64 63 11 83
3201 47 51 21 69
3202 67 40 16 58
3203 52 60 26 79
3204 53 49 15 69
3205 57 43 17 62
3206 57 53 17 78
3207 52 52 27 74
3208 34 61 13 75
3209 30 46 14 64
3210 38 43 14 53
3211 44 43 16 60
3212 50 46 9 69
3213 54 45 12 60
3214 50 45 15 64
3215 38 48 13 70
3216 33 41 18 51
3217 33 33 10 49
3218 38 29 17 40
3219 35 27 19 43
3220 44 40 13 56
3221 50 44 19 57
3222 43 46 17 64
3223 42 43 15 53
3224 38 38 19 51
3225 44 38 19 50
3226 55 44 18 57
3227 41 44 18 65
3228 42 37 17 45
3229 31 29 13 51
3230 41 30 11 54
3231 35 43 10 52
3232 37 33 12 53
3233 45 35 23 49
3234 45 48 21 61
3235 35 52 19 73
3236 40 50 10 63
3237 56 41 15 54
3238 37 51 15 65
3239 35 35 14 47
3240 52 38 18 50
3241 57 56 9 69
3242 48 45 17 60
3243 55 39 17 59
3244 43 56 24 74
3245 35 57 18 80
3246 53 49 15 64
3247 61 50 9 75
3248 66 51 20 65
3249 63 51 21 82
3250 34 61 20 79
3251 32 40 9 54
3252 26 31 14 43
3253 35 24 7 36
3254 43 25 19 38
3255 46 36 17 53
3256 43 51 17 69
3257 31 46 14 61
3258 40 34 9 46
3259 47 37 16 53
3260 59 45 17 61
3261 49 56 24 75
3262 48 54 20 70
3263 53 47 20 67
3264 50 54 16 71
3265 55 49 23 62
3266 57 50 15 74
3267 60 57 10 75
3268 41 47 25 59
3269 46 37 15 49
3270 39 45 21 55
3271 49 37 14 50
3272 44 53 21 74
3273 51 49 15 62
3274 44 54 15 72
3275 44 46 12 63
3276 46 42 21 60
3277 50 50 10 67
3278 57 50 17 74
3279 40 56 17 73
3280 57 36 15 49
3281 50 52 16 73
3282 53 51 18 69
3283 47 56 21 74
3284 47 50 12 65
3285 50 44 14 62
3286 42 47 18 66
3287 53 43 17 61
3288 52 55 6 70
3289 51 44 15 65
3290 52 41 17 55
3291 45 45 23 62
3292 39 43 12 63
3293 37 43 8 61
3294 31 34 15 48
3295 33 27 11 38
3296 24 31 17 48
3297 20 30 13 42
3298 25 25 5 42
3299 38 29 6 44
3300 47 38 13 48
3301 28 41 19 52
3302 30 27 11 46
3303 27 36 6 49
3304 42 27 11 37
3305 33 39 11 52
3306 38 30 13 41
3307 30 37 10 53
3308 33 34 11 51
3309 43 38 18 45
3310 37 40 13 54
3311 42 37 18 53
3312 45 44 19 54
3313 55 49 20 67
3314 61 48 23 61
3315 44 56 21 78
3316 37 41 22 52
3317 44 42 14 50
3318 50 37 14 56
3319 44 42 20 56
3320 45 45 14 71
3321 50 56 20 67
3322 48 57 19 73
3323 48 50 26 61
3324 55 52 17 64
3325 54 51 19 71
3326 42 51 21 61
3327 53 41 11 60
3328 53 49 19 62
3329 51 48 16 72
3330 47 53 13 76
3331 49 46 20 66
3332 51 51 15 72
3333 53 58 11 76
3334 47 52 16 74
3335 46 48 19 62
3336 39 42 14 63
3337 35 39 15 64
3338 26 38 9 55
3339 23 27 13 40
3340 27 28 9 39
3341 43 28 14 34
3342 50 40 21 52
3343 37 54 12 69
3344 42 38 17 52
3345 46 35 15 46
3346 42 34 23 50
3347 46 36 18 59
3348 56 44 17 62
3349 51 47 22 62
3350 39 55 8 72
3351 28 43 16 61
3352 37 31 11 38
3353 36 36 14 48
3354 26 29 17 42
3355 22 23 11 36
3356 20 19 11 29
3357 22 15 10 27
3358 34 20 12 29
3359 27 31 8 39
3360 22 23 9 37
3361 28 23 9 31
3362 50 32 14 41
3363 43 45 14 59
3364 50 37 19 50
3365 39 46 16 57
3366 43 34 15 57
3367 41 39 11 52
3368 40 35 17 52
3369 47 43 11 62
3370 55 43 16 57
3371 46 52 15 72
3372 44 48 13 63
3373 43 47 19 61
3374 39 44 12 59
3375 40 36 16 49
3376 28 37 16 55
3377 33 34 12 46
3378 38 30 16 39
3379 37 34 14 48
3380 36 34 14 49
3381 41 37 13 49
3382 36 36 10 51
3383 33 32 15 48
3384 32 37 15 49
3385 46 40 13 52
3386 44 43 14 58
3387 42 46 19 64
3388 37 40 12 59
3389 44 39 10 54
3390 49 49 10 57
3391 52 45 14 58
3392 37 48 13 62
3393 35 35 16 46
3394 48 28 13 45
3395 48 45 13 66
3396 48 46 25 60
3397 42 46 14 67
3398 40 45 8 58
3399 35 30 18 47
3400 31 35 15 51
3401 41 28 12 41
3402 36 39 19 57
3403 33 46 12 64
3404 54 42 8 56
3405 50 56 17 69
3406 36 56 9 71
3407 35 45 10 55
3408 36 31 10 40
3409 26 28 11 45
3410 25 22 6 34
3411 26 19 6 35
3412 28 27 11 36
3413 36 31 12 43
3414 36 41 15 53
3415 35 45 11 57
3416 35 39 13 51
3417 33 30 15 42
3418 38 36 8 47
3419 42 35 13 47
3420 37 36 21 47
3421 27 42 13 48
3422 36 32 10 48
3423 33 36 11 49
3424 33 31 13 46
3425 34 30 16 40
3426 36 34 17 49
3427 33 36 10 45
3428 36 31 14 44
3429 23 38 11 50
3430 23 26 7 33
3431 35 23 9 37
3432 29 41 13 54
3433 31 36 11 49
3434 39 36 10 46
3435 36 41 14 56
3436 37 44 9 56
3437 34 36 13 48
3438 26 33 9 48
3439 24 27 6 34
3440 26 24 10 32
3441 33 26 14 30
3442 28 37 10 45
3443 41 28 14 36
3444 36 40 8 51
3445 30 35 18 52
3446 27 35 9 45
3447 19 33 9 40
3448 30 21 10 30
3449 29 34 9 44
3450 30 26 13 38
3451 26 26 12 33
3452 26 21 9 32
3453 32 25 5 36
3454 53 31 11 43
3455 29 54 12 68
3456 25 33 14 38
3457 29 20 9 34
3458 32 31 7 43
3459 31 34 13 47
3460 22 34 4 39
3461 13 18 2 28
3462 16 13 8 22
3463 14 18 7 24
3464 13 16 3 26
3465 15 14 8 21
3466 17 17 9 26
3467 30 21 5 28
3468 29 24 4 41
3469 25 31 8 37
3470 29 23 11 29
3471 23 29 6 37
3472 28 19 9 29
3473 30 29 9 37
3474 29 25 7 35
3475 29 25 12 37
3476 31 26 13 38
3477 41 30 8 43
3478 38 37 14 49
3479 30 35 9 47
3480 23 30 8 41
3481 20 20 7 30
3482 29 18 7 26
3483 28 27 7 34
3484 25 20 12 29
3485 29 20 10 33
3486 30 29 10 41
3487 29 33 10 47
3488 28 33 9 40
3489 15 27 10 39
3490 20 21 6 31
3491 29 19 7 25
3492 22 30 6 40
3493 20 24 7 30
3494 28 22 11 26
3495 32 31 8 39
3496 29 35 13 49
3497 28 34 11 45
3498 27 31 9 38
3499 23 21 7 31
3500 19 17 6 27
3501 29 14 6 23
3502 16 23 7 33
3503 11 11 5 17
3504 16 11 6 24
3505 14 19 5 24
3506 11 13 6 19
3507 10 12 4 20
3508 18 12 5 22
3509 18 19 6 25
3510 28 15 5 23
3511 14 20 11 33
3512 13 17 11 24
3513 21 23 4 32
3514 28 24 6 31
3515 30 26 5 39
3516 27 29 14 38
3517 23 27 4 40
3518 23 27 6 37
3519 12 24 4 33
3520 21 13 8 21
3521 20 21 7 32
3522 19 22 5 33
3523 16 23 9 31
3524 20 22 5 26
3525 24 20 8 30
3526 19 28 8 37
3527 24 20 6 30
3528 27 28 12 31
3529 26 26 8 36
3530 23 24 6 34
3531 29 24 10 36
3532 26 22 9 30
3533 19 24 10 40
3534 27 22 9 27
3535 22 24 5 38
3536 26 21 4 33
3537 20 20 7 26
3538 15 10 10 20
3539 14 12 5 17
3540 17 12 5 16
3541 14 12 2 22
3542 17 12 3 20
3543 18 15 5 19
3544 15 15 5 20
3545 19 14 3 18
3546 23 14 3 23
3547 17 18 4 25
3548 16 11 9 19
3549 19 15 2 23
3550 15 18 6 27
3551 15 15 5 25
3552 19 15 4 22
3553 15 14 5 19
3554 13 13 3 19
3555 9 11 4 19
3556 8 10 4 18
3557 8 14 3 16
3558 10 10 2 11
3559 13 6 4 11
3560 18 10 5 14
3561 21 15 7 21
3562 23 18 6 27
3563 19 24 6 32
3564 19 20 9 25
3565 23 24 4 31
3566 22 24 6 30
3567 15 17 4 24
3568 12 10 4 16
3569 18 8 4 13
3570 18 16 4 21
3571 18 19 6 22
3572 16 17 7 19
3573 12 15 7 23
3574 13 11 10 15
3575 14 12 5 16
3576 17 14 10 20
3577 17 20 9 25
3578 17 22 5 26
3579 26 21 5 29
3580 14 25 7 31
3581 6 15 6 18
3582 21 9 7 19
3583 14 22 5 30
3584 16 16 11 21
3585 15 22 2 28
3586 22 13 6 20
3587 11 17 6 24
3588 7 12 4 19
3589 10 11 4 15
3590 11 10 7 16
3591 16 16 7 18
3592 20 19 8 25
3593 15 21 9 24
3594 16 17 7 22
3595 22 18 9 25
3596 20 19 9 28
3597 19 20 9 27
3598 12 21 5 30
3599 14 15 6 18
3600 15 19 7 27
3601 11 21 2 25
3602 13 13 6 17
3603 12 15 6 23
3604 12 20 2 23
3605 17 12 5 18
3606 13 15 5 21
3607 24 13 10 21
3608 21 27 5 32
3609 16 23 7 31
3610 20 19 5 22
3611 19 21 13 27
3612 16 24 11 30
3613 24 24 6 32
3614 17 23 7 32
3615 22 20 7 25
3616 21 24 8 34
3617 24 18 9 24
3618 32 22 6 31
3619 28 31 7 40
3620 19 28 5 37
3621 20 21 2 35
3622 16 27 9 31
3623 13 16 8 23
3624 13 14 2 23
3625 13 12 4 20
3626 15 12 3 16
3627 7 13 6 18
3628 12 12 1 16
3629 20 15 4 21
3630 16 19 4 22
3631 10 12 1 20
3632 5 8 6 14
3633 9 10 3 10
3634 10 11 1 12
3635 13 8 3 15
3636 11 13 3 14
3637 10 10 3 16
3638 11 12 4 15
3639 3 10 2 14
3640 6 4 3 8
3641 4 6 1 9
3642 5 3 3 7
3643 11 6 3 8
3644 11 13 2 19
3645 6 15 1 16
3646 10 6 1 10
3647 6 6 6 10
3648 9 8 0 8
3649 4 8 3 13
3650 3 5 4 8
3651 1 5 2 6
3652 10 3 4 7
3653 7 15 2 16
3654 8 8 4 10
3655 6 4 4 5
3656 10 5 2 7
3657 6 8 5 11
3658 11 7 4 10
3659 14 9 4 12
3660 9 11 4 16
3661 7 5 0 12
3662 10 5 2 8
3663 6 7 2 9
3664 18 6 4 8
3665 13 14 5 16
3666 12 10 3 14
3667 14 11 5 18
3668 13 16 6 19
3669 14 13 1 19
3670 13 17 4 23
3671 13 14 0 19
3672 14 12 2 14
3673 10 10 4 20
3674 11 13 5 13
3675 13 10 1 16
3676 10 11 3 16
3677 10 6 3 9
3678 10 8 5 13
3679 6 13 3 16
3680 8 7 2 9
3681 10 9 3 10
3682 8 6 5 11
3683 4 10 0 11
3684 6 5 2 6
3685 8 4 2 5
3686 13 5 2 8
3687 13 10 5 12
3688 8 11 5 14
3689 2 8 2 10
3690 6 4 3 7
3691 4 8 2 9
3692 5 2 1 7
3693 5 5 0 8
3694 1 5 3 5
3695 4 1 1 2
3696 4 5 2 6
3697 4 4 3 7
3698 3 7 1 8
3699 5 4 1 6
3700 7 3 1 3
3701 13 3 4 8
3702 13 12 2 17
3703 9 12 1 16
3704 9 8 3 9
3705 10 6 0 7
3706 5 7 6 12
3707 5 8 3 9
3708 6 9 2 10
3709 9 7 2 9
3710 4 10 0 12
3711 7 3 2 4
3712 5 5 3 5
3713 3 3 0 8
3714 2 5 3 5
3715 3 5 1 6
3716 4 4 2 6
3717 5 7 0 8
3718 4 4 1 5
3719 2 3 2 6
3720 4 1 1 4
3721 5 5 1 5
3722 5 3 1 4
3723 3 2 4 3
3724 4 1 6 3
3725 3 7 1 7
3726 5 4 2 7
3727 7 4 6 8
3728 7 10 1 11
3729 4 9 3 13
3730 0 8 1 8
3731 6 3 1 5
3732 11 3 2 6
3733 6 7 7 9
3734 10 5 4 6
3735 11 10 6 14
3736 7 16 3 17
3737 12 9 2 10
3738 6 12 3 13
3739 9 6 4 7
3740 12 9 3 10
3741 10 9 2 14
3742 9 8 1 13
3743 11 8 3 10
3744 12 8 6 8
3745 13 12 3 18
3746 17 11 1 14
3747 13 12 2 15
3748 12 4 2 9
3749 11 6 3 11
3750 13 10 1 14
3751 3 9 1 15
3752 9 3 1 8
3753 17 13 2 15
3754 14 16 0 20
3755 8 12 2 16
3756 7 8 4 12
3757 7 11 2 12
3758 4 7 3 10
3759 3 5 3 6
3760 5 5 2 7
3761 4 7 1 7
3762 4 1 2 4
3763 5 3 3 5
3764 9 6 1 7
3765 5 7 7 8
3766 7 5 5 6
3767 10 9 5 10
3768 16 7 7 9
3769 15 14 5 22
3770 9 21 4 25
3771 12 10 9 13
3772 16 15 1 17
3773 24 13 8 18
3774 19 15 13 19
3775 17 16 8 20
3776 13 17 5 27
3777 13 15 5 21
3778 7 16 6 21
3779 13 10 1 15
3780 13 13 3 16
3781 13 10 1 14
3782 11 10 3 14
3783 6 9 5 14
3784 5 8 3 14
3785 12 7 4 10
3786 9 12 4 20
3787 8 11 4 15
3788 13 8 2 12
3789 14 12 4 13
3790 14 9 5 15
3791 15 15 5 24
3792 12 14 4 18
3793 4 15 7 19
3794 6 9 2 9
3795 8 9 3 14
3796 9 8 5 10
3797 6 9 1 13
3798 7 4 4 6
3799 7 6 8 13
3800 16 12 1 14
3801 16 16 4 19
3802 12 14 5 18
3803 6 10 8 17
3804 10 14 3 20
3805 10 16 5 18
3806 6 13 4 17
3807 8 10 2 10
3808 5 8 5 14
3809 9 7 3 12
3810 11 12 2 14
3811 8 10 5 15
3812 6 7 4 9
3813 5 5 1 10
3814 5 3 2 6
3815 4 4 2 4
3816 3 3 0 4
3817 8 1 0 3
3818 4 6 3 8
3819 6 3 1 4
3820 4 6 1 11
3821 4 5 1 6
3822 9 4 2 5
3823 6 8 4 9
3824 5 6 2 10
3825 7 8 0 10
3826 9 8 3 10
3827 9 8 2 13
3828 7 8 7 13
3829 11 12 5 12
3830 7 13 5 17
3831 9 6 5 9
3832 8 6 0 10
3833 6 6 7 7
3834 6 5 3 6
3835 12 3 4 4
3836 12 6 2 16
3837 6 10 4 15
3838 3 4 4 7
3839 4 3 1 8
3840 7 4 2 6
3841 12 6 2 11
3842 9 8 4 11
3843 11 6 4 9
3844 7 8 3 13
3845 6 8 2 14
3846 6 5 1 7
3847 3 4 4 12
3848 3 5 2 6
3849 3 2 2 7
3850 7 6 1 9
3851 8 8 7 9
3852 7 13 1 15
3853 12 8 3 12
3854 8 7 0 10
3855 10 4 3 5
3856 6 5 4 8
3857 3 6 2 7
3858 7 2 1 3
3859 9 4 1 8
3860 6 7 3 10
3861 7 7 0 10
3862 4 7 4 8
3863 2 4 3 7
3864 7 4 6 4
3865 10 7 1 9
3866 8 9 5 14
3867 7 10 3 16
3868 8 9 1 13
3869 8 6 2 10
3870 9 9 2 13
3871 3 9 2 14
3872 3 4 1 6
3873 8 3 3 3
3874 8 6 3 8
3875 4 6 0 10
3876 1 3 1 5
3877 5 0 1 2
3878 5 3 1 4
3879 4 2 3 3
3880 4 4 3 6
3881 4 4 2 6
3882 11 3 3 4
3883 9 10 3 14
3884 6 12 0 16
3885 4 5 3 6
3886 4 4 2 6
3887 7 6 0 8
3888 10 7 0 8
3889 7 7 7 8
3890 8 11 0 12
3891 6 11 1 11
3892 3 5 1 7
3893 6 1 2 5
3894 7 5 3 6
3895 8 5 2 8
3896 9 6 2 10
3897 4 8 1 12
3898 1 1 3 3
3899 3 2 0 3
3900 4 2 3 2
3901 4 3 1 4
3902 4 2 1 7
3903 3 3 3 4
3904 1 2 0 5
3905 2 1 2 3
3906 3 4 1 5
3907 6 2 3 2
3908 5 5 4 8
3909 3 6 2 8
3910 4 5 3 7
3911 7 5 1 8
3912 10 3 2 4
3913 11 5 3 9
3914 8 9 1 12
3915 4 8 4 13
3916 3 7 1 9
3917 5 3 1 6
3918 4 2 1 6
3919 8 3 1 5
3920 9 9 4 11
3921 9 12 0 13
3922 6 9 2 13
3923 5 6 0 8
3924 3 4 1 6
3925 1 4 1 4
3926 1 2 0 2
3927 2 1 0 1
3928 1 1 0 1
3929 4 0 1 0
3930 2 2 2 3
3931 1 2 1 3
3932 2 2 0 2
3933 4 1 4 1
3934 5 4 2 5
3935 5 5 2 10
3936 3 8 0 8
3937 7 2 1 5
3938 8 7 0 8
3939 4 9 2 11
3940 4 2 1 2
3941 5 3 0 4
3942 7 2 4 3
3943 10 5 1 9
3944 9 9 4 11
3945 5 10 4 12
3946 4 9 1 11
3947 0 8 0 9
3948 4 4 0 5
3949 0 7 1 7
3950 4 1 0 4
3951 6 5 0 6
3952 8 4 1 6
3953 7 6 2 8
3954 5 7 4 7
3955 4 7 1 10
3956 3 8 0 9
3957 5 5 1 5
3958 5 6 1 6
3959 4 4 2 5
3960 6 3 2 5
3961 6 4 2 5
3962 6 5 2 6
3963 2 5 0 6
3964 5 1 2 2
3965 5 3 1 5
3966 12 3 0 6
3967 6 10 0 14
3968 4 4 1 6
3969 1 4 0 5
3970 2 2 0 2
3971 2 3 1 4
3972 9 5 2 6
3973 5 9 2 11
3974 3 3 5 4
3975 1 2 1 5
3976 3 1 1 5
3977 2 5 0 7
3978 3 3 1 3
3979 2 3 1 6
3980 4 3 0 3
3981 7 4 0 5
3982 7 5 3 7
3983 3 5 1 8
3984 7 3 1 4
3985 6 5 1 7
3986 6 6 3 10
3987 7 9 2 10
3988 8 10 1 13
3989 2 11 1 11
3990 4 3 0 4
3991 2 2 1 5
3992 4 0 1 2
3993 2 2 1 6
3994 1 2 1 3
3995 0 2 1 3
3996 1 0 0 0
3997 1 1 3 1
3998 1 2 0 3
3999 1 1 0 3
4000 2 2 1 2
4001 3 2 1 3
4002 2 3 0 4
4003 1 1 0 1
4004 0 0 0 1
4005 2 0 0 0
4006 1 0 1 0
4007 1 0 0 2
4008 0 1 1 1
4010 1 0 1 1
4011 2 0 0 0
4012 2 0 2 2
4013 1 3 1 4
4014 2 2 1 2
4015 2 1 1 2
4016 2 3 0 5
4017 7 1 0 1
4018 5 3 4 5
4019 5 4 0 5
4020 4 2 2 5
4021 2 1 1 5
4022 5 2 2 3
4023 6 6 2 7
4024 1 7 1 9
4025 3 1 0 2
4026 3 1 0 4
4027 3 2 0 2
4028 6 2 0 2
4029 2 5 2 5
4030 1 2 1 2
4031 0 1 2 2
4032 2 1 0 1
4033 1 1 1 1
4034 0 0 0 1
4035 2 0 0 0
4036 2 0 1 1
4037 1 1 0 1
4038 1 0 2 0
4039 1 1 0 1
4040 2 1 0 1
4041 1 2 0 2
4042 2 1 0 1
4043 3 0 0 0
4044 2 0 1 2
4045 3 2 1 3
4046 2 3 0 5
4047 3 3 0 3
4048 3 2 2 3
4049 1 3 1 3
4050 4 2 1 3
4051 1 5 1 6
4052 3 3 1 3
4053 2 3 2 3
4054 4 3 2 3
4055 3 5 0 7
4056 5 6 0 7
4057 5 5 2 7
4058 4 4 0 4
4059 2 1 0 5
4060 3 1 0 3
4061 2 2 1 3
4062 1 2 0 3
4063 2 1 2 1
4064 3 4 0 4
4065 8 3 0 4
4066 5 8 1 9
4067 4 3 0 4
4068 5 3 0 5
4069 1 6 1 7
4070 1 3 0 3
4071 0 2 0 2
4073 1 0 2 1
4074 4 3 0 3
4075 5 3 1 4
4076 6 2 4 5
4077 5 9 0 10
4078 4 7 1 7
4079 6 3 0 6
4080 2 7 1 8
4081 2 4 3 4
4082 8 4 1 5
4083 2 6 4 8
4084 2 5 1 10
4085 7 7 1 8
4086 9 7 1 8
4087 3 6 2 9
4088 0 4 2 7
4089 6 5 0 6
4090 5 10 1 11
4091 2 5 0 6
4092 2 1 0 2
4093 1 2 0 3
4094 2 1 4 2
4095 7 4 0 4
4096 5 7 2 9
4097 3 6 1 6
4098 1 4 1 8
4099 1 3 0 4
4100 3 4 4 4
4101 0 6 0 7
4102 3 3 0 4
4103 3 3 4 5
4104 4 2 1 4
4105 4 4 2 11
4106 3 5 3 8
4107 2 4 0 6
4108 3 3 1 3
4109 4 4 2 6
4110 4 7 0 8
4111 6 3 2 7
4112 3 5 3 5
4113 2 4 4 6
4114 6 3 4 4
4115 11 8 2 11
4116 6 12 4 15
4117 6 7 2 7
4118 3 5 2 10
4119 3 6 0 6
4120 4 3 1 3
4121 0 5 2 8
4122 1 4 0 5
4123 2 2 1 3
4124 4 2 1 2
4125 3 3 1 4
4126 2 4 1 7
4127 4 2 0 3
4128 5 2 0 4
4129 7 3 2 5
4130 6 4 0 4
4131 2 2 1 5
4132 3 1 1 1
4133 3 1 1 2
4134 2 3 1 5
4135 1 3 0 3
4136 2 1 0 1
4137 1 1 2 1
4138 4 1 0 1
4139 1 3 2 6
4140 0 3 0 3
4141 4 2 0 3
4142 2 4 1 4
4143 0 2 1 2
4144 3 1 3 1
4145 5 3 2 3
4146 5 5 3 5
4147 5 7 2 9
4148 9 7 2 8
4149 4 10 2 12
4150 1 8 2 9
4151 6 4 2 7
4152 9 9 3 10
4153 10 7 0 11
4154 9 6 0 8
4155 6 6 2 9
4156 6 6 1 7
4157 6 6 1 7
4158 4 4 2 6
4159 3 3 0 4
4160 7 2 2 3
4161 9 7 2 7
4162 7 9 4 11
4163 3 12 0 12
4164 5 5 3 6
4165 6 5 0 8
4166 6 6 1 8
4167 4 5 1 11
4168 6 5 1 6
4169 1 7 1 8
4170 1 4 0 6
4171 2 2 2 3
4172 6 3 1 3
4173 3 5 2 6
4174 2 1 2 3
4175 5 0 0 0
4176 6 2 1 4
4177 4 3 2 3
4178 5 2 1 3
4179 2 5 1 8
4180 0 2 0 3
4182 2 0 0 0
4183 2 0 1 0
4184 0 1 1 1
4185 0 0 0 1
4186 0 1 0 1
4188 0 0 1 0
4189 1 1 0 2
4190 3 2 0 2
4191 3 3 3 3
4192 3 4 1 4
4193 3 3 2 5
4194 2 5 1 5
4195 1 4 3 5
4196 3 7 0 7
4197 2 3 1 5
4198 3 3 1 4
4199 1 2 1 3
4200 0 1 1 1
4201 0 1 1 1
4202 0 0 0 1
4203 0 0 3 0
4204 2 1 0 2
4205 0 3 0 6
4206 1 1 0 1
4207 1 0 1 1
4208 5 0 0 0
4209 9 3 2 4
4210 3 8 1 10
4211 1 4 1 5
4212 0 2 1 2
4213 0 1 0 3
4215 0 0 0 1
4217 0 0 1 1
4218 0 1 2 1
4219 3 3 1 3
4220 5 3 1 3
4221 6 2 3 4
4222 4 4 0 6
4223 7 3 0 8
4224 5 8 1 10
4225 2 3 1 3
4226 2 0 2 3
4227 0 4 1 5
4228 1 1 1 1
4229 4 2 1 4
4230 2 4 1 5
4231 3 1 3 1
4232 5 5 0 8
4233 2 6 2 8
4234 1 3 0 4
4235 2 2 1 4
4236 8 4 3 5
4237 4 12 1 13
4238 3 8 0 11
4239 2 7 1 7
4240 4 5 0 5
4241 3 6 2 7
4242 3 1 2 1
4243 2 2 2 4
4244 1 3 1 6
4245 2 2 2 4
4246 3 1 1 4
4247 3 3 5 3
4248 0 5 0 6
4249 2 2 1 2
4250 1 0 0 1
4251 6 0 2 2
4252 4 4 0 5
4253 2 2 1 2
4254 1 1 0 2
4255 2 0 2 2
4256 3 3 0 4
4257 1 3 1 5
4258 1 3 0 3
4259 0 1 1 1
4260 3 0 0 2
4261 1 5 0 5
4262 1 2 0 2
4263 0 2 1 2
4264 0 1 0 1
4266 2 0 0 0
4267 1 2 0 2
4268 2 1 0 1
4269 0 1 1 2
4272 1 0 1 0
4273 1 1 0 2
4274 0 1 1 1
4275 0 1 0 1
4276 3 1 1 1
4277 2 4 0 5
4278 2 2 0 3
4279 5 2 1 3
4280 3 4 0 4
4281 5 2 1 2
4282 4 1 3 2
4283 3 3 2 3
4284 1 2 0 3
4285 0 1 0 3
4289 1 0 0 1
4290 0 1 0 2
4291 0 1 1 1
4292 1 2 0 3
4293 3 3 0 3
4294 1 3 0 3
4295 2 0 1 0
4296 0 2 0 2
4297 0 0 0 1
4298 1 0 0 0
4299 2 1 1 2
4300 3 3 1 3
4301 2 3 1 3
4302 1 2 1 3
4303 3 1 1 1
4304 4 1 1 2
4305 3 3 1 4
4306 2 1 1 1
4307 4 0 1 1
4308 2 2 1 4
4309 1 1 1 2
4310 2 1 0 1
4311 2 2 1 3
4312 1 2 2 3
4313 2 2 1 3
4314 3 1 1 2
4315 2 1 0 3
4316 3 1 0 4
4317 1 3 0 3
4318 0 0 2 0
4319 1 0 0 0
4320 3 1 1 1
4321 2 3 1 4
4322 7 2 0 3
4323 5 7 0 9
4324 5 4 0 6
4325 4 5 0 6
4326 3 4 1 5
4327 2 2 0 2
4328 3 0 2 2
4329 1 3 0 3
4330 3 1 0 3
4331 1 3 1 3
4332 0 1 0 1
4333 0 0 0 1
4334 2 0 0 0
4335 0 1 0 2
4339 1 0 0 0
4340 1 1 1 1
4341 1 2 0 2
4342 0 1 0 1
4345 1 0 0 0
4346 0 0 2 0
4347 1 1 0 1
4348 3 2 1 2
4349 1 3 1 3
4350 1 2 0 2
4351 0 1 1 1
4353 0 0 0 1
4357 2 0 0 0
4358 1 1 1 1
4359 1 1 1 1
4360 2 1 1 1
4361 2 2 1 2
4362 2 0 2 1
4363 1 2 2 2
4364 4 2 1 2
4365 6 3 2 4
4366 3 5 1 5
4367 5 1 0 3
4368 4 5 0 9
4369 4 2 0 2
4370 4 0 0 2
4371 3 1 0 2
4372 2 0 0 1
4373 3 0 0 0
4374 0 1 0 3
4383 0 0 1 0
4384 0 1 1 1
4385 1 1 1 1
4386 0 2 0 2
4387 1 0 2 0
4388 2 2 0 3
4389 1 3 0 4
4390 0 0 0 2
4397 0 0 0 1
4399 4 0 0 0
4400 4 3 0 3
4401 1 3 0 4
4402 0 1 1 1
4404 0 0 0 1
4405 0 1 0 1
4410 1 0 0 0
4411 1 1 0 2
4412 0 2 1 2
4413 0 1 0 1
4414 1 1 0 1
4415 0 0 0 1
4711 1 0 0 0
4712 2 1 1 1
4713 0 2 0 2
4739 0 0 2 0
4741 0 0 0 1
4746 1 0 1 0
4747 0 2 0 3
4748 1 1 0 1
4749 0 0 0 1
4752 1 0 0 0
4753 0 0 1 0
4755 0 0 0 1
4756 1 1 0 1
4757 0 1 0 1
4761 1 0 0 0
4762 1 0 0 0
4763 0 0 1 0
4766 1 0 1 0
4767 0 2 0 2
4768 0 1 0 1
4769 0 1 0 1
4770 0 1 0 1
4782 1 0 0 0
4783 0 0 0 1
4804 0 0 0 1
4805 0 1 0 1
4807 1 0 1 1
4808 1 1 1 1
4809 1 1 0 2
4810 0 2 0 2
4812 1 0 0 0
4813 0 0 0 1
4815 3 0 0 0
4816 0 3 0 4
4824 0 0 1 1
4825 0 1 0 1
4826 1 0 0 1
4827 0 2 0 2
4836 0 0 0 1
4851 1 0 0 0
4852 0 1 0 2
4870 0 0 1 0
4871 1 0 0 0
4872 1 1 0 1
4873 1 1 3 1
4874 1 2 0 3
4875 1 2 0 3
4876 0 1 0 2
4877 0 0 1 0
4881 1 0 1 0
4882 1 1 0 1
4883 1 1 0 1
4884 2 0 0 0
4885 1 1 0 1
4886 1 0 0 0
4887 0 0 0 1
4895 0 0 0 1
