0 1.0 0.0
1 0.3766 0.6234
2 0.416 0.584
3 0.4104 0.5896
4 0.4107 0.5893
5 0.4121 0.5879
6 0.4149 0.5851
7 0.4177 0.5823
8 0.4209 0.5791
9 0.4241 0.5759
10 0.427 0.573
11 0.4298 0.5702
12 0.4322 0.5678
13 0.435 0.565
14 0.4377 0.5623
15 0.4397 0.5603
16 0.4417 0.5583
17 0.4434 0.5566
18 0.4453 0.5547
19 0.4473 0.5527
20 0.4486 0.5514
21 0.45 0.55
22 0.4517 0.5483
23 0.4531 0.5469
24 0.4543 0.5457
25 0.4555 0.5445
26 0.4563 0.5437
27 0.4578 0.5422
28 0.4581 0.5419
29 0.4591 0.5409
30 0.4604 0.5396
31 0.4614 0.5386
32 0.462 0.538
33 0.4626 0.5374
34 0.4636 0.5364
35 0.4644 0.5356
36 0.4648 0.5352
37 0.4651 0.5349
38 0.4657 0.5343
39 0.4672 0.5328
40 0.468 0.532
41 0.4682 0.5318
42 0.4688 0.5312
43 0.4686 0.5314
44 0.4702 0.5298
45 0.4701 0.5299
46 0.4711 0.5289
47 0.4708 0.5292
48 0.471 0.529
49 0.4715 0.5285
50 0.4725 0.5275
51 0.4731 0.5269
52 0.4733 0.5267
53 0.474 0.526
54 0.4744 0.5256
55 0.475 0.525
56 0.4752 0.5248
57 0.4745 0.5255
58 0.4743 0.5257
59 0.4755 0.5245
60 0.4758 0.5242
61 0.4759 0.5241
62 0.4759 0.5241
63 0.4772 0.5228
64 0.4767 0.5233
65 0.4772 0.5228
66 0.4779 0.5221
67 0.4777 0.5223
68 0.4775 0.5225
69 0.4778 0.5222
70 0.4787 0.5213
71 0.4792 0.5208
72 0.4793 0.5207
73 0.4801 0.5199
74 0.4789 0.5211
75 0.4793 0.5207
76 0.48 0.52
77 0.4803 0.5197
78 0.4811 0.5189
79 0.4802 0.5198
80 0.4811 0.5189
81 0.4804 0.5196
82 0.4813 0.5187
83 0.4823 0.5177
84 0.4821 0.5179
85 0.4813 0.5187
86 0.482 0.518
87 0.4823 0.5177
88 0.4824 0.5176
89 0.482 0.518
90 0.4823 0.5177
91 0.4828 0.5172
92 0.4822 0.5178
93 0.484 0.516
94 0.4827 0.5173
95 0.4833 0.5167
96 0.4831 0.5169
97 0.4837 0.5163
98 0.4844 0.5156
99 0.4832 0.5168
100 0.4838 0.5162
101 0.484 0.516
102 0.4832 0.5168
103 0.4856 0.5144
104 0.4835 0.5165
105 0.4848 0.5152
106 0.4853 0.5147
107 0.4837 0.5163
108 0.4843 0.5157
109 0.4844 0.5156
110 0.4843 0.5157
111 0.485 0.515
112 0.4858 0.5142
113 0.4854 0.5146
114 0.4856 0.5144
115 0.4849 0.5151
116 0.4864 0.5136
117 0.4845 0.5155
118 0.4849 0.5151
119 0.4865 0.5135
120 0.4858 0.5142
121 0.4846 0.5154
122 0.4879 0.5121
123 0.4847 0.5153
124 0.4865 0.5135
125 0.4864 0.5136
126 0.4872 0.5128
127 0.487 0.513
128 0.4863 0.5137
129 0.4871 0.5129
130 0.4877 0.5123
131 0.4878 0.5122
132 0.4886 0.5114
133 0.4864 0.5136
134 0.4872 0.5128
135 0.4891 0.5109
136 0.4858 0.5142
137 0.4872 0.5128
138 0.4855 0.5145
139 0.4858 0.5142
140 0.4885 0.5115
141 0.4884 0.5116
142 0.4871 0.5129
143 0.4874 0.5126
144 0.4877 0.5123
145 0.4886 0.5114
146 0.4883 0.5117
147 0.4876 0.5124
148 0.4876 0.5124
149 0.4887 0.5113
150 0.4873 0.5127
151 0.4889 0.5111
152 0.4883 0.5117
153 0.4888 0.5112
154 0.4892 0.5108
155 0.4891 0.5109
156 0.4873 0.5127
157 0.4883 0.5117
158 0.487 0.513
159 0.4887 0.5113
160 0.4871 0.5129
161 0.4886 0.5114
162 0.4908 0.5092
163 0.488 0.512
164 0.4892 0.5108
165 0.4891 0.5109
166 0.4872 0.5128
167 0.489 0.511
168 0.4884 0.5116
169 0.4881 0.5119
170 0.4896 0.5104
171 0.4895 0.5105
172 0.4893 0.5107
173 0.4897 0.5103
174 0.4904 0.5096
175 0.4872 0.5128
176 0.4894 0.5106
177 0.4897 0.5103
178 0.4898 0.5102
179 0.4899 0.5101
180 0.4893 0.5107
181 0.4886 0.5114
182 0.4906 0.5094
183 0.4908 0.5092
184 0.4913 0.5087
185 0.4894 0.5106
186 0.4898 0.5102
187 0.4911 0.5089
188 0.4908 0.5092
189 0.4895 0.5105
190 0.4895 0.5105
191 0.4908 0.5092
192 0.4918 0.5082
193 0.4917 0.5083
194 0.491 0.509
195 0.4898 0.5102
196 0.4905 0.5095
197 0.4898 0.5102
198 0.4915 0.5085
199 0.4903 0.5097
200 0.4904 0.5096
201 0.4904 0.5096
202 0.4904 0.5096
203 0.4919 0.5081
204 0.4905 0.5095
205 0.4884 0.5116
206 0.4918 0.5082
207 0.4892 0.5108
208 0.4889 0.5111
209 0.4919 0.5081
210 0.4901 0.5099
211 0.4913 0.5087
212 0.4917 0.5083
213 0.4907 0.5093
214 0.4897 0.5103
215 0.4932 0.5068
216 0.4913 0.5087
217 0.49 0.51
218 0.4929 0.5071
219 0.4919 0.5081
220 0.4928 0.5072
221 0.491 0.509
222 0.4929 0.5071
223 0.4919 0.5081
224 0.4903 0.5097
225 0.491 0.509
226 0.4908 0.5092
227 0.4898 0.5102
228 0.4925 0.5075
229 0.4912 0.5088
230 0.491 0.509
231 0.4926 0.5074
232 0.4899 0.5101
233 0.4917 0.5083
234 0.4894 0.5106
235 0.4912 0.5088
236 0.4915 0.5085
237 0.4932 0.5068
238 0.4913 0.5087
239 0.4932 0.5068
240 0.4926 0.5074
241 0.4925 0.5075
242 0.4922 0.5078
243 0.4935 0.5065
244 0.4944 0.5056
245 0.4931 0.5069
246 0.4922 0.5078
247 0.4961 0.5039
248 0.4891 0.5109
249 0.4932 0.5068
250 0.4908 0.5092
251 0.4904 0.5096
252 0.4904 0.5096
253 0.4923 0.5077
254 0.4904 0.5096
255 0.4911 0.5089
256 0.4913 0.5087
257 0.4918 0.5082
258 0.4935 0.5065
259 0.4898 0.5102
260 0.4914 0.5086
261 0.4945 0.5055
262 0.4939 0.5061
263 0.4938 0.5062
264 0.4932 0.5068
265 0.4929 0.5071
266 0.4921 0.5079
267 0.4899 0.5101
268 0.4924 0.5076
269 0.4963 0.5037
270 0.4935 0.5065
271 0.4904 0.5096
272 0.4926 0.5074
273 0.4924 0.5076
274 0.4947 0.5053
275 0.4918 0.5082
276 0.4918 0.5082
277 0.4901 0.5099
278 0.4927 0.5073
279 0.4911 0.5089
280 0.4926 0.5074
281 0.4922 0.5078
282 0.4931 0.5069
283 0.4936 0.5064
284 0.4925 0.5075
285 0.4916 0.5084
286 0.4915 0.5085
287 0.4923 0.5077
288 0.4924 0.5076
289 0.4923 0.5077
290 0.4913 0.5087
291 0.493 0.507
292 0.4931 0.5069
293 0.4946 0.5054
294 0.4935 0.5065
295 0.4938 0.5062
296 0.4935 0.5065
297 0.4932 0.5068
298 0.494 0.506
299 0.4946 0.5054
300 0.4925 0.5075
301 0.4929 0.5071
302 0.4897 0.5103
303 0.4917 0.5083
304 0.4933 0.5067
305 0.4963 0.5037
306 0.4925 0.5075
307 0.4956 0.5044
308 0.4942 0.5058
309 0.491 0.509
310 0.4944 0.5056
311 0.4928 0.5072
312 0.4882 0.5118
313 0.4929 0.5071
314 0.4939 0.5061
315 0.4939 0.5061
316 0.4938 0.5062
317 0.4953 0.5047
318 0.4945 0.5055
319 0.4938 0.5062
320 0.4906 0.5094
321 0.4921 0.5079
322 0.4948 0.5052
323 0.4929 0.5071
324 0.4915 0.5085
325 0.4953 0.5047
326 0.4892 0.5108
327 0.4936 0.5064
328 0.4952 0.5048
329 0.4937 0.5063
330 0.4947 0.5053
331 0.4954 0.5046
332 0.4924 0.5076
333 0.4938 0.5062
334 0.4898 0.5102
335 0.4928 0.5072
336 0.4936 0.5064
337 0.493 0.507
338 0.4929 0.5071
339 0.4934 0.5066
340 0.4938 0.5062
341 0.4972 0.5028
342 0.4945 0.5055
343 0.4917 0.5083
344 0.4917 0.5083
345 0.4947 0.5053
346 0.4942 0.5058
347 0.4937 0.5063
348 0.492 0.508
349 0.4911 0.5089
350 0.4938 0.5062
351 0.4911 0.5089
352 0.4941 0.5059
353 0.4934 0.5066
354 0.4975 0.5025
355 0.4933 0.5067
356 0.4923 0.5077
357 0.4948 0.5052
358 0.4944 0.5056
359 0.4949 0.5051
360 0.4942 0.5058
361 0.4949 0.5051
362 0.4965 0.5035
363 0.493 0.507
364 0.4941 0.5059
365 0.4955 0.5045
366 0.4906 0.5094
367 0.4925 0.5075
368 0.4948 0.5052
369 0.4943 0.5057
370 0.4948 0.5052
371 0.491 0.509
372 0.4949 0.5051
373 0.4935 0.5065
374 0.4935 0.5065
375 0.4918 0.5082
376 0.496 0.504
377 0.4947 0.5053
378 0.4954 0.5046
379 0.4949 0.5051
380 0.4931 0.5069
381 0.4959 0.5041
382 0.4937 0.5063
383 0.4918 0.5082
384 0.4947 0.5053
385 0.4941 0.5059
386 0.4933 0.5067
387 0.4963 0.5037
388 0.4949 0.5051
389 0.4979 0.5021
390 0.4938 0.5062
391 0.4937 0.5063
392 0.4919 0.5081
393 0.4898 0.5102
394 0.4938 0.5062
395 0.4968 0.5032
396 0.4925 0.5075
397 0.4941 0.5059
398 0.4949 0.5051
399 0.4962 0.5038
400 0.4935 0.5065
401 0.4896 0.5104
402 0.4936 0.5064
403 0.4972 0.5028
404 0.4899 0.5101
405 0.4938 0.5062
406 0.4941 0.5059
407 0.4881 0.5119
408 0.4968 0.5032
409 0.4966 0.5034
410 0.4946 0.5054
411 0.4939 0.5061
412 0.4972 0.5028
413 0.4956 0.5044
414 0.4967 0.5033
415 0.4896 0.5104
416 0.4937 0.5063
417 0.4888 0.5112
418 0.4951 0.5049
419 0.4934 0.5066
420 0.4955 0.5045
421 0.4968 0.5032
422 0.4952 0.5048
423 0.4975 0.5025
424 0.4963 0.5037
425 0.494 0.506
426 0.4975 0.5025
427 0.4948 0.5052
428 0.4964 0.5036
429 0.4942 0.5058
430 0.495 0.505
431 0.4977 0.5023
432 0.4975 0.5025
433 0.4925 0.5075
434 0.4953 0.5047
435 0.4949 0.5051
436 0.4932 0.5068
437 0.4983 0.5017
438 0.4984 0.5016
439 0.4936 0.5064
440 0.4944 0.5056
441 0.4945 0.5055
442 0.4943 0.5057
443 0.494 0.506
444 0.4963 0.5037
445 0.4928 0.5072
446 0.4953 0.5047
447 0.4959 0.5041
448 0.4963 0.5037
449 0.4974 0.5026
450 0.4941 0.5059
451 0.4968 0.5032
452 0.4975 0.5025
453 0.4969 0.5031
454 0.4958 0.5042
455 0.496 0.504
456 0.4932 0.5068
457 0.4942 0.5058
458 0.4916 0.5084
459 0.4968 0.5032
460 0.4954 0.5046
461 0.4961 0.5039
462 0.497 0.503
463 0.4954 0.5046
464 0.4926 0.5074
465 0.4927 0.5073
466 0.4962 0.5038
467 0.4943 0.5057
468 0.4954 0.5046
469 0.4943 0.5057
470 0.4929 0.5071
471 0.4936 0.5064
472 0.4937 0.5063
473 0.4945 0.5055
474 0.4943 0.5057
475 0.4976 0.5024
476 0.496 0.504
477 0.4971 0.5029
478 0.493 0.507
479 0.4998 0.5002
480 0.5006 0.4994
481 0.4928 0.5072
482 0.4973 0.5027
483 0.4946 0.5054
484 0.4937 0.5063
485 0.4944 0.5056
486 0.4951 0.5049
487 0.4918 0.5082
488 0.4973 0.5027
489 0.4952 0.5048
490 0.4945 0.5055
491 0.4966 0.5034
492 0.4905 0.5095
493 0.4974 0.5026
494 0.4941 0.5059
495 0.4959 0.5041
496 0.4944 0.5056
497 0.4933 0.5067
498 0.4966 0.5034
499 0.4944 0.5056
500 0.4959 0.5041
501 0.4954 0.5046
502 0.4935 0.5065
503 0.4955 0.5045
504 0.4924 0.5076
505 0.496 0.504
506 0.4945 0.5055
507 0.4961 0.5039
508 0.4939 0.5061
509 0.4974 0.5026
510 0.5 0.5
511 0.4965 0.5035
512 0.4955 0.5045
513 0.4952 0.5048
514 0.496 0.504
515 0.4925 0.5075
516 0.4975 0.5025
517 0.4943 0.5057
518 0.4944 0.5056
519 0.4938 0.5062
520 0.4952 0.5048
521 0.4963 0.5037
522 0.495 0.505
523 0.4989 0.5011
524 0.4964 0.5036
525 0.497 0.503
526 0.4933 0.5067
527 0.4942 0.5058
528 0.4976 0.5024
529 0.4944 0.5056
530 0.4943 0.5057
531 0.4983 0.5017
532 0.4943 0.5057
533 0.4995 0.5005
534 0.4932 0.5068
535 0.4962 0.5038
536 0.4951 0.5049
537 0.4952 0.5048
538 0.497 0.503
539 0.4986 0.5014
540 0.4963 0.5037
541 0.4988 0.5012
542 0.4948 0.5052
543 0.4954 0.5046
544 0.4914 0.5086
545 0.4969 0.5031
546 0.4943 0.5057
547 0.4955 0.5045
548 0.4923 0.5077
549 0.4932 0.5068
550 0.4959 0.5041
551 0.4897 0.5103
552 0.4962 0.5038
553 0.4951 0.5049
554 0.4966 0.5034
555 0.497 0.503
556 0.4968 0.5032
557 0.4943 0.5057
558 0.4994 0.5006
559 0.498 0.502
560 0.4939 0.5061
561 0.4968 0.5032
562 0.4947 0.5053
563 0.4939 0.5061
564 0.498 0.502
565 0.4963 0.5037
566 0.4978 0.5022
567 0.4939 0.5061
568 0.4928 0.5072
569 0.4961 0.5039
570 0.4931 0.5069
571 0.4925 0.5075
572 0.4936 0.5064
573 0.4964 0.5036
574 0.4961 0.5039
575 0.4927 0.5073
576 0.4894 0.5106
577 0.4967 0.5033
578 0.4939 0.5061
579 0.4942 0.5058
580 0.4973 0.5027
581 0.4955 0.5045
582 0.492 0.508
583 0.4969 0.5031
584 0.4949 0.5051
585 0.4989 0.5011
586 0.4924 0.5076
587 0.4913 0.5087
588 0.4938 0.5062
589 0.4997 0.5003
590 0.4972 0.5028
591 0.495 0.505
592 0.4958 0.5042
593 0.4942 0.5058
594 0.4947 0.5053
595 0.4938 0.5062
596 0.4957 0.5043
597 0.4976 0.5024
598 0.4931 0.5069
599 0.4935 0.5065
600 0.4963 0.5037
601 0.4949 0.5051
602 0.4974 0.5026
603 0.4935 0.5065
604 0.4945 0.5055
605 0.4941 0.5059
606 0.4983 0.5017
607 0.492 0.508
608 0.4958 0.5042
609 0.4905 0.5095
610 0.4938 0.5062
611 0.4924 0.5076
612 0.4909 0.5091
613 0.4948 0.5052
614 0.4985 0.5015
615 0.4945 0.5055
616 0.4933 0.5067
617 0.492 0.508
618 0.4991 0.5009
619 0.4998 0.5002
620 0.4966 0.5034
621 0.4962 0.5038
622 0.4967 0.5033
623 0.4971 0.5029
624 0.4981 0.5019
625 0.4984 0.5016
626 0.4949 0.5051
627 0.4992 0.5008
628 0.4972 0.5028
629 0.5006 0.4994
630 0.491 0.509
631 0.4985 0.5015
632 0.4929 0.5071
633 0.4954 0.5046
634 0.4949 0.5051
635 0.4953 0.5047
636 0.4988 0.5012
637 0.4925 0.5075
638 0.4939 0.5061
639 0.4958 0.5042
640 0.4898 0.5102
641 0.4942 0.5058
642 0.4987 0.5013
643 0.4962 0.5038
644 0.4976 0.5024
645 0.4982 0.5018
646 0.4983 0.5017
647 0.4946 0.5054
648 0.4968 0.5032
649 0.5018 0.4982
650 0.4958 0.5042
651 0.4951 0.5049
652 0.497 0.503
653 0.4976 0.5024
654 0.4918 0.5082
655 0.4912 0.5088
656 0.4979 0.5021
657 0.4958 0.5042
658 0.4955 0.5045
659 0.4981 0.5019
660 0.5003 0.4997
661 0.4976 0.5024
662 0.4984 0.5016
663 0.4967 0.5033
664 0.5016 0.4984
665 0.4933 0.5067
666 0.49 0.51
667 0.4905 0.5095
668 0.4885 0.5115
669 0.4944 0.5056
670 0.4986 0.5014
671 0.4949 0.5051
672 0.4981 0.5019
673 0.4942 0.5058
674 0.4965 0.5035
675 0.4966 0.5034
676 0.4961 0.5039
677 0.4943 0.5057
678 0.4926 0.5074
679 0.4951 0.5049
680 0.4952 0.5048
681 0.4989 0.5011
682 0.4967 0.5033
683 0.4927 0.5073
684 0.4935 0.5065
685 0.4923 0.5077
686 0.4987 0.5013
687 0.4913 0.5087
688 0.4992 0.5008
689 0.492 0.508
690 0.5003 0.4997
691 0.4997 0.5003
692 0.4981 0.5019
693 0.4924 0.5076
694 0.4946 0.5054
695 0.495 0.505
696 0.4959 0.5041
697 0.4999 0.5001
698 0.4981 0.5019
699 0.4978 0.5022
700 0.4922 0.5078
701 0.4974 0.5026
702 0.4999 0.5001
703 0.5013 0.4987
704 0.4966 0.5034
705 0.4971 0.5029
706 0.4943 0.5057
707 0.5011 0.4989
708 0.4951 0.5049
709 0.496 0.504
710 0.5026 0.4974
711 0.4948 0.5052
712 0.4935 0.5065
713 0.493 0.507
714 0.4936 0.5064
715 0.4981 0.5019
716 0.4952 0.5048
717 0.5017 0.4983
718 0.4964 0.5036
719 0.4996 0.5004
720 0.4966 0.5034
721 0.4932 0.5068
722 0.4916 0.5084
723 0.4986 0.5014
724 0.4929 0.5071
725 0.4932 0.5068
726 0.495 0.505
727 0.4913 0.5087
728 0.4953 0.5047
729 0.4986 0.5014
730 0.4974 0.5026
731 0.5001 0.4999
732 0.4971 0.5029
733 0.4928 0.5072
734 0.4982 0.5018
735 0.4958 0.5042
736 0.497 0.503
737 0.4905 0.5095
738 0.4978 0.5022
739 0.5005 0.4995
740 0.4933 0.5067
741 0.4877 0.5123
742 0.4983 0.5017
743 0.492 0.508
744 0.4962 0.5038
745 0.4912 0.5088
746 0.4936 0.5064
747 0.4919 0.5081
748 0.4947 0.5053
749 0.4977 0.5023
750 0.4948 0.5052
751 0.4937 0.5063
752 0.5017 0.4983
753 0.4963 0.5037
754 0.4977 0.5023
755 0.5009 0.4991
756 0.4961 0.5039
757 0.4998 0.5002
758 0.494 0.506
759 0.4943 0.5057
760 0.4954 0.5046
761 0.4957 0.5043
762 0.4979 0.5021
763 0.4946 0.5054
764 0.5016 0.4984
765 0.4984 0.5016
766 0.4942 0.5058
767 0.4934 0.5066
768 0.4995 0.5005
769 0.4984 0.5016
770 0.4983 0.5017
771 0.4974 0.5026
772 0.4977 0.5023
773 0.4969 0.5031
774 0.4991 0.5009
775 0.4927 0.5073
776 0.4961 0.5039
777 0.4959 0.5041
778 0.4981 0.5019
779 0.5005 0.4995
780 0.4904 0.5096
781 0.4966 0.5034
782 0.4978 0.5022
783 0.4976 0.5024
784 0.4944 0.5056
785 0.4901 0.5099
786 0.5006 0.4994
787 0.5032 0.4968
788 0.4956 0.5044
789 0.4953 0.5047
790 0.4941 0.5059
791 0.4972 0.5028
792 0.4912 0.5088
793 0.4977 0.5023
794 0.5035 0.4965
795 0.4954 0.5046
796 0.4971 0.5029
797 0.4922 0.5078
798 0.4944 0.5056
799 0.4922 0.5078
800 0.4927 0.5073
801 0.4942 0.5058
802 0.4958 0.5042
803 0.4968 0.5032
804 0.4983 0.5017
805 0.4952 0.5048
806 0.4999 0.5001
807 0.4949 0.5051
808 0.4956 0.5044
809 0.4974 0.5026
810 0.4967 0.5033
811 0.4948 0.5052
812 0.4961 0.5039
813 0.4999 0.5001
814 0.4976 0.5024
815 0.4967 0.5033
816 0.4987 0.5013
817 0.4945 0.5055
818 0.495 0.505
819 0.5001 0.4999
820 0.4924 0.5076
821 0.4947 0.5053
822 0.5029 0.4971
823 0.4914 0.5086
824 0.4971 0.5029
825 0.4912 0.5088
826 0.5017 0.4983
827 0.5009 0.4991
828 0.4907 0.5093
829 0.5041 0.4959
830 0.501 0.499
831 0.4933 0.5067
832 0.5003 0.4997
833 0.4945 0.5055
834 0.4881 0.5119
835 0.4948 0.5052
836 0.4987 0.5013
837 0.4945 0.5055
838 0.4921 0.5079
839 0.4996 0.5004
840 0.4932 0.5068
841 0.4944 0.5056
842 0.505 0.495
843 0.4911 0.5089
844 0.4962 0.5038
845 0.4965 0.5035
846 0.499 0.501
847 0.4926 0.5074
848 0.4943 0.5057
849 0.4987 0.5013
850 0.4851 0.5149
851 0.4931 0.5069
852 0.4992 0.5008
853 0.5018 0.4982
854 0.4991 0.5009
855 0.4991 0.5009
856 0.4969 0.5031
857 0.4902 0.5098
858 0.493 0.507
859 0.4989 0.5011
860 0.4947 0.5053
861 0.4939 0.5061
862 0.4898 0.5102
863 0.4928 0.5072
864 0.5019 0.4981
865 0.4971 0.5029
866 0.4983 0.5017
867 0.5002 0.4998
868 0.5028 0.4972
869 0.5021 0.4979
870 0.4949 0.5051
871 0.4976 0.5024
872 0.4931 0.5069
873 0.4903 0.5097
874 0.4918 0.5082
875 0.4981 0.5019
876 0.4969 0.5031
877 0.4952 0.5048
878 0.4938 0.5062
879 0.5005 0.4995
880 0.4986 0.5014
881 0.5001 0.4999
882 0.4996 0.5004
883 0.4954 0.5046
884 0.5009 0.4991
885 0.4907 0.5093
886 0.4893 0.5107
887 0.4969 0.5031
888 0.4984 0.5016
889 0.4938 0.5062
890 0.4943 0.5057
891 0.4947 0.5053
892 0.4975 0.5025
893 0.4954 0.5046
894 0.4954 0.5046
895 0.4914 0.5086
896 0.4988 0.5012
897 0.5013 0.4987
898 0.4955 0.5045
899 0.4894 0.5106
900 0.4941 0.5059
901 0.4941 0.5059
902 0.4946 0.5054
903 0.496 0.504
904 0.4901 0.5099
905 0.4957 0.5043
906 0.5011 0.4989
907 0.4966 0.5034
908 0.4983 0.5017
909 0.4947 0.5053
910 0.4945 0.5055
911 0.4982 0.5018
912 0.4955 0.5045
913 0.4999 0.5001
914 0.493 0.507
915 0.5009 0.4991
916 0.4954 0.5046
917 0.4953 0.5047
918 0.5004 0.4996
919 0.4999 0.5001
920 0.4965 0.5035
921 0.492 0.508
922 0.4942 0.5058
923 0.4963 0.5037
924 0.4955 0.5045
925 0.5001 0.4999
926 0.5008 0.4992
927 0.487 0.513
928 0.4957 0.5043
929 0.493 0.507
930 0.4867 0.5133
931 0.4999 0.5001
932 0.4952 0.5048
933 0.4955 0.5045
934 0.5002 0.4998
935 0.494 0.506
936 0.4904 0.5096
937 0.4934 0.5066
938 0.4982 0.5018
939 0.4974 0.5026
940 0.4959 0.5041
941 0.5007 0.4993
942 0.4879 0.5121
943 0.5025 0.4975
944 0.5017 0.4983
945 0.4906 0.5094
946 0.4971 0.5029
947 0.4978 0.5022
948 0.4973 0.5027
949 0.4998 0.5002
950 0.4909 0.5091
951 0.49 0.51
952 0.5017 0.4983
953 0.4901 0.5099
954 0.4841 0.5159
955 0.4912 0.5088
956 0.4915 0.5085
957 0.5029 0.4971
958 0.4874 0.5126
959 0.4962 0.5038
960 0.5025 0.4975
961 0.4956 0.5044
962 0.4929 0.5071
963 0.4958 0.5042
964 0.4948 0.5052
965 0.4891 0.5109
966 0.4923 0.5077
967 0.4961 0.5039
968 0.4977 0.5023
969 0.4981 0.5019
970 0.4909 0.5091
971 0.504 0.496
972 0.5026 0.4974
973 0.496 0.504
974 0.4914 0.5086
975 0.4928 0.5072
976 0.4999 0.5001
977 0.4977 0.5023
978 0.4971 0.5029
979 0.5021 0.4979
980 0.5017 0.4983
981 0.5013 0.4987
982 0.4981 0.5019
983 0.4985 0.5015
984 0.5006 0.4994
985 0.5044 0.4956
986 0.4915 0.5085
987 0.4932 0.5068
988 0.5023 0.4977
989 0.4973 0.5027
990 0.503 0.497
991 0.4932 0.5068
992 0.4947 0.5053
993 0.4935 0.5065
994 0.4961 0.5039
995 0.497 0.503
996 0.504 0.496
997 0.493 0.507
998 0.4931 0.5069
999 0.4982 0.5018
1000 0.498 0.502
1001 0.4869 0.5131
1002 0.4928 0.5072
1003 0.4982 0.5018
1004 0.5015 0.4985
1005 0.4915 0.5085
1006 0.4926 0.5074
1007 0.4949 0.5051
1008 0.4985 0.5015
1009 0.5003 0.4997
1010 0.4988 0.5012
1011 0.4905 0.5095
1012 0.4916 0.5084
1013 0.5008 0.4992
1014 0.4904 0.5096
1015 0.4972 0.5028
1016 0.4975 0.5025
1017 0.4932 0.5068
1018 0.4929 0.5071
1019 0.4931 0.5069
1020 0.4925 0.5075
1021 0.4959 0.5041
1022 0.49 0.51
1023 0.4905 0.5095
1024 0.4909 0.5091
1025 0.4973 0.5027
1026 0.4972 0.5028
1027 0.4992 0.5008
1028 0.4911 0.5089
1029 0.493 0.507
1030 0.4983 0.5017
1031 0.4947 0.5053
1032 0.502 0.498
1033 0.4891 0.5109
1034 0.4979 0.5021
1035 0.504 0.496
1036 0.5031 0.4969
1037 0.4971 0.5029
1038 0.4944 0.5056
1039 0.4958 0.5042
1040 0.5011 0.4989
1041 0.4989 0.5011
1042 0.5024 0.4976
1043 0.4981 0.5019
1044 0.4903 0.5097
1045 0.4969 0.5031
1046 0.4937 0.5063
1047 0.4998 0.5002
1048 0.502 0.498
1049 0.4936 0.5064
1050 0.5024 0.4976
1051 0.4985 0.5015
1052 0.4957 0.5043
1053 0.5 0.5
1054 0.4895 0.5105
1055 0.5016 0.4984
1056 0.4955 0.5045
1057 0.4921 0.5079
1058 0.5001 0.4999
1059 0.4969 0.5031
1060 0.5017 0.4983
1061 0.4965 0.5035
1062 0.4884 0.5116
1063 0.4944 0.5056
1064 0.494 0.506
1065 0.504 0.496
1066 0.5036 0.4964
1067 0.4976 0.5024
1068 0.4957 0.5043
1069 0.4937 0.5063
1070 0.4957 0.5043
1071 0.4968 0.5032
1072 0.493 0.507
1073 0.5025 0.4975
1074 0.4967 0.5033
1075 0.4976 0.5024
1076 0.5025 0.4975
1077 0.4964 0.5036
1078 0.4998 0.5002
1079 0.4913 0.5087
1080 0.5003 0.4997
1081 0.4958 0.5042
1082 0.5057 0.4943
1083 0.4894 0.5106
1084 0.4934 0.5066
1085 0.4901 0.5099
1086 0.4952 0.5048
1087 0.4992 0.5008
1088 0.4911 0.5089
1089 0.4975 0.5025
1090 0.4949 0.5051
1091 0.4989 0.5011
1092 0.4994 0.5006
1093 0.4988 0.5012
1094 0.4923 0.5077
1095 0.5025 0.4975
1096 0.5001 0.4999
1097 0.4939 0.5061
1098 0.4979 0.5021
1099 0.4993 0.5007
1100 0.5001 0.4999
1101 0.5023 0.4977
1102 0.5005 0.4995
1103 0.4991 0.5009
1104 0.4996 0.5004
1105 0.5064 0.4936
1106 0.4934 0.5066
1107 0.4936 0.5064
1108 0.4985 0.5015
1109 0.4939 0.5061
1110 0.4986 0.5014
1111 0.497 0.503
1112 0.4962 0.5038
1113 0.4958 0.5042
1114 0.4907 0.5093
1115 0.4923 0.5077
1116 0.5032 0.4968
1117 0.5047 0.4953
1118 0.4977 0.5023
1119 0.4945 0.5055
1120 0.5002 0.4998
1121 0.5011 0.4989
1122 0.4913 0.5087
1123 0.4931 0.5069
1124 0.4947 0.5053
1125 0.4976 0.5024
1126 0.4897 0.5103
1127 0.4949 0.5051
1128 0.4969 0.5031
1129 0.4992 0.5008
1130 0.4955 0.5045
1131 0.5044 0.4956
1132 0.4994 0.5006
1133 0.4944 0.5056
1134 0.4939 0.5061
1135 0.4899 0.5101
1136 0.4931 0.5069
1137 0.5 0.5
1138 0.5006 0.4994
1139 0.4888 0.5112
1140 0.505 0.495
1141 0.4943 0.5057
1142 0.4985 0.5015
1143 0.485 0.515
1144 0.5009 0.4991
1145 0.4933 0.5067
1146 0.4947 0.5053
1147 0.4985 0.5015
1148 0.4945 0.5055
1149 0.4965 0.5035
1150 0.4982 0.5018
1151 0.5029 0.4971
1152 0.5003 0.4997
1153 0.4958 0.5042
1154 0.4965 0.5035
1155 0.4945 0.5055
1156 0.4906 0.5094
1157 0.5081 0.4919
1158 0.5041 0.4959
1159 0.4968 0.5032
1160 0.4856 0.5144
1161 0.496 0.504
1162 0.5029 0.4971
1163 0.4974 0.5026
1164 0.4949 0.5051
1165 0.489 0.511
1166 0.5024 0.4976
1167 0.5012 0.4988
1168 0.4905 0.5095
1169 0.4886 0.5114
1170 0.5038 0.4962
1171 0.5011 0.4989
1172 0.5006 0.4994
1173 0.4948 0.5052
1174 0.4914 0.5086
1175 0.5032 0.4968
1176 0.511 0.489
1177 0.4884 0.5116
1178 0.4956 0.5044
1179 0.5055 0.4945
1180 0.4984 0.5016
1181 0.4976 0.5024
1182 0.4949 0.5051
1183 0.5033 0.4967
1184 0.491 0.509
1185 0.4919 0.5081
1186 0.4928 0.5072
1187 0.4974 0.5026
1188 0.4996 0.5004
1189 0.4935 0.5065
1190 0.4929 0.5071
1191 0.4944 0.5056
1192 0.5052 0.4948
1193 0.4983 0.5017
1194 0.4973 0.5027
1195 0.4901 0.5099
1196 0.4967 0.5033
1197 0.4941 0.5059
1198 0.4974 0.5026
1199 0.4904 0.5096
1200 0.4931 0.5069
1201 0.5025 0.4975
1202 0.5041 0.4959
1203 0.5038 0.4962
1204 0.5021 0.4979
1205 0.4935 0.5065
1206 0.4861 0.5139
1207 0.5012 0.4988
1208 0.5008 0.4992
1209 0.4952 0.5048
1210 0.4987 0.5013
1211 0.505 0.495
1212 0.5009 0.4991
1213 0.4921 0.5079
1214 0.5038 0.4962
1215 0.5014 0.4986
1216 0.5058 0.4942
1217 0.5041 0.4959
1218 0.5034 0.4966
1219 0.4985 0.5015
1220 0.5033 0.4967
1221 0.4953 0.5047
1222 0.5025 0.4975
1223 0.5025 0.4975
1224 0.4943 0.5057
1225 0.4913 0.5087
1226 0.499 0.501
1227 0.4924 0.5076
1228 0.5001 0.4999
1229 0.499 0.501
1230 0.4904 0.5096
1231 0.4885 0.5115
1232 0.4993 0.5007
1233 0.4982 0.5018
1234 0.5023 0.4977
1235 0.5001 0.4999
1236 0.4913 0.5087
1237 0.4931 0.5069
1238 0.4995 0.5005
1239 0.4989 0.5011
1240 0.4983 0.5017
1241 0.504 0.496
1242 0.4901 0.5099
1243 0.5002 0.4998
1244 0.4923 0.5077
1245 0.4867 0.5133
1246 0.5019 0.4981
1247 0.4871 0.5129
1248 0.503 0.497
1249 0.4916 0.5084
1250 0.4908 0.5092
1251 0.4961 0.5039
1252 0.4995 0.5005
1253 0.5062 0.4938
1254 0.5003 0.4997
1255 0.5113 0.4887
1256 0.5037 0.4963
1257 0.493 0.507
1258 0.5015 0.4985
1259 0.4966 0.5034
1260 0.4978 0.5022
1261 0.5009 0.4991
1262 0.4999 0.5001
1263 0.4943 0.5057
1264 0.4844 0.5156
1265 0.4933 0.5067
1266 0.4919 0.5081
1267 0.4993 0.5007
1268 0.4938 0.5062
1269 0.5041 0.4959
1270 0.5023 0.4977
1271 0.4931 0.5069
1272 0.5001 0.4999
1273 0.4928 0.5072
1274 0.4922 0.5078
1275 0.4969 0.5031
1276 0.5043 0.4957
1277 0.5036 0.4964
1278 0.5026 0.4974
1279 0.4884 0.5116
1280 0.4878 0.5122
1281 0.5007 0.4993
1282 0.4951 0.5049
1283 0.5008 0.4992
1284 0.4886 0.5114
1285 0.4937 0.5063
1286 0.4972 0.5028
1287 0.4872 0.5128
1288 0.5037 0.4963
1289 0.5004 0.4996
1290 0.4968 0.5032
1291 0.4937 0.5063
1292 0.501 0.499
1293 0.4989 0.5011
1294 0.4985 0.5015
1295 0.4964 0.5036
1296 0.4894 0.5106
1297 0.4941 0.5059
1298 0.4936 0.5064
1299 0.4975 0.5025
1300 0.4915 0.5085
1301 0.4875 0.5125
1302 0.4997 0.5003
1303 0.486 0.514
1304 0.4988 0.5012
1305 0.4975 0.5025
1306 0.4906 0.5094
1307 0.4983 0.5017
1308 0.4881 0.5119
1309 0.4912 0.5088
1310 0.491 0.509
1311 0.5017 0.4983
1312 0.5062 0.4938
1313 0.5 0.5
1314 0.4969 0.5031
1315 0.5105 0.4895
1316 0.4922 0.5078
1317 0.4939 0.5061
1318 0.4948 0.5052
1319 0.4921 0.5079
1320 0.4918 0.5082
1321 0.5045 0.4955
1322 0.4878 0.5122
1323 0.4964 0.5036
1324 0.4975 0.5025
1325 0.4964 0.5036
1326 0.5014 0.4986
1327 0.4953 0.5047
1328 0.4951 0.5049
1329 0.482 0.518
1330 0.5 0.5
1331 0.4992 0.5008
1332 0.4987 0.5013
1333 0.4907 0.5093
1334 0.501 0.499
1335 0.5029 0.4971
1336 0.4862 0.5138
1337 0.4887 0.5113
1338 0.4993 0.5007
1339 0.4994 0.5006
1340 0.497 0.503
1341 0.4945 0.5055
1342 0.5082 0.4918
1343 0.4903 0.5097
1344 0.4925 0.5075
1345 0.4969 0.5031
1346 0.4944 0.5056
1347 0.4934 0.5066
1348 0.4929 0.5071
1349 0.4961 0.5039
1350 0.506 0.494
1351 0.4783 0.5217
1352 0.4806 0.5194
1353 0.4972 0.5028
1354 0.4904 0.5096
1355 0.4838 0.5162
1356 0.4981 0.5019
1357 0.4906 0.5094
1358 0.4978 0.5022
1359 0.5059 0.4941
1360 0.4826 0.5174
1361 0.4953 0.5047
1362 0.4918 0.5082
1363 0.4877 0.5123
1364 0.5133 0.4867
1365 0.5017 0.4983
1366 0.504 0.496
1367 0.4914 0.5086
1368 0.4915 0.5085
1369 0.4921 0.5079
1370 0.4921 0.5079
1371 0.4947 0.5053
1372 0.4922 0.5078
1373 0.5013 0.4987
1374 0.4821 0.5179
1375 0.5064 0.4936
1376 0.4991 0.5009
1377 0.5008 0.4992
1378 0.4893 0.5107
1379 0.4942 0.5058
1380 0.4934 0.5066
1381 0.5 0.5
1382 0.5058 0.4942
1383 0.4992 0.5008
1384 0.4937 0.5063
1385 0.4905 0.5095
1386 0.5015 0.4985
1387 0.4959 0.5041
1388 0.4834 0.5166
1389 0.508 0.492
1390 0.4942 0.5058
1391 0.5031 0.4969
1392 0.499 0.501
1393 0.4938 0.5062
1394 0.4979 0.5021
1395 0.4887 0.5113
1396 0.4989 0.5011
1397 0.4907 0.5093
1398 0.4934 0.5066
1399 0.492 0.508
1400 0.5138 0.4862
1401 0.4968 0.5032
1402 0.5063 0.4937
1403 0.4989 0.5011
1404 0.5057 0.4943
1405 0.5024 0.4976
1406 0.4921 0.5079
1407 0.4995 0.5005
1408 0.5026 0.4974
1409 0.4945 0.5055
1410 0.506 0.494
1411 0.4999 0.5001
1412 0.5024 0.4976
1413 0.5051 0.4949
1414 0.4869 0.5131
1415 0.4937 0.5063
1416 0.4939 0.5061
1417 0.5043 0.4957
1418 0.487 0.513
1419 0.4963 0.5037
1420 0.4959 0.5041
1421 0.4906 0.5094
1422 0.4953 0.5047
1423 0.5003 0.4997
1424 0.5 0.5
1425 0.5045 0.4955
1426 0.499 0.501
1427 0.4959 0.5041
1428 0.5003 0.4997
1429 0.4913 0.5087
1430 0.4938 0.5062
1431 0.4956 0.5044
1432 0.4963 0.5037
1433 0.4991 0.5009
1434 0.4872 0.5128
1435 0.5044 0.4956
1436 0.4964 0.5036
1437 0.506 0.494
1438 0.4937 0.5063
1439 0.4928 0.5072
1440 0.5053 0.4947
1441 0.5009 0.4991
1442 0.4954 0.5046
1443 0.5063 0.4937
1444 0.5022 0.4978
1445 0.4938 0.5062
1446 0.4986 0.5014
1447 0.5053 0.4947
1448 0.508 0.492
1449 0.4962 0.5038
1450 0.5009 0.4991
1451 0.5001 0.4999
1452 0.4929 0.5071
1453 0.4957 0.5043
1454 0.495 0.505
1455 0.4992 0.5008
1456 0.4936 0.5064
1457 0.5039 0.4961
1458 0.4949 0.5051
1459 0.5119 0.4881
1460 0.5134 0.4866
1461 0.4956 0.5044
1462 0.5017 0.4983
1463 0.4997 0.5003
1464 0.4911 0.5089
1465 0.4915 0.5085
1466 0.4992 0.5008
1467 0.4951 0.5049
1468 0.5066 0.4934
1469 0.4948 0.5052
1470 0.4964 0.5036
1471 0.5112 0.4888
1472 0.492 0.508
1473 0.497 0.503
1474 0.5102 0.4898
1475 0.4923 0.5077
1476 0.4977 0.5023
1477 0.4999 0.5001
1478 0.5015 0.4985
1479 0.4874 0.5126
1480 0.4938 0.5062
1481 0.5039 0.4961
1482 0.4902 0.5098
1483 0.4994 0.5006
1484 0.4911 0.5089
1485 0.5027 0.4973
1486 0.4986 0.5014
1487 0.4962 0.5038
1488 0.5064 0.4936
1489 0.4823 0.5177
1490 0.4956 0.5044
1491 0.4993 0.5007
1492 0.5019 0.4981
1493 0.4786 0.5214
1494 0.5095 0.4905
1495 0.4895 0.5105
1496 0.4955 0.5045
1497 0.4981 0.5019
1498 0.4918 0.5082
1499 0.4943 0.5057
1500 0.4944 0.5056
1501 0.5 0.5
1502 0.5059 0.4941
1503 0.494 0.506
1504 0.4934 0.5066
1505 0.4861 0.5139
1506 0.5134 0.4866
1507 0.4826 0.5174
1508 0.4952 0.5048
1509 0.49 0.51
1510 0.5043 0.4957
1511 0.4939 0.5061
1512 0.5088 0.4912
1513 0.4942 0.5058
1514 0.4931 0.5069
1515 0.5067 0.4933
1516 0.4908 0.5092
1517 0.4945 0.5055
1518 0.4844 0.5156
1519 0.4965 0.5035
1520 0.5008 0.4992
1521 0.5 0.5
1522 0.4956 0.5044
1523 0.4931 0.5069
1524 0.495 0.505
1525 0.5018 0.4982
1526 0.5031 0.4969
1527 0.5 0.5
1528 0.4982 0.5018
1529 0.5057 0.4943
1530 0.5038 0.4962
1531 0.4837 0.5163
1532 0.5012 0.4988
1533 0.4902 0.5098
1534 0.4959 0.5041
1535 0.491 0.509
1536 0.4932 0.5068
1537 0.4879 0.5121
1538 0.4919 0.5081
1539 0.5042 0.4958
1540 0.5082 0.4918
1541 0.5051 0.4949
1542 0.4995 0.5005
1543 0.4975 0.5025
1544 0.5009 0.4991
1545 0.4921 0.5079
1546 0.4733 0.5267
1547 0.4995 0.5005
1548 0.4868 0.5132
1549 0.5086 0.4914
1550 0.4869 0.5131
1551 0.5105 0.4895
1552 0.5002 0.4998
1553 0.5022 0.4978
1554 0.511 0.489
1555 0.4847 0.5153
1556 0.5095 0.4905
1557 0.491 0.509
1558 0.4902 0.5098
1559 0.4949 0.5051
1560 0.4896 0.5104
1561 0.4881 0.5119
1562 0.4887 0.5113
1563 0.5004 0.4996
1564 0.4934 0.5066
1565 0.5064 0.4936
1566 0.497 0.503
1567 0.4948 0.5052
1568 0.5006 0.4994
1569 0.494 0.506
1570 0.4974 0.5026
1571 0.5072 0.4928
1572 0.4947 0.5053
1573 0.4987 0.5013
1574 0.5229 0.4771
1575 0.4825 0.5175
1576 0.4983 0.5017
1577 0.4997 0.5003
1578 0.5051 0.4949
1579 0.49 0.51
1580 0.4996 0.5004
1581 0.4929 0.5071
1582 0.4881 0.5119
1583 0.4974 0.5026
1584 0.4986 0.5014
1585 0.4977 0.5023
1586 0.4955 0.5045
1587 0.5011 0.4989
1588 0.4851 0.5149
1589 0.4996 0.5004
1590 0.5059 0.4941
1591 0.4946 0.5054
1592 0.5073 0.4927
1593 0.4968 0.5032
1594 0.4808 0.5192
1595 0.484 0.516
1596 0.4959 0.5041
1597 0.4933 0.5067
1598 0.4864 0.5136
1599 0.5043 0.4957
1600 0.4854 0.5146
1601 0.4935 0.5065
1602 0.5014 0.4986
1603 0.4922 0.5078
1604 0.5018 0.4982
1605 0.5025 0.4975
1606 0.515 0.485
1607 0.495 0.505
1608 0.4965 0.5035
1609 0.49 0.51
1610 0.5023 0.4977
1611 0.4917 0.5083
1612 0.5012 0.4988
1613 0.4939 0.5061
1614 0.5023 0.4977
1615 0.4914 0.5086
1616 0.5124 0.4876
1617 0.4992 0.5008
1618 0.4968 0.5032
1619 0.5126 0.4874
1620 0.4883 0.5117
1621 0.4958 0.5042
1622 0.5086 0.4914
1623 0.4912 0.5088
1624 0.5133 0.4867
1625 0.5 0.5
1626 0.5111 0.4889
1627 0.5041 0.4959
1628 0.5002 0.4998
1629 0.486 0.514
1630 0.5037 0.4963
1631 0.4853 0.5147
1632 0.4822 0.5178
1633 0.4879 0.5121
1634 0.4985 0.5015
1635 0.4929 0.5071
1636 0.5004 0.4996
1637 0.5055 0.4945
1638 0.5015 0.4985
1639 0.494 0.506
1640 0.4914 0.5086
1641 0.5111 0.4889
1642 0.4944 0.5056
1643 0.5021 0.4979
1644 0.5 0.5
1645 0.5025 0.4975
1646 0.4971 0.5029
1647 0.513 0.487
1648 0.4876 0.5124
1649 0.501 0.499
1650 0.4988 0.5012
1651 0.4968 0.5032
1652 0.5011 0.4989
1653 0.4979 0.5021
1654 0.5104 0.4896
1655 0.4921 0.5079
1656 0.4932 0.5068
1657 0.501 0.499
1658 0.5057 0.4943
1659 0.5037 0.4963
1660 0.5013 0.4987
1661 0.5108 0.4892
1662 0.4763 0.5237
1663 0.4898 0.5102
1664 0.4933 0.5067
1665 0.4955 0.5045
1666 0.5039 0.4961
1667 0.493 0.507
1668 0.5011 0.4989
1669 0.4946 0.5054
1670 0.5099 0.4901
1671 0.5056 0.4944
1672 0.4839 0.5161
1673 0.5014 0.4986
1674 0.5069 0.4931
1675 0.5082 0.4918
1676 0.4983 0.5017
1677 0.5019 0.4981
1678 0.5036 0.4964
1679 0.5051 0.4949
1680 0.4997 0.5003
1681 0.5012 0.4988
1682 0.4991 0.5009
1683 0.4995 0.5005
1684 0.5061 0.4939
1685 0.4948 0.5052
1686 0.4924 0.5076
1687 0.5013 0.4987
1688 0.4911 0.5089
1689 0.4901 0.5099
1690 0.5126 0.4874
1691 0.5006 0.4994
1692 0.5062 0.4938
1693 0.4932 0.5068
1694 0.4918 0.5082
1695 0.5058 0.4942
1696 0.5112 0.4888
1697 0.49 0.51
1698 0.512 0.488
1699 0.5051 0.4949
1700 0.4941 0.5059
1701 0.4891 0.5109
1702 0.4973 0.5027
1703 0.4867 0.5133
1704 0.4975 0.5025
1705 0.5071 0.4929
1706 0.5005 0.4995
1707 0.4976 0.5024
1708 0.5015 0.4985
1709 0.4931 0.5069
1710 0.4955 0.5045
1711 0.5044 0.4956
1712 0.4929 0.5071
1713 0.5022 0.4978
1714 0.5037 0.4963
1715 0.4925 0.5075
1716 0.4875 0.5125
1717 0.4845 0.5155
1718 0.4795 0.5205
1719 0.5026 0.4974
1720 0.4913 0.5087
1721 0.4979 0.5021
1722 0.4876 0.5124
1723 0.4991 0.5009
1724 0.5 0.5
1725 0.4857 0.5143
1726 0.4958 0.5042
1727 0.4974 0.5026
1728 0.492 0.508
1729 0.4819 0.5181
1730 0.4854 0.5146
1731 0.501 0.499
1732 0.4916 0.5084
1733 0.4948 0.5052
1734 0.4976 0.5024
1735 0.4952 0.5048
1736 0.4894 0.5106
1737 0.5021 0.4979
1738 0.4869 0.5131
1739 0.5046 0.4954
1740 0.484 0.516
1741 0.5116 0.4884
1742 0.5028 0.4972
1743 0.509 0.491
1744 0.5101 0.4899
1745 0.5099 0.4901
1746 0.5011 0.4989
1747 0.4991 0.5009
1748 0.5052 0.4948
1749 0.5079 0.4921
1750 0.4786 0.5214
1751 0.4996 0.5004
1752 0.4959 0.5041
1753 0.5078 0.4922
1754 0.5008 0.4992
1755 0.4803 0.5197
1756 0.5049 0.4951
1757 0.5102 0.4898
1758 0.4999 0.5001
1759 0.4992 0.5008
1760 0.4922 0.5078
1761 0.4907 0.5093
1762 0.4947 0.5053
1763 0.4946 0.5054
1764 0.5025 0.4975
1765 0.4931 0.5069
1766 0.4975 0.5025
1767 0.499 0.501
1768 0.5023 0.4977
1769 0.4914 0.5086
1770 0.4979 0.5021
1771 0.4976 0.5024
1772 0.4968 0.5032
1773 0.5046 0.4954
1774 0.4893 0.5107
1775 0.5 0.5
1776 0.498 0.502
1777 0.4733 0.5267
1778 0.5018 0.4982
1779 0.5022 0.4978
1780 0.5051 0.4949
1781 0.4942 0.5058
1782 0.5091 0.4909
1783 0.488 0.512
1784 0.4853 0.5147
1785 0.4994 0.5006
1786 0.4901 0.5099
1787 0.5017 0.4983
1788 0.4936 0.5064
1789 0.4983 0.5017
1790 0.4937 0.5063
1791 0.491 0.509
1792 0.4908 0.5092
1793 0.5036 0.4964
1794 0.5016 0.4984
1795 0.4875 0.5125
1796 0.4811 0.5189
1797 0.5018 0.4982
1798 0.4903 0.5097
1799 0.4909 0.5091
1800 0.4909 0.5091
1801 0.4942 0.5058
1802 0.5055 0.4945
1803 0.4994 0.5006
1804 0.4761 0.5239
1805 0.4956 0.5044
1806 0.4995 0.5005
1807 0.502 0.498
1808 0.4884 0.5116
1809 0.5149 0.4851
1810 0.4973 0.5027
1811 0.4995 0.5005
1812 0.4974 0.5026
1813 0.486 0.514
1814 0.5013 0.4987
1815 0.511 0.489
1816 0.4942 0.5058
1817 0.5081 0.4919
1818 0.4967 0.5033
1819 0.4778 0.5222
1820 0.495 0.505
1821 0.5122 0.4878
1822 0.5005 0.4995
1823 0.5038 0.4962
1824 0.4812 0.5188
1825 0.4975 0.5025
1826 0.497 0.503
1827 0.506 0.494
1828 0.4851 0.5149
1829 0.4922 0.5078
1830 0.4965 0.5035
1831 0.4973 0.5027
1832 0.498 0.502
1833 0.4957 0.5043
1834 0.5038 0.4962
1835 0.5162 0.4838
1836 0.4929 0.5071
1837 0.4848 0.5152
1838 0.4924 0.5076
1839 0.5045 0.4955
1840 0.5015 0.4985
1841 0.5086 0.4914
1842 0.4847 0.5153
1843 0.5061 0.4939
1844 0.4946 0.5054
1845 0.4884 0.5116
1846 0.4908 0.5092
1847 0.4919 0.5081
1848 0.4926 0.5074
1849 0.5007 0.4993
1850 0.4886 0.5114
1851 0.4903 0.5097
1852 0.5131 0.4869
1853 0.5171 0.4829
1854 0.5015 0.4985
1855 0.501 0.499
1856 0.5003 0.4997
1857 0.4891 0.5109
1858 0.4892 0.5108
1859 0.4995 0.5005
1860 0.4808 0.5192
1861 0.4882 0.5118
1862 0.5131 0.4869
1863 0.4852 0.5148
1864 0.4985 0.5015
1865 0.4951 0.5049
1866 0.4941 0.5059
1867 0.4861 0.5139
1868 0.4913 0.5087
1869 0.4937 0.5063
1870 0.508 0.492
1871 0.4967 0.5033
1872 0.4972 0.5028
1873 0.487 0.513
1874 0.494 0.506
1875 0.511 0.489
1876 0.5043 0.4957
1877 0.5041 0.4959
1878 0.4985 0.5015
1879 0.4991 0.5009
1880 0.4826 0.5174
1881 0.4973 0.5027
1882 0.5085 0.4915
1883 0.4753 0.5247
1884 0.5172 0.4828
1885 0.495 0.505
1886 0.5088 0.4912
1887 0.4944 0.5056
1888 0.5038 0.4962
1889 0.5013 0.4987
1890 0.4804 0.5196
1891 0.499 0.501
1892 0.492 0.508
1893 0.4699 0.5301
1894 0.4861 0.5139
1895 0.4767 0.5233
1896 0.5027 0.4973
1897 0.5143 0.4857
1898 0.498 0.502
1899 0.4971 0.5029
1900 0.513 0.487
1901 0.5014 0.4986
1902 0.4982 0.5018
1903 0.5002 0.4998
1904 0.4944 0.5056
1905 0.5115 0.4885
1906 0.4907 0.5093
1907 0.5044 0.4956
1908 0.5133 0.4867
1909 0.4935 0.5065
1910 0.4868 0.5132
1911 0.4817 0.5183
1912 0.4947 0.5053
1913 0.5046 0.4954
1914 0.5127 0.4873
1915 0.4931 0.5069
1916 0.5017 0.4983
1917 0.4995 0.5005
1918 0.4931 0.5069
1919 0.5083 0.4917
1920 0.4893 0.5107
1921 0.4937 0.5063
1922 0.4866 0.5134
1923 0.5087 0.4913
1924 0.4898 0.5102
1925 0.5039 0.4961
1926 0.4893 0.5107
1927 0.5048 0.4952
1928 0.4972 0.5028
1929 0.4974 0.5026
1930 0.4857 0.5143
1931 0.4965 0.5035
1932 0.498 0.502
1933 0.494 0.506
1934 0.5049 0.4951
1935 0.4949 0.5051
1936 0.4883 0.5117
1937 0.5005 0.4995
1938 0.4955 0.5045
1939 0.4951 0.5049
1940 0.5119 0.4881
1941 0.5017 0.4983
1942 0.5127 0.4873
1943 0.4926 0.5074
1944 0.4918 0.5082
1945 0.4985 0.5015
1946 0.5046 0.4954
1947 0.4806 0.5194
1948 0.5002 0.4998
1949 0.502 0.498
1950 0.4848 0.5152
1951 0.5035 0.4965
1952 0.4867 0.5133
1953 0.4869 0.5131
1954 0.4899 0.5101
1955 0.5026 0.4974
1956 0.5033 0.4967
1957 0.5092 0.4908
1958 0.4878 0.5122
1959 0.5013 0.4987
1960 0.5019 0.4981
1961 0.507 0.493
1962 0.498 0.502
1963 0.4688 0.5312
1964 0.4998 0.5002
1965 0.4943 0.5057
1966 0.4978 0.5022
1967 0.4969 0.5031
1968 0.4817 0.5183
1969 0.4936 0.5064
1970 0.4655 0.5345
1971 0.5021 0.4979
1972 0.5034 0.4966
1973 0.5039 0.4961
1974 0.5018 0.4982
1975 0.4986 0.5014
1976 0.4894 0.5106
1977 0.4899 0.5101
1978 0.5053 0.4947
1979 0.4727 0.5273
1980 0.4931 0.5069
1981 0.4899 0.5101
1982 0.4941 0.5059
1983 0.5064 0.4936
1984 0.486 0.514
1985 0.5014 0.4986
1986 0.5028 0.4972
1987 0.496 0.504
1988 0.4826 0.5174
1989 0.4827 0.5173
1990 0.4866 0.5134
1991 0.5011 0.4989
1992 0.4937 0.5063
1993 0.5131 0.4869
1994 0.4893 0.5107
1995 0.4951 0.5049
1996 0.5023 0.4977
1997 0.5135 0.4865
1998 0.4849 0.5151
1999 0.4965 0.5035
2000 0.4934 0.5066
2001 0.4933 0.5067
2002 0.508 0.492
2003 0.4724 0.5276
2004 0.5 0.5
2005 0.4945 0.5055
2006 0.5044 0.4956
2007 0.5038 0.4962
2008 0.4811 0.5189
2009 0.5086 0.4914
2010 0.5094 0.4906
2011 0.4887 0.5113
2012 0.5147 0.4853
2013 0.5172 0.4828
2014 0.476 0.524
2015 0.5027 0.4973
2016 0.4946 0.5054
2017 0.4858 0.5142
2018 0.4972 0.5028
2019 0.5044 0.4956
2020 0.4942 0.5058
2021 0.4942 0.5058
2022 0.4809 0.5191
2023 0.4952 0.5048
2024 0.4578 0.5422
2025 0.5012 0.4988
2026 0.503 0.497
2027 0.4865 0.5135
2028 0.4941 0.5059
2029 0.5021 0.4979
2030 0.5073 0.4927
2031 0.523 0.477
2032 0.4844 0.5156
2033 0.4885 0.5115
2034 0.4891 0.5109
2035 0.4958 0.5042
2036 0.5028 0.4972
2037 0.4894 0.5106
2038 0.4943 0.5057
2039 0.4952 0.5048
2040 0.5147 0.4853
2041 0.5085 0.4915
2042 0.4801 0.5199
2043 0.4815 0.5185
2044 0.5097 0.4903
2045 0.4877 0.5123
2046 0.4822 0.5178
2047 0.5088 0.4912
2048 0.4881 0.5119
2049 0.493 0.507
2050 0.5005 0.4995
2051 0.482 0.518
2052 0.4922 0.5078
2053 0.4984 0.5016
2054 0.5194 0.4806
2055 0.501 0.499
2056 0.4877 0.5123
2057 0.5026 0.4974
2058 0.4794 0.5206
2059 0.4894 0.5106
2060 0.4905 0.5095
2061 0.4929 0.5071
2062 0.5081 0.4919
2063 0.4843 0.5157
2064 0.4935 0.5065
2065 0.5213 0.4787
2066 0.4862 0.5138
2067 0.4989 0.5011
2068 0.5077 0.4923
2069 0.4894 0.5106
2070 0.4865 0.5135
2071 0.4997 0.5003
2072 0.4904 0.5096
2073 0.5056 0.4944
2074 0.4789 0.5211
2075 0.5088 0.4912
2076 0.5036 0.4964
2077 0.4921 0.5079
2078 0.4934 0.5066
2079 0.4963 0.5037
2080 0.4882 0.5118
2081 0.4705 0.5295
2082 0.5142 0.4858
2083 0.4833 0.5167
2084 0.4849 0.5151
2085 0.4846 0.5154
2086 0.5101 0.4899
2087 0.4746 0.5254
2088 0.4961 0.5039
2089 0.4979 0.5021
2090 0.4895 0.5105
2091 0.4813 0.5187
2092 0.4922 0.5078
2093 0.515 0.485
2094 0.4988 0.5012
2095 0.508 0.492
2096 0.505 0.495
2097 0.5091 0.4909
2098 0.4796 0.5204
2099 0.5193 0.4807
2100 0.5106 0.4894
2101 0.5198 0.4802
2102 0.4847 0.5153
2103 0.4952 0.5048
2104 0.5115 0.4885
2105 0.4949 0.5051
2106 0.5003 0.4997
2107 0.4815 0.5185
2108 0.5167 0.4833
2109 0.506 0.494
2110 0.4961 0.5039
2111 0.5235 0.4765
2112 0.504 0.496
2113 0.4902 0.5098
2114 0.4868 0.5132
2115 0.4792 0.5208
2116 0.5098 0.4902
2117 0.5021 0.4979
2118 0.5101 0.4899
2119 0.5012 0.4988
2120 0.5077 0.4923
2121 0.497 0.503
2122 0.5038 0.4962
2123 0.4927 0.5073
2124 0.4978 0.5022
2125 0.4856 0.5144
2126 0.4952 0.5048
2127 0.5071 0.4929
2128 0.5101 0.4899
2129 0.487 0.513
2130 0.5243 0.4757
2131 0.4829 0.5171
2132 0.5274 0.4726
2133 0.5006 0.4994
2134 0.483 0.517
2135 0.4942 0.5058
2136 0.504 0.496
2137 0.4932 0.5068
2138 0.49 0.51
2139 0.4959 0.5041
2140 0.4932 0.5068
2141 0.4808 0.5192
2142 0.4911 0.5089
2143 0.4856 0.5144
2144 0.5139 0.4861
2145 0.4994 0.5006
2146 0.5284 0.4716
2147 0.4877 0.5123
2148 0.519 0.481
2149 0.4997 0.5003
2150 0.4877 0.5123
2151 0.4947 0.5053
2152 0.5055 0.4945
2153 0.5083 0.4917
2154 0.4973 0.5027
2155 0.5035 0.4965
2156 0.4804 0.5196
2157 0.4886 0.5114
2158 0.4984 0.5016
2159 0.4957 0.5043
2160 0.4927 0.5073
2161 0.4931 0.5069
2162 0.4842 0.5158
2163 0.5128 0.4872
2164 0.5139 0.4861
2165 0.4944 0.5056
2166 0.5 0.5
2167 0.4975 0.5025
2168 0.4942 0.5058
2169 0.4994 0.5006
2170 0.4922 0.5078
2171 0.499 0.501
2172 0.4751 0.5249
2173 0.4755 0.5245
2174 0.5156 0.4844
2175 0.4924 0.5076
2176 0.5083 0.4917
2177 0.4898 0.5102
2178 0.4947 0.5053
2179 0.4836 0.5164
2180 0.481 0.519
2181 0.5081 0.4919
2182 0.4957 0.5043
2183 0.5051 0.4949
2184 0.4843 0.5157
2185 0.4834 0.5166
2186 0.4815 0.5185
2187 0.5059 0.4941
2188 0.5011 0.4989
2189 0.4918 0.5082
2190 0.5073 0.4927
2191 0.5284 0.4716
2192 0.501 0.499
2193 0.5164 0.4836
2194 0.4771 0.5229
2195 0.4848 0.5152
2196 0.5076 0.4924
2197 0.4934 0.5066
2198 0.5048 0.4952
2199 0.5118 0.4882
2200 0.5034 0.4966
2201 0.5028 0.4972
2202 0.4856 0.5144
2203 0.4966 0.5034
2204 0.4819 0.5181
2205 0.4982 0.5018
2206 0.5079 0.4921
2207 0.5135 0.4865
2208 0.4978 0.5022
2209 0.4782 0.5218
2210 0.5047 0.4953
2211 0.4872 0.5128
2212 0.513 0.487
2213 0.5175 0.4825
2214 0.4976 0.5024
2215 0.5092 0.4908
2216 0.4902 0.5098
2217 0.499 0.501
2218 0.5067 0.4933
2219 0.5052 0.4948
2220 0.4896 0.5104
2221 0.4791 0.5209
2222 0.5021 0.4979
2223 0.5283 0.4717
2224 0.4997 0.5003
2225 0.4807 0.5193
2226 0.4695 0.5305
2227 0.4947 0.5053
2228 0.4969 0.5031
2229 0.4972 0.5028
2230 0.4821 0.5179
2231 0.4913 0.5087
2232 0.5059 0.4941
2233 0.4993 0.5007
2234 0.4668 0.5332
2235 0.4831 0.5169
2236 0.4853 0.5147
2237 0.512 0.488
2238 0.5015 0.4985
2239 0.4986 0.5014
2240 0.49 0.51
2241 0.5113 0.4887
2242 0.4764 0.5236
2243 0.4838 0.5162
2244 0.5184 0.4816
2245 0.488 0.512
2246 0.497 0.503
2247 0.527 0.473
2248 0.5066 0.4934
2249 0.4956 0.5044
2250 0.4921 0.5079
2251 0.4978 0.5022
2252 0.4924 0.5076
2253 0.5 0.5
2254 0.4993 0.5007
2255 0.5094 0.4906
2256 0.4996 0.5004
2257 0.4971 0.5029
2258 0.5077 0.4923
2259 0.5111 0.4889
2260 0.483 0.517
2261 0.4867 0.5133
2262 0.4834 0.5166
2263 0.5047 0.4953
2264 0.5091 0.4909
2265 0.5308 0.4692
2266 0.5177 0.4823
2267 0.4891 0.5109
2268 0.4879 0.5121
2269 0.4993 0.5007
2270 0.4923 0.5077
2271 0.5042 0.4958
2272 0.487 0.513
2273 0.4835 0.5165
2274 0.4883 0.5117
2275 0.5176 0.4824
2276 0.4832 0.5168
2277 0.4875 0.5125
2278 0.4909 0.5091
2279 0.4892 0.5108
2280 0.4934 0.5066
2281 0.5121 0.4879
2282 0.5239 0.4761
2283 0.5028 0.4972
2284 0.5004 0.4996
2285 0.4823 0.5177
2286 0.4812 0.5188
2287 0.5209 0.4791
2288 0.5155 0.4845
2289 0.5143 0.4857
2290 0.4875 0.5125
2291 0.4932 0.5068
2292 0.4838 0.5162
2293 0.5203 0.4797
2294 0.4996 0.5004
2295 0.517 0.483
2296 0.4867 0.5133
2297 0.5152 0.4848
2298 0.4967 0.5033
2299 0.5171 0.4829
2300 0.4964 0.5036
2301 0.4708 0.5292
2302 0.5073 0.4927
2303 0.5022 0.4978
2304 0.4963 0.5037
2305 0.5197 0.4803
2306 0.5139 0.4861
2307 0.4932 0.5068
2308 0.4914 0.5086
2309 0.5018 0.4982
2310 0.486 0.514
2311 0.4996 0.5004
2312 0.4764 0.5236
2313 0.5134 0.4866
2314 0.4942 0.5058
2315 0.4978 0.5022
2316 0.4939 0.5061
2317 0.4992 0.5008
2318 0.4993 0.5007
2319 0.4925 0.5075
2320 0.4838 0.5162
2321 0.493 0.507
2322 0.5125 0.4875
2323 0.5092 0.4908
2324 0.4948 0.5052
2325 0.4988 0.5012
2326 0.5019 0.4981
2327 0.4793 0.5207
2328 0.4803 0.5197
2329 0.5131 0.4869
2330 0.4971 0.5029
2331 0.5025 0.4975
2332 0.4955 0.5045
2333 0.4872 0.5128
2334 0.4983 0.5017
2335 0.4936 0.5064
2336 0.5106 0.4894
2337 0.5465 0.4535
2338 0.4933 0.5067
2339 0.4928 0.5072
2340 0.5071 0.4929
2341 0.478 0.522
2342 0.4773 0.5227
2343 0.4795 0.5205
2344 0.5102 0.4898
2345 0.4913 0.5087
2346 0.5201 0.4799
2347 0.4848 0.5152
2348 0.4941 0.5059
2349 0.5184 0.4816
2350 0.5004 0.4996
2351 0.5326 0.4674
2352 0.5064 0.4936
2353 0.5136 0.4864
2354 0.498 0.502
2355 0.4972 0.5028
2356 0.4858 0.5142
2357 0.492 0.508
2358 0.4907 0.5093
2359 0.4887 0.5113
2360 0.5021 0.4979
2361 0.4907 0.5093
2362 0.4984 0.5016
2363 0.4928 0.5072
2364 0.5064 0.4936
2365 0.4952 0.5048
2366 0.5012 0.4988
2367 0.4942 0.5058
2368 0.4951 0.5049
2369 0.4859 0.5141
2370 0.5009 0.4991
2371 0.4906 0.5094
2372 0.4843 0.5157
2373 0.5174 0.4826
2374 0.5013 0.4987
2375 0.4941 0.5059
2376 0.5178 0.4822
2377 0.4947 0.5053
2378 0.4888 0.5112
2379 0.5224 0.4776
2380 0.4885 0.5115
2381 0.4971 0.5029
2382 0.4938 0.5062
2383 0.478 0.522
2384 0.5009 0.4991
2385 0.5035 0.4965
2386 0.5026 0.4974
2387 0.4979 0.5021
2388 0.4933 0.5067
2389 0.4897 0.5103
2390 0.5073 0.4927
2391 0.5097 0.4903
2392 0.5045 0.4955
2393 0.4972 0.5028
2394 0.5 0.5
2395 0.508 0.492
2396 0.4996 0.5004
2397 0.4796 0.5204
2398 0.4885 0.5115
2399 0.5004 0.4996
2400 0.5136 0.4864
2401 0.5056 0.4944
2402 0.4783 0.5217
2403 0.4947 0.5053
2404 0.4888 0.5112
2405 0.5303 0.4697
2406 0.4786 0.5214
2407 0.4861 0.5139
2408 0.4856 0.5144
2409 0.4905 0.5095
2410 0.502 0.498
2411 0.4854 0.5146
2412 0.5016 0.4984
2413 0.4984 0.5016
2414 0.4783 0.5217
2415 0.4974 0.5026
2416 0.5025 0.4975
2417 0.4924 0.5076
2418 0.4911 0.5089
2419 0.5031 0.4969
2420 0.5035 0.4965
2421 0.4876 0.5124
2422 0.4996 0.5004
2423 0.4784 0.5216
2424 0.5125 0.4875
2425 0.5014 0.4986
2426 0.4961 0.5039
2427 0.4853 0.5147
2428 0.5195 0.4805
2429 0.4848 0.5152
2430 0.5109 0.4891
2431 0.4853 0.5147
2432 0.505 0.495
2433 0.4956 0.5044
2434 0.503 0.497
2435 0.4974 0.5026
2436 0.5035 0.4965
2437 0.504 0.496
2438 0.4624 0.5376
2439 0.4922 0.5078
2440 0.471 0.529
2441 0.5142 0.4858
2442 0.5034 0.4966
2443 0.5105 0.4895
2444 0.5144 0.4856
2445 0.5123 0.4877
2446 0.5004 0.4996
2447 0.4777 0.5223
2448 0.5074 0.4926
2449 0.5009 0.4991
2450 0.5149 0.4851
2451 0.4942 0.5058
2452 0.4753 0.5247
2453 0.5248 0.4752
2454 0.4803 0.5197
2455 0.4752 0.5248
2456 0.4958 0.5042
2457 0.5152 0.4848
2458 0.5056 0.4944
2459 0.4995 0.5005
2460 0.5037 0.4963
2461 0.5019 0.4981
2462 0.5248 0.4752
2463 0.5082 0.4918
2464 0.4829 0.5171
2465 0.4805 0.5195
2466 0.4844 0.5156
2467 0.5237 0.4763
2468 0.5101 0.4899
2469 0.5175 0.4825
2470 0.4925 0.5075
2471 0.5005 0.4995
2472 0.5089 0.4911
2473 0.5005 0.4995
2474 0.538 0.462
2475 0.5088 0.4912
2476 0.4954 0.5046
2477 0.4792 0.5208
2478 0.4926 0.5074
2479 0.49 0.51
2480 0.4833 0.5167
2481 0.485 0.515
2482 0.4976 0.5024
2483 0.4661 0.5339
2484 0.5219 0.4781
2485 0.478 0.522
2486 0.5059 0.4941
2487 0.4896 0.5104
2488 0.4955 0.5045
2489 0.5118 0.4882
2490 0.4797 0.5203
2491 0.497 0.503
2492 0.4902 0.5098
2493 0.4474 0.5526
2494 0.4846 0.5154
2495 0.4771 0.5229
2496 0.4973 0.5027
2497 0.4884 0.5116
2498 0.4775 0.5225
2499 0.5051 0.4949
2500 0.4932 0.5068
2501 0.512 0.488
2502 0.533 0.467
2503 0.499 0.501
2504 0.4882 0.5118
2505 0.501 0.499
2506 0.5064 0.4936
2507 0.4943 0.5057
2508 0.4829 0.5171
2509 0.4722 0.5278
2510 0.5185 0.4815
2511 0.4809 0.5191
2512 0.4984 0.5016
2513 0.5088 0.4912
2514 0.4928 0.5072
2515 0.5152 0.4848
2516 0.5017 0.4983
2517 0.5218 0.4782
2518 0.5038 0.4962
2519 0.493 0.507
2520 0.5026 0.4974
2521 0.4916 0.5084
2522 0.4755 0.5245
2523 0.5275 0.4725
2524 0.4943 0.5057
2525 0.524 0.476
2526 0.5123 0.4877
2527 0.4912 0.5088
2528 0.5061 0.4939
2529 0.5157 0.4843
2530 0.4601 0.5399
2531 0.5057 0.4943
2532 0.4709 0.5291
2533 0.4951 0.5049
2534 0.4979 0.5021
2535 0.5 0.5
2536 0.4882 0.5118
2537 0.4803 0.5197
2538 0.4877 0.5123
2539 0.5198 0.4802
2540 0.488 0.512
2541 0.5081 0.4919
2542 0.5027 0.4973
2543 0.5085 0.4915
2544 0.5176 0.4824
2545 0.4746 0.5254
2546 0.507 0.493
2547 0.4868 0.5132
2548 0.4881 0.5119
2549 0.498 0.502
2550 0.502 0.498
2551 0.4628 0.5372
2552 0.4868 0.5132
2553 0.4978 0.5022
2554 0.5039 0.4961
2555 0.5154 0.4846
2556 0.5096 0.4904
2557 0.48 0.52
2558 0.5181 0.4819
2559 0.4974 0.5026
2560 0.5339 0.4661
2561 0.487 0.513
2562 0.4904 0.5096
2563 0.4825 0.5175
2564 0.4907 0.5093
2565 0.4865 0.5135
2566 0.4745 0.5255
2567 0.4952 0.5048
2568 0.5203 0.4797
2569 0.4819 0.5181
2570 0.4769 0.5231
2571 0.4773 0.5227
2572 0.4939 0.5061
2573 0.5057 0.4943
2574 0.51 0.49
2575 0.5083 0.4917
2576 0.4801 0.5199
2577 0.4972 0.5028
2578 0.5183 0.4817
2579 0.5302 0.4698
2580 0.4703 0.5297
2581 0.4977 0.5023
2582 0.5062 0.4938
2583 0.5234 0.4766
2584 0.5016 0.4984
2585 0.4889 0.5111
2586 0.4952 0.5048
2587 0.4735 0.5265
2588 0.4801 0.5199
2589 0.4923 0.5077
2590 0.4925 0.5075
2591 0.4989 0.5011
2592 0.5039 0.4961
2593 0.4851 0.5149
2594 0.5186 0.4814
2595 0.5028 0.4972
2596 0.4897 0.5103
2597 0.5157 0.4843
2598 0.5233 0.4767
2599 0.4821 0.5179
2600 0.4825 0.5175
2601 0.5119 0.4881
2602 0.4773 0.5227
2603 0.4914 0.5086
2604 0.5239 0.4761
2605 0.4768 0.5232
2606 0.4751 0.5249
2607 0.516 0.484
2608 0.4652 0.5348
2609 0.5024 0.4976
2610 0.5057 0.4943
2611 0.4863 0.5137
2612 0.5174 0.4826
2613 0.5149 0.4851
2614 0.5 0.5
2615 0.5012 0.4988
2616 0.4762 0.5238
2617 0.4994 0.5006
2618 0.5252 0.4748
2619 0.4663 0.5337
2620 0.4623 0.5377
2621 0.4967 0.5033
2622 0.4929 0.5071
2623 0.5108 0.4892
2624 0.5121 0.4879
2625 0.5106 0.4894
2626 0.5069 0.4931
2627 0.5212 0.4788
2628 0.5094 0.4906
2629 0.497 0.503
2630 0.4925 0.5075
2631 0.4915 0.5085
2632 0.5107 0.4893
2633 0.5031 0.4969
2634 0.4808 0.5192
2635 0.5052 0.4948
2636 0.4788 0.5212
2637 0.5124 0.4876
2638 0.5273 0.4727
2639 0.4886 0.5114
2640 0.5343 0.4657
2641 0.4967 0.5033
2642 0.5046 0.4954
2643 0.5065 0.4935
2644 0.4993 0.5007
2645 0.4929 0.5071
2646 0.5051 0.4949
2647 0.495 0.505
2648 0.4931 0.5069
2649 0.5131 0.4869
2650 0.4658 0.5342
2651 0.4795 0.5205
2652 0.5227 0.4773
2653 0.5308 0.4692
2654 0.4619 0.5381
2655 0.5 0.5
2656 0.4831 0.5169
2657 0.5032 0.4968
2658 0.4781 0.5219
2659 0.5052 0.4948
2660 0.4645 0.5355
2661 0.5087 0.4913
2662 0.4945 0.5055
2663 0.5141 0.4859
2664 0.5126 0.4874
2665 0.4981 0.5019
2666 0.4843 0.5157
2667 0.5013 0.4987
2668 0.4601 0.5399
2669 0.4616 0.5384
2670 0.4986 0.5014
2671 0.4738 0.5262
2672 0.5021 0.4979
2673 0.4946 0.5054
2674 0.5106 0.4894
2675 0.4836 0.5164
2676 0.5048 0.4952
2677 0.5124 0.4876
2678 0.5069 0.4931
2679 0.4993 0.5007
2680 0.5389 0.4611
2681 0.5 0.5
2682 0.5047 0.4953
2683 0.4981 0.5019
2684 0.4962 0.5038
2685 0.5057 0.4943
2686 0.4801 0.5199
2687 0.4818 0.5182
2688 0.4738 0.5262
2689 0.4922 0.5078
2690 0.4867 0.5133
2691 0.4716 0.5284
2692 0.5062 0.4938
2693 0.477 0.523
2694 0.4985 0.5015
2695 0.485 0.515
2696 0.4564 0.5436
2697 0.4961 0.5039
2698 0.503 0.497
2699 0.503 0.497
2700 0.4918 0.5082
2701 0.4849 0.5151
2702 0.4993 0.5007
2703 0.4883 0.5117
2704 0.5263 0.4737
2705 0.4888 0.5112
2706 0.4839 0.5161
2707 0.5138 0.4862
2708 0.4844 0.5156
2709 0.5197 0.4803
2710 0.4984 0.5016
2711 0.5008 0.4992
2712 0.5032 0.4968
2713 0.4729 0.5271
2714 0.4881 0.5119
2715 0.5175 0.4825
2716 0.5031 0.4969
2717 0.4918 0.5082
2718 0.4866 0.5134
2719 0.5023 0.4977
2720 0.4969 0.5031
2721 0.4985 0.5015
2722 0.5239 0.4761
2723 0.4893 0.5107
2724 0.4839 0.5161
2725 0.5188 0.4812
2726 0.4736 0.5264
2727 0.5162 0.4838
2728 0.4933 0.5067
2729 0.5109 0.4891
2730 0.4809 0.5191
2731 0.509 0.491
2732 0.4669 0.5331
2733 0.4949 0.5051
2734 0.479 0.521
2735 0.5097 0.4903
2736 0.5323 0.4677
2737 0.4902 0.5098
2738 0.5258 0.4742
2739 0.4992 0.5008
2740 0.4572 0.5428
2741 0.5066 0.4934
2742 0.5252 0.4748
2743 0.504 0.496
2744 0.4936 0.5064
2745 0.4975 0.5025
2746 0.5141 0.4859
2747 0.5186 0.4814
2748 0.4768 0.5232
2749 0.4862 0.5138
2750 0.4806 0.5194
2751 0.5238 0.4762
2752 0.5162 0.4838
2753 0.4841 0.5159
2754 0.4939 0.5061
2755 0.4923 0.5077
2756 0.4875 0.5125
2757 0.5157 0.4843
2758 0.5215 0.4785
2759 0.5134 0.4866
2760 0.5041 0.4959
2761 0.4735 0.5265
2762 0.5394 0.4606
2763 0.5018 0.4982
2764 0.5254 0.4746
2765 0.5053 0.4947
2766 0.4983 0.5017
2767 0.4966 0.5034
2768 0.4756 0.5244
2769 0.4702 0.5298
2770 0.4932 0.5068
2771 0.5057 0.4943
2772 0.5027 0.4973
2773 0.5091 0.4909
2774 0.4924 0.5076
2775 0.4959 0.5041
2776 0.4673 0.5327
2777 0.532 0.468
2778 0.4555 0.5445
2779 0.4914 0.5086
2780 0.4803 0.5197
2781 0.4558 0.5442
2782 0.5288 0.4712
2783 0.509 0.491
2784 0.531 0.469
2785 0.5313 0.4687
2786 0.4942 0.5058
2787 0.4937 0.5063
2788 0.5507 0.4493
2789 0.4742 0.5258
2790 0.5506 0.4494
2791 0.5129 0.4871
2792 0.5035 0.4965
2793 0.5246 0.4754
2794 0.5031 0.4969
2795 0.4809 0.5191
2796 0.5172 0.4828
2797 0.487 0.513
2798 0.4865 0.5135
2799 0.4924 0.5076
2800 0.4862 0.5138
2801 0.4757 0.5243
2802 0.5153 0.4847
2803 0.5319 0.4681
2804 0.4773 0.5227
2805 0.4898 0.5102
2806 0.5094 0.4906
2807 0.4926 0.5074
2808 0.4785 0.5215
2809 0.484 0.516
2810 0.4774 0.5226
2811 0.501 0.499
2812 0.4991 0.5009
2813 0.4757 0.5243
2814 0.475 0.525
2815 0.501 0.499
2816 0.4776 0.5224
2817 0.5094 0.4906
2818 0.4702 0.5298
2819 0.4882 0.5118
2820 0.5065 0.4935
2821 0.46 0.54
2822 0.4251 0.5749
2823 0.4758 0.5242
2824 0.524 0.476
2825 0.4942 0.5058
2826 0.491 0.509
2827 0.5144 0.4856
2828 0.4558 0.5442
2829 0.4728 0.5272
2830 0.5175 0.4825
2831 0.4988 0.5012
2832 0.4808 0.5192
2833 0.5187 0.4813
2834 0.4484 0.5516
2835 0.4588 0.5412
2836 0.4419 0.5581
2837 0.5027 0.4973
2838 0.4895 0.5105
2839 0.4921 0.5079
2840 0.4543 0.5457
2841 0.4733 0.5267
2842 0.4827 0.5173
2843 0.4483 0.5517
2844 0.5342 0.4658
2845 0.5013 0.4987
2846 0.5 0.5
2847 0.4861 0.5139
2848 0.4669 0.5331
2849 0.5121 0.4879
2850 0.4932 0.5068
2851 0.531 0.469
2852 0.458 0.542
2853 0.5 0.5
2854 0.494 0.506
2855 0.45 0.55
2856 0.4896 0.5104
2857 0.4804 0.5196
2858 0.4675 0.5325
2859 0.4899 0.5101
2860 0.5333 0.4667
2861 0.4935 0.5065
2862 0.4636 0.5364
2863 0.4938 0.5062
2864 0.4189 0.5811
2865 0.4797 0.5203
2866 0.5294 0.4706
2867 0.4896 0.5104
2868 0.5169 0.4831
2869 0.4938 0.5062
2870 0.4923 0.5077
2871 0.4949 0.5051
2872 0.4934 0.5066
2873 0.5171 0.4829
2874 0.4984 0.5016
2875 0.4871 0.5129
2876 0.5047 0.4953
2877 0.5076 0.4924
2878 0.4946 0.5054
2879 0.4749 0.5251
2880 0.482 0.518
2881 0.5213 0.4787
2882 0.4913 0.5087
2883 0.5068 0.4932
2884 0.5144 0.4856
2885 0.4887 0.5113
2886 0.4564 0.5436
2887 0.4632 0.5368
2888 0.4554 0.5446
2889 0.4984 0.5016
2890 0.4589 0.5411
2891 0.4848 0.5152
2892 0.4762 0.5238
2893 0.5031 0.4969
2894 0.5078 0.4922
2895 0.5015 0.4985
2896 0.4704 0.5296
2897 0.5054 0.4946
2898 0.5068 0.4932
2899 0.4845 0.5155
2900 0.4826 0.5174
2901 0.4485 0.5515
2902 0.4717 0.5283
2903 0.4672 0.5328
2904 0.5123 0.4877
2905 0.5281 0.4719
2906 0.4868 0.5132
2907 0.4906 0.5094
2908 0.483 0.517
2909 0.4552 0.5448
2910 0.4627 0.5373
2911 0.4885 0.5115
2912 0.4729 0.5271
2913 0.4919 0.5081
2914 0.4943 0.5057
2915 0.5559 0.4441
2916 0.4702 0.5298
2917 0.5204 0.4796
2918 0.4858 0.5142
2919 0.5415 0.4585
2920 0.5039 0.4961
2921 0.5636 0.4364
2922 0.5052 0.4948
2923 0.5274 0.4726
2924 0.5033 0.4967
2925 0.4805 0.5195
2926 0.4395 0.5605
2927 0.5 0.5
2928 0.5133 0.4867
2929 0.4983 0.5017
2930 0.5448 0.4552
2931 0.5018 0.4982
2932 0.5474 0.4526
2933 0.5071 0.4929
2934 0.5505 0.4495
2935 0.4968 0.5032
2936 0.4748 0.5252
2937 0.5546 0.4454
2938 0.4788 0.5212
2939 0.4934 0.5066
2940 0.5267 0.4733
2941 0.543 0.457
2942 0.4801 0.5199
2943 0.5133 0.4867
2944 0.4753 0.5247
2945 0.4892 0.5108
2946 0.5021 0.4979
2947 0.5152 0.4848
2948 0.4924 0.5076
2949 0.4774 0.5226
2950 0.5034 0.4966
2951 0.4613 0.5387
2952 0.4261 0.5739
2953 0.4952 0.5048
2954 0.4788 0.5212
2955 0.4838 0.5162
2956 0.5342 0.4658
2957 0.4952 0.5048
2958 0.4773 0.5227
2959 0.4936 0.5064
2960 0.511 0.489
2961 0.4856 0.5144
2962 0.4437 0.5563
2963 0.4981 0.5019
2964 0.5421 0.4579
2965 0.4459 0.5541
2966 0.4214 0.5786
2967 0.5142 0.4858
2968 0.437 0.563
2969 0.5041 0.4959
2970 0.4824 0.5176
2971 0.5331 0.4669
2972 0.5144 0.4856
2973 0.5328 0.4672
2974 0.5035 0.4965
2975 0.5187 0.4813
2976 0.4821 0.5179
2977 0.5208 0.4792
2978 0.532 0.468
2979 0.444 0.556
2980 0.4677 0.5323
2981 0.5303 0.4697
2982 0.4656 0.5344
2983 0.4346 0.5654
2984 0.5021 0.4979
2985 0.4879 0.5121
2986 0.5139 0.4861
2987 0.4981 0.5019
2988 0.5254 0.4746
2989 0.5185 0.4815
2990 0.5 0.5
2991 0.4573 0.5427
2992 0.4786 0.5214
2993 0.549 0.451
2994 0.4985 0.5015
2995 0.485 0.515
2996 0.5 0.5
2997 0.5127 0.4873
2998 0.4983 0.5017
2999 0.5172 0.4828
3000 0.5034 0.4966
3001 0.4982 0.5018
3002 0.5 0.5
3003 0.4944 0.5056
3004 0.5104 0.4896
3005 0.543 0.457
3006 0.5015 0.4985
3007 0.4969 0.5031
3008 0.5515 0.4485
3009 0.5177 0.4823
3010 0.5108 0.4892
3011 0.5223 0.4777
3012 0.4503 0.5497
3013 0.4899 0.5101
3014 0.4914 0.5086
3015 0.446 0.554
3016 0.4661 0.5339
3017 0.5212 0.4788
3018 0.5051 0.4949
3019 0.5091 0.4909
3020 0.4785 0.5215
3021 0.488 0.512
3022 0.4675 0.5325
3023 0.4419 0.5581
3024 0.4695 0.5305
3025 0.4803 0.5197
3026 0.4753 0.5247
3027 0.5038 0.4962
3028 0.4656 0.5344
3029 0.4453 0.5547
3030 0.4684 0.5316
3031 0.496 0.504
3032 0.5019 0.4981
3033 0.483 0.517
3034 0.5088 0.4912
3035 0.4764 0.5236
3036 0.4961 0.5039
3037 0.5375 0.4625
3038 0.4701 0.5299
3039 0.4854 0.5146
3040 0.5385 0.4615
3041 0.525 0.475
3042 0.493 0.507
3043 0.4649 0.5351
3044 0.4354 0.5646
3045 0.5333 0.4667
3046 0.4568 0.5432
3047 0.4964 0.5036
3048 0.4402 0.5598
3049 0.4685 0.5315
3050 0.4855 0.5145
3051 0.5353 0.4647
3052 0.5397 0.4603
3053 0.5056 0.4944
3054 0.4762 0.5238
3055 0.5407 0.4593
3056 0.4816 0.5184
3057 0.4557 0.5443
3058 0.4419 0.5581
3059 0.5211 0.4789
3060 0.4955 0.5045
3061 0.4709 0.5291
3062 0.5133 0.4867
3063 0.4065 0.5935
3064 0.4709 0.5291
3065 0.4783 0.5217
3066 0.5449 0.4551
3067 0.5795 0.4205
3068 0.478 0.522
3069 0.5625 0.4375
3070 0.5047 0.4953
3071 0.4404 0.5596
3072 0.4253 0.5747
3073 0.5222 0.4778
3074 0.5301 0.4699
3075 0.5347 0.4653
3076 0.5112 0.4888
3077 0.4528 0.5472
3078 0.486 0.514
3079 0.4718 0.5282
3080 0.5 0.5
3081 0.5345 0.4655
3082 0.5196 0.4804
3083 0.5494 0.4506
3084 0.5348 0.4652
3085 0.5 0.5
3086 0.4674 0.5326
3087 0.5029 0.4971
3088 0.5348 0.4652
3089 0.5102 0.4898
3090 0.4423 0.5577
3091 0.4802 0.5198
3092 0.5455 0.4545
3093 0.486 0.514
3094 0.507 0.493
3095 0.5349 0.4651
3096 0.4712 0.5288
3097 0.4798 0.5202
3098 0.4415 0.5585
3099 0.4686 0.5314
3100 0.4688 0.5312
3101 0.5556 0.4444
3102 0.5 0.5
3103 0.488 0.512
3104 0.5684 0.4316
3105 0.51 0.49
3106 0.4583 0.5417
3107 0.4417 0.5583
3108 0.467 0.533
3109 0.4087 0.5913
3110 0.4712 0.5288
3111 0.4894 0.5106
3112 0.5288 0.4712
3113 0.5721 0.4279
3114 0.4841 0.5159
3115 0.4891 0.5109
3116 0.5146 0.4854
3117 0.4709 0.5291
3118 0.5148 0.4852
3119 0.4795 0.5205
3120 0.5909 0.4091
3121 0.497 0.503
3122 0.5223 0.4777
3123 0.5029 0.4971
3124 0.5083 0.4917
3125 0.4615 0.5385
3126 0.4412 0.5588
3127 0.5486 0.4514
3128 0.545 0.455
3129 0.4978 0.5022
3130 0.4826 0.5174
3131 0.4926 0.5074
3132 0.5185 0.4815
3133 0.5024 0.4976
3134 0.4928 0.5072
3135 0.4718 0.5282
3136 0.5363 0.4637
3137 0.4904 0.5096
3138 0.5123 0.4877
3139 0.5816 0.4184
3140 0.5023 0.4977
3141 0.5677 0.4323
3142 0.5163 0.4837
3143 0.4895 0.5105
3144 0.4305 0.5695
3145 0.4833 0.5167
3146 0.4732 0.5268
3147 0.5134 0.4866
3148 0.4787 0.5213
3149 0.4722 0.5278
3150 0.478 0.522
3151 0.5217 0.4783
3152 0.5222 0.4778
3153 0.5351 0.4649
3154 0.5167 0.4833
3155 0.4698 0.5302
3156 0.5131 0.4869
3157 0.5153 0.4847
3158 0.4977 0.5023
3159 0.5336 0.4664
3160 0.4867 0.5133
3161 0.5048 0.4952
3162 0.4833 0.5167
3163 0.4104 0.5896
3164 0.506 0.494
3165 0.4686 0.5314
3166 0.4865 0.5135
3167 0.5246 0.4754
3168 0.4526 0.5474
3169 0.497 0.503
3170 0.5319 0.4681
3171 0.4573 0.5427
3172 0.4457 0.5543
3173 0.477 0.523
3174 0.497 0.503
3175 0.506 0.494
3176 0.4793 0.5207
3177 0.4974 0.5026
3178 0.4678 0.5322
3179 0.479 0.521
3180 0.4903 0.5097
3181 0.527 0.473
3182 0.5511 0.4489
3183 0.517 0.483
3184 0.5348 0.4652
3185 0.4474 0.5526
3186 0.5318 0.4682
3187 0.4765 0.5235
3188 0.5114 0.4886
3189 0.559 0.441
3190 0.43 0.57
3191 0.5193 0.4807
3192 0.4425 0.5575
3193 0.473 0.527
3194 0.5 0.5
3195 0.4887 0.5113
3196 0.4355 0.5645
3197 0.5612 0.4388
3198 0.5101 0.4899
3199 0.5 0.5
3200 0.4747 0.5253
3201 0.4964 0.5036
3202 0.5887 0.4113
3203 0.4968 0.5032
3204 0.4964 0.5036
3205 0.5441 0.4559
3206 0.4868 0.5132
3207 0.5163 0.4837
3208 0.3852 0.6148
3209 0.4074 0.5926
3210 0.4952 0.5048
3211 0.5 0.5
3212 0.4609 0.5391
3213 0.5238 0.4762
3214 0.5039 0.4961
3215 0.4215 0.5785
3216 0.5 0.5
3217 0.4674 0.5326
3218 0.5789 0.4211
3219 0.5567 0.4433
3220 0.5044 0.4956
3221 0.5476 0.4524
3222 0.4839 0.5161
3223 0.5182 0.4818
3224 0.5278 0.4722
3225 0.5575 0.4425
3226 0.5615 0.4385
3227 0.4758 0.5242
3228 0.5673 0.4327
3229 0.4632 0.5368
3230 0.4906 0.5094
3231 0.4639 0.5361
3232 0.4804 0.5196
3233 0.5812 0.4188
3234 0.5197 0.4803
3235 0.4252 0.5748
3236 0.4425 0.5575
3237 0.568 0.432
3238 0.4444 0.5556
3239 0.5104 0.4896
3240 0.5833 0.4167
3241 0.4889 0.5111
3242 0.52 0.48
3243 0.5496 0.4504
3244 0.4752 0.5248
3245 0.3985 0.6015
3246 0.5152 0.4848
3247 0.4828 0.5172
3248 0.5695 0.4305
3249 0.506 0.494
3250 0.406 0.594
3251 0.4316 0.5684
3252 0.4819 0.5181
3253 0.5385 0.4615
3254 0.62 0.38
3255 0.5431 0.4569
3256 0.4651 0.5349
3257 0.4245 0.5755
3258 0.5158 0.4842
3259 0.5431 0.4569
3260 0.5547 0.4453
3261 0.4932 0.5068
3262 0.4928 0.5072
3263 0.5214 0.4786
3264 0.4818 0.5182
3265 0.5571 0.4429
3266 0.4932 0.5068
3267 0.4828 0.5172
3268 0.528 0.472
3269 0.5545 0.4455
3270 0.5217 0.4783
3271 0.5575 0.4425
3272 0.4676 0.5324
3273 0.5156 0.4844
3274 0.4504 0.5496
3275 0.4706 0.5294
3276 0.5276 0.4724
3277 0.4724 0.5276
3278 0.5 0.5
3279 0.4385 0.5615
3280 0.595 0.405
3281 0.4748 0.5252
3282 0.5071 0.4929
3283 0.4789 0.5211
3284 0.4758 0.5242
3285 0.5079 0.4921
3286 0.4762 0.5238
3287 0.5344 0.4656
3288 0.4531 0.5469
3289 0.5038 0.4962
3290 0.5565 0.4435
3291 0.5231 0.4769
3292 0.4474 0.5526
3293 0.4245 0.5755
3294 0.4894 0.5106
3295 0.5366 0.4634
3296 0.4607 0.5393
3297 0.44 0.56
3298 0.4167 0.5833
3299 0.5 0.5
3300 0.5556 0.4444
3301 0.4747 0.5253
3302 0.4713 0.5287
3303 0.4024 0.5976
3304 0.5889 0.4111
3305 0.4583 0.5417
3306 0.5543 0.4457
3307 0.4301 0.5699
3308 0.4632 0.5368
3309 0.5755 0.4245
3310 0.4808 0.5192
3311 0.531 0.469
3312 0.5424 0.4576
3313 0.5282 0.4718
3314 0.5793 0.4207
3315 0.4545 0.5455
3316 0.5315 0.4685
3317 0.537 0.463
3318 0.5333 0.4667
3319 0.5333 0.4667
3320 0.4538 0.5462
3321 0.5109 0.4891
3322 0.4786 0.5214
3323 0.5481 0.4519
3324 0.5294 0.4706
3325 0.5069 0.4931
3326 0.5081 0.4919
3327 0.5161 0.4839
3328 0.5373 0.4627
3329 0.482 0.518
3330 0.4412 0.5588
3331 0.5111 0.4889
3332 0.4783 0.5217
3333 0.4571 0.5429
3334 0.4599 0.5401
3335 0.5118 0.4882
3336 0.4569 0.5431
3337 0.4386 0.5614
3338 0.3889 0.6111
3339 0.4737 0.5263
3340 0.48 0.52
3341 0.6264 0.3736
3342 0.5772 0.4228
3343 0.4153 0.5847
3344 0.5315 0.4685
3345 0.5701 0.4299
3346 0.5652 0.4348
3347 0.5203 0.4797
3348 0.5407 0.4593
3349 0.5407 0.4593
3350 0.395 0.605
3351 0.419 0.581
3352 0.5581 0.4419
3353 0.5102 0.4898
3354 0.5059 0.4941
3355 0.4783 0.5217
3356 0.5167 0.4833
3357 0.5424 0.4576
3358 0.6133 0.3867
3359 0.473 0.527
3360 0.4559 0.5441
3361 0.5441 0.4559
3362 0.6095 0.3905
3363 0.4914 0.5086
3364 0.5798 0.4202
3365 0.4911 0.5089
3366 0.5043 0.4957
3367 0.5 0.5
3368 0.5229 0.4771
3369 0.4833 0.5167
3370 0.5547 0.4453
3371 0.4586 0.5414
3372 0.475 0.525
3373 0.5041 0.4959
3374 0.4636 0.5364
3375 0.5333 0.4667
3376 0.4444 0.5556
3377 0.4945 0.5055
3378 0.5806 0.4194
3379 0.5152 0.4848
3380 0.5051 0.4949
3381 0.5243 0.4757
3382 0.4742 0.5258
3383 0.5 0.5
3384 0.4896 0.5104
3385 0.5315 0.4685
3386 0.5 0.5
3387 0.488 0.512
3388 0.4537 0.5463
3389 0.5 0.5
3390 0.5086 0.4914
3391 0.5323 0.4677
3392 0.4464 0.5536
3393 0.5258 0.4742
3394 0.5755 0.4245
3395 0.4803 0.5197
3396 0.5489 0.4511
3397 0.4553 0.5447
3398 0.4528 0.5472
3399 0.53 0.47
3400 0.4742 0.5258
3401 0.5638 0.4362
3402 0.4911 0.5089
3403 0.4128 0.5872
3404 0.5254 0.4746
3405 0.4926 0.5074
3406 0.3879 0.6121
3407 0.45 0.55
3408 0.5349 0.4651
3409 0.4512 0.5488
3410 0.4769 0.5231
3411 0.4776 0.5224
3412 0.52 0.48
3413 0.5275 0.4725
3414 0.4904 0.5096
3415 0.4466 0.5534
3416 0.4848 0.5152
3417 0.5333 0.4667
3418 0.4946 0.5054
3419 0.5392 0.4608
3420 0.5524 0.4476
3421 0.4545 0.5455
3422 0.4894 0.5106
3423 0.4731 0.5269
3424 0.5 0.5
3425 0.5556 0.4444
3426 0.5196 0.4804
3427 0.4886 0.5114
3428 0.5319 0.4681
3429 0.4048 0.5952
3430 0.4762 0.5238
3431 0.5432 0.4568
3432 0.4375 0.5625
3433 0.4615 0.5385
3434 0.5158 0.4842
3435 0.4717 0.5283
3436 0.451 0.549
3437 0.4947 0.5053
3438 0.4217 0.5783
3439 0.4688 0.5312
3440 0.5294 0.4706
3441 0.6104 0.3896
3442 0.4578 0.5422
3443 0.6044 0.3956
3444 0.4632 0.5368
3445 0.48 0.52
3446 0.4444 0.5556
3447 0.4118 0.5882
3448 0.5714 0.4286
3449 0.4634 0.5366
3450 0.5309 0.4691
3451 0.5352 0.4648
3452 0.5224 0.4776
3453 0.5068 0.4932
3454 0.5981 0.4019
3455 0.3761 0.6239
3456 0.5065 0.4935
3457 0.5278 0.4722
3458 0.4756 0.5244
3459 0.4835 0.5165
3460 0.4 0.6
3461 0.3488 0.6512
3462 0.5217 0.4783
3463 0.4667 0.5333
3464 0.381 0.619
3465 0.5227 0.4773
3466 0.5 0.5
3467 0.5556 0.4444
3468 0.4459 0.5541
3469 0.4714 0.5286
3470 0.5797 0.4203
3471 0.4394 0.5606
3472 0.5606 0.4394
3473 0.5132 0.4868
3474 0.507 0.493
3475 0.5256 0.4744
3476 0.5366 0.4634
3477 0.5326 0.4674
3478 0.5149 0.4851
3479 0.4535 0.5465
3480 0.4306 0.5694
3481 0.4737 0.5263
3482 0.5806 0.4194
3483 0.5072 0.4928
3484 0.5606 0.4394
3485 0.5417 0.4583
3486 0.4938 0.5062
3487 0.4535 0.5465
3488 0.4805 0.5195
3489 0.3906 0.6094
3490 0.4561 0.5439
3491 0.5902 0.4098
3492 0.4118 0.5882
3493 0.4737 0.5263
3494 0.6 0.4
3495 0.5063 0.4937
3496 0.4615 0.5385
3497 0.4643 0.5357
3498 0.4865 0.5135
3499 0.4918 0.5082
3500 0.4808 0.5192
3501 0.6034 0.3966
3502 0.4107 0.5893
3503 0.4848 0.5152
3504 0.4783 0.5217
3505 0.4419 0.5581
3506 0.4722 0.5278
3507 0.4118 0.5882
3508 0.5111 0.4889
3509 0.4898 0.5102
3510 0.5893 0.4107
3511 0.431 0.569
3512 0.5 0.5
3513 0.4386 0.5614
3514 0.5231 0.4769
3515 0.473 0.527
3516 0.519 0.481
3517 0.403 0.597
3518 0.4394 0.5606
3519 0.3265 0.6735
3520 0.58 0.42
3521 0.4576 0.5424
3522 0.4211 0.5789
3523 0.4464 0.5536
3524 0.4902 0.5098
3525 0.5161 0.4839
3526 0.4219 0.5781
3527 0.5 0.5
3528 0.5571 0.4429
3529 0.4857 0.5143
3530 0.4603 0.5397
3531 0.52 0.48
3532 0.5385 0.4615
3533 0.4203 0.5797
3534 0.5714 0.4286
3535 0.4154 0.5846
3536 0.4762 0.5238
3537 0.5094 0.4906
3538 0.5556 0.4444
3539 0.5278 0.4722
3540 0.5789 0.4211
3541 0.4211 0.5789
3542 0.5 0.5
3543 0.5476 0.4524
3544 0.5 0.5
3545 0.55 0.45
3546 0.5306 0.4694
3547 0.4565 0.5435
3548 0.5682 0.4318
3549 0.4773 0.5227
3550 0.4375 0.5625
3551 0.4444 0.5556
3552 0.5111 0.4889
3553 0.5128 0.4872
3554 0.4571 0.5429
3555 0.4062 0.5938
3556 0.4 0.6
3557 0.4074 0.5926
3558 0.5217 0.4783
3559 0.6071 0.3929
3560 0.6216 0.3784
3561 0.5714 0.4286
3562 0.5179 0.4821
3563 0.4386 0.5614
3564 0.5283 0.4717
3565 0.4655 0.5345
3566 0.4828 0.5172
3567 0.4419 0.5581
3568 0.5 0.5
3569 0.6286 0.3714
3570 0.5116 0.4884
3571 0.5217 0.4783
3572 0.5476 0.4524
3573 0.4524 0.5476
3574 0.6053 0.3947
3575 0.5429 0.4571
3576 0.5745 0.4255
3577 0.5098 0.4902
3578 0.4583 0.5417
3579 0.5167 0.4833
3580 0.4038 0.5962
3581 0.4 0.6
3582 0.5957 0.4043
3583 0.3878 0.6122
3584 0.5625 0.4375
3585 0.3778 0.6222
3586 0.5833 0.4167
3587 0.4146 0.5854
3588 0.3667 0.6333
3589 0.4828 0.5172
3590 0.5294 0.4706
3591 0.561 0.439
3592 0.5283 0.4717
3593 0.5 0.5
3594 0.5111 0.4889
3595 0.5536 0.4464
3596 0.5088 0.4912
3597 0.5091 0.4909
3598 0.3617 0.6383
3599 0.5263 0.4737
3600 0.449 0.551
3601 0.3421 0.6579
3602 0.5278 0.4722
3603 0.439 0.561
3604 0.3784 0.6216
3605 0.55 0.45
3606 0.4615 0.5385
3607 0.6182 0.3818
3608 0.4483 0.5517
3609 0.4259 0.5741
3610 0.5319 0.4681
3611 0.5424 0.4576
3612 0.4737 0.5263
3613 0.4839 0.5161
3614 0.4286 0.5714
3615 0.537 0.463
3616 0.4603 0.5397
3617 0.5789 0.4211
3618 0.5507 0.4493
3619 0.4667 0.5333
3620 0.3934 0.6066
3621 0.386 0.614
3622 0.4464 0.5536
3623 0.4773 0.5227
3624 0.3947 0.6053
3625 0.4595 0.5405
3626 0.5294 0.4706
3627 0.4194 0.5806
3628 0.4483 0.5517
3629 0.5333 0.4667
3630 0.4762 0.5238
3631 0.3548 0.6452
3632 0.44 0.56
3633 0.5455 0.4545
3634 0.4783 0.5217
3635 0.5161 0.4839
3636 0.5 0.5
3637 0.4483 0.5517
3638 0.5 0.5
3639 0.2632 0.7368
3640 0.5294 0.4706
3641 0.3571 0.6429
3642 0.5333 0.4667
3643 0.6364 0.3636
3644 0.4062 0.5938
3645 0.3043 0.6957
3646 0.5238 0.4762
3647 0.5455 0.4545
3648 0.5294 0.4706
3649 0.35 0.65
3650 0.4667 0.5333
3651 0.3333 0.6667
3652 0.6667 0.3333
3653 0.36 0.64
3654 0.5455 0.4545
3655 0.6667 0.3333
3656 0.6316 0.3684
3657 0.5 0.5
3658 0.6 0.4
3659 0.6 0.4
3660 0.4483 0.5517
3661 0.3684 0.6316
3662 0.6 0.4
3663 0.4706 0.5294
3664 0.7333 0.2667
3665 0.5294 0.4706
3666 0.5172 0.4828
3667 0.5135 0.4865
3668 0.5 0.5
3669 0.4412 0.5588
3670 0.425 0.575
3671 0.4062 0.5938
3672 0.5333 0.4667
3673 0.4118 0.5882
3674 0.5517 0.4483
3675 0.4667 0.5333
3676 0.4483 0.5517
3677 0.5909 0.4091
3678 0.5357 0.4643
3679 0.36 0.64
3680 0.5263 0.4737
3681 0.5652 0.4348
3682 0.5417 0.4583
3683 0.2667 0.7333
3684 0.5714 0.4286
3685 0.6667 0.3333
3686 0.6522 0.3478
3687 0.6 0.4
3688 0.4815 0.5185
3689 0.2857 0.7143
3690 0.5625 0.4375
3691 0.4 0.6
3692 0.4615 0.5385
3693 0.3846 0.6154
3694 0.4444 0.5556
3695 0.7143 0.2857
3696 0.5 0.5
3697 0.5 0.5
3698 0.3333 0.6667
3699 0.5 0.5
3700 0.7273 0.2727
3701 0.68 0.32
3702 0.4688 0.5312
3703 0.3846 0.6154
3704 0.5714 0.4286
3705 0.5882 0.4118
3706 0.4783 0.5217
3707 0.4706 0.5294
3708 0.4444 0.5556
3709 0.55 0.45
3710 0.25 0.75
3711 0.6923 0.3077
3712 0.6154 0.3846
3713 0.2727 0.7273
3714 0.5 0.5
3715 0.4 0.6
3716 0.5 0.5
3717 0.3846 0.6154
3718 0.5 0.5
3719 0.4 0.6
3720 0.5556 0.4444
3721 0.5455 0.4545
3722 0.6 0.4
3723 0.7 0.3
3724 0.7692 0.2308
3725 0.3636 0.6364
3726 0.5 0.5
3727 0.619 0.381
3728 0.4211 0.5789
3729 0.35 0.65
3730 0.1111 0.8889
3731 0.5833 0.4167
3732 0.6842 0.3158
3733 0.5909 0.4091
3734 0.7 0.3
3735 0.5484 0.4516
3736 0.3704 0.6296
3737 0.5833 0.4167
3738 0.4091 0.5909
3739 0.65 0.35
3740 0.6 0.4
3741 0.4615 0.5385
3742 0.4348 0.5652
3743 0.5833 0.4167
3744 0.6923 0.3077
3745 0.4706 0.5294
3746 0.5625 0.4375
3747 0.5 0.5
3748 0.6087 0.3913
3749 0.56 0.44
3750 0.5 0.5
3751 0.2105 0.7895
3752 0.5556 0.4444
3753 0.5588 0.4412
3754 0.4118 0.5882
3755 0.3846 0.6154
3756 0.4783 0.5217
3757 0.4286 0.5714
3758 0.4118 0.5882
3759 0.5 0.5
3760 0.5 0.5
3761 0.4167 0.5833
3762 0.6 0.4
3763 0.6154 0.3846
3764 0.5882 0.4118
3765 0.6 0.4
3766 0.6667 0.3333
3767 0.6 0.4
3768 0.7188 0.2812
3769 0.4762 0.5238
3770 0.3421 0.6579
3771 0.6176 0.3824
3772 0.5 0.5
3773 0.64 0.36
3774 0.6275 0.3725
3775 0.5556 0.4444
3776 0.4 0.6
3777 0.4615 0.5385
3778 0.3824 0.6176
3779 0.4828 0.5172
3780 0.5 0.5
3781 0.5 0.5
3782 0.5 0.5
3783 0.44 0.56
3784 0.3636 0.6364
3785 0.6154 0.3846
3786 0.3939 0.6061
3787 0.4444 0.5556
3788 0.5556 0.4444
3789 0.5806 0.4194
3790 0.5588 0.4412
3791 0.4545 0.5455
3792 0.4706 0.5294
3793 0.3667 0.6333
3794 0.4706 0.5294
3795 0.44 0.56
3796 0.5833 0.4167
3797 0.35 0.65
3798 0.6471 0.3529
3799 0.5357 0.4643
3800 0.5484 0.4516
3801 0.5128 0.4872
3802 0.4857 0.5143
3803 0.4516 0.5484
3804 0.3939 0.6061
3805 0.4545 0.5455
3806 0.3704 0.6296
3807 0.5 0.5
3808 0.4167 0.5833
3809 0.5 0.5
3810 0.4815 0.5185
3811 0.4643 0.5357
3812 0.5263 0.4737
3813 0.375 0.625
3814 0.5385 0.4615
3815 0.6 0.4
3816 0.4286 0.5714
3817 0.7273 0.2727
3818 0.4667 0.5333
3819 0.6364 0.3636
3820 0.3125 0.6875
3821 0.4545 0.5455
3822 0.6875 0.3125
3823 0.5263 0.4737
3824 0.4118 0.5882
3825 0.4118 0.5882
3826 0.5455 0.4545
3827 0.4583 0.5417
3828 0.5185 0.4815
3829 0.5714 0.4286
3830 0.4138 0.5862
3831 0.6087 0.3913
3832 0.4444 0.5556
3833 0.65 0.35
3834 0.6 0.4
3835 0.8 0.2
3836 0.4667 0.5333
3837 0.4 0.6
3838 0.5 0.5
3839 0.3846 0.6154
3840 0.6 0.4
3841 0.56 0.44
3842 0.5417 0.4583
3843 0.625 0.375
3844 0.4348 0.5652
3845 0.3636 0.6364
3846 0.5 0.5
3847 0.3684 0.6316
3848 0.4545 0.5455
3849 0.4167 0.5833
3850 0.4706 0.5294
3851 0.625 0.375
3852 0.3478 0.6522
3853 0.5556 0.4444
3854 0.4444 0.5556
3855 0.7222 0.2778
3856 0.5556 0.4444
3857 0.4167 0.5833
3858 0.7273 0.2727
3859 0.5556 0.4444
3860 0.4737 0.5263
3861 0.4118 0.5882
3862 0.5 0.5
3863 0.4167 0.5833
3864 0.7647 0.2353
3865 0.55 0.45
3866 0.4815 0.5185
3867 0.3846 0.6154
3868 0.4091 0.5909
3869 0.5 0.5
3870 0.4583 0.5417
3871 0.2632 0.7368
3872 0.4 0.6
3873 0.7857 0.2143
3874 0.5789 0.4211
3875 0.2857 0.7143
3876 0.2857 0.7143
3877 0.75 0.25
3878 0.6 0.4
3879 0.7 0.3
3880 0.5385 0.4615
3881 0.5 0.5
3882 0.7778 0.2222
3883 0.4615 0.5385
3884 0.2727 0.7273
3885 0.5385 0.4615
3886 0.5 0.5
3887 0.4667 0.5333
3888 0.5556 0.4444
3889 0.6364 0.3636
3890 0.4 0.6
3891 0.3889 0.6111
3892 0.3636 0.6364
3893 0.6154 0.3846
3894 0.625 0.375
3895 0.5556 0.4444
3896 0.5238 0.4762
3897 0.2941 0.7059
3898 0.5714 0.4286
3899 0.5 0.5
3900 0.7778 0.2222
3901 0.5556 0.4444
3902 0.4167 0.5833
3903 0.6 0.4
3904 0.1667 0.8333
3905 0.5714 0.4286
3906 0.4444 0.5556
3907 0.8182 0.1818
3908 0.5294 0.4706
3909 0.3846 0.6154
3910 0.5 0.5
3911 0.5 0.5
3912 0.75 0.25
3913 0.6087 0.3913
3914 0.4286 0.5714
3915 0.381 0.619
3916 0.3077 0.6923
3917 0.5 0.5
3918 0.4545 0.5455
3919 0.6429 0.3571
3920 0.5417 0.4583
3921 0.4091 0.5909
3922 0.381 0.619
3923 0.3846 0.6154
3924 0.4 0.6
3925 0.3333 0.6667
3926 0.3333 0.6667
3927 0.6667 0.3333
3928 0.5 0.5
3929 1.0 0.0
3930 0.5714 0.4286
3931 0.4 0.6
3932 0.5 0.5
3933 0.8889 0.1111
3934 0.5833 0.4167
3935 0.4118 0.5882
3936 0.2727 0.7273
3937 0.6154 0.3846
3938 0.5 0.5
3939 0.3529 0.6471
3940 0.7143 0.2857
3941 0.5556 0.4444
3942 0.7857 0.2143
3943 0.55 0.45
3944 0.5417 0.4583
3945 0.4286 0.5714
3946 0.3125 0.6875
3947 0.0 1.0
3948 0.4444 0.5556
3949 0.125 0.875
3950 0.5 0.5
3951 0.5 0.5
3952 0.6 0.4
3953 0.5294 0.4706
3954 0.5625 0.4375
3955 0.3333 0.6667
3956 0.25 0.75
3957 0.5455 0.4545
3958 0.5 0.5
3959 0.5455 0.4545
3960 0.6154 0.3846
3961 0.6154 0.3846
3962 0.5714 0.4286
3963 0.25 0.75
3964 0.7778 0.2222
3965 0.5455 0.4545
3966 0.6667 0.3333
3967 0.3 0.7
3968 0.4545 0.5455
3969 0.1667 0.8333
3970 0.5 0.5
3971 0.4286 0.5714
3972 0.6471 0.3529
3973 0.3889 0.6111
3974 0.6667 0.3333
3975 0.2857 0.7143
3976 0.4444 0.5556
3977 0.2222 0.7778
3978 0.5714 0.4286
3979 0.3333 0.6667
3980 0.5714 0.4286
3981 0.5833 0.4167
3982 0.5882 0.4118
3983 0.3333 0.6667
3984 0.6667 0.3333
3985 0.5 0.5
3986 0.4737 0.5263
3987 0.4737 0.5263
3988 0.4091 0.5909
3989 0.2143 0.7857
3990 0.5 0.5
3991 0.375 0.625
3992 0.7143 0.2857
3993 0.3333 0.6667
3994 0.4 0.6
3995 0.25 0.75
3996 1.0 0.0
3997 0.8 0.2
3998 0.25 0.75
3999 0.25 0.75
4000 0.6 0.4
4001 0.5714 0.4286
4002 0.3333 0.6667
4003 0.5 0.5
4004 0.0 1.0
4005 1.0 0.0
4006 1.0 0.0
4007 0.3333 0.6667
4008 0.5 0.5
4010 0.6667 0.3333
4011 1.0 0.0
4012 0.6667 0.3333
4013 0.3333 0.6667
4014 0.6 0.4
4015 0.6 0.4
4016 0.2857 0.7143
4017 0.875 0.125
4018 0.6429 0.3571
4019 0.5 0.5
4020 0.5455 0.4545
4021 0.375 0.625
4022 0.7 0.3
4023 0.5333 0.4667
4024 0.1818 0.8182
4025 0.6 0.4
4026 0.4286 0.5714
4027 0.6 0.4
4028 0.75 0.25
4029 0.4444 0.5556
4030 0.5 0.5
4031 0.5 0.5
4032 0.6667 0.3333
4033 0.6667 0.3333
4034 0.0 1.0
4035 1.0 0.0
4036 0.75 0.25
4037 0.5 0.5
4038 1.0 0.0
4039 0.5 0.5
4040 0.6667 0.3333
4041 0.3333 0.6667
4042 0.6667 0.3333
4043 1.0 0.0
4044 0.6 0.4
4045 0.5714 0.4286
4046 0.2857 0.7143
4047 0.5 0.5
4048 0.625 0.375
4049 0.4 0.6
4050 0.625 0.375
4051 0.25 0.75
4052 0.5714 0.4286
4053 0.5714 0.4286
4054 0.6667 0.3333
4055 0.3 0.7
4056 0.4167 0.5833
4057 0.5 0.5
4058 0.5 0.5
4059 0.2857 0.7143
4060 0.5 0.5
4061 0.5 0.5
4062 0.25 0.75
4063 0.8 0.2
4064 0.4286 0.5714
4065 0.6667 0.3333
4066 0.4 0.6
4067 0.5 0.5
4068 0.5 0.5
4069 0.2222 0.7778
4070 0.25 0.75
4071 0.0 1.0
4073 0.75 0.25
4074 0.5714 0.4286
4075 0.6 0.4
4076 0.6667 0.3333
4077 0.3333 0.6667
4078 0.4167 0.5833
4079 0.5 0.5
4080 0.2727 0.7273
4081 0.5556 0.4444
4082 0.6429 0.3571
4083 0.4286 0.5714
4084 0.2308 0.7692
4085 0.5 0.5
4086 0.5556 0.4444
4087 0.3571 0.6429
4088 0.2222 0.7778
4089 0.5 0.5
4090 0.3529 0.6471
4091 0.25 0.75
4092 0.5 0.5
4093 0.25 0.75
4094 0.75 0.25
4095 0.6364 0.3636
4096 0.4375 0.5625
4097 0.4 0.6
4098 0.2 0.8
4099 0.2 0.8
4100 0.6364 0.3636
4101 0.0 1.0
4102 0.4286 0.5714
4103 0.5833 0.4167
4104 0.5556 0.4444
4105 0.3529 0.6471
4106 0.4286 0.5714
4107 0.25 0.75
4108 0.5714 0.4286
4109 0.5 0.5
4110 0.3333 0.6667
4111 0.5333 0.4667
4112 0.5455 0.4545
4113 0.5 0.5
4114 0.7143 0.2857
4115 0.5417 0.4583
4116 0.4 0.6
4117 0.5333 0.4667
4118 0.3333 0.6667
4119 0.3333 0.6667
4120 0.625 0.375
4121 0.2 0.8
4122 0.1667 0.8333
4123 0.5 0.5
4124 0.7143 0.2857
4125 0.5 0.5
4126 0.3 0.7
4127 0.5714 0.4286
4128 0.5556 0.4444
4129 0.6429 0.3571
4130 0.6 0.4
4131 0.375 0.625
4132 0.8 0.2
4133 0.6667 0.3333
4134 0.375 0.625
4135 0.25 0.75
4136 0.6667 0.3333
4137 0.75 0.25
4138 0.8 0.2
4139 0.3333 0.6667
4140 0.0 1.0
4141 0.5714 0.4286
4142 0.4286 0.5714
4143 0.3333 0.6667
4144 0.8571 0.1429
4145 0.7 0.3
4146 0.6154 0.3846
4147 0.4375 0.5625
4148 0.5789 0.4211
4149 0.3333 0.6667
4150 0.25 0.75
4151 0.5333 0.4667
4152 0.5455 0.4545
4153 0.4762 0.5238
4154 0.5294 0.4706
4155 0.4706 0.5294
4156 0.5 0.5
4157 0.5 0.5
4158 0.5 0.5
4159 0.4286 0.5714
4160 0.75 0.25
4161 0.6111 0.3889
4162 0.5 0.5
4163 0.2 0.8
4164 0.5714 0.4286
4165 0.4286 0.5714
4166 0.4667 0.5333
4167 0.3125 0.6875
4168 0.5385 0.4615
4169 0.2 0.8
4170 0.1429 0.8571
4171 0.5714 0.4286
4172 0.7 0.3
4173 0.4545 0.5455
4174 0.5714 0.4286
4175 1.0 0.0
4176 0.6364 0.3636
4177 0.6667 0.3333
4178 0.6667 0.3333
4179 0.2727 0.7273
4180 0.0 1.0
4182 1.0 0.0
4183 1.0 0.0
4184 0.5 0.5
4185 0.0 1.0
4186 0.0 1.0
4188 1.0 0.0
4189 0.3333 0.6667
4190 0.6 0.4
4191 0.6667 0.3333
4192 0.5 0.5
4193 0.5 0.5
4194 0.375 0.625
4195 0.4444 0.5556
4196 0.3 0.7
4197 0.375 0.625
4198 0.5 0.5
4199 0.4 0.6
4200 0.5 0.5
4201 0.5 0.5
4202 0.0 1.0
4203 1.0 0.0
4204 0.5 0.5
4205 0.0 1.0
4206 0.5 0.5
4207 0.6667 0.3333
4208 1.0 0.0
4209 0.7333 0.2667
4210 0.2857 0.7143
4211 0.2857 0.7143
4212 0.3333 0.6667
4213 0.0 1.0
4215 0.0 1.0
4217 0.5 0.5
4218 0.6667 0.3333
4219 0.5714 0.4286
4220 0.6667 0.3333
4221 0.6923 0.3077
4222 0.4 0.6
4223 0.4667 0.5333
4224 0.375 0.625
4225 0.5 0.5
4226 0.5714 0.4286
4227 0.1667 0.8333
4228 0.6667 0.3333
4229 0.5556 0.4444
4230 0.375 0.625
4231 0.8571 0.1429
4232 0.3846 0.6154
4233 0.3333 0.6667
4234 0.2 0.8
4235 0.4286 0.5714
4236 0.6875 0.3125
4237 0.2778 0.7222
4238 0.2143 0.7857
4239 0.3 0.7
4240 0.4444 0.5556
4241 0.4167 0.5833
4242 0.8333 0.1667
4243 0.5 0.5
4244 0.25 0.75
4245 0.5 0.5
4246 0.5 0.5
4247 0.7273 0.2727
4248 0.0 1.0
4249 0.6 0.4
4250 0.5 0.5
4251 0.8 0.2
4252 0.4444 0.5556
4253 0.6 0.4
4254 0.3333 0.6667
4255 0.6667 0.3333
4256 0.4286 0.5714
4257 0.2857 0.7143
4258 0.25 0.75
4259 0.5 0.5
4260 0.6 0.4
4261 0.1667 0.8333
4262 0.3333 0.6667
4263 0.3333 0.6667
4264 0.0 1.0
4266 1.0 0.0
4267 0.3333 0.6667
4268 0.6667 0.3333
4269 0.3333 0.6667
4272 1.0 0.0
4273 0.3333 0.6667
4274 0.5 0.5
4275 0.0 1.0
4276 0.8 0.2
4277 0.2857 0.7143
4278 0.4 0.6
4279 0.6667 0.3333
4280 0.4286 0.5714
4281 0.75 0.25
4282 0.7778 0.2222
4283 0.625 0.375
4284 0.25 0.75
4285 0.0 1.0
4289 0.5 0.5
4290 0.0 1.0
4291 0.5 0.5
4292 0.25 0.75
4293 0.5 0.5
4294 0.25 0.75
4295 1.0 0.0
4296 0.0 1.0
4297 0.0 1.0
4298 1.0 0.0
4299 0.6 0.4
4300 0.5714 0.4286
4301 0.5 0.5
4302 0.4 0.6
4303 0.8 0.2
4304 0.7143 0.2857
4305 0.5 0.5
4306 0.75 0.25
4307 0.8333 0.1667
4308 0.4286 0.5714
4309 0.5 0.5
4310 0.6667 0.3333
4311 0.5 0.5
4312 0.5 0.5
4313 0.5 0.5
4314 0.6667 0.3333
4315 0.4 0.6
4316 0.4286 0.5714
4317 0.25 0.75
4318 1.0 0.0
4319 1.0 0.0
4320 0.8 0.2
4321 0.4286 0.5714
4322 0.7 0.3
4323 0.3571 0.6429
4324 0.4545 0.5455
4325 0.4 0.6
4326 0.4444 0.5556
4327 0.5 0.5
4328 0.7143 0.2857
4329 0.25 0.75
4330 0.5 0.5
4331 0.4 0.6
4332 0.0 1.0
4333 0.0 1.0
4334 1.0 0.0
4335 0.0 1.0
4339 1.0 0.0
4340 0.6667 0.3333
4341 0.3333 0.6667
4342 0.0 1.0
4345 1.0 0.0
4346 1.0 0.0
4347 0.5 0.5
4348 0.6667 0.3333
4349 0.4 0.6
4350 0.3333 0.6667
4351 0.5 0.5
4353 0.0 1.0
4357 1.0 0.0
4358 0.6667 0.3333
4359 0.6667 0.3333
4360 0.75 0.25
4361 0.6 0.4
4362 0.8 0.2
4363 0.6 0.4
4364 0.7143 0.2857
4365 0.6667 0.3333
4366 0.4444 0.5556
4367 0.625 0.375
4368 0.3077 0.6923
4369 0.6667 0.3333
4370 0.6667 0.3333
4371 0.6 0.4
4372 0.6667 0.3333
4373 1.0 0.0
4374 0.0 1.0
4383 1.0 0.0
4384 0.5 0.5
4385 0.6667 0.3333
4386 0.0 1.0
4387 1.0 0.0
4388 0.4 0.6
4389 0.2 0.8
4390 0.0 1.0
4397 0.0 1.0
4399 1.0 0.0
4400 0.5714 0.4286
4401 0.2 0.8
4402 0.5 0.5
4404 0.0 1.0
4405 0.0 1.0
4410 1.0 0.0
4411 0.3333 0.6667
4412 0.3333 0.6667
4413 0.0 1.0
4414 0.5 0.5
4415 0.0 1.0
4711 1.0 0.0
4712 0.75 0.25
4713 0.0 1.0
4739 1.0 0.0
4741 0.0 1.0
4746 1.0 0.0
4747 0.0 1.0
4748 0.5 0.5
4749 0.0 1.0
4752 1.0 0.0
4753 1.0 0.0
4755 0.0 1.0
4756 0.5 0.5
4757 0.0 1.0
4761 1.0 0.0
4762 1.0 0.0
4763 1.0 0.0
4766 1.0 0.0
4767 0.0 1.0
4768 0.0 1.0
4769 0.0 1.0
4770 0.0 1.0
4782 1.0 0.0
4783 0.0 1.0
4804 0.0 1.0
4805 0.0 1.0
4807 0.6667 0.3333
4808 0.6667 0.3333
4809 0.3333 0.6667
4810 0.0 1.0
4812 1.0 0.0
4813 0.0 1.0
4815 1.0 0.0
4816 0.0 1.0
4824 0.5 0.5
4825 0.0 1.0
4826 0.5 0.5
4827 0.0 1.0
4836 0.0 1.0
4851 1.0 0.0
4852 0.0 1.0
4870 1.0 0.0
4871 1.0 0.0
4872 0.5 0.5
4873 0.8 0.2
4874 0.25 0.75
4875 0.25 0.75
4876 0.0 1.0
4877 1.0 0.0
4881 1.0 0.0
4882 0.5 0.5
4883 0.5 0.5
4884 1.0 0.0
4885 0.5 0.5
4886 1.0 0.0
4887 0.0 1.0
4895 0.0 1.0
