1 0.513 0.487
2 0.529 0.471
3 0.5265 0.4735
4 0.5214 0.4786
5 0.517 0.483
6 0.5132 0.4868
7 0.5101 0.4899
8 0.5072 0.4928
9 0.5045 0.4955
10 0.5022 0.4978
11 0.5001 0.4999
12 0.4984 0.5016
13 0.4967 0.5033
14 0.495 0.505
15 0.4934 0.5066
16 0.4919 0.5081
17 0.4905 0.5095
18 0.4894 0.5106
19 0.4879 0.5121
20 0.4869 0.5131
21 0.4855 0.5145
22 0.4847 0.5153
23 0.4833 0.5167
24 0.4827 0.5173
25 0.4817 0.5183
26 0.4807 0.5193
27 0.4801 0.5199
28 0.4792 0.5208
29 0.4782 0.5218
30 0.478 0.522
31 0.4766 0.5234
32 0.4762 0.5238
33 0.4755 0.5245
34 0.4746 0.5254
35 0.4741 0.5259
36 0.4729 0.5271
37 0.4731 0.5269
38 0.4721 0.5279
39 0.4716 0.5284
40 0.4705 0.5295
41 0.4707 0.5293
42 0.47 0.53
43 0.4702 0.5298
44 0.4692 0.5308
45 0.469 0.531
46 0.4689 0.5311
47 0.4675 0.5325
48 0.4677 0.5323
49 0.4674 0.5326
50 0.4673 0.5327
51 0.4664 0.5336
52 0.4656 0.5344
53 0.4653 0.5347
54 0.4655 0.5345
55 0.4649 0.5351
56 0.4642 0.5358
57 0.4643 0.5357
58 0.4645 0.5355
59 0.4634 0.5366
60 0.4626 0.5374
61 0.4633 0.5367
62 0.4633 0.5367
63 0.462 0.538
64 0.4614 0.5386
65 0.4623 0.5377
66 0.4615 0.5385
67 0.4608 0.5392
68 0.4613 0.5387
69 0.4607 0.5393
70 0.4604 0.5396
71 0.4607 0.5393
72 0.4597 0.5403
73 0.4588 0.5412
74 0.4601 0.5399
75 0.4609 0.5391
76 0.4596 0.5404
77 0.4596 0.5404
78 0.4597 0.5403
79 0.4576 0.5424
80 0.4574 0.5426
81 0.4589 0.5411
82 0.4587 0.5413
83 0.4571 0.5429
84 0.4576 0.5424
85 0.4572 0.5428
86 0.4564 0.5436
87 0.4574 0.5426
88 0.4567 0.5433
89 0.4585 0.5415
90 0.4563 0.5437
91 0.4565 0.5435
92 0.4573 0.5427
93 0.4552 0.5448
94 0.4552 0.5448
95 0.4569 0.5431
96 0.4557 0.5443
97 0.4561 0.5439
98 0.4571 0.5429
99 0.4556 0.5444
100 0.4535 0.5465
101 0.456 0.544
102 0.4554 0.5446
103 0.4529 0.5471
104 0.454 0.546
105 0.4558 0.5442
106 0.4539 0.5461
107 0.4586 0.5414
108 0.4533 0.5467
109 0.4545 0.5455
110 0.4537 0.5463
111 0.4544 0.5456
112 0.4533 0.5467
113 0.4565 0.5435
114 0.4512 0.5488
115 0.4544 0.5456
116 0.4543 0.5457
117 0.4563 0.5437
118 0.451 0.549
119 0.4546 0.5454
120 0.4541 0.5459
121 0.4511 0.5489
122 0.4542 0.5458
123 0.4509 0.5491
124 0.4506 0.5494
125 0.454 0.546
126 0.4539 0.5461
127 0.4558 0.5442
128 0.4484 0.5516
129 0.4525 0.5475
130 0.4475 0.5525
131 0.4526 0.5474
132 0.4543 0.5457
133 0.4483 0.5517
134 0.4522 0.5478
135 0.4532 0.5468
136 0.4519 0.5481
137 0.4505 0.5495
138 0.4527 0.5473
139 0.4489 0.5511
140 0.4498 0.5502
141 0.4481 0.5519
142 0.4498 0.5502
143 0.4541 0.5459
144 0.4501 0.5499
145 0.4434 0.5566
146 0.4465 0.5535
147 0.4536 0.5464
148 0.4462 0.5538
149 0.4445 0.5555
150 0.4494 0.5506
151 0.4463 0.5537
152 0.4564 0.5436
153 0.4436 0.5564
154 0.4585 0.5415
155 0.4525 0.5475
156 0.4551 0.5449
157 0.4475 0.5525
158 0.4559 0.5441
159 0.4607 0.5393
160 0.4529 0.5471
161 0.4531 0.5469
162 0.4374 0.5626
163 0.4442 0.5558
164 0.4529 0.5471
165 0.4577 0.5423
166 0.4503 0.5497
167 0.4569 0.5431
168 0.4515 0.5485
169 0.444 0.556
170 0.4518 0.5482
171 0.4481 0.5519
172 0.4437 0.5563
173 0.462 0.538
174 0.4416 0.5584
175 0.4551 0.5449
176 0.4588 0.5412
177 0.4294 0.5706
178 0.449 0.551
179 0.4448 0.5552
180 0.4423 0.5577
181 0.4257 0.5743
182 0.474 0.526
183 0.4426 0.5574
184 0.433 0.567
185 0.458 0.542
186 0.4371 0.5629
187 0.4483 0.5517
188 0.4531 0.5469
189 0.4376 0.5624
190 0.4385 0.5615
191 0.4511 0.5489
192 0.4382 0.5618
193 0.4575 0.5425
194 0.475 0.525
195 0.4486 0.5514
196 0.4497 0.5503
197 0.4738 0.5262
198 0.433 0.567
199 0.4467 0.5533
200 0.4657 0.5343
201 0.4567 0.5433
202 0.4723 0.5277
203 0.4776 0.5224
204 0.4531 0.5469
205 0.4566 0.5434
206 0.4411 0.5589
207 0.4354 0.5646
208 0.426 0.574
209 0.4545 0.5455
210 0.4741 0.5259
211 0.4464 0.5536
212 0.4653 0.5347
213 0.3951 0.6049
214 0.4774 0.5226
215 0.4538 0.5462
216 0.459 0.541
217 0.4878 0.5122
218 0.436 0.564
219 0.375 0.625
220 0.4808 0.5192
221 0.4192 0.5808
222 0.4641 0.5359
223 0.4795 0.5205
224 0.5101 0.4899
225 0.4681 0.5319
226 0.4836 0.5164
227 0.448 0.552
228 0.4455 0.5545
229 0.5398 0.4602
230 0.4922 0.5078
231 0.4655 0.5345
232 0.3814 0.6186
233 0.4118 0.5882
234 0.4713 0.5287
235 0.5464 0.4536
236 0.3659 0.6341
237 0.4839 0.5161
238 0.4416 0.5584
239 0.3896 0.6104
240 0.4643 0.5357
241 0.4368 0.5632
242 0.4118 0.5882
243 0.3846 0.6154
244 0.4545 0.5455
245 0.3654 0.6346
246 0.4583 0.5417
247 0.56 0.44
248 0.4314 0.5686
249 0.4615 0.5385
250 0.4762 0.5238
251 0.4324 0.5676
252 0.3939 0.6061
253 0.3571 0.6429
254 0.4583 0.5417
255 0.5 0.5
256 0.3182 0.6818
257 0.4783 0.5217
258 0.5357 0.4643
259 0.1905 0.8095
260 0.4286 0.5714
261 0.5 0.5
262 0.25 0.75
263 0.4286 0.5714
264 0.4 0.6
265 0.4545 0.5455
266 0.5333 0.4667
267 0.5714 0.4286
268 0.4444 0.5556
269 0.6364 0.3636
270 0.3158 0.6842
271 0.4286 0.5714
272 0.4444 0.5556
273 0.3571 0.6429
274 0.3333 0.6667
275 0.2222 0.7778
276 0.0 1.0
277 0.8571 0.1429
278 0.6154 0.3846
279 0.3333 0.6667
280 0.3333 0.6667
281 0.3333 0.6667
282 0.5 0.5
283 0.625 0.375
284 0.6 0.4
285 0.375 0.625
286 0.5 0.5
287 0.5 0.5
288 0.75 0.25
289 0.0 1.0
290 0.5 0.5
291 0.6667 0.3333
292 0.0 1.0
293 0.0 1.0
294 0.6 0.4
295 0.3333 0.6667
296 0.5 0.5
297 0.0 1.0
299 0.0 1.0
300 1.0 0.0
301 0.6667 0.3333
302 0.0 1.0
303 0.5 0.5
304 0.0 1.0
305 0.0 1.0
306 0.5 0.5
307 0.0 1.0
322 1.0 0.0
323 1.0 0.0
324 0.0 1.0
328 1.0 0.0
329 1.0 0.0
330 0.0 1.0
331 0.0 1.0
332 0.0 1.0
