1 82342
2 35187
3 22376
4 15436
5 11192
6 8577
7 6773
8 5623
9 4602
10 3748
11 3073
12 2581
13 2272
14 2045
15 1754
16 1462
17 1337
18 1154
19 1062
20 961
21 882
22 776
23 653
24 602
25 531
26 522
27 414
28 424
29 360
30 353
31 344
32 306
33 256
34 242
35 219
36 215
37 202
38 164
39 180
40 155
41 147
42 133
43 114
44 123
45 112
46 94
47 85
48 71
49 79
50 66
51 51
52 55
53 75
54 49
55 60
56 44
57 39
58 32
59 47
60 26
61 41
62 28
63 20
64 29
65 26
66 21
67 16
68 20
69 14
70 17
71 20
72 8
73 14
74 16
75 15
76 5
77 11
78 3
79 8
80 9
81 13
82 10
83 6
84 9
85 4
86 9
87 7
88 3
89 2
90 2
91 1
92 0
93 7
94 5
95 3
96 0
97 3
98 1
99 2
100 2
101 1
102 3
103 0
104 1
105 0
106 6
107 0
108 2
109 5
110 0
111 1
112 2
113 0
114 0
115 0
116 1
117 1
118 0
119 1
120 0
121 0
122 0
123 0
124 0
125 0
126 0
127 0
128 1
129 0
130 0
131 0
132 0
133 0
134 0
135 0
136 0
137 0
138 1
139 1
140 1
141 1
142 0
143 0
144 0
145 0
146 0
147 2
148 0
149 0
150 0
151 0
152 0
153 0
154 0
155 0
156 0
157 1
158 0
159 0
160 0
161 0
162 0
163 0
164 0
165 0
166 1
