1 0.13593480259895582 1.3355551542011697 59148370
2 0.2521625884241677 1.6301809241387455 52059721
3 0.175741759798246 2.5883388519723174 49562136
4 0.191091088253626 3.2858890637827214 44908897
5 0.1887296970555728 4.091730234443046 40791805
6 0.19307922700800675 4.869054363440845 37056063
7 0.18145464741561715 5.7838492359427365 33852492
8 0.17774385048721017 6.633426313874074 31061851
9 0.1626131828456144 7.59569383537656 28591126
10 0.15408237058516008 8.498569951785113 26408602
11 0.13680866635185043 9.489825390154017 24450242
12 0.12466604745955336 10.427759833387693 22680618
13 0.10405061465943058 11.44363355680526 21083220
14 0.08831890044471652 12.404128988502835 19637903
15 0.06777679240341002 13.439150336922866 18306635
16 0.047487888720037286 14.411827845901303 17084693
17 0.024142042024913078 15.462570051983326 15953870
18 0.0023749105647162963 16.44083189760792 14921404
19 -0.023292064466358495 17.48828736528005 13975103
20 -0.04569076088604672 18.466510201776277 13091093
21 -0.07566944171502225 19.489422689485618 12273660
22 -0.09729249756456158 20.522753463660926 11516407
23 -0.12752493801352358 21.550541489971472 10807196
24 -0.1524425886524543 22.51269296424746 10148168
25 -0.18100065561707349 23.557088035766117 9534529
26 -0.2100886188558845 24.590367441114907 8960057
27 -0.23772545563172823 25.579764050418976 8420781
28 -0.26517035916377607 26.656239614513375 7923906
29 -0.2975492216097248 27.664159409854367 7452367
30 -0.3232391726630496 28.600590168182013 7016730
31 -0.35941898642573894 29.56289694651255 6613546
32 -0.3870265350562731 30.56085295383165 6227573
33 -0.4159849020609498 31.59000775765003 5866761
34 -0.4445765220100843 32.572621387602105 5529579
35 -0.47500430765027174 33.50437084247531 5211658
36 -0.5090254015768293 34.521944398088046 4912136
37 -0.5400162621517653 35.55533406124899 4626694
38 -0.5706715475687636 36.58525202707752 4368045
39 -0.6059019317084435 37.512339856492076 4122413
40 -0.6325922016399984 38.51281167190192 3884150
41 -0.661351036572434 39.55083260277635 3663661
42 -0.6914040076438684 40.42225713545633 3452702
43 -0.7239835222280067 41.54288753263587 3261606
44 -0.7519338005757291 42.48202156172426 3077489
45 -0.7855134410998643 43.516518083103534 2905231
46 -0.816682692903524 44.42964535232481 2743418
47 -0.8559253763475708 45.485033652584505 2591886
48 -0.8775958369371729 46.47995945252577 2447621
49 -0.9042492645869534 47.472072168833094 2312306
50 -0.9372960220317957 48.74005253538145 2183753
51 -0.9690906495222287 49.503766188347676 2066365
52 -0.9998529357508578 50.316237818669556 1951528
53 -1.0319011388880894 51.47766936774618 1841533
54 -1.0637518333519014 52.57728369547022 1741346
55 -1.0929245870372677 53.41754195352231 1646335
56 -1.1257023266822397 54.32918024780765 1554832
57 -1.1507169360610292 55.64053657179054 1468541
58 -1.1800635793824232 56.383528115973654 1388815
59 -1.206999510486476 57.81898505887538 1313549
60 -1.2433456644585599 58.49336771007178 1241033
61 -1.2729498821247212 59.592545445479004 1173274
62 -1.2961120490124438 60.82476946449925 1111228
63 -1.3424462843926583 61.66805100700903 1049788
64 -1.3662677083501218 62.72382155841912 992752
65 -1.380412894528017 63.78798908521579 937576
66 -1.4218339116323122 65.51565679698004 887949
67 -1.4522230231685302 66.36778146266708 839285
68 -1.471558471687075 67.1191578947423 793136
69 -1.504917713895906 68.49536587567286 750552
70 -1.5358779722303186 69.4335299843123 710199
71 -1.5517021067461747 70.55330697740483 671462
72 -1.590461114392597 71.62143009648949 634875
73 -1.6419813290135106 72.99020804180309 598790
74 -1.6328013148347895 73.8375744261978 566459
75 -1.6697001514574292 74.49790250252168 538105
76 -1.690211213826761 76.21996431052787 509389
77 -1.7368075550403637 77.18281647197041 481374
78 -1.7791548739551108 78.79629862537014 455790
79 -1.809924089421269 79.64805760502756 430770
80 -1.8096856059768522 81.71121125466969 407037
81 -1.8443836043026378 82.12286212930131 385345
82 -1.857859431043452 83.3128793212584 365230
83 -1.9042731128123813 84.76768137322965 344971
84 -1.9283531065297579 86.08146473040166 325862
85 -1.9693336653740794 87.2970456625509 309199
86 -1.9817795302588719 87.62777704928442 291650
87 -1.990766369534105 88.4981239533573 275298
88 -2.040274207369323 91.42634283618861 260241
89 -2.0612018135072225 91.95455016030621 246594
90 -2.094292401257346 93.09954648577387 234144
91 -2.1034496764236006 95.35813464328677 221586
92 -2.138658714367797 95.65222858525591 210589
93 -2.1721473422787074 95.61414567673832 198911
94 -2.1656786155221592 97.04363174072411 187912
95 -2.2020599988743177 99.98052595283623 177670
96 -2.2519404087516457 101.78495672672162 167877
97 -2.247696772313112 104.65872335781282 157822
98 -2.286593730134832 104.4313639836617 149445
99 -2.3112576236729163 105.271765630942 141664
100 -2.397698726000359 107.35500188160077 133752
101 -2.375857489725839 108.5792818267296 127261
102 -2.372934677599148 110.03982763412714 121107
103 -2.415188745972284 109.1345717365263 114519
104 -2.441172383766709 111.63213092257698 107951
105 -2.441976107809098 112.65244738670627 101958
106 -2.496271389229833 115.85059670260027 96953
107 -2.4682399192015727 115.21420670544092 92081
108 -2.5676286389392304 117.12280931321618 87182
109 -2.5920270596762505 118.96400021574519 82780
110 -2.6050632265959615 119.8992462380991 78448
111 -2.6591854594412654 124.32754790602888 74275
112 -2.6223891639633488 121.99860862232639 70284
113 -2.672707056136555 126.92187920869046 66552
114 -2.639679842462164 124.68696812631015 62969
115 -2.756556442417332 129.00569599622736 59636
116 -2.751742113942231 128.5035931226361 56397
117 -2.734256622177547 131.58124844173057 53721
118 -2.7903213135360203 133.13967064072807 50916
119 -2.763488759367194 132.69730972697607 48040
120 -2.8135087064403503 134.2834177871324 45541
121 -2.8916716958358477 136.36691499476504 43082
122 -2.710352935413554 132.10004246526245 40829
123 -2.886172591964217 140.80388607586482 38901
124 -2.9669275504103485 142.56782300203406 36798
125 -2.8296191656816676 139.59140453971742 34687
126 -2.966781496062992 147.02670164910643 32512
127 -2.8784420819922625 144.27928394761108 30759
128 -3.1615647420567132 154.24595013101515 29270
129 -3.0230222608947863 152.19644626438733 27582
130 -3.0700999231360493 154.0492750860953 26020
131 -3.1530678585940675 158.86828091737814 24610
132 -2.937628600823045 151.34191742173343 23328
133 -3.0225655346365192 151.2876179923947 22202
134 -3.2625077799588262 160.20623688622044 20887
135 -3.3635491364508634 166.9420164512014 19802
136 -3.3036177763652734 167.40090380347868 18879
137 -3.339767275133734 168.58201587260245 18133
138 -3.1788753449862006 164.55511262659545 17392
139 -3.1863892501083657 159.17412646957544 16149
140 -3.373978424321674 172.8557596216332 15295
141 -3.360055191445326 177.65808016252828 14495
142 -3.2510669610007357 171.01849591825356 13590
143 -3.40319606637984 176.13291541515355 13016
144 -3.3279417711281845 176.51429002168018 12365
145 -3.492302458110062 180.12848119183968 11757
146 -3.479967219085777 184.13887204409025 10982
147 -3.384674773209805 176.2015717384661 10362
148 -3.3620532550369546 168.65599853801638 9877
149 -3.6002773629187113 182.93420517162969 9374
150 -3.5056435982214116 191.61286861724867 8771
151 -3.4245864026083805 175.80475234976797 8281
152 -3.479063255695558 188.9215738711419 7857
153 -3.690894461579724 201.9399908453723 7457
154 -3.449122807017544 188.13092028316404 7125
155 -3.5362125259720987 193.15400180226519 6738
156 -3.6358335959659627 200.60249156008155 6346
157 -3.6231003039513676 190.01904084404248 5922
158 -3.9081972968228893 211.8011211490676 5697
159 -3.5812986073431 197.49244099764863 5529
160 -4.089002267573696 220.62227511942044 5292
161 -4.125694996028594 224.95342237242136 5036
162 -3.7738273720282716 209.1606686024549 4669
163 -3.845249077490775 212.2336628530895 4336
164 -4.052450980392157 213.24332732602844 4080
165 -3.758559919436052 219.72997456262317 3972
166 -3.8369132856006365 215.68674136055276 3771
167 -3.7039800995024876 210.31618648053265 3618
168 -3.6586368977673325 209.01508110317437 3404
169 -4.133138020833333 224.4552560382419 3072
170 -4.011908931698774 232.0537986326873 2855
171 -4.187752108544188 236.86463913473608 2727
172 -4.249318270354499 235.35272158432926 2567
173 -4.1873469387755105 227.89755418575598 2450
174 -4.501871101871102 248.12525637423767 2405
175 -4.137573297248534 243.1272170249613 2217
176 -3.9361702127659575 237.12636054087037 2162
177 -3.9048101265822783 215.8116983816696 1975
178 -4.059942363112392 221.75663746065496 1735
179 -4.695368171021378 278.22845835613657 1684
180 -4.5296367112810705 259.82847156974213 1569
181 -4.422972972972973 247.34812089116144 1480
182 -3.6045081967213113 208.63388677998748 1464
183 -4.16597510373444 233.9613872580247 1446
184 -5.301339285714286 314.4248196348852 1344
185 -4.5227097767513476 268.1971363060707 1299
186 -4.047039740470398 234.4081684469203 1233
187 -3.768270944741533 216.55770984459252 1122
188 -4.158614402917046 273.06691075104146 1097
189 -5.788499025341131 358.51959482309843 1026
190 -4.746975806451613 257.17287391876954 992
191 -4.585106382978723 275.0299909461295 940
192 -5.004494382022472 283.78649665446284 890
193 -3.6195402298850574 231.77134231734706 870
194 -4.063403781979978 267.42312122850626 899
195 -4.569377990430622 327.2786795174103 836
196 -4.813422818791946 278.8229070762578 745
197 -3.6942148760330578 221.8789472485941 726
198 -5.3526093088857545 331.92080066682445 709
199 -2.9319526627218937 197.37998494450474 676
200 -4.009569377990431 261.78619231855197 627
201 -4.482173174872665 280.0799029173789 589
202 -4.258893280632411 271.7610375103501 506
203 -3.2918367346938777 223.85156601416077 490
204 -5.389795918367347 366.5358142440649 490
205 -5.643396226415095 402.572833748665 530
206 -4.493013972055889 312.8846817343357 501
207 -4.061224489795919 265.82618353463835 441
208 -5.364795918367347 332.7623321012078 392
209 -5.847507331378299 405.7831975989199 341
210 -4.436781609195402 327.9414057339147 348
211 -4.333333333333333 297.3642512077295 345
212 -4.475247524752476 253.0348658628239 303
213 -5.895104895104895 362.61137463934665 286
214 -2.888888888888889 153.1522633744856 243
215 -5.753846153846154 517.0317159763314 260
216 -5.155737704918033 324.59049986562746 244
217 -2.6219512195121952 157.0725262740432 246
218 -6.815165876777251 526.0653624132431 211
219 -7.7976190476190474 508.98285147392284 168
220 -5.006410256410256 271.0576512163051 156
221 -3.029940119760479 157.8613790383305 167
222 -7.326797385620915 510.2330727497971 153
223 -2.493150684931507 297.5787202101708 146
224 -4.040268456375839 261.46146569974326 149
225 -3.3404255319148937 242.93375584729137 141
226 -2.8852459016393444 216.7573233001881 122
227 -7.16 494.02239999999995 125
228 -4.672727272727273 320.83834710743815 110
229 -3.256637168141593 221.50050904534416 113
230 -3.34375 277.4912109375 128
231 -5.655172413793103 417.0535077288942 116
232 -5.865979381443299 372.56966733978106 97
233 -7.847058823529411 583.6354325259517 85
234 -3.7586206896551726 220.89575901704322 87
235 -3.4123711340206184 303.5825273674142 97
236 -6.878048780487805 399.13146936347414 82
237 -4.67741935483871 490.41207075962535 62
238 -8.675324675324676 650.1932872322482 77
239 -7.753246753246753 515.3027491988531 77
240 -3.9761904761904763 307.9280045351473 84
241 -5.64367816091954 541.9305060113621 87
242 -4.529411764705882 323.84913494809683 85
243 -7.230769230769231 308.36213017751476 65
244 -3.590909090909091 240.27203856749307 66
245 -0.8461538461538461 43.01479289940827 52
246 -3.7083333333333335 279.12326388888886 48
247 -4.38 427.15560000000005 50
248 -1.6666666666666667 154.2222222222222 51
249 -8.717948717948717 525.5871137409597 39
250 -5.738095238095238 385.90759637188205 42
251 -2.5405405405405403 322.57268078889695 37
252 -3.0 238.24242424242425 33
253 -3.75 304.4017857142857 28
254 -0.4583333333333333 32.74826388888889 24
255 -2.5454545454545454 106.06611570247937 22
256 -13.818181818181818 1246.8760330578514 22
257 -7.086956521739131 611.8185255198488 23
258 -5.821428571428571 675.7895408163262 28
259 -4.761904761904762 182.27664399092976 21
260 -10.428571428571429 1133.530612244898 14
261 -9.3 1437.41 10
262 -18.875 1074.109375 8
263 -2.2857142857142856 26.204081632653065 7
264 0.2 2.5599999999999996 5
265 -20.545454545454547 1438.9752066115705 11
266 -9.666666666666666 646.0888888888888 15
267 -1.7142857142857142 185.48979591836732 14
268 -19.22222222222222 1025.0617283950617 9
269 -1.7272727272727273 123.10743801652892 11
270 -13.368421052631579 525.6011080332411 19
271 -8.0 369.0 14
272 -5.444444444444445 190.46913580246914 18
273 0.7857142857142857 16.596938775510207 14
274 -14.666666666666666 1128.888888888889 9
275 -1.2222222222222223 2.3950617283950617 9
276 -2.75 3.1875 4
277 0.5714285714285714 1.1020408163265303 7
278 -5.076923076923077 1382.3786982248519 13
279 -4.833333333333333 233.13888888888889 12
280 -4.333333333333333 142.88888888888889 9
281 -20.0 800.6666666666666 3
282 -19.666666666666668 1935.2222222222224 6
283 -6.875 193.609375 8
284 -7.6 551.84 10
285 -5.375 361.234375 8
286 0.0 1.0 2
287 -8.0 81.0 2
288 3.0 9.5 4
289 -11.0 0.0 1
290 1.0 36.0 2
291 1.0 2.6666666666666665 3
292 -1.3333333333333333 0.2222222222222222 3
293 -1.0 0.0 1
294 0.0 1.6 5
295 -0.3333333333333333 0.888888888888889 3
296 -7.5 72.25 2
297 -65.0 4096.0 2
299 -51.0 0.0 1
300 1.0 0.0 1
301 0.6666666666666666 1.5555555555555554 3
302 -76.0 5625.0 2
303 0.0 1.0 2
304 -1.0 0.0 1
305 -17.0 0.0 1
306 0.0 1.0 2
307 -1.0 0.0 1
322 1.0 0.0 1
323 1.0 0.0 1
324 -118.0 0.0 1
328 1.0 0.0 1
329 1.0 0.0 1
330 -140.0 0.0 1
331 -3.0 0.0 1
332 -1.0 0.0 1
