-148 1
-147 0
-146 0
-145 0
-144 0
-143 0
-142 0
-141 1
-140 0
-139 0
-138 0
-137 0
-136 0
-135 1
-134 0
-133 0
-132 0
-131 0
-130 2
-129 0
-128 0
-127 0
-126 1
-125 1
-124 0
-123 1
-122 0
-121 3
-120 3
-119 1
-118 1
-117 2
-116 3
-115 1
-114 1
-113 3
-112 4
-111 6
-110 1
-109 6
-108 3
-107 3
-106 5
-105 3
-104 4
-103 8
-102 12
-101 9
-100 6
-99 12
-98 13
-97 12
-96 18
-95 10
-94 33
-93 17
-92 20
-91 29
-90 25
-89 23
-88 34
-87 42
-86 40
-85 47
-84 49
-83 58
-82 69
-81 93
-80 95
-79 99
-78 142
-77 132
-76 152
-75 182
-74 201
-73 222
-72 270
-71 309
-70 342
-69 359
-68 408
-67 474
-66 561
-65 622
-64 742
-63 840
-62 929
-61 1089
-60 1198
-59 1356
-58 1500
-57 1681
-56 2025
-55 2272
-54 2546
-53 2954
-52 3310
-51 3825
-50 4236
-49 4986
-48 5596
-47 6365
-46 7428
-45 8285
-44 9556
-43 11102
-42 12901
-41 14485
-40 16894
-39 19343
-38 22150
-37 25419
-36 29030
-35 33606
-34 39230
-33 45242
-32 51985
-31 61348
-30 70155
-29 81209
-28 95352
-27 110757
-26 129424
-25 151188
-24 177163
-23 208837
-22 245498
-21 291215
-20 344647
-19 410759
-18 490657
-17 586403
-16 706279
-15 854961
-14 1040653
-13 1277377
-12 1577796
-11 1971237
-10 2486916
-9 3183194
-8 4138567
-7 5518391
-6 7571706
-5 10860419
-4 16668993
-3 29005430
-2 61939659
-1 245550594
0 0
1 266953152
2 47218600
3 24816832
4 15446877
5 10364261
6 7313120
7 5370211
8 4050035
9 3115385
10 2438685
11 1934750
12 1554071
13 1256892
14 1027880
15 844539
16 697692
17 578230
18 483850
19 404988
20 339105
21 286748
22 243500
23 205469
24 175768
25 149042
26 128018
27 109430
28 94300
29 80823
30 69435
31 59698
32 51663
33 44341
34 38564
35 33284
36 29296
37 25268
38 21686
39 18980
40 16567
41 14458
42 12316
43 10899
44 9578
45 8413
46 7214
47 6377
48 5449
49 4844
50 4240
51 3675
52 3215
53 2836
54 2575
55 2215
56 2011
57 1692
58 1494
59 1301
60 1169
61 1048
62 866
63 794
64 699
65 606
66 533
67 437
68 432
69 376
70 344
71 279
72 232
73 220
74 197
75 193
76 165
77 164
78 142
79 99
80 96
81 85
82 81
83 59
84 58
85 53
86 38
87 38
88 44
89 26
90 22
91 28
92 26
93 24
94 16
95 11
96 11
97 11
98 10
99 10
100 10
101 3
102 6
103 7
104 6
105 4
106 6
107 0
108 7
109 3
110 5
111 1
112 2
113 1
114 2
115 3
116 3
117 0
118 2
119 0
120 2
121 1
122 1
123 1
124 1
125 0
126 0
127 0
128 1
129 1
130 0
131 0
132 0
133 0
134 0
135 0
136 0
137 0
138 0
139 0
140 0
141 0
142 0
143 0
144 0
145 0
146 0
147 0
148 0
149 0
150 1
