1 181778
2 50395
3 31703
4 21411
5 15644
6 11750
7 9588
8 7338
9 6153
10 5047
11 4355
12 3768
13 3348
14 2805
15 2552
16 2272
17 2006
18 1811
19 1607
20 1451
21 1359
22 1176
23 1040
24 938
25 887
26 837
27 680
28 686
29 617
30 576
31 580
32 496
33 448
34 445
35 391
36 384
37 372
38 337
39 306
40 285
41 313
42 266
43 229
44 198
45 205
46 200
47 190
48 153
49 161
50 152
51 139
52 157
53 142
54 116
55 86
56 113
57 77
58 91
59 73
60 83
61 67
62 65
63 68
64 69
65 56
66 63
67 49
68 46
69 34
70 37
71 40
72 43
73 33
74 35
75 37
76 42
77 35
78 32
79 32
80 24
81 17
82 27
83 24
84 23
85 14
86 19
87 26
88 16
89 9
90 17
91 14
92 15
93 17
94 14
95 11
96 17
97 12
98 11
99 10
100 8
101 14
102 9
103 4
104 5
105 7
106 2
107 5
108 8
109 9
110 5
111 8
112 6
113 4
114 6
115 3
116 4
117 2
118 6
119 7
120 4
121 6
122 3
123 4
124 7
125 3
126 4
127 0
128 2
129 1
130 0
131 0
132 1
133 3
134 2
135 0
136 2
137 2
138 4
139 1
140 2
141 1
142 2
143 0
144 0
145 0
146 1
147 0
148 4
149 1
150 1
151 0
152 0
153 0
154 0
155 0
156 0
157 0
158 0
159 0
160 1
161 2
162 2
163 0
164 1
165 0
166 0
167 0
168 0
169 0
170 0
171 0
172 0
173 0
174 0
175 0
176 0
177 0
178 0
179 0
180 0
181 0
182 0
183 1
184 0
185 0
186 0
187 0
188 0
189 0
190 0
191 0
192 0
193 0
194 0
195 1
196 0
197 1
198 0
199 0
200 1
201 0
202 0
203 0
204 0
205 0
206 0
207 0
208 0
209 0
210 0
211 0
212 0
213 0
214 0
215 0
216 0
217 0
218 0
219 0
220 0
221 0
222 0
223 0
224 0
225 0
226 0
227 0
228 0
229 0
230 1
231 1
