0 1.0 0.0
1 0.4329 0.5671
2 0.5115 0.4885
3 0.4997 0.5003
4 0.4954 0.5046
5 0.4921 0.5079
6 0.4904 0.5096
7 0.4886 0.5114
8 0.4871 0.5129
9 0.4856 0.5144
10 0.4843 0.5157
11 0.4829 0.5171
12 0.4817 0.5183
13 0.4805 0.5195
14 0.4794 0.5206
15 0.4782 0.5218
16 0.4772 0.5228
17 0.4762 0.5238
18 0.4753 0.5247
19 0.4743 0.5257
20 0.4733 0.5267
21 0.4725 0.5275
22 0.4716 0.5284
23 0.4707 0.5293
24 0.4701 0.5299
25 0.4689 0.5311
26 0.4684 0.5316
27 0.4676 0.5324
28 0.4668 0.5332
29 0.4661 0.5339
30 0.4655 0.5345
31 0.4646 0.5354
32 0.464 0.536
33 0.4634 0.5366
34 0.463 0.537
35 0.462 0.538
36 0.4617 0.5383
37 0.4609 0.5391
38 0.4604 0.5396
39 0.4597 0.5403
40 0.4593 0.5407
41 0.459 0.541
42 0.4588 0.5412
43 0.4579 0.5421
44 0.457 0.543
45 0.4568 0.5432
46 0.4563 0.5437
47 0.4558 0.5442
48 0.4556 0.5444
49 0.455 0.545
50 0.4543 0.5457
51 0.4545 0.5455
52 0.4541 0.5459
53 0.4531 0.5469
54 0.4531 0.5469
55 0.4525 0.5475
56 0.4518 0.5482
57 0.4519 0.5481
58 0.4517 0.5483
59 0.4515 0.5485
60 0.4508 0.5492
61 0.4512 0.5488
62 0.4501 0.5499
63 0.4499 0.5501
64 0.4495 0.5505
65 0.4488 0.5512
66 0.4479 0.5521
67 0.4489 0.5511
68 0.4488 0.5512
69 0.4478 0.5522
70 0.4473 0.5527
71 0.4472 0.5528
72 0.4472 0.5528
73 0.4465 0.5535
74 0.4464 0.5536
75 0.446 0.554
76 0.4461 0.5539
77 0.4458 0.5542
78 0.4453 0.5547
79 0.4451 0.5549
80 0.4449 0.5551
81 0.4451 0.5549
82 0.4443 0.5557
83 0.4439 0.5561
84 0.444 0.556
85 0.4436 0.5564
86 0.4428 0.5572
87 0.4432 0.5568
88 0.4434 0.5566
89 0.4436 0.5564
90 0.4429 0.5571
91 0.4428 0.5572
92 0.4423 0.5577
93 0.4422 0.5578
94 0.4418 0.5582
95 0.4421 0.5579
96 0.442 0.558
97 0.4418 0.5582
98 0.442 0.558
99 0.4408 0.5592
100 0.4415 0.5585
101 0.4402 0.5598
102 0.4406 0.5594
103 0.4409 0.5591
104 0.4397 0.5603
105 0.4394 0.5606
106 0.4394 0.5606
107 0.439 0.561
108 0.4404 0.5596
109 0.439 0.561
110 0.4385 0.5615
111 0.4381 0.5619
112 0.4391 0.5609
113 0.4391 0.5609
114 0.4385 0.5615
115 0.4387 0.5613
116 0.4378 0.5622
117 0.4382 0.5618
118 0.437 0.563
119 0.4382 0.5618
120 0.4387 0.5613
121 0.4382 0.5618
122 0.4376 0.5624
123 0.4379 0.5621
124 0.4364 0.5636
125 0.4372 0.5628
126 0.4387 0.5613
127 0.4361 0.5639
128 0.4357 0.5643
129 0.4371 0.5629
130 0.4363 0.5637
131 0.4368 0.5632
132 0.4362 0.5638
133 0.4374 0.5626
134 0.4361 0.5639
135 0.4361 0.5639
136 0.4368 0.5632
137 0.4365 0.5635
138 0.4358 0.5642
139 0.4361 0.5639
140 0.4396 0.5604
141 0.4353 0.5647
142 0.4351 0.5649
143 0.4349 0.5651
144 0.4352 0.5648
145 0.4371 0.5629
146 0.4388 0.5612
147 0.4349 0.5651
148 0.4361 0.5639
149 0.4384 0.5616
150 0.4335 0.5665
151 0.432 0.568
152 0.4348 0.5652
153 0.4353 0.5647
154 0.4352 0.5648
155 0.4347 0.5653
156 0.4328 0.5672
157 0.4333 0.5667
158 0.4312 0.5688
159 0.4355 0.5645
160 0.4344 0.5656
161 0.4318 0.5682
162 0.4345 0.5655
163 0.4337 0.5663
164 0.4365 0.5635
165 0.4316 0.5684
166 0.4342 0.5658
167 0.4382 0.5618
168 0.4303 0.5697
169 0.4322 0.5678
170 0.4326 0.5674
171 0.4346 0.5654
172 0.4349 0.5651
173 0.4315 0.5685
174 0.4329 0.5671
175 0.4344 0.5656
176 0.4308 0.5692
177 0.4386 0.5614
178 0.4356 0.5644
179 0.4329 0.5671
180 0.4308 0.5692
181 0.4341 0.5659
182 0.4295 0.5705
183 0.4305 0.5695
184 0.4348 0.5652
185 0.4274 0.5726
186 0.4344 0.5656
187 0.4272 0.5728
188 0.4325 0.5675
189 0.4337 0.5663
190 0.4326 0.5674
191 0.4289 0.5711
192 0.4242 0.5758
193 0.4314 0.5686
194 0.4284 0.5716
195 0.439 0.561
196 0.4277 0.5723
197 0.4284 0.5716
198 0.4367 0.5633
199 0.426 0.574
200 0.431 0.569
201 0.4366 0.5634
202 0.43 0.57
203 0.4334 0.5666
204 0.4263 0.5737
205 0.4329 0.5671
206 0.4336 0.5664
207 0.4384 0.5616
208 0.4263 0.5737
209 0.4277 0.5723
210 0.4338 0.5662
211 0.4363 0.5637
212 0.4366 0.5634
213 0.4333 0.5667
214 0.4276 0.5724
215 0.428 0.572
216 0.4284 0.5716
217 0.4348 0.5652
218 0.4344 0.5656
219 0.4343 0.5657
220 0.434 0.566
221 0.4327 0.5673
222 0.4364 0.5636
223 0.422 0.578
224 0.4279 0.5721
225 0.4195 0.5805
226 0.4351 0.5649
227 0.4348 0.5652
228 0.4341 0.5659
229 0.4431 0.5569
230 0.4194 0.5806
231 0.4322 0.5678
232 0.4318 0.5682
233 0.4308 0.5692
234 0.4258 0.5742
235 0.4393 0.5607
236 0.4361 0.5639
237 0.4454 0.5546
238 0.4302 0.5698
239 0.4138 0.5862
240 0.4182 0.5818
241 0.4408 0.5592
242 0.4263 0.5737
243 0.4229 0.5771
244 0.4339 0.5661
245 0.4226 0.5774
246 0.4327 0.5673
247 0.4404 0.5596
248 0.4255 0.5745
249 0.4251 0.5749
250 0.4295 0.5705
251 0.4345 0.5655
252 0.4269 0.5731
253 0.4333 0.5667
254 0.4321 0.5679
255 0.4342 0.5658
256 0.4133 0.5867
257 0.4173 0.5827
258 0.4256 0.5744
259 0.436 0.564
260 0.4354 0.5646
261 0.4327 0.5673
262 0.4257 0.5743
263 0.4157 0.5843
264 0.4504 0.5496
265 0.4453 0.5547
266 0.41 0.59
267 0.4236 0.5764
268 0.4223 0.5777
269 0.4527 0.5473
270 0.4389 0.5611
271 0.4441 0.5559
272 0.432 0.568
273 0.4215 0.5785
274 0.4203 0.5797
275 0.4433 0.5567
276 0.4115 0.5885
277 0.4168 0.5832
278 0.4411 0.5589
279 0.4352 0.5648
280 0.4357 0.5643
281 0.4167 0.5833
282 0.4494 0.5506
283 0.4219 0.5781
284 0.4132 0.5868
285 0.4471 0.5529
286 0.4055 0.5945
287 0.4195 0.5805
288 0.4152 0.5848
289 0.4382 0.5618
290 0.4662 0.5338
291 0.4332 0.5668
292 0.4257 0.5743
293 0.4664 0.5336
294 0.4375 0.5625
295 0.4125 0.5875
296 0.4012 0.5988
297 0.4236 0.5764
298 0.4087 0.5913
299 0.4101 0.5899
300 0.4171 0.5829
301 0.4617 0.5383
302 0.3968 0.6032
303 0.4311 0.5689
304 0.4818 0.5182
305 0.4959 0.5041
306 0.4439 0.5561
307 0.4548 0.5452
308 0.4053 0.5947
309 0.3734 0.6266
310 0.4028 0.5972
311 0.3866 0.6134
312 0.428 0.572
313 0.4206 0.5794
314 0.4706 0.5294
315 0.4292 0.5708
316 0.4383 0.5617
317 0.4424 0.5576
318 0.4145 0.5855
319 0.4258 0.5742
320 0.455 0.545
321 0.4181 0.5819
322 0.3918 0.6082
323 0.4161 0.5839
324 0.4653 0.5347
325 0.396 0.604
326 0.4246 0.5754
327 0.3955 0.6045
328 0.3718 0.6282
329 0.4365 0.5635
330 0.3662 0.6338
331 0.4021 0.5979
332 0.4792 0.5208
333 0.4646 0.5354
334 0.3671 0.6329
335 0.4595 0.5405
336 0.3896 0.6104
337 0.4348 0.5652
338 0.4583 0.5417
339 0.32 0.68
340 0.381 0.619
341 0.5 0.5
342 0.4605 0.5395
343 0.3797 0.6203
344 0.3944 0.6056
345 0.4462 0.5538
346 0.4355 0.5645
347 0.5192 0.4808
348 0.5091 0.4909
349 0.4426 0.5574
350 0.4483 0.5517
351 0.4068 0.5932
352 0.5 0.5
353 0.4098 0.5902
354 0.4688 0.5312
355 0.4328 0.5672
356 0.4062 0.5938
357 0.4839 0.5161
358 0.3462 0.6538
359 0.4783 0.5217
360 0.3077 0.6923
361 0.3902 0.6098
362 0.44 0.56
363 0.3953 0.6047
364 0.5143 0.4857
365 0.5 0.5
366 0.5 0.5
367 0.5227 0.4773
368 0.4524 0.5476
369 0.2727 0.7273
370 0.4643 0.5357
371 0.375 0.625
372 0.45 0.55
373 0.3684 0.6316
374 0.6552 0.3448
375 0.3939 0.6061
376 0.5172 0.4828
377 0.4091 0.5909
378 0.3182 0.6818
379 0.4167 0.5833
380 0.5333 0.4667
381 0.4737 0.5263
382 0.55 0.45
383 0.5263 0.4737
384 0.5714 0.4286
385 0.5263 0.4737
386 0.5263 0.4737
387 0.5 0.5
388 0.5625 0.4375
389 0.4375 0.5625
390 0.4167 0.5833
391 0.3333 0.6667
392 0.3333 0.6667
393 0.5833 0.4167
394 0.8333 0.1667
395 0.5 0.5
396 0.5556 0.4444
397 0.2727 0.7273
398 0.5556 0.4444
399 0.5 0.5
400 0.4167 0.5833
401 0.5385 0.4615
402 0.1538 0.8462
403 0.5455 0.4545
404 0.4 0.6
405 0.4545 0.5455
406 0.3 0.7
407 0.1667 0.8333
408 0.7143 0.2857
409 0.7 0.3
410 0.6923 0.3077
411 0.381 0.619
412 0.2222 0.7778
413 0.4 0.6
414 0.4 0.6
415 0.0 1.0
416 0.25 0.75
417 0.3333 0.6667
418 0.2 0.8
419 0.0 1.0
420 1.0 0.0
421 0.0 1.0
422 0.6667 0.3333
423 0.5 0.5
424 0.5 0.5
425 0.3333 0.6667
426 0.6667 0.3333
427 0.6667 0.3333
428 0.4444 0.5556
429 0.1429 0.8571
430 0.75 0.25
431 0.0 1.0
432 0.6667 0.3333
433 1.0 0.0
434 1.0 0.0
435 0.6 0.4
436 0.6667 0.3333
437 1.0 0.0
438 0.0 1.0
439 0.5 0.5
440 0.5 0.5
441 0.4 0.6
442 0.4 0.6
443 0.0 1.0
444 1.0 0.0
445 0.3333 0.6667
447 0.0 1.0
448 1.0 0.0
449 0.75 0.25
450 0.5 0.5
451 0.6 0.4
452 0.3333 0.6667
453 0.3333 0.6667
454 0.5 0.5
455 0.0 1.0
456 0.6667 0.3333
457 0.5833 0.4167
458 0.2222 0.7778
459 0.0 1.0
460 0.0 1.0
461 0.0 1.0
463 0.0 1.0
464 1.0 0.0
465 0.3333 0.6667
466 0.6 0.4
467 0.6 0.4
468 0.0 1.0
469 0.6667 0.3333
470 0.0 1.0
471 0.3333 0.6667
472 0.3333 0.6667
476 1.0 0.0
477 1.0 0.0
478 1.0 0.0
479 0.75 0.25
480 0.0 1.0
481 1.0 0.0
482 0.0 1.0
483 0.5 0.5
484 0.5 0.5
485 1.0 0.0
486 1.0 0.0
487 1.0 0.0
491 1.0 0.0
492 0.0 1.0
493 1.0 0.0
494 0.5 0.5
497 0.0 1.0
498 0.0 1.0
