0 1.0 0.0
1 0.4081 0.5919
2 0.434 0.566
3 0.4163 0.5837
4 0.4082 0.5918
5 0.4038 0.5962
6 0.4014 0.5986
7 0.4006 0.5994
8 0.4003 0.5997
9 0.4005 0.5995
10 0.4012 0.5988
11 0.402 0.598
12 0.4029 0.5971
13 0.4041 0.5959
14 0.4052 0.5948
15 0.4065 0.5935
16 0.4077 0.5923
17 0.4091 0.5909
18 0.4104 0.5896
19 0.4118 0.5882
20 0.4122 0.5878
21 0.4142 0.5858
22 0.415 0.585
23 0.4162 0.5838
24 0.418 0.582
25 0.4194 0.5806
26 0.4205 0.5795
27 0.4213 0.5787
28 0.4226 0.5774
29 0.423 0.577
30 0.4253 0.5747
31 0.4252 0.5748
32 0.4271 0.5729
33 0.427 0.573
34 0.4284 0.5716
35 0.4291 0.5709
36 0.4297 0.5703
37 0.4302 0.5698
38 0.4326 0.5674
39 0.4331 0.5669
40 0.4327 0.5673
41 0.4335 0.5665
42 0.4355 0.5645
43 0.4359 0.5641
44 0.4361 0.5639
45 0.4375 0.5625
46 0.4375 0.5625
47 0.4381 0.5619
48 0.4382 0.5618
49 0.4409 0.5591
50 0.4414 0.5586
51 0.4401 0.5599
52 0.4424 0.5576
53 0.4414 0.5586
54 0.4433 0.5567
55 0.4432 0.5568
56 0.4435 0.5565
57 0.4453 0.5547
58 0.4451 0.5549
59 0.4457 0.5543
60 0.4438 0.5562
61 0.4475 0.5525
62 0.4473 0.5527
63 0.4472 0.5528
64 0.4481 0.5519
65 0.4487 0.5513
66 0.4496 0.5504
67 0.4475 0.5525
68 0.4481 0.5519
69 0.45 0.55
70 0.4484 0.5516
71 0.45 0.55
72 0.4491 0.5509
73 0.4497 0.5503
74 0.4482 0.5518
75 0.4496 0.5504
76 0.4515 0.5485
77 0.4553 0.5447
78 0.4535 0.5465
79 0.4517 0.5483
80 0.4548 0.5452
81 0.4544 0.5456
82 0.456 0.544
83 0.4531 0.5469
84 0.4555 0.5445
85 0.458 0.542
86 0.4548 0.5452
87 0.456 0.544
88 0.4562 0.5438
89 0.4566 0.5434
90 0.454 0.546
91 0.4555 0.5445
92 0.4569 0.5431
93 0.4583 0.5417
94 0.4548 0.5452
95 0.4565 0.5435
96 0.4555 0.5445
97 0.4537 0.5463
98 0.4577 0.5423
99 0.4579 0.5421
100 0.4571 0.5429
101 0.4617 0.5383
102 0.4646 0.5354
103 0.4601 0.5399
104 0.4568 0.5432
105 0.4589 0.5411
106 0.4603 0.5397
107 0.4593 0.5407
108 0.4622 0.5378
109 0.4595 0.5405
110 0.4626 0.5374
111 0.4624 0.5376
112 0.4583 0.5417
113 0.4626 0.5374
114 0.4592 0.5408
115 0.4599 0.5401
116 0.4672 0.5328
117 0.4628 0.5372
118 0.4628 0.5372
119 0.4626 0.5374
120 0.4667 0.5333
121 0.4681 0.5319
122 0.4657 0.5343
123 0.4632 0.5368
124 0.4606 0.5394
125 0.4664 0.5336
126 0.4626 0.5374
127 0.4587 0.5413
128 0.4655 0.5345
129 0.4614 0.5386
130 0.4683 0.5317
131 0.4653 0.5347
132 0.4662 0.5338
133 0.4658 0.5342
134 0.4636 0.5364
135 0.4688 0.5312
136 0.4709 0.5291
137 0.4686 0.5314
138 0.4617 0.5383
139 0.4706 0.5294
140 0.4656 0.5344
141 0.4686 0.5314
142 0.465 0.535
143 0.4664 0.5336
144 0.4703 0.5297
145 0.4687 0.5313
146 0.4701 0.5299
147 0.4662 0.5338
148 0.4626 0.5374
149 0.4678 0.5322
150 0.466 0.534
151 0.4742 0.5258
152 0.4643 0.5357
153 0.4655 0.5345
154 0.4708 0.5292
155 0.463 0.537
156 0.4656 0.5344
157 0.4737 0.5263
158 0.4693 0.5307
159 0.475 0.525
160 0.4743 0.5257
161 0.4737 0.5263
162 0.4726 0.5274
163 0.4696 0.5304
164 0.4748 0.5252
165 0.4775 0.5225
166 0.467 0.533
167 0.4744 0.5256
168 0.4733 0.5267
169 0.4666 0.5334
170 0.4687 0.5313
171 0.4709 0.5291
172 0.4682 0.5318
173 0.4771 0.5229
174 0.4647 0.5353
175 0.4667 0.5333
176 0.4701 0.5299
177 0.4755 0.5245
178 0.4759 0.5241
179 0.4698 0.5302
180 0.4823 0.5177
181 0.4678 0.5322
182 0.4791 0.5209
183 0.4769 0.5231
184 0.4798 0.5202
185 0.4693 0.5307
186 0.4709 0.5291
187 0.4658 0.5342
188 0.4705 0.5295
189 0.468 0.532
190 0.4673 0.5327
191 0.4737 0.5263
192 0.4695 0.5305
193 0.4741 0.5259
194 0.4679 0.5321
195 0.4649 0.5351
196 0.4789 0.5211
197 0.4757 0.5243
198 0.4633 0.5367
199 0.4717 0.5283
200 0.4774 0.5226
201 0.4613 0.5387
202 0.4715 0.5285
203 0.4626 0.5374
204 0.4685 0.5315
205 0.4768 0.5232
206 0.4691 0.5309
207 0.4763 0.5237
208 0.4799 0.5201
209 0.4794 0.5206
210 0.4656 0.5344
211 0.4723 0.5277
212 0.4775 0.5225
213 0.4803 0.5197
214 0.4628 0.5372
215 0.4777 0.5223
216 0.4672 0.5328
217 0.4843 0.5157
218 0.4684 0.5316
219 0.4795 0.5205
220 0.4721 0.5279
221 0.4634 0.5366
222 0.4712 0.5288
223 0.4565 0.5435
224 0.4623 0.5377
225 0.4687 0.5313
226 0.4827 0.5173
227 0.4707 0.5293
228 0.4765 0.5235
229 0.4792 0.5208
230 0.4837 0.5163
231 0.4761 0.5239
232 0.4629 0.5371
233 0.4792 0.5208
234 0.4715 0.5285
235 0.4781 0.5219
236 0.47 0.53
237 0.4808 0.5192
238 0.4686 0.5314
239 0.4741 0.5259
240 0.4668 0.5332
241 0.4611 0.5389
242 0.48 0.52
243 0.4789 0.5211
244 0.4753 0.5247
245 0.4798 0.5202
246 0.4738 0.5262
247 0.4564 0.5436
248 0.4735 0.5265
249 0.4703 0.5297
250 0.4725 0.5275
251 0.4703 0.5297
252 0.4836 0.5164
253 0.4662 0.5338
254 0.4539 0.5461
255 0.4967 0.5033
256 0.4704 0.5296
257 0.4741 0.5259
258 0.4735 0.5265
259 0.4609 0.5391
260 0.4714 0.5286
261 0.4811 0.5189
262 0.4738 0.5262
263 0.4766 0.5234
264 0.4779 0.5221
265 0.4628 0.5372
266 0.4882 0.5118
267 0.4645 0.5355
268 0.4696 0.5304
269 0.4941 0.5059
270 0.4981 0.5019
271 0.4843 0.5157
272 0.465 0.535
273 0.4655 0.5345
274 0.4851 0.5149
275 0.4674 0.5326
276 0.4735 0.5265
277 0.4911 0.5089
278 0.475 0.525
279 0.4758 0.5242
280 0.458 0.542
281 0.4749 0.5251
282 0.4816 0.5184
283 0.4729 0.5271
284 0.4909 0.5091
285 0.4994 0.5006
286 0.496 0.504
287 0.4537 0.5463
288 0.4818 0.5182
289 0.4864 0.5136
290 0.4748 0.5252
291 0.4926 0.5074
292 0.4699 0.5301
293 0.4805 0.5195
294 0.4847 0.5153
295 0.4811 0.5189
296 0.4918 0.5082
297 0.4716 0.5284
298 0.4848 0.5152
299 0.4937 0.5063
300 0.4958 0.5042
301 0.4909 0.5091
302 0.4868 0.5132
303 0.4851 0.5149
304 0.4643 0.5357
305 0.4853 0.5147
306 0.4972 0.5028
307 0.4664 0.5336
308 0.4945 0.5055
309 0.4729 0.5271
310 0.4948 0.5052
311 0.4937 0.5063
312 0.4863 0.5137
313 0.4663 0.5337
314 0.504 0.496
315 0.4977 0.5023
316 0.4833 0.5167
317 0.4796 0.5204
318 0.4995 0.5005
319 0.4661 0.5339
320 0.4777 0.5223
321 0.4701 0.5299
322 0.4802 0.5198
323 0.4829 0.5171
324 0.4693 0.5307
325 0.4792 0.5208
326 0.4889 0.5111
327 0.4689 0.5311
328 0.5033 0.4967
329 0.4565 0.5435
330 0.4716 0.5284
331 0.4748 0.5252
332 0.483 0.517
333 0.48 0.52
334 0.4723 0.5277
335 0.4912 0.5088
336 0.4554 0.5446
337 0.4703 0.5297
338 0.5149 0.4851
339 0.4988 0.5012
340 0.4833 0.5167
341 0.446 0.554
342 0.4777 0.5223
343 0.4741 0.5259
344 0.4736 0.5264
345 0.5032 0.4968
346 0.4624 0.5376
347 0.5019 0.4981
348 0.4993 0.5007
349 0.5124 0.4876
350 0.4949 0.5051
351 0.487 0.513
352 0.4813 0.5187
353 0.4627 0.5373
354 0.4807 0.5193
355 0.4693 0.5307
356 0.4803 0.5197
357 0.4992 0.5008
358 0.4943 0.5057
359 0.4814 0.5186
360 0.5133 0.4867
361 0.4775 0.5225
362 0.4501 0.5499
363 0.5446 0.4554
364 0.5104 0.4896
365 0.5039 0.4961
366 0.4734 0.5266
367 0.4951 0.5049
368 0.5198 0.4802
369 0.5085 0.4915
370 0.4715 0.5285
371 0.4622 0.5378
372 0.4871 0.5129
373 0.507 0.493
374 0.4236 0.5764
375 0.4957 0.5043
376 0.48 0.52
377 0.4621 0.5379
378 0.4963 0.5037
379 0.4658 0.5342
380 0.4789 0.5211
381 0.4848 0.5152
382 0.4881 0.5119
383 0.4945 0.5055
384 0.4657 0.5343
385 0.4467 0.5533
386 0.4753 0.5247
387 0.4611 0.5389
388 0.5205 0.4795
389 0.4455 0.5545
390 0.5064 0.4936
391 0.4635 0.5365
392 0.4841 0.5159
393 0.501 0.499
394 0.4746 0.5254
395 0.4563 0.5437
396 0.4517 0.5483
397 0.5 0.5
398 0.5034 0.4966
399 0.5024 0.4976
400 0.4717 0.5283
401 0.4574 0.5426
402 0.4133 0.5867
403 0.4942 0.5058
404 0.4744 0.5256
405 0.4856 0.5144
406 0.4943 0.5057
407 0.4534 0.5466
408 0.4887 0.5113
409 0.4824 0.5176
410 0.4518 0.5482
411 0.4515 0.5485
412 0.4661 0.5339
413 0.4436 0.5564
414 0.4351 0.5649
415 0.4808 0.5192
416 0.5339 0.4661
417 0.4824 0.5176
418 0.5098 0.4902
419 0.4974 0.5026
420 0.4802 0.5198
421 0.4587 0.5413
422 0.4457 0.5543
423 0.4907 0.5093
424 0.4891 0.5109
425 0.4317 0.5683
426 0.4969 0.5031
427 0.4887 0.5113
428 0.5036 0.4964
429 0.5169 0.4831
430 0.4553 0.5447
431 0.536 0.464
432 0.5171 0.4829
433 0.5205 0.4795
434 0.5036 0.4964
435 0.5294 0.4706
436 0.4984 0.5016
437 0.4725 0.5275
438 0.5215 0.4785
439 0.4909 0.5091
440 0.5181 0.4819
441 0.5106 0.4894
442 0.4203 0.5797
443 0.4545 0.5455
444 0.5131 0.4869
445 0.4902 0.5098
446 0.4625 0.5375
447 0.5019 0.4981
448 0.4981 0.5019
449 0.4502 0.5498
450 0.4627 0.5373
451 0.4457 0.5543
452 0.4776 0.5224
453 0.5156 0.4844
454 0.4956 0.5044
455 0.5277 0.4723
456 0.4566 0.5434
457 0.4952 0.5048
458 0.5219 0.4781
459 0.4762 0.5238
460 0.4455 0.5545
461 0.52 0.48
462 0.5271 0.4729
463 0.4739 0.5261
464 0.5581 0.4419
465 0.4978 0.5022
466 0.509 0.491
467 0.4253 0.5747
468 0.45 0.55
469 0.4725 0.5275
470 0.4645 0.5355
471 0.5214 0.4786
472 0.4781 0.5219
473 0.4251 0.5749
474 0.5336 0.4664
475 0.523 0.477
476 0.4815 0.5185
477 0.5146 0.4854
478 0.4518 0.5482
479 0.5106 0.4894
480 0.526 0.474
481 0.4624 0.5376
482 0.4633 0.5367
483 0.5385 0.4615
484 0.4802 0.5198
485 0.4432 0.5568
486 0.4749 0.5251
487 0.4787 0.5213
488 0.4451 0.5549
489 0.4901 0.5099
490 0.4872 0.5128
491 0.4145 0.5855
492 0.5302 0.4698
493 0.4444 0.5556
494 0.482 0.518
495 0.4744 0.5256
496 0.4577 0.5423
497 0.4932 0.5068
498 0.5519 0.4481
499 0.4545 0.5455
500 0.4405 0.5595
501 0.4315 0.5685
502 0.5294 0.4706
503 0.479 0.521
504 0.4306 0.5694
505 0.5455 0.4545
506 0.446 0.554
507 0.5 0.5
508 0.526 0.474
509 0.5065 0.4935
510 0.434 0.566
511 0.4397 0.5603
512 0.5226 0.4774
513 0.4719 0.5281
514 0.4295 0.5705
515 0.4938 0.5062
516 0.469 0.531
517 0.4859 0.5141
518 0.4774 0.5226
519 0.4783 0.5217
520 0.4361 0.5639
521 0.4351 0.5649
522 0.5285 0.4715
523 0.4758 0.5242
524 0.4898 0.5102
525 0.5034 0.4966
526 0.4478 0.5522
527 0.4275 0.5725
528 0.4274 0.5726
529 0.4638 0.5362
530 0.4797 0.5203
531 0.5081 0.4919
532 0.3545 0.6455
533 0.4804 0.5196
534 0.549 0.451
535 0.56 0.44
536 0.3704 0.6296
537 0.5294 0.4706
538 0.4513 0.5487
539 0.4867 0.5133
540 0.5378 0.4622
541 0.4257 0.5743
542 0.4651 0.5349
543 0.4444 0.5556
544 0.54 0.46
545 0.5962 0.4038
546 0.5426 0.4574
547 0.4754 0.5246
548 0.4215 0.5785
549 0.4216 0.5784
550 0.4815 0.5185
551 0.4554 0.5446
552 0.4316 0.5684
553 0.561 0.439
554 0.4839 0.5161
555 0.6226 0.3774
556 0.459 0.541
557 0.4712 0.5288
558 0.5185 0.4815
559 0.5093 0.4907
560 0.4476 0.5524
561 0.3871 0.6129
562 0.4902 0.5098
563 0.4574 0.5426
564 0.4653 0.5347
565 0.5149 0.4851
566 0.5104 0.4896
567 0.5052 0.4948
568 0.4632 0.5368
569 0.4725 0.5275
570 0.5955 0.4045
571 0.5464 0.4536
572 0.4946 0.5054
573 0.4747 0.5253
574 0.4731 0.5269
575 0.4302 0.5698
576 0.4889 0.5111
577 0.5091 0.4909
578 0.5094 0.4906
579 0.5326 0.4674
580 0.5098 0.4902
581 0.4239 0.5761
582 0.4211 0.5789
583 0.4805 0.5195
584 0.4 0.6
585 0.4828 0.5172
586 0.4848 0.5152
587 0.5 0.5
588 0.4545 0.5455
589 0.4828 0.5172
590 0.569 0.431
591 0.6049 0.3951
592 0.4483 0.5517
593 0.4805 0.5195
594 0.5402 0.4598
595 0.3974 0.6026
596 0.4725 0.5275
597 0.4217 0.5783
598 0.5057 0.4943
599 0.3924 0.6076
600 0.5658 0.4342
601 0.5926 0.4074
602 0.4 0.6
603 0.5 0.5
604 0.5065 0.4935
605 0.375 0.625
606 0.3973 0.6027
607 0.5352 0.4648
608 0.4881 0.5119
609 0.3857 0.6143
610 0.4 0.6
611 0.4416 0.5584
612 0.4603 0.5397
613 0.5667 0.4333
614 0.3585 0.6415
615 0.44 0.56
616 0.3846 0.6154
617 0.4667 0.5333
618 0.4407 0.5593
619 0.5 0.5
620 0.46 0.54
621 0.5455 0.4545
622 0.5625 0.4375
623 0.4792 0.5208
624 0.5082 0.4918
625 0.4655 0.5345
626 0.375 0.625
627 0.5862 0.4138
628 0.6842 0.3158
629 0.6731 0.3269
630 0.4688 0.5312
631 0.4865 0.5135
632 0.4848 0.5152
633 0.4915 0.5085
634 0.5208 0.4792
635 0.4043 0.5957
636 0.4651 0.5349
637 0.6316 0.3684
638 0.5122 0.4878
639 0.3529 0.6471
640 0.4 0.6
641 0.4444 0.5556
642 0.5357 0.4643
643 0.5 0.5
644 0.525 0.475
645 0.475 0.525
646 0.3667 0.6333
647 0.4286 0.5714
648 0.4286 0.5714
649 0.4242 0.5758
650 0.6042 0.3958
651 0.3673 0.6327
652 0.3871 0.6129
653 0.44 0.56
654 0.3793 0.6207
655 0.3462 0.6538
656 0.5312 0.4688
657 0.4286 0.5714
658 0.7308 0.2692
659 0.5918 0.4082
660 0.5091 0.4909
661 0.5167 0.4833
662 0.5686 0.4314
663 0.439 0.561
664 0.4468 0.5532
665 0.4375 0.5625
666 0.4286 0.5714
667 0.3214 0.6786
668 0.64 0.36
669 0.5938 0.4062
670 0.4242 0.5758
671 0.5862 0.4138
672 0.4286 0.5714
673 0.5714 0.4286
674 0.2963 0.7037
675 0.3939 0.6061
676 0.4815 0.5185
677 0.4286 0.5714
678 0.2963 0.7037
679 0.5 0.5
680 0.5 0.5
681 0.5625 0.4375
682 0.3333 0.6667
683 0.7143 0.2857
684 0.32 0.68
685 0.4762 0.5238
686 0.6471 0.3529
687 0.4737 0.5263
688 0.25 0.75
689 0.5556 0.4444
690 0.6429 0.3571
691 0.5 0.5
692 0.5556 0.4444
693 0.6 0.4
694 0.5238 0.4762
695 0.6296 0.3704
696 0.4583 0.5417
697 0.4 0.6
698 0.3333 0.6667
699 0.5882 0.4118
700 0.5263 0.4737
701 0.55 0.45
702 0.6667 0.3333
703 0.4722 0.5278
704 0.3571 0.6429
705 0.5714 0.4286
706 0.375 0.625
707 0.4545 0.5455
708 0.4783 0.5217
709 0.6522 0.3478
710 0.3043 0.6957
711 0.4667 0.5333
712 0.7143 0.2857
713 0.625 0.375
714 0.55 0.45
715 0.6364 0.3636
716 0.5667 0.4333
717 0.3514 0.6486
718 0.5676 0.4324
719 0.3714 0.6286
720 0.4583 0.5417
721 0.3158 0.6842
722 0.5789 0.4211
723 0.5385 0.4615
724 0.5417 0.4583
725 0.6087 0.3913
726 0.2941 0.7059
727 0.5625 0.4375
728 0.4615 0.5385
729 0.3636 0.6364
730 0.2727 0.7273
731 0.5833 0.4167
732 0.4667 0.5333
733 0.5 0.5
734 0.5 0.5
735 0.4348 0.5652
736 0.5217 0.4783
737 0.3333 0.6667
738 0.5455 0.4545
739 0.5333 0.4667
740 0.5 0.5
741 0.4286 0.5714
742 0.5217 0.4783
743 0.3913 0.6087
744 0.5556 0.4444
745 0.4667 0.5333
746 0.5 0.5
747 0.6111 0.3889
748 0.3636 0.6364
749 0.3636 0.6364
750 0.5625 0.4375
751 0.6538 0.3462
752 0.5 0.5
753 0.4375 0.5625
754 0.7222 0.2778
755 0.5625 0.4375
756 0.6 0.4
757 0.5 0.5
758 0.4375 0.5625
759 0.4 0.6
760 0.5652 0.4348
761 0.5 0.5
762 0.5714 0.4286
763 0.3125 0.6875
764 0.3529 0.6471
765 0.5 0.5
766 0.5556 0.4444
767 0.4483 0.5517
768 0.3478 0.6522
769 0.4444 0.5556
770 0.5238 0.4762
771 0.3333 0.6667
772 0.2 0.8
773 0.4286 0.5714
774 0.6364 0.3636
775 0.5909 0.4091
776 0.45 0.55
777 0.5714 0.4286
778 0.4706 0.5294
779 0.5 0.5
780 0.4375 0.5625
781 0.625 0.375
782 0.5 0.5
783 0.4737 0.5263
784 0.5789 0.4211
785 0.5 0.5
786 0.4118 0.5882
787 0.5714 0.4286
788 0.6429 0.3571
789 0.3333 0.6667
790 0.5 0.5
791 0.5714 0.4286
792 0.5385 0.4615
793 0.619 0.381
794 0.4706 0.5294
795 0.5 0.5
796 0.625 0.375
797 0.5 0.5
798 0.6522 0.3478
799 0.5185 0.4815
800 0.5 0.5
801 0.2778 0.7222
802 0.6667 0.3333
803 0.4167 0.5833
804 0.1111 0.8889
805 0.5714 0.4286
806 0.6667 0.3333
807 0.4167 0.5833
808 0.3636 0.6364
809 0.7 0.3
810 0.2857 0.7143
811 0.5 0.5
812 0.5 0.5
813 0.4545 0.5455
814 0.6154 0.3846
815 0.2143 0.7857
816 0.6 0.4
817 0.4615 0.5385
818 0.5 0.5
819 0.4167 0.5833
820 0.5333 0.4667
821 0.4 0.6
822 0.4444 0.5556
823 0.3333 0.6667
824 0.3333 0.6667
825 0.2857 0.7143
826 0.6667 0.3333
827 0.2 0.8
828 0.2857 0.7143
829 0.4286 0.5714
830 0.75 0.25
831 0.5556 0.4444
832 0.375 0.625
833 0.625 0.375
834 0.625 0.375
835 0.75 0.25
836 0.4 0.6
837 0.5 0.5
838 0.6667 0.3333
839 0.75 0.25
840 0.5 0.5
841 0.6667 0.3333
842 0.3333 0.6667
843 0.5714 0.4286
844 0.6667 0.3333
845 0.7143 0.2857
846 0.5 0.5
847 0.5 0.5
848 0.5714 0.4286
849 0.7143 0.2857
850 0.1667 0.8333
851 1.0 0.0
852 0.5 0.5
853 0.5 0.5
854 0.8 0.2
855 0.2 0.8
856 0.6667 0.3333
857 0.3 0.7
858 0.6667 0.3333
859 0.2857 0.7143
860 0.6667 0.3333
861 0.5 0.5
862 0.2857 0.7143
863 0.5 0.5
864 0.7778 0.2222
865 0.3 0.7
866 0.2 0.8
867 0.25 0.75
868 0.25 0.75
869 0.5714 0.4286
870 0.625 0.375
871 0.6667 0.3333
872 0.5 0.5
873 0.0 1.0
874 0.6667 0.3333
875 0.2 0.8
876 1.0 0.0
877 0.1667 0.8333
878 0.5 0.5
879 0.5714 0.4286
880 0.25 0.75
881 0.3333 0.6667
882 1.0 0.0
883 0.75 0.25
884 0.5 0.5
885 0.2857 0.7143
886 0.5 0.5
887 0.0 1.0
888 0.0 1.0
890 1.0 0.0
891 1.0 0.0
892 0.0 1.0
893 1.0 0.0
894 0.5 0.5
895 1.0 0.0
896 0.25 0.75
897 0.3333 0.6667
898 0.0 1.0
899 0.0 1.0
900 0.0 1.0
901 1.0 0.0
902 0.4 0.6
903 0.6667 0.3333
904 0.4 0.6
905 0.25 0.75
906 0.5556 0.4444
907 0.375 0.625
908 0.25 0.75
909 1.0 0.0
910 0.5 0.5
911 0.75 0.25
912 0.3333 0.6667
913 0.5 0.5
914 0.8 0.2
915 0.4444 0.5556
916 0.5 0.5
917 0.5 0.5
918 0.75 0.25
919 0.6667 0.3333
920 0.8 0.2
921 0.6 0.4
922 1.0 0.0
923 0.3333 0.6667
924 0.25 0.75
925 0.5 0.5
926 0.4 0.6
927 0.6 0.4
928 1.0 0.0
929 0.3333 0.6667
930 1.0 0.0
931 1.0 0.0
932 0.4444 0.5556
933 0.5714 0.4286
934 0.5 0.5
935 0.4286 0.5714
936 0.2 0.8
937 0.0 1.0
938 1.0 0.0
939 0.8 0.2
940 0.6 0.4
941 0.4286 0.5714
942 0.8571 0.1429
943 0.2 0.8
944 1.0 0.0
945 0.5 0.5
946 0.0 1.0
948 1.0 0.0
949 0.6 0.4
950 0.8 0.2
951 0.2 0.8
952 0.5 0.5
953 1.0 0.0
954 1.0 0.0
955 0.0 1.0
956 0.0 1.0
969 1.0 0.0
972 1.0 0.0
973 0.75 0.25
974 0.3333 0.6667
975 0.5 0.5
976 0.0 1.0
977 0.0 1.0
978 0.0 1.0
979 0.0 1.0
980 0.5 0.5
981 0.6667 0.3333
982 0.5 0.5
983 0.3333 0.6667
984 0.3333 0.6667
985 1.0 0.0
987 0.5 0.5
988 0.4 0.6
989 0.2 0.8
990 0.4 0.6
991 0.5 0.5
992 0.0 1.0
995 0.0 1.0
1000 1.0 0.0
1001 0.5 0.5
1002 0.5 0.5
1003 0.6667 0.3333
1004 0.4 0.6
1005 0.0 1.0
1006 0.0 1.0
1007 0.0 1.0
1041 1.0 0.0
1042 1.0 0.0
1043 1.0 0.0
1044 0.6667 0.3333
1045 1.0 0.0
1046 0.6667 0.3333
1047 0.5 0.5
1059 0.5 0.5
1060 0.0 1.0
1063 0.0 1.0
1064 1.0 0.0
1065 0.0 1.0
1069 1.0 0.0
1070 0.75 0.25
1071 0.5 0.5
1072 0.0 1.0
1073 0.0 1.0
1074 1.0 0.0
1075 0.0 1.0
1083 0.0 1.0
1084 0.0 1.0
