0 248826926 0 0 0
1 139952014 248836170 41315424 248836170
2 72179420 139943963 38006557 139943963
3 47059776 72181481 29184889 108274318
4 31258347 47065055 20555409 79354325
5 21211141 31258325 14207749 57575079
6 14634942 21207304 9766431 41639687
7 10242883 14633018 6738609 30170632
8 7240012 10242520 4670486 21905525
9 5146188 7238309 3253468 15925288
10 3679072 5149949 2273140 11590328
11 2639861 3681696 1594854 8441322
12 1901484 2640955 1122845 6151376
13 1371984 1899931 794877 4484784
14 990012 1371317 564279 3271837
15 716504 990425 399708 2384544
16 521947 715292 285700 1741305
17 377568 520114 204360 1272311
18 273981 376635 145983 928515
19 198836 273946 104538 679460
20 145011 198740 75037 495124
21 105157 144558 53935 362011
22 76640 104905 38702 264880
23 56159 76968 27951 193754
24 40753 56058 20068 141708
25 29468 40648 14499 103402
26 21839 29666 10351 75578
27 16258 21703 7728 55190
28 11615 16022 5469 41063
29 8379 11499 3973 29669
30 6238 8461 2985 21704
31 4485 6290 1998 16006
32 3452 4620 1499 11765
33 2438 3379 1084 8629
34 1773 2417 784 6239
35 1298 1724 588 4479
36 942 1288 413 3356
37 704 958 313 2493
38 462 675 238 1807
39 359 470 147 1263
40 274 334 102 960
41 197 262 84 672
42 132 183 66 503
43 115 126 44 356
44 77 112 40 266
45 58 69 20 198
46 48 50 27 134
47 31 38 17 107
48 18 31 10 77
49 19 20 8 55
50 13 16 4 41
51 8 6 3 28
52 3 8 0 18
53 4 3 0 10
54 1 2 1 11
55 2 1 0 5
56 1 1 0 4
57 2 1 0 2
58 0 2 1 5
59 0 1 0 2
60 1 0 0 0
61 1 0 0 0
62 0 0 0 1
63 0 0 0 1
