0 1.0 0.0
1 0.4215 0.5785
2 0.4405 0.5595
3 0.4132 0.5868
4 0.395 0.605
5 0.3809 0.6191
6 0.3695 0.6305
7 0.3601 0.6399
8 0.3522 0.6478
9 0.3453 0.6547
10 0.3393 0.6607
11 0.3341 0.6659
12 0.3296 0.6704
13 0.3258 0.6742
14 0.3221 0.6779
15 0.3188 0.6812
16 0.3169 0.6831
17 0.3138 0.6862
18 0.3114 0.6886
19 0.3087 0.6913
20 0.3077 0.6923
21 0.3053 0.6947
22 0.3034 0.6966
23 0.3027 0.6973
24 0.3003 0.6997
25 0.2983 0.7017
26 0.2987 0.7013
27 0.3029 0.6971
28 0.2938 0.7062
29 0.2939 0.7061
30 0.2982 0.7018
31 0.2883 0.7117
32 0.2962 0.7038
33 0.2899 0.7101
34 0.2907 0.7093
35 0.2963 0.7037
36 0.2876 0.7124
37 0.2897 0.7103
38 0.2792 0.7208
39 0.286 0.714
40 0.2814 0.7186
41 0.2949 0.7051
42 0.2825 0.7175
43 0.3087 0.6913
44 0.3055 0.6945
45 0.2826 0.7174
46 0.3589 0.6411
47 0.3097 0.6903
48 0.2667 0.7333
49 0.3293 0.6707
50 0.2931 0.7069
51 0.2821 0.7179
52 0.1429 0.8571
53 0.2857 0.7143
54 0.1538 0.8462
55 0.2857 0.7143
56 0.2 0.8
57 0.5 0.5
58 0.1667 0.8333
59 0.0 1.0
60 1.0 0.0
61 1.0 0.0
62 0.0 1.0
63 0.0 1.0
