0 0 0
1 2.1339183642409187 0.0
2 2.3161848362112885 0.0
3 2.5791294940337104 -0.666692483807656
4 2.8065995670531296 -0.8757835442491635
5 2.983291723410936 -1.0874281214620651
6 3.119616265143326 -1.2489692825981136
7 3.222360430765459 -1.4313739268040524
8 3.302004973358233 -1.5772096765542027
9 3.3576568142056415 -1.7379608456688507
10 3.3987713031313516 -1.8713313376463547
11 3.4287828227536816 -2.017428312769019
12 3.449377251535163 -2.14205537102593
13 3.46245142330197 -2.2784724972261765
14 3.4680184802198912 -2.3971854343599635
15 3.4736482632321595 -2.5231000140907445
16 3.48030801540077 -2.641603854580329
17 3.4783078880407126 -2.758443493768426
18 3.47845982066405 -2.869550841935779
19 3.4705274636974113 -2.9924631324875635
20 3.4630915415061905 -3.0960325090280416
21 3.452581811439696 -3.2084715657811502
22 3.474161542039171 -3.32793717909997
23 3.4531859325247756 -3.4174210596942514
24 3.477227426749053 -3.5281423772828635
25 3.42554658941996 -3.636583431655094
26 3.435513476958748 -3.754862526131943
27 3.4318064182194616 -3.835205653198043
28 3.408118486012068 -3.928110464408348
29 3.449786055877171 -4.056725875492939
30 3.4067001675041877 -4.122373755989679
31 3.4154154154154153 -4.245532925153068
32 3.503669112741828 -4.327496812579685
33 3.46309963099631 -4.3990033607602275
34 3.4145408163265305 -4.5877544478281775
35 3.4710884353741496 -4.5764679615985715
36 3.3728813559322033 -4.741358760429082
37 3.207667731629393 -5.011231448054553
38 3.302521008403361 -4.902047592695075
39 3.401360544217687 -4.909738717339668
40 3.392156862745098 -5.398958333333334
41 3.3095238095238093 -4.941964285714286
42 3.242424242424242 -5.222664015904573
43 3.409090909090909 -6.207865168539326
44 3.5 -4.853383458646617
45 2.9 -5.808080808080808
46 3.037037037037037 -5.1940298507462686
47 3.8823529411764706 -6.327102803738318
48 3.3 -5.935064935064935
49 3.125 -6.2
50 2.5 -7.2926829268292686
51 4.666666666666667 -7.607142857142857
52 0 -4.833333333333333
53 0 -10.6
54 3.0 -6.454545454545454
55 0 -5.8
56 0 -5.75
57 0 -2.0
58 2.0 -6.4
59 0 -14.5
60 0 0
61 0 0
62 0 -16.0
63 0 -15.0
