0 0.250732421875
1 0.2486572265625
2 0.2484588623046875
3 0.2498626708984375
4 0.252197265625
5 0.2515411376953125
6 0.251434326171875
7 0.2488250732421875
8 0.2484893798828125
9 0.2535858154296875
10 0.2510833740234375
11 0.2496795654296875
12 0.2515411376953125
13 0.2542572021484375
14 0.246490478515625
15 0.2498016357421875
16 0.249755859375
17 0.2484283447265625
18 0.246337890625
19 0.25006103515625
20 0.250518798828125
21 0.2492218017578125
22 0.2507781982421875
23 0.2552032470703125
24 0.251434326171875
25 0.2505950927734375
26 0.2483062744140625
27 0.25146484375
28 0.250030517578125
29 0.2487945556640625
30 0.24871826171875
31 0.2477264404296875
32 0.2494049072265625
33 0.249267578125
34 0.2507171630859375
35 0.2493133544921875
36 0.2489166259765625
37 0.250762939453125
38 0.2480621337890625
39 0.251922607421875
40 0.2507781982421875
41 0.24859619140625
42 0.2512969970703125
43 0.2476348876953125
44 0.25299072265625
45 0.2542572021484375
46 0.251739501953125
47 0.249755859375
48 0.2490234375
49 0.2471923828125
50 0.248626708984375
51 0.2490692138671875
52 0.2500762939453125
53 0.2479095458984375
54 0.250579833984375
55 0.2514495849609375
56 0.24908447265625
57 0.2524566650390625
58 0.2483367919921875
59 0.2505035400390625
60 0.248565673828125
61 0.249542236328125
62 0.247955322265625
63 0.252777099609375
