0 3886655 0 0 0
1 1983407 3890432 761565 3890432
2 1244957 1983280 802446 1983280
3 1028922 1244390 821653 1865662
4 875484 1027842 777895 1685364
5 763823 876339 732910 1532666
6 683169 763952 681612 1396908
7 620422 681715 637221 1290716
8 572164 619609 599197 1201713
9 532123 572658 562282 1127841
10 501232 533276 533124 1061474
11 472785 501208 504571 1005758
12 448781 471771 477982 954683
13 426665 447116 456946 908206
14 407806 426653 435360 871081
15 391197 408572 415673 834032
16 375639 391628 398516 801204
17 361289 375453 382020 769912
18 347827 361083 366598 741326
19 334622 347850 352241 714086
20 323901 335213 338708 688223
21 313876 323418 327459 664141
22 303249 314233 314968 644297
23 295469 303208 304694 623170
24 286974 295122 294155 605110
25 278439 286834 285321 587797
26 270522 277085 276386 568378
27 263752 269752 267262 553322
28 255960 263201 259024 538968
29 250666 255477 252360 522763
30 242700 249745 245031 510993
31 237156 242735 236184 496254
32 231483 237473 230294 484653
33 225909 231292 224184 471925
34 220473 226146 217347 460018
35 214867 220893 211632 448900
36 210681 215205 206467 437996
37 205538 210284 200637 427361
38 201009 206082 195844 417309
39 196788 200803 190036 407500
40 191790 196468 184348 398558
41 188137 191498 181503 389519
42 183617 188277 176320 382038
43 180226 183800 171883 372992
44 176456 180209 167302 364901
45 173240 175917 163049 356483
46 169430 173214 158803 349875
47 165449 169310 154937 342098
48 162373 165880 152141 334575
49 159172 161827 147901 326680
50 155428 158877 144949 319831
51 152668 154923 141217 313101
52 150065 152694 138410 307295
53 147406 150238 135242 302548
54 144484 147803 131899 296568
55 141333 144310 129546 289346
56 138773 141074 126306 283083
57 135964 138483 123958 277906
58 133565 136258 121063 272449
59 131555 133869 118674 267251
60 128826 131194 115831 262978
61 126677 128918 113071 257943
62 124150 126496 110944 252778
63 121895 124284 108902 248023
64 119268 121688 106922 242823
65 116979 119644 104101 238235
66 114664 117030 101790 234195
67 112528 115334 99885 229429
68 110939 113262 97337 225144
69 108774 110860 96104 220461
70 107391 108704 93781 216782
71 105906 107192 91816 212624
72 103066 105611 90152 209672
73 101287 102840 88672 204715
74 99646 101337 86753 201633
75 97936 100204 85016 199095
76 96060 98773 82819 195137
77 95127 96341 81129 191182
78 93380 95412 80423 188484
79 91552 93729 78053 185642
80 90448 91809 77192 181571
81 88064 90326 75284 178994
82 86792 88515 73989 175289
83 85687 86816 72246 171907
84 84013 85089 71439 169065
85 82675 83459 69275 165725
86 81316 82299 67949 163431
87 79799 80961 67416 159783
88 78726 79561 66068 157481
89 77026 78763 65271 154736
90 76313 77104 63529 152517
91 74725 76404 62643 150395
92 73630 75096 61003 147967
93 72394 73818 60239 144937
94 71288 72503 58972 142182
95 69851 71124 58026 140188
96 68832 69737 56753 137373
97 67638 68648 55673 135368
98 67168 67551 54715 133155
99 65366 66730 53880 131168
100 64660 65186 52740 128195
101 63711 64467 51834 126932
102 62519 63335 50840 124404
103 61367 62109 50145 122155
104 60018 61279 49076 120115
105 59285 60126 48112 118314
106 58377 59066 47272 115779
107 56839 58285 46252 114403
108 56501 56957 45225 112022
109 55715 56486 45142 110530
110 54496 55614 43960 108844
111 53424 54610 43371 106989
112 52862 53440 42587 104827
113 51999 52959 41705 103518
114 51173 51950 41029 101948
115 50578 51116 40404 100187
116 49881 50389 39618 98472
117 49004 49786 38802 97459
118 48002 49290 38025 96054
119 47287 47912 37386 93745
120 46430 47583 36599 92674
121 45856 46453 36206 90715
122 44826 45619 35836 89681
123 44462 45234 35005 87912
124 43541 44678 34626 86651
125 43345 43425 33475 85096
126 42778 43195 33457 84207
127 41237 42905 32921 83539
128 41045 41986 31966 81468
129 40287 41116 31468 80144
130 39440 40567 30975 78728
131 38892 39576 30415 77241
132 38561 39170 29975 76660
133 37759 38694 29451 75007
134 37282 37599 29224 73113
135 36566 37068 28427 72385
136 36169 36572 28112 71277
137 35363 36100 27576 70629
138 35063 35340 27299 69134
139 34727 35182 26845 68379
140 33883 34904 26216 67577
141 33420 33800 25820 66097
142 32930 33416 25487 65201
143 32353 32923 24913 63808
144 31958 32423 24374 62960
145 31452 32126 24148 62426
146 30881 31640 23665 61195
147 30789 30959 23473 60090
148 30342 30826 22852 59591
149 29478 30185 22831 58199
150 28868 29160 22089 57149
151 28493 28850 21732 56205
152 28249 28498 21503 55529
153 28051 28261 21078 54851
154 27867 27649 20695 53844
155 27181 27505 20427 53470
156 26556 27126 20095 52429
157 26257 26530 19472 51532
158 25690 26374 19553 50822
159 25427 25587 19068 49732
160 25239 25265 18739 49236
161 24754 25085 18581 48521
162 24433 24888 18310 47900
163 23789 24475 18012 47267
164 23486 24005 17508 46140
165 23127 23482 17397 45462
166 22971 23053 17042 44759
167 22363 22772 16971 43961
168 22345 22401 16302 43696
169 21620 22240 16186 42878
170 21112 21784 16025 42109
171 21101 21129 15668 40835
172 20638 20994 15464 40845
173 20429 20876 14976 40088
174 20079 20534 14872 39560
175 19638 20088 14547 38835
176 19225 19786 14372 38057
177 19074 19242 14159 37447
178 18531 19073 13866 37013
179 18547 18593 13664 36301
180 18185 18510 13543 36128
181 18014 18382 13228 35519
182 17883 18102 13132 34760
183 17522 17849 12885 34426
184 17243 17374 12652 33783
185 16905 17411 12596 33664
186 16869 17137 12250 32920
187 16853 16874 12050 32587
188 16281 16793 11925 32296
189 15947 16199 11694 31309
190 15806 15887 11562 30720
191 15314 15620 11514 30395
192 15209 15526 10991 29667
193 15113 15270 11017 29509
194 14694 15009 10931 28844
195 14403 14840 10556 28598
196 14306 14323 10392 27983
197 14390 14532 10169 27879
198 14017 14370 10321 27488
199 13784 14106 10057 27117
200 13465 13706 9592 26578
201 13312 13488 9686 25998
202 13216 13203 9374 25440
203 12961 13073 9318 25217
204 12802 12962 9116 24952
205 12570 12416 9280 24380
206 12409 12543 8871 24175
207 12032 12457 8733 24114
208 12101 12003 8746 23436
209 11971 12051 8400 23084
210 11772 11808 8460 22704
211 11371 11783 8208 22695
212 11137 11433 8199 22072
213 11232 11293 7941 21794
214 10726 11272 7998 21554
215 10949 10810 7634 20759
216 10590 10871 7601 20922
217 10189 10740 7457 20605
218 10178 10394 7331 19870
219 10239 10224 7241 19619
220 10072 10072 7197 19422
221 9876 10045 6921 19364
222 9652 9900 6943 18923
223 9474 9607 6758 18552
224 9588 9445 6494 18251
225 9344 9406 6747 18177
226 9246 9224 6506 17826
227 9128 9202 6479 17524
228 8951 9135 6288 17570
229 8772 8956 6347 17188
230 8740 8832 6119 16775
231 8649 8801 6123 16855
232 8495 8681 5896 16577
233 8180 8515 5826 16373
234 8032 8290 5702 15859
235 7966 8168 5656 15577
236 7923 8028 5654 15346
237 7735 7930 5439 15195
238 7761 7744 5488 14940
239 7727 7855 5422 14799
240 7488 7592 5306 14619
241 7373 7509 5190 14459
242 7239 7328 5088 14140
243 7164 7344 5102 13999
244 7121 7126 4981 13769
245 7095 7079 4813 13365
246 7081 6870 4847 13412
247 6785 6950 4701 13265
248 6678 6764 4651 12921
249 6543 6602 4618 12729
250 6391 6556 4531 12672
251 6300 6448 4441 12326
252 6389 6267 4373 12049
253 6110 6269 4368 12034
254 5959 6139 4306 11774
255 6039 6066 4056 11577
256 5831 5931 4126 11453
257 5759 5886 4054 11314
258 5587 5800 3923 11152
259 5641 5555 3724 10808
260 5620 5560 3899 10861
261 5512 5668 3779 10710
262 5301 5535 3758 10624
263 5288 5484 3712 10280
264 5260 5346 3613 10137
265 5076 5168 3600 9945
266 5100 5043 3518 9763
267 4977 5093 3495 9807
268 4864 5099 3359 9689
269 4850 4870 3329 9325
270 4896 4825 3320 9326
271 4834 4942 3224 9313
272 4572 4734 3246 9002
273 4392 4551 3158 8806
274 4403 4452 3117 8652
275 4517 4494 3074 8578
276 4479 4513 2967 8664
277 4246 4545 2890 8673
278 4213 4297 2878 8205
279 4131 4259 2850 8205
280 4108 4176 2767 7925
281 4033 4092 2742 7846
282 3869 4100 2723 7818
283 3923 3921 2578 7578
284 3813 3966 2659 7555
285 3746 3841 2646 7241
286 3771 3722 2545 7228
287 3557 3782 2616 7208
288 3671 3668 2482 6976
289 3579 3618 2501 6975
290 3617 3561 2358 6832
291 3500 3624 2349 6849
292 3480 3357 2364 6567
293 3429 3519 2297 6655
294 3254 3445 2320 6543
295 3231 3274 2196 6382
296 3192 3226 2205 6319
297 3228 3251 2071 6245
298 3116 3215 2062 6100
299 3184 3086 2167 5946
300 3124 3154 2068 5952
301 3109 3008 1911 5819
302 3045 3000 2029 5775
303 3007 3012 2022 5694
304 2825 2908 1885 5599
305 2847 2856 1875 5480
306 2748 2774 1893 5327
307 2734 2711 1902 5278
308 2637 2770 1791 5297
309 2656 2674 1731 5126
310 2645 2689 1759 5117
311 2563 2673 1754 4985
312 2523 2520 1732 4810
313 2465 2481 1754 4785
314 2524 2444 1688 4719
315 2439 2477 1635 4799
316 2444 2416 1587 4620
317 2444 2383 1650 4583
318 2325 2442 1581 4617
319 2333 2419 1571 4520
320 2371 2375 1561 4492
321 2275 2401 1513 4478
322 2179 2196 1504 4212
323 2253 2122 1470 4091
324 2132 2222 1443 4260
325 2126 2114 1444 3985
326 2074 2090 1404 4079
327 2054 2140 1336 4009
328 1925 2053 1339 3947
329 1921 1960 1294 3833
330 2036 1981 1265 3742
331 1885 2010 1203 3753
332 1857 1839 1276 3555
333 1839 1836 1257 3462
334 1729 1858 1188 3540
335 1774 1781 1162 3360
336 1715 1762 1246 3310
337 1737 1714 1150 3349
338 1721 1822 1152 3374
339 1720 1766 1138 3332
340 1680 1717 1121 3290
341 1678 1685 1150 3135
342 1693 1583 1145 3099
343 1577 1686 1058 3098
344 1631 1512 1108 2958
345 1575 1554 1034 2995
346 1513 1537 1035 2969
347 1541 1495 1008 2940
348 1529 1498 992 2853
349 1489 1519 966 2860
350 1454 1493 988 2853
351 1394 1528 900 2839
352 1401 1393 940 2710
353 1412 1451 911 2747
354 1386 1394 922 2685
355 1357 1343 919 2493
356 1334 1317 909 2548
357 1351 1374 816 2544
358 1243 1296 862 2489
359 1209 1251 780 2408
360 1191 1218 826 2314
361 1177 1182 840 2300
362 1212 1213 797 2283
363 1208 1229 821 2347
364 1136 1186 801 2273
365 1141 1174 761 2256
366 1159 1156 722 2233
367 1098 1180 745 2238
368 1152 1116 696 2156
369 1125 1160 736 2157
370 1124 1120 681 2119
371 1102 1117 711 2139
372 1054 1137 723 2089
373 1055 1058 697 1990
374 1044 1022 649 1973
375 988 980 742 1924
376 974 1026 644 1933
377 977 990 636 1884
378 952 1012 648 1884
379 884 966 655 1809
380 861 900 587 1738
381 863 889 576 1709
382 914 873 566 1689
383 870 901 592 1711
384 876 889 540 1720
385 941 912 579 1703
386 922 936 546 1745
387 835 894 562 1703
388 767 869 538 1660
389 757 809 502 1544
390 755 782 530 1491
391 737 748 493 1467
392 769 727 466 1416
393 760 748 493 1445
394 773 735 460 1432
395 733 748 503 1439
396 697 730 476 1403
397 743 697 474 1322
398 694 733 492 1358
399 703 662 420 1285
400 676 699 449 1346
401 651 660 468 1253
402 726 649 409 1234
403 655 676 443 1316
404 669 662 446 1280
405 656 682 437 1276
406 647 656 425 1242
407 660 657 405 1259
408 660 648 389 1223
409 592 679 430 1219
410 566 619 364 1139
411 579 578 409 1104
412 548 604 386 1142
413 585 582 378 1136
414 528 592 376 1087
415 597 548 336 1019
416 550 587 360 1116
417 535 546 353 987
418 557 517 351 1012
419 528 555 335 1046
420 517 513 320 996
421 492 508 309 989
422 472 518 313 953
423 469 462 293 915
424 464 459 335 894
425 468 514 304 939
426 465 494 295 902
427 440 438 336 881
428 444 446 279 857
429 488 446 310 869
430 462 480 319 876
431 435 464 272 907
432 439 434 297 820
433 429 466 274 877
434 399 424 256 806
435 406 422 298 840
436 398 487 272 870
437 385 450 252 831
438 419 400 266 768
439 445 413 245 776
440 374 415 281 808
441 384 399 242 747
442 375 391 240 748
443 394 374 250 727
444 346 392 235 763
445 359 343 244 665
446 394 377 210 742
447 350 396 231 728
448 356 344 236 676
449 303 368 217 683
450 332 319 209 604
451 346 312 183 629
452 368 307 205 611
453 302 350 207 689
454 318 299 194 584
455 354 302 193 588
456 281 312 190 604
457 310 292 175 523
458 286 264 227 546
459 279 301 180 567
460 288 308 191 547
461 269 300 202 547
462 265 293 189 563
463 270 280 204 510
464 255 294 165 550
465 273 262 173 513
466 266 275 199 504
467 269 274 160 512
468 269 287 154 532
469 268 244 170 479
470 234 275 147 518
471 244 247 180 465
472 241 254 150 460
473 242 238 145 462
474 249 227 165 438
475 220 248 133 464
476 219 225 134 420
477 232 203 138 415
478 238 220 139 424
479 250 227 148 410
480 202 214 156 430
481 225 235 110 430
482 201 223 124 399
483 222 184 128 382
484 201 210 126 410
485 191 194 134 379
486 182 196 126 359
487 194 199 122 385
488 196 190 115 355
489 207 188 119 358
490 158 197 126 365
491 174 179 101 332
492 191 180 113 325
493 170 186 108 336
494 181 168 116 329
495 174 175 110 330
496 164 172 117 330
497 179 169 90 338
498 191 190 106 338
499 201 181 110 325
500 189 193 104 347
501 163 172 95 301
502 167 150 114 314
503 159 163 106 284
504 145 148 91 320
505 151 149 91 282
506 151 155 90 289
507 153 162 102 301
508 124 164 87 291
509 148 129 96 241
510 134 141 96 267
511 137 154 99 283
512 148 135 85 264
513 134 145 83 268
514 138 148 97 272
515 123 156 83 280
516 146 142 84 270
517 149 143 81 262
518 125 135 73 253
519 109 114 92 253
520 117 136 87 246
521 134 128 78 252
522 121 124 75 244
523 117 130 66 231
524 119 123 86 226
525 114 119 72 232
526 113 132 60 231
527 126 107 63 202
528 108 110 60 215
529 105 94 73 195
530 102 102 61 210
531 110 110 67 204
532 105 122 57 217
533 97 114 65 204
534 99 106 52 206
535 100 109 60 195
536 77 113 49 187
537 82 78 57 143
538 79 78 64 140
539 65 72 54 158
540 95 85 41 158
541 105 96 55 167
542 103 95 65 184
543 98 97 52 178
544 77 92 66 170
545 89 81 50 168
546 76 102 68 186
547 80 100 49 169
548 78 89 48 152
549 87 73 63 159
550 88 95 58 175
551 65 87 60 165
552 77 76 39 144
553 77 74 48 140
554 76 71 56 134
555 64 71 40 131
556 63 54 43 136
557 62 62 46 133
558 78 65 34 134
559 74 76 48 133
560 72 74 44 154
561 93 79 35 143
562 70 73 39 133
563 69 56 37 121
564 47 63 43 136
565 67 55 43 119
566 76 67 33 124
567 69 63 53 117
568 52 70 37 130
569 68 60 35 111
570 59 67 24 127
571 47 47 38 100
572 41 47 28 95
573 54 40 38 88
574 49 57 31 95
575 53 36 41 89
576 56 51 33 99
577 44 53 25 95
578 53 44 41 80
579 42 53 27 98
580 55 43 32 84
581 44 53 30 102
582 42 39 30 78
583 47 37 36 73
584 53 44 25 77
585 37 39 26 85
586 38 36 33 68
587 30 43 32 89
588 39 43 15 70
589 51 37 24 78
590 33 48 29 88
591 49 40 29 73
592 40 46 25 85
593 55 33 31 74
594 44 49 28 79
595 46 36 28 70
596 35 36 27 78
597 41 29 29 59
598 39 33 20 72
599 38 38 28 76
600 39 46 14 73
601 46 38 27 78
602 35 37 25 69
603 35 31 19 68
604 24 37 23 83
605 30 37 21 61
606 38 26 15 56
607 33 31 20 61
608 27 24 20 51
609 27 23 27 53
610 27 31 16 56
611 29 32 22 54
612 44 23 25 49
613 43 41 32 71
614 40 43 18 72
615 43 34 28 70
616 29 40 23 75
617 26 39 18 64
618 30 27 29 60
619 30 37 19 59
620 35 31 25 63
621 36 41 14 64
622 32 33 17 64
623 29 33 22 56
624 35 27 12 53
625 33 30 19 55
626 29 26 14 56
627 30 24 19 49
628 32 29 16 52
629 29 35 19 58
630 31 26 15 51
631 23 29 15 53
632 27 21 21 33
633 31 26 14 56
634 20 31 8 66
635 17 22 17 47
636 16 20 10 37
637 13 20 11 42
638 23 20 9 35
639 19 25 7 47
640 12 16 19 31
641 16 15 11 34
642 31 20 11 35
643 24 18 12 35
644 21 13 11 29
645 28 16 18 34
646 29 22 17 43
647 36 31 14 50
648 25 29 7 48
649 21 20 14 37
650 23 18 13 34
651 26 30 14 46
652 23 30 19 46
653 23 25 12 39
654 17 25 14 42
655 20 20 10 38
656 18 21 21 38
657 29 29 7 43
658 26 29 5 52
659 24 23 17 42
660 17 20 10 41
661 24 20 8 33
662 18 17 10 37
663 15 19 4 40
664 15 15 10 24
665 16 12 15 30
666 12 19 10 33
667 9 17 7 33
668 5 17 5 28
669 12 8 4 17
670 17 12 8 28
671 17 20 10 33
672 14 17 7 31
673 8 14 7 29
674 5 6 7 13
675 11 6 9 15
676 13 11 10 21
677 12 15 9 25
678 7 12 10 24
679 10 8 4 18
680 23 12 4 27
681 25 22 8 35
682 14 19 10 30
683 13 12 10 25
684 20 12 4 21
685 16 9 9 22
686 19 10 8 22
687 16 15 8 27
688 13 14 8 21
689 14 7 10 15
690 7 12 7 20
691 6 12 8 19
692 7 9 2 13
693 9 6 9 15
694 6 10 10 20
695 13 10 3 13
696 18 9 10 17
697 15 12 2 23
698 12 4 9 20
699 17 13 3 20
700 8 13 12 20
701 12 6 5 14
702 8 5 3 21
703 8 6 6 14
704 5 9 6 16
705 7 9 4 16
706 7 7 6 13
707 1 9 4 18
708 9 2 5 7
709 13 5 1 13
710 11 8 3 22
711 6 9 4 11
712 7 3 3 7
713 5 2 2 13
714 3 5 4 7
715 2 4 3 7
716 4 3 7 8
717 4 9 0 14
718 6 7 2 11
719 8 4 5 10
720 10 7 3 15
721 3 7 4 18
722 5 6 4 12
723 3 5 4 8
724 2 3 5 7
725 2 4 2 7
726 4 1 1 5
727 7 5 2 9
728 8 3 3 5
729 1 4 3 9
730 1 1 2 2
731 7 1 5 6
732 4 7 1 15
733 4 3 0 13
734 4 9 1 14
735 4 4 4 5
736 8 3 1 9
737 8 12 4 16
738 9 10 2 14
739 6 12 5 15
740 10 8 2 11
741 5 10 4 17
742 6 4 5 8
743 4 4 0 8
744 2 2 1 4
745 0 2 0 5
746 6 1 1 4
747 2 1 6 7
748 1 3 0 7
749 7 2 3 4
750 2 4 3 10
751 4 6 3 7
752 1 2 2 8
753 7 5 1 6
754 1 6 4 9
755 5 2 3 3
756 6 4 0 8
757 5 7 0 12
758 3 6 0 9
759 0 2 2 4
760 5 0 2 3
761 4 6 4 6
762 2 2 1 4
763 4 1 2 4
764 1 1 2 7
765 3 1 2 1
766 1 2 1 5
767 2 1 3 3
768 4 4 3 5
769 3 5 1 7
770 2 2 4 3
771 4 2 2 3
772 3 4 4 4
773 6 3 4 4
774 8 5 3 10
775 3 7 2 9
776 2 3 7 7
777 3 3 4 5
778 7 5 3 8
779 4 8 3 10
780 6 7 3 11
781 5 6 2 13
782 3 3 3 5
783 2 3 1 6
784 2 3 0 3
785 4 1 1 4
786 4 2 1 4
787 2 0 3 3
788 1 1 0 3
789 4 0 3 0
790 2 3 2 5
791 1 2 1 6
792 0 2 2 3
793 5 2 0 3
794 2 3 0 6
795 4 3 1 7
796 1 3 1 4
797 1 0 2 2
798 0 2 0 4
799 1 1 3 1
800 0 1 2 5
801 0 2 0 2
802 2 1 1 2
803 1 4 1 6
804 1 2 0 8
805 2 2 0 5
806 3 3 0 7
807 0 4 0 4
808 2 0 0 0
809 0 0 0 2
810 1 0 2 1
811 1 2 1 4
812 0 2 0 3
813 0 1 0 2
816 0 0 0 2
817 2 1 0 1
818 1 1 1 1
819 0 0 1 0
821 1 0 0 0
822 0 0 1 2
823 1 0 0 1
824 2 0 1 0
825 0 2 1 3
826 1 1 0 2
827 0 2 0 3
828 1 1 0 1
829 1 1 0 2
830 0 1 0 3
831 0 0 1 1
832 1 0 2 2
833 2 2 2 3
834 0 3 1 5
836 2 0 1 0
837 0 1 0 3
838 0 1 0 2
839 0 0 1 0
840 4 1 1 1
841 0 4 0 6
842 0 0 0 2
844 1 0 0 0
845 0 0 0 2
846 0 1 2 2
847 0 2 0 2
848 0 0 1 0
849 0 1 0 2
850 2 1 0 2
851 0 1 2 2
852 0 1 0 1
853 1 0 0 0
854 2 1 1 2
855 2 2 0 2
856 3 1 2 1
857 2 2 1 2
858 1 1 3 2
859 2 2 0 3
860 1 1 1 3
861 2 2 0 4
862 2 2 1 4
863 1 3 1 5
864 2 4 0 6
865 3 3 1 3
866 1 2 0 4
867 4 1 1 1
868 4 1 1 3
869 1 3 0 6
870 1 2 0 2
871 0 1 0 1
874 0 0 0 1
880 0 0 2 0
883 0 0 0 1
884 0 1 0 2
885 0 1 0 1
886 0 0 0 1
887 2 0 0 0
888 1 1 2 1
889 0 2 0 3
892 0 0 1 0
893 1 0 0 2
894 1 2 0 3
895 1 1 0 1
896 0 0 1 0
898 1 0 0 0
899 1 0 1 0
900 0 0 0 1
905 1 0 0 0
906 1 0 0 0
907 1 0 0 0
908 0 0 1 0
909 1 0 1 2
910 1 2 0 4
911 0 1 0 1
912 1 0 0 1
913 0 1 0 1
923 0 0 1 0
924 0 1 1 1
925 1 1 2 1
926 2 1 0 2
927 3 0 1 0
928 3 2 0 4
929 0 2 1 4
930 0 1 0 1
931 0 0 1 0
932 0 1 1 1
933 0 0 1 0
934 0 1 0 2
935 1 0 1 0
936 0 0 0 1
939 0 0 0 1
941 0 0 1 0
942 0 1 0 1
944 0 0 0 1
945 0 1 0 1
946 1 0 0 0
947 0 0 1 0
948 1 0 0 0
949 0 1 2 1
950 1 1 1 1
951 1 2 1 2
952 2 1 0 1
953 1 1 1 3
954 0 1 0 2
955 0 1 0 2
958 2 0 0 1
959 2 1 1 1
960 1 1 0 1
961 0 0 2 1
962 0 2 0 2
963 0 1 1 1
964 0 1 0 1
969 0 0 1 0
970 2 0 0 0
971 3 1 1 2
972 1 2 1 4
973 0 1 0 2
974 1 0 0 2
975 0 1 1 1
976 0 1 0 1
977 1 1 0 1
978 2 0 0 0
979 0 0 0 3
980 0 0 1 1
982 0 0 0 1
983 0 1 0 1
984 0 1 0 2
987 0 0 0 1
993 0 0 1 0
994 1 1 0 1
995 0 2 0 2
1003 0 0 1 0
1005 1 0 0 0
1006 0 1 1 1
1007 0 0 1 0
1009 1 0 0 0
1010 1 0 0 2
1011 0 1 0 1
1027 0 0 0 1
1036 0 0 1 0
1037 1 1 0 1
1038 0 1 0 1
1040 0 0 1 0
1043 0 0 0 1
1046 1 0 0 1
1047 1 0 0 0
1048 2 0 0 0
1049 1 1 0 1
1050 0 0 0 1
1059 1 0 0 0
1060 0 1 1 1
1062 0 0 1 0
1065 0 0 0 1
1066 0 0 0 1
1067 0 1 0 1
1068 1 0 0 0
1069 0 0 0 1
1070 0 0 0 1
1071 0 1 0 1
1128 1 0 0 0
1129 0 0 1 0
1134 0 0 0 1
1135 0 1 0 1
1136 0 1 0 1
1137 0 1 0 1
1138 0 1 0 1
