0 1.0 -1.0 3886655
1 -0.03454167975303388 1.463132950476285 6635404
2 0.29338898643232425 1.8415953360615325 4030683
3 0.2070406166237514 2.9793968820096435 3716237
4 0.23160243241243786 3.8899731854154846 3338743
5 0.2537037874509102 4.917834118179831 3029399
6 0.28586636656046355 5.9029376124826065 2761689
7 0.29848620229724304 7.100619237911615 2548359
8 0.32017796326621084 8.265954506623276 2373074
9 0.3246463262843088 9.618838648694915 2222246
10 0.3477295391324678 10.904604830569342 2095830
11 0.3521451615993836 12.334315162397303 1983114
12 0.36203005560616675 13.746205681846188 1881446
13 0.3781904067212221 15.336367527724716 1791817
14 0.3770705155091419 16.783207595208413 1714247
15 0.3841545686457814 18.400399689951254 1640902
16 0.3946230668692025 20.073476577846854 1575359
17 0.40100025045911997 21.797062354018326 1513221
18 0.39971121434915724 23.435605455303126 1455751
19 0.40182547687317666 25.223232353885983 1400949
20 0.41008578416857167 26.95638778091207 1350832
21 0.4183960486443259 28.749433261012435 1305476
22 0.4130045290586877 30.5859349305883 1262514
23 0.41232518047007644 32.54887940325473 1223333
24 0.4194643743798678 34.378099723944935 1186239
25 0.4160167494965512 36.42025988083738 1151557
26 0.4231963819145941 38.34879511739383 1115286
27 0.4197739446075755 40.380953827750595 1084336
28 0.4095015712290503 42.3702002921218 1053952
29 0.41879080395675916 44.48417508839204 1025789
30 0.41334542876710684 46.695296332127775 998724
31 0.39984055181859623 48.65300345352747 969594
32 0.4052861807001046 50.86454329062882 946430
33 0.4041808294415076 53.0032671025721 922018
34 0.39717075909016997 54.79156906509855 897838
35 0.4035702576767851 57.52221828350096 875399
36 0.3831003901097359 59.174627931092495 855144
37 0.3715868300829238 61.5141074637576 833536
38 0.39053407061493906 63.81217636780352 814162
39 0.36984152562430445 66.11043648603011 794324
40 0.35502313165422306 68.28815874358621 774696
41 0.3562692400406239 70.66330805513502 759159
42 0.33777957478351694 73.41756348076764 741975
43 0.3352512270704357 75.22049464617919 725101
44 0.3052441301105327 77.62826245442534 708659
45 0.31565507843850504 79.81502137586135 692772
46 0.28918844785786335 81.95534149780357 678108
47 0.29312858876591735 84.544951968328 662484
48 0.2902606576293852 87.16046009297668 649089
49 0.26725238381514566 88.77918346546409 633753
50 0.2773295410571937 91.49163752882681 620208
51 0.2515362792552052 93.88081172387922 606986
52 0.2530254964164023 96.45516280306352 595770
53 0.21738870395559778 98.89173335426463 585196
54 0.1938280935018876 100.08791891414229 572951
55 0.21305189879066447 103.78385564512553 560225
56 0.22158048168242234 106.174832956643 548162
57 0.1797080107394929 108.19888834861752 537828
58 0.1929262707346365 110.84909949180273 527077
59 0.18298484965602535 112.78867388754821 517480
60 0.14187359027647817 115.96652817099219 507635
61 0.12034374742561148 117.78700893351443 497691
62 0.14922971599107962 120.98658185182464 487872
63 0.1291278559792824 123.28964810931468 478820
64 0.110796502442363 125.70833627070083 469013
65 0.11533914633748081 128.04987504464617 459315
66 0.039913546906794425 130.32294124692723 450649
67 0.06395046192983012 132.0455412373676 441842
68 0.030568501684278528 133.89571546265972 433420
69 0.05400633377141527 138.1375463834731 425339
70 0.006065260770324007 139.90219557439247 417954
71 0.019249608866663742 141.22612355171674 410346
72 0.001099555709995284 145.13630029516975 402890
73 -0.030065319732234703 146.96889708907952 394674
74 -0.06747123948540326 149.3048874086738 388032
75 -0.04708321227492952 153.14376538552244 382047
76 -0.0773255689596167 155.25621987948898 374016
77 -0.09278027857761037 157.80449233660374 367438
78 -0.09043106708217519 160.0228564496305 362287
79 -0.15622651282065717 161.44649263608156 355247
80 -0.13739830646800932 164.29614755522343 349211
81 -0.20924105134631452 165.73987208670482 342342
82 -0.1583955723509983 171.39493133484302 336070
83 -0.21744785350472956 172.14689842090178 329840
84 -0.19044610914066135 176.07957893812448 324517
85 -0.25292515936098214 179.5303122328054 317675
86 -0.2755807557499936 178.23440580956486 312696
87 -0.21649326705711439 183.74290847488177 306998
88 -0.26577123480274584 184.98894054762056 302275
89 -0.2525241303154868 187.42113953733633 297033
90 -0.31330316494446897 190.05322818885548 292359
91 -0.32691138193582914 192.82561667498527 287763
92 -0.3746178343949045 194.12624793873385 282600
93 -0.3273768779046727 198.8254225104421 277570
94 -0.31090654157582165 198.6802913818107 272442
95 -0.3773748904183687 203.04232838115945 268065
96 -0.41468979837084247 201.19755806071458 262958
97 -0.4739967295373803 207.0949194871054 258679
98 -0.46120578109928717 208.1776454488879 255038
99 -0.4367806911754135 212.2370688142397 250414
100 -0.4616054887110894 215.6707075385564 245595
101 -0.5109226854505788 215.37636824368036 242477
102 -0.5325176751639238 219.12210764103006 237763
103 -0.49775107310831224 220.90094509024314 233667
104 -0.5801517392423509 221.87179161666057 229209
105 -0.5974143927411601 225.93622243470205 225711
106 -0.5743672886897773 229.4650712096987 221428
107 -0.6364359476583262 228.8276035174441 217494
108 -0.6470610251323989 233.49746695864442 213748
109 -0.6034003983215619 235.2698432334968 211387
110 -0.6597684515195369 240.49054962788946 207300
111 -0.6876202253366309 241.72472351398764 203784
112 -0.6594200003994488 251.01903411527496 200276
113 -0.7005252963665312 245.55883852286098 197222
114 -0.6721246458923513 252.92061744587073 194150
115 -0.7830349062871073 251.8006992639216 191169
116 -0.7202760000212799 255.354332445457 187971
117 -0.8313820743259656 258.8486389186295 185265
118 -0.8526479973198742 257.0990608109981 182081
119 -0.8887780380903272 260.18148293817893 178418
120 -0.9299158238618578 260.12419234132483 175703
121 -0.9440782048536553 263.9718965328644 172777
122 -0.9303522892047222 266.3844267108831 170343
123 -0.8998918621810382 272.3286324813988 167379
124 -0.9275989273016296 276.8576798407864 164818
125 -0.9924775809679093 271.9610889313741 161916
126 -0.9544383640193964 275.9098483497756 160442
127 -1.0585109418695346 276.2439249892029 157697
128 -0.9347678325209252 285.76751086497836 154479
129 -1.0982099947991757 282.4088427609886 151899
130 -1.0560535861555689 286.0611076889897 149143
131 -1.0543234981030105 292.1528786553037 146548
132 -1.1286950053720488 293.42611649245515 145196
133 -1.0931674834935345 297.11403040208154 142217
134 -1.0430170678775812 293.5947276443022 139619
135 -1.174634948827323 303.5560545783521 137378
136 -1.07882234910518 307.8038667313457 135558
137 -1.1645603737422137 312.16837809940176 133568
138 -1.1833059560747095 308.78911287387086 131496
139 -1.2656231964355795 305.8850754283585 129951
140 -1.2699097716093863 312.38652745007965 127676
141 -1.239969043458835 311.7188292535777 125337
142 -1.2762219094306655 326.33911124070374 123618
143 -1.2940763500008259 319.629084882962 121074
144 -1.3467793313885257 317.7854748450589 119292
145 -1.394862149018013 322.384878660856 118026
146 -1.410943399486785 328.3467448714584 115741
147 -1.309657898418917 329.33199268593455 114352
148 -1.434561333510662 321.2542408993558 112785
149 -1.3089821551380896 332.9445525087362 110508
150 -1.5187038647253621 332.60100606386175 108106
151 -1.4621065489053837 334.449998603925 106430
152 -1.4488654173117657 342.1774103012826 105281
153 -1.5142431236776304 343.24536268403557 103980
154 -1.5564713005097357 341.422962062029 102406
155 -1.5597954055284038 354.49653923823 101078
156 -1.558155026241421 349.58370833190213 99080
157 -1.6467957351867655 354.7320277166996 97261
158 -1.596200489252069 351.4524272766832 96065
159 -1.6802190454965138 356.5109864535967 94227
160 -1.6073873023365588 360.29227483241044 93214
161 -1.601593798989723 361.070608924424 91856
162 -1.6144986375119976 362.1215742171587 90643
163 -1.7084587057079983 364.72221330244923 89068
164 -1.7111001446048615 364.0371157975181 87134
165 -1.7772428069685762 376.1540322546648 85986
166 -1.8626315292785354 369.7381409938798 84772
167 -1.5698901494687556 383.704901482602 83295
168 -1.8872035267114387 383.1914636669636 82343
169 -1.8247484011699966 377.40156517728815 80684
170 -1.772821341140247 392.205880488939 79246
171 -1.8079093861141178 385.2979744655247 77604
172 -1.9256371268535486 395.9754765136521 76947
173 -1.9370272740518988 386.595091668378 75493
174 -1.907100964958194 394.5907571466475 74511
175 -1.9866201040810736 404.2440544466418 73020
176 -1.9376866608982053 405.7465115956183 71654
177 -2.0106112054329373 408.9258925184046 70680
178 -2.188719204725544 403.09887529581954 69410
179 -2.239957963568426 408.2621465167827 68512
180 -2.1084060363121906 414.5283708205946 67856
181 -2.0087176645047258 403.43565633587826 66761
182 -1.9762067654884075 414.7225621769622 65775
183 -2.185137198648836 411.5798836458148 64833
184 -2.23742893935111 416.35082169248193 63678
185 -2.1844534156574054 424.00090028537346 63165
186 -2.160818195006367 420.9297060519207 62039
187 -2.2056269312083265 436.0121012550947 61490
188 -2.2230339492909326 429.4639311060266 60502
189 -2.160356234096692 429.5304377446325 58950
190 -2.2570066106596887 443.242413176947 58088
191 -2.269611869353232 427.0218068985992 57223
192 -2.223047595181413 434.1495374339916 55867
193 -2.2668451985118354 445.52309169257006 55639
194 -2.503772788191448 439.18795919471546 54469
195 -2.501353697929309 437.66471803336015 53557
196 -2.5246863195459466 444.19762895344354 52681
197 -2.3719058697890842 446.249974893302 52438
198 -2.3357774090224983 457.757913075433 51826
199 -2.3412810549864593 450.4381757987468 50958
200 -2.4570766596151907 478.59646627688414 49635
201 -2.3138827659400767 462.033076044676 48996
202 -2.6012283989173435 461.78058827908836 48030
203 -2.496841839312784 468.7412214194981 47496
204 -2.5770002133560914 479.6387713348209 46870
205 -2.4592256110750594 471.22447070222535 46230
206 -2.4813771862281375 493.3641837327055 45455
207 -2.7639876111321553 474.4047619945401 44879
208 -2.6125827066820224 484.72840453072496 44283
209 -2.673064089287769 464.514289334531 43455
210 -2.3998509409353455 482.5274529087201 42936
211 -2.714836542555708 483.1233313393504 42274
212 -2.833196483771252 494.5549839700079 41408
213 -2.5560573144238043 496.9191795533043 40967
214 -2.6258255126868266 518.0263824572202 40278
215 -2.6370545473031366 487.9813940256721 39342
216 -2.670339784726306 498.4650556687229 39113
217 -2.7488170243915193 497.83133167601164 38251
218 -2.7756226758340246 492.68980697082736 37379
219 -2.768160866869727 517.1717270878949 37099
220 -2.786868714398626 492.1158765552863 36691
221 -3.2011835955864054 505.7577162879153 36161
222 -2.937243088011712 492.1966110052698 35518
223 -3.0016961821527137 524.2213316423341 34784
224 -2.9443392654297615 506.9006863563055 34333
225 -2.9466557721489437 508.2086195137588 34268
226 -2.8989814759664068 531.2579870847086 33578
227 -2.747819262925961 530.4598128606058 33131
228 -3.084092779420281 520.0520581560796 32809
229 -3.128455133562386 529.6139790877935 32307
230 -2.9233419738256305 510.2867550285266 31634
231 -3.0427799032472254 529.5404002145541 31627
232 -3.11198656677861 527.3597668938964 30968
233 -3.3108397248099015 535.0645340845147 30379
234 -2.98158348258034 544.5120104750317 29593
235 -3.093085379636289 520.6188906428486 29199
236 -3.093939079625212 546.4370063630844 28923
237 -3.2862984243364237 539.5120155239669 28369
238 -3.21657384085991 537.368960708341 28189
239 -3.2707886074137686 547.763895221059 27948
240 -3.3438149782949695 546.5555425404355 27413
241 -3.226149063725853 585.3949006788656 27022
242 -3.3839120414100576 567.741948067265 26467
243 -3.216904625928041 546.02857752496 26265
244 -3.3249197943643463 565.6132522290466 25871
245 -3.011435128397895 575.11634513112 25273
246 -3.366022099447514 583.529332677735 25340
247 -3.598884893539655 550.0268053189023 24751
248 -3.6583505154639173 582.5038296099906 24250
249 -3.320678107994977 574.1280690679231 23890
250 -3.403407646011698 574.8422790559896 23594
251 -3.406077946850479 598.0210922852356 23067
252 -3.053044583753452 618.0129162293326 22811
253 -3.404317697228145 598.7062811229657 22512
254 -3.609601161577204 645.0464184758173 22039
255 -3.5249630860095977 576.5852708537254 21672
256 -3.4961700140121437 597.6901154546212 21410
257 -3.6242249254508447 590.9615394219553 21127
258 -3.894347110637886 588.5225883015331 20662
259 -3.964854012789372 614.466721012757 20173
260 -4.093572129538764 629.0243432726043 20380
261 -3.7055647217639116 615.5344803405588 20001
262 -3.9059594573997867 586.6954662354306 19683
263 -3.840767634854772 628.123667701052 19280
264 -3.6638611257233036 616.6319908042541 19010
265 -3.5854680199774447 646.584257305818 18621
266 -3.5717860834557422 624.3345877005972 18381
267 -3.7614749165709283 605.9269140146397 18279
268 -3.7998548459133543 623.9076573942505 17912
269 -4.092778793418647 634.6526882129275 17504
270 -3.8959069661384107 641.7558917021187 17542
271 -3.822520292441425 627.2576512648775 17371
272 -3.770154577883472 628.6499902019393 16820
273 -4.089325018341893 663.9289552639297 16356
274 -3.9335270838486274 683.2683702219368 16172
275 -3.638876863133156 624.6206817989702 16169
276 -4.164928615766605 647.3688745708732 16110
277 -4.314820671769246 643.0273436038972 15809
278 -4.237251569037657 652.7131948294032 15296
279 -3.979784011589622 648.4246402860215 15186
280 -3.9913513513513514 678.1040395909282 14800
281 -4.145202106559059 654.9410075819467 14621
282 -4.139486467730743 700.3949524218611 14410
283 -4.527239150507849 693.1447977535049 14079
284 -4.199472445997006 672.8596101940979 14027
285 -4.070784126751265 671.4757123623365 13633
286 -4.463600118133491 679.2474239306372 13544
287 -4.425827666093715 671.4107516566135 13381
288 -4.245639424175489 716.9737699530876 13129
289 -4.362696284948296 641.9105527523446 13055
290 -4.455063637073476 721.5689683959279 12807
291 -4.3120963931327765 629.1079952738148 12698
292 -4.435500765450004 749.9507885525278 12411
293 -4.145949438656005 681.000528126139 12381
294 -4.233060988693571 706.6158018928511 12117
295 -4.549157422305021 721.0775195387616 11809
296 -4.749487879822465 693.5420360067037 11716
297 -4.851178101178101 699.1104164896011 11544
298 -4.392002128036886 663.8191981898175 11278
299 -4.025404974772063 716.4559102012656 11297
300 -4.712042354630294 742.2522332942506 11144
301 -4.561029615278162 711.3641256406381 10839
302 -4.02249055212462 709.3897156060697 10849
303 -4.1567658304578945 735.7302949993249 10723
304 -4.744689106605878 736.7739881130346 10309
305 -4.506665359733385 740.3782683309063 10202
306 -4.585172552166934 722.7578628617364 9968
307 -4.23855154327214 749.372064878013 9914
308 -4.802467866323908 776.7359466882587 9725
309 -4.577315252811942 714.4138304701848 9513
310 -4.9450687952946115 773.3240775085967 9521
311 -4.09148570199957 791.2329919732505 9302
312 -4.61930501930502 740.0845497234465 9065
313 -4.765215459795646 782.9150745184423 9004
314 -4.929459187101108 787.7341975787518 8931
315 -5.1127014538487545 816.6085424425186 8873
316 -4.210149115709166 697.516344678656 8651
317 -4.775383196957474 738.3658457648795 8677
318 -4.706910712190544 801.3122991809133 8523
319 -4.248812915479582 781.0286059185893 8424
320 -4.831196581196581 781.4370753889878 8424
321 -4.291676748124849 732.1198324123618 8266
322 -4.805066497783407 805.1551608207567 7895
323 -4.416815971333504 829.5789430206293 7814
324 -4.907466496490109 861.4595821850573 7835
325 -4.190072799470549 766.3753952243507 7555
326 -5.1082440121741435 743.9190039428331 7557
327 -5.094066765779159 799.4753424870437 7399
328 -5.26057412286784 796.0755460333015 7211
329 -5.7633371169125995 799.8899677386364 7048
330 -4.785176771262246 759.2119757078121 7043
331 -5.00964771232276 788.5077805148569 6841
332 -5.386812200956938 817.6073016854006 6688
333 -4.694266544678255 758.274932730142 6558
334 -5.529193123741676 861.9831956314645 6457
335 -4.87007623888183 770.4713222247422 6296
336 -4.511242226120236 812.3020116163618 6271
337 -5.352148813341886 828.1185635682981 6236
338 -5.1088522490795585 781.7866113240709 6247
339 -5.163004846526656 856.3654371922318 6190
340 -5.1495649318666885 859.0890646353902 6091
341 -4.536978031192353 783.6523885105289 5963
342 -5.0614788613778 832.861229649832 5937
343 -4.683586255014826 848.1160040002121 5733
344 -5.354397051079515 931.9418895397071 5697
345 -4.6818344039971445 884.2962921992332 5604
346 -5.094435381547942 860.7053830582911 5517
347 -5.904354162871197 932.1232595866503 5489
348 -5.018794194268701 866.1810948218524 5374
349 -5.110065851364064 822.9545104335041 5315
350 -4.729367327667611 815.5770286612221 5295
351 -5.902201441652055 858.4994759881731 5133
352 -5.279746584834686 835.9840499210133 5051
353 -5.200197238658777 808.4143194488195 5070
354 -4.193270578810335 822.8063264135897 4993
355 -4.978821555881736 889.4040096360457 4769
356 -5.391150073053642 961.7459756890373 4791
357 -5.262576947569518 803.8824845323234 4711
358 -5.820853286895951 809.3456953657724 4594
359 -6.471912667727996 981.5762025083303 4397
360 -5.562687601015932 921.0264282227213 4331
361 -5.817929117442668 979.7877657105786 4317
362 -5.194547996272134 854.8956441859981 4292
363 -6.050502742230347 938.740100042955 4376
364 -5.864845605700713 921.2971957955862 4210
365 -5.896584896584897 1001.7467684009681 4158
366 -5.663587749149246 915.3259141685992 4114
367 -5.565057583925508 844.3197633969429 4081
368 -5.841408591408592 961.6397574702843 4004
369 -4.862369337979094 803.3013390960231 4018
370 -6.124108053007135 958.7375430062112 3924
371 -5.455718623481781 967.3262908700373 3952
372 -4.901707190894982 950.9310133122102 3866
373 -5.923303046499198 826.5507685592852 3742
374 -5.256137479541735 1002.266223080612 3666
375 -6.381226053639847 1070.8278336657347 3654
376 -6.1340467473951 936.2360989852126 3551
377 -6.4083500142979695 966.2904639288448 3497
378 -5.6888633754305395 992.0078805390165 3484
379 -4.7458183990442055 973.5532804406117 3348
380 -5.783427495291902 960.842790314943 3186
381 -5.559085133418043 898.0533736754692 3148
382 -5.68917639633954 889.3217663303086 3169
383 -5.577371572644186 1017.9015160913352 3173
384 -6.971619897959184 993.1109529151024 3136
385 -5.16847657461992 1045.320209258446 3223
386 -5.581076875194523 896.3243880946201 3213
387 -6.684516129032258 1006.4525527575516 3100
388 -6.777403035413154 1037.8412047240104 2965
389 -5.66464502318944 999.2292303402226 2803
390 -5.187319884726225 1016.7057591209929 2776
391 -6.257322951427512 816.3874066531149 2697
392 -6.476801207091664 1002.5404174079529 2651
393 -6.0326167531504815 973.6257447929706 2698
394 -5.744465290806755 977.4405109666477 2665
395 -6.457943925233645 1044.182070049792 2675
396 -5.627329192546584 989.6546863546993 2576
397 -4.5986608901142185 944.0409889303065 2539
398 -5.729559748427673 1087.5714914362877 2544
399 -6.743770764119601 885.1855536224837 2408
400 -6.651153379198705 1145.3911729768377 2471
401 -5.5733558178752105 935.8948027720696 2372
402 -6.180666948079359 1079.2745247329822 2369
403 -6.685998342999172 1009.2659376503722 2414
404 -5.425469728601253 1119.1385773248999 2395
405 -5.466863655550865 897.418445586282 2369
406 -6.268366464995679 1073.3343512750578 2314
407 -6.942771084337349 1004.6883722497477 2324
408 -5.910211267605634 1150.3914463895894 2272
409 -5.796519410977242 1119.1496767973347 2241
410 -6.288545190913485 1060.5338216732891 2069
411 -5.743307839388145 1129.9289257263333 2092
412 -5.796242774566474 973.2411471036894 2076
413 -7.198666031443545 1025.9706110194297 2099
414 -5.5419387242591664 975.8174265359281 1991
415 -5.712090163934426 1047.3198715903 1952
416 -6.1224086870681145 1051.2079394329708 2026
417 -6.1152 1070.2187912533682 1875
418 -7.088020833333333 1116.2266921657908 1920
419 -6.227344159245678 1102.763051477085 1909
420 -7.029459901800327 1223.6703864324004 1833
421 -6.457541899441341 1168.8433219937074 1790
422 -5.301495972382049 946.2854040396682 1738
423 -7.530709600477042 1125.4981138408677 1677
424 -7.415829887773183 1243.008571481404 1693
425 -6.2933956750438345 1059.6606842444537 1711
426 -6.764139590854392 1233.4471031523742 1662
427 -7.540132770066385 1116.0067364765187 1657
428 -6.738607594936709 1188.2336011857008 1580
429 -7.32633473305339 1236.2639159030853 1667
430 -5.16113458056729 909.2564599480924 1657
431 -7.517967781908302 1256.9615600177472 1614
432 -6.812339331619537 1197.8961479239358 1556
433 -6.406329113924051 1177.6672616567996 1580
434 -9.231348391512663 1237.1735855491515 1461
435 -7.891839378238342 1348.652120694524 1544
436 -6.247402597402598 1163.6353761173687 1540
437 -6.33991825613079 1081.1129166078867 1468
438 -7.1706813489332415 1108.7063606682132 1453
439 -6.784447476125512 1003.272694955601 1466
440 -6.708133971291866 1195.3552607050542 1463
441 -6.906045156591405 1075.5278657322615 1373
442 -6.471753484959648 993.743451957698 1363
443 -6.522975929978118 1070.0853774736659 1371
444 -7.595238095238095 1266.9148951247078 1344
445 -5.2515772870662465 842.8048057498805 1268
446 -8.348439821693908 1350.3136429771357 1346
447 -8.045072574484339 1145.4772203485213 1309
448 -8.733438485804417 1381.6291832936943 1268
449 -7.71072319201995 1141.8409504086653 1203
450 -7.7746724890829695 1112.3613371217152 1145
451 -7.417098445595855 1189.188327203427 1158
452 -8.652027027027026 1346.9081674580202 1184
453 -8.235392320534224 1515.6070440160345 1198
454 -6.9489051094890515 1135.6042676754182 1096
455 -7.214096916299559 1339.7990739195554 1135
456 -8.668837209302325 1600.2541507841918 1075
457 -5.251984126984127 987.2896746661534 1008
458 -7.980169971671388 1533.3637083463677 1059
459 -5.996101364522417 1053.7738487435797 1026
460 -7.146198830409356 1149.4796689579723 1026
461 -4.667976424361493 1108.3178311030117 1018
462 -6.035398230088496 1078.2472481095715 1017
463 -5.433943089430894 991.6711510179103 984
464 -6.934020618556701 1409.5088192156597 970
465 -8.265901981230448 1322.9149009276143 959
466 -7.382868937048504 1307.1289073774144 969
467 -6.980871413390011 1038.6549536353748 941
468 -7.835602094240838 1200.1522293796702 955
469 -6.982551799345693 1108.8903398664986 917
470 -6.743047830923248 1140.5242359264548 899
471 -7.746906636670416 1538.1317300185542 889
472 -6.615746180963573 1181.6482937747926 851
473 -6.83510011778563 1193.3531543380072 849
474 -5.192488262910798 1035.2850514668594 852
475 -6.9559363525091795 1418.0634362513795 817
476 -7.046571798188874 1277.9503839981073 773
477 -9.0343949044586 1504.6906276116729 785
478 -8.886392009987516 1474.7457220297454 801
479 -9.228960396039604 1694.958273085966 808
480 -9.09010152284264 1622.822595918477 788
481 -5.767320261437908 1086.0877987098934 765
482 -4.907458563535911 919.5947506181176 724
483 -8.349726775956285 1407.8756009435967 732
484 -8.402985074626866 1219.505599546368 737
485 -6.7414772727272725 1197.0538319989678 704
486 -8.899550224887557 1511.1312439731948 667
487 -8.77888730385164 1716.2873824025537 701
488 -7.3108108108108105 1349.339826312793 666
489 -6.276315789473684 1242.2873576485024 684
490 -7.436055469953775 1292.2976773559399 649
491 -8.583196046128501 1397.7810497517987 607
492 -7.116057233704293 1359.0318849664131 629
493 -7.456026058631922 1433.916328024704 614
494 -8.062300319488818 1197.6615664138758 626
495 -6.420195439739413 1222.340682659763 614
496 -8.563011456628479 1492.197460094653 611
497 -7.13179571663921 1509.8482910796388 607
498 -7.111811023622047 1125.3419257238522 635
499 -5.408805031446541 1053.8827380246141 636
500 -6.025 1060.6174999999967 640
501 -5.9552772808586765 1024.548772565378 559
502 -6.907563025210084 1119.0955158534007 595
503 -5.444444444444445 1363.3991094920082 549
504 -10.33093525179856 1871.2557838621194 556
505 -8.692748091603054 1534.7596658120153 524
506 -5.279245283018868 1158.6666856532595 530
507 -10.640287769784173 2007.8850991149725 556
508 -5.8804780876494025 1277.2383612958524 502
509 -6.956701030927835 1527.142642151137 485
510 -6.116700201207244 1060.9506293292914 497
511 -9.198458574181117 1578.3528276179618 519
512 -5.5955734406438635 1112.3670433061159 497
513 -9.942268041237114 1595.271684557341 485
514 -7.497041420118343 1539.985189594202 507
515 -6.170781893004115 1164.3099798472438 486
516 -10.144 1864.1545279999953 500
517 -7.977642276422764 1436.879081565215 492
518 -9.45011086474501 1624.3885919931474 451
519 -6.933920704845815 1149.1718837935919 454
520 -6.677777777777778 1301.4523456790187 450
521 -4.635775862068965 947.6118367271077 464
522 -5.2272727272727275 1099.364876033058 440
523 -6.978260869565218 1414.938668346981 414
524 -4.979118329466357 1735.2427474012254 431
525 -9.394736842105264 1662.9634852681863 418
526 -6.752475247524752 1550.4566709146127 404
527 -6.634271099744246 1298.366755842774 391
528 -9.300261096605745 1571.8719058688812 383
529 -9.284182305630027 1502.4470599228077 373
530 -9.882037533512065 1945.5432152894155 373
531 -5.889763779527559 1150.9363258726494 381
532 -6.269129287598944 1148.2350860826625 379
533 -8.202185792349727 1768.278897548449 366
534 -9.655462184873949 1771.63653696773 357
535 -8.011267605633803 1400.484253124375 355
536 -4.466453674121405 1332.7916790004988 313
537 -4.609929078014185 1210.3339872239817 282
538 -7.293286219081272 1425.4604752213108 283
539 -14.274368231046932 1930.3404188768254 277
540 -5.085034013605442 730.9685316303388 294
541 -7.856269113149847 1905.912811304697 327
542 -7.318181818181818 2098.632747933883 352
543 -9.615853658536585 1946.442668054729 328
544 -7.105431309904153 1511.3579601710749 313
545 -9.214983713355048 1166.6013750809009 307
546 -6.0636363636363635 1001.2676584022041 330
547 -10.63758389261745 1621.072879600012 298
548 -7.129496402877698 1516.103152010766 278
549 -11.718446601941748 1837.488704559023 309
550 -7.950155763239875 1426.1507943439956 321
551 -6.458620689655173 1503.4517479191434 290
552 -8.653846153846153 1149.6603550295881 260
553 -5.652830188679245 1015.2004556781756 265
554 -7.815789473684211 1766.5373961218831 266
555 -5.706382978723404 1108.836088727929 235
556 -10.586776859504132 1843.6419643466945 242
557 -9.095435684647303 1475.2597923589467 241
558 -11.520325203252032 1596.076409544585 246
559 -10.862745098039216 2099.3662437524085 255
560 -9.318518518518518 1425.7526474622787 270
561 -5.892988929889299 779.1984994757655 271
562 -10.37603305785124 2099.6469503449225 242
563 -6.233480176211454 1402.4240136622082 227
564 -10.70796460176991 2177.2630589709465 226
565 -14.829694323144105 2374.666882782558 229
566 -9.103004291845494 1424.7212695021044 233
567 -4.907949790794979 897.4265681623209 239
568 -8.767123287671232 1431.6266966910625 219
569 -4.859813084112149 666.4186391824628 214
570 -10.552380952380952 1345.246893424034 210
571 -4.718918918918919 1175.3500949598233 185
572 -6.7682926829268295 1351.075550267697 164
573 -6.844444444444444 1335.2627160493814 180
574 -7.405714285714286 1500.57364897959 175
575 -9.39344262295082 1597.007345695602 183
576 -2.877659574468085 817.3583635129012 188
577 -4.140243902439025 1134.8570047590747 164
578 -2.0632183908045976 1561.2966045712783 174
579 -9.437125748502995 1453.809458926462 167
580 -7.432748538011696 1549.982182551897 171
581 -10.801136363636363 1754.3356792355364 176
582 -9.733333333333333 2001.5377777777767 150
583 -7.564102564102564 1834.3507560815253 156
584 -11.6 2362.8154838709643 155
585 -5.614864864864865 1382.7776661796916 148
586 -7.172661870503597 1692.9259872677378 139
587 -12.894039735099337 1644.7656243147226 151
588 -5.814516129032258 786.1328043704481 124
589 -14.843137254901961 2449.342945021145 153
590 -14.2 2126.5599999999995 150
591 -6.145695364238411 1817.785360291215 151
592 -8.16 1396.5088 150
593 -3.6875 674.5171875 160
594 -4.754966887417218 957.7474672163505 151
595 -6.097222222222222 1301.772762345679 144
596 -14.635714285714286 2726.5703061224517 140
597 -7.403100775193798 1478.3959497626354 129
598 -10.786259541984732 1846.2063399568765 131
599 -10.035211267605634 1442.7651259670722 142
600 -10.15079365079365 1685.137062232301 126
601 -11.814569536423841 2506.315337046622 151
602 -16.1937984496124 3489.0024037016974 129
603 -13.057377049180328 2515.558989518946 122
604 -14.86923076923077 2752.958106508875 130
605 -7.464285714285714 1268.6938775510198 112
606 -13.853211009174313 3336.9477316724256 109
607 -10.447368421052632 2379.6611265004626 114
608 -5.275510204081633 514.5726780508119 98
609 -9.448598130841122 2192.504061490086 107
610 -5.858585858585859 2664.6670747882863 99
611 -8.257142857142858 2710.448707482994 105
612 -11.542372881355933 2456.42861246768 118
613 -5.054794520547945 2030.1583786826786 146
614 -6.384615384615385 816.1810650887577 130
615 -5.794326241134752 1798.2345455460002 141
616 -11.606299212598426 2234.650629301259 127
617 -11.203703703703704 2779.5466392318244 108
618 -7.7478991596638656 1453.839276887226 119
619 -6.935185185185185 1190.7786351165973 108
620 -2.9186991869918697 714.2062925507308 123
621 -8.412280701754385 1939.4056632810075 114
622 -10.185840707964601 1487.762784869605 113
623 -10.102803738317757 2265.9321338108134 107
624 -8.9 1822.3200000000008 100
625 -3.3271028037383177 1055.9168486330684 107
626 -11.454545454545455 1695.7887970615222 99
627 -8.091836734693878 1116.8300708038314 98
628 -3.74 810.0248 100
629 -7.660377358490566 1551.97686009256 106
630 -10.0 1483.5463917525774 97
631 -11.032967032967033 2750.129694481343 91
632 1.8024691358024691 304.2182594116751 81
633 -15.98019801980198 2865.5041662582116 101
634 -22.659574468085108 3973.661837935718 94
635 -13.11111111111111 3806.864197530865 81
636 -7.936507936507937 1598.8490803728896 63
637 -12.181818181818182 2071.7823691460076 66
638 -7.641791044776119 1102.6090443305861 67
639 -5.3561643835616435 1267.6778007130802 73
640 -9.580645161290322 2536.4869927159198 62
641 -5.442622950819672 379.8048911582908 61
642 -11.38961038961039 3393.163939956148 77
643 -12.267605633802816 2342.490577266414 71
644 -4.049180327868853 1101.8148347218487 61
645 -9.5125 2047.4621875000007 80
646 -12.606741573033707 2324.027774270924 89
647 -5.48 737.6591999999986 100
648 -2.875 1375.66875 80
649 -8.958333333333334 2137.177083333332 72
650 -8.442857142857143 1765.3648979591826 70
651 -7.267441860465116 914.6360194699836 86
652 -3.977272727272727 356.47623966942155 88
653 -0.5540540540540541 79.39956172388604 74
654 -13.082191780821917 2630.137173953838 73
655 -4.867647058823529 932.3032006920417 68
656 -12.2987012987013 3473.548827795583 77
657 -2.4430379746835444 203.64540938952055 79
658 -6.662650602409639 526.8928726956013 83
659 -9.204819277108435 1860.3980258382921 83
660 -12.764705882352942 1379.801038062284 68
661 -5.276923076923077 1111.5235502958578 65
662 -4.3538461538461535 640.4418934911246 65
663 -13.966101694915254 2302.4383797759265 59
664 -8.571428571428571 1315.8775510204082 49
665 -9.819672131147541 3277.1644719161504 61
666 -10.50909090909091 1575.881652892562 55
667 -17.93877551020408 2682.216992919618 49
668 -9.18421052631579 1510.695290858725 38
669 -5.848484848484849 244.52984389348015 33
670 -21.0 4782.056603773585 53
671 -15.066666666666666 5954.624444444447 60
672 -10.307692307692308 1933.6568047337278 52
673 -12.159090909090908 1396.7902892561988 44
674 -20.76 4790.244800000001 25
675 -11.714285714285714 2974.236734693879 35
676 -23.5 3695.681818181818 44
677 -7.195652173913044 2773.597353497164 46
678 -16.73170731707317 2207.3194527067217 41
679 -0.21875 28.623046875 32
680 -11.018518518518519 2273.017832647461 54
681 -0.75 57.9485294117647 68
682 -13.722222222222221 2637.3086419753067 54
683 -17.666666666666668 4572.819444444444 48
684 -4.6 353.8800000000001 45
685 -16.106382978723403 2708.3390674513353 47
686 -4.061224489795919 337.890462307372 49
687 -8.490196078431373 2389.107650903498 51
688 0.3333333333333333 11.492063492063494 42
689 -14.461538461538462 5327.112426035503 39
690 -0.029411764705882353 75.61591695501728 34
691 -7.909090909090909 1743.9531680440773 33
692 3.1818181818181817 329.8429752066116 22
693 -15.06060606060606 3982.2653810835627 33
694 -11.277777777777779 4673.956790123457 36
695 -7.379310344827586 1213.2294887039236 29
696 6.4222222222222225 398.68790123456796 45
697 -17.125 2376.29375 40
698 -25.024390243902438 5479.511005353958 41
699 -13.85 2596.955000000001 40
700 0.9 1233.1300000000006 40
701 -10.161290322580646 1583.0124869927163 31
702 -15.28125 1524.123046875 32
703 -12.428571428571429 3769.2040816326526 28
704 -6.777777777777778 2139.4197530864194 27
705 -17.74074074074074 1789.6803840877915 27
706 -1.8846153846153846 111.39644970414201 26
707 -26.0 6087.391304347826 23
708 -7.571428571428571 1036.5374149659865 21
709 -12.777777777777779 2451.8641975308597 27
710 -16.88888888888889 3633.91975308642 36
711 1.0952380952380953 732.1247165532883 21
712 0.4117647058823529 9.366782006920415 17
713 -29.55 5453.144999999999 20
714 0.5714285714285714 10.63265306122449 14
715 -20.583333333333332 4779.73611111111 12
716 -2.4210526315789473 219.85595567867034 19
717 -27.444444444444443 3937.9382716049386 18
718 -1.5789473684210527 15.961218836565106 19
719 -5.695652173913044 1043.510396975425 23
720 -17.678571428571427 2780.4005102040815 28
721 -47.84 6924.108800000002 25
722 -1.8571428571428572 67.62585034013604 21
723 1.0 65.0 15
724 -4.285714285714286 1052.6938775510205 14
725 -20.181818181818183 1866.8429752066122 11
726 -2.5 326.4 10
727 -16.88888888888889 1534.530864197531 18
728 -30.5625 8473.4296875 16
729 -3.6153846153846154 47.01183431952663 13
730 -0.4 16.88 5
731 -12.666666666666666 4826.444444444443 18
732 -12.65 798.7049999999997 20
733 -24.823529411764707 4437.584775086506 17
734 -24.473684210526315 3267.603878116347 19
735 -3.923076923076923 238.83431952662727 13
736 -15.61111111111111 1216.086419753086 18
737 -10.857142857142858 3317.8877551020405 28
738 -0.56 21.532799999999995 25
739 -2.3846153846153846 174.3195266272191 26
740 -6.782608695652174 689.7315689981097 23
741 -4.038461538461538 208.72781065088753 26
742 3.9473684210526314 87.73130193905818 19
743 -10.5 923.3333333333333 12
744 8.285714285714286 432.1224489795918 7
745 -3.0 -6.2 5
746 -25.454545454545453 3123.7685950413234 11
747 -23.933333333333334 1503.1244444444446 15
748 -3.375 13.84375 8
749 -5.357142857142857 1493.673469387756 14
750 -19.533333333333335 2672.1644444444446 15
751 -8.785714285714286 1627.2653061224494 14
752 -23.636363636363637 4460.280991735537 11
753 0.07142857142857142 1.7755102040816322 14
754 -19.428571428571427 5782.489795918366 14
755 0.7272727272727273 4.03305785123967 11
756 -3.9285714285714284 118.91836734693872 14
757 -8.411764705882353 714.0726643598618 17
758 -9.0 307.1666666666667 12
759 -27.166666666666668 3499.1111111111118 6
760 0.5 39.6 10
761 3.0714285714285716 59.918367346938766 14
762 -18.142857142857142 1476.102040816327 7
763 -30.2 8951.32 10
764 12.1 1455.6800000000003 10
765 1.1666666666666667 0.11111111111111116 6
766 -24.0 1639.1428571428573 7
767 -35.625 7360.84375 8
768 -0.08333333333333333 33.40277777777778 12
769 -0.5454545454545454 12.314049586776857 11
770 7.222222222222222 160.4567901234568 9
771 -1.2222222222222223 68.4567901234568 9
772 20.272727272727273 764.3057851239665 11
773 -0.21428571428571427 1408.2653061224485 14
774 -10.238095238095237 1869.8390022675737 21
775 2.0 2352.285714285714 14
776 5.875 164.59375 16
777 -5.333333333333333 1012.9444444444447 12
778 0.3888888888888889 5.086419753086421 18
779 -6.705882352941177 732.6505190311418 17
780 -5.55 400.54500000000013 20
781 -24.15 5328.205000000004 20
782 15.181818181818182 1988.024793388429 11
783 -6.0 106.22222222222223 9
784 -0.2 0.9200000000000002 5
785 -30.444444444444443 6192.938271604939 9
786 -41.22222222222222 9881.79012345679 9
787 -34.625 2839.59375 8
788 -2.5 2.5 4
789 11.142857142857142 316.24489795918373 7
790 -2.7777777777777777 629.3456790123456 9
791 -20.5 1819.25 8
792 2.8 24.319999999999997 5
793 -0.5 6.5 8
794 -27.625 4046.09375 8
795 -2.0 37.0 12
796 -2.6666666666666665 50.77777777777777 6
797 -0.6 49.480000000000004 5
798 -102.25 17374.625 4
799 3.2 1.1199999999999974 5
800 2.0 1397.7142857142858 7
801 -1.0 -1.0 2
802 0.0 3.2 5
803 -17.0 1713.25 8
804 -111.88888888888889 11092.975308641977 9
805 -57.714285714285715 6585.551020408163 7
806 -8.2 388.92 10
807 -1.0 -1.0 4
808 1.0 -1.0 2
809 -112.5 -666.0 2
810 -45.5 5495.0 4
811 -3.3333333333333335 17.77777777777778 6
812 -84.0 6722.0 3
813 -1.5 -2.0 2
816 -13.0 -120.0 2
817 0.3333333333333333 0.7777777777777779 3
818 7.666666666666667 59.44444444444443 3
819 4.0 -16.0 1
821 1.0 -1.0 1
822 -75.66666666666667 214.77777777777737 3
823 -35.5 72.0 2
824 1.3333333333333333 -1.5555555555555554 3
825 9.75 273.625 4
826 -4.333333333333333 19.444444444444454 3
827 -1.3333333333333333 -1.5555555555555554 3
828 0.0 1.0 2
829 -2.3333333333333335 6.11111111111111 3
830 -119.66666666666667 13606.777777777774 3
831 0.0 4.0 2
832 -32.6 3878.2799999999997 5
833 7.714285714285714 116.40816326530611 7
834 3.6666666666666665 125.77777777777776 6
836 1.3333333333333333 -1.5555555555555554 3
837 -40.0 1140.6666666666665 3
838 -2.5 -4.0 2
839 15.0 -225.0 1
840 1.6666666666666667 3.444444444444444 6
841 -3.1666666666666665 -0.5555555555555536 6
842 -35.5 -390.0 2
844 1.0 -1.0 1
845 -4.0 -15.0 2
846 -11.5 505.0 4
847 -1.0 -1.0 2
848 2.0 -4.0 1
849 -1.5 -2.0 2
850 -15.0 481.0 4
851 -2.75 74.625 4
852 -1.0 -1.0 1
853 1.0 -1.0 1
854 -0.2 4.5200000000000005 5
855 0.0 1.0 4
856 6.166666666666667 40.777777777777764 6
857 1.6 8.48 5
858 -30.166666666666668 5291.111111111111 6
859 -58.8 10373.119999999999 5
860 -43.8 5266.519999999998 5
861 -0.8333333333333334 1.4444444444444442 6
862 -0.42857142857142855 2.63265306122449 7
863 -40.57142857142857 11441.34693877551 7
864 -6.5 193.5 8
865 1.2857142857142858 9.122448979591839 7
866 -1.2 0.31999999999999984 5
867 5.833333333333333 103.44444444444443 6
868 0.875 50.84375 8
869 -5.285714285714286 83.12244897959185 7
870 -0.3333333333333333 0.7777777777777779 3
871 -1.0 -1.0 1
874 -159.0 -25281.0 1
880 111.0 -12305.0 2
883 -41.0 -1681.0 1
884 -2.5 -4.0 2
885 -1.0 -1.0 1
886 -52.0 -2704.0 1
887 1.0 -1.0 2
888 2.5 1.0 4
889 -9.666666666666666 56.7777777777778 3
892 2.0 -4.0 1
893 -2.3333333333333335 0.11111111111111072 3
894 -42.5 3528.5 4
895 0.0 1.0 2
896 13.0 -169.0 1
898 1.0 -1.0 1
899 5.5 -10.0 2
900 -16.0 -256.0 1
905 1.0 -1.0 1
906 1.0 -1.0 1
907 1.0 -1.0 1
908 4.0 -16.0 1
909 2.25 156.625 4
910 -114.6 11292.679999999998 5
911 -1.0 -1.0 1
912 -0.5 2.0 2
913 -1.0 -1.0 1
923 2.0 -4.0 1
924 0.5 2.0 2
925 3.25 6.625 4
926 -0.25 1.625 4
927 1.5 -1.5 4
928 -0.7142857142857143 2.2653061224489797 7
929 -1.0 3.8 5
930 -1.0 -1.0 1
931 14.0 -196.0 1
932 9.5 20.0 2
933 2.0 -4.0 1
934 -3.5 -6.0 2
935 2.5 -4.0 2
936 -2.0 -4.0 1
939 -5.0 -25.0 1
941 30.0 -900.0 1
942 -1.0 -1.0 1
944 -2.0 -4.0 1
945 -1.0 -1.0 1
946 1.0 -1.0 1
947 17.0 -289.0 1
948 1.0 -1.0 1
949 14.333333333333334 -33.888888888888914 3
950 1.6666666666666667 3.4444444444444433 3
951 0.25 1.625 4
952 0.3333333333333333 0.7777777777777779 3
953 -1.0 4.2 5
954 -2.0 -3.0 2
955 -43.5 -86.0 2
958 -1.0 7.0 3
959 12.25 276.625 4
960 0.0 1.0 2
961 0.3333333333333333 61.444444444444436 3
962 -1.0 -1.0 2
963 7.5 16.0 2
964 -1.0 -1.0 1
969 2.0 -4.0 1
970 1.0 -1.0 2
971 -37.666666666666664 5980.444444444445 6
972 -13.5 678.3333333333334 6
973 -173.5 -346.0 2
974 -1.0 1.0 3
975 2.0 5.0 2
976 -1.0 -1.0 1
977 0.0 1.0 2
978 1.0 -1.0 2
979 -3.0 -7.0 3
980 1.0 8.0 2
982 -219.0 -47961.0 1
983 -1.0 -1.0 1
984 -28.0 -55.0 2
987 -3.0 -9.0 1
993 17.0 -289.0 1
994 0.0 1.0 2
995 -1.0 -1.0 2
1003 3.0 -9.0 1
1005 1.0 -1.0 1
1006 10.0 21.0 2
1007 39.0 -1521.0 1
1009 1.0 -1.0 1
1010 -146.33333333333334 19686.1111111111 3
1011 -1.0 -1.0 1
1027 -440.0 -193600.0 1
1036 7.0 -49.0 1
1037 0.0 1.0 2
1038 -1.0 -1.0 1
1040 25.0 -625.0 1
1043 -3.0 -9.0 1
1046 -4.0 9.0 2
1047 1.0 -1.0 1
1048 1.0 -1.0 2
1049 0.0 1.0 2
1050 -4.0 -16.0 1
1059 1.0 -1.0 1
1060 33.5 68.0 2
1062 5.0 -25.0 1
1065 -5.0 -25.0 1
1066 -57.0 -3249.0 1
1067 -1.0 -1.0 1
1068 1.0 -1.0 1
1069 -7.0 -49.0 1
1070 -2.0 -4.0 1
1071 -1.0 -1.0 1
1128 1.0 -1.0 1
1129 9.0 -81.0 1
1134 -63.0 -3969.0 1
1135 -1.0 -1.0 1
1136 -1.0 -1.0 1
1137 -1.0 -1.0 1
1138 -1.0 -1.0 1
