-440 1
-439 0
-438 0
-437 0
-436 0
-435 0
-434 0
-433 1
-432 0
-431 0
-430 0
-429 0
-428 0
-427 0
-426 0
-425 0
-424 0
-423 0
-422 0
-421 0
-420 0
-419 0
-418 0
-417 0
-416 0
-415 0
-414 0
-413 0
-412 0
-411 0
-410 0
-409 0
-408 0
-407 0
-406 0
-405 0
-404 0
-403 0
-402 0
-401 0
-400 0
-399 0
-398 0
-397 0
-396 1
-395 0
-394 0
-393 0
-392 0
-391 1
-390 0
-389 0
-388 0
-387 0
-386 1
-385 0
-384 0
-383 0
-382 0
-381 0
-380 0
-379 0
-378 0
-377 0
-376 0
-375 0
-374 0
-373 0
-372 0
-371 0
-370 0
-369 0
-368 0
-367 0
-366 0
-365 0
-364 0
-363 0
-362 0
-361 0
-360 0
-359 0
-358 0
-357 0
-356 1
-355 0
-354 0
-353 0
-352 0
-351 1
-350 0
-349 1
-348 0
-347 0
-346 2
-345 0
-344 1
-343 0
-342 0
-341 0
-340 0
-339 0
-338 1
-337 1
-336 0
-335 1
-334 0
-333 0
-332 0
-331 1
-330 1
-329 0
-328 0
-327 1
-326 0
-325 1
-324 3
-323 0
-322 0
-321 1
-320 0
-319 0
-318 0
-317 0
-316 0
-315 1
-314 2
-313 1
-312 0
-311 2
-310 1
-309 1
-308 0
-307 1
-306 2
-305 0
-304 1
-303 2
-302 3
-301 6
-300 2
-299 3
-298 1
-297 0
-296 0
-295 2
-294 3
-293 1
-292 3
-291 1
-290 2
-289 0
-288 1
-287 1
-286 0
-285 6
-284 2
-283 4
-282 3
-281 3
-280 2
-279 2
-278 7
-277 3
-276 1
-275 4
-274 2
-273 1
-272 4
-271 3
-270 3
-269 6
-268 2
-267 4
-266 5
-265 8
-264 10
-263 1
-262 4
-261 4
-260 2
-259 6
-258 8
-257 5
-256 5
-255 4
-254 8
-253 10
-252 9
-251 7
-250 10
-249 11
-248 3
-247 9
-246 3
-245 14
-244 8
-243 18
-242 13
-241 10
-240 11
-239 11
-238 8
-237 12
-236 12
-235 12
-234 9
-233 11
-232 10
-231 13
-230 21
-229 13
-228 26
-227 22
-226 12
-225 17
-224 16
-223 22
-222 21
-221 27
-220 24
-219 20
-218 24
-217 18
-216 22
-215 15
-214 42
-213 27
-212 33
-211 44
-210 32
-209 34
-208 37
-207 31
-206 22
-205 36
-204 36
-203 36
-202 40
-201 40
-200 33
-199 50
-198 47
-197 44
-196 53
-195 53
-194 44
-193 57
-192 62
-191 52
-190 51
-189 58
-188 68
-187 73
-186 71
-185 82
-184 89
-183 76
-182 93
-181 90
-180 89
-179 92
-178 84
-177 89
-176 115
-175 120
-174 132
-173 105
-172 114
-171 138
-170 121
-169 141
-168 147
-167 140
-166 162
-165 169
-164 157
-163 192
-162 178
-161 175
-160 201
-159 168
-158 199
-157 214
-156 222
-155 218
-154 230
-153 262
-152 255
-151 232
-150 276
-149 300
-148 312
-147 297
-146 320
-145 339
-144 310
-143 412
-142 375
-141 381
-140 412
-139 423
-138 441
-137 491
-136 481
-135 470
-134 488
-133 558
-132 549
-131 535
-130 570
-129 665
-128 654
-127 701
-126 647
-125 755
-124 778
-123 772
-122 802
-121 801
-120 837
-119 943
-118 979
-117 996
-116 1090
-115 1014
-114 1059
-113 1152
-112 1211
-111 1247
-110 1347
-109 1336
-108 1452
-107 1453
-106 1509
-105 1606
-104 1629
-103 1701
-102 1828
-101 1935
-100 1984
-99 1993
-98 2193
-97 2277
-96 2289
-95 2483
-94 2442
-93 2578
-92 2742
-91 2884
-90 3142
-89 3111
-88 3225
-87 3248
-86 3601
-85 3748
-84 4010
-83 4024
-82 4323
-81 4317
-80 4567
-79 4860
-78 5022
-77 5322
-76 5644
-75 5815
-74 6168
-73 6322
-72 6742
-71 6987
-70 7276
-69 7631
-68 7913
-67 8505
-66 9034
-65 9427
-64 9807
-63 10284
-62 10820
-61 11547
-60 12107
-59 12512
-58 13297
-57 13889
-56 14875
-55 15669
-54 16600
-53 17232
-52 18131
-51 19393
-50 20383
-49 21755
-48 22786
-47 23752
-46 25602
-45 27064
-44 28921
-43 30627
-42 32154
-41 34045
-40 36746
-39 38757
-38 41452
-37 44543
-36 47215
-35 50684
-34 53958
-33 57939
-32 61271
-31 66540
-30 71088
-29 76698
-28 82766
-27 89832
-26 97103
-25 105422
-24 114246
-23 125097
-22 136109
-21 149514
-20 164172
-19 181892
-18 201723
-17 223133
-16 249998
-15 280584
-14 317845
-13 361999
-12 414377
-11 481433
-10 563323
-9 671816
-8 814165
-7 1008277
-6 1290540
-5 1717530
-4 2439564
-3 3950573
-2 7561157
-1 32354509
0 0
1 32357070
2 7560021
3 3949688
4 2440335
5 1716341
6 1289487
7 1009701
8 813671
9 671080
10 564716
11 482255
12 414170
13 362243
14 317347
15 280055
16 249805
17 222661
18 200979
19 181082
20 164523
21 149765
22 136634
23 124571
24 114870
25 105586
26 96780
27 89381
28 82823
29 77264
30 71104
31 66607
32 61586
33 57735
34 54035
35 50932
36 47099
37 44106
38 41627
39 38850
40 36633
41 34598
42 32231
43 30253
44 28661
45 26923
46 25607
47 24161
48 22795
49 21595
50 20477
51 19233
52 18391
53 17453
54 16502
55 15659
56 14780
57 14052
58 13422
59 12643
60 11966
61 11387
62 10817
63 10353
64 9801
65 9361
66 9040
67 8499
68 8038
69 7789
70 7344
71 6967
72 6688
73 6280
74 6081
75 5933
76 5557
77 5392
78 5130
79 4854
80 4662
81 4487
82 4236
83 4064
84 3871
85 3648
86 3490
87 3438
88 3306
89 3044
90 2988
91 2842
92 2709
93 2543
94 2500
95 2390
96 2207
97 2208
98 2146
99 2031
100 2032
101 1864
102 1798
103 1761
104 1656
105 1610
106 1518
107 1539
108 1392
109 1374
110 1356
111 1227
112 1307
113 1141
114 1100
115 1075
116 1041
117 971
118 907
119 910
120 829
121 819
122 814
123 750
124 755
125 679
126 691
127 734
128 667
129 636
130 582
131 572
132 514
133 517
134 541
135 498
136 428
137 457
138 441
139 394
140 377
141 370
142 365
143 321
144 359
145 375
146 301
147 340
148 272
149 282
150 276
151 246
152 261
153 228
154 231
155 224
156 239
157 205
158 227
159 200
160 211
161 182
162 167
163 192
164 148
165 167
166 159
167 166
168 157
169 127
170 160
171 116
172 112
173 123
174 92
175 108
176 97
177 110
178 91
179 91
180 109
181 96
182 82
183 63
184 87
185 91
186 88
187 62
188 77
189 62
190 63
191 64
192 66
193 56
194 49
195 50
196 56
197 42
198 49
199 44
200 48
201 53
202 32
203 47
204 46
205 37
206 32
207 39
208 32
209 24
210 42
211 40
212 22
213 24
214 30
215 35
216 28
217 19
218 29
219 18
220 22
221 15
222 16
223 17
224 21
225 20
226 28
227 16
228 20
229 15
230 12
231 14
232 11
233 15
234 10
235 14
236 20
237 9
238 9
239 17
240 11
241 8
242 7
243 11
244 11
245 10
246 10
247 8
248 8
249 14
250 8
251 12
252 14
253 5
254 6
255 7
256 5
257 6
258 6
259 2
260 6
261 5
262 8
263 4
264 4
265 2
266 7
267 2
268 3
269 6
270 5
271 1
272 3
273 2
274 4
275 1
276 1
277 3
278 1
279 5
280 6
281 2
282 2
283 4
284 1
285 2
286 1
287 2
288 1
289 3
290 0
291 1
292 3
293 1
294 0
295 0
296 1
297 1
298 3
299 2
300 4
301 2
302 2
303 2
304 0
305 1
306 1
307 1
308 2
309 1
310 0
311 3
312 1
313 0
314 0
315 0
316 0
317 2
318 2
319 2
320 1
321 0
322 0
323 0
324 1
325 0
326 1
327 0
328 0
329 1
330 1
331 1
332 1
333 0
334 0
335 0
336 2
337 0
338 1
339 0
340 0
341 0
342 0
343 0
344 0
345 0
346 0
347 0
348 1
349 0
350 0
351 0
352 0
353 0
354 0
355 0
356 0
357 0
358 0
359 0
360 0
361 0
362 0
363 0
364 0
365 0
366 0
367 0
368 0
369 0
370 0
371 0
372 0
373 0
374 0
375 0
376 1
377 1
378 0
379 0
380 0
381 0
382 0
383 0
384 0
385 0
386 0
387 0
388 0
389 0
390 0
391 0
392 0
393 0
394 0
395 0
396 0
397 0
398 0
399 0
400 0
401 0
402 0
403 0
404 0
405 0
406 0
407 0
408 0
409 0
410 0
411 0
412 0
413 0
414 0
415 0
416 0
417 0
418 0
419 0
420 0
421 0
422 0
423 0
424 0
425 0
426 0
427 0
428 0
429 0
430 0
431 0
432 0
433 0
434 1
