1 7640
2 2023
3 1246
4 799
5 582
6 482
7 357
8 300
9 256
10 203
11 159
12 145
13 134
14 123
15 117
16 94
17 80
18 82
19 71
20 75
21 49
22 49
23 57
24 45
25 37
26 48
27 38
28 34
29 35
30 28
31 29
32 35
33 30
34 29
35 25
36 23
37 23
38 16
39 16
40 27
41 14
42 18
43 23
44 16
45 16
46 20
47 13
48 14
49 14
50 8
51 12
52 15
53 8
54 12
55 10
56 15
57 9
58 10
59 12
60 8
61 6
62 8
63 6
64 13
65 10
66 5
67 5
68 4
69 6
70 6
71 11
72 8
73 6
74 6
75 6
76 4
77 7
78 4
79 4
80 2
81 2
82 3
83 6
84 8
85 2
86 2
87 3
88 5
89 3
90 2
91 3
92 1
93 7
94 4
95 3
96 1
97 3
98 2
99 5
100 4
101 1
102 3
103 3
104 3
105 0
106 1
107 5
108 1
109 6
110 1
111 0
112 0
113 3
114 0
115 3
116 1
117 2
118 1
119 0
120 1
121 0
122 1
123 0
124 0
125 4
126 0
127 4
128 2
129 1
130 1
131 2
132 3
133 0
134 0
135 1
136 1
137 1
138 0
139 0
140 0
141 1
142 2
143 0
144 1
145 1
146 1
147 0
148 1
149 1
150 0
151 0
152 1
153 0
154 2
155 2
156 1
157 1
158 0
159 0
160 1
161 1
162 1
163 0
164 1
165 0
166 0
167 1
168 0
169 1
170 0
171 1
172 0
173 0
174 1
175 0
176 0
177 0
178 1
179 1
180 0
181 0
182 0
183 0
184 1
185 0
186 0
187 2
188 0
189 1
190 2
191 1
192 0
193 0
194 0
195 0
196 2
197 0
198 0
199 1
200 0
201 0
202 0
203 2
204 0
205 0
206 1
207 0
208 0
209 0
210 1
211 0
212 0
213 0
214 0
215 0
216 0
217 0
218 0
219 0
220 0
221 0
222 0
223 0
224 0
225 0
226 0
227 0
228 0
229 0
230 0
231 0
232 0
233 0
234 0
235 0
236 0
237 0
238 0
239 0
240 0
241 0
242 0
243 0
244 0
245 0
246 0
247 0
248 0
249 0
250 0
251 1
252 0
253 0
254 0
255 0
256 0
257 1
258 0
259 0
260 0
261 0
262 1
263 0
264 0
265 0
266 0
267 0
268 0
269 0
270 0
271 0
272 0
273 0
274 0
275 0
276 0
277 1
278 0
279 1
280 0
281 0
282 0
283 0
284 0
285 0
286 0
287 0
288 0
289 0
290 0
291 0
292 0
293 0
294 0
295 0
296 0
297 1
298 0
299 0
300 0
301 0
302 0
303 0
304 0
305 0
306 0
307 0
308 1
309 0
310 0
311 0
312 0
313 1
314 0
315 0
316 1
