-5982 1
-5981 0
-5980 0
-5979 0
-5978 0
-5977 0
-5976 0
-5975 0
-5974 0
-5973 0
-5972 0
-5971 0
-5970 0
-5969 0
-5968 0
-5967 0
-5966 0
-5965 0
-5964 0
-5963 0
-5962 0
-5961 0
-5960 0
-5959 0
-5958 0
-5957 0
-5956 0
-5955 0
-5954 0
-5953 0
-5952 0
-5951 0
-5950 0
-5949 0
-5948 0
-5947 0
-5946 0
-5945 0
-5944 0
-5943 0
-5942 0
-5941 0
-5940 0
-5939 0
-5938 0
-5937 0
-5936 0
-5935 0
-5934 0
-5933 0
-5932 0
-5931 0
-5930 0
-5929 0
-5928 0
-5927 0
-5926 0
-5925 0
-5924 0
-5923 0
-5922 0
-5921 0
-5920 0
-5919 0
-5918 0
-5917 0
-5916 0
-5915 0
-5914 0
-5913 0
-5912 0
-5911 0
-5910 0
-5909 0
-5908 0
-5907 0
-5906 0
-5905 0
-5904 0
-5903 0
-5902 0
-5901 0
-5900 0
-5899 0
-5898 0
-5897 0
-5896 0
-5895 0
-5894 0
-5893 0
-5892 0
-5891 0
-5890 0
-5889 0
-5888 0
-5887 0
-5886 0
-5885 0
-5884 0
-5883 0
-5882 0
-5881 0
-5880 0
-5879 0
-5878 0
-5877 0
-5876 0
-5875 0
-5874 0
-5873 0
-5872 0
-5871 0
-5870 0
-5869 0
-5868 0
-5867 0
-5866 0
-5865 0
-5864 0
-5863 0
-5862 0
-5861 0
-5860 0
-5859 0
-5858 0
-5857 0
-5856 0
-5855 0
-5854 0
-5853 0
-5852 0
-5851 0
-5850 0
-5849 0
-5848 0
-5847 0
-5846 0
-5845 0
-5844 0
-5843 0
-5842 0
-5841 0
-5840 0
-5839 0
-5838 0
-5837 0
-5836 0
-5835 0
-5834 0
-5833 0
-5832 0
-5831 0
-5830 0
-5829 0
-5828 0
-5827 0
-5826 0
-5825 0
-5824 0
-5823 0
-5822 0
-5821 0
-5820 0
-5819 0
-5818 0
-5817 0
-5816 0
-5815 0
-5814 0
-5813 0
-5812 0
-5811 0
-5810 0
-5809 0
-5808 0
-5807 0
-5806 0
-5805 0
-5804 0
-5803 0
-5802 0
-5801 0
-5800 0
-5799 0
-5798 0
-5797 0
-5796 0
-5795 0
-5794 0
-5793 0
-5792 0
-5791 0
-5790 0
-5789 0
-5788 0
-5787 0
-5786 0
-5785 0
-5784 0
-5783 0
-5782 0
-5781 0
-5780 0
-5779 0
-5778 0
-5777 0
-5776 0
-5775 0
-5774 0
-5773 0
-5772 0
-5771 0
-5770 0
-5769 0
-5768 0
-5767 0
-5766 0
-5765 0
-5764 0
-5763 0
-5762 0
-5761 0
-5760 0
-5759 0
-5758 0
-5757 0
-5756 0
-5755 0
-5754 0
-5753 0
-5752 0
-5751 0
-5750 0
-5749 0
-5748 0
-5747 0
-5746 0
-5745 0
-5744 0
-5743 0
-5742 0
-5741 0
-5740 0
-5739 0
-5738 0
-5737 0
-5736 0
-5735 0
-5734 0
-5733 0
-5732 0
-5731 0
-5730 0
-5729 0
-5728 0
-5727 0
-5726 0
-5725 0
-5724 0
-5723 0
-5722 0
-5721 0
-5720 0
-5719 0
-5718 0
-5717 0
-5716 0
-5715 0
-5714 0
-5713 0
-5712 0
-5711 0
-5710 0
-5709 0
-5708 0
-5707 0
-5706 0
-5705 0
-5704 0
-5703 0
-5702 0
-5701 0
-5700 0
-5699 0
-5698 0
-5697 0
-5696 0
-5695 0
-5694 0
-5693 0
-5692 0
-5691 0
-5690 0
-5689 0
-5688 0
-5687 0
-5686 0
-5685 0
-5684 0
-5683 0
-5682 0
-5681 0
-5680 0
-5679 0
-5678 0
-5677 0
-5676 0
-5675 0
-5674 0
-5673 0
-5672 0
-5671 0
-5670 0
-5669 0
-5668 0
-5667 0
-5666 0
-5665 0
-5664 0
-5663 0
-5662 0
-5661 0
-5660 0
-5659 0
-5658 0
-5657 0
-5656 0
-5655 0
-5654 0
-5653 0
-5652 0
-5651 0
-5650 0
-5649 0
-5648 0
-5647 0
-5646 0
-5645 0
-5644 0
-5643 0
-5642 0
-5641 0
-5640 0
-5639 0
-5638 0
-5637 0
-5636 0
-5635 0
-5634 0
-5633 0
-5632 0
-5631 0
-5630 0
-5629 0
-5628 0
-5627 0
-5626 0
-5625 0
-5624 0
-5623 0
-5622 0
-5621 0
-5620 0
-5619 0
-5618 0
-5617 0
-5616 0
-5615 0
-5614 0
-5613 0
-5612 0
-5611 0
-5610 0
-5609 0
-5608 0
-5607 0
-5606 0
-5605 0
-5604 0
-5603 0
-5602 0
-5601 0
-5600 0
-5599 0
-5598 0
-5597 0
-5596 0
-5595 0
-5594 0
-5593 0
-5592 0
-5591 0
-5590 0
-5589 0
-5588 0
-5587 0
-5586 0
-5585 0
-5584 0
-5583 0
-5582 0
-5581 0
-5580 0
-5579 0
-5578 0
-5577 0
-5576 0
-5575 0
-5574 0
-5573 0
-5572 0
-5571 0
-5570 0
-5569 0
-5568 0
-5567 0
-5566 0
-5565 0
-5564 0
-5563 0
-5562 0
-5561 0
-5560 0
-5559 0
-5558 0
-5557 0
-5556 0
-5555 0
-5554 0
-5553 0
-5552 0
-5551 0
-5550 0
-5549 0
-5548 0
-5547 0
-5546 0
-5545 0
-5544 0
-5543 0
-5542 0
-5541 0
-5540 0
-5539 0
-5538 0
-5537 0
-5536 0
-5535 0
-5534 0
-5533 0
-5532 0
-5531 0
-5530 0
-5529 0
-5528 0
-5527 0
-5526 0
-5525 0
-5524 0
-5523 0
-5522 0
-5521 0
-5520 0
-5519 0
-5518 0
-5517 0
-5516 0
-5515 0
-5514 0
-5513 0
-5512 0
-5511 0
-5510 0
-5509 0
-5508 0
-5507 0
-5506 0
-5505 0
-5504 0
-5503 0
-5502 0
-5501 0
-5500 0
-5499 0
-5498 0
-5497 0
-5496 0
-5495 0
-5494 0
-5493 0
-5492 0
-5491 0
-5490 0
-5489 0
-5488 0
-5487 0
-5486 0
-5485 0
-5484 0
-5483 0
-5482 0
-5481 0
-5480 0
-5479 0
-5478 0
-5477 0
-5476 0
-5475 0
-5474 0
-5473 0
-5472 0
-5471 0
-5470 0
-5469 0
-5468 0
-5467 0
-5466 0
-5465 0
-5464 0
-5463 0
-5462 0
-5461 0
-5460 0
-5459 0
-5458 0
-5457 0
-5456 0
-5455 0
-5454 0
-5453 0
-5452 0
-5451 0
-5450 0
-5449 0
-5448 0
-5447 0
-5446 0
-5445 0
-5444 0
-5443 0
-5442 0
-5441 0
-5440 0
-5439 0
-5438 0
-5437 0
-5436 0
-5435 0
-5434 0
-5433 0
-5432 0
-5431 0
-5430 0
-5429 0
-5428 0
-5427 0
-5426 0
-5425 0
-5424 0
-5423 0
-5422 0
-5421 0
-5420 0
-5419 0
-5418 0
-5417 0
-5416 0
-5415 0
-5414 0
-5413 0
-5412 0
-5411 0
-5410 0
-5409 0
-5408 0
-5407 0
-5406 0
-5405 0
-5404 0
-5403 0
-5402 0
-5401 0
-5400 0
-5399 0
-5398 0
-5397 0
-5396 0
-5395 0
-5394 0
-5393 0
-5392 0
-5391 0
-5390 0
-5389 0
-5388 0
-5387 0
-5386 0
-5385 0
-5384 0
-5383 0
-5382 0
-5381 0
-5380 0
-5379 0
-5378 0
-5377 0
-5376 0
-5375 0
-5374 0
-5373 0
-5372 0
-5371 0
-5370 0
-5369 0
-5368 0
-5367 0
-5366 0
-5365 0
-5364 0
-5363 0
-5362 0
-5361 0
-5360 0
-5359 0
-5358 0
-5357 0
-5356 0
-5355 0
-5354 0
-5353 0
-5352 0
-5351 0
-5350 0
-5349 0
-5348 0
-5347 0
-5346 0
-5345 0
-5344 0
-5343 0
-5342 0
-5341 0
-5340 0
-5339 0
-5338 0
-5337 0
-5336 0
-5335 0
-5334 0
-5333 0
-5332 0
-5331 0
-5330 0
-5329 0
-5328 0
-5327 0
-5326 0
-5325 0
-5324 0
-5323 0
-5322 0
-5321 0
-5320 0
-5319 0
-5318 0
-5317 0
-5316 0
-5315 0
-5314 0
-5313 0
-5312 0
-5311 0
-5310 0
-5309 0
-5308 0
-5307 0
-5306 0
-5305 0
-5304 0
-5303 0
-5302 0
-5301 0
-5300 0
-5299 0
-5298 0
-5297 0
-5296 0
-5295 0
-5294 0
-5293 0
-5292 0
-5291 0
-5290 0
-5289 0
-5288 0
-5287 0
-5286 0
-5285 0
-5284 0
-5283 0
-5282 0
-5281 0
-5280 0
-5279 0
-5278 0
-5277 0
-5276 0
-5275 0
-5274 0
-5273 0
-5272 0
-5271 0
-5270 0
-5269 0
-5268 0
-5267 0
-5266 0
-5265 0
-5264 0
-5263 0
-5262 0
-5261 0
-5260 0
-5259 0
-5258 0
-5257 0
-5256 0
-5255 0
-5254 0
-5253 0
-5252 0
-5251 0
-5250 0
-5249 0
-5248 0
-5247 0
-5246 0
-5245 0
-5244 0
-5243 0
-5242 0
-5241 0
-5240 0
-5239 0
-5238 0
-5237 0
-5236 0
-5235 0
-5234 0
-5233 0
-5232 0
-5231 0
-5230 0
-5229 0
-5228 0
-5227 1
-5226 0
-5225 0
-5224 0
-5223 0
-5222 0
-5221 0
-5220 0
-5219 0
-5218 0
-5217 1
-5216 0
-5215 0
-5214 0
-5213 0
-5212 0
-5211 0
-5210 0
-5209 0
-5208 0
-5207 0
-5206 0
-5205 0
-5204 0
-5203 0
-5202 0
-5201 0
-5200 0
-5199 0
-5198 0
-5197 0
-5196 0
-5195 0
-5194 0
-5193 0
-5192 0
-5191 0
-5190 0
-5189 0
-5188 0
-5187 0
-5186 0
-5185 0
-5184 0
-5183 0
-5182 0
-5181 0
-5180 0
-5179 0
-5178 0
-5177 0
-5176 0
-5175 0
-5174 0
-5173 0
-5172 0
-5171 0
-5170 0
-5169 0
-5168 0
-5167 0
-5166 0
-5165 0
-5164 0
-5163 0
-5162 0
-5161 0
-5160 0
-5159 0
-5158 0
-5157 0
-5156 0
-5155 0
-5154 0
-5153 0
-5152 0
-5151 0
-5150 0
-5149 0
-5148 0
-5147 0
-5146 0
-5145 0
-5144 0
-5143 0
-5142 0
-5141 0
-5140 0
-5139 0
-5138 0
-5137 0
-5136 0
-5135 0
-5134 0
-5133 0
-5132 0
-5131 0
-5130 0
-5129 0
-5128 0
-5127 0
-5126 0
-5125 0
-5124 0
-5123 0
-5122 0
-5121 0
-5120 0
-5119 0
-5118 0
-5117 1
-5116 0
-5115 0
-5114 0
-5113 0
-5112 0
-5111 0
-5110 0
-5109 1
-5108 0
-5107 0
-5106 0
-5105 0
-5104 0
-5103 0
-5102 0
-5101 0
-5100 0
-5099 0
-5098 0
-5097 0
-5096 0
-5095 0
-5094 0
-5093 0
-5092 0
-5091 0
-5090 0
-5089 0
-5088 0
-5087 0
-5086 0
-5085 0
-5084 0
-5083 0
-5082 0
-5081 0
-5080 0
-5079 0
-5078 1
-5077 0
-5076 0
-5075 0
-5074 0
-5073 0
-5072 0
-5071 0
-5070 0
-5069 0
-5068 0
-5067 0
-5066 0
-5065 0
-5064 0
-5063 0
-5062 0
-5061 0
-5060 0
-5059 0
-5058 0
-5057 0
-5056 0
-5055 2
-5054 0
-5053 0
-5052 0
-5051 0
-5050 0
-5049 0
-5048 0
-5047 0
-5046 0
-5045 0
-5044 0
-5043 0
-5042 0
-5041 0
-5040 0
-5039 0
-5038 0
-5037 0
-5036 0
-5035 0
-5034 0
-5033 0
-5032 0
-5031 0
-5030 0
-5029 0
-5028 0
-5027 0
-5026 0
-5025 0
-5024 0
-5023 0
-5022 0
-5021 0
-5020 0
-5019 0
-5018 0
-5017 0
-5016 0
-5015 0
-5014 0
-5013 0
-5012 0
-5011 0
-5010 0
-5009 0
-5008 0
-5007 0
-5006 0
-5005 0
-5004 0
-5003 0
-5002 0
-5001 0
-5000 0
-4999 0
-4998 0
-4997 0
-4996 0
-4995 0
-4994 0
-4993 0
-4992 0
-4991 0
-4990 0
-4989 0
-4988 0
-4987 0
-4986 0
-4985 0
-4984 0
-4983 0
-4982 0
-4981 0
-4980 0
-4979 0
-4978 0
-4977 0
-4976 0
-4975 0
-4974 0
-4973 0
-4972 0
-4971 0
-4970 0
-4969 0
-4968 0
-4967 0
-4966 0
-4965 0
-4964 1
-4963 0
-4962 0
-4961 0
-4960 0
-4959 0
-4958 0
-4957 0
-4956 0
-4955 0
-4954 0
-4953 1
-4952 0
-4951 0
-4950 0
-4949 0
-4948 0
-4947 0
-4946 0
-4945 0
-4944 0
-4943 0
-4942 0
-4941 0
-4940 0
-4939 0
-4938 0
-4937 0
-4936 0
-4935 0
-4934 0
-4933 0
-4932 0
-4931 0
-4930 0
-4929 0
-4928 0
-4927 0
-4926 0
-4925 0
-4924 0
-4923 0
-4922 0
-4921 0
-4920 0
-4919 0
-4918 0
-4917 0
-4916 0
-4915 0
-4914 0
-4913 0
-4912 0
-4911 0
-4910 0
-4909 0
-4908 0
-4907 0
-4906 0
-4905 0
-4904 0
-4903 0
-4902 0
-4901 0
-4900 0
-4899 0
-4898 0
-4897 0
-4896 0
-4895 0
-4894 0
-4893 0
-4892 0
-4891 0
-4890 0
-4889 0
-4888 0
-4887 0
-4886 0
-4885 0
-4884 0
-4883 1
-4882 0
-4881 0
-4880 0
-4879 0
-4878 0
-4877 0
-4876 0
-4875 0
-4874 0
-4873 0
-4872 0
-4871 0
-4870 0
-4869 0
-4868 0
-4867 0
-4866 0
-4865 0
-4864 0
-4863 0
-4862 0
-4861 0
-4860 0
-4859 0
-4858 0
-4857 0
-4856 0
-4855 0
-4854 0
-4853 0
-4852 0
-4851 0
-4850 0
-4849 0
-4848 0
-4847 0
-4846 0
-4845 0
-4844 0
-4843 0
-4842 0
-4841 0
-4840 0
-4839 0
-4838 0
-4837 0
-4836 0
-4835 0
-4834 0
-4833 0
-4832 0
-4831 0
-4830 0
-4829 0
-4828 0
-4827 0
-4826 0
-4825 0
-4824 0
-4823 0
-4822 0
-4821 0
-4820 0
-4819 0
-4818 0
-4817 0
-4816 0
-4815 0
-4814 0
-4813 0
-4812 0
-4811 1
-4810 0
-4809 0
-4808 0
-4807 0
-4806 0
-4805 0
-4804 0
-4803 0
-4802 0
-4801 0
-4800 0
-4799 0
-4798 0
-4797 0
-4796 0
-4795 0
-4794 0
-4793 0
-4792 0
-4791 0
-4790 0
-4789 0
-4788 0
-4787 0
-4786 0
-4785 0
-4784 0
-4783 0
-4782 0
-4781 1
-4780 0
-4779 0
-4778 0
-4777 0
-4776 0
-4775 0
-4774 0
-4773 0
-4772 0
-4771 0
-4770 0
-4769 0
-4768 0
-4767 0
-4766 0
-4765 0
-4764 0
-4763 0
-4762 0
-4761 0
-4760 0
-4759 0
-4758 0
-4757 0
-4756 0
-4755 0
-4754 0
-4753 0
-4752 0
-4751 0
-4750 0
-4749 0
-4748 0
-4747 0
-4746 0
-4745 0
-4744 0
-4743 0
-4742 0
-4741 0
-4740 0
-4739 0
-4738 0
-4737 1
-4736 0
-4735 0
-4734 0
-4733 0
-4732 0
-4731 0
-4730 0
-4729 0
-4728 0
-4727 0
-4726 0
-4725 0
-4724 0
-4723 0
-4722 0
-4721 0
-4720 0
-4719 0
-4718 0
-4717 0
-4716 0
-4715 0
-4714 0
-4713 0
-4712 0
-4711 0
-4710 0
-4709 0
-4708 0
-4707 0
-4706 0
-4705 0
-4704 0
-4703 0
-4702 0
-4701 0
-4700 2
-4699 0
-4698 0
-4697 0
-4696 0
-4695 0
-4694 0
-4693 1
-4692 0
-4691 0
-4690 0
-4689 0
-4688 0
-4687 0
-4686 0
-4685 0
-4684 0
-4683 0
-4682 0
-4681 0
-4680 0
-4679 0
-4678 0
-4677 0
-4676 0
-4675 0
-4674 0
-4673 0
-4672 0
-4671 0
-4670 0
-4669 0
-4668 0
-4667 0
-4666 0
-4665 0
-4664 0
-4663 0
-4662 0
-4661 0
-4660 0
-4659 0
-4658 0
-4657 1
-4656 0
-4655 0
-4654 0
-4653 0
-4652 0
-4651 0
-4650 0
-4649 0
-4648 0
-4647 0
-4646 1
-4645 0
-4644 0
-4643 0
-4642 0
-4641 0
-4640 0
-4639 0
-4638 0
-4637 0
-4636 0
-4635 0
-4634 0
-4633 0
-4632 0
-4631 0
-4630 0
-4629 0
-4628 0
-4627 0
-4626 0
-4625 0
-4624 0
-4623 0
-4622 0
-4621 0
-4620 0
-4619 0
-4618 0
-4617 0
-4616 0
-4615 0
-4614 0
-4613 0
-4612 0
-4611 0
-4610 0
-4609 0
-4608 0
-4607 0
-4606 0
-4605 0
-4604 0
-4603 0
-4602 0
-4601 0
-4600 0
-4599 0
-4598 0
-4597 0
-4596 0
-4595 0
-4594 0
-4593 0
-4592 0
-4591 0
-4590 0
-4589 0
-4588 0
-4587 0
-4586 0
-4585 0
-4584 0
-4583 0
-4582 0
-4581 0
-4580 0
-4579 0
-4578 0
-4577 0
-4576 1
-4575 0
-4574 0
-4573 0
-4572 0
-4571 0
-4570 0
-4569 0
-4568 0
-4567 0
-4566 0
-4565 0
-4564 0
-4563 0
-4562 0
-4561 0
-4560 0
-4559 0
-4558 0
-4557 0
-4556 0
-4555 0
-4554 0
-4553 0
-4552 0
-4551 0
-4550 0
-4549 0
-4548 0
-4547 0
-4546 0
-4545 0
-4544 0
-4543 0
-4542 0
-4541 0
-4540 0
-4539 0
-4538 0
-4537 0
-4536 0
-4535 0
-4534 0
-4533 0
-4532 0
-4531 0
-4530 1
-4529 0
-4528 0
-4527 0
-4526 0
-4525 0
-4524 0
-4523 0
-4522 0
-4521 0
-4520 1
-4519 0
-4518 0
-4517 0
-4516 0
-4515 0
-4514 0
-4513 0
-4512 0
-4511 0
-4510 0
-4509 0
-4508 0
-4507 0
-4506 0
-4505 0
-4504 0
-4503 0
-4502 0
-4501 0
-4500 0
-4499 0
-4498 0
-4497 0
-4496 0
-4495 0
-4494 0
-4493 0
-4492 0
-4491 0
-4490 0
-4489 0
-4488 0
-4487 0
-4486 0
-4485 0
-4484 0
-4483 0
-4482 0
-4481 0
-4480 0
-4479 0
-4478 0
-4477 0
-4476 0
-4475 0
-4474 0
-4473 0
-4472 0
-4471 0
-4470 0
-4469 0
-4468 0
-4467 0
-4466 0
-4465 0
-4464 0
-4463 0
-4462 0
-4461 0
-4460 0
-4459 0
-4458 0
-4457 0
-4456 0
-4455 0
-4454 1
-4453 0
-4452 0
-4451 0
-4450 0
-4449 0
-4448 0
-4447 0
-4446 0
-4445 0
-4444 0
-4443 0
-4442 0
-4441 0
-4440 0
-4439 1
-4438 0
-4437 0
-4436 0
-4435 0
-4434 0
-4433 0
-4432 0
-4431 0
-4430 0
-4429 0
-4428 0
-4427 1
-4426 0
-4425 0
-4424 1
-4423 1
-4422 0
-4421 0
-4420 0
-4419 0
-4418 0
-4417 0
-4416 0
-4415 0
-4414 0
-4413 0
-4412 0
-4411 0
-4410 0
-4409 0
-4408 0
-4407 0
-4406 0
-4405 0
-4404 0
-4403 0
-4402 0
-4401 0
-4400 0
-4399 0
-4398 0
-4397 0
-4396 0
-4395 0
-4394 0
-4393 0
-4392 0
-4391 0
-4390 0
-4389 0
-4388 0
-4387 0
-4386 0
-4385 0
-4384 0
-4383 0
-4382 0
-4381 0
-4380 0
-4379 0
-4378 0
-4377 0
-4376 0
-4375 0
-4374 0
-4373 0
-4372 0
-4371 0
-4370 0
-4369 0
-4368 0
-4367 0
-4366 0
-4365 0
-4364 0
-4363 0
-4362 0
-4361 0
-4360 0
-4359 0
-4358 0
-4357 0
-4356 0
-4355 0
-4354 0
-4353 0
-4352 0
-4351 0
-4350 0
-4349 0
-4348 0
-4347 0
-4346 0
-4345 0
-4344 0
-4343 0
-4342 0
-4341 0
-4340 0
-4339 0
-4338 0
-4337 0
-4336 0
-4335 0
-4334 0
-4333 0
-4332 0
-4331 0
-4330 0
-4329 0
-4328 0
-4327 0
-4326 0
-4325 0
-4324 1
-4323 0
-4322 0
-4321 1
-4320 0
-4319 1
-4318 0
-4317 0
-4316 0
-4315 0
-4314 0
-4313 0
-4312 0
-4311 0
-4310 0
-4309 1
-4308 0
-4307 0
-4306 0
-4305 0
-4304 0
-4303 0
-4302 0
-4301 0
-4300 0
-4299 0
-4298 0
-4297 0
-4296 0
-4295 0
-4294 1
-4293 0
-4292 0
-4291 0
-4290 0
-4289 0
-4288 0
-4287 0
-4286 0
-4285 0
-4284 0
-4283 0
-4282 0
-4281 0
-4280 0
-4279 0
-4278 0
-4277 0
-4276 0
-4275 0
-4274 0
-4273 0
-4272 0
-4271 0
-4270 0
-4269 0
-4268 0
-4267 0
-4266 0
-4265 0
-4264 0
-4263 0
-4262 0
-4261 0
-4260 0
-4259 0
-4258 0
-4257 0
-4256 0
-4255 0
-4254 1
-4253 1
-4252 0
-4251 0
-4250 0
-4249 0
-4248 0
-4247 0
-4246 0
-4245 0
-4244 0
-4243 0
-4242 0
-4241 0
-4240 0
-4239 0
-4238 0
-4237 1
-4236 0
-4235 0
-4234 0
-4233 0
-4232 0
-4231 0
-4230 0
-4229 1
-4228 0
-4227 0
-4226 0
-4225 0
-4224 0
-4223 0
-4222 0
-4221 0
-4220 0
-4219 0
-4218 0
-4217 0
-4216 0
-4215 0
-4214 0
-4213 0
-4212 0
-4211 0
-4210 0
-4209 1
-4208 0
-4207 0
-4206 0
-4205 1
-4204 1
-4203 0
-4202 0
-4201 0
-4200 0
-4199 0
-4198 0
-4197 0
-4196 0
-4195 0
-4194 0
-4193 0
-4192 0
-4191 0
-4190 0
-4189 0
-4188 0
-4187 0
-4186 0
-4185 0
-4184 0
-4183 0
-4182 0
-4181 0
-4180 1
-4179 0
-4178 0
-4177 0
-4176 0
-4175 0
-4174 0
-4173 0
-4172 0
-4171 0
-4170 0
-4169 0
-4168 0
-4167 0
-4166 0
-4165 0
-4164 0
-4163 0
-4162 0
-4161 0
-4160 0
-4159 0
-4158 0
-4157 0
-4156 0
-4155 0
-4154 0
-4153 0
-4152 0
-4151 0
-4150 0
-4149 0
-4148 0
-4147 0
-4146 0
-4145 0
-4144 0
-4143 0
-4142 0
-4141 0
-4140 0
-4139 0
-4138 0
-4137 0
-4136 0
-4135 0
-4134 0
-4133 0
-4132 0
-4131 0
-4130 0
-4129 0
-4128 0
-4127 0
-4126 0
-4125 0
-4124 0
-4123 0
-4122 0
-4121 1
-4120 0
-4119 1
-4118 0
-4117 0
-4116 0
-4115 0
-4114 0
-4113 0
-4112 0
-4111 0
-4110 0
-4109 0
-4108 0
-4107 0
-4106 0
-4105 0
-4104 0
-4103 0
-4102 0
-4101 0
-4100 0
-4099 0
-4098 0
-4097 0
-4096 0
-4095 0
-4094 0
-4093 0
-4092 0
-4091 0
-4090 1
-4089 0
-4088 0
-4087 0
-4086 0
-4085 0
-4084 0
-4083 0
-4082 0
-4081 0
-4080 0
-4079 0
-4078 0
-4077 0
-4076 0
-4075 0
-4074 0
-4073 0
-4072 0
-4071 0
-4070 0
-4069 0
-4068 0
-4067 0
-4066 0
-4065 0
-4064 1
-4063 0
-4062 0
-4061 1
-4060 0
-4059 0
-4058 1
-4057 0
-4056 0
-4055 0
-4054 0
-4053 0
-4052 0
-4051 0
-4050 1
-4049 0
-4048 0
-4047 0
-4046 0
-4045 0
-4044 0
-4043 0
-4042 1
-4041 0
-4040 0
-4039 0
-4038 0
-4037 0
-4036 0
-4035 0
-4034 0
-4033 0
-4032 0
-4031 0
-4030 0
-4029 0
-4028 0
-4027 0
-4026 0
-4025 0
-4024 0
-4023 0
-4022 0
-4021 0
-4020 0
-4019 0
-4018 0
-4017 0
-4016 0
-4015 0
-4014 0
-4013 0
-4012 0
-4011 0
-4010 0
-4009 0
-4008 0
-4007 0
-4006 0
-4005 0
-4004 0
-4003 0
-4002 0
-4001 0
-4000 0
-3999 0
-3998 0
-3997 0
-3996 0
-3995 0
-3994 0
-3993 0
-3992 0
-3991 0
-3990 0
-3989 0
-3988 0
-3987 0
-3986 0
-3985 0
-3984 0
-3983 1
-3982 0
-3981 0
-3980 0
-3979 0
-3978 0
-3977 0
-3976 0
-3975 0
-3974 0
-3973 0
-3972 0
-3971 0
-3970 0
-3969 0
-3968 0
-3967 0
-3966 0
-3965 0
-3964 0
-3963 0
-3962 0
-3961 0
-3960 0
-3959 0
-3958 0
-3957 0
-3956 0
-3955 0
-3954 0
-3953 0
-3952 0
-3951 0
-3950 0
-3949 0
-3948 0
-3947 0
-3946 0
-3945 0
-3944 0
-3943 0
-3942 0
-3941 0
-3940 0
-3939 0
-3938 0
-3937 0
-3936 0
-3935 0
-3934 0
-3933 0
-3932 0
-3931 0
-3930 0
-3929 0
-3928 0
-3927 0
-3926 0
-3925 0
-3924 0
-3923 0
-3922 1
-3921 0
-3920 0
-3919 0
-3918 0
-3917 0
-3916 0
-3915 0
-3914 0
-3913 0
-3912 0
-3911 0
-3910 1
-3909 0
-3908 0
-3907 0
-3906 0
-3905 0
-3904 0
-3903 0
-3902 0
-3901 0
-3900 0
-3899 0
-3898 0
-3897 0
-3896 0
-3895 0
-3894 0
-3893 0
-3892 0
-3891 0
-3890 0
-3889 0
-3888 0
-3887 0
-3886 1
-3885 0
-3884 0
-3883 0
-3882 0
-3881 0
-3880 0
-3879 0
-3878 0
-3877 0
-3876 0
-3875 0
-3874 0
-3873 0
-3872 0
-3871 0
-3870 0
-3869 0
-3868 0
-3867 0
-3866 0
-3865 0
-3864 0
-3863 0
-3862 0
-3861 0
-3860 0
-3859 0
-3858 0
-3857 0
-3856 0
-3855 0
-3854 0
-3853 0
-3852 0
-3851 0
-3850 0
-3849 0
-3848 0
-3847 0
-3846 0
-3845 1
-3844 0
-3843 0
-3842 1
-3841 0
-3840 0
-3839 0
-3838 0
-3837 0
-3836 0
-3835 0
-3834 0
-3833 0
-3832 0
-3831 0
-3830 0
-3829 0
-3828 0
-3827 0
-3826 2
-3825 0
-3824 0
-3823 0
-3822 0
-3821 0
-3820 0
-3819 0
-3818 0
-3817 1
-3816 0
-3815 0
-3814 0
-3813 0
-3812 0
-3811 0
-3810 0
-3809 0
-3808 0
-3807 0
-3806 0
-3805 0
-3804 0
-3803 0
-3802 0
-3801 0
-3800 0
-3799 0
-3798 0
-3797 0
-3796 0
-3795 0
-3794 0
-3793 0
-3792 0
-3791 0
-3790 0
-3789 0
-3788 0
-3787 0
-3786 0
-3785 0
-3784 0
-3783 0
-3782 0
-3781 1
-3780 1
-3779 0
-3778 0
-3777 0
-3776 0
-3775 0
-3774 0
-3773 0
-3772 0
-3771 0
-3770 0
-3769 0
-3768 1
-3767 1
-3766 0
-3765 0
-3764 0
-3763 0
-3762 0
-3761 0
-3760 1
-3759 0
-3758 0
-3757 0
-3756 0
-3755 0
-3754 0
-3753 0
-3752 0
-3751 0
-3750 0
-3749 0
-3748 0
-3747 1
-3746 0
-3745 0
-3744 0
-3743 0
-3742 0
-3741 0
-3740 0
-3739 0
-3738 0
-3737 0
-3736 0
-3735 0
-3734 0
-3733 0
-3732 1
-3731 1
-3730 1
-3729 0
-3728 0
-3727 0
-3726 1
-3725 0
-3724 0
-3723 0
-3722 0
-3721 0
-3720 0
-3719 0
-3718 0
-3717 0
-3716 1
-3715 0
-3714 0
-3713 0
-3712 0
-3711 0
-3710 1
-3709 0
-3708 0
-3707 0
-3706 1
-3705 0
-3704 0
-3703 0
-3702 0
-3701 0
-3700 0
-3699 1
-3698 0
-3697 1
-3696 0
-3695 0
-3694 0
-3693 0
-3692 0
-3691 0
-3690 1
-3689 0
-3688 0
-3687 0
-3686 0
-3685 0
-3684 0
-3683 0
-3682 0
-3681 0
-3680 0
-3679 0
-3678 0
-3677 0
-3676 0
-3675 0
-3674 0
-3673 0
-3672 1
-3671 0
-3670 0
-3669 0
-3668 0
-3667 1
-3666 0
-3665 0
-3664 0
-3663 2
-3662 0
-3661 0
-3660 0
-3659 0
-3658 1
-3657 0
-3656 1
-3655 0
-3654 0
-3653 0
-3652 0
-3651 0
-3650 0
-3649 0
-3648 0
-3647 0
-3646 0
-3645 0
-3644 0
-3643 0
-3642 0
-3641 0
-3640 0
-3639 0
-3638 1
-3637 0
-3636 0
-3635 0
-3634 0
-3633 0
-3632 0
-3631 0
-3630 1
-3629 1
-3628 0
-3627 0
-3626 0
-3625 1
-3624 0
-3623 0
-3622 1
-3621 0
-3620 0
-3619 0
-3618 0
-3617 0
-3616 0
-3615 1
-3614 0
-3613 0
-3612 0
-3611 0
-3610 0
-3609 0
-3608 0
-3607 0
-3606 0
-3605 0
-3604 0
-3603 0
-3602 0
-3601 0
-3600 0
-3599 0
-3598 0
-3597 0
-3596 0
-3595 0
-3594 0
-3593 0
-3592 0
-3591 0
-3590 0
-3589 0
-3588 0
-3587 0
-3586 0
-3585 0
-3584 0
-3583 1
-3582 0
-3581 0
-3580 0
-3579 0
-3578 0
-3577 0
-3576 1
-3575 0
-3574 0
-3573 0
-3572 1
-3571 0
-3570 1
-3569 0
-3568 0
-3567 0
-3566 0
-3565 0
-3564 0
-3563 0
-3562 0
-3561 0
-3560 0
-3559 0
-3558 0
-3557 1
-3556 0
-3555 0
-3554 0
-3553 0
-3552 0
-3551 0
-3550 0
-3549 0
-3548 0
-3547 0
-3546 0
-3545 1
-3544 0
-3543 0
-3542 0
-3541 0
-3540 1
-3539 0
-3538 0
-3537 0
-3536 0
-3535 0
-3534 1
-3533 0
-3532 0
-3531 0
-3530 0
-3529 0
-3528 0
-3527 0
-3526 0
-3525 1
-3524 0
-3523 0
-3522 0
-3521 1
-3520 0
-3519 0
-3518 0
-3517 0
-3516 0
-3515 0
-3514 0
-3513 0
-3512 0
-3511 0
-3510 0
-3509 0
-3508 1
-3507 0
-3506 0
-3505 0
-3504 0
-3503 0
-3502 0
-3501 0
-3500 0
-3499 0
-3498 0
-3497 0
-3496 0
-3495 0
-3494 0
-3493 1
-3492 0
-3491 1
-3490 0
-3489 0
-3488 0
-3487 0
-3486 0
-3485 0
-3484 0
-3483 0
-3482 0
-3481 0
-3480 0
-3479 0
-3478 1
-3477 0
-3476 1
-3475 1
-3474 0
-3473 1
-3472 0
-3471 0
-3470 0
-3469 0
-3468 0
-3467 0
-3466 0
-3465 0
-3464 0
-3463 0
-3462 0
-3461 0
-3460 0
-3459 1
-3458 1
-3457 0
-3456 0
-3455 0
-3454 0
-3453 0
-3452 0
-3451 0
-3450 0
-3449 0
-3448 0
-3447 0
-3446 1
-3445 0
-3444 1
-3443 0
-3442 0
-3441 0
-3440 0
-3439 1
-3438 0
-3437 1
-3436 0
-3435 0
-3434 0
-3433 0
-3432 0
-3431 0
-3430 0
-3429 0
-3428 0
-3427 1
-3426 1
-3425 1
-3424 0
-3423 1
-3422 0
-3421 1
-3420 0
-3419 0
-3418 0
-3417 0
-3416 1
-3415 0
-3414 0
-3413 0
-3412 0
-3411 1
-3410 0
-3409 0
-3408 0
-3407 1
-3406 0
-3405 0
-3404 0
-3403 0
-3402 1
-3401 1
-3400 0
-3399 0
-3398 0
-3397 0
-3396 0
-3395 0
-3394 1
-3393 0
-3392 2
-3391 0
-3390 1
-3389 1
-3388 0
-3387 0
-3386 0
-3385 0
-3384 0
-3383 1
-3382 2
-3381 0
-3380 0
-3379 0
-3378 0
-3377 1
-3376 0
-3375 1
-3374 1
-3373 0
-3372 0
-3371 0
-3370 0
-3369 0
-3368 0
-3367 0
-3366 1
-3365 0
-3364 0
-3363 0
-3362 0
-3361 0
-3360 0
-3359 0
-3358 1
-3357 0
-3356 0
-3355 0
-3354 0
-3353 0
-3352 0
-3351 0
-3350 0
-3349 0
-3348 0
-3347 0
-3346 0
-3345 1
-3344 0
-3343 0
-3342 2
-3341 2
-3340 0
-3339 1
-3338 0
-3337 0
-3336 0
-3335 0
-3334 0
-3333 0
-3332 0
-3331 0
-3330 0
-3329 0
-3328 0
-3327 0
-3326 0
-3325 1
-3324 0
-3323 0
-3322 0
-3321 0
-3320 0
-3319 0
-3318 0
-3317 1
-3316 1
-3315 0
-3314 1
-3313 0
-3312 0
-3311 0
-3310 0
-3309 0
-3308 0
-3307 0
-3306 0
-3305 0
-3304 1
-3303 0
-3302 0
-3301 0
-3300 0
-3299 1
-3298 0
-3297 1
-3296 1
-3295 0
-3294 0
-3293 0
-3292 0
-3291 0
-3290 1
-3289 0
-3288 0
-3287 1
-3286 0
-3285 1
-3284 0
-3283 0
-3282 1
-3281 1
-3280 1
-3279 0
-3278 0
-3277 0
-3276 0
-3275 0
-3274 1
-3273 0
-3272 0
-3271 1
-3270 0
-3269 0
-3268 0
-3267 0
-3266 0
-3265 0
-3264 0
-3263 0
-3262 0
-3261 0
-3260 0
-3259 0
-3258 1
-3257 1
-3256 0
-3255 0
-3254 0
-3253 1
-3252 0
-3251 0
-3250 1
-3249 0
-3248 1
-3247 0
-3246 1
-3245 0
-3244 0
-3243 0
-3242 0
-3241 0
-3240 0
-3239 0
-3238 0
-3237 0
-3236 1
-3235 1
-3234 1
-3233 0
-3232 0
-3231 0
-3230 0
-3229 1
-3228 0
-3227 0
-3226 0
-3225 0
-3224 0
-3223 0
-3222 0
-3221 0
-3220 0
-3219 0
-3218 0
-3217 0
-3216 1
-3215 0
-3214 0
-3213 0
-3212 0
-3211 0
-3210 0
-3209 0
-3208 0
-3207 0
-3206 1
-3205 0
-3204 0
-3203 0
-3202 0
-3201 0
-3200 0
-3199 0
-3198 0
-3197 0
-3196 0
-3195 0
-3194 0
-3193 0
-3192 0
-3191 0
-3190 0
-3189 0
-3188 0
-3187 0
-3186 0
-3185 0
-3184 0
-3183 0
-3182 0
-3181 1
-3180 1
-3179 0
-3178 0
-3177 1
-3176 1
-3175 0
-3174 0
-3173 0
-3172 0
-3171 0
-3170 0
-3169 0
-3168 0
-3167 1
-3166 0
-3165 0
-3164 0
-3163 0
-3162 0
-3161 1
-3160 0
-3159 0
-3158 0
-3157 1
-3156 1
-3155 0
-3154 0
-3153 0
-3152 0
-3151 0
-3150 0
-3149 0
-3148 0
-3147 1
-3146 0
-3145 0
-3144 0
-3143 0
-3142 0
-3141 0
-3140 0
-3139 0
-3138 0
-3137 1
-3136 0
-3135 1
-3134 1
-3133 0
-3132 0
-3131 0
-3130 0
-3129 1
-3128 0
-3127 0
-3126 0
-3125 1
-3124 1
-3123 1
-3122 1
-3121 0
-3120 0
-3119 1
-3118 0
-3117 0
-3116 0
-3115 0
-3114 0
-3113 0
-3112 0
-3111 1
-3110 0
-3109 1
-3108 0
-3107 0
-3106 0
-3105 0
-3104 1
-3103 0
-3102 0
-3101 0
-3100 0
-3099 0
-3098 0
-3097 0
-3096 0
-3095 1
-3094 0
-3093 0
-3092 0
-3091 2
-3090 0
-3089 0
-3088 0
-3087 1
-3086 0
-3085 0
-3084 1
-3083 0
-3082 1
-3081 0
-3080 0
-3079 0
-3078 0
-3077 1
-3076 0
-3075 1
-3074 0
-3073 3
-3072 0
-3071 0
-3070 2
-3069 1
-3068 0
-3067 0
-3066 0
-3065 0
-3064 0
-3063 0
-3062 2
-3061 0
-3060 0
-3059 0
-3058 0
-3057 0
-3056 1
-3055 0
-3054 0
-3053 0
-3052 1
-3051 1
-3050 0
-3049 0
-3048 0
-3047 0
-3046 1
-3045 0
-3044 0
-3043 2
-3042 0
-3041 1
-3040 0
-3039 0
-3038 2
-3037 0
-3036 0
-3035 0
-3034 0
-3033 1
-3032 0
-3031 0
-3030 0
-3029 0
-3028 0
-3027 0
-3026 1
-3025 0
-3024 1
-3023 0
-3022 0
-3021 0
-3020 0
-3019 0
-3018 0
-3017 1
-3016 0
-3015 1
-3014 0
-3013 3
-3012 1
-3011 0
-3010 0
-3009 0
-3008 0
-3007 0
-3006 0
-3005 2
-3004 0
-3003 1
-3002 0
-3001 0
-3000 0
-2999 1
-2998 0
-2997 0
-2996 0
-2995 2
-2994 1
-2993 1
-2992 0
-2991 0
-2990 1
-2989 0
-2988 0
-2987 0
-2986 0
-2985 1
-2984 1
-2983 0
-2982 2
-2981 0
-2980 0
-2979 0
-2978 1
-2977 0
-2976 0
-2975 0
-2974 0
-2973 1
-2972 0
-2971 0
-2970 0
-2969 0
-2968 0
-2967 0
-2966 2
-2965 0
-2964 0
-2963 0
-2962 1
-2961 0
-2960 0
-2959 0
-2958 0
-2957 0
-2956 0
-2955 0
-2954 0
-2953 0
-2952 0
-2951 2
-2950 2
-2949 0
-2948 1
-2947 1
-2946 0
-2945 1
-2944 0
-2943 0
-2942 0
-2941 0
-2940 0
-2939 0
-2938 1
-2937 1
-2936 0
-2935 0
-2934 0
-2933 2
-2932 0
-2931 0
-2930 0
-2929 0
-2928 0
-2927 0
-2926 1
-2925 0
-2924 1
-2923 0
-2922 0
-2921 0
-2920 0
-2919 1
-2918 0
-2917 0
-2916 0
-2915 0
-2914 0
-2913 1
-2912 1
-2911 2
-2910 3
-2909 0
-2908 1
-2907 0
-2906 0
-2905 1
-2904 0
-2903 0
-2902 0
-2901 0
-2900 1
-2899 0
-2898 0
-2897 1
-2896 0
-2895 1
-2894 0
-2893 0
-2892 0
-2891 0
-2890 0
-2889 0
-2888 2
-2887 3
-2886 0
-2885 1
-2884 1
-2883 1
-2882 1
-2881 0
-2880 1
-2879 0
-2878 1
-2877 1
-2876 0
-2875 0
-2874 1
-2873 0
-2872 1
-2871 0
-2870 0
-2869 0
-2868 0
-2867 0
-2866 0
-2865 0
-2864 1
-2863 1
-2862 1
-2861 0
-2860 0
-2859 0
-2858 1
-2857 0
-2856 0
-2855 0
-2854 0
-2853 2
-2852 0
-2851 0
-2850 2
-2849 0
-2848 0
-2847 0
-2846 0
-2845 1
-2844 1
-2843 0
-2842 0
-2841 0
-2840 1
-2839 0
-2838 0
-2837 1
-2836 2
-2835 0
-2834 3
-2833 2
-2832 0
-2831 2
-2830 0
-2829 1
-2828 1
-2827 1
-2826 0
-2825 3
-2824 1
-2823 0
-2822 2
-2821 0
-2820 0
-2819 0
-2818 1
-2817 0
-2816 0
-2815 0
-2814 2
-2813 0
-2812 0
-2811 2
-2810 0
-2809 0
-2808 1
-2807 0
-2806 0
-2805 0
-2804 0
-2803 0
-2802 0
-2801 1
-2800 0
-2799 0
-2798 1
-2797 0
-2796 0
-2795 0
-2794 1
-2793 0
-2792 1
-2791 0
-2790 0
-2789 0
-2788 0
-2787 0
-2786 0
-2785 1
-2784 1
-2783 4
-2782 0
-2781 0
-2780 0
-2779 0
-2778 1
-2777 0
-2776 0
-2775 0
-2774 1
-2773 0
-2772 0
-2771 0
-2770 0
-2769 1
-2768 0
-2767 1
-2766 0
-2765 0
-2764 1
-2763 0
-2762 1
-2761 2
-2760 0
-2759 1
-2758 0
-2757 1
-2756 0
-2755 0
-2754 0
-2753 1
-2752 1
-2751 1
-2750 1
-2749 2
-2748 0
-2747 0
-2746 0
-2745 0
-2744 1
-2743 1
-2742 1
-2741 0
-2740 1
-2739 1
-2738 1
-2737 1
-2736 0
-2735 0
-2734 0
-2733 1
-2732 0
-2731 1
-2730 2
-2729 0
-2728 1
-2727 0
-2726 0
-2725 0
-2724 0
-2723 0
-2722 2
-2721 0
-2720 0
-2719 2
-2718 2
-2717 0
-2716 0
-2715 0
-2714 0
-2713 0
-2712 0
-2711 0
-2710 1
-2709 0
-2708 1
-2707 0
-2706 1
-2705 0
-2704 1
-2703 1
-2702 0
-2701 0
-2700 0
-2699 0
-2698 0
-2697 0
-2696 0
-2695 0
-2694 0
-2693 0
-2692 0
-2691 0
-2690 0
-2689 1
-2688 1
-2687 0
-2686 2
-2685 1
-2684 0
-2683 2
-2682 0
-2681 1
-2680 2
-2679 0
-2678 1
-2677 0
-2676 3
-2675 0
-2674 0
-2673 1
-2672 2
-2671 0
-2670 0
-2669 2
-2668 1
-2667 1
-2666 0
-2665 1
-2664 1
-2663 1
-2662 2
-2661 1
-2660 2
-2659 1
-2658 0
-2657 3
-2656 0
-2655 0
-2654 1
-2653 0
-2652 0
-2651 0
-2650 3
-2649 0
-2648 0
-2647 3
-2646 0
-2645 3
-2644 0
-2643 0
-2642 0
-2641 2
-2640 0
-2639 1
-2638 1
-2637 0
-2636 2
-2635 1
-2634 0
-2633 1
-2632 0
-2631 2
-2630 0
-2629 1
-2628 0
-2627 1
-2626 2
-2625 0
-2624 0
-2623 2
-2622 1
-2621 0
-2620 1
-2619 0
-2618 1
-2617 0
-2616 1
-2615 1
-2614 2
-2613 2
-2612 0
-2611 0
-2610 0
-2609 1
-2608 1
-2607 1
-2606 1
-2605 2
-2604 1
-2603 1
-2602 0
-2601 2
-2600 2
-2599 1
-2598 0
-2597 0
-2596 3
-2595 1
-2594 2
-2593 0
-2592 3
-2591 2
-2590 0
-2589 0
-2588 0
-2587 0
-2586 1
-2585 0
-2584 1
-2583 0
-2582 2
-2581 0
-2580 0
-2579 1
-2578 0
-2577 3
-2576 1
-2575 3
-2574 1
-2573 0
-2572 0
-2571 3
-2570 4
-2569 0
-2568 0
-2567 1
-2566 0
-2565 0
-2564 1
-2563 0
-2562 0
-2561 2
-2560 0
-2559 0
-2558 0
-2557 1
-2556 1
-2555 1
-2554 0
-2553 2
-2552 2
-2551 0
-2550 3
-2549 3
-2548 0
-2547 0
-2546 3
-2545 0
-2544 1
-2543 0
-2542 0
-2541 1
-2540 2
-2539 1
-2538 1
-2537 0
-2536 1
-2535 1
-2534 0
-2533 1
-2532 0
-2531 0
-2530 0
-2529 1
-2528 1
-2527 0
-2526 1
-2525 0
-2524 2
-2523 0
-2522 1
-2521 0
-2520 0
-2519 1
-2518 0
-2517 0
-2516 2
-2515 0
-2514 0
-2513 1
-2512 2
-2511 0
-2510 0
-2509 2
-2508 2
-2507 1
-2506 0
-2505 2
-2504 1
-2503 2
-2502 1
-2501 2
-2500 3
-2499 0
-2498 0
-2497 0
-2496 3
-2495 1
-2494 0
-2493 0
-2492 3
-2491 0
-2490 3
-2489 1
-2488 2
-2487 4
-2486 0
-2485 3
-2484 0
-2483 3
-2482 2
-2481 0
-2480 1
-2479 3
-2478 0
-2477 2
-2476 0
-2475 0
-2474 0
-2473 0
-2472 3
-2471 2
-2470 0
-2469 1
-2468 0
-2467 0
-2466 3
-2465 1
-2464 0
-2463 2
-2462 3
-2461 0
-2460 0
-2459 3
-2458 1
-2457 1
-2456 1
-2455 0
-2454 1
-2453 1
-2452 1
-2451 3
-2450 1
-2449 1
-2448 1
-2447 3
-2446 1
-2445 3
-2444 0
-2443 0
-2442 1
-2441 3
-2440 1
-2439 2
-2438 0
-2437 2
-2436 0
-2435 0
-2434 0
-2433 0
-2432 1
-2431 1
-2430 0
-2429 0
-2428 3
-2427 2
-2426 1
-2425 2
-2424 2
-2423 3
-2422 2
-2421 3
-2420 2
-2419 2
-2418 3
-2417 0
-2416 4
-2415 5
-2414 0
-2413 4
-2412 2
-2411 1
-2410 2
-2409 2
-2408 1
-2407 4
-2406 1
-2405 6
-2404 1
-2403 1
-2402 0
-2401 0
-2400 1
-2399 1
-2398 4
-2397 1
-2396 3
-2395 1
-2394 0
-2393 0
-2392 1
-2391 1
-2390 1
-2389 2
-2388 0
-2387 1
-2386 1
-2385 3
-2384 3
-2383 0
-2382 1
-2381 3
-2380 1
-2379 2
-2378 4
-2377 0
-2376 0
-2375 1
-2374 2
-2373 3
-2372 0
-2371 0
-2370 3
-2369 2
-2368 0
-2367 1
-2366 0
-2365 0
-2364 3
-2363 0
-2362 1
-2361 0
-2360 2
-2359 1
-2358 1
-2357 3
-2356 1
-2355 1
-2354 2
-2353 2
-2352 2
-2351 1
-2350 1
-2349 4
-2348 1
-2347 2
-2346 1
-2345 2
-2344 0
-2343 0
-2342 1
-2341 2
-2340 3
-2339 2
-2338 0
-2337 1
-2336 0
-2335 1
-2334 0
-2333 0
-2332 1
-2331 1
-2330 0
-2329 3
-2328 2
-2327 1
-2326 5
-2325 2
-2324 1
-2323 1
-2322 2
-2321 1
-2320 3
-2319 1
-2318 0
-2317 1
-2316 2
-2315 2
-2314 0
-2313 0
-2312 2
-2311 2
-2310 3
-2309 3
-2308 3
-2307 2
-2306 3
-2305 2
-2304 2
-2303 2
-2302 3
-2301 4
-2300 4
-2299 1
-2298 3
-2297 1
-2296 1
-2295 1
-2294 3
-2293 4
-2292 1
-2291 2
-2290 4
-2289 3
-2288 3
-2287 0
-2286 2
-2285 2
-2284 2
-2283 1
-2282 1
-2281 3
-2280 4
-2279 0
-2278 3
-2277 2
-2276 2
-2275 1
-2274 0
-2273 2
-2272 3
-2271 3
-2270 2
-2269 0
-2268 3
-2267 0
-2266 0
-2265 0
-2264 3
-2263 1
-2262 1
-2261 5
-2260 2
-2259 2
-2258 1
-2257 2
-2256 0
-2255 4
-2254 2
-2253 4
-2252 1
-2251 2
-2250 4
-2249 2
-2248 2
-2247 1
-2246 0
-2245 0
-2244 2
-2243 4
-2242 3
-2241 3
-2240 2
-2239 0
-2238 2
-2237 2
-2236 4
-2235 1
-2234 4
-2233 2
-2232 2
-2231 2
-2230 0
-2229 1
-2228 4
-2227 2
-2226 2
-2225 1
-2224 2
-2223 2
-2222 2
-2221 1
-2220 1
-2219 0
-2218 0
-2217 0
-2216 2
-2215 0
-2214 1
-2213 2
-2212 1
-2211 2
-2210 4
-2209 1
-2208 2
-2207 0
-2206 3
-2205 1
-2204 1
-2203 2
-2202 3
-2201 2
-2200 3
-2199 1
-2198 2
-2197 1
-2196 0
-2195 3
-2194 1
-2193 2
-2192 3
-2191 2
-2190 2
-2189 1
-2188 1
-2187 1
-2186 2
-2185 1
-2184 3
-2183 1
-2182 1
-2181 2
-2180 1
-2179 1
-2178 2
-2177 3
-2176 0
-2175 1
-2174 2
-2173 1
-2172 1
-2171 2
-2170 2
-2169 1
-2168 6
-2167 4
-2166 3
-2165 0
-2164 2
-2163 0
-2162 0
-2161 2
-2160 0
-2159 1
-2158 1
-2157 2
-2156 1
-2155 0
-2154 4
-2153 0
-2152 2
-2151 3
-2150 4
-2149 2
-2148 5
-2147 2
-2146 2
-2145 3
-2144 1
-2143 1
-2142 0
-2141 2
-2140 4
-2139 2
-2138 1
-2137 4
-2136 2
-2135 2
-2134 2
-2133 1
-2132 0
-2131 2
-2130 2
-2129 2
-2128 1
-2127 1
-2126 3
-2125 0
-2124 3
-2123 2
-2122 2
-2121 2
-2120 0
-2119 5
-2118 4
-2117 2
-2116 5
-2115 0
-2114 2
-2113 1
-2112 2
-2111 3
-2110 2
-2109 5
-2108 4
-2107 4
-2106 0
-2105 2
-2104 0
-2103 1
-2102 3
-2101 1
-2100 0
-2099 2
-2098 3
-2097 2
-2096 0
-2095 4
-2094 2
-2093 5
-2092 2
-2091 4
-2090 3
-2089 4
-2088 3
-2087 2
-2086 5
-2085 1
-2084 1
-2083 2
-2082 2
-2081 2
-2080 2
-2079 4
-2078 2
-2077 0
-2076 4
-2075 1
-2074 3
-2073 1
-2072 0
-2071 2
-2070 5
-2069 2
-2068 3
-2067 5
-2066 5
-2065 2
-2064 0
-2063 1
-2062 2
-2061 2
-2060 2
-2059 4
-2058 1
-2057 1
-2056 1
-2055 3
-2054 6
-2053 1
-2052 4
-2051 2
-2050 1
-2049 1
-2048 2
-2047 0
-2046 4
-2045 1
-2044 1
-2043 2
-2042 3
-2041 3
-2040 2
-2039 1
-2038 2
-2037 6
-2036 4
-2035 5
-2034 0
-2033 1
-2032 2
-2031 1
-2030 2
-2029 1
-2028 5
-2027 2
-2026 3
-2025 2
-2024 2
-2023 3
-2022 3
-2021 2
-2020 5
-2019 1
-2018 1
-2017 0
-2016 1
-2015 1
-2014 1
-2013 1
-2012 2
-2011 2
-2010 1
-2009 3
-2008 4
-2007 0
-2006 4
-2005 3
-2004 4
-2003 2
-2002 1
-2001 4
-2000 0
-1999 2
-1998 2
-1997 2
-1996 4
-1995 3
-1994 3
-1993 1
-1992 3
-1991 1
-1990 1
-1989 2
-1988 2
-1987 3
-1986 3
-1985 5
-1984 3
-1983 7
-1982 3
-1981 1
-1980 1
-1979 3
-1978 2
-1977 4
-1976 6
-1975 4
-1974 4
-1973 5
-1972 4
-1971 1
-1970 1
-1969 3
-1968 3
-1967 1
-1966 4
-1965 3
-1964 2
-1963 1
-1962 7
-1961 2
-1960 2
-1959 2
-1958 2
-1957 1
-1956 1
-1955 2
-1954 7
-1953 2
-1952 7
-1951 4
-1950 1
-1949 3
-1948 2
-1947 3
-1946 1
-1945 6
-1944 1
-1943 1
-1942 3
-1941 4
-1940 2
-1939 0
-1938 3
-1937 1
-1936 2
-1935 2
-1934 3
-1933 3
-1932 2
-1931 0
-1930 3
-1929 3
-1928 2
-1927 2
-1926 3
-1925 5
-1924 9
-1923 3
-1922 2
-1921 1
-1920 6
-1919 4
-1918 4
-1917 4
-1916 1
-1915 2
-1914 4
-1913 8
-1912 2
-1911 4
-1910 4
-1909 4
-1908 4
-1907 5
-1906 2
-1905 6
-1904 3
-1903 4
-1902 3
-1901 1
-1900 0
-1899 3
-1898 1
-1897 3
-1896 2
-1895 6
-1894 7
-1893 5
-1892 1
-1891 3
-1890 3
-1889 5
-1888 4
-1887 3
-1886 3
-1885 5
-1884 3
-1883 5
-1882 5
-1881 5
-1880 2
-1879 4
-1878 2
-1877 2
-1876 3
-1875 6
-1874 2
-1873 4
-1872 4
-1871 2
-1870 4
-1869 5
-1868 2
-1867 2
-1866 3
-1865 5
-1864 5
-1863 3
-1862 6
-1861 5
-1860 9
-1859 4
-1858 1
-1857 2
-1856 3
-1855 4
-1854 1
-1853 2
-1852 5
-1851 3
-1850 0
-1849 3
-1848 4
-1847 3
-1846 3
-1845 5
-1844 1
-1843 6
-1842 1
-1841 11
-1840 3
-1839 2
-1838 5
-1837 2
-1836 4
-1835 6
-1834 3
-1833 3
-1832 4
-1831 5
-1830 5
-1829 3
-1828 5
-1827 4
-1826 3
-1825 3
-1824 3
-1823 2
-1822 12
-1821 3
-1820 4
-1819 6
-1818 1
-1817 9
-1816 5
-1815 6
-1814 5
-1813 4
-1812 7
-1811 2
-1810 8
-1809 1
-1808 4
-1807 1
-1806 5
-1805 5
-1804 0
-1803 3
-1802 3
-1801 3
-1800 4
-1799 2
-1798 5
-1797 2
-1796 5
-1795 4
-1794 3
-1793 5
-1792 4
-1791 2
-1790 7
-1789 3
-1788 2
-1787 3
-1786 7
-1785 4
-1784 7
-1783 2
-1782 4
-1781 3
-1780 0
-1779 7
-1778 2
-1777 2
-1776 5
-1775 3
-1774 6
-1773 2
-1772 4
-1771 1
-1770 2
-1769 3
-1768 5
-1767 3
-1766 2
-1765 9
-1764 4
-1763 9
-1762 7
-1761 2
-1760 6
-1759 0
-1758 2
-1757 2
-1756 3
-1755 6
-1754 3
-1753 5
-1752 1
-1751 6
-1750 2
-1749 5
-1748 6
-1747 7
-1746 6
-1745 3
-1744 6
-1743 0
-1742 6
-1741 4
-1740 3
-1739 4
-1738 6
-1737 10
-1736 8
-1735 6
-1734 4
-1733 2
-1732 5
-1731 4
-1730 2
-1729 6
-1728 7
-1727 9
-1726 4
-1725 3
-1724 7
-1723 5
-1722 5
-1721 3
-1720 8
-1719 3
-1718 10
-1717 7
-1716 9
-1715 4
-1714 6
-1713 5
-1712 4
-1711 4
-1710 3
-1709 6
-1708 5
-1707 6
-1706 6
-1705 9
-1704 7
-1703 4
-1702 5
-1701 2
-1700 5
-1699 8
-1698 7
-1697 6
-1696 12
-1695 5
-1694 4
-1693 4
-1692 2
-1691 4
-1690 9
-1689 10
-1688 5
-1687 8
-1686 8
-1685 4
-1684 5
-1683 8
-1682 2
-1681 6
-1680 3
-1679 7
-1678 5
-1677 4
-1676 4
-1675 3
-1674 9
-1673 3
-1672 9
-1671 9
-1670 3
-1669 3
-1668 9
-1667 3
-1666 8
-1665 5
-1664 6
-1663 6
-1662 3
-1661 5
-1660 5
-1659 5
-1658 5
-1657 5
-1656 3
-1655 6
-1654 1
-1653 8
-1652 7
-1651 7
-1650 3
-1649 3
-1648 6
-1647 7
-1646 7
-1645 5
-1644 4
-1643 6
-1642 1
-1641 4
-1640 9
-1639 8
-1638 4
-1637 1
-1636 8
-1635 3
-1634 6
-1633 7
-1632 6
-1631 3
-1630 10
-1629 5
-1628 4
-1627 5
-1626 7
-1625 9
-1624 8
-1623 4
-1622 4
-1621 3
-1620 5
-1619 6
-1618 8
-1617 5
-1616 3
-1615 7
-1614 6
-1613 9
-1612 7
-1611 7
-1610 6
-1609 5
-1608 4
-1607 7
-1606 7
-1605 9
-1604 2
-1603 6
-1602 5
-1601 10
-1600 3
-1599 4
-1598 6
-1597 2
-1596 3
-1595 2
-1594 9
-1593 6
-1592 10
-1591 4
-1590 7
-1589 7
-1588 4
-1587 12
-1586 3
-1585 5
-1584 9
-1583 9
-1582 3
-1581 10
-1580 2
-1579 10
-1578 6
-1577 7
-1576 2
-1575 8
-1574 7
-1573 3
-1572 7
-1571 11
-1570 9
-1569 11
-1568 9
-1567 3
-1566 10
-1565 10
-1564 4
-1563 5
-1562 5
-1561 12
-1560 3
-1559 6
-1558 9
-1557 12
-1556 8
-1555 4
-1554 9
-1553 2
-1552 9
-1551 9
-1550 4
-1549 6
-1548 9
-1547 3
-1546 5
-1545 8
-1544 6
-1543 7
-1542 5
-1541 7
-1540 12
-1539 10
-1538 7
-1537 6
-1536 5
-1535 6
-1534 13
-1533 5
-1532 13
-1531 5
-1530 7
-1529 11
-1528 11
-1527 5
-1526 6
-1525 6
-1524 6
-1523 10
-1522 5
-1521 3
-1520 8
-1519 2
-1518 11
-1517 7
-1516 5
-1515 10
-1514 3
-1513 9
-1512 7
-1511 5
-1510 4
-1509 7
-1508 9
-1507 7
-1506 11
-1505 10
-1504 8
-1503 9
-1502 10
-1501 3
-1500 6
-1499 3
-1498 8
-1497 10
-1496 12
-1495 7
-1494 9
-1493 5
-1492 7
-1491 9
-1490 8
-1489 7
-1488 11
-1487 10
-1486 3
-1485 10
-1484 6
-1483 7
-1482 10
-1481 14
-1480 5
-1479 8
-1478 11
-1477 9
-1476 9
-1475 3
-1474 14
-1473 6
-1472 12
-1471 8
-1470 9
-1469 6
-1468 9
-1467 6
-1466 8
-1465 7
-1464 8
-1463 11
-1462 5
-1461 6
-1460 11
-1459 7
-1458 11
-1457 7
-1456 9
-1455 5
-1454 14
-1453 7
-1452 11
-1451 8
-1450 6
-1449 10
-1448 5
-1447 5
-1446 13
-1445 7
-1444 5
-1443 11
-1442 10
-1441 7
-1440 4
-1439 9
-1438 5
-1437 4
-1436 5
-1435 9
-1434 9
-1433 9
-1432 7
-1431 7
-1430 8
-1429 6
-1428 9
-1427 9
-1426 6
-1425 9
-1424 9
-1423 5
-1422 5
-1421 5
-1420 5
-1419 9
-1418 11
-1417 6
-1416 12
-1415 5
-1414 8
-1413 11
-1412 5
-1411 5
-1410 10
-1409 7
-1408 11
-1407 9
-1406 14
-1405 6
-1404 8
-1403 9
-1402 1
-1401 8
-1400 6
-1399 5
-1398 8
-1397 9
-1396 9
-1395 8
-1394 6
-1393 12
-1392 5
-1391 12
-1390 7
-1389 11
-1388 10
-1387 7
-1386 5
-1385 10
-1384 15
-1383 12
-1382 4
-1381 9
-1380 7
-1379 10
-1378 14
-1377 14
-1376 9
-1375 9
-1374 12
-1373 6
-1372 9
-1371 10
-1370 13
-1369 10
-1368 7
-1367 6
-1366 14
-1365 5
-1364 8
-1363 8
-1362 9
-1361 6
-1360 11
-1359 12
-1358 9
-1357 7
-1356 6
-1355 12
-1354 10
-1353 12
-1352 10
-1351 5
-1350 9
-1349 10
-1348 10
-1347 12
-1346 8
-1345 12
-1344 13
-1343 11
-1342 6
-1341 10
-1340 11
-1339 7
-1338 9
-1337 10
-1336 9
-1335 11
-1334 16
-1333 13
-1332 13
-1331 3
-1330 14
-1329 13
-1328 15
-1327 6
-1326 14
-1325 16
-1324 14
-1323 9
-1322 5
-1321 10
-1320 6
-1319 17
-1318 10
-1317 12
-1316 9
-1315 10
-1314 8
-1313 15
-1312 8
-1311 13
-1310 12
-1309 15
-1308 13
-1307 8
-1306 12
-1305 11
-1304 13
-1303 9
-1302 11
-1301 18
-1300 13
-1299 12
-1298 10
-1297 14
-1296 15
-1295 9
-1294 17
-1293 9
-1292 9
-1291 16
-1290 11
-1289 16
-1288 11
-1287 13
-1286 11
-1285 11
-1284 13
-1283 16
-1282 10
-1281 10
-1280 12
-1279 11
-1278 11
-1277 14
-1276 13
-1275 10
-1274 8
-1273 12
-1272 9
-1271 13
-1270 15
-1269 10
-1268 6
-1267 14
-1266 13
-1265 17
-1264 10
-1263 15
-1262 14
-1261 10
-1260 13
-1259 11
-1258 13
-1257 14
-1256 7
-1255 10
-1254 12
-1253 18
-1252 23
-1251 8
-1250 11
-1249 10
-1248 9
-1247 14
-1246 10
-1245 8
-1244 9
-1243 17
-1242 14
-1241 14
-1240 10
-1239 13
-1238 12
-1237 12
-1236 25
-1235 6
-1234 16
-1233 4
-1232 13
-1231 12
-1230 15
-1229 7
-1228 22
-1227 11
-1226 12
-1225 8
-1224 10
-1223 11
-1222 17
-1221 15
-1220 9
-1219 12
-1218 12
-1217 11
-1216 16
-1215 17
-1214 11
-1213 15
-1212 21
-1211 12
-1210 18
-1209 14
-1208 15
-1207 13
-1206 13
-1205 7
-1204 14
-1203 8
-1202 19
-1201 14
-1200 15
-1199 17
-1198 7
-1197 11
-1196 10
-1195 15
-1194 14
-1193 16
-1192 18
-1191 12
-1190 16
-1189 14
-1188 18
-1187 12
-1186 13
-1185 14
-1184 17
-1183 11
-1182 17
-1181 10
-1180 13
-1179 11
-1178 17
-1177 11
-1176 15
-1175 10
-1174 12
-1173 15
-1172 14
-1171 13
-1170 15
-1169 9
-1168 18
-1167 11
-1166 11
-1165 11
-1164 17
-1163 8
-1162 16
-1161 19
-1160 11
-1159 17
-1158 20
-1157 11
-1156 17
-1155 21
-1154 29
-1153 19
-1152 18
-1151 12
-1150 23
-1149 9
-1148 10
-1147 15
-1146 18
-1145 29
-1144 14
-1143 16
-1142 15
-1141 14
-1140 20
-1139 19
-1138 14
-1137 16
-1136 22
-1135 15
-1134 21
-1133 20
-1132 20
-1131 20
-1130 22
-1129 23
-1128 25
-1127 26
-1126 12
-1125 22
-1124 22
-1123 18
-1122 19
-1121 14
-1120 23
-1119 12
-1118 28
-1117 18
-1116 10
-1115 19
-1114 13
-1113 16
-1112 20
-1111 29
-1110 22
-1109 23
-1108 17
-1107 17
-1106 15
-1105 14
-1104 20
-1103 18
-1102 29
-1101 20
-1100 24
-1099 17
-1098 12
-1097 21
-1096 11
-1095 26
-1094 18
-1093 24
-1092 14
-1091 13
-1090 26
-1089 32
-1088 17
-1087 23
-1086 18
-1085 27
-1084 18
-1083 17
-1082 22
-1081 24
-1080 22
-1079 17
-1078 13
-1077 16
-1076 21
-1075 24
-1074 37
-1073 28
-1072 31
-1071 15
-1070 29
-1069 23
-1068 19
-1067 20
-1066 23
-1065 23
-1064 15
-1063 22
-1062 23
-1061 20
-1060 21
-1059 17
-1058 25
-1057 23
-1056 24
-1055 22
-1054 26
-1053 26
-1052 28
-1051 32
-1050 23
-1049 25
-1048 20
-1047 26
-1046 26
-1045 15
-1044 28
-1043 16
-1042 19
-1041 12
-1040 15
-1039 22
-1038 29
-1037 34
-1036 19
-1035 17
-1034 29
-1033 31
-1032 25
-1031 24
-1030 23
-1029 27
-1028 22
-1027 21
-1026 31
-1025 16
-1024 23
-1023 22
-1022 23
-1021 21
-1020 21
-1019 17
-1018 28
-1017 24
-1016 23
-1015 38
-1014 23
-1013 29
-1012 26
-1011 24
-1010 21
-1009 24
-1008 15
-1007 29
-1006 29
-1005 31
-1004 29
-1003 28
-1002 21
-1001 28
-1000 27
-999 32
-998 27
-997 24
-996 34
-995 27
-994 17
-993 28
-992 19
-991 16
-990 25
-989 31
-988 27
-987 31
-986 21
-985 24
-984 29
-983 27
-982 26
-981 26
-980 23
-979 19
-978 25
-977 25
-976 27
-975 23
-974 30
-973 20
-972 27
-971 30
-970 35
-969 27
-968 27
-967 26
-966 32
-965 25
-964 36
-963 28
-962 31
-961 32
-960 25
-959 27
-958 30
-957 29
-956 27
-955 30
-954 20
-953 28
-952 29
-951 21
-950 34
-949 27
-948 29
-947 42
-946 20
-945 28
-944 25
-943 32
-942 32
-941 37
-940 33
-939 25
-938 30
-937 31
-936 38
-935 31
-934 28
-933 24
-932 29
-931 32
-930 31
-929 28
-928 41
-927 42
-926 35
-925 31
-924 44
-923 32
-922 31
-921 40
-920 30
-919 25
-918 23
-917 26
-916 35
-915 35
-914 43
-913 22
-912 27
-911 35
-910 33
-909 29
-908 28
-907 27
-906 39
-905 30
-904 14
-903 49
-902 37
-901 28
-900 43
-899 35
-898 32
-897 36
-896 41
-895 33
-894 28
-893 28
-892 44
-891 35
-890 39
-889 32
-888 34
-887 36
-886 26
-885 37
-884 46
-883 26
-882 37
-881 31
-880 28
-879 47
-878 52
-877 37
-876 34
-875 38
-874 41
-873 37
-872 28
-871 37
-870 35
-869 40
-868 34
-867 41
-866 36
-865 36
-864 51
-863 38
-862 36
-861 33
-860 42
-859 40
-858 45
-857 41
-856 42
-855 35
-854 37
-853 45
-852 37
-851 39
-850 42
-849 42
-848 34
-847 37
-846 41
-845 42
-844 33
-843 54
-842 53
-841 50
-840 40
-839 51
-838 43
-837 38
-836 50
-835 38
-834 51
-833 55
-832 51
-831 41
-830 40
-829 43
-828 39
-827 46
-826 50
-825 43
-824 44
-823 44
-822 48
-821 43
-820 43
-819 53
-818 43
-817 41
-816 31
-815 50
-814 53
-813 61
-812 54
-811 51
-810 39
-809 56
-808 50
-807 48
-806 47
-805 37
-804 35
-803 48
-802 43
-801 44
-800 48
-799 53
-798 42
-797 55
-796 48
-795 46
-794 49
-793 53
-792 52
-791 45
-790 54
-789 41
-788 69
-787 51
-786 59
-785 59
-784 51
-783 50
-782 53
-781 53
-780 57
-779 45
-778 51
-777 46
-776 52
-775 40
-774 54
-773 52
-772 42
-771 43
-770 58
-769 57
-768 49
-767 54
-766 49
-765 46
-764 49
-763 52
-762 72
-761 59
-760 42
-759 53
-758 63
-757 55
-756 55
-755 38
-754 56
-753 51
-752 58
-751 58
-750 60
-749 68
-748 53
-747 44
-746 68
-745 68
-744 53
-743 54
-742 52
-741 64
-740 59
-739 53
-738 61
-737 53
-736 68
-735 63
-734 47
-733 48
-732 56
-731 55
-730 58
-729 54
-728 62
-727 68
-726 57
-725 56
-724 66
-723 57
-722 70
-721 58
-720 63
-719 57
-718 67
-717 63
-716 79
-715 57
-714 57
-713 76
-712 56
-711 60
-710 64
-709 68
-708 70
-707 53
-706 62
-705 76
-704 62
-703 67
-702 61
-701 77
-700 70
-699 55
-698 77
-697 68
-696 78
-695 63
-694 69
-693 68
-692 77
-691 82
-690 58
-689 71
-688 75
-687 68
-686 62
-685 58
-684 69
-683 79
-682 70
-681 65
-680 72
-679 80
-678 76
-677 72
-676 75
-675 53
-674 65
-673 86
-672 81
-671 66
-670 72
-669 71
-668 61
-667 69
-666 70
-665 67
-664 65
-663 85
-662 84
-661 69
-660 86
-659 81
-658 79
-657 71
-656 57
-655 78
-654 74
-653 78
-652 67
-651 76
-650 75
-649 75
-648 75
-647 85
-646 78
-645 88
-644 89
-643 69
-642 89
-641 82
-640 81
-639 80
-638 93
-637 83
-636 87
-635 71
-634 89
-633 76
-632 83
-631 84
-630 77
-629 81
-628 80
-627 70
-626 79
-625 96
-624 100
-623 84
-622 87
-621 88
-620 91
-619 94
-618 103
-617 88
-616 78
-615 88
-614 79
-613 97
-612 94
-611 104
-610 99
-609 87
-608 83
-607 84
-606 108
-605 76
-604 93
-603 84
-602 105
-601 94
-600 89
-599 98
-598 105
-597 93
-596 90
-595 95
-594 97
-593 109
-592 88
-591 107
-590 108
-589 98
-588 92
-587 106
-586 110
-585 97
-584 103
-583 98
-582 98
-581 121
-580 100
-579 104
-578 119
-577 110
-576 102
-575 107
-574 114
-573 99
-572 97
-571 113
-570 113
-569 112
-568 118
-567 106
-566 99
-565 117
-564 101
-563 95
-562 121
-561 109
-560 97
-559 88
-558 118
-557 121
-556 94
-555 109
-554 127
-553 118
-552 106
-551 126
-550 106
-549 124
-548 138
-547 103
-546 110
-545 120
-544 114
-543 117
-542 106
-541 128
-540 129
-539 104
-538 107
-537 142
-536 129
-535 148
-534 104
-533 113
-532 124
-531 101
-530 124
-529 125
-528 128
-527 123
-526 116
-525 123
-524 150
-523 141
-522 133
-521 130
-520 124
-519 118
-518 149
-517 128
-516 146
-515 139
-514 124
-513 141
-512 119
-511 161
-510 136
-509 138
-508 141
-507 146
-506 129
-505 127
-504 156
-503 154
-502 170
-501 140
-500 140
-499 146
-498 136
-497 140
-496 165
-495 153
-494 144
-493 150
-492 144
-491 159
-490 142
-489 144
-488 120
-487 143
-486 143
-485 162
-484 147
-483 167
-482 157
-481 159
-480 146
-479 153
-478 153
-477 147
-476 154
-475 166
-474 142
-473 139
-472 159
-471 184
-470 170
-469 170
-468 179
-467 169
-466 177
-465 160
-464 171
-463 181
-462 172
-461 186
-460 166
-459 174
-458 175
-457 161
-456 158
-455 185
-454 147
-453 177
-452 196
-451 172
-450 178
-449 171
-448 166
-447 171
-446 171
-445 167
-444 196
-443 172
-442 185
-441 198
-440 179
-439 201
-438 203
-437 182
-436 188
-435 195
-434 195
-433 198
-432 198
-431 191
-430 228
-429 194
-428 194
-427 227
-426 233
-425 192
-424 223
-423 212
-422 208
-421 209
-420 200
-419 197
-418 197
-417 203
-416 204
-415 215
-414 208
-413 213
-412 211
-411 211
-410 207
-409 195
-408 218
-407 224
-406 227
-405 231
-404 212
-403 242
-402 221
-401 225
-400 197
-399 246
-398 233
-397 225
-396 222
-395 210
-394 239
-393 215
-392 228
-391 247
-390 243
-389 225
-388 245
-387 231
-386 249
-385 247
-384 248
-383 263
-382 269
-381 274
-380 255
-379 276
-378 274
-377 253
-376 228
-375 261
-374 262
-373 283
-372 270
-371 262
-370 264
-369 268
-368 284
-367 257
-366 276
-365 334
-364 285
-363 302
-362 268
-361 279
-360 304
-359 295
-358 323
-357 330
-356 301
-355 282
-354 271
-353 303
-352 315
-351 325
-350 305
-349 302
-348 305
-347 313
-346 285
-345 317
-344 322
-343 319
-342 315
-341 286
-340 340
-339 292
-338 297
-337 314
-336 345
-335 354
-334 316
-333 330
-332 320
-331 340
-330 345
-329 348
-328 374
-327 323
-326 356
-325 329
-324 355
-323 370
-322 333
-321 362
-320 390
-319 365
-318 344
-317 362
-316 371
-315 368
-314 384
-313 387
-312 374
-311 385
-310 376
-309 390
-308 358
-307 389
-306 412
-305 401
-304 423
-303 415
-302 399
-301 400
-300 374
-299 412
-298 407
-297 446
-296 410
-295 422
-294 408
-293 423
-292 436
-291 448
-290 429
-289 453
-288 410
-287 455
-286 442
-285 445
-284 414
-283 463
-282 456
-281 458
-280 428
-279 472
-278 449
-277 489
-276 486
-275 473
-274 494
-273 520
-272 443
-271 500
-270 526
-269 505
-268 502
-267 517
-266 472
-265 530
-264 522
-263 516
-262 545
-261 507
-260 504
-259 556
-258 566
-257 545
-256 567
-255 554
-254 562
-253 536
-252 593
-251 600
-250 544
-249 578
-248 545
-247 554
-246 618
-245 590
-244 580
-243 613
-242 604
-241 594
-240 644
-239 598
-238 668
-237 677
-236 613
-235 656
-234 653
-233 702
-232 661
-231 682
-230 689
-229 679
-228 713
-227 691
-226 696
-225 715
-224 712
-223 711
-222 694
-221 690
-220 728
-219 708
-218 755
-217 763
-216 783
-215 755
-214 784
-213 764
-212 770
-211 862
-210 745
-209 916
-208 810
-207 835
-206 803
-205 840
-204 844
-203 873
-202 859
-201 892
-200 868
-199 865
-198 869
-197 919
-196 935
-195 952
-194 914
-193 976
-192 1027
-191 994
-190 967
-189 1002
-188 1040
-187 949
-186 948
-185 1056
-184 1079
-183 1041
-182 1044
-181 1075
-180 1058
-179 1099
-178 1083
-177 1060
-176 1137
-175 1111
-174 1194
-173 1124
-172 1111
-171 1160
-170 1189
-169 1238
-168 1169
-167 1202
-166 1256
-165 1260
-164 1229
-163 1296
-162 1266
-161 1225
-160 1334
-159 1309
-158 1285
-157 1315
-156 1393
-155 1441
-154 1434
-153 1430
-152 1444
-151 1439
-150 1592
-149 1476
-148 1531
-147 1566
-146 1615
-145 1484
-144 1606
-143 1583
-142 1650
-141 1619
-140 1724
-139 1739
-138 1753
-137 1731
-136 1790
-135 1782
-134 1769
-133 1872
-132 1793
-131 1909
-130 1907
-129 1968
-128 1960
-127 2077
-126 2036
-125 2074
-124 2163
-123 2053
-122 2153
-121 2177
-120 2087
-119 2216
-118 2256
-117 2162
-116 2346
-115 2430
-114 2422
-113 2596
-112 2462
-111 2540
-110 2556
-109 2570
-108 2653
-107 2628
-106 2746
-105 2729
-104 2756
-103 2926
-102 3060
-101 3044
-100 3033
-99 3073
-98 3180
-97 3165
-96 3266
-95 3348
-94 3356
-93 3536
-92 3381
-91 3520
-90 3519
-89 3648
-88 3770
-87 3914
-86 3953
-85 4049
-84 4113
-83 4196
-82 4283
-81 4365
-80 4312
-79 4608
-78 4727
-77 4711
-76 4769
-75 5011
-74 5140
-73 5329
-72 5491
-71 5484
-70 5617
-69 5777
-68 5877
-67 6131
-66 6155
-65 6281
-64 6507
-63 6848
-62 6974
-61 7237
-60 7446
-59 7604
-58 7779
-57 8028
-56 8262
-55 8525
-54 8742
-53 9107
-52 9097
-51 9721
-50 10096
-49 10478
-48 10747
-47 11085
-46 11698
-45 12085
-44 12523
-43 13351
-42 13531
-41 14284
-40 14658
-39 15604
-38 16299
-37 16936
-36 17658
-35 18418
-34 19544
-33 20589
-32 21584
-31 23011
-30 24663
-29 25970
-28 27607
-27 29166
-26 31089
-25 33739
-24 36406
-23 39124
-22 42128
-21 46218
-20 50170
-19 54983
-18 60696
-17 68073
-16 75751
-15 84289
-14 96197
-13 110426
-12 128280
-11 151333
-10 181377
-9 223002
-8 281826
-7 369639
-6 508302
-5 753972
-4 1265180
-3 2632483
-2 8423373
-1 110695942
0 0
1 115591311
2 4561947
3 1631268
4 923430
5 600456
6 426590
7 320470
8 250227
9 201247
10 166332
11 139890
12 118979
13 103608
14 90334
15 80486
16 71844
17 64749
18 58505
19 52810
20 48231
21 44189
22 40826
23 37682
24 35045
25 32811
26 30328
27 28450
28 26839
29 25334
30 24072
31 22636
32 21422
33 20108
34 19101
35 18148
36 17083
37 16571
38 16001
39 15429
40 14457
41 13781
42 13480
43 12789
44 12292
45 12046
46 11488
47 10980
48 10681
49 10137
50 10117
51 9522
52 9171
53 8896
54 8548
55 8473
56 8223
57 7937
58 7636
59 7613
60 7169
61 7096
62 6698
63 6628
64 6400
65 6244
66 6273
67 5929
68 5897
69 5890
70 5565
71 5415
72 5261
73 5296
74 5000
75 4972
76 4777
77 4833
78 4604
79 4490
80 4401
81 4221
82 4195
83 4171
84 4147
85 3957
86 3984
87 3796
88 3652
89 3671
90 3531
91 3484
92 3432
93 3303
94 3320
95 3334
96 3287
97 3242
98 3204
99 3150
100 2977
101 2931
102 2993
103 2853
104 2796
105 2766
106 2725
107 2620
108 2715
109 2558
110 2585
111 2557
112 2512
113 2459
114 2522
115 2340
116 2287
117 2393
118 2266
119 2229
120 2209
121 2155
122 2087
123 2048
124 1996
125 2040
126 2061
127 2035
128 1935
129 1980
130 1897
131 1808
132 1852
133 1828
134 1753
135 1778
136 1807
137 1633
138 1691
139 1676
140 1653
141 1649
142 1630
143 1588
144 1633
145 1638
146 1534
147 1575
148 1574
149 1578
150 1514
151 1392
152 1411
153 1379
154 1390
155 1401
156 1346
157 1319
158 1276
159 1312
160 1245
161 1300
162 1287
163 1276
164 1231
165 1195
166 1209
167 1223
168 1205
169 1183
170 1212
171 1136
172 1174
173 1125
174 1134
175 1140
176 1137
177 1097
178 1050
179 1054
180 1061
181 1034
182 1050
183 1042
184 1002
185 1068
186 1016
187 1032
188 990
189 946
190 933
191 979
192 992
193 950
194 904
195 949
196 961
197 915
198 907
199 856
200 880
201 860
202 909
203 815
204 830
205 860
206 847
207 856
208 851
209 813
210 833
211 815
212 780
213 771
214 745
215 729
216 733
217 772
218 752
219 726
220 696
221 720
222 751
223 746
224 735
225 705
226 717
227 709
228 712
229 665
230 662
231 689
232 662
233 640
234 659
235 697
236 666
237 648
238 640
239 640
240 606
241 612
242 591
243 596
244 642
245 551
246 551
247 578
248 613
249 559
250 529
251 562
252 543
253 563
254 551
255 488
256 568
257 535
258 574
259 524
260 536
261 530
262 517
263 527
264 526
265 489
266 507
267 517
268 476
269 538
270 478
271 504
272 496
273 457
274 469
275 481
276 491
277 483
278 436
279 443
280 477
281 482
282 418
283 462
284 472
285 432
286 419
287 422
288 435
289 471
290 461
291 459
292 413
293 394
294 388
295 428
296 438
297 418
298 417
299 425
300 394
301 345
302 405
303 370
304 396
305 380
306 402
307 361
308 416
309 367
310 381
311 372
312 363
313 379
314 385
315 347
316 374
317 363
318 362
319 379
320 328
321 387
322 353
323 380
324 351
325 358
326 373
327 357
328 390
329 333
330 320
331 334
332 306
333 328
334 312
335 335
336 310
337 324
338 296
339 313
340 311
341 319
342 333
343 305
344 313
345 307
346 304
347 317
348 307
349 295
350 292
351 314
352 291
353 285
354 317
355 305
356 304
357 311
358 310
359 288
360 298
361 296
362 314
363 275
364 292
365 265
366 271
367 293
368 262
369 293
370 289
371 261
372 289
373 291
374 264
375 272
376 247
377 267
378 260
379 268
380 234
381 245
382 248
383 269
384 242
385 226
386 267
387 242
388 219
389 240
390 210
391 225
392 227
393 258
394 212
395 208
396 241
397 239
398 230
399 235
400 222
401 231
402 227
403 222
404 209
405 224
406 242
407 242
408 249
409 222
410 214
411 202
412 199
413 211
414 221
415 190
416 197
417 204
418 191
419 219
420 181
421 187
422 206
423 235
424 219
425 201
426 202
427 206
428 191
429 217
430 199
431 191
432 178
433 193
434 171
435 168
436 187
437 197
438 202
439 189
440 200
441 190
442 189
443 186
444 183
445 184
446 163
447 185
448 182
449 186
450 190
451 171
452 162
453 173
454 168
455 174
456 154
457 172
458 180
459 174
460 178
461 196
462 165
463 180
464 164
465 156
466 175
467 148
468 166
469 163
470 167
471 176
472 162
473 173
474 157
475 158
476 147
477 156
478 156
479 145
480 166
481 170
482 148
483 157
484 164
485 126
486 139
487 146
488 144
489 145
490 142
491 159
492 149
493 158
494 160
495 144
496 131
497 139
498 157
499 147
500 146
501 132
502 138
503 137
504 152
505 138
506 130
507 144
508 138
509 133
510 135
511 129
512 134
513 125
514 148
515 146
516 101
517 132
518 148
519 141
520 150
521 119
522 143
523 98
524 134
525 127
526 104
527 136
528 117
529 111
530 118
531 137
532 130
533 113
534 138
535 120
536 117
537 111
538 124
539 126
540 113
541 114
542 133
543 107
544 135
545 129
546 109
547 130
548 130
549 119
550 122
551 104
552 115
553 97
554 111
555 99
556 110
557 114
558 102
559 112
560 111
561 104
562 109
563 109
564 78
565 117
566 117
567 103
568 121
569 113
570 104
571 109
572 119
573 119
574 88
575 99
576 101
577 108
578 109
579 104
580 96
581 100
582 102
583 95
584 91
585 100
586 91
587 85
588 107
589 105
590 99
591 105
592 85
593 107
594 110
595 81
596 103
597 92
598 98
599 89
600 103
601 89
602 97
603 94
604 83
605 89
606 93
607 85
608 87
609 69
610 92
611 93
612 103
613 103
614 79
615 84
616 84
617 69
618 78
619 86
620 101
621 96
622 86
623 88
624 96
625 89
626 89
627 81
628 84
629 81
630 57
631 98
632 82
633 92
634 80
635 92
636 98
637 92
638 107
639 66
640 89
641 92
642 85
643 71
644 69
645 84
646 65
647 69
648 75
649 69
650 73
651 90
652 76
653 72
654 94
655 73
656 63
657 63
658 70
659 95
660 67
661 76
662 76
663 71
664 80
665 74
666 86
667 68
668 65
669 78
670 71
671 74
672 82
673 77
674 70
675 76
676 74
677 57
678 79
679 58
680 64
681 76
682 73
683 59
684 74
685 65
686 74
687 79
688 69
689 68
690 75
691 71
692 58
693 83
694 50
695 66
696 61
697 74
698 54
699 57
700 78
701 83
702 84
703 53
704 80
705 64
706 68
707 76
708 60
709 66
710 69
711 65
712 58
713 66
714 75
715 65
716 71
717 58
718 70
719 80
720 57
721 59
722 66
723 69
724 82
725 55
726 58
727 56
728 57
729 73
730 62
731 58
732 57
733 61
734 52
735 50
736 62
737 52
738 65
739 55
740 54
741 50
742 55
743 57
744 60
745 49
746 69
747 70
748 49
749 70
750 69
751 47
752 60
753 50
754 53
755 51
756 55
757 64
758 65
759 57
760 76
761 60
762 51
763 59
764 60
765 52
766 48
767 51
768 51
769 42
770 40
771 51
772 54
773 41
774 55
775 52
776 56
777 45
778 40
779 52
780 66
781 41
782 46
783 51
784 61
785 48
786 54
787 38
788 36
789 44
790 57
791 55
792 47
793 51
794 34
795 46
796 40
797 45
798 42
799 52
800 47
801 33
802 65
803 51
804 38
805 47
806 44
807 52
808 45
809 51
810 43
811 39
812 37
813 42
814 51
815 49
816 44
817 42
818 61
819 43
820 52
821 37
822 53
823 43
824 35
825 45
826 39
827 45
828 48
829 47
830 45
831 50
832 56
833 34
834 52
835 42
836 36
837 41
838 45
839 37
840 46
841 31
842 44
843 62
844 41
845 32
846 34
847 41
848 39
849 47
850 37
851 38
852 39
853 42
854 49
855 50
856 33
857 46
858 34
859 42
860 36
861 38
862 37
863 49
864 33
865 42
866 27
867 36
868 42
869 45
870 35
871 41
872 32
873 42
874 36
875 35
876 37
877 35
878 46
879 45
880 30
881 45
882 33
883 33
884 36
885 33
886 35
887 42
888 40
889 31
890 23
891 27
892 44
893 32
894 28
895 29
896 20
897 35
898 41
899 41
900 24
901 39
902 29
903 36
904 29
905 29
906 29
907 34
908 30
909 34
910 34
911 41
912 18
913 34
914 38
915 32
916 30
917 34
918 36
919 35
920 28
921 35
922 29
923 35
924 34
925 39
926 22
927 31
928 34
929 32
930 25
931 29
932 28
933 21
934 33
935 37
936 19
937 42
938 23
939 24
940 37
941 31
942 26
943 42
944 28
945 27
946 24
947 38
948 20
949 29
950 25
951 33
952 24
953 30
954 29
955 28
956 33
957 30
958 27
959 33
960 30
961 35
962 36
963 25
964 32
965 24
966 34
967 28
968 25
969 25
970 23
971 33
972 26
973 26
974 21
975 22
976 24
977 22
978 25
979 28
980 24
981 21
982 30
983 31
984 30
985 25
986 20
987 26
988 16
989 29
990 21
991 31
992 17
993 32
994 20
995 11
996 20
997 24
998 36
999 22
1000 26
1001 31
1002 38
1003 31
1004 33
1005 24
1006 24
1007 24
1008 29
1009 29
1010 25
1011 26
1012 21
1013 17
1014 18
1015 29
1016 34
1017 22
1018 27
1019 28
1020 18
1021 18
1022 26
1023 28
1024 23
1025 18
1026 29
1027 22
1028 26
1029 21
1030 31
1031 24
1032 29
1033 22
1034 30
1035 15
1036 20
1037 16
1038 24
1039 28
1040 25
1041 19
1042 26
1043 27
1044 32
1045 22
1046 20
1047 27
1048 18
1049 20
1050 23
1051 21
1052 16
1053 25
1054 16
1055 32
1056 23
1057 25
1058 18
1059 20
1060 22
1061 17
1062 20
1063 18
1064 25
1065 17
1066 24
1067 19
1068 25
1069 29
1070 18
1071 21
1072 19
1073 20
1074 26
1075 32
1076 21
1077 17
1078 21
1079 21
1080 23
1081 16
1082 21
1083 18
1084 24
1085 30
1086 19
1087 15
1088 25
1089 17
1090 15
1091 20
1092 24
1093 20
1094 23
1095 32
1096 22
1097 21
1098 22
1099 20
1100 17
1101 20
1102 21
1103 20
1104 20
1105 18
1106 16
1107 17
1108 31
1109 17
1110 21
1111 22
1112 26
1113 17
1114 14
1115 22
1116 22
1117 19
1118 17
1119 17
1120 15
1121 21
1122 11
1123 23
1124 16
1125 19
1126 16
1127 23
1128 21
1129 20
1130 16
1131 14
1132 18
1133 12
1134 18
1135 15
1136 18
1137 12
1138 22
1139 15
1140 15
1141 16
1142 15
1143 19
1144 8
1145 14
1146 9
1147 24
1148 15
1149 23
1150 19
1151 7
1152 22
1153 11
1154 10
1155 16
1156 21
1157 12
1158 13
1159 11
1160 13
1161 19
1162 8
1163 18
1164 25
1165 12
1166 15
1167 10
1168 14
1169 16
1170 12
1171 9
1172 14
1173 12
1174 15
1175 14
1176 21
1177 13
1178 8
1179 12
1180 13
1181 21
1182 11
1183 18
1184 20
1185 14
1186 20
1187 11
1188 12
1189 12
1190 17
1191 11
1192 15
1193 25
1194 16
1195 17
1196 13
1197 14
1198 9
1199 16
1200 7
1201 19
1202 13
1203 8
1204 14
1205 16
1206 12
1207 18
1208 15
1209 10
1210 16
1211 12
1212 14
1213 18
1214 11
1215 10
1216 13
1217 11
1218 22
1219 12
1220 10
1221 14
1222 10
1223 15
1224 14
1225 12
1226 18
1227 15
1228 19
1229 16
1230 9
1231 13
1232 11
1233 11
1234 11
1235 15
1236 13
1237 12
1238 10
1239 8
1240 14
1241 16
1242 9
1243 16
1244 12
1245 11
1246 16
1247 14
1248 12
1249 10
1250 7
1251 15
1252 10
1253 8
1254 10
1255 13
1256 15
1257 13
1258 14
1259 9
1260 17
1261 7
1262 9
1263 14
1264 18
1265 9
1266 16
1267 5
1268 13
1269 11
1270 11
1271 8
1272 10
1273 13
1274 9
1275 11
1276 12
1277 13
1278 12
1279 13
1280 11
1281 16
1282 16
1283 15
1284 9
1285 11
1286 12
1287 12
1288 8
1289 6
1290 8
1291 10
1292 12
1293 19
1294 15
1295 9
1296 12
1297 14
1298 12
1299 10
1300 11
1301 13
1302 11
1303 17
1304 8
1305 19
1306 13
1307 14
1308 15
1309 13
1310 14
1311 16
1312 14
1313 13
1314 10
1315 8
1316 11
1317 6
1318 10
1319 7
1320 13
1321 8
1322 10
1323 15
1324 9
1325 4
1326 9
1327 9
1328 8
1329 4
1330 11
1331 11
1332 15
1333 14
1334 11
1335 13
1336 5
1337 12
1338 10
1339 8
1340 16
1341 10
1342 11
1343 15
1344 6
1345 11
1346 8
1347 9
1348 12
1349 5
1350 10
1351 10
1352 8
1353 4
1354 10
1355 10
1356 10
1357 13
1358 12
1359 11
1360 10
1361 4
1362 7
1363 10
1364 14
1365 9
1366 7
1367 13
1368 8
1369 10
1370 14
1371 6
1372 8
1373 9
1374 14
1375 10
1376 10
1377 13
1378 7
1379 11
1380 10
1381 4
1382 7
1383 12
1384 11
1385 6
1386 4
1387 8
1388 9
1389 10
1390 9
1391 13
1392 7
1393 15
1394 8
1395 5
1396 12
1397 7
1398 6
1399 9
1400 10
1401 6
1402 6
1403 10
1404 8
1405 6
1406 4
1407 10
1408 5
1409 5
1410 9
1411 10
1412 9
1413 7
1414 10
1415 7
1416 7
1417 5
1418 5
1419 6
1420 7
1421 10
1422 10
1423 8
1424 10
1425 10
1426 10
1427 5
1428 7
1429 12
1430 8
1431 10
1432 8
1433 10
1434 6
1435 14
1436 9
1437 4
1438 8
1439 6
1440 8
1441 7
1442 7
1443 7
1444 8
1445 8
1446 11
1447 8
1448 8
1449 8
1450 7
1451 8
1452 4
1453 8
1454 4
1455 11
1456 8
1457 9
1458 10
1459 9
1460 10
1461 6
1462 3
1463 6
1464 13
1465 7
1466 11
1467 10
1468 12
1469 9
1470 5
1471 6
1472 9
1473 12
1474 10
1475 4
1476 7
1477 3
1478 10
1479 12
1480 7
1481 10
1482 2
1483 9
1484 11
1485 6
1486 5
1487 9
1488 7
1489 3
1490 3
1491 9
1492 5
1493 7
1494 5
1495 8
1496 11
1497 6
1498 4
1499 13
1500 5
1501 10
1502 6
1503 5
1504 3
1505 8
1506 10
1507 4
1508 5
1509 4
1510 9
1511 4
1512 6
1513 6
1514 7
1515 5
1516 9
1517 4
1518 5
1519 6
1520 2
1521 5
1522 7
1523 8
1524 5
1525 5
1526 6
1527 4
1528 12
1529 7
1530 10
1531 9
1532 5
1533 8
1534 9
1535 5
1536 5
1537 3
1538 9
1539 13
1540 8
1541 6
1542 6
1543 6
1544 2
1545 6
1546 9
1547 9
1548 7
1549 10
1550 6
1551 6
1552 4
1553 6
1554 11
1555 6
1556 5
1557 9
1558 6
1559 7
1560 9
1561 8
1562 8
1563 6
1564 5
1565 9
1566 8
1567 7
1568 5
1569 14
1570 9
1571 11
1572 4
1573 8
1574 10
1575 2
1576 6
1577 6
1578 3
1579 9
1580 6
1581 13
1582 7
1583 6
1584 5
1585 8
1586 4
1587 6
1588 7
1589 4
1590 3
1591 5
1592 6
1593 8
1594 8
1595 6
1596 4
1597 5
1598 13
1599 10
1600 4
1601 7
1602 5
1603 2
1604 4
1605 5
1606 4
1607 6
1608 9
1609 7
1610 7
1611 3
1612 7
1613 8
1614 4
1615 7
1616 12
1617 8
1618 8
1619 3
1620 5
1621 5
1622 5
1623 6
1624 5
1625 3
1626 4
1627 6
1628 10
1629 2
1630 8
1631 7
1632 7
1633 3
1634 8
1635 3
1636 10
1637 8
1638 5
1639 9
1640 4
1641 7
1642 6
1643 9
1644 7
1645 6
1646 5
1647 6
1648 4
1649 6
1650 5
1651 5
1652 2
1653 5
1654 4
1655 2
1656 6
1657 4
1658 5
1659 6
1660 6
1661 5
1662 4
1663 4
1664 9
1665 6
1666 5
1667 5
1668 6
1669 6
1670 9
1671 4
1672 4
1673 5
1674 4
1675 9
1676 1
1677 1
1678 8
1679 4
1680 4
1681 8
1682 7
1683 7
1684 9
1685 7
1686 3
1687 4
1688 5
1689 8
1690 3
1691 5
1692 3
1693 8
1694 4
1695 8
1696 6
1697 3
1698 7
1699 4
1700 5
1701 4
1702 8
1703 4
1704 6
1705 4
1706 4
1707 6
1708 10
1709 3
1710 2
1711 5
1712 7
1713 6
1714 8
1715 7
1716 5
1717 3
1718 2
1719 2
1720 8
1721 5
1722 8
1723 8
1724 5
1725 5
1726 4
1727 5
1728 4
1729 5
1730 6
1731 3
1732 2
1733 4
1734 4
1735 6
1736 6
1737 8
1738 2
1739 3
1740 6
1741 7
1742 3
1743 2
1744 3
1745 4
1746 2
1747 5
1748 7
1749 4
1750 5
1751 3
1752 5
1753 9
1754 5
1755 4
1756 2
1757 6
1758 5
1759 6
1760 3
1761 7
1762 5
1763 3
1764 2
1765 0
1766 3
1767 4
1768 5
1769 7
1770 3
1771 4
1772 4
1773 3
1774 4
1775 2
1776 7
1777 6
1778 2
1779 4
1780 5
1781 0
1782 1
1783 2
1784 3
1785 0
1786 4
1787 4
1788 4
1789 3
1790 2
1791 2
1792 5
1793 7
1794 7
1795 6
1796 7
1797 9
1798 5
1799 4
1800 4
1801 6
1802 5
1803 5
1804 6
1805 6
1806 4
1807 6
1808 3
1809 4
1810 4
1811 5
1812 4
1813 1
1814 7
1815 4
1816 6
1817 7
1818 3
1819 4
1820 5
1821 4
1822 5
1823 7
1824 4
1825 2
1826 3
1827 3
1828 7
1829 5
1830 4
1831 4
1832 2
1833 6
1834 5
1835 4
1836 0
1837 2
1838 5
1839 2
1840 3
1841 3
1842 5
1843 3
1844 4
1845 5
1846 3
1847 5
1848 1
1849 3
1850 5
1851 2
1852 5
1853 3
1854 1
1855 1
1856 2
1857 8
1858 4
1859 2
1860 5
1861 3
1862 1
1863 0
1864 6
1865 1
1866 3
1867 3
1868 3
1869 5
1870 4
1871 4
1872 6
1873 4
1874 3
1875 6
1876 7
1877 3
1878 4
1879 5
1880 4
1881 0
1882 2
1883 7
1884 3
1885 4
1886 3
1887 4
1888 5
1889 2
1890 2
1891 4
1892 1
1893 7
1894 2
1895 2
1896 1
1897 4
1898 5
1899 4
1900 4
1901 1
1902 5
1903 5
1904 1
1905 5
1906 7
1907 3
1908 2
1909 5
1910 2
1911 2
1912 4
1913 1
1914 1
1915 2
1916 1
1917 5
1918 4
1919 3
1920 5
1921 3
1922 4
1923 5
1924 4
1925 2
1926 3
1927 4
1928 0
1929 2
1930 2
1931 3
1932 7
1933 6
1934 1
1935 0
1936 1
1937 3
1938 4
1939 1
1940 5
1941 1
1942 4
1943 0
1944 1
1945 2
1946 4
1947 1
1948 5
1949 6
1950 4
1951 3
1952 3
1953 2
1954 4
1955 3
1956 4
1957 6
1958 1
1959 3
1960 0
1961 0
1962 7
1963 7
1964 3
1965 1
1966 2
1967 4
1968 2
1969 3
1970 2
1971 1
1972 1
1973 2
1974 3
1975 1
1976 2
1977 2
1978 5
1979 4
1980 4
1981 1
1982 6
1983 4
1984 6
1985 2
1986 3
1987 2
1988 5
1989 2
1990 1
1991 4
1992 1
1993 0
1994 1
1995 2
1996 3
1997 3
1998 3
1999 5
2000 4
2001 0
2002 3
2003 3
2004 1
2005 4
2006 7
2007 7
2008 2
2009 1
2010 2
2011 4
2012 2
2013 2
2014 2
2015 3
2016 2
2017 2
2018 2
2019 1
2020 3
2021 2
2022 4
2023 0
2024 3
2025 4
2026 2
2027 1
2028 1
2029 5
2030 3
2031 0
2032 3
2033 2
2034 4
2035 4
2036 2
2037 1
2038 3
2039 3
2040 3
2041 4
2042 1
2043 1
2044 6
2045 2
2046 2
2047 2
2048 4
2049 4
2050 5
2051 1
2052 1
2053 0
2054 5
2055 1
2056 1
2057 1
2058 4
2059 3
2060 3
2061 2
2062 3
2063 3
2064 1
2065 1
2066 3
2067 6
2068 3
2069 1
2070 4
2071 2
2072 2
2073 0
2074 0
2075 3
2076 3
2077 1
2078 1
2079 3
2080 4
2081 1
2082 1
2083 1
2084 2
2085 3
2086 0
2087 3
2088 0
2089 3
2090 4
2091 3
2092 2
2093 2
2094 3
2095 3
2096 2
2097 1
2098 1
2099 5
2100 4
2101 3
2102 4
2103 1
2104 0
2105 0
2106 1
2107 4
2108 4
2109 3
2110 1
2111 2
2112 4
2113 0
2114 1
2115 2
2116 5
2117 2
2118 1
2119 2
2120 1
2121 1
2122 5
2123 2
2124 2
2125 1
2126 3
2127 3
2128 1
2129 2
2130 3
2131 0
2132 2
2133 5
2134 1
2135 0
2136 3
2137 1
2138 1
2139 2
2140 3
2141 1
2142 1
2143 1
2144 1
2145 1
2146 1
2147 2
2148 4
2149 2
2150 2
2151 0
2152 2
2153 0
2154 0
2155 2
2156 2
2157 0
2158 3
2159 2
2160 2
2161 2
2162 1
2163 4
2164 3
2165 3
2166 4
2167 4
2168 4
2169 0
2170 2
2171 6
2172 3
2173 3
2174 0
2175 3
2176 2
2177 2
2178 1
2179 0
2180 1
2181 4
2182 3
2183 3
2184 1
2185 0
2186 3
2187 1
2188 4
2189 1
2190 3
2191 3
2192 3
2193 3
2194 0
2195 0
2196 1
2197 3
2198 1
2199 4
2200 1
2201 2
2202 3
2203 0
2204 2
2205 0
2206 0
2207 0
2208 1
2209 1
2210 0
2211 1
2212 2
2213 4
2214 1
2215 5
2216 1
2217 0
2218 3
2219 0
2220 2
2221 3
2222 0
2223 3
2224 0
2225 2
2226 1
2227 3
2228 1
2229 1
2230 5
2231 0
2232 0
2233 2
2234 2
2235 2
2236 0
2237 2
2238 0
2239 0
2240 3
2241 1
2242 2
2243 2
2244 2
2245 3
2246 1
2247 3
2248 4
2249 1
2250 1
2251 0
2252 4
2253 0
2254 2
2255 1
2256 3
2257 2
2258 1
2259 0
2260 3
2261 0
2262 0
2263 4
2264 3
2265 1
2266 2
2267 1
2268 0
2269 6
2270 1
2271 3
2272 2
2273 0
2274 0
2275 3
2276 3
2277 1
2278 4
2279 3
2280 1
2281 3
2282 0
2283 3
2284 5
2285 4
2286 3
2287 0
2288 1
2289 0
2290 1
2291 1
2292 2
2293 4
2294 2
2295 2
2296 1
2297 0
2298 1
2299 3
2300 1
2301 0
2302 1
2303 1
2304 4
2305 0
2306 1
2307 0
2308 1
2309 5
2310 0
2311 2
2312 3
2313 1
2314 1
2315 1
2316 0
2317 5
2318 3
2319 2
2320 3
2321 2
2322 1
2323 0
2324 0
2325 1
2326 6
2327 0
2328 1
2329 1
2330 1
2331 2
2332 1
2333 4
2334 1
2335 2
2336 2
2337 2
2338 2
2339 1
2340 2
2341 0
2342 0
2343 1
2344 1
2345 2
2346 1
2347 2
2348 3
2349 0
2350 1
2351 5
2352 6
2353 5
2354 0
2355 2
2356 1
2357 1
2358 1
2359 0
2360 0
2361 1
2362 1
2363 0
2364 3
2365 0
2366 3
2367 1
2368 1
2369 1
2370 2
2371 1
2372 3
2373 0
2374 0
2375 1
2376 1
2377 2
2378 0
2379 2
2380 1
2381 2
2382 0
2383 0
2384 2
2385 1
2386 1
2387 0
2388 1
2389 3
2390 1
2391 2
2392 2
2393 1
2394 2
2395 2
2396 1
2397 0
2398 0
2399 3
2400 2
2401 2
2402 3
2403 3
2404 1
2405 1
2406 2
2407 2
2408 1
2409 2
2410 3
2411 2
2412 0
2413 3
2414 0
2415 2
2416 3
2417 1
2418 3
2419 0
2420 1
2421 1
2422 1
2423 1
2424 2
2425 2
2426 1
2427 0
2428 2
2429 0
2430 3
2431 1
2432 1
2433 0
2434 0
2435 2
2436 2
2437 0
2438 0
2439 0
2440 3
2441 2
2442 2
2443 1
2444 1
2445 0
2446 1
2447 2
2448 2
2449 0
2450 1
2451 2
2452 1
2453 0
2454 0
2455 2
2456 2
2457 0
2458 2
2459 0
2460 1
2461 1
2462 5
2463 3
2464 2
2465 1
2466 0
2467 1
2468 1
2469 2
2470 0
2471 2
2472 2
2473 3
2474 3
2475 0
2476 0
2477 0
2478 1
2479 2
2480 0
2481 1
2482 2
2483 1
2484 1
2485 1
2486 1
2487 0
2488 0
2489 0
2490 0
2491 1
2492 0
2493 0
2494 3
2495 1
2496 0
2497 0
2498 2
2499 0
2500 1
2501 1
2502 0
2503 0
2504 1
2505 2
2506 0
2507 1
2508 0
2509 0
2510 1
2511 0
2512 1
2513 2
2514 1
2515 2
2516 1
2517 0
2518 0
2519 0
2520 2
2521 2
2522 1
2523 4
2524 2
2525 0
2526 1
2527 0
2528 1
2529 0
2530 3
2531 4
2532 2
2533 1
2534 0
2535 1
2536 0
2537 0
2538 2
2539 0
2540 0
2541 1
2542 0
2543 1
2544 0
2545 1
2546 1
2547 2
2548 0
2549 0
2550 1
2551 0
2552 2
2553 0
2554 0
2555 0
2556 0
2557 1
2558 1
2559 1
2560 0
2561 2
2562 0
2563 1
2564 1
2565 0
2566 1
2567 1
2568 1
2569 0
2570 1
2571 2
2572 0
2573 2
2574 1
2575 1
2576 1
2577 0
2578 0
2579 1
2580 1
2581 1
2582 2
2583 2
2584 0
2585 0
2586 2
2587 0
2588 0
2589 1
2590 0
2591 1
2592 2
2593 0
2594 0
2595 3
2596 1
2597 1
2598 1
2599 1
2600 0
2601 1
2602 1
2603 1
2604 0
2605 2
2606 2
2607 0
2608 1
2609 3
2610 0
2611 4
2612 1
2613 0
2614 0
2615 0
2616 0
2617 0
2618 1
2619 2
2620 0
2621 2
2622 0
2623 0
2624 1
2625 0
2626 1
2627 1
2628 3
2629 2
2630 1
2631 1
2632 0
2633 1
2634 0
2635 1
2636 0
2637 1
2638 0
2639 1
2640 1
2641 2
2642 1
2643 1
2644 1
2645 1
2646 0
2647 0
2648 3
2649 1
2650 0
2651 0
2652 1
2653 0
2654 0
2655 2
2656 3
2657 2
2658 2
2659 1
2660 0
2661 1
2662 1
2663 0
2664 1
2665 0
2666 0
2667 1
2668 1
2669 1
2670 1
2671 1
2672 2
2673 1
2674 1
2675 0
2676 3
2677 2
2678 1
2679 0
2680 0
2681 2
2682 0
2683 0
2684 0
2685 0
2686 2
2687 0
2688 1
2689 1
2690 0
2691 0
2692 0
2693 0
2694 1
2695 0
2696 0
2697 1
2698 0
2699 1
2700 0
2701 0
2702 0
2703 2
2704 0
2705 0
2706 0
2707 1
2708 0
2709 0
2710 0
2711 0
2712 1
2713 1
2714 0
2715 0
2716 1
2717 0
2718 1
2719 1
2720 2
2721 2
2722 0
2723 0
2724 2
2725 0
2726 0
2727 2
2728 0
2729 1
2730 1
2731 0
2732 0
2733 2
2734 0
2735 1
2736 0
2737 2
2738 0
2739 1
2740 0
2741 0
2742 1
2743 0
2744 0
2745 0
2746 0
2747 0
2748 0
2749 1
2750 0
2751 2
2752 0
2753 0
2754 0
2755 1
2756 1
2757 0
2758 0
2759 0
2760 1
2761 0
2762 1
2763 0
2764 1
2765 1
2766 0
2767 0
2768 1
2769 1
2770 0
2771 0
2772 0
2773 0
2774 0
2775 0
2776 1
2777 0
2778 1
2779 2
2780 0
2781 0
2782 1
2783 0
2784 2
2785 0
2786 1
2787 1
2788 0
2789 1
2790 1
2791 0
2792 0
2793 1
2794 0
2795 1
2796 0
2797 0
2798 2
2799 0
2800 0
2801 0
2802 1
2803 0
2804 0
2805 0
2806 1
2807 1
2808 1
2809 0
2810 0
2811 0
2812 1
2813 0
2814 0
2815 0
2816 0
2817 0
2818 1
2819 1
2820 2
2821 2
2822 2
2823 0
2824 0
2825 0
2826 2
2827 0
2828 1
2829 0
2830 0
2831 0
2832 0
2833 0
2834 3
2835 1
2836 0
2837 0
2838 0
2839 0
2840 0
2841 2
2842 0
2843 2
2844 1
2845 1
2846 0
2847 1
2848 0
2849 0
2850 1
2851 0
2852 1
2853 0
2854 0
2855 1
2856 0
2857 0
2858 1
2859 0
2860 0
2861 0
2862 0
2863 0
2864 0
2865 0
2866 0
2867 0
2868 0
2869 0
2870 0
2871 0
2872 1
2873 0
2874 0
2875 0
2876 2
2877 1
2878 1
2879 0
2880 0
2881 1
2882 0
2883 0
2884 1
2885 0
2886 1
2887 1
2888 0
2889 1
2890 0
2891 1
2892 1
2893 0
2894 0
2895 0
2896 0
2897 1
2898 2
2899 0
2900 0
2901 0
2902 0
2903 0
2904 0
2905 0
2906 0
2907 1
2908 0
2909 1
2910 0
2911 0
2912 0
2913 0
2914 0
2915 1
2916 0
2917 0
2918 0
2919 1
2920 0
2921 0
2922 1
2923 1
2924 0
2925 0
2926 0
2927 1
2928 0
2929 0
2930 1
2931 2
2932 0
2933 2
2934 1
2935 1
2936 0
2937 0
2938 0
2939 0
2940 1
2941 0
2942 0
2943 0
2944 0
2945 0
2946 0
2947 1
2948 0
2949 0
2950 1
2951 0
2952 0
2953 0
2954 0
2955 1
2956 0
2957 0
2958 1
2959 0
2960 0
2961 0
2962 0
2963 0
2964 0
2965 0
2966 0
2967 0
2968 0
2969 0
2970 0
2971 1
2972 0
2973 1
2974 0
2975 0
2976 0
2977 0
2978 0
2979 0
2980 0
2981 1
2982 1
2983 1
2984 0
2985 0
2986 1
2987 0
2988 1
2989 2
2990 0
2991 0
2992 0
2993 0
2994 1
2995 1
2996 1
2997 1
2998 1
2999 0
3000 0
3001 1
3002 0
3003 1
3004 0
3005 0
3006 0
3007 0
3008 0
3009 0
3010 1
3011 1
3012 1
3013 0
3014 1
3015 2
3016 3
3017 0
3018 0
3019 0
3020 0
3021 1
3022 0
3023 0
3024 0
3025 1
3026 0
3027 0
3028 0
3029 1
3030 0
3031 0
3032 1
3033 1
3034 0
3035 1
3036 0
3037 1
3038 1
3039 1
3040 2
3041 0
3042 0
3043 1
3044 1
3045 0
3046 0
3047 0
3048 0
3049 0
3050 0
3051 0
3052 0
3053 2
3054 0
3055 0
3056 1
3057 0
3058 0
3059 0
3060 0
3061 0
3062 1
3063 0
3064 2
3065 0
3066 0
3067 0
3068 0
3069 0
3070 0
3071 0
3072 0
3073 1
3074 0
3075 0
3076 0
3077 0
3078 1
3079 0
3080 0
3081 1
3082 0
3083 0
3084 0
3085 0
3086 1
3087 0
3088 0
3089 1
3090 0
3091 0
3092 0
3093 0
3094 0
3095 0
3096 0
3097 1
3098 1
3099 1
3100 1
3101 0
3102 0
3103 0
3104 0
3105 0
3106 0
3107 0
3108 0
3109 1
3110 0
3111 0
3112 0
3113 1
3114 0
3115 0
3116 0
3117 0
3118 1
3119 0
3120 0
3121 0
3122 0
3123 0
3124 1
3125 0
3126 0
3127 0
3128 0
3129 1
3130 1
3131 1
3132 0
3133 2
3134 0
3135 0
3136 0
3137 0
3138 0
3139 1
3140 0
3141 1
3142 0
3143 2
3144 0
3145 2
3146 0
3147 0
3148 0
3149 0
3150 0
3151 1
3152 0
3153 2
3154 0
3155 0
3156 1
3157 0
3158 0
3159 0
3160 0
3161 0
3162 0
3163 0
3164 0
3165 0
3166 0
3167 0
3168 0
3169 1
3170 0
3171 0
3172 0
3173 0
3174 0
3175 0
3176 1
3177 0
3178 0
3179 0
3180 0
3181 0
3182 1
3183 0
3184 0
3185 0
3186 0
3187 0
3188 0
3189 0
3190 0
3191 0
3192 0
3193 0
3194 0
3195 1
3196 1
3197 0
3198 2
3199 0
3200 1
3201 0
3202 0
3203 0
3204 0
3205 0
3206 0
3207 0
3208 0
3209 1
3210 0
3211 0
3212 0
3213 0
3214 1
3215 0
3216 0
3217 0
3218 0
3219 1
3220 0
3221 0
3222 0
3223 0
3224 0
3225 0
3226 0
3227 0
3228 2
3229 0
3230 0
3231 0
3232 1
3233 0
3234 1
3235 0
3236 0
3237 0
3238 0
3239 1
3240 0
3241 0
3242 0
3243 0
3244 1
3245 0
3246 0
3247 0
3248 0
3249 0
3250 0
3251 1
3252 0
3253 0
3254 0
3255 1
3256 1
3257 0
3258 0
3259 0
3260 1
3261 0
3262 0
3263 0
3264 0
3265 0
3266 0
3267 0
3268 0
3269 1
3270 0
3271 0
3272 0
3273 0
3274 0
3275 0
3276 0
3277 0
3278 0
3279 0
3280 0
3281 0
3282 0
3283 0
3284 0
3285 0
3286 0
3287 0
3288 0
3289 1
3290 0
3291 0
3292 0
3293 0
3294 0
3295 0
3296 0
3297 0
3298 0
3299 0
3300 0
3301 0
3302 0
3303 0
3304 0
3305 0
3306 0
3307 0
3308 0
3309 0
3310 1
3311 0
3312 1
3313 0
3314 0
3315 0
3316 1
3317 0
3318 0
3319 1
3320 0
3321 1
3322 0
3323 0
3324 0
3325 0
3326 0
3327 0
3328 0
3329 0
3330 0
3331 1
3332 0
3333 0
3334 0
3335 0
3336 0
3337 0
3338 0
3339 0
3340 1
3341 0
3342 1
3343 0
3344 0
3345 1
3346 0
3347 0
3348 0
3349 0
3350 0
3351 0
3352 2
3353 1
3354 0
3355 0
3356 0
3357 0
3358 0
3359 2
3360 0
3361 1
3362 0
3363 0
3364 0
3365 0
3366 1
3367 0
3368 0
3369 1
3370 1
3371 1
3372 0
3373 0
3374 0
3375 1
3376 0
3377 0
3378 0
3379 0
3380 0
3381 0
3382 0
3383 0
3384 0
3385 1
3386 0
3387 0
3388 1
3389 1
3390 0
3391 1
3392 0
3393 1
3394 0
3395 1
3396 0
3397 0
3398 0
3399 0
3400 0
3401 0
3402 0
3403 1
3404 1
3405 0
3406 0
3407 1
3408 0
3409 0
3410 1
3411 0
3412 0
3413 1
3414 1
3415 0
3416 0
3417 0
3418 0
3419 0
3420 1
3421 1
3422 0
3423 1
3424 0
3425 0
3426 0
3427 0
3428 0
3429 0
3430 0
3431 0
3432 0
3433 1
3434 0
3435 1
3436 1
3437 0
3438 0
3439 0
3440 0
3441 1
3442 0
3443 0
3444 0
3445 1
3446 0
3447 0
3448 1
3449 0
3450 1
3451 0
3452 0
3453 0
3454 0
3455 0
3456 0
3457 0
3458 0
3459 2
3460 0
3461 0
3462 0
3463 0
3464 0
3465 0
3466 0
3467 0
3468 1
3469 0
3470 0
3471 0
3472 0
3473 1
3474 0
3475 0
3476 0
3477 0
3478 1
3479 0
3480 0
3481 0
3482 0
3483 0
3484 0
3485 0
3486 1
3487 1
3488 1
3489 0
3490 0
3491 2
3492 0
3493 0
3494 0
3495 0
3496 0
3497 0
3498 0
3499 0
3500 0
3501 0
3502 0
3503 1
3504 0
3505 1
3506 0
3507 0
3508 0
3509 0
3510 0
3511 0
3512 1
3513 1
3514 0
3515 0
3516 0
3517 0
3518 0
3519 0
3520 0
3521 0
3522 0
3523 0
3524 0
3525 0
3526 0
3527 0
3528 1
3529 0
3530 0
3531 0
3532 0
3533 0
3534 0
3535 0
3536 0
3537 0
3538 0
3539 0
3540 0
3541 0
3542 0
3543 0
3544 1
3545 0
3546 0
3547 0
3548 0
3549 0
3550 0
3551 0
3552 0
3553 0
3554 0
3555 0
3556 0
3557 0
3558 0
3559 0
3560 0
3561 0
3562 2
3563 0
3564 0
3565 0
3566 0
3567 0
3568 0
3569 0
3570 0
3571 0
3572 1
3573 0
3574 0
3575 0
3576 0
3577 0
3578 0
3579 0
3580 0
3581 1
3582 0
3583 0
3584 0
3585 0
3586 0
3587 0
3588 0
3589 0
3590 0
3591 0
3592 0
3593 0
3594 0
3595 0
3596 0
3597 0
3598 0
3599 0
3600 0
3601 0
3602 0
3603 0
3604 0
3605 0
3606 0
3607 0
3608 0
3609 0
3610 0
3611 0
3612 1
3613 0
3614 1
3615 0
3616 0
3617 1
3618 0
3619 0
3620 0
3621 0
3622 0
3623 0
3624 1
3625 0
3626 0
3627 0
3628 0
3629 0
3630 1
3631 1
3632 0
3633 0
3634 0
3635 0
3636 0
3637 0
3638 0
3639 0
3640 0
3641 0
3642 0
3643 0
3644 0
3645 0
3646 0
3647 0
3648 0
3649 0
3650 0
3651 0
3652 0
3653 1
3654 0
3655 0
3656 0
3657 0
3658 0
3659 0
3660 0
3661 0
3662 1
3663 0
3664 0
3665 0
3666 0
3667 1
3668 0
3669 0
3670 0
3671 0
3672 0
3673 0
3674 1
3675 0
3676 0
3677 0
3678 0
3679 0
3680 0
3681 0
3682 0
3683 0
3684 2
3685 0
3686 0
3687 0
3688 1
3689 0
3690 0
3691 0
3692 1
3693 0
3694 1
3695 0
3696 0
3697 0
3698 0
3699 0
3700 2
3701 0
3702 0
3703 0
3704 0
3705 0
3706 0
3707 0
3708 0
3709 0
3710 0
3711 0
3712 0
3713 0
3714 0
3715 0
3716 0
3717 0
3718 0
3719 0
3720 0
3721 0
3722 0
3723 0
3724 0
3725 0
3726 1
3727 0
3728 0
3729 0
3730 0
3731 0
3732 0
3733 1
3734 0
3735 1
3736 0
3737 1
3738 0
3739 0
3740 0
3741 0
3742 0
3743 1
3744 0
3745 0
3746 0
3747 0
3748 0
3749 0
3750 0
3751 0
3752 1
3753 0
3754 0
3755 0
3756 0
3757 0
3758 0
3759 0
3760 0
3761 0
3762 0
3763 0
3764 0
3765 0
3766 0
3767 0
3768 0
3769 0
3770 0
3771 0
3772 0
3773 0
3774 0
3775 1
3776 0
3777 0
3778 0
3779 1
3780 0
3781 0
3782 1
3783 1
3784 0
3785 0
3786 1
3787 0
3788 0
3789 0
3790 0
3791 0
3792 0
3793 0
3794 0
3795 0
3796 0
3797 0
3798 0
3799 0
3800 0
3801 1
3802 0
3803 0
3804 0
3805 0
3806 0
3807 0
3808 0
3809 0
3810 0
3811 0
3812 0
3813 0
3814 0
3815 0
3816 0
3817 1
3818 0
3819 1
3820 0
3821 0
3822 0
3823 0
3824 0
3825 0
3826 0
3827 1
3828 0
3829 0
3830 0
3831 0
3832 1
3833 0
3834 1
3835 0
3836 0
3837 0
3838 0
3839 0
3840 1
3841 0
3842 0
3843 0
3844 0
3845 0
3846 0
3847 0
3848 0
3849 0
3850 0
3851 1
3852 0
3853 0
3854 0
3855 0
3856 0
3857 0
3858 0
3859 0
3860 0
3861 0
3862 0
3863 0
3864 0
3865 0
3866 0
3867 0
3868 1
3869 0
3870 0
3871 0
3872 0
3873 0
3874 0
3875 0
3876 0
3877 0
3878 0
3879 0
3880 0
3881 0
3882 0
3883 0
3884 0
3885 0
3886 0
3887 0
3888 0
3889 0
3890 0
3891 0
3892 0
3893 0
3894 0
3895 0
3896 0
3897 0
3898 0
3899 0
3900 0
3901 0
3902 0
3903 0
3904 0
3905 1
3906 0
3907 0
3908 0
3909 0
3910 0
3911 0
3912 0
3913 0
3914 0
3915 0
3916 0
3917 0
3918 0
3919 0
3920 0
3921 1
3922 0
3923 0
3924 0
3925 0
3926 1
3927 0
3928 0
3929 0
3930 0
3931 0
3932 0
3933 0
3934 0
3935 0
3936 1
3937 1
3938 0
3939 0
3940 0
3941 0
3942 0
3943 0
3944 0
3945 0
3946 0
3947 0
3948 0
3949 0
3950 0
3951 0
3952 0
3953 0
3954 0
3955 0
3956 0
3957 0
3958 0
3959 0
3960 0
3961 0
3962 0
3963 0
3964 0
3965 0
3966 0
3967 0
3968 0
3969 0
3970 0
3971 0
3972 0
3973 0
3974 0
3975 0
3976 0
3977 0
3978 0
3979 0
3980 0
3981 0
3982 0
3983 1
3984 0
3985 0
3986 0
3987 0
3988 0
3989 0
3990 0
3991 0
3992 0
3993 0
3994 0
3995 0
3996 0
3997 0
3998 0
3999 0
4000 0
4001 0
4002 0
4003 0
4004 0
4005 0
4006 0
4007 0
4008 0
4009 0
4010 0
4011 0
4012 0
4013 0
4014 0
4015 1
4016 0
4017 0
4018 0
4019 0
4020 0
4021 0
4022 0
4023 0
4024 0
4025 0
4026 0
4027 0
4028 0
4029 0
4030 0
4031 0
4032 0
4033 0
4034 0
4035 0
4036 0
4037 0
4038 0
4039 0
4040 0
4041 0
4042 0
4043 0
4044 0
4045 0
4046 0
4047 1
4048 0
4049 0
4050 1
4051 0
4052 1
4053 0
4054 0
4055 0
4056 0
4057 0
4058 0
4059 0
4060 1
4061 0
4062 0
4063 0
4064 0
4065 0
4066 0
4067 0
4068 0
4069 0
4070 0
4071 0
4072 1
4073 0
4074 0
4075 0
4076 0
4077 0
4078 0
4079 0
4080 0
4081 0
4082 0
4083 0
4084 1
4085 0
4086 0
4087 0
4088 0
4089 0
4090 0
4091 0
4092 0
4093 0
4094 0
4095 0
4096 0
4097 0
4098 0
4099 0
4100 0
4101 0
4102 0
4103 0
4104 0
4105 0
4106 0
4107 0
4108 0
4109 0
4110 0
4111 0
4112 0
4113 0
4114 0
4115 0
4116 0
4117 0
4118 0
4119 0
4120 0
4121 0
4122 0
4123 0
4124 0
4125 0
4126 0
4127 0
4128 0
4129 0
4130 0
4131 0
4132 0
4133 0
4134 0
4135 0
4136 0
4137 0
4138 0
4139 0
4140 0
4141 0
4142 0
4143 0
4144 0
4145 0
4146 0
4147 0
4148 0
4149 0
4150 0
4151 0
4152 0
4153 0
4154 0
4155 0
4156 0
4157 0
4158 0
4159 0
4160 0
4161 0
4162 0
4163 0
4164 0
4165 0
4166 0
4167 0
4168 0
4169 0
4170 0
4171 0
4172 0
4173 0
4174 0
4175 0
4176 0
4177 0
4178 0
4179 0
4180 0
4181 0
4182 0
4183 0
4184 0
4185 0
4186 1
4187 0
4188 0
4189 0
4190 0
4191 0
4192 0
4193 0
4194 0
4195 0
4196 0
4197 0
4198 0
4199 0
4200 0
4201 0
4202 0
4203 0
4204 0
4205 0
4206 0
4207 0
4208 0
4209 1
4210 0
4211 0
4212 0
4213 0
4214 0
4215 0
4216 0
4217 0
4218 0
4219 0
4220 0
4221 0
4222 0
4223 0
4224 0
4225 0
4226 0
4227 0
4228 0
4229 0
4230 0
4231 0
4232 1
4233 0
4234 0
4235 0
4236 0
4237 0
4238 0
4239 0
4240 0
4241 0
4242 0
4243 0
4244 0
4245 0
4246 0
4247 0
4248 0
4249 0
4250 0
4251 0
4252 1
4253 0
4254 0
4255 0
4256 0
4257 0
4258 0
4259 0
4260 0
4261 0
4262 0
4263 0
4264 0
4265 0
4266 0
4267 0
4268 0
4269 0
4270 0
4271 0
4272 0
4273 0
4274 0
4275 0
4276 0
4277 0
4278 0
4279 0
4280 0
4281 0
4282 0
4283 0
4284 0
4285 0
4286 0
4287 0
4288 0
4289 0
4290 0
4291 0
4292 0
4293 0
4294 0
4295 0
4296 0
4297 0
4298 0
4299 0
4300 0
4301 0
4302 0
4303 1
4304 0
4305 0
4306 0
4307 0
4308 0
4309 0
4310 0
4311 0
4312 0
4313 0
4314 0
4315 0
4316 0
4317 0
4318 0
4319 0
4320 0
4321 0
4322 0
4323 0
4324 0
4325 0
4326 0
4327 0
4328 0
4329 1
4330 0
4331 0
4332 0
4333 0
4334 0
4335 0
4336 0
4337 0
4338 0
4339 0
4340 1
4341 0
4342 0
4343 0
4344 0
4345 0
4346 0
4347 0
4348 0
4349 0
4350 0
4351 0
4352 0
4353 0
4354 0
4355 0
4356 0
4357 0
4358 0
4359 1
4360 0
4361 0
4362 0
4363 0
4364 0
4365 0
4366 0
4367 0
4368 0
4369 0
4370 0
4371 0
4372 0
4373 0
4374 0
4375 0
4376 0
4377 0
4378 0
4379 0
4380 0
4381 0
4382 0
4383 0
4384 0
4385 0
4386 0
4387 0
4388 0
4389 0
4390 0
4391 0
4392 0
4393 0
4394 0
4395 0
4396 0
4397 0
4398 0
4399 1
4400 0
4401 0
4402 0
4403 0
4404 0
4405 0
4406 0
4407 0
4408 0
4409 0
4410 0
4411 0
4412 0
4413 0
4414 0
4415 1
4416 0
4417 0
4418 0
4419 0
4420 0
4421 1
4422 0
4423 0
4424 0
4425 0
4426 0
4427 0
4428 0
4429 0
4430 0
4431 0
4432 0
4433 0
4434 0
4435 0
4436 0
4437 0
4438 0
4439 0
4440 0
4441 0
4442 0
4443 0
4444 0
4445 0
4446 0
4447 0
4448 0
4449 1
4450 0
4451 0
4452 0
4453 0
4454 0
4455 0
4456 0
4457 0
4458 0
4459 0
4460 0
4461 0
4462 0
4463 0
4464 1
4465 0
4466 0
4467 0
4468 0
4469 0
4470 0
4471 0
4472 1
4473 0
4474 0
4475 0
4476 0
4477 0
4478 0
4479 0
4480 0
4481 0
4482 0
4483 0
4484 0
4485 0
4486 0
4487 0
4488 0
4489 0
4490 0
4491 0
4492 0
4493 0
4494 0
4495 0
4496 0
4497 0
4498 0
4499 0
4500 0
4501 0
4502 0
4503 0
4504 0
4505 0
4506 0
4507 0
4508 0
4509 0
4510 0
4511 0
4512 0
4513 0
4514 0
4515 0
4516 0
4517 0
4518 0
4519 0
4520 0
4521 0
4522 0
4523 0
4524 0
4525 0
4526 0
4527 0
4528 0
4529 0
4530 0
4531 0
4532 0
4533 0
4534 0
4535 0
4536 1
4537 0
4538 0
4539 0
4540 0
4541 0
4542 0
4543 0
4544 0
4545 0
4546 0
4547 0
4548 0
4549 0
4550 0
4551 0
4552 0
4553 0
4554 0
4555 0
4556 0
4557 0
4558 0
4559 0
4560 0
4561 0
4562 0
4563 0
4564 0
4565 0
4566 0
4567 0
4568 0
4569 0
4570 0
4571 0
4572 0
4573 0
4574 0
4575 0
4576 0
4577 0
4578 0
4579 0
4580 0
4581 0
4582 0
4583 0
4584 0
4585 0
4586 0
4587 0
4588 0
4589 0
4590 0
4591 0
4592 0
4593 0
4594 0
4595 0
4596 0
4597 0
4598 0
4599 0
4600 0
4601 0
4602 0
4603 0
4604 0
4605 0
4606 0
4607 0
4608 0
4609 0
4610 0
4611 0
4612 0
4613 0
4614 0
4615 0
4616 0
4617 1
4618 0
4619 0
4620 0
4621 0
4622 1
4623 0
4624 0
4625 0
4626 0
4627 0
4628 0
4629 0
4630 0
4631 0
4632 0
4633 0
4634 0
4635 0
4636 0
4637 0
4638 0
4639 0
4640 0
4641 0
4642 0
4643 0
4644 0
4645 0
4646 0
4647 0
4648 0
4649 0
4650 0
4651 0
4652 0
4653 1
4654 0
4655 0
4656 0
4657 0
4658 0
4659 0
4660 0
4661 0
4662 0
4663 0
4664 0
4665 0
4666 0
4667 0
4668 0
4669 0
4670 0
4671 0
4672 0
4673 0
4674 0
4675 0
4676 0
4677 0
4678 0
4679 0
4680 0
4681 0
4682 0
4683 0
4684 0
4685 0
4686 0
4687 0
4688 0
4689 0
4690 0
4691 0
4692 0
4693 0
4694 0
4695 0
4696 0
4697 0
4698 0
4699 0
4700 0
4701 0
4702 1
4703 1
4704 0
4705 0
4706 0
4707 0
4708 0
4709 0
4710 0
4711 0
4712 0
4713 0
4714 0
4715 0
4716 0
4717 0
4718 0
4719 0
4720 0
4721 1
4722 0
4723 0
4724 0
4725 0
4726 0
4727 0
4728 0
4729 0
4730 0
4731 0
4732 0
4733 0
4734 0
4735 0
4736 0
4737 0
4738 0
4739 0
4740 0
4741 0
4742 0
4743 0
4744 0
4745 0
4746 1
4747 0
4748 0
4749 0
4750 0
4751 0
4752 0
4753 0
4754 0
4755 0
4756 0
4757 0
4758 0
4759 0
4760 0
4761 0
4762 0
4763 0
4764 0
4765 0
4766 0
4767 0
4768 0
4769 0
4770 0
4771 0
4772 0
4773 0
4774 0
4775 0
4776 0
4777 0
4778 0
4779 0
4780 0
4781 0
4782 0
4783 0
4784 0
4785 0
4786 0
4787 0
4788 0
4789 0
4790 0
4791 0
4792 0
4793 0
4794 0
4795 0
4796 0
4797 0
4798 0
4799 0
4800 0
4801 0
4802 0
4803 0
4804 0
4805 1
4806 0
4807 0
4808 0
4809 0
4810 0
4811 0
4812 1
4813 0
4814 0
4815 0
4816 0
4817 0
4818 0
4819 0
4820 0
4821 0
4822 0
4823 0
4824 0
4825 0
4826 0
4827 0
4828 0
4829 0
4830 0
4831 0
4832 0
4833 0
4834 0
4835 0
4836 0
4837 1
4838 0
4839 0
4840 0
4841 1
4842 0
4843 0
4844 0
4845 0
4846 0
4847 0
4848 0
4849 0
4850 0
4851 0
4852 0
4853 0
4854 0
4855 0
4856 0
4857 0
4858 0
4859 0
4860 0
4861 0
4862 0
4863 0
4864 0
4865 0
4866 0
4867 0
4868 0
4869 0
4870 0
4871 0
4872 0
4873 0
4874 0
4875 0
4876 0
4877 0
4878 0
4879 0
4880 0
4881 0
4882 0
4883 0
4884 0
4885 0
4886 0
4887 0
4888 0
4889 0
4890 0
4891 0
4892 0
4893 0
4894 0
4895 0
4896 0
4897 0
4898 0
4899 0
4900 0
4901 0
4902 0
4903 0
4904 0
4905 0
4906 0
4907 0
4908 0
4909 0
4910 0
4911 0
4912 0
4913 0
4914 0
4915 0
4916 1
4917 0
4918 0
4919 0
4920 0
4921 0
4922 0
4923 1
4924 0
4925 0
4926 0
4927 0
4928 0
4929 0
4930 0
4931 0
4932 0
4933 0
4934 0
4935 0
4936 0
4937 0
4938 0
4939 0
4940 0
4941 0
4942 0
4943 0
4944 0
4945 0
4946 0
4947 0
4948 0
4949 0
4950 0
4951 0
4952 0
4953 0
4954 0
4955 0
4956 0
4957 0
4958 0
4959 0
4960 0
4961 0
4962 0
4963 0
4964 0
4965 0
4966 0
4967 0
4968 0
4969 0
4970 0
4971 0
4972 0
4973 0
4974 0
4975 0
4976 0
4977 0
4978 0
4979 0
4980 0
4981 0
4982 0
4983 0
4984 0
4985 0
4986 0
4987 0
4988 0
4989 0
4990 0
4991 0
4992 0
4993 0
4994 0
4995 0
4996 0
4997 0
4998 0
4999 0
5000 0
5001 0
5002 0
5003 0
5004 0
5005 0
5006 0
5007 0
5008 0
5009 0
5010 0
5011 0
5012 0
5013 0
5014 0
5015 0
5016 0
5017 0
5018 0
5019 0
5020 0
5021 0
5022 0
5023 0
5024 0
5025 0
5026 0
5027 0
5028 0
5029 0
5030 0
5031 0
5032 0
5033 0
5034 0
5035 0
5036 0
5037 0
5038 0
5039 0
5040 0
5041 0
5042 0
5043 0
5044 0
5045 0
5046 0
5047 0
5048 0
5049 0
5050 0
5051 0
5052 0
5053 0
5054 0
5055 0
5056 0
5057 0
5058 0
5059 0
5060 0
5061 0
5062 0
5063 0
5064 0
5065 0
5066 0
5067 0
5068 0
5069 0
5070 0
5071 0
5072 0
5073 0
5074 0
5075 0
5076 0
5077 0
5078 0
5079 0
5080 0
5081 0
5082 1
5083 0
5084 0
5085 0
5086 0
5087 0
5088 0
5089 0
5090 0
5091 0
5092 0
5093 0
5094 0
5095 0
5096 0
5097 0
5098 0
5099 0
5100 0
5101 0
5102 0
5103 0
5104 0
5105 0
5106 0
5107 0
5108 0
5109 0
5110 0
5111 0
5112 0
5113 0
5114 0
5115 0
5116 0
5117 0
5118 0
5119 0
5120 1
5121 0
5122 0
5123 0
5124 0
5125 0
5126 0
5127 0
5128 0
5129 0
5130 0
5131 0
5132 0
5133 0
5134 0
5135 1
5136 0
5137 0
5138 0
5139 0
5140 0
5141 0
5142 0
5143 0
5144 0
5145 0
5146 0
5147 0
5148 0
5149 0
5150 0
5151 0
5152 0
5153 0
5154 0
5155 0
5156 0
5157 0
5158 0
5159 0
5160 0
5161 0
5162 0
5163 0
5164 0
5165 0
5166 0
5167 0
5168 0
5169 0
5170 0
5171 0
5172 0
5173 0
5174 0
5175 0
5176 0
5177 0
5178 0
5179 0
5180 0
5181 0
5182 0
5183 0
5184 0
5185 0
5186 0
5187 0
5188 0
5189 0
5190 0
5191 0
5192 0
5193 0
5194 0
5195 0
5196 0
5197 0
5198 0
5199 0
5200 0
5201 0
5202 0
5203 0
5204 0
5205 0
5206 0
5207 0
5208 0
5209 0
5210 0
5211 0
5212 0
5213 0
5214 0
5215 0
5216 0
5217 0
5218 0
5219 0
5220 0
5221 0
5222 0
5223 0
5224 0
5225 0
5226 0
5227 0
5228 0
5229 0
5230 0
5231 0
5232 0
5233 0
5234 0
5235 0
5236 0
5237 0
5238 0
5239 0
5240 0
5241 0
5242 0
5243 0
5244 0
5245 0
5246 0
5247 0
5248 0
5249 0
5250 0
5251 0
5252 0
5253 0
5254 0
5255 0
5256 0
5257 0
5258 0
5259 0
5260 0
5261 0
5262 0
5263 0
5264 0
5265 0
5266 0
5267 0
5268 0
5269 0
5270 0
5271 0
5272 0
5273 0
5274 0
5275 0
5276 0
5277 0
5278 0
5279 0
5280 0
5281 0
5282 0
5283 0
5284 0
5285 0
5286 0
5287 0
5288 0
5289 0
5290 0
5291 0
5292 0
5293 0
5294 0
5295 0
5296 0
5297 0
5298 0
5299 0
5300 0
5301 0
5302 0
5303 0
5304 0
5305 0
5306 0
5307 0
5308 0
5309 0
5310 0
5311 0
5312 0
5313 0
5314 0
5315 0
5316 0
5317 0
5318 0
5319 0
5320 0
5321 0
5322 0
5323 0
5324 0
5325 0
5326 0
5327 0
5328 0
5329 0
5330 0
5331 0
5332 0
5333 0
5334 0
5335 0
5336 0
5337 0
5338 0
5339 0
5340 0
5341 0
5342 0
5343 0
5344 0
5345 0
5346 0
5347 0
5348 0
5349 0
5350 0
5351 0
5352 0
5353 0
5354 0
5355 0
5356 0
5357 0
5358 0
5359 0
5360 0
5361 0
5362 0
5363 0
5364 0
5365 0
5366 0
5367 0
5368 0
5369 0
5370 0
5371 0
5372 0
5373 0
5374 0
5375 0
5376 0
5377 0
5378 0
5379 0
5380 0
5381 0
5382 0
5383 0
5384 0
5385 0
5386 0
5387 0
5388 0
5389 0
5390 0
5391 0
5392 0
5393 0
5394 0
5395 0
5396 0
5397 0
5398 0
5399 0
5400 0
5401 0
5402 0
5403 0
5404 0
5405 0
5406 0
5407 0
5408 0
5409 0
5410 0
5411 0
5412 0
5413 0
5414 0
5415 0
5416 0
5417 0
5418 0
5419 0
5420 0
5421 0
5422 0
5423 0
5424 0
5425 0
5426 0
5427 0
5428 0
5429 0
5430 0
5431 0
5432 0
5433 0
5434 0
5435 0
5436 0
5437 0
5438 0
5439 0
5440 0
5441 0
5442 0
5443 0
5444 0
5445 0
5446 0
5447 0
5448 0
5449 0
5450 0
5451 0
5452 0
5453 0
5454 0
5455 0
5456 0
5457 0
5458 0
5459 0
5460 0
5461 0
5462 0
5463 0
5464 0
5465 0
5466 0
5467 0
5468 0
5469 0
5470 0
5471 0
5472 0
5473 0
5474 0
5475 0
5476 0
5477 0
5478 0
5479 0
5480 0
5481 0
5482 0
5483 0
5484 0
5485 0
5486 0
5487 0
5488 0
5489 0
5490 0
5491 0
5492 0
5493 0
5494 0
5495 0
5496 0
5497 0
5498 0
5499 0
5500 0
5501 0
5502 0
5503 0
5504 0
5505 0
5506 0
5507 0
5508 0
5509 0
5510 0
5511 0
5512 0
5513 0
5514 0
5515 0
5516 0
5517 0
5518 0
5519 0
5520 0
5521 0
5522 0
5523 0
5524 0
5525 0
5526 0
5527 0
5528 0
5529 0
5530 0
5531 0
5532 0
5533 0
5534 0
5535 0
5536 0
5537 0
5538 0
5539 0
5540 0
5541 0
5542 0
5543 0
5544 0
5545 0
5546 0
5547 0
5548 0
5549 1
