0 0.19537353515625
1 0.2523193359375
2 0.2165985107421875
3 0.1523590087890625
4 0.202423095703125
5 0.2620849609375
6 0.2593841552734375
7 0.2219696044921875
8 0.11553955078125
9 0.1555633544921875
10 0.2563629150390625
11 0.158538818359375
12 0.1981964111328125
13 0.1827392578125
14 0.170806884765625
15 0.2450103759765625
16 0.2416229248046875
17 0.122222900390625
18 0.2316741943359375
19 0.198638916015625
20 0.17279052734375
21 0.236907958984375
22 0.1708831787109375
23 0.2422637939453125
24 0.25299072265625
25 0.159942626953125
26 0.30804443359375
27 0.2024993896484375
28 0.184326171875
29 0.2006378173828125
30 0.226654052734375
31 0.1591644287109375
32 0.152587890625
33 0.2210693359375
34 0.235076904296875
35 0.1917572021484375
36 0.271881103515625
37 0.1558685302734375
38 0.152435302734375
39 0.2704010009765625
40 0.3033905029296875
41 0.214599609375
42 0.1847686767578125
43 0.22406005859375
44 0.178009033203125
45 0.2113037109375
46 0.2006683349609375
47 0.185211181640625
48 0.2438812255859375
49 0.2054595947265625
50 0.2775726318359375
51 0.170989990234375
52 0.226470947265625
53 0.2186126708984375
54 0.1474151611328125
55 0.302825927734375
56 0.23419189453125
57 0.1922454833984375
58 0.1154022216796875
59 0.258819580078125
60 0.22869873046875
61 0.195556640625
62 0.13116455078125
63 0.2329254150390625
