-108 1
-107 0
-106 0
-105 0
-104 0
-103 0
-102 2
-101 0
-100 0
-99 0
-98 0
-97 0
-96 0
-95 1
-94 0
-93 2
-92 1
-91 1
-90 1
-89 3
-88 0
-87 0
-86 5
-85 3
-84 2
-83 4
-82 7
-81 4
-80 3
-79 4
-78 4
-77 11
-76 5
-75 11
-74 10
-73 11
-72 18
-71 20
-70 21
-69 13
-68 23
-67 23
-66 29
-65 30
-64 35
-63 49
-62 58
-61 63
-60 66
-59 69
-58 75
-57 94
-56 105
-55 109
-54 134
-53 155
-52 182
-51 211
-50 235
-49 286
-48 324
-47 365
-46 383
-45 464
-44 584
-43 627
-42 663
-41 792
-40 924
-39 1048
-38 1170
-37 1374
-36 1663
-35 1911
-34 2141
-33 2431
-32 2963
-31 3259
-30 3880
-29 4515
-28 5237
-27 6099
-26 7033
-25 8294
-24 9647
-23 11391
-22 13494
-21 15870
-20 18734
-19 22172
-18 26775
-17 32130
-16 38566
-15 46852
-14 57171
-13 69927
-12 86902
-11 107417
-10 135645
-9 173844
-8 226730
-7 302144
-6 414000
-5 596118
-4 914927
-3 1588141
-2 3394255
-1 13456703
0 0
1 14628672
2 2588005
3 1360117
4 847724
5 567758
6 399666
7 293796
8 221801
9 170303
10 133879
11 106195
12 84995
13 68692
14 56126
15 46068
16 38010
17 31600
18 26455
19 22343
20 18696
21 15700
22 13326
23 11316
24 9598
25 8146
26 6904
27 6119
28 5111
29 4419
30 3795
31 3175
32 2736
33 2478
34 2149
35 1838
36 1643
37 1362
38 1228
39 1030
40 895
41 805
42 726
43 576
44 533
45 443
46 400
47 349
48 308
49 282
50 225
51 186
52 197
53 148
54 141
55 118
56 109
57 102
58 79
59 77
60 65
61 59
62 53
63 51
64 48
65 33
66 31
67 26
68 23
69 19
70 19
71 15
72 13
73 8
74 14
75 6
76 6
77 11
78 10
79 11
80 6
81 3
82 4
83 1
84 1
85 4
86 0
87 4
88 1
89 2
90 0
91 2
92 1
93 2
94 1
95 1
