1 0.13693577881483981 1.316533651283994 3242279
2 0.25277291158607634 1.5646369334870935 2853589
3 0.17546156578944466 2.561419114451511 2719114
4 0.19317283314388609 3.252111600285784 2462427
5 0.18592052264774034 4.0535892899361485 2232938
6 0.1929841935207329 4.832274105323174 2029674
7 0.1808299878825627 5.7509294527500785 1856003
8 0.17725444282224714 6.594637115921774 1701396
9 0.1610529463406032 7.578540344752451 1565094
10 0.15491023278417515 8.489047163539412 1444514
11 0.13509271200249115 9.45452293511144 1339147
12 0.12414682153300942 10.40508193690726 1242706
13 0.10409311055969885 11.460383145839163 1155014
14 0.0884911866094149 12.392646327922751 1074785
15 0.0642658288816009 13.384432569824046 1000734
16 0.042425890671743266 14.344227291846275 933958
17 0.029403882801333967 15.509112753659647 873184
18 0.003677751680847448 16.38323673277572 817891
19 -0.021365403823735744 17.449033185444026 766894
20 -0.04894493381642378 18.345559825822246 718154
21 -0.07315154771056373 19.418756589581246 673834
22 -0.09899197942892524 20.480004728016766 633122
23 -0.12575310987347924 21.466070169316527 592709
24 -0.1513745713736004 22.45771107373243 556137
25 -0.1779197849083486 23.462394008064766 522196
26 -0.21081460103247834 24.473739910996244 492020
27 -0.23969625839670297 25.492624372296902 462235
28 -0.2625035750860327 26.352076631854093 433556
29 -0.31307830511715007 27.465482500836533 407981
30 -0.3301240361702792 28.370086834052028 384404
31 -0.3606880230370767 29.52567271450354 362546
32 -0.39339518930565937 30.647972791362886 341115
33 -0.4219755861509163 31.39213270805783 320310
34 -0.4459879303377783 32.05540468593351 301914
35 -0.4839275934221798 33.124509686480756 284836
36 -0.4987225077695434 34.540704660993455 267712
37 -0.5364373754930672 35.089489686370385 251994
38 -0.5606597629528722 36.02916277762794 237843
39 -0.6166254536397923 37.42223396012944 224848
40 -0.6433624223191855 38.11821801827497 211764
41 -0.6582515868436237 39.021430270958895 201028
42 -0.6856359562409384 40.53468738791074 189675
43 -0.7141385773060104 41.04241756082689 177677
44 -0.7703698391925566 42.223373571769386 167343
45 -0.7959386178913173 42.966944801021235 158222
46 -0.8041272869158068 43.51820936627311 149929
47 -0.8666022267063654 44.43906681956598 141734
48 -0.8597319010719456 46.00312247214069 133309
49 -0.8969096728589696 46.681418922454654 125909
50 -0.9126498902212464 47.95949080331907 118420
51 -0.9444330476198971 48.66589933531876 112117
52 -0.9740921439784916 49.16130550682563 106377
53 -1.0121526395413647 50.927356111686855 100472
54 -1.0459556507496535 51.90889404307021 95244
55 -1.117401397265447 52.24769955975338 90033
56 -1.140114504719771 52.913620944257424 84538
57 -1.144148989393636 54.831653564553804 79952
58 -1.2193400901198514 54.91203863377782 75677
59 -1.1856700587247158 57.692891911400544 72031
60 -1.1932436595132971 56.55818896131488 68173
61 -1.2348932586897874 57.353526684348445 64127
62 -1.3115265308802049 58.699992283421054 60929
63 -1.3526494114359566 60.01792948001574 57258
64 -1.355151045701007 61.352711309529745 54222
65 -1.3971856205842854 62.57959995486507 51379
66 -1.4312923221701683 62.257032191010275 48881
67 -1.3965680575291737 64.59850634922626 46446
68 -1.4337677806537326 65.42903724659242 43657
69 -1.5048541321104498 65.44275217231404 40996
70 -1.534378055684216 66.35556949809403 38862
71 -1.521813539063349 68.19064347104968 36812
72 -1.5010457885811193 69.72077226150475 35380
73 -1.5676375015043928 69.32765380290239 33236
74 -1.7280771556800458 71.27659949332812 31417
75 -1.7904794058068871 74.15933255859102 29620
76 -1.6812223937946638 71.13195038530046 27847
77 -1.7018624154735371 73.61717337330892 26471
78 -1.7021192158107787 75.11279520867242 25198
79 -1.7402227619127377 77.38240867724654 23882
80 -1.7659991292990858 78.29061779016179 22970
81 -1.7591785648062304 79.27966184352108 21572
82 -1.7890372871257634 77.72505033840874 20141
83 -1.833972977235687 81.80029300898447 19021
84 -1.8787658599295736 86.13141167627346 17891
85 -2.020100796999531 84.91955056572624 17064
86 -1.9236124059916713 81.88422147392667 16089
87 -1.9470254772919788 90.90042766835228 15347
88 -2.065067548938517 86.81521591312602 14508
89 -2.0876213944049864 87.76729464185823 13798
90 -2.1597002240593373 89.42121604527485 12943
91 -1.938301475925478 81.6427616144909 12399
92 -2.1590404644015706 92.41355772832166 11714
93 -1.9615660275936213 96.56853822359244 11162
94 -2.108074769902268 93.6315405326948 10539
95 -2.236548325455094 97.76498809986039 9943
96 -2.30520878174774 95.03087126451823 9292
97 -2.206833295115799 96.73305955873747 8722
98 -2.396083613647285 106.64166562369184 8324
99 -2.469169910837624 96.74700017910486 7963
100 -2.210090658257785 99.03023650963638 7611
101 -2.397172056558869 100.83822564064107 7143
102 -2.3577560686796923 100.13670917169786 6756
103 -2.4158262218774245 104.07279619095937 6445
104 -2.384703947368421 105.65055179839116 6080
105 -2.6818903191676955 110.48937758270937 5671
106 -2.466480965645311 108.2184586125528 5385
107 -2.5029893924783027 105.61550768154342 5185
108 -2.538897043405326 108.3724196261063 4769
109 -2.7914744012304986 107.4674178012605 4551
110 -2.5692413162705665 117.96458861114107 4376
111 -2.5920230658337338 109.09430810465685 4162
112 -2.6943453897096283 108.88650762488435 3926
113 -2.5647187329328234 128.06016475166206 3662
114 -2.6405055849500294 121.1368832042264 3402
115 -2.884229717411121 125.40193954563152 3291
116 -2.792921452964918 119.40259460362198 3221
117 -2.686109238031018 133.8032823335202 2966
118 -2.8642149929278644 116.96524650444346 2828
119 -3.167349981364145 126.53437186609783 2683
120 -2.479381443298969 94.48606489694637 2522
121 -2.3286264441591786 114.53454419416789 2337
122 -2.3592276605298608 131.2901821927037 2227
123 -2.7257060794638583 133.3583816022366 2089
124 -2.993529118964659 135.09100634997122 2009
125 -2.871292372881356 136.80532208326983 1888
126 -3.153759820426487 129.66988755241647 1782
127 -3.219343696027634 135.70573408383714 1737
128 -2.943602183141298 138.8608308102281 1649
129 -2.8674775928297054 142.9194210777443 1562
130 -3.162958115183246 142.15565893889914 1528
131 -3.5612676056338026 156.8960136877604 1420
132 -3.1282820705176295 144.89731997890738 1333
133 -3.7138339920948615 144.345308940929 1265
134 -3.070160608622147 147.13132150377507 1183
135 -3.5536770921386305 153.59651987261083 1183
136 -2.7339771729587357 134.8962161253855 1139
137 -3.1633466135458166 137.53826923381996 1004
138 -3.085279187817259 130.90423664613908 985
139 -3.2305194805194803 144.17186006634344 924
140 -2.436964504283966 105.12730397055194 817
141 -3.3889585947302385 145.46530197147788 797
142 -3.4421182266009853 168.9033979227837 812
143 -4.013736263736264 175.82654570704008 728
144 -3.386066763425254 157.66852319573115 689
145 -3.5712121212121213 183.54894857667634 660
146 -3.274322169059011 165.8670385547749 627
147 -4.25503355704698 176.8497815413726 596
148 -3.1376936316695354 160.3631136298339 581
149 -2.9516728624535316 162.7165185666312 538
150 -4.383399209486166 216.2870377603152 506
151 -3.719409282700422 168.14000605316087 474
152 -3.2170385395537524 155.39868915321568 493
153 -3.3824228028503565 158.386840516585 421
154 -1.9698630136986301 114.15982735972968 365
155 -5.2359249329758715 223.709054187121 373
156 -4.259562841530054 220.0373854101347 366
157 -5.028213166144201 248.7883766865509 319
158 -3.815436241610738 169.22381874690322 298
159 -2.8514851485148514 209.14400548965813 303
160 -4.96583850931677 237.23679641989136 322
161 -3.879725085910653 167.97450431619845 291
162 -3.2293233082706765 186.0865509638762 266
163 -4.517391304347826 242.27765595463157 230
164 -2.775 126.00374999999983 200
165 -3.2192513368983957 204.9733764191136 187
166 -5.897142857142857 232.0588408163267 175
167 -3.3068181818181817 141.33445247933932 176
168 -4.3259668508287294 237.15213210829904 181
169 -4.826815642458101 217.7388970381699 179
170 -4.175757575757576 214.92609733700664 165
171 -4.028169014084507 220.30827216822078 142
172 -3.7960526315789473 185.09444252077557 152
173 -7.185897435897436 313.15524326101234 156
174 -5.633802816901408 235.09799642927985 142
175 -4.3478260869565215 260.83629489603027 115
176 -3.107142857142857 207.63775510204079 112
177 -5.376344086021505 261.52318187073644 93
178 -1.2602739726027397 98.2480765622069 73
179 -2.5238095238095237 189.4750566893424 84
180 -6.630952380952381 382.049036281179 84
181 -2.879120879120879 137.64110614660055 91
182 -2.8777777777777778 127.49234567901205 90
183 -1.0470588235294118 88.87792387543254 85
184 -4.096385542168675 199.37901001596742 83
185 -4.535211267605634 184.4693513191827 71
186 -7.719298245614035 337.45644813788846 57
187 -2.391304347826087 48.95463137996215 46
188 -10.673469387755102 426.99083715118735 49
189 -4.351851851851852 345.88203017832666 54
190 -5.581818181818182 280.3593388429751 55
191 -1.1041666666666667 53.99913194444447 48
192 -3.6052631578947367 536.3988919667592 38
193 -12.379310344827585 653.8156956004759 29
194 -1.825 53.763749999999995 40
195 0.5 67.26315789473684 38
196 -7.305555555555555 203.72993827160494 36
197 0.6666666666666666 1.361111111111112 24
198 -7.052631578947368 216.04709141274236 38
199 -3.75 145.125 32
200 -1.2702702702702702 22.04309715120527 37
201 -1.8095238095238095 56.54648526077097 42
202 -3.1176470588235294 232.0899653979239 34
203 -6.875 279.5104166666667 24
204 -1.391304347826087 24.12854442344045 23
205 -1.2857142857142858 61.62244897959183 28
206 -1.4516129032258065 48.46305931321538 31
207 -2.103448275862069 38.49583828775266 29
208 1.1666666666666667 64.36111111111111 24
209 -4.631578947368421 125.72853185595565 19
210 -8.153846153846153 337.64497041420117 13
211 1.0 17.285714285714285 7
212 -21.555555555555557 1050.9382716049383 9
213 -20.5 967.6666666666667 6
214 1.8571428571428572 173.8163265306122 7
215 -4.25 135.875 8
216 0.6875 0.9921875 16
217 -6.428571428571429 257.34693877551024 14
218 -11.6 1012.0800000000002 10
219 -3.0 63.888888888888886 9
220 -10.142857142857142 443.2448979591838 7
221 -8.666666666666666 -16.55555555555555 6
222 -6.0 126.0 6
223 -4.2 53.72 5
224 -0.6666666666666666 6.444444444444445 6
225 -24.0 841.0 4
226 -4.5 -8.0 2
228 -3.0 -9.0 1
229 -1.0 -1.0 1
230 0.0 1.0 2
231 3.0 -9.0 1
233 -14.0 29.0 2
234 -12.833333333333334 927.1111111111114 6
235 -0.3333333333333333 0.7777777777777779 3
236 -0.5 2.0 2
237 3.5 -6.0 2
238 0.6666666666666666 1.111111111111111 3
239 -2.5 -4.0 2
240 -1.0 -1.0 1
241 2.0 -4.0 1
242 -0.5 12.0 2
243 -11.25 231.625 4
244 -35.0 -1225.0 1
245 -13.0 229.0 3
247 1.0 -1.0 4
248 0.42857142857142855 0.6326530612244899 7
249 0.2857142857142857 1.2653061224489792 7
250 0.6 0.28000000000000014 5
251 0.2 0.9200000000000002 5
252 -13.0 -150.33333333333334 3
253 -85.0 -7225.0 1
254 1.0 -1.0 2
255 -0.6666666666666666 1.111111111111111 3
256 -1.0 -1.0 1
