1 2.1163256039706275 0
2 2.344580252526849 0
3 2.687695649678351 -2.0
4 3.026078322509601 -2.1575583782716903
5 3.3291971720888025 -2.349735307312696
6 3.6154654826926516 -2.5034814861499175
7 3.883210199051803 -2.716262387639827
8 4.131454064061977 -2.8733745537154745
9 4.368673853130516 -3.0727000308062844
10 4.585129906025428 -3.2330312868860585
11 4.777258131784923 -3.420197835372708
12 4.986399197416244 -3.570169374946264
13 5.173738133551698 -3.747144048708254
14 5.32900989487976 -3.895475684111628
15 5.492273336310853 -4.057976201504038
16 5.648086426847489 -4.209961482388092
17 5.808476342756527 -4.379222305720948
18 5.927766199980419 -4.516085694653827
19 6.063362972873432 -4.668238830441317
20 6.165818765088058 -4.808081985073496
21 6.291897814027094 -4.9621803657923955
22 6.415867293089116 -5.094488447976422
23 6.502457531257195 -5.248409391627488
24 6.601567202682948 -5.3698230154581434
25 6.707939891786679 -5.526822602427739
26 6.80016377984019 -5.670586544476945
27 6.888739374883423 -5.794139062429772
28 6.927590618336887 -5.91081503050737
29 7.00644349667086 -6.074123620443283
30 7.079358599630966 -6.197197078401968
31 7.16687620045399 -6.344849684721284
32 7.260154087815095 -6.4755691248985325
33 7.261030952523499 -6.585905641872709
34 7.264013393519401 -6.696210520538924
35 7.3661078283175305 -6.8314645957855245
36 7.486428640918377 -6.954539128821264
37 7.455286246127411 -7.071468425889458
38 7.457238834737596 -7.193251373267068
39 7.526547503742186 -7.363265530109022
40 7.56972639011474 -7.508241597090511
41 7.6504740527320845 -7.588674021734639
42 7.73298205639419 -7.736161554281714
43 7.692474344355758 -7.845138449274343
44 7.68203400836005 -7.97925341875077
45 7.742259087158553 -8.07877884942105
46 7.768410360589131 -8.142588078883227
47 7.767876410004904 -8.296879090195166
48 7.850790513833992 -8.406906860150094
49 7.802093663911846 -8.502766069546892
50 7.880241628057005 -8.680311959628755
51 7.915548838088041 -8.75053859297229
52 7.827330998480143 -8.836886659350995
53 7.922422281614854 -8.993306614882453
54 7.906718900140439 -9.139376473670422
55 7.78644552019681 -9.272045632273795
56 7.9256070260030995 -9.279783920576211
57 8.003433011112115 -9.439412737799834
58 7.8091434071222325 -9.606666666666667
59 8.050484854543637 -9.700219323559967
60 7.904797361982768 -9.739533160429788
61 7.771192127040931 -9.925110422572352
62 7.945985224657866 -9.930351609861242
63 7.854416505480335 -10.197114333600524
64 7.947048493853843 -10.246993949605576
65 7.846783457782883 -10.3584539500283
66 7.782721316471126 -10.466888547533708
67 8.134294508342784 -10.532421662742257
68 8.028245703590267 -10.60659509202454
69 7.808914870295944 -10.767889908256882
70 7.897277466692412 -10.803229919252018
71 7.984166152580712 -11.021686746987951
72 8.02739148756848 -10.999642899654804
73 7.865592635212888 -11.119515306122448
74 7.640134260369216 -11.495898385816353
75 7.95063025210084 -11.525449307175196
76 7.640338890407215 -11.42579185520362
77 7.707784773898111 -11.557829604950024
78 7.872607655502392 -11.488852459016394
79 8.186940669539277 -11.66301512780386
80 8.065629228687415 -11.856649081317082
81 8.085098870056497 -11.768196658344536
82 7.869414483821264 -11.941509433962263
83 7.933546837469976 -12.218479946820297
84 8.105510465612985 -12.525471698113208
85 8.043296089385475 -12.497609942638624
86 7.755131964809384 -12.270347330222913
87 8.309734513274336 -12.624666310731447
88 7.809470752089137 -12.929175167589625
89 7.873462214411248 -12.903665555892154
90 7.577017114914425 -12.983450031826862
91 7.503188775510204 -12.260223048327138
92 7.846675712347354 -13.31686358754028
93 8.599300699300699 -12.815144766146993
94 7.9879608728367195 -13.117717003567181
95 7.677685950413223 -13.614583333333334
96 7.339685169842585 -13.560964716391245
97 8.022284122562674 -13.36463298379409
98 7.96 -14.461812627291243
99 7.741304347826087 -13.640870005058169
100 7.618806875631951 -13.47394404827208
101 7.822451317296678 -13.891066282420748
102 7.394889663182346 -13.849323493234932
103 8.256410256410257 -13.639600249843848
104 7.769440654843111 -14.192896935933147
105 7.223342939481268 -14.983050847457626
106 7.744525547445256 -14.38739431206764
107 7.289308176100629 -14.335222672064777
108 7.493399339933993 -14.973142345568487
109 7.077060931899641 -14.294117647058824
110 8.203809523809523 -15.04335260115607
111 7.450787401574803 -14.56318407960199
112 7.463414634146342 -14.816931216931216
113 8.746136865342164 -15.1875
114 7.641646489104116 -15.217016029593095
115 8.176165803108809 -15.680147058823529
116 7.642487046632124 -15.34955185659411
117 7.99492385786802 -16.384728340675476
118 6.6923076923076925 -15.848392036753445
119 6.715254237288136 -16.325581395348838
120 6.76173285198556 -13.447194719471947
121 7.78125 -14.919230769230769
122 8.97173144876325 -15.743486973947896
123 8.474103585657371 -15.207364341085272
124 7.273764258555133 -16.54885654885655
125 8.027649769585253 -16.454128440366972
126 6.8669950738916254 -16.341743119266056
127 7.614130434782608 -16.39351851851852
128 8.142105263157895 -17.052770448548813
129 7.374358974358974 -16.55922865013774
130 7.086956521739131 -17.241666666666667
131 7.275862068965517 -18.26112759643917
132 7.719178082191781 -16.955555555555556
133 6.5608108108108105 -16.958333333333332
134 7.793103448275862 -17.230215827338128
135 6.503759398496241 -17.89160839160839
136 6.99236641221374 -16.244979919678716
137 7.380952380952381 -16.589958158995817
138 6.844827586206897 -16.145228215767634
139 7.470588235294118 -17.47906976744186
140 6.461538461538462 -14.424581005586592
141 7.057471264367816 -17.471502590673577
142 7.69 -17.104265402843602
143 6.510869565217392 -19.38121546961326
144 6.786666666666667 -18.774834437086092
145 8.0 -20.198630136986303
146 6.185185185185185 -17.855172413793102
147 7.818181818181818 -19.70860927152318
148 6.0 -18.15748031496063
149 7.2727272727272725 -17.181818181818183
150 8.934426229508198 -19.67142857142857
151 6.085106382978723 -19.165137614678898
152 7.88 -17.252173913043478
153 7.8478260869565215 -18.163265306122447
154 7.825 -13.756410256410257
155 5.523809523809524 -23.442105263157895
156 7.4222222222222225 -21.704545454545453
157 7.844444444444444 -24.17283950617284
158 7.161290322580645 -17.83116883116883
159 8.186046511627907 -23.49056603773585
160 6.583333333333333 -22.536585365853657
161 5.111111111111111 -17.64788732394366
162 9.535714285714286 -18.733333333333334
163 11.68421052631579 -18.2
164 8.0 -14.211538461538462
165 7.222222222222222 -18.697674418604652
166 5.615384615384615 -24.32608695652174
167 5.2105263157894735 -18.36842105263158
168 8.782608695652174 -20.770833333333332
169 6.578947368421052 -22.177777777777777
170 7.076923076923077 -19.073170731707318
171 6.785714285714286 -21.03125
172 6.777777777777778 -22.344827586206897
173 4.75 -28.238095238095237
174 4.076923076923077 -21.871794871794872
175 12.363636363636363 -20.161290322580644
176 8.5 -19.423076923076923
177 6.4 -25.045454545454547
178 5.0 -12.75
179 8.615384615384615 -17.894736842105264
180 9.625 -30.523809523809526
181 6.923076923076923 -18.1
182 6.333333333333333 -20.0625
183 9.25 -12.285714285714286
184 7.625 -17.083333333333332
185 6.6 -17.95
186 5.0 -30.533333333333335
187 4.25 -10.727272727272727
188 3.5714285714285716 -34.0
189 10.285714285714286 -20.466666666666665
190 6.142857142857143 -25.0
191 6.0 -8.416666666666666
192 30.4 -20.0
193 18.0 -44.333333333333336
194 6.125 -11.0
195 12.571428571428571 -8.333333333333334
196 3.6666666666666665 -22.083333333333332
197 4.0 0
198 3.4 -21.923076923076923
199 3.8 -17.25
200 4.5 -9.428571428571429
201 3.4 -9.6
202 5.5 -23.833333333333332
203 2.0 -24.285714285714285
204 5.0 -6.571428571428571
205 7.0 -12.6
206 8.0 -11.571428571428571
207 7.0 -8.777777777777779
208 15.0 -4.2
209 7.5 -15.0
210 3.3333333333333335 -37.666666666666664
211 11.0 -3.0
212 0 -64.0
213 0 -61.5
214 33.0 -7.0
215 0 -37.0
216 4.0 0
217 5.0 -30.333333333333332
218 8.0 -35.25
219 0 -27.0
220 0 -37.0
221 0 -10.6
222 2.0 -19.5
223 0 -21.0
224 2.0 -6.0
225 0 -48.0
226 0 -8.0
228 0 -3.0
229 0 0
230 0 0
231 3.0 0
233 0 -29.0
234 6.5 -45.0
235 0 0
236 0 -2.0
237 6.0 0
238 2.0 0
239 0 -4.0
240 0 0
241 2.0 0
242 3.0 -4.0
243 0 -44.0
244 0 -35.0
245 4.0 -21.5
247 0 0
248 0 0
249 2.0 0
250 0 0
251 0 0
252 0 -13.0
253 0 -85.0
254 0 0
255 0 -2.0
256 0 0
