-1300 1
-1299 1
-1298 0
-1297 0
-1296 0
-1295 0
-1294 0
-1293 0
-1292 0
-1291 0
-1290 0
-1289 0
-1288 1
-1287 0
-1286 0
-1285 0
-1284 0
-1283 0
-1282 0
-1281 0
-1280 0
-1279 0
-1278 0
-1277 0
-1276 0
-1275 0
-1274 0
-1273 0
-1272 0
-1271 0
-1270 0
-1269 0
-1268 0
-1267 0
-1266 0
-1265 0
-1264 0
-1263 0
-1262 0
-1261 0
-1260 0
-1259 0
-1258 1
-1257 0
-1256 0
-1255 0
-1254 0
-1253 0
-1252 1
-1251 0
-1250 0
-1249 0
-1248 0
-1247 0
-1246 0
-1245 0
-1244 0
-1243 0
-1242 1
-1241 0
-1240 0
-1239 0
-1238 0
-1237 0
-1236 0
-1235 0
-1234 0
-1233 0
-1232 0
-1231 1
-1230 0
-1229 0
-1228 0
-1227 0
-1226 1
-1225 1
-1224 0
-1223 0
-1222 0
-1221 0
-1220 1
-1219 1
-1218 0
-1217 1
-1216 0
-1215 0
-1214 0
-1213 0
-1212 0
-1211 1
-1210 0
-1209 2
-1208 0
-1207 0
-1206 0
-1205 1
-1204 0
-1203 0
-1202 0
-1201 0
-1200 0
-1199 1
-1198 0
-1197 0
-1196 0
-1195 0
-1194 3
-1193 0
-1192 1
-1191 1
-1190 0
-1189 0
-1188 1
-1187 0
-1186 1
-1185 1
-1184 0
-1183 1
-1182 0
-1181 0
-1180 0
-1179 0
-1178 0
-1177 1
-1176 0
-1175 1
-1174 0
-1173 0
-1172 0
-1171 1
-1170 1
-1169 0
-1168 0
-1167 0
-1166 1
-1165 1
-1164 1
-1163 1
-1162 0
-1161 1
-1160 0
-1159 0
-1158 0
-1157 0
-1156 2
-1155 1
-1154 0
-1153 0
-1152 1
-1151 0
-1150 1
-1149 1
-1148 1
-1147 2
-1146 0
-1145 1
-1144 2
-1143 2
-1142 0
-1141 1
-1140 1
-1139 0
-1138 0
-1137 2
-1136 1
-1135 2
-1134 1
-1133 1
-1132 1
-1131 0
-1130 0
-1129 0
-1128 0
-1127 1
-1126 0
-1125 1
-1124 0
-1123 1
-1122 1
-1121 0
-1120 1
-1119 2
-1118 3
-1117 2
-1116 3
-1115 0
-1114 1
-1113 1
-1112 3
-1111 0
-1110 2
-1109 1
-1108 0
-1107 3
-1106 0
-1105 1
-1104 1
-1103 1
-1102 2
-1101 1
-1100 4
-1099 2
-1098 0
-1097 0
-1096 0
-1095 2
-1094 0
-1093 1
-1092 2
-1091 3
-1090 1
-1089 3
-1088 1
-1087 1
-1086 1
-1085 2
-1084 2
-1083 4
-1082 0
-1081 2
-1080 0
-1079 0
-1078 1
-1077 1
-1076 1
-1075 3
-1074 1
-1073 2
-1072 3
-1071 1
-1070 2
-1069 2
-1068 2
-1067 2
-1066 1
-1065 0
-1064 3
-1063 3
-1062 3
-1061 2
-1060 1
-1059 2
-1058 5
-1057 1
-1056 2
-1055 4
-1054 1
-1053 4
-1052 3
-1051 1
-1050 2
-1049 3
-1048 3
-1047 4
-1046 4
-1045 1
-1044 3
-1043 0
-1042 4
-1041 2
-1040 4
-1039 2
-1038 3
-1037 1
-1036 2
-1035 4
-1034 2
-1033 6
-1032 7
-1031 0
-1030 3
-1029 6
-1028 2
-1027 4
-1026 4
-1025 1
-1024 5
-1023 3
-1022 3
-1021 4
-1020 4
-1019 2
-1018 4
-1017 3
-1016 3
-1015 3
-1014 6
-1013 5
-1012 4
-1011 2
-1010 7
-1009 0
-1008 5
-1007 5
-1006 5
-1005 2
-1004 0
-1003 4
-1002 5
-1001 3
-1000 6
-999 6
-998 4
-997 5
-996 8
-995 4
-994 2
-993 3
-992 6
-991 7
-990 4
-989 4
-988 7
-987 3
-986 2
-985 9
-984 7
-983 4
-982 5
-981 12
-980 5
-979 5
-978 9
-977 4
-976 6
-975 1
-974 3
-973 6
-972 10
-971 7
-970 5
-969 6
-968 10
-967 2
-966 7
-965 5
-964 6
-963 4
-962 8
-961 11
-960 4
-959 9
-958 9
-957 5
-956 6
-955 9
-954 7
-953 7
-952 7
-951 7
-950 8
-949 1
-948 10
-947 9
-946 10
-945 4
-944 4
-943 6
-942 4
-941 7
-940 5
-939 6
-938 5
-937 5
-936 6
-935 6
-934 7
-933 13
-932 6
-931 9
-930 6
-929 6
-928 10
-927 8
-926 3
-925 9
-924 6
-923 13
-922 10
-921 11
-920 6
-919 9
-918 11
-917 7
-916 6
-915 10
-914 12
-913 10
-912 10
-911 11
-910 5
-909 10
-908 12
-907 7
-906 10
-905 6
-904 11
-903 10
-902 5
-901 11
-900 8
-899 12
-898 13
-897 10
-896 11
-895 10
-894 8
-893 6
-892 16
-891 7
-890 19
-889 10
-888 10
-887 11
-886 9
-885 8
-884 17
-883 9
-882 9
-881 11
-880 11
-879 16
-878 13
-877 8
-876 12
-875 8
-874 8
-873 13
-872 18
-871 10
-870 11
-869 15
-868 23
-867 11
-866 10
-865 7
-864 9
-863 18
-862 18
-861 12
-860 18
-859 12
-858 17
-857 9
-856 9
-855 8
-854 11
-853 14
-852 16
-851 17
-850 13
-849 10
-848 11
-847 13
-846 15
-845 16
-844 14
-843 13
-842 21
-841 25
-840 19
-839 29
-838 16
-837 16
-836 17
-835 15
-834 12
-833 22
-832 21
-831 13
-830 20
-829 19
-828 20
-827 19
-826 14
-825 23
-824 25
-823 19
-822 19
-821 17
-820 23
-819 22
-818 18
-817 18
-816 22
-815 16
-814 14
-813 27
-812 19
-811 12
-810 22
-809 16
-808 29
-807 20
-806 25
-805 15
-804 16
-803 13
-802 30
-801 18
-800 28
-799 23
-798 24
-797 27
-796 23
-795 30
-794 15
-793 30
-792 23
-791 19
-790 31
-789 24
-788 25
-787 23
-786 24
-785 26
-784 16
-783 19
-782 17
-781 21
-780 27
-779 23
-778 20
-777 22
-776 35
-775 23
-774 19
-773 22
-772 18
-771 26
-770 36
-769 28
-768 19
-767 17
-766 24
-765 27
-764 34
-763 36
-762 22
-761 25
-760 27
-759 40
-758 31
-757 40
-756 36
-755 18
-754 29
-753 34
-752 31
-751 24
-750 20
-749 35
-748 34
-747 39
-746 34
-745 28
-744 31
-743 30
-742 25
-741 41
-740 27
-739 34
-738 42
-737 30
-736 32
-735 29
-734 29
-733 32
-732 41
-731 26
-730 34
-729 42
-728 31
-727 40
-726 31
-725 26
-724 39
-723 26
-722 28
-721 19
-720 40
-719 31
-718 28
-717 30
-716 34
-715 40
-714 30
-713 39
-712 33
-711 42
-710 33
-709 28
-708 37
-707 34
-706 33
-705 29
-704 40
-703 46
-702 48
-701 43
-700 40
-699 48
-698 39
-697 33
-696 39
-695 38
-694 37
-693 40
-692 35
-691 32
-690 37
-689 43
-688 37
-687 43
-686 43
-685 46
-684 50
-683 52
-682 43
-681 41
-680 38
-679 43
-678 60
-677 45
-676 55
-675 51
-674 37
-673 46
-672 50
-671 37
-670 47
-669 56
-668 46
-667 44
-666 43
-665 44
-664 43
-663 54
-662 58
-661 35
-660 51
-659 53
-658 43
-657 50
-656 67
-655 55
-654 44
-653 51
-652 51
-651 55
-650 44
-649 47
-648 53
-647 44
-646 53
-645 47
-644 46
-643 49
-642 70
-641 41
-640 49
-639 53
-638 53
-637 60
-636 54
-635 55
-634 53
-633 48
-632 65
-631 51
-630 60
-629 60
-628 42
-627 51
-626 62
-625 57
-624 67
-623 66
-622 51
-621 70
-620 67
-619 67
-618 60
-617 56
-616 53
-615 73
-614 55
-613 58
-612 67
-611 64
-610 71
-609 86
-608 49
-607 59
-606 64
-605 70
-604 68
-603 55
-602 62
-601 81
-600 65
-599 63
-598 66
-597 75
-596 65
-595 73
-594 81
-593 96
-592 67
-591 78
-590 73
-589 77
-588 78
-587 76
-586 72
-585 69
-584 76
-583 70
-582 79
-581 82
-580 69
-579 79
-578 80
-577 68
-576 64
-575 85
-574 81
-573 74
-572 70
-571 79
-570 80
-569 82
-568 91
-567 77
-566 74
-565 83
-564 98
-563 104
-562 73
-561 84
-560 95
-559 112
-558 95
-557 86
-556 85
-555 92
-554 87
-553 78
-552 98
-551 74
-550 85
-549 81
-548 92
-547 90
-546 102
-545 99
-544 90
-543 103
-542 82
-541 81
-540 92
-539 98
-538 118
-537 100
-536 102
-535 118
-534 120
-533 101
-532 89
-531 90
-530 113
-529 97
-528 105
-527 109
-526 108
-525 100
-524 93
-523 108
-522 92
-521 115
-520 122
-519 99
-518 104
-517 119
-516 103
-515 111
-514 108
-513 99
-512 119
-511 96
-510 88
-509 104
-508 122
-507 127
-506 113
-505 102
-504 104
-503 98
-502 133
-501 99
-500 117
-499 116
-498 110
-497 120
-496 138
-495 116
-494 99
-493 110
-492 120
-491 121
-490 129
-489 132
-488 125
-487 114
-486 113
-485 129
-484 130
-483 122
-482 130
-481 135
-480 123
-479 123
-478 140
-477 140
-476 139
-475 155
-474 145
-473 153
-472 130
-471 140
-470 112
-469 158
-468 130
-467 139
-466 139
-465 121
-464 132
-463 140
-462 144
-461 121
-460 145
-459 132
-458 155
-457 152
-456 145
-455 149
-454 146
-453 131
-452 154
-451 151
-450 151
-449 142
-448 168
-447 164
-446 191
-445 163
-444 142
-443 179
-442 175
-441 145
-440 152
-439 161
-438 179
-437 168
-436 172
-435 186
-434 167
-433 172
-432 167
-431 173
-430 170
-429 179
-428 158
-427 194
-426 181
-425 180
-424 194
-423 180
-422 182
-421 164
-420 162
-419 154
-418 183
-417 182
-416 187
-415 186
-414 172
-413 218
-412 204
-411 176
-410 177
-409 202
-408 200
-407 211
-406 205
-405 181
-404 211
-403 203
-402 192
-401 213
-400 182
-399 208
-398 185
-397 193
-396 215
-395 201
-394 188
-393 226
-392 187
-391 206
-390 182
-389 205
-388 205
-387 185
-386 208
-385 217
-384 222
-383 218
-382 213
-381 234
-380 218
-379 219
-378 234
-377 223
-376 251
-375 234
-374 229
-373 230
-372 256
-371 239
-370 231
-369 239
-368 251
-367 241
-366 259
-365 257
-364 250
-363 267
-362 235
-361 264
-360 243
-359 254
-358 276
-357 297
-356 251
-355 263
-354 265
-353 250
-352 265
-351 289
-350 275
-349 277
-348 318
-347 260
-346 270
-345 276
-344 312
-343 312
-342 295
-341 282
-340 311
-339 287
-338 314
-337 315
-336 317
-335 313
-334 297
-333 321
-332 294
-331 333
-330 310
-329 329
-328 293
-327 323
-326 326
-325 326
-324 296
-323 313
-322 385
-321 347
-320 351
-319 333
-318 335
-317 351
-316 325
-315 323
-314 336
-313 355
-312 348
-311 340
-310 386
-309 346
-308 374
-307 388
-306 375
-305 374
-304 394
-303 365
-302 413
-301 367
-300 382
-299 362
-298 386
-297 381
-296 387
-295 408
-294 392
-293 381
-292 415
-291 411
-290 446
-289 498
-288 398
-287 428
-286 403
-285 420
-284 404
-283 392
-282 460
-281 431
-280 411
-279 490
-278 428
-277 472
-276 431
-275 502
-274 483
-273 476
-272 471
-271 485
-270 469
-269 487
-268 493
-267 486
-266 496
-265 495
-264 521
-263 478
-262 535
-261 515
-260 513
-259 512
-258 507
-257 554
-256 531
-255 503
-254 548
-253 567
-252 578
-251 564
-250 605
-249 548
-248 545
-247 564
-246 587
-245 550
-244 622
-243 575
-242 630
-241 634
-240 634
-239 623
-238 618
-237 629
-236 617
-235 620
-234 663
-233 664
-232 628
-231 686
-230 648
-229 719
-228 679
-227 686
-226 672
-225 713
-224 707
-223 696
-222 710
-221 745
-220 769
-219 742
-218 754
-217 777
-216 782
-215 792
-214 786
-213 801
-212 822
-211 774
-210 758
-209 841
-208 819
-207 879
-206 862
-205 857
-204 867
-203 866
-202 863
-201 888
-200 917
-199 888
-198 918
-197 948
-196 908
-195 938
-194 960
-193 948
-192 911
-191 998
-190 1032
-189 1007
-188 1067
-187 1009
-186 1065
-185 1068
-184 1038
-183 1161
-182 1180
-181 1130
-180 1106
-179 1144
-178 1137
-177 1212
-176 1152
-175 1139
-174 1212
-173 1276
-172 1191
-171 1227
-170 1265
-169 1261
-168 1295
-167 1259
-166 1366
-165 1404
-164 1366
-163 1387
-162 1450
-161 1453
-160 1491
-159 1475
-158 1437
-157 1580
-156 1560
-155 1476
-154 1508
-153 1607
-152 1555
-151 1647
-150 1653
-149 1696
-148 1676
-147 1715
-146 1688
-145 1801
-144 1806
-143 1758
-142 1896
-141 1883
-140 1903
-139 1861
-138 1912
-137 1979
-136 2062
-135 2103
-134 2103
-133 2092
-132 2095
-131 2193
-130 2183
-129 2179
-128 2300
-127 2338
-126 2325
-125 2314
-124 2400
-123 2502
-122 2577
-121 2528
-120 2530
-119 2617
-118 2797
-117 2749
-116 2789
-115 2861
-114 2839
-113 2954
-112 2998
-111 3070
-110 3258
-109 3231
-108 3344
-107 3291
-106 3420
-105 3380
-104 3474
-103 3542
-102 3629
-101 3713
-100 3816
-99 3879
-98 3922
-97 4016
-96 4082
-95 4131
-94 4205
-93 4332
-92 4505
-91 4489
-90 4688
-89 4841
-88 5040
-87 5060
-86 5304
-85 5461
-84 5399
-83 5635
-82 5823
-81 5925
-80 6074
-79 6288
-78 6259
-77 6401
-76 6654
-75 6885
-74 7254
-73 7324
-72 7580
-71 7711
-70 7831
-69 8407
-68 8557
-67 8798
-66 9152
-65 9342
-64 9693
-63 10011
-62 10278
-61 10734
-60 11099
-59 11583
-58 11895
-57 12462
-56 12753
-55 13359
-54 13690
-53 14409
-52 14998
-51 15509
-50 16241
-49 16888
-48 17663
-47 18191
-46 19266
-45 20162
-44 21088
-43 22340
-42 23352
-41 24383
-40 25601
-39 27290
-38 28974
-37 30357
-36 32138
-35 34228
-34 36228
-33 38423
-32 41002
-31 43770
-30 47108
-29 50409
-28 54351
-27 58774
-26 63168
-25 68553
-24 73969
-23 81261
-22 89083
-21 97332
-20 107488
-19 118813
-18 132529
-17 148568
-16 166774
-15 187875
-14 214110
-13 245489
-12 285459
-11 334940
-10 398162
-9 483132
-8 597263
-7 761879
-6 1003499
-5 1383502
-4 2057903
-3 3506078
-2 7148596
-1 34338698
0 0
1 34337772
2 7148990
3 3505409
4 2060490
5 1382328
6 1004555
7 760013
8 597931
9 483144
10 399805
11 335137
12 284747
13 245459
14 213233
15 188075
16 166653
17 148268
18 132281
19 118840
20 107560
21 97728
22 88849
23 81245
24 74234
25 68147
26 62988
27 58291
28 54569
29 50702
30 46872
31 44247
32 40965
33 38272
34 36480
35 34081
36 32292
37 30488
38 28856
39 27095
40 25680
41 24883
42 23353
43 22161
44 21109
45 19894
46 19139
47 18319
48 17739
49 16829
50 16132
51 15638
52 14958
53 14482
54 13837
55 13253
56 12818
57 12322
58 11858
59 11405
60 11018
61 10558
62 10191
63 9904
64 9867
65 9299
66 8976
67 8979
68 8500
69 8392
70 8002
71 7835
72 7574
73 7213
74 7058
75 6941
76 6687
77 6519
78 6423
79 6262
80 5981
81 5981
82 5684
83 5629
84 5638
85 5415
86 5319
87 5047
88 4950
89 4839
90 4664
91 4627
92 4514
93 4400
94 4277
95 4203
96 4121
97 4109
98 3885
99 3921
100 3797
101 3693
102 3640
103 3571
104 3473
105 3456
106 3409
107 3349
108 3364
109 3156
110 3167
111 3041
112 3066
113 2980
114 2849
115 2914
116 2735
117 2731
118 2618
119 2760
120 2579
121 2579
122 2506
123 2509
124 2438
125 2410
126 2321
127 2263
128 2326
129 2240
130 2195
131 2187
132 2073
133 2103
134 2031
135 2081
136 1974
137 1914
138 1922
139 1953
140 1916
141 1826
142 1882
143 1834
144 1834
145 1790
146 1718
147 1739
148 1697
149 1643
150 1640
151 1664
152 1573
153 1557
154 1553
155 1509
156 1527
157 1498
158 1472
159 1440
160 1506
161 1443
162 1378
163 1342
164 1427
165 1310
166 1355
167 1338
168 1312
169 1212
170 1276
171 1298
172 1224
173 1300
174 1151
175 1210
176 1151
177 1171
178 1190
179 1132
180 1088
181 1165
182 1107
183 1085
184 1050
185 1079
186 1015
187 966
188 1019
189 992
190 979
191 998
192 1007
193 923
194 965
195 942
196 899
197 976
198 904
199 868
200 907
201 857
202 900
203 888
204 878
205 870
206 864
207 820
208 783
209 816
210 804
211 793
212 774
213 812
214 810
215 749
216 791
217 734
218 736
219 755
220 742
221 737
222 711
223 714
224 671
225 725
226 642
227 746
228 650
229 699
230 635
231 685
232 711
233 577
234 731
235 627
236 624
237 638
238 630
239 611
240 609
241 649
242 633
243 595
244 581
245 566
246 615
247 602
248 549
249 552
250 570
251 565
252 526
253 539
254 523
255 524
256 546
257 538
258 501
259 545
260 552
261 486
262 509
263 533
264 490
265 491
266 513
267 491
268 485
269 513
270 507
271 460
272 486
273 446
274 503
275 439
276 408
277 442
278 466
279 435
280 446
281 464
282 411
283 429
284 414
285 451
286 426
287 411
288 426
289 416
290 432
291 383
292 424
293 390
294 392
295 415
296 389
297 381
298 404
299 402
300 391
301 354
302 371
303 370
304 377
305 370
306 346
307 397
308 362
309 365
310 360
311 340
312 339
313 336
314 337
315 334
316 318
317 339
318 312
319 315
320 374
321 365
322 325
323 341
324 312
325 339
326 346
327 319
328 317
329 341
330 304
331 327
332 319
333 303
334 309
335 270
336 298
337 315
338 271
339 281
340 308
341 293
342 270
343 289
344 280
345 280
346 309
347 310
348 297
349 273
350 285
351 272
352 289
353 255
354 287
355 264
356 256
357 270
358 288
359 256
360 246
361 256
362 256
363 269
364 254
365 245
366 252
367 236
368 256
369 258
370 256
371 212
372 245
373 233
374 258
375 236
376 243
377 231
378 234
379 235
380 221
381 227
382 216
383 203
384 234
385 237
386 212
387 204
388 196
389 226
390 221
391 199
392 228
393 190
394 219
395 187
396 206
397 195
398 202
399 198
400 182
401 238
402 202
403 226
404 209
405 217
406 187
407 208
408 187
409 197
410 202
411 197
412 170
413 186
414 175
415 172
416 186
417 207
418 166
419 182
420 174
421 166
422 154
423 171
424 182
425 194
426 164
427 165
428 186
429 159
430 172
431 179
432 153
433 178
434 178
435 184
436 176
437 177
438 146
439 171
440 162
441 171
442 185
443 155
444 164
445 168
446 183
447 159
448 171
449 149
450 149
451 127
452 164
453 174
454 152
455 114
456 137
457 142
458 151
459 140
460 149
461 139
462 157
463 134
464 166
465 129
466 122
467 133
468 136
469 129
470 138
471 139
472 135
473 126
474 154
475 171
476 127
477 130
478 130
479 135
480 112
481 126
482 132
483 118
484 121
485 134
486 126
487 129
488 131
489 127
490 113
491 91
492 132
493 129
494 132
495 118
496 143
497 132
498 126
499 109
500 119
501 102
502 123
503 110
504 119
505 98
506 112
507 104
508 100
509 106
510 85
511 103
512 116
513 113
514 100
515 123
516 93
517 93
518 119
519 100
520 116
521 98
522 113
523 105
524 113
525 110
526 86
527 101
528 113
529 109
530 113
531 111
532 104
533 85
534 105
535 79
536 109
537 79
538 104
539 80
540 95
541 92
542 99
543 106
544 84
545 90
546 100
547 80
548 101
549 99
550 89
551 98
552 105
553 98
554 107
555 99
556 101
557 93
558 98
559 75
560 77
561 77
562 87
563 92
564 80
565 97
566 89
567 73
568 73
569 78
570 106
571 74
572 75
573 67
574 80
575 81
576 81
577 80
578 69
579 88
580 78
581 66
582 69
583 79
584 65
585 84
586 79
587 64
588 81
589 77
590 68
591 80
592 73
593 59
594 56
595 78
596 70
597 80
598 77
599 83
600 58
601 69
602 81
603 61
604 58
605 70
606 71
607 61
608 63
609 66
610 72
611 86
612 56
613 56
614 52
615 64
616 62
617 70
618 64
619 55
620 56
621 56
622 67
623 58
624 63
625 56
626 58
627 49
628 51
629 56
630 56
631 54
632 71
633 49
634 50
635 38
636 66
637 42
638 53
639 61
640 61
641 56
642 50
643 44
644 42
645 57
646 50
647 56
648 57
649 52
650 69
651 46
652 47
653 51
654 57
655 46
656 47
657 61
658 59
659 55
660 47
661 49
662 45
663 35
664 47
665 52
666 45
667 37
668 69
669 54
670 39
671 40
672 42
673 48
674 49
675 50
676 49
677 48
678 37
679 44
680 40
681 40
682 46
683 46
684 41
685 42
686 44
687 47
688 48
689 39
690 29
691 43
692 35
693 32
694 37
695 40
696 42
697 42
698 28
699 35
700 31
701 40
702 36
703 49
704 30
705 36
706 49
707 57
708 50
709 38
710 26
711 32
712 39
713 43
714 39
715 35
716 29
717 27
718 31
719 29
720 31
721 24
722 31
723 36
724 38
725 42
726 40
727 33
728 41
729 34
730 36
731 32
732 32
733 39
734 30
735 31
736 26
737 36
738 34
739 28
740 28
741 26
742 22
743 33
744 31
745 31
746 32
747 29
748 29
749 28
750 29
751 18
752 33
753 23
754 30
755 21
756 21
757 26
758 30
759 26
760 22
761 25
762 26
763 31
764 32
765 19
766 26
767 32
768 30
769 24
770 15
771 27
772 20
773 33
774 26
775 32
776 28
777 25
778 20
779 31
780 18
781 31
782 23
783 22
784 24
785 26
786 21
787 28
788 19
789 16
790 16
791 23
792 26
793 17
794 25
795 27
796 14
797 24
798 18
799 24
800 20
801 28
802 18
803 28
804 29
805 23
806 10
807 17
808 21
809 24
810 24
811 19
812 10
813 30
814 12
815 20
816 28
817 18
818 22
819 18
820 18
821 23
822 15
823 21
824 20
825 18
826 20
827 24
828 16
829 18
830 21
831 18
832 15
833 18
834 21
835 16
836 21
837 10
838 18
839 21
840 17
841 17
842 19
843 12
844 7
845 15
846 16
847 12
848 12
849 19
850 19
851 17
852 16
853 21
854 11
855 9
856 11
857 15
858 9
859 10
860 16
861 10
862 9
863 10
864 20
865 17
866 18
867 13
868 10
869 11
870 17
871 15
872 9
873 9
874 9
875 16
876 12
877 9
878 16
879 6
880 10
881 14
882 9
883 12
884 17
885 10
886 12
887 9
888 12
889 13
890 7
891 16
892 12
893 9
894 9
895 9
896 8
897 9
898 14
899 12
900 8
901 13
902 13
903 9
904 10
905 14
906 6
907 10
908 9
909 14
910 5
911 10
912 17
913 4
914 18
915 5
916 9
917 9
918 15
919 6
920 9
921 7
922 8
923 11
924 10
925 8
926 10
927 6
928 8
929 12
930 11
931 8
932 9
933 10
934 7
935 10
936 5
937 4
938 7
939 7
940 9
941 4
942 8
943 6
944 11
945 8
946 6
947 9
948 5
949 1
950 4
951 8
952 7
953 6
954 4
955 3
956 5
957 6
958 8
959 5
960 5
961 8
962 8
963 4
964 3
965 6
966 3
967 8
968 5
969 6
970 4
971 8
972 4
973 5
974 7
975 6
976 6
977 6
978 9
979 5
980 6
981 6
982 2
983 4
984 3
985 4
986 4
987 3
988 1
989 4
990 5
991 5
992 4
993 3
994 2
995 3
996 3
997 3
998 2
999 4
1000 1
1001 2
1002 4
1003 7
1004 2
1005 6
1006 4
1007 4
1008 2
1009 3
1010 2
1011 5
1012 2
1013 4
1014 4
1015 4
1016 1
1017 6
1018 5
1019 5
1020 3
1021 1
1022 2
1023 3
1024 3
1025 3
1026 4
1027 3
1028 5
1029 2
1030 1
1031 5
1032 7
1033 4
1034 3
1035 2
1036 3
1037 3
1038 1
1039 2
1040 4
1041 2
1042 3
1043 4
1044 3
1045 0
1046 3
1047 2
1048 3
1049 5
1050 5
1051 4
1052 3
1053 2
1054 5
1055 3
1056 1
1057 1
1058 2
1059 4
1060 3
1061 0
1062 3
1063 1
1064 1
1065 1
1066 2
1067 0
1068 2
1069 2
1070 2
1071 1
1072 1
1073 2
1074 2
1075 3
1076 1
1077 3
1078 1
1079 0
1080 5
1081 2
1082 0
1083 5
1084 3
1085 3
1086 2
1087 3
1088 3
1089 1
1090 3
1091 3
1092 2
1093 2
1094 1
1095 2
1096 1
1097 0
1098 2
1099 0
1100 2
1101 3
1102 1
1103 2
1104 1
1105 3
1106 2
1107 2
1108 0
1109 1
1110 1
1111 0
1112 3
1113 1
1114 0
1115 2
1116 2
1117 3
1118 1
1119 1
1120 3
1121 2
1122 2
1123 1
1124 2
1125 0
1126 1
1127 1
1128 0
1129 0
1130 1
1131 2
1132 1
1133 1
1134 0
1135 2
1136 1
1137 2
1138 2
1139 1
1140 0
1141 1
1142 0
1143 0
1144 0
1145 0
1146 0
1147 1
1148 0
1149 0
1150 0
1151 0
1152 0
1153 0
1154 1
1155 0
1156 0
1157 0
1158 1
1159 0
1160 0
1161 1
1162 2
1163 1
1164 0
1165 0
1166 1
1167 0
1168 1
1169 0
1170 0
1171 0
1172 1
1173 1
1174 0
1175 1
1176 0
1177 0
1178 1
1179 1
1180 1
1181 0
1182 0
1183 2
1184 1
1185 3
1186 2
1187 0
1188 0
1189 0
1190 0
1191 0
1192 0
1193 0
1194 1
1195 2
1196 0
1197 0
1198 0
1199 0
1200 0
1201 0
1202 0
1203 0
1204 0
1205 2
1206 0
1207 0
1208 0
1209 0
1210 0
1211 1
1212 0
1213 0
1214 0
1215 0
1216 0
1217 0
1218 0
1219 0
1220 0
1221 0
1222 0
1223 0
1224 1
1225 0
1226 0
1227 0
1228 0
1229 0
1230 1
1231 0
1232 0
1233 0
1234 1
1235 0
1236 0
1237 0
1238 1
1239 1
1240 0
1241 0
1242 0
1243 0
1244 0
1245 0
1246 0
1247 0
1248 0
1249 0
1250 0
1251 1
1252 0
1253 0
1254 0
1255 0
1256 0
1257 0
1258 0
1259 1
1260 0
1261 0
1262 0
1263 0
1264 0
1265 0
1266 0
1267 0
1268 0
1269 0
1270 0
1271 0
1272 0
1273 0
1274 0
1275 0
1276 0
1277 1
1278 0
1279 0
1280 0
1281 0
1282 0
1283 0
1284 1
1285 0
1286 0
1287 0
1288 0
1289 0
1290 0
1291 0
1292 0
1293 0
1294 0
1295 0
1296 0
1297 0
1298 1
1299 0
1300 0
1301 0
1302 0
1303 0
1304 0
1305 1
