0 4454226 0 0 0
1 2407451 4454023 893793 0
2 1470258 2408477 935868 0
3 1168483 1469088 921562 739147
4 959420 1169624 832791 766964
5 803190 959243 746004 746920
6 689877 804309 664090 697716
7 604982 688925 594500 647658
8 537372 604451 533485 597216
9 480769 536707 482494 551881
10 435953 482149 435047 506048
11 397686 437120 397233 466918
12 364368 396899 363360 430556
13 333994 363603 333961 398981
14 308802 334156 305906 370445
15 286542 309567 282132 342342
16 265780 285927 262684 318362
17 248994 266416 243203 297157
18 232004 248499 227592 276983
19 217504 231931 211204 259173
20 205037 217835 197991 243031
21 193454 204935 186627 227284
22 182956 193012 175154 215118
23 171840 182902 165739 202173
24 163930 172703 156278 190770
25 156061 164297 148356 180559
26 148103 155997 141280 171152
27 140927 148493 132930 163157
28 135877 141170 127378 154025
29 129759 135148 120901 147883
30 124568 129329 114718 139862
31 119065 123493 111250 134193
32 115249 119376 106312 128046
33 110475 114964 102347 122703
34 106638 110956 97791 118469
35 102892 106657 93647 113082
36 99503 103039 90560 108845
37 96315 99757 86828 104483
38 93335 95935 84028 100172
39 90571 92720 80899 97148
40 87987 90108 78457 93668
41 84603 88358 75656 90559
42 82570 85422 72820 87351
43 79717 82975 70799 84196
44 77454 79958 68805 81581
45 75328 77111 66850 78932
46 73109 75158 64529 76241
47 71669 73253 62746 74815
48 70111 72029 61029 71768
49 68461 70229 59289 70371
50 67287 68281 57952 68022
51 65343 66833 56395 66399
52 63861 65360 54723 64213
53 62133 63872 53123 62765
54 61030 62451 52063 60890
55 59348 61095 50986 59190
56 58317 59696 49476 57637
57 57423 58384 48594 56559
58 55622 57706 47444 55540
59 54888 56304 46049 53706
60 54277 54968 45138 52539
61 53024 54195 43895 51293
62 51834 52921 43394 50478
63 50747 52052 42453 48726
64 49957 50884 41692 47919
65 48969 49934 40350 46903
66 47944 48779 39509 45924
67 47306 47550 38932 44683
68 46512 47285 38069 43722
69 45514 46280 37056 42683
70 45051 45457 36652 42087
71 44573 44772 36319 40745
72 43369 44642 35321 40446
73 42865 43553 34858 39707
74 42059 42806 33842 38864
75 41750 41914 33608 38065
76 41168 41586 32989 37432
77 40445 40908 32337 37306
78 39690 40443 31794 36615
79 39264 39787 30999 35529
80 38832 39310 30546 34970
81 38466 38798 30445 34373
82 37838 38250 29866 33694
83 37249 37542 29097 33479
84 36884 37000 28499 32732
85 35849 36612 28962 32307
86 35423 36155 27958 31529
87 34882 35839 27374 30935
88 34462 35053 26633 30385
89 33930 34559 26699 30060
90 33404 33910 26292 29491
91 33533 33750 25951 29045
92 33113 33407 25530 28827
93 32463 32941 25008 28276
94 32152 32426 24725 27766
95 32063 32278 24606 27595
96 31199 32063 24204 26806
97 30690 31375 23989 26876
98 30472 30951 23414 26157
99 30285 30491 23263 25848
100 30145 30337 22931 25679
101 30179 30111 22642 25398
102 29714 30102 22376 25040
103 29247 29579 22281 24670
104 29053 29160 21629 24320
105 28630 29072 21539 24115
106 28243 28681 21362 23785
107 28018 28438 20962 23133
108 27889 28147 20688 23103
109 27404 27745 20406 22875
110 27184 27320 20257 22366
111 26636 26845 20123 22185
112 26419 26750 19791 21860
113 26396 26414 19364 21810
114 26167 26345 19484 21552
115 26213 26310 19203 21081
116 26043 26100 18960 21234
117 25483 26010 18936 20547
118 25226 25358 18512 20578
119 25058 25178 18488 20131
120 24787 25024 18137 20084
121 24740 24776 18075 19851
122 24838 24710 17754 19707
123 24114 24616 17655 19363
124 24150 24088 17308 19209
125 23924 24100 17218 19233
126 23708 23879 16990 18861
127 23532 23712 16991 18613
128 23176 23369 16748 18160
129 22986 23103 16478 18353
130 22959 22891 16605 18076
131 22710 22916 16348 17883
132 22373 22885 16414 17784
133 22317 22610 15939 17336
134 22182 22354 15720 17292
135 21884 21932 15693 17237
136 21912 21799 15508 17030
137 21820 21866 15364 16707
138 21471 21687 15318 16618
139 21296 21346 15004 16564
140 20955 21322 15128 16588
141 20997 21117 14655 15940
142 20524 20798 14938 16199
143 20635 20629 14445 15985
144 20647 20704 14543 15744
145 20388 20568 14236 15462
146 20233 20256 13993 15453
147 20231 20195 14461 15454
148 20058 20258 14245 15232
149 20037 20054 13992 15160
150 19879 20057 13790 15059
151 19874 19766 13788 14770
152 19368 19658 13996 14877
153 19322 19387 13556 14606
154 19480 19397 13572 14700
155 19158 19527 13362 14249
156 19188 19061 13152 14459
157 19115 19007 13024 14450
158 18825 19044 13164 14095
159 18750 18915 12869 13953
160 18466 18828 12743 14089
161 18631 18535 12696 13729
162 18387 18423 12456 13640
163 18198 18267 12652 13408
164 18062 18225 12366 13444
165 18034 18083 12280 13421
166 17663 18034 12268 13076
167 17658 17802 12075 13161
168 17987 17881 11926 12984
169 17859 17911 12045 12863
170 17714 17794 11987 12967
171 17528 17670 11734 12790
172 17594 17522 11924 12686
173 17378 17602 11630 12791
174 17070 17303 11696 12489
175 17107 17074 11521 12376
176 16884 17123 11563 12386
177 16839 17037 11360 12135
178 16603 16922 11370 12136
179 16552 16445 11185 12011
180 16570 16484 11299 11934
181 16544 16569 11035 12052
182 16645 16453 10975 11760
183 16442 16457 11068 11714
184 16129 16299 10900 11671
185 16216 16017 10612 11786
186 16376 16205 10775 11520
187 15942 16406 10704 11466
188 15994 15985 10595 11071
189 15888 15878 10509 11407
190 15830 15734 10390 11279
191 15600 15738 10331 11076
192 15583 15532 10285 11038
193 15493 15427 10478 11038
194 15268 15678 10201 10894
195 15307 15327 10049 10811
196 15252 15310 10015 10627
197 15368 15119 9790 10857
198 15025 15261 10169 10762
199 15125 15198 9929 10537
200 15177 15177 9939 10536
201 15115 15294 10057 10435
202 14870 15132 9828 10489
203 14725 15024 9879 10402
204 14743 14878 9529 10384
205 14560 14820 9470 10279
206 14198 14616 9470 10287
207 14300 14419 9344 10093
208 14635 14408 9294 9854
209 14466 14526 9406 10059
210 14393 14407 9324 9918
211 14327 14343 9424 10103
212 14235 14523 9220 9979
213 14158 14470 9185 9645
214 14175 14147 9181 9778
215 14297 14109 9205 9698
216 13747 14122 9177 9799
217 13875 13803 8919 9452
218 14004 13888 9044 9574
219 13999 13989 8996 9575
220 13873 14076 8952 9352
221 14012 13689 8778 9480
222 13660 13735 9125 9543
223 13903 13641 8753 9180
224 13570 13763 8663 9316
225 13570 13445 8742 9127
226 13575 13410 8693 8916
227 13490 13572 8654 9165
228 13533 13488 8691 9101
229 13316 13423 8553 9068
230 13329 13351 8476 9049
231 13115 13280 8470 8931
232 13451 13185 8555 8836
233 13214 13315 8421 8807
234 13022 13276 8325 8742
235 12891 13006 8197 8633
236 12886 12835 8125 8723
237 12736 12956 8146 8655
238 12847 12862 8012 8486
239 12741 12853 8033 8550
240 12688 12723 8077 8536
241 12759 12706 8070 8404
242 12764 12714 7988 8522
243 12442 12716 7874 8378
244 12426 12388 7914 8234
245 12584 12409 7747 8297
246 12337 12495 7965 8266
247 12402 12395 7749 8131
248 12341 12486 7730 8211
249 12241 12502 7778 8128
250 12135 12310 7635 8277
251 12192 12354 7781 8151
252 12228 12436 7699 8031
253 12169 12309 7535 8005
254 12167 12210 7608 7925
255 11996 12304 7559 7930
256 11868 12007 7524 8016
257 12020 11974 7579 7939
258 12026 11961 7483 7812
259 12000 11992 7444 7923
260 11989 11956 7529 7771
261 11920 11876 7519 7846
262 11766 11992 7263 7895
263 11736 11921 7399 7658
264 11958 11839 7327 7646
265 12003 11991 7402 7709
266 12047 12012 7304 7721
267 11889 12021 7273 7739
268 11972 11722 7290 7686
269 11791 11940 7232 7608
270 11680 11892 7203 7640
271 11534 11732 7031 7629
272 11386 11668 7051 7670
273 11403 11470 7077 7352
274 11325 11461 7091 7368
275 11465 11324 6890 7474
276 11329 11579 6960 7265
277 11533 11248 6947 7281
278 11354 11434 7016 7417
279 11335 11394 6847 7246
280 11377 11380 6842 7148
281 11217 11182 6848 7314
282 11198 11256 6868 7047
283 11009 11177 6891 7111
284 11142 11063 6763 7107
285 11083 11147 6843 7080
286 11257 10973 6755 7145
287 11211 11232 6906 6980
288 10925 11277 6936 7100
289 10991 10967 6620 7087
290 11293 11088 6784 6916
291 11000 11225 6602 6973
292 10779 10888 6664 6922
293 10745 10775 6639 6975
294 10827 10836 6485 6893
295 10799 10785 6571 6816
296 10759 10811 6498 6656
297 10719 10819 6607 6742
298 10712 10634 6417 6799
299 10592 10801 6493 6876
300 10572 10737 6494 6695
301 10674 10679 6537 6623
302 10562 10775 6379 6773
303 10598 10796 6425 6677
304 10427 10601 6445 6571
305 10427 10483 6364 6742
306 10382 10602 6402 6567
307 10550 10664 6242 6655
308 10440 10699 6411 6411
309 10413 10557 6372 6425
310 10565 10599 6394 6472
311 10385 10611 6329 6603
312 10208 10440 6242 6501
313 10227 10333 6269 6548
314 10283 10340 6181 6467
315 10268 10360 6150 6531
316 10390 10412 6265 6414
317 10446 10461 6274 6418
318 10536 10394 6269 6361
319 10789 10523 6210 6354
320 10334 10543 6280 6450
321 10427 10291 6133 6537
322 10270 10282 6264 6309
323 10245 10169 6137 6382
324 10252 10317 5953 6383
325 10070 10314 5986 6221
326 9995 10245 6119 6098
327 9991 10053 5934 6326
328 9991 9975 5933 6198
329 9915 9838 5999 6298
330 9941 9795 5980 6155
331 9882 9934 6019 6143
332 9982 9993 5816 6094
333 9877 9928 5825 6176
334 9892 9814 5901 6007
335 9805 10019 5704 6028
336 9682 9833 5840 5921
337 9853 9727 5714 5944
338 9797 9893 5723 5997
339 9856 9831 5874 6018
340 9737 9836 5661 5903
341 9656 9782 5743 5949
342 9622 9660 5663 5875
343 9850 9616 5796 5846
344 9755 9835 5766 5789
345 9692 9643 5704 5856
346 9795 9675 5682 5814
347 9788 9716 5757 5936
348 9615 9747 5614 5897
349 9640 9631 5671 5775
350 9533 9654 5661 5945
351 9676 9627 5665 5785
352 9478 9704 5624 5730
353 9426 9523 5792 5903
354 9362 9597 5442 5699
355 9351 9320 5449 5834
356 9346 9301 5498 5757
357 9263 9350 5563 5729
358 9313 9346 5473 5674
359 9359 9443 5534 5656
360 9361 9591 5474 5509
361 9236 9411 5403 5647
362 9239 9324 5447 5520
363 9204 9346 5335 5569
364 9340 9220 5409 5597
365 9040 9321 5382 5717
366 9335 9029 5384 5545
367 9278 9395 5366 5564
368 9148 9365 5260 5561
369 9001 9137 5332 5463
370 9164 9116 5148 5392
371 9112 9147 5150 5480
372 9081 9038 5243 5307
373 8925 8973 5336 5451
374 8964 8953 5262 5267
375 9133 8950 5165 5461
376 9299 9075 5326 5307
377 8999 9170 5164 5427
378 8799 9054 5149 5387
379 8858 8887 5182 5303
380 8856 8972 5133 5206
381 8968 8860 5167 5474
382 8815 9279 5099 5347
383 8823 8980 5113 5101
384 8976 8755 5229 5258
385 8810 8941 4996 5240
386 8868 8637 5070 5194
387 8854 8804 5109 5245
388 8941 8768 5184 5271
389 8639 8872 5096 5120
390 8917 8669 4871 5258
391 8784 8794 5095 5127
392 8709 8768 5063 5348
393 8677 8653 5012 5168
394 8754 8681 4974 5050
395 8638 8693 4973 5180
396 8729 8589 4916 5102
397 8730 8698 5010 5294
398 8737 8733 4858 5071
399 8750 8607 4877 5173
400 8675 8692 4824 5111
401 8779 8571 4901 5241
402 8774 8685 4910 5053
403 8572 8644 4813 5065
404 8682 8356 4929 5112
405 8558 8683 4856 5070
406 8557 8704 4864 5061
407 8516 8527 4822 5031
408 8407 8419 4849 4961
409 8372 8339 4675 5007
410 8208 8378 4895 4927
411 8425 8456 4739 4865
412 8517 8435 4631 4938
413 8676 8384 4794 4919
414 8538 8518 4815 4773
415 8365 8319 4766 4941
416 8305 8218 4659 4892
417 8280 8270 4738 4867
418 8331 8292 4658 4963
419 8392 8364 4800 4708
420 8485 8394 4725 4807
421 8400 8528 4733 4743
422 8144 8409 4588 4841
423 8112 8189 4693 4845
424 8138 8172 4631 4723
425 8259 8067 4613 4871
426 8235 8188 4666 4821
427 8141 8137 4556 4739
428 8273 8087 4590 4822
429 8277 8243 4570 4744
430 8216 8241 4483 4615
431 8054 8119 4619 4664
432 8051 7966 4491 4695
433 8114 8111 4517 4653
434 8242 8113 4585 4576
435 8205 8149 4572 4714
436 8096 8061 4461 4568
437 8143 7964 4496 4715
438 8111 7917 4618 4611
439 8061 7997 4688 4668
440 7942 8132 4512 4690
441 8233 8164 4431 4575
442 8030 8274 4582 4727
443 8125 8079 4526 4584
444 8093 8084 4552 4553
445 7929 8085 4454 4683
446 8114 7967 4442 4572
447 7947 8011 4481 4672
448 8016 7944 4395 4540
449 7800 7828 4317 4569
450 7959 7724 4370 4534
451 8033 7778 4539 4524
452 7913 7942 4353 4514
453 7849 7827 4414 4489
454 7933 7821 4374 4469
455 8000 7999 4314 4517
456 7898 7996 4466 4520
457 7829 8045 4374 4418
458 7930 7871 4234 4362
459 7888 7768 4454 4443
460 7779 7854 4230 4470
461 7779 7733 4303 4470
462 7726 7814 4361 4297
463 7685 7629 4194 4317
464 7729 7616 4321 4457
465 7704 7629 4347 4436
466 7796 7700 4325 4352
467 7855 7735 4387 4414
468 7704 7921 4217 4567
469 7630 7750 4328 4462
470 7685 7772 4212 4314
471 7673 7740 4299 4374
472 7812 7874 4199 4379
473 7787 7847 4192 4489
474 7676 7788 4219 4382
475 7738 7697 4379 4331
476 7584 7789 4278 4363
477 7625 7664 4259 4253
478 7588 7613 4112 4332
479 7684 7590 4078 4317
480 7584 7732 4105 4285
481 7681 7538 4040 4317
482 7538 7758 4193 4334
483 7611 7582 4119 4278
484 7488 7677 4059 4251
485 7377 7489 3969 4334
486 7269 7375 4098 4210
487 7323 7181 4057 4068
488 7435 7272 4094 4154
489 7442 7368 4131 4131
490 7484 7352 4162 4197
491 7342 7463 4043 4254
492 7441 7394 3880 4211
493 7405 7390 3966 4132
494 7551 7377 4094 4112
495 7457 7565 4058 4091
496 7327 7470 4028 4152
497 7334 7439 4069 4090
498 7382 7339 4138 4156
499 7443 7365 3977 4186
500 7303 7367 4078 4102
501 7226 7374 3978 4186
502 7151 7293 3968 4102
503 7278 7261 3869 4053
504 7125 7260 4018 4115
505 7247 7206 3919 4078
506 7263 7333 4120 4120
507 7287 7388 3877 4054
508 7298 7218 3832 4116
509 7341 7206 3949 4061
510 7247 7278 4073 4076
511 7238 7283 3986 4155
512 7262 7405 3921 4037
513 7314 7332 3894 3975
514 7198 7296 3881 4167
515 7388 7310 4108 3933
516 7330 7392 4002 3971
517 7317 7352 3875 4085
518 7113 7287 3923 4137
519 7204 7168 3966 4028
520 7240 7381 3908 3945
521 7166 7255 3917 4052
522 7187 7177 3818 3972
523 7204 7102 3935 3924
524 7210 7107 3842 4017
525 7287 7191 3848 3982
526 7122 7311 3901 3898
527 7123 7231 3778 3925
528 7056 7217 3979 3870
529 7381 7127 3874 3939
530 7172 7455 3876 4027
531 7113 7271 3764 3992
532 7008 7068 3774 3983
533 6956 7009 3751 3942
534 7011 6984 3748 3907
535 6860 7084 3764 3807
536 7104 6911 3737 3829
537 6956 7095 3836 3851
538 7204 6964 3823 3793
539 7074 7161 3844 3910
540 7087 7130 3724 3820
541 7032 7071 3777 3862
542 7224 7021 3688 3825
543 6871 7111 3775 3861
544 6997 6787 3730 3667
545 6901 6835 3781 3880
546 6831 7015 3819 3764
547 6953 6885 3711 3811
548 6994 6938 3780 3855
549 7068 6803 3685 3856
550 6965 6958 3756 3899
551 7022 6940 3707 3820
552 6970 7070 3712 3794
553 6845 6944 3725 3806
554 7046 6873 3713 3818
555 6924 7050 3749 3756
556 6981 6955 3756 3635
557 6923 6876 3701 3734
558 6906 6815 3574 3716
559 6980 6828 3723 3741
560 6935 6997 3708 3729
561 6813 7058 3541 3720
562 6829 6823 3746 3602
563 6785 6810 3654 3818
564 6781 6871 3631 3723
565 6772 6862 3638 3699
566 6749 6927 3576 3703
567 6813 6842 3631 3632
568 6813 6801 3598 3684
569 6644 6784 3697 3568
570 6718 6689 3653 3727
571 6792 6845 3637 3617
572 6682 6765 3623 3676
573 6740 6727 3622 3801
574 6798 6935 3482 3606
575 6854 6784 3597 3521
576 6784 6849 3673 3710
577 6796 6933 3606 3582
578 6827 6708 3657 3727
579 6721 6809 3584 3657
580 6786 6771 3469 3763
581 6553 6862 3509 3634
582 6542 6657 3500 3593
583 6567 6591 3386 3579
584 6593 6474 3555 3618
585 6558 6708 3546 3536
586 6705 6728 3531 3507
587 6667 6778 3444 3546
588 6855 6604 3460 3671
589 6609 6754 3521 3576
590 6798 6656 3536 3501
591 6714 6833 3528 3638
592 6683 6820 3478 3509
593 6667 6717 3530 3488
594 6605 6689 3520 3477
595 6561 6569 3514 3575
596 6612 6584 3532 3606
597 6485 6631 3477 3558
598 6753 6475 3402 3599
599 6729 6557 3492 3624
600 6669 6588 3575 3602
601 6627 6623 3477 3488
602 6726 6611 3555 3575
603 6753 6741 3528 3536
604 6681 6784 3534 3616
605 6605 6654 3592 3562
606 6712 6745 3497 3529
607 6558 6766 3577 3503
608 6732 6616 3457 3524
609 6608 6572 3423 3567
610 6673 6458 3338 3561
611 6723 6587 3531 3510
612 6574 6633 3455 3565
613 6541 6598 3407 3586
614 6414 6514 3318 3472
615 6421 6329 3353 3455
616 6327 6445 3372 3409
617 6343 6447 3430 3402
618 6428 6285 3417 3438
619 6413 6392 3479 3412
620 6456 6468 3424 3491
621 6438 6607 3346 3394
622 6333 6562 3325 3342
623 6589 6389 3275 3339
624 6487 6506 3347 3415
625 6317 6375 3369 3321
626 6254 6172 3388 3426
627 6196 6304 3332 3383
628 6325 6294 3342 3376
629 6286 6360 3269 3365
630 6199 6312 3330 3431
631 6395 6271 3214 3391
632 6471 6315 3237 3433
633 6331 6252 3327 3483
634 6291 6238 3248 3424
635 6242 6292 3342 3342
636 6300 6345 3272 3341
637 6343 6346 3201 3314
638 6245 6291 3232 3346
639 6364 6210 3227 3354
640 6360 6411 3319 3189
641 6287 6353 3229 3335
642 6232 6264 3248 3247
643 6289 6269 3186 3321
644 6254 6327 3203 3290
645 6294 6337 3173 3290
646 6440 6288 3188 3203
647 6332 6323 3267 3345
648 6275 6229 3263 3323
649 6389 6284 3162 3225
650 6306 6221 3288 3297
651 6435 6198 3352 3308
652 6272 6390 3183 3341
653 6317 6332 3229 3269
654 6370 6267 3189 3289
655 6447 6245 3239 3266
656 6420 6305 3324 3305
657 6262 6389 3236 3323
658 6391 6384 3222 3248
659 6338 6373 3210 3234
660 6156 6341 3237 3283
661 6244 6102 3211 3245
662 6146 6330 3116 3206
663 6242 6158 3230 3258
664 6295 6309 3145 3180
665 6141 6265 3392 3188
666 6012 6237 3293 3244
667 6312 6195 3204 3194
668 6294 6348 3149 3233
669 6248 6213 3138 3201
670 6413 6163 3220 3271
671 6385 6449 3307 3265
672 6368 6421 3155 3256
673 6313 6341 3217 3242
674 6362 6247 3273 3321
675 6181 6279 3253 3310
676 6207 6262 3198 3253
677 6182 6147 3240 3270
678 6097 6157 3216 3368
679 6208 6128 3204 3181
680 6229 6208 3120 3235
681 6269 6231 3122 3193
682 6236 6201 3219 3233
683 6162 6304 3139 3208
684 6091 6199 3212 3143
685 6166 6188 3184 3254
686 6325 6219 3188 3290
687 6160 6288 3207 3274
688 6098 6317 3110 3188
689 6055 6180 3190 3136
690 6053 6151 3068 3099
691 6077 5990 3100 3209
692 6045 6088 3181 3235
693 6026 6038 3107 3149
694 6057 6049 3171 3176
695 6052 6114 3135 3042
696 6003 5987 3171 3105
697 6161 5988 3059 3173
698 6184 6099 3109 3088
699 6237 6044 3156 3161
700 6249 6201 3168 3124
701 6045 6172 3199 3255
702 6171 6060 3062 3222
703 6203 6193 3090 3164
704 6148 6177 3211 3146
705 6233 6158 3130 3120
706 6179 6154 3197 3198
707 6117 6203 3080 3267
708 6114 6124 3164 3126
709 6177 6173 3072 3113
710 6202 6172 3197 3189
711 6272 6172 3093 3133
712 6197 6097 3113 3170
713 6030 6080 3026 3217
714 6124 5998 3176 3126
715 6162 6142 3082 3084
716 6202 6139 3094 3138
717 6053 6066 3129 3111
718 6030 6004 3028 3174
719 6085 5919 3054 3178
720 5951 6136 3003 3051
721 5973 5960 2992 3091
722 5884 5883 3004 3169
723 6015 5858 3004 3126
724 6032 6029 3081 3108
725 5960 6088 3051 3040
726 5869 5958 3089 3104
727 5908 5985 3029 3086
728 5860 6043 3083 3101
729 5936 5933 3031 3097
730 5992 6036 3055 3091
731 6077 6085 3102 3097
732 6023 6126 3157 3124
733 5934 6158 3024 3112
734 5956 6069 3002 3049
735 5898 5981 3045 3135
736 5912 5965 3083 3045
737 6081 5948 3010 2972
738 5974 5997 3041 3148
739 6101 6026 2876 3056
740 6087 6015 2991 3170
741 5916 6016 3107 3139
742 6029 6038 2971 3070
743 5967 6067 3013 2985
744 5863 5958 2964 3084
745 6028 5918 2874 3014
746 5891 5973 2946 3125
747 6019 5858 2975 3093
748 5978 5967 2940 2968
749 5862 5893 2982 3129
750 5928 5911 2885 3036
751 5796 5927 2879 3004
752 5770 5796 2934 2985
753 5758 5789 2864 3006
754 5717 5732 2921 2899
755 5802 5627 2852 2892
756 5955 5794 2973 2938
757 5638 5951 2915 2919
758 5747 5653 2872 2977
759 5747 5777 2916 2870
760 5788 5683 2892 2883
761 5797 5664 2911 2970
762 5699 5714 2964 2966
763 5822 5738 2966 2929
764 5941 5881 2867 2904
765 5861 5814 2917 2940
766 5795 5734 2977 2983
767 5784 5816 2946 2873
768 5820 5824 2891 2917
769 5783 5795 3017 2971
770 5877 5824 2964 2871
771 5846 5872 2862 2975
772 5839 5854 2987 2988
773 5761 5895 2874 2914
774 5683 5782 2833 2938
775 5727 5728 2975 2931
776 5842 5763 2795 2899
777 5868 5798 2888 2927
778 5857 5843 2980 2954
779 5777 5997 2872 2877
780 5801 5896 2911 2819
781 5703 5850 2890 2937
782 5819 5761 2784 2883
783 5756 5939 2915 2900
784 5743 5882 2873 2871
785 5653 5805 2767 2952
786 5838 5663 2880 2895
787 5718 5749 2836 2898
788 5559 5706 2776 2927
789 5561 5658 2841 2891
790 5562 5699 2657 2909
791 5712 5633 2886 2804
792 5635 5742 2883 2949
793 5605 5739 2839 2850
794 5788 5599 2803 2890
795 5699 5671 2803 2954
796 5572 5659 2838 2905
797 5725 5528 2819 2888
798 5725 5683 2793 2839
799 5656 5633 2843 2927
800 5663 5584 2777 2886
801 5582 5715 2796 2813
802 5684 5643 2853 2824
803 5624 5687 2878 2794
804 5654 5655 2795 2883
805 5663 5741 2680 2859
806 5574 5707 2793 2838
807 5543 5623 2624 2807
808 5623 5568 2833 2801
809 5558 5661 2802 2827
810 5611 5628 2756 2809
811 5580 5711 2701 2770
812 5593 5666 2805 2754
813 5479 5601 2796 2814
814 5565 5506 2689 2809
815 5582 5539 2729 2873
816 5549 5604 2747 2767
817 5457 5468 2697 2804
818 5524 5425 2779 2765
819 5448 5458 2733 2798
820 5369 5435 2821 2686
821 5479 5361 2768 2750
822 5544 5484 2789 2767
823 5474 5526 2716 2849
824 5502 5509 2754 2847
825 5574 5559 2752 2766
826 5569 5601 2745 2802
827 5574 5528 2724 2875
828 5667 5591 2676 2755
829 5698 5497 2732 2817
830 5607 5555 2723 2778
831 5468 5565 2669 2869
832 5615 5487 2779 2795
833 5572 5644 2738 2797
834 5407 5657 2701 2796
835 5324 5478 2655 2697
836 5323 5289 2647 2851
837 5370 5326 2776 2707
838 5456 5400 2743 2672
839 5496 5495 2715 2770
840 5527 5582 2655 2767
841 5426 5464 2800 2758
842 5264 5376 2678 2768
843 5222 5317 2701 2784
844 5426 5291 2612 2742
845 5525 5382 2652 2734
846 5638 5473 2632 2742
847 5564 5532 2713 2760
848 5452 5483 2697 2712
849 5554 5387 2693 2784
850 5444 5519 2702 2700
851 5227 5374 2698 2719
852 5383 5278 2655 2713
853 5422 5362 2689 2623
854 5440 5346 2723 2690
855 5338 5375 2753 2774
856 5342 5367 2658 2700
857 5472 5323 2743 2725
858 5383 5470 2729 2734
859 5307 5436 2583 2814
860 5313 5441 2619 2613
861 5246 5301 2659 2638
862 5173 5249 2582 2753
863 5292 5256 2673 2678
864 5239 5349 2595 2682
865 5339 5331 2617 2676
866 5300 5287 2616 2667
867 5354 5354 2705 2657
868 5452 5385 2643 2692
869 5372 5517 2587 2700
870 5335 5344 2581 2609
871 5515 5239 2537 2676
872 5383 5401 2587 2749
873 5370 5316 2639 2571
874 5443 5371 2583 2620
875 5383 5463 2674 2694
876 5383 5473 2727 2628
877 5204 5470 2636 2621
878 5375 5293 2565 2582
879 5273 5240 2646 2747
880 5381 5237 2584 2699
881 5426 5308 2634 2640
882 5340 5392 2562 2747
883 5381 5312 2661 2642
884 5209 5373 2595 2676
885 5310 5183 2712 2631
886 5396 5399 2548 2607
887 5331 5351 2704 2601
888 5338 5315 2567 2659
889 5312 5374 2687 2667
890 5176 5402 2586 2633
891 5297 5292 2530 2648
892 5340 5338 2592 2708
893 5308 5363 2520 2632
894 5201 5245 2620 2687
895 5139 5248 2556 2566
896 5255 5228 2571 2603
897 5222 5327 2570 2594
898 5374 5198 2503 2626
899 5150 5451 2621 2609
900 5133 5223 2551 2519
901 5320 5161 2567 2565
902 5248 5309 2596 2689
903 5305 5350 2591 2586
904 5266 5425 2403 2577
905 5504 5193 2576 2551
906 5347 5316 2564 2673
907 5370 5275 2575 2599
908 5258 5336 2528 2610
909 5281 5267 2612 2636
910 5328 5409 2610 2481
911 5375 5387 2567 2606
912 5324 5418 2666 2599
913 5256 5317 2552 2625
914 5284 5360 2436 2513
915 5180 5311 2541 2690
916 5153 5162 2467 2517
917 5126 5098 2461 2576
918 5244 5147 2534 2558
919 5395 5126 2549 2589
920 5255 5360 2548 2626
921 5083 5186 2581 2592
922 5145 5152 2483 2583
923 5250 5182 2501 2663
924 5295 5262 2466 2584
925 5084 5225 2529 2637
926 5172 5149 2436 2532
927 5190 5205 2404 2589
928 5171 5098 2504 2537
929 5025 5174 2460 2566
930 5031 5094 2476 2475
931 5168 5142 2413 2518
932 5070 5107 2497 2591
933 5144 5095 2544 2530
934 5239 5218 2518 2347
935 5171 5197 2480 2567
936 5054 5152 2441 2563
937 5004 5091 2570 2551
938 5024 5142 2410 2376
939 5192 5102 2455 2502
940 5130 5145 2510 2432
941 5127 5017 2535 2473
942 5183 5073 2479 2483
943 5200 5103 2465 2500
944 5090 5143 2443 2620
945 5163 5087 2480 2528
946 5185 5124 2570 2447
947 5107 5237 2471 2437
948 5113 5089 2566 2585
949 5120 5199 2515 2515
950 5082 5173 2588 2520
951 4976 5101 2530 2519
952 5089 4949 2497 2594
953 5180 5117 2547 2522
954 5170 5202 2564 2577
955 5164 5218 2423 2441
956 5182 5133 2494 2633
957 5187 5240 2510 2528
958 5201 5228 2587 2505
959 5277 5240 2461 2525
960 5199 5239 2497 2525
961 5035 5194 2460 2560
962 5070 5141 2515 2536
963 5082 5162 2467 2440
964 5239 5076 2569 2543
965 5250 5263 2515 2519
966 5154 5258 2563 2542
967 5261 5164 2441 2517
968 5235 5239 2474 2594
969 5162 5272 2428 2578
970 4977 5213 2489 2483
971 4993 5036 2442 2493
972 5073 5150 2423 2482
973 5064 5187 2422 2446
974 5232 5070 2381 2447
975 5051 5089 2514 2550
976 5104 5058 2420 2471
977 5172 5082 2430 2501
978 5156 5174 2418 2493
979 5183 5121 2511 2458
980 5218 5063 2451 2512
981 5232 5076 2549 2486
982 5187 5212 2439 2500
983 5110 5201 2467 2579
984 5087 5168 2455 2534
985 5027 5103 2426 2414
986 5131 5049 2439 2397
987 5100 5196 2451 2547
988 5174 5214 2465 2485
989 5118 5227 2510 2553
990 5036 5213 2421 2473
991 5081 5106 2424 2538
992 5245 5079 2372 2511
993 5145 5119 2404 2571
994 5048 5177 2436 2565
995 5052 5086 2404 2435
996 5055 5059 2413 2546
997 5098 5142 2454 2526
998 5170 5185 2466 2434
999 5114 5209 2463 2468
1000 5120 5095 2451 2431
1001 5128 5110 2443 2429
1002 5068 5102 2487 2511
1003 4993 5115 2382 2524
1004 5020 5092 2439 2534
1005 5017 5127 2421 2437
1006 5072 5060 2371 2421
1007 5064 4989 2466 2463
1008 5030 5026 2427 2448
1009 4958 5041 2390 2389
1010 5139 4929 2442 2549
1011 5075 5230 2422 2428
1012 5151 5192 2498 2488
1013 5110 5207 2400 2404
1014 5155 5178 2455 2507
1015 5180 5211 2383 2455
1016 5051 5169 2435 2462
1017 5005 5050 2401 2463
1018 5067 5044 2396 2468
1019 5069 4983 2473 2462
1020 4979 5032 2397 2378
1021 5066 4931 2422 2448
1022 4965 5067 2456 2454
1023 5004 5007 2406 2428
1024 4970 5014 2396 2503
1025 4919 5037 2365 2382
1026 4893 5002 2386 2476
1027 4937 5005 2454 2421
1028 5085 5087 2428 2401
1029 5099 5121 2402 2367
1030 5030 4993 2394 2419
1031 4858 4903 2415 2414
1032 4966 4889 2331 2414
1033 4942 5049 2452 2370
1034 5009 5046 2237 2410
1035 5052 4948 2385 2386
1036 5040 4966 2392 2425
1037 5004 4953 2398 2406
1038 5026 5007 2348 2443
1039 5057 5011 2407 2474
1040 4942 5067 2426 2379
1041 5044 4987 2367 2414
1042 5015 5067 2374 2414
1043 5008 4919 2450 2368
1044 5133 4952 2344 2402
1045 5141 5017 2414 2433
1046 4918 5078 2448 2427
1047 4969 4944 2416 2370
1048 5106 5061 2357 2338
1049 5089 5108 2339 2436
1050 5039 5064 2398 2451
1051 5082 5034 2305 2378
1052 5023 5019 2365 2526
1053 5039 5072 2330 2315
1054 4980 5031 2357 2416
1055 4984 4999 2352 2466
1056 5077 5042 2340 2339
1057 5043 4935 2398 2488
1058 4937 5099 2368 2388
1059 4875 5005 2275 2466
1060 4991 4834 2347 2299
1061 4908 4787 2361 2393
1062 4808 4781 2379 2453
1063 4920 4873 2329 2337
1064 4865 4924 2383 2381
1065 4859 4920 2340 2422
1066 4775 4914 2338 2332
1067 4838 4871 2346 2415
1068 4796 4856 2370 2285
1069 4787 4847 2329 2391
1070 4976 4985 2305 2415
1071 4959 5054 2349 2324
1072 4870 5036 2241 2371
1073 4836 4784 2375 2348
1074 4767 4856 2267 2280
1075 4764 4798 2311 2389
1076 4849 4785 2267 2357
1077 4672 4870 2270 2270
1078 4728 4652 2210 2343
1079 4731 4753 2329 2382
1080 4782 4758 2317 2297
1081 4881 4832 2253 2328
1082 4772 4852 2227 2289
1083 4715 4742 2235 2404
1084 4791 4773 2267 2270
1085 4730 4815 2189 2310
1086 4766 4737 2266 2351
1087 4856 4814 2294 2318
1088 4934 4896 2251 2254
1089 4928 4788 2362 2322
1090 4838 4869 2328 2381
1091 4889 4912 2337 2289
1092 4789 4920 2306 2349
1093 4688 4784 2289 2282
1094 4753 4770 2316 2333
1095 4772 4898 2274 2374
1096 4878 4846 2254 2315
1097 4797 4926 2269 2274
1098 4699 4817 2223 2332
1099 4748 4753 2218 2373
1100 4779 4774 2239 2280
1101 4857 4692 2225 2332
1102 4746 4794 2281 2324
1103 4710 4711 2259 2336
1104 4805 4689 2217 2216
1105 4930 4700 2288 2263
1106 4837 4829 2301 2293
1107 4745 4754 2276 2271
1108 4752 4735 2251 2270
1109 4836 4702 2239 2231
1110 4693 4723 2288 2332
1111 4858 4695 2216 2305
1112 4938 4803 2272 2278
1113 4886 4773 2292 2271
1114 4885 4819 2198 2372
1115 4868 4864 2259 2276
1116 4753 4856 2205 2376
1117 4680 4791 2143 2256
1118 4712 4696 2259 2211
1119 4732 4710 2209 2269
1120 4785 4632 2303 2268
1121 4719 4831 2246 2240
1122 4661 4734 2159 2248
1123 4744 4586 2233 2360
1124 4649 4667 2234 2297
1125 4736 4578 2221 2281
1126 4760 4706 2167 2292
1127 4704 4749 2176 2228
1128 4845 4711 2205 2154
1129 4719 4734 2295 2297
1130 4751 4733 2151 2292
1131 4727 4866 2210 2305
1132 4740 4770 2189 2224
1133 4599 4803 2103 2294
1134 4654 4598 2152 2312
1135 4795 4676 2176 2275
1136 4812 4761 2217 2275
1137 4652 4821 2149 2276
1138 4523 4633 2119 2222
1139 4613 4579 2174 2188
1140 4619 4534 2129 2220
1141 4717 4526 2111 2238
1142 4600 4665 2149 2178
1143 4532 4566 2118 2171
1144 4640 4460 2178 2190
1145 4602 4659 2165 2174
1146 4564 4617 2070 2182
1147 4611 4529 2172 2245
1148 4598 4531 2169 2222
1149 4569 4639 2172 2215
1150 4484 4574 2150 2157
1151 4491 4516 2054 2225
1152 4571 4515 2152 2229
1153 4534 4583 2110 2172
1154 4451 4559 2147 2186
1155 4613 4526 2148 2182
1156 4637 4602 2153 2231
1157 4604 4616 2140 2148
1158 4491 4540 2098 2253
1159 4504 4409 2158 2186
1160 4595 4515 2128 2151
1161 4601 4539 2100 2192
1162 4714 4582 2163 2147
1163 4596 4702 2201 2215
1164 4587 4634 2135 2143
1165 4657 4626 2139 2205
1166 4685 4645 2143 2165
1167 4523 4645 2188 2199
1168 4414 4470 2072 2226
1169 4380 4469 2057 2178
1170 4594 4484 2138 2119
1171 4584 4609 2165 2055
1172 4498 4576 2134 2198
1173 4554 4492 2136 2147
1174 4516 4557 2171 2275
1175 4482 4661 2099 2123
1176 4455 4673 2148 2207
1177 4581 4621 2129 2134
1178 4531 4639 2187 2143
1179 4529 4603 2099 2308
1180 4704 4594 2079 2163
1181 4615 4583 2074 2127
1182 4440 4496 2109 2198
1183 4410 4374 2129 2065
1184 4412 4416 2059 2161
1185 4501 4405 2046 2054
1186 4538 4437 2047 2163
1187 4568 4512 2169 2094
1188 4435 4518 2068 2163
1189 4378 4455 2088 2096
1190 4525 4416 2066 2158
1191 4482 4519 2106 2147
1192 4548 4519 2120 2052
1193 4330 4511 2098 2178
1194 4471 4405 2085 2122
1195 4452 4549 2126 2077
1196 4565 4570 1960 2120
1197 4333 4591 2115 2219
1198 4399 4487 2014 2029
1199 4328 4436 1991 2125
1200 4477 4318 1976 2079
1201 4369 4445 2003 2130
1202 4234 4347 1979 2037
1203 4358 4213 2008 2108
1204 4364 4397 2049 2099
1205 4381 4465 2024 1978
1206 4298 4389 2000 2097
1207 4311 4376 2043 1954
1208 4426 4395 2104 2049
1209 4395 4507 2034 2044
1210 4432 4419 2036 2031
1211 4486 4341 2066 2091
1212 4511 4391 2071 2134
1213 4397 4467 2042 2090
1214 4460 4343 2039 2088
1215 4428 4464 1948 2187
1216 4401 4427 2066 2087
1217 4474 4362 2135 2045
1218 4408 4560 2016 2091
1219 4506 4410 2016 2060
1220 4578 4422 1987 2176
1221 4498 4478 2027 2109
1222 4362 4346 2073 2134
1223 4384 4305 2036 2123
1224 4405 4414 1956 2110
1225 4383 4399 2043 2050
1226 4353 4343 2047 2061
1227 4419 4358 2077 2043
1228 4375 4438 1944 2088
1229 4243 4390 1917 2051
1230 4309 4248 2015 2017
1231 4212 4322 1982 2078
1232 4471 4319 1914 2032
1233 4400 4398 2028 2095
1234 4199 4385 1948 2130
1235 4171 4283 1947 2008
1236 4329 4232 1958 2006
1237 4303 4297 2050 2013
1238 4327 4346 2003 1975
1239 4336 4324 1960 2087
1240 4320 4314 2044 2054
1241 4210 4289 1999 1976
1242 4317 4126 1981 2046
1243 4326 4226 1957 2018
1244 4279 4233 1909 2110
1245 4336 4263 1922 2074
1246 4318 4269 1935 2113
1247 4267 4266 2033 2087
1248 4253 4329 1975 2026
1249 4163 4329 1971 2026
1250 4256 4235 1962 1959
1251 4318 4262 1966 2019
1252 4251 4241 1925 2050
1253 4252 4273 2030 2089
1254 4354 4349 1946 1965
1255 4341 4365 2083 1990
1256 4362 4355 2030 2020
1257 4183 4363 1954 2033
1258 4336 4189 1933 2090
1259 4331 4324 1945 2035
1260 4235 4351 1973 2039
1261 4216 4233 2052 1957
1262 4144 4264 1962 2061
1263 4271 4248 2057 2008
1264 4356 4319 1981 2100
1265 4444 4429 2014 1940
1266 4344 4468 1971 2015
1267 4387 4358 1983 2124
1268 4406 4373 1966 2012
1269 4357 4379 1966 2041
1270 4158 4352 1939 2104
1271 4380 4250 1915 2046
1272 4330 4368 1973 1973
1273 4331 4238 1961 2047
1274 4373 4255 1959 2043
1275 4230 4419 1955 2055
1276 4108 4245 1942 1923
1277 4219 4140 1954 1983
1278 4273 4160 1931 2003
1279 4250 4198 1968 2005
1280 4256 4230 2024 1976
1281 4286 4279 1912 2047
1282 4198 4238 1927 2010
1283 4064 4093 1972 2008
1284 4140 4053 1897 1967
1285 4241 4151 1931 1920
1286 4131 4229 1840 2029
1287 4058 4096 1912 1933
1288 4166 4036 1907 1911
1289 4197 4085 1814 1977
1290 4214 4054 1906 1983
1291 4194 4158 1882 1960
1292 4141 4192 1931 1965
1293 4220 4117 1914 1924
1294 4136 4131 1929 1935
1295 4162 4115 1929 1968
1296 4377 4071 1952 2011
1297 4352 4340 1919 1996
1298 4308 4315 1868 2010
1299 4204 4258 1949 1934
1300 4201 4178 1918 1971
1301 4109 4132 1902 1857
1302 4128 4091 1833 1973
1303 4186 4129 1936 1941
1304 4161 4238 1965 1932
1305 4158 4251 1876 1902
1306 4074 4181 1881 1962
1307 4232 4148 1856 1905
1308 4145 4215 1833 1890
1309 4106 4088 1922 1875
1310 4174 4089 1857 1934
1311 4064 4096 1895 1919
1312 4050 4113 1873 1894
1313 4143 4045 1854 1957
1314 4224 4144 1882 1880
1315 4225 4145 1939 1889
1316 4323 4087 1885 1881
1317 4181 4135 1953 1965
1318 4168 4139 1928 1960
1319 4211 4137 1918 1889
1320 4182 4124 1843 2044
1321 4178 4165 1877 1956
1322 4156 4176 1925 1952
1323 4202 4164 1883 1955
1324 4059 4233 1855 2007
1325 4222 4122 1836 1905
1326 4091 4162 1897 1923
1327 4199 4086 1877 1888
1328 4176 4146 1810 1930
1329 4197 4124 1804 1921
1330 4159 4115 1832 1947
1331 4139 4130 1804 1954
1332 4215 4158 1820 1930
1333 4072 4150 1925 1863
1334 3955 4053 1874 1946
1335 4017 4108 1817 1980
1336 3929 4208 1731 1878
1337 3936 3911 1771 1880
1338 3953 3863 1739 1842
1339 3935 3918 1843 1892
1340 3957 3998 1783 1856
1341 4050 3984 1815 1849
1342 4000 4051 1893 1877
1343 4074 4058 1789 1896
1344 4053 4036 1878 1868
1345 4041 4002 1833 1858
1346 4099 4015 1822 1861
1347 3998 3993 1771 1887
1348 4103 3945 1824 1856
1349 4126 4051 1867 1895
1350 4056 4062 1841 1905
1351 4032 4009 1806 1922
1352 4092 4070 1835 1820
1353 4148 4059 1853 1868
1354 4131 4110 1882 1841
1355 4149 4106 1847 1909
1356 3958 4136 1895 1906
1357 4055 3935 1817 1874
1358 4015 4045 1918 1960
1359 4001 4195 1791 1801
1360 3987 4075 1820 1850
1361 3989 4003 1891 1802
1362 3928 4027 1811 1821
1363 3882 3950 1805 1805
1364 3999 3950 1791 1863
1365 4068 4034 1807 1878
1366 3959 3988 1820 1871
1367 3938 3960 1643 1824
1368 3911 3821 1790 1774
1369 3855 3769 1680 1906
1370 3991 3798 1708 1945
1371 3857 3985 1756 1830
1372 3825 3865 1689 1837
1373 3900 3811 1834 1836
1374 3885 3934 1766 1852
1375 3945 3968 1796 1765
1376 3925 4011 1772 1843
1377 3899 3962 1780 1795
1378 4032 3930 1747 1737
1379 3962 3980 1797 1826
1380 3976 3874 1705 1827
1381 3913 3859 1802 1876
1382 3940 3929 1766 1790
1383 3979 3957 1789 1837
1384 3931 3891 1702 1871
1385 3937 3859 1775 1853
1386 3819 3909 1788 1875
1387 3929 3850 1803 1855
1388 3981 3983 1767 1833
1389 3888 4005 1747 1791
1390 3922 3864 1757 1839
1391 3859 3818 1716 1826
1392 3887 3796 1784 1831
1393 3850 3876 1743 1815
1394 3960 3856 1730 1811
1395 4068 3887 1848 1796
1396 3989 3950 1831 1791
1397 3975 4005 1760 1858
1398 4090 4003 1777 1845
1399 3985 4025 1813 1804
1400 3992 3987 1765 1861
1401 3973 3953 1764 1797
1402 3911 3925 1762 1816
1403 3965 3922 1727 1891
1404 3892 3980 1759 1786
1405 4024 3826 1762 1795
1406 3925 3939 1761 1885
1407 3901 3948 1731 1854
1408 3999 3876 1752 1763
1409 3959 3943 1806 1821
1410 3960 4016 1686 1823
1411 3976 3962 1774 1767
1412 4014 3961 1608 1894
1413 3964 3908 1729 1797
1414 3956 3798 1692 1845
1415 3770 3795 1671 1804
1416 3764 3673 1713 1810
1417 3655 3723 1674 1825
1418 3775 3757 1703 1686
1419 3709 3773 1765 1733
1420 3645 3816 1675 1709
1421 3792 3734 1701 1721
1422 3906 3805 1704 1724
1423 3793 3861 1775 1814
1424 3880 3874 1756 1775
1425 3817 3921 1783 1818
1426 3790 3957 1722 1767
1427 3764 3836 1605 1730
1428 3968 3683 1638 1762
1429 3736 3869 1768 1751
1430 3717 3738 1672 1738
1431 3786 3710 1689 1770
1432 3662 3769 1720 1708
1433 3588 3628 1755 1764
1434 3697 3679 1662 1695
1435 3757 3723 1687 1747
1436 3823 3675 1714 1752
1437 3760 3869 1668 1694
1438 3638 3730 1702 1692
1439 3659 3679 1679 1723
1440 3764 3728 1649 1737
1441 3785 3761 1695 1691
1442 3821 3746 1673 1761
1443 3812 3789 1665 1717
1444 3708 3701 1790 1690
1445 3717 3651 1644 1783
1446 3815 3791 1696 1705
1447 3782 3835 1652 1681
1448 3867 3736 1667 1734
1449 3836 3757 1695 1709
1450 3810 3796 1621 1764
1451 3862 3797 1660 1732
1452 3802 3732 1680 1697
1453 3782 3749 1712 1825
1454 3820 3826 1667 1667
1455 3769 3777 1684 1797
1456 3701 3729 1671 1695
1457 3692 3680 1643 1706
1458 3702 3665 1658 1737
1459 3699 3735 1666 1718
1460 3710 3799 1696 1741
1461 3705 3764 1639 1700
1462 3716 3679 1625 1736
1463 3853 3665 1580 1710
1464 3684 3760 1607 1769
1465 3656 3577 1554 1726
1466 3739 3530 1639 1721
1467 3663 3638 1666 1650
1468 3599 3611 1632 1690
1469 3716 3573 1577 1699
1470 3724 3650 1653 1686
1471 3649 3721 1633 1691
1472 3698 3785 1598 1695
1473 3720 3768 1616 1624
1474 3742 3738 1623 1700
1475 3754 3699 1587 1669
1476 3670 3682 1658 1636
1477 3663 3650 1614 1676
1478 3667 3533 1555 1704
1479 3678 3624 1595 1735
1480 3680 3655 1597 1654
1481 3646 3653 1569 1678
1482 3597 3603 1562 1718
1483 3570 3654 1607 1708
1484 3635 3633 1518 1656
1485 3578 3615 1664 1706
1486 3486 3660 1620 1648
1487 3576 3563 1577 1599
1488 3480 3606 1608 1663
1489 3585 3555 1551 1667
1490 3598 3604 1572 1675
1491 3535 3619 1523 1645
1492 3502 3489 1556 1563
1493 3465 3469 1512 1625
1494 3536 3451 1590 1596
1495 3619 3549 1542 1644
1496 3646 3621 1625 1609
1497 3564 3575 1617 1659
1498 3695 3514 1588 1640
1499 3739 3637 1549 1701
1500 3658 3675 1655 1698
1501 3563 3629 1559 1621
1502 3598 3605 1585 1730
1503 3506 3568 1542 1633
1504 3512 3491 1507 1656
1505 3404 3467 1528 1674
1506 3438 3457 1503 1562
1507 3403 3414 1523 1626
1508 3373 3347 1541 1685
1509 3376 3469 1515 1610
1510 3332 3429 1526 1548
1511 3450 3416 1550 1559
1512 3478 3471 1513 1623
1513 3451 3475 1603 1626
1514 3404 3483 1546 1630
1515 3504 3532 1547 1583
1516 3481 3583 1560 1630
1517 3526 3516 1570 1593
1518 3629 3511 1505 1604
1519 3531 3565 1557 1611
1520 3507 3516 1539 1563
1521 3533 3497 1572 1563
1522 3512 3634 1497 1529
1523 3453 3548 1452 1642
1524 3396 3504 1515 1508
1525 3432 3394 1476 1484
1526 3305 3335 1501 1594
1527 3433 3314 1481 1551
1528 3515 3396 1594 1560
1529 3498 3487 1534 1595
1530 3379 3494 1550 1604
1531 3430 3408 1526 1590
1532 3610 3414 1531 1554
1533 3535 3468 1507 1719
1534 3466 3516 1474 1688
1535 3420 3480 1580 1604
1536 3413 3461 1479 1591
1537 3562 3446 1511 1612
1538 3560 3599 1521 1561
1539 3497 3554 1485 1586
1540 3419 3434 1530 1639
1541 3394 3414 1543 1584
1542 3391 3415 1489 1571
1543 3373 3433 1478 1548
1544 3381 3357 1479 1527
1545 3368 3348 1513 1518
1546 3314 3349 1522 1580
1547 3271 3349 1532 1586
1548 3399 3413 1448 1410
1549 3489 3290 1498 1584
1550 3528 3437 1504 1552
1551 3367 3423 1511 1566
1552 3360 3311 1497 1586
1553 3436 3384 1487 1581
1554 3445 3393 1498 1571
1555 3376 3357 1506 1585
1556 3306 3363 1435 1478
1557 3515 3273 1435 1516
1558 3457 3336 1543 1597
1559 3434 3490 1459 1552
1560 3470 3431 1476 1533
1561 3300 3396 1511 1551
1562 3355 3359 1451 1486
1563 3378 3348 1475 1492
1564 3468 3344 1476 1620
1565 3357 3540 1445 1463
1566 3370 3337 1460 1531
1567 3384 3332 1436 1557
1568 3321 3408 1463 1570
1569 3254 3380 1475 1479
1570 3368 3226 1416 1518
1571 3364 3303 1514 1526
1572 3339 3375 1497 1526
1573 3199 3404 1459 1634
1574 3197 3356 1415 1545
1575 3335 3265 1408 1532
1576 3351 3321 1480 1492
1577 3306 3292 1483 1545
1578 3411 3264 1419 1508
1579 3321 3331 1425 1611
1580 3342 3349 1492 1556
1581 3272 3382 1440 1502
1582 3329 3292 1462 1531
1583 3316 3296 1462 1576
1584 3365 3312 1406 1484
1585 3417 3258 1462 1590
1586 3321 3367 1462 1498
1587 3300 3264 1454 1529
1588 3285 3330 1464 1438
1589 3407 3276 1470 1491
1590 3358 3347 1491 1557
1591 3308 3373 1478 1512
1592 3309 3292 1442 1501
1593 3319 3323 1437 1521
1594 3306 3282 1419 1500
1595 3419 3287 1450 1483
1596 3283 3360 1384 1516
1597 3271 3328 1430 1529
1598 3176 3318 1429 1502
1599 3175 3234 1376 1512
1600 3146 3215 1360 1511
1601 3240 3231 1389 1451
1602 3111 3294 1417 1411
1603 3244 3183 1437 1335
1604 3254 3246 1373 1466
1605 3133 3265 1379 1455
1606 3143 3218 1396 1420
1607 3106 3205 1342 1431
1608 3140 3082 1390 1465
1609 3149 3133 1386 1428
1610 3180 3172 1321 1396
1611 3184 3138 1366 1428
1612 3217 3170 1345 1425
1613 3192 3119 1411 1489
1614 3256 3154 1331 1414
1615 3210 3187 1466 1429
1616 3308 3163 1378 1479
1617 3215 3322 1417 1450
1618 3143 3248 1442 1483
1619 3205 3211 1409 1458
1620 3110 3227 1395 1459
1621 3137 3266 1357 1443
1622 3191 3180 1407 1395
1623 3082 3181 1380 1447
1624 3114 3106 1396 1502
1625 3015 3186 1347 1418
1626 3049 3071 1346 1441
1627 3009 3111 1361 1391
1628 3145 3106 1380 1395
1629 3125 3200 1380 1419
1630 3126 3179 1363 1449
1631 3117 3105 1373 1426
1632 3215 3147 1336 1419
1633 3210 3144 1406 1476
1634 3116 3196 1372 1462
1635 3184 3124 1375 1471
1636 3124 3181 1374 1399
1637 3168 3085 1320 1447
1638 3147 3086 1357 1393
1639 3187 3092 1322 1416
1640 3121 3142 1391 1342
1641 3250 3115 1283 1412
1642 3224 3200 1318 1390
1643 3155 3187 1361 1412
1644 3040 3175 1342 1441
1645 3050 3087 1417 1366
1646 3029 3093 1449 1409
1647 2991 3108 1309 1379
1648 3078 3052 1293 1413
1649 3147 3065 1355 1409
1650 2954 3075 1388 1414
1651 3032 3010 1317 1406
1652 3138 3084 1332 1416
1653 3143 3080 1356 1394
1654 3069 3079 1264 1475
1655 3049 3022 1341 1371
1656 3017 3021 1289 1409
1657 3017 3008 1279 1414
1658 3044 2947 1381 1430
1659 3120 3114 1316 1318
1660 2998 3111 1307 1395
1661 2973 3040 1229 1441
1662 3111 2978 1250 1397
1663 3132 3005 1334 1389
1664 3111 3052 1275 1311
1665 3153 2984 1343 1374
1666 3123 3051 1387 1425
1667 3090 3156 1385 1388
1668 3090 3096 1282 1347
1669 2993 3029 1291 1397
1670 3107 2960 1327 1372
1671 3044 3116 1366 1353
1672 3002 3082 1313 1427
1673 3035 3058 1346 1385
1674 2944 3031 1257 1388
1675 2934 2991 1228 1360
1676 3047 2951 1279 1360
1677 3073 3063 1314 1322
1678 3037 3075 1258 1387
1679 2972 3028 1327 1331
1680 3065 2966 1306 1410
1681 2997 3040 1268 1363
1682 3000 3065 1275 1402
1683 3023 3059 1297 1325
1684 3021 2959 1265 1329
1685 2930 2893 1349 1313
1686 2982 2910 1309 1371
1687 3030 2957 1352 1320
1688 3024 3058 1298 1379
1689 3003 3096 1273 1331
1690 2953 3019 1316 1354
1691 2885 3061 1219 1335
1692 2932 2951 1249 1357
1693 2947 2981 1232 1373
1694 2987 2959 1283 1296
1695 2975 2973 1308 1290
1696 3032 2916 1276 1303
1697 3048 2918 1368 1303
1698 3041 3005 1302 1319
1699 2925 2970 1264 1349
1700 2947 2914 1284 1365
1701 2913 2894 1240 1287
1702 2941 2849 1198 1296
1703 2960 2825 1229 1385
1704 2895 2939 1315 1237
1705 2829 2884 1252 1285
1706 2897 2854 1208 1264
1707 2921 2857 1262 1379
1708 2861 2898 1222 1308
1709 2943 2871 1263 1360
1710 2917 3020 1234 1309
1711 2932 2989 1263 1257
1712 2973 2970 1318 1325
1713 2918 2992 1289 1277
1714 2962 2980 1271 1312
1715 2924 2975 1295 1311
1716 2910 2963 1213 1312
1717 2924 2887 1263 1303
1718 2882 2912 1249 1334
1719 2799 2873 1300 1274
1720 2850 2774 1235 1344
1721 2859 2892 1244 1296
1722 2884 2940 1210 1339
1723 2863 2936 1214 1313
1724 2857 2875 1203 1245
1725 2797 2847 1194 1332
1726 2800 2777 1219 1283
1727 2940 2788 1218 1275
1728 2937 2929 1233 1315
1729 2878 2926 1227 1390
1730 2901 2847 1261 1289
1731 2895 2827 1170 1248
1732 2817 2718 1236 1375
1733 2739 2812 1175 1230
1734 2773 2736 1194 1301
1735 2841 2804 1225 1199
1736 2772 2768 1211 1256
1737 2779 2739 1169 1245
1738 2717 2697 1141 1306
1739 2868 2710 1151 1233
1740 2820 2812 1210 1240
1741 2832 2855 1231 1186
1742 2825 2837 1154 1175
1743 2891 2764 1190 1198
1744 2860 2767 1154 1271
1745 2689 2806 1221 1307
1746 2736 2748 1176 1223
1747 2756 2728 1166 1210
1748 2800 2769 1157 1224
1749 2810 2761 1234 1173
1750 2632 2818 1185 1284
1751 2709 2712 1092 1280
1752 2700 2761 1112 1284
1753 2666 2757 1177 1201
1754 2679 2708 1165 1211
1755 2723 2732 1093 1223
1756 2638 2707 1165 1198
1757 2632 2698 1125 1215
1758 2592 2626 1130 1135
1759 2682 2557 1127 1193
1760 2705 2633 1131 1215
1761 2653 2640 1116 1214
1762 2673 2612 1128 1239
1763 2672 2685 1132 1258
1764 2662 2737 1144 1160
1765 2631 2653 1144 1190
1766 2574 2672 1039 1206
1767 2749 2585 1140 1179
1768 2694 2734 1104 1187
1769 2584 2633 1066 1164
1770 2553 2525 1128 1146
1771 2632 2587 1132 1181
1772 2616 2701 1122 1118
1773 2492 2596 1057 1247
1774 2433 2524 1122 1194
1775 2470 2567 1111 1143
1776 2496 2607 1126 1092
1777 2593 2478 1117 1125
1778 2570 2615 1157 1183
1779 2585 2604 1105 1145
1780 2497 2565 1041 1240
1781 2515 2500 1088 1150
1782 2560 2542 1057 1170
1783 2506 2547 1084 1151
1784 2547 2480 1096 1102
1785 2509 2589 1066 1093
1786 2485 2474 1028 1119
1787 2462 2465 1044 1152
1788 2483 2530 1075 1064
1789 2455 2501 1042 1101
1790 2637 2446 1062 1125
1791 2577 2602 1103 1199
1792 2563 2630 1075 1141
1793 2519 2608 1073 1121
1794 2549 2507 1064 1124
1795 2514 2524 1090 1150
1796 2560 2525 1048 1126
1797 2596 2549 1022 1119
1798 2493 2523 1079 1090
1799 2491 2478 1068 1112
1800 2500 2481 1047 1151
1801 2412 2512 1122 1073
1802 2453 2461 1035 1133
1803 2500 2495 1105 1100
1804 2460 2506 1058 1113
1805 2535 2411 1059 1083
1806 2499 2425 1016 1152
1807 2459 2400 1030 1123
1808 2476 2393 1061 1146
1809 2404 2526 1052 1106
1810 2447 2416 986 1066
1811 2487 2406 1044 1050
1812 2401 2425 965 1159
1813 2337 2443 1045 1019
1814 2391 2373 1030 1022
1815 2419 2406 1079 1094
1816 2418 2446 1028 1112
1817 2361 2419 983 1106
1818 2396 2383 1023 1059
1819 2436 2379 1052 1072
1820 2406 2411 1046 1051
1821 2395 2399 992 1092
1822 2422 2391 958 1092
1823 2389 2328 1012 1146
1824 2408 2412 1018 1065
1825 2361 2458 1030 1077
1826 2444 2426 980 1048
1827 2452 2435 1012 1076
1828 2495 2416 1057 1046
1829 2570 2439 1050 1071
1830 2403 2501 1026 1158
1831 2294 2439 1007 1079
1832 2291 2269 988 1019
1833 2360 2257 1056 1078
1834 2388 2365 991 1022
1835 2269 2368 1025 1129
1836 2364 2289 951 1059
1837 2338 2382 1049 1026
1838 2330 2346 1001 1053
1839 2394 2352 945 1003
1840 2360 2320 1019 1038
1841 2325 2321 1023 1053
1842 2339 2332 984 1040
1843 2246 2293 974 1027
1844 2307 2209 979 1069
1845 2353 2323 1005 1072
1846 2311 2363 1001 1064
1847 2364 2346 964 998
1848 2363 2443 1012 1034
1849 2277 2420 967 1042
1850 2258 2315 959 1072
1851 2343 2326 1007 1032
1852 2375 2391 1015 1046
1853 2294 2394 973 1035
1854 2306 2316 933 1055
1855 2273 2309 1039 1020
1856 2257 2322 938 1015
1857 2249 2338 938 963
1858 2159 2242 964 977
1859 2193 2109 954 999
1860 2269 2207 931 958
1861 2325 2231 945 1026
1862 2322 2292 939 1011
1863 2314 2243 918 999
1864 2180 2247 992 983
1865 2122 2175 931 1032
1866 2111 2163 901 981
1867 2250 2127 904 981
1868 2220 2195 918 984
1869 2140 2142 964 1017
1870 2152 2194 975 971
1871 2262 2201 908 934
1872 2223 2249 955 964
1873 2216 2282 936 963
1874 2275 2226 904 958
1875 2221 2232 877 987
1876 2170 2178 975 957
1877 2236 2158 914 989
1878 2259 2254 930 997
1879 2201 2269 910 1011
1880 2154 2194 832 976
1881 2160 2145 898 964
1882 2150 2162 889 954
1883 2144 2188 918 980
1884 2193 2186 945 922
1885 2146 2234 931 950
1886 2196 2174 911 965
1887 2155 2175 887 903
1888 2194 2148 881 988
1889 2148 2171 905 939
1890 2180 2090 957 977
1891 2095 2222 888 956
1892 2137 2112 915 946
1893 2091 2161 921 943
1894 2109 2149 884 914
1895 2140 2179 872 941
1896 2151 2133 890 929
1897 2169 2162 888 1027
1898 2100 2176 871 923
1899 2059 2128 865 901
1900 2082 2049 902 908
1901 2104 2113 929 967
1902 2097 2176 910 909
1903 2136 2117 907 1015
1904 2073 2123 885 964
1905 2075 2111 875 938
1906 2226 2063 863 931
1907 2127 2144 920 971
1908 2028 2113 851 923
1909 2020 2047 821 926
1910 1991 2030 846 863
1911 2101 1966 791 929
1912 2064 2036 874 926
1913 2070 2042 845 924
1914 2064 2039 860 931
1915 1981 2058 862 914
1916 1944 1975 804 915
1917 2068 1997 833 890
1918 2000 2104 841 877
1919 1972 1998 805 893
1920 2000 1944 837 872
1921 2003 1982 844 885
1922 2061 2034 827 905
1923 2035 2115 871 835
1924 1973 2028 839 922
1925 2025 2027 863 963
1926 2026 2115 843 866
1927 2033 2031 800 904
1928 1971 2024 773 889
1929 2013 1935 776 893
1930 1877 1970 779 909
1931 1899 1864 784 861
1932 1863 1917 802 846
1933 1830 1879 752 835
1934 1964 1800 765 871
1935 1893 1880 834 848
1936 1894 1890 766 807
1937 1880 1873 782 864
1938 1849 1863 837 874
1939 1947 1923 768 877
1940 1885 2023 740 833
1941 1881 1842 766 821
1942 1923 1863 762 846
1943 1898 1887 788 852
1944 1919 1938 750 809
1945 1958 1878 806 815
1946 1924 1882 834 860
1947 1875 1894 792 825
1948 1905 1890 717 845
1949 1904 1871 779 862
1950 1931 1897 737 865
1951 1837 1854 781 832
1952 1917 1821 775 872
1953 1908 1960 788 788
1954 1848 1901 813 824
1955 1829 1886 781 817
1956 1779 1840 724 821
1957 1706 1803 696 822
1958 1693 1743 687 786
1959 1751 1682 724 766
1960 1767 1752 688 767
1961 1767 1717 737 830
1962 1772 1746 730 747
1963 1711 1768 763 810
1964 1741 1767 737 748
1965 1775 1762 723 772
1966 1813 1717 712 823
1967 1791 1795 756 765
1968 1806 1706 736 781
1969 1803 1747 713 828
1970 1739 1786 717 795
1971 1764 1726 697 753
1972 1730 1725 712 781
1973 1715 1704 759 746
1974 1675 1722 696 815
1975 1614 1715 717 769
1976 1631 1664 700 732
1977 1727 1597 721 749
1978 1807 1715 749 791
1979 1743 1793 747 754
1980 1748 1767 773 763
1981 1708 1790 703 713
1982 1671 1696 704 790
1983 1721 1669 711 733
1984 1745 1708 698 719
1985 1780 1714 687 729
1986 1764 1731 692 788
1987 1678 1768 704 711
1988 1698 1632 690 734
1989 1679 1683 711 728
1990 1637 1605 696 806
1991 1609 1691 626 741
1992 1614 1638 762 744
1993 1573 1655 697 700
1994 1654 1666 708 702
1995 1744 1726 662 704
1996 1708 1708 746 760
1997 1700 1728 701 727
1998 1699 1738 697 683
1999 1617 1658 687 728
2000 1534 1596 668 717
2001 1616 1565 677 662
2002 1625 1588 684 714
2003 1595 1624 684 718
2004 1614 1554 724 724
2005 1675 1587 587 708
2006 1609 1592 661 719
2007 1552 1525 645 724
2008 1530 1505 689 733
2009 1580 1604 625 692
2010 1571 1605 617 691
2011 1581 1565 667 686
2012 1602 1588 639 719
2013 1617 1605 659 707
2014 1592 1615 633 708
2015 1547 1540 672 683
2016 1470 1571 625 704
2017 1559 1517 640 715
2018 1548 1577 675 693
2019 1588 1567 692 707
2020 1621 1652 638 737
2021 1694 1622 638 744
2022 1612 1666 652 722
2023 1546 1577 690 739
2024 1534 1601 615 728
2025 1531 1568 649 684
2026 1559 1556 626 692
2027 1535 1604 658 707
2028 1500 1536 649 664
2029 1584 1480 678 712
2030 1575 1598 631 676
2031 1556 1577 608 758
2032 1544 1549 617 640
2033 1540 1517 652 673
2034 1529 1527 628 680
2035 1490 1508 638 696
2036 1553 1504 616 664
2037 1583 1536 590 686
2038 1510 1533 633 670
2039 1437 1512 614 711
2040 1486 1537 636 645
2041 1528 1533 605 630
2042 1505 1517 615 715
2043 1470 1521 589 644
2044 1484 1461 627 673
2045 1515 1453 612 663
2046 1434 1506 612 684
2047 1474 1503 621 608
2048 1578 1474 637 651
2049 1538 1565 601 669
2050 1558 1532 612 643
2051 1515 1485 610 640
2052 1478 1462 599 653
2053 1474 1476 628 657
2054 1390 1474 565 642
2055 1364 1386 622 682
2056 1370 1442 537 633
2057 1382 1349 564 636
2058 1404 1412 533 673
2059 1364 1449 585 624
2060 1427 1365 551 600
2061 1407 1400 572 643
2062 1367 1361 588 630
2063 1336 1363 568 595
2064 1378 1378 626 584
2065 1418 1395 574 599
2066 1376 1392 575 597
2067 1381 1330 570 640
2068 1408 1393 555 618
2069 1411 1407 590 606
2070 1419 1441 583 603
2071 1456 1415 534 577
2072 1396 1404 576 615
2073 1351 1353 596 649
2074 1337 1337 559 630
2075 1381 1304 546 612
2076 1267 1366 609 587
2077 1249 1334 539 605
2078 1348 1321 533 614
2079 1341 1394 566 579
2080 1305 1366 546 604
2081 1325 1314 541 549
2082 1289 1340 506 586
2083 1341 1266 531 562
2084 1341 1333 537 608
2085 1337 1334 533 594
2086 1334 1289 535 537
2087 1287 1278 561 595
2088 1298 1293 526 570
2089 1302 1331 515 553
2090 1257 1301 526 584
2091 1252 1245 546 555
2092 1233 1257 530 554
2093 1194 1225 490 539
2094 1223 1169 517 556
2095 1258 1172 534 592
2096 1296 1263 518 552
2097 1281 1302 552 572
2098 1319 1278 501 567
2099 1287 1288 514 578
2100 1296 1290 499 558
2101 1164 1301 478 547
2102 1175 1178 477 528
2103 1172 1195 463 552
2104 1136 1185 500 522
2105 1159 1196 488 549
2106 1220 1249 447 515
2107 1183 1224 493 537
2108 1203 1195 437 563
2109 1176 1188 509 524
2110 1137 1178 475 530
2111 1197 1135 458 514
2112 1104 1142 491 503
2113 1147 1103 477 524
2114 1162 1177 466 530
2115 1224 1187 488 512
2116 1225 1265 497 501
2117 1173 1220 465 559
2118 1130 1198 470 516
2119 1070 1143 436 517
2120 1111 1096 442 482
2121 1164 1093 466 458
2122 1119 1155 468 502
2123 1122 1093 490 511
2124 1126 1151 499 530
2125 1142 1198 481 481
2126 1140 1179 488 481
2127 1099 1156 472 458
2128 1170 1044 447 502
2129 1146 1135 487 521
2130 1153 1104 461 491
2131 1192 1118 479 515
2132 1191 1140 465 493
2133 1154 1162 457 482
2134 1154 1114 468 494
2135 1105 1137 442 512
2136 1206 1108 436 487
2137 1140 1147 451 503
2138 1085 1134 443 507
2139 1113 1124 440 491
2140 1078 1155 450 506
2141 1065 1150 456 450
2142 1047 1121 424 479
2143 1068 1058 407 479
2144 1086 1037 424 451
2145 1081 1068 442 492
2146 1098 1066 427 496
2147 1052 1105 444 464
2148 1109 1088 436 454
2149 1115 1115 434 460
2150 1108 1098 444 488
2151 1115 1106 417 483
2152 1031 1097 487 500
2153 1081 1032 423 455
2154 1078 1092 434 462
2155 1050 1071 409 464
2156 1011 989 430 470
2157 1087 988 429 444
2158 1047 1034 449 489
2159 1030 1051 395 480
2160 991 983 423 418
2161 1049 987 417 444
2162 1006 1048 422 465
2163 1030 1043 447 441
2164 1080 1070 421 455
2165 1022 1059 418 470
2166 1030 1017 416 478
2167 1063 1044 404 440
2168 1048 1051 437 403
2169 1037 997 417 458
2170 1048 1000 411 471
2171 1012 1023 407 475
2172 982 1030 400 458
2173 1009 1010 423 436
2174 1001 1013 393 422
2175 958 968 414 426
2176 999 991 377 440
2177 995 1026 403 457
2178 980 1017 405 402
2179 909 980 385 398
2180 960 945 382 414
2181 935 990 408 418
2182 980 973 376 410
2183 933 995 413 407
2184 972 932 366 393
2185 903 915 344 412
2186 954 866 364 449
2187 954 951 338 435
2188 920 943 355 405
2189 905 880 347 407
2190 954 874 354 415
2191 915 950 363 418
2192 982 938 390 403
2193 940 1032 381 401
2194 961 941 356 401
2195 909 967 354 435
2196 917 920 338 376
2197 949 897 374 383
2198 907 892 368 399
2199 920 892 388 396
2200 883 910 393 417
2201 915 910 374 402
2202 946 975 377 390
2203 903 996 372 379
2204 905 926 341 383
2205 924 899 383 414
2206 904 946 343 391
2207 877 927 360 370
2208 839 864 367 387
2209 884 849 359 399
2210 868 917 347 383
2211 853 878 352 388
2212 856 867 328 373
2213 836 822 336 377
2214 864 846 342 388
2215 868 882 364 370
2216 861 895 308 375
2217 853 843 357 365
2218 808 846 342 371
2219 850 840 331 359
2220 939 849 337 329
2221 881 899 349 421
2222 849 884 338 399
2223 840 875 346 389
2224 820 883 330 340
2225 820 841 363 396
2226 789 870 336 360
2227 757 867 364 328
2228 791 825 310 362
2229 796 801 352 354
2230 782 822 315 338
2231 779 793 307 323
2232 827 739 341 357
2233 818 789 343 366
2234 820 802 345 350
2235 811 795 322 320
2236 790 752 339 379
2237 789 767 304 324
2238 773 759 330 352
2239 793 794 311 340
2240 763 829 315 335
2241 771 771 306 317
2242 783 754 306 349
2243 800 758 295 325
2244 774 770 330 334
2245 794 767 315 317
2246 761 769 312 355
2247 823 766 326 336
2248 761 803 321 351
2249 744 777 322 308
2250 796 764 292 309
2251 856 784 304 353
2252 794 848 293 354
2253 810 811 319 316
2254 785 789 282 318
2255 720 747 320 371
2256 783 707 286 326
2257 813 790 302 340
2258 813 803 278 359
2259 756 825 286 297
2260 747 726 267 327
2261 717 717 292 333
2262 721 698 286 314
2263 713 716 276 300
2264 743 698 284 330
2265 758 764 268 334
2266 759 760 297 315
2267 751 768 283 295
2268 732 725 270 299
2269 731 669 275 313
2270 701 722 281 338
2271 682 720 299 319
2272 624 694 279 309
2273 719 666 304 288
2274 741 715 286 316
2275 737 755 272 337
2276 695 743 300 293
2277 684 691 308 292
2278 714 702 276 303
2279 707 720 281 312
2280 700 717 276 305
2281 744 710 264 283
2282 715 732 315 321
2283 640 738 273 295
2284 670 670 261 286
2285 713 673 234 278
2286 669 655 270 319
2287 615 640 278 317
2288 650 668 265 271
2289 687 694 264 308
2290 677 713 276 295
2291 627 698 250 285
2292 629 673 222 270
2293 647 692 258 291
2294 591 664 231 247
2295 660 608 270 279
2296 644 682 241 289
2297 649 667 245 261
2298 638 679 236 277
2299 684 641 264 265
2300 658 663 261 303
2301 631 664 253 280
2302 538 652 264 248
2303 598 571 212 268
2304 609 608 250 263
2305 631 617 259 266
2306 617 636 222 253
2307 600 594 226 252
2308 645 557 230 256
2309 627 617 234 273
2310 619 602 225 263
2311 582 597 252 257
2312 596 572 227 248
2313 606 569 247 251
2314 595 600 241 260
2315 605 582 220 250
2316 573 576 219 273
2317 514 574 218 243
2318 573 546 210 229
2319 552 567 234 238
2320 577 559 208 236
2321 568 572 210 238
2322 567 555 237 228
2323 645 577 219 229
2324 548 626 231 249
2325 560 554 239 262
2326 572 605 228 237
2327 540 560 234 228
2328 610 572 218 207
2329 551 587 193 254
2330 518 525 210 233
2331 534 533 187 247
2332 534 535 211 226
2333 532 532 225 229
2334 522 538 191 224
2335 541 506 205 238
2336 534 526 198 208
2337 530 523 185 213
2338 522 502 201 226
2339 508 494 202 218
2340 500 481 207 219
2341 516 495 191 227
2342 504 533 209 192
2343 504 515 208 210
2344 512 506 193 191
2345 499 520 203 213
2346 475 508 192 220
2347 477 477 208 203
2348 410 470 191 194
2349 446 435 188 198
2350 516 436 186 204
2351 517 509 180 224
2352 546 531 186 200
2353 491 524 210 213
2354 449 501 173 211
2355 503 491 199 187
2356 487 510 206 191
2357 495 501 165 209
2358 496 470 195 206
2359 473 484 192 210
2360 489 469 193 198
2361 506 503 179 212
2362 453 543 192 211
2363 481 508 168 181
2364 489 464 183 189
2365 436 472 188 187
2366 433 429 179 188
2367 479 432 175 195
2368 477 466 194 186
2369 430 446 174 204
2370 447 444 168 194
2371 436 466 190 179
2372 445 479 164 170
2373 474 458 186 198
2374 441 484 180 174
2375 417 466 182 184
2376 397 440 187 182
2377 396 400 171 176
2378 397 407 153 198
2379 410 427 147 174
2380 413 396 153 186
2381 406 415 170 170
2382 395 394 166 180
2383 416 380 167 168
2384 431 403 190 185
2385 449 439 171 168
2386 368 430 163 203
2387 421 365 168 184
2388 411 426 171 188
2389 421 440 154 175
2390 430 428 174 181
2391 456 425 148 178
2392 407 446 175 182
2393 427 406 160 186
2394 447 431 190 175
2395 454 471 155 161
2396 445 426 172 196
2397 401 448 166 184
2398 402 422 142 159
2399 415 400 139 176
2400 435 422 140 161
2401 395 421 170 178
2402 415 415 151 167
2403 440 426 169 164
2404 405 449 163 179
2405 385 421 153 163
2406 423 397 138 152
2407 410 418 154 164
2408 416 412 176 150
2409 397 444 137 171
2410 399 381 144 164
2411 380 373 146 168
2412 394 376 147 165
2413 372 394 139 167
2414 392 363 138 163
2415 347 381 151 193
2416 346 369 119 150
2417 371 340 115 176
2418 375 347 158 153
2419 373 373 158 170
2420 361 375 146 149
2421 352 352 145 149
2422 312 335 153 151
2423 322 328 135 131
2424 363 317 125 149
2425 348 344 126 133
2426 351 322 139 152
2427 323 335 168 162
2428 368 348 150 144
2429 375 395 131 146
2430 362 367 134 162
2431 357 356 138 156
2432 385 351 128 143
2433 324 374 124 159
2434 332 330 136 143
2435 303 339 110 148
2436 326 304 123 117
2437 324 304 144 135
2438 332 332 133 151
2439 329 332 120 139
2440 362 329 129 149
2441 353 362 133 159
2442 326 359 111 137
2443 307 336 128 142
2444 303 306 140 140
2445 318 302 129 139
2446 309 328 116 129
2447 325 322 122 132
2448 321 338 114 138
2449 313 307 124 139
2450 265 329 133 130
2451 296 294 114 119
2452 311 309 108 144
2453 290 330 110 124
2454 303 320 107 112
2455 324 306 109 134
2456 302 330 119 129
2457 273 315 101 110
2458 288 263 120 113
2459 293 282 121 112
2460 281 290 105 136
2461 275 277 87 116
2462 243 253 113 106
2463 254 230 95 109
2464 264 244 97 123
2465 283 237 93 110
2466 264 254 86 143
2467 274 275 103 102
2468 236 290 104 98
2469 287 245 89 107
2470 236 290 92 119
2471 241 237 103 121
2472 263 264 88 104
2473 237 280 105 106
2474 246 252 95 102
2475 242 255 76 113
2476 268 244 84 110
2477 275 272 101 106
2478 234 280 94 110
2479 232 235 85 114
2480 266 224 81 93
2481 289 249 93 123
2482 256 291 89 90
2483 248 234 93 120
2484 249 231 88 96
2485 232 227 105 105
2486 255 225 86 96
2487 255 242 98 100
2488 250 251 86 100
2489 220 247 89 105
2490 229 222 79 93
2491 234 221 78 83
2492 290 208 80 101
2493 241 264 94 110
2494 214 231 82 92
2495 226 211 73 90
2496 217 222 93 87
2497 199 206 76 93
2498 208 198 77 94
2499 196 228 79 93
2500 225 210 73 91
2501 235 223 83 84
2502 230 216 71 90
2503 197 218 77 98
2504 223 211 79 82
2505 208 213 82 106
2506 217 230 75 79
2507 218 219 70 80
2508 196 206 77 89
2509 207 193 76 73
2510 194 177 76 81
2511 191 189 84 82
2512 218 195 82 87
2513 192 231 71 72
2514 193 195 68 83
2515 168 187 69 75
2516 172 166 63 78
2517 167 183 77 75
2518 165 182 60 74
2519 180 178 77 80
2520 191 177 68 75
2521 196 177 78 84
2522 206 192 60 84
2523 179 210 82 81
2524 152 200 63 64
2525 171 150 61 73
2526 206 158 70 73
2527 205 195 70 70
2528 190 188 62 77
2529 188 178 79 81
2530 159 208 52 60
2531 158 184 47 76
2532 185 161 72 62
2533 182 182 86 69
2534 158 200 62 75
2535 167 183 57 68
2536 175 168 58 61
2537 152 153 87 59
2538 184 150 78 73
2539 165 183 74 70
2540 177 165 61 72
2541 183 169 75 76
2542 170 173 70 58
2543 210 153 53 84
2544 186 187 69 74
2545 189 165 66 76
2546 179 171 51 71
2547 180 160 63 87
2548 159 185 72 69
2549 157 169 59 61
2550 174 154 54 68
2551 198 171 62 72
2552 185 165 64 71
2553 189 168 54 69
2554 187 170 59 76
2555 153 172 67 72
2556 179 153 60 64
2557 173 183 64 68
2558 166 174 62 58
2559 153 168 55 70
2560 166 156 60 60
2561 165 167 52 59
2562 164 150 92 65
2563 136 183 52 82
2564 132 151 41 52
2565 158 134 42 62
2566 142 151 51 71
2567 135 143 47 64
2568 130 151 56 45
2569 122 141 43 61
2570 130 133 52 44
2571 145 142 50 52
2572 136 148 56 59
2573 142 127 50 58
2574 153 136 50 64
2575 147 147 55 55
2576 142 145 45 61
2577 117 127 44 63
2578 121 114 47 58
2579 115 126 52 50
2580 130 129 45 44
2581 123 139 47 46
2582 101 133 49 59
2583 124 134 39 50
2584 120 136 42 43
2585 117 120 50 40
2586 135 120 35 63
2587 125 129 46 55
2588 142 123 35 50
2589 123 127 47 42
2590 112 111 46 49
2591 109 107 39 42
2592 114 101 42 38
2593 149 112 36 44
2594 115 134 57 54
2595 103 119 38 53
2596 133 117 44 48
2597 126 136 47 57
2598 124 133 42 47
2599 136 122 42 52
2600 134 120 46 46
2601 126 131 62 46
2602 130 120 49 56
2603 110 133 43 48
2604 122 111 40 44
2605 128 119 41 53
2606 135 132 45 42
2607 134 128 42 45
2608 124 131 47 50
2609 135 122 43 55
2610 151 150 47 43
2611 148 142 44 49
2612 134 136 36 57
2613 122 116 45 55
2614 130 115 44 62
2615 121 140 35 54
2616 155 120 45 41
2617 132 141 61 50
2618 109 134 45 44
2619 125 115 37 57
2620 149 130 45 40
2621 145 143 47 44
2622 132 135 43 50
2623 97 138 44 49
2624 101 109 36 43
2625 109 102 41 43
2626 97 114 37 46
2627 92 109 34 49
2628 98 106 31 31
2629 94 106 25 35
2630 101 87 34 44
2631 101 101 34 37
2632 87 93 34 46
2633 88 82 30 34
2634 92 88 28 40
2635 89 93 28 42
2636 71 97 31 45
2637 86 86 28 25
2638 86 93 39 49
2639 73 99 20 38
2640 69 91 31 27
2641 71 80 21 22
2642 61 65 37 39
2643 87 83 17 28
2644 88 92 32 29
2645 95 88 30 29
2646 107 84 36 34
2647 112 99 26 42
2648 102 104 33 33
2649 83 92 33 41
2650 84 93 32 32
2651 88 82 24 36
2652 86 90 28 30
2653 99 77 19 25
2654 72 91 23 29
2655 70 56 33 32
2656 77 71 37 25
2657 94 80 32 29
2658 93 94 26 35
2659 90 84 31 36
2660 85 86 23 38
2661 90 87 35 36
2662 84 95 32 31
2663 103 90 31 40
2664 97 100 28 35
2665 67 96 29 40
2666 55 72 18 28
2667 72 60 25 25
2668 60 72 27 26
2669 85 62 30 23
2670 85 79 34 29
2671 94 81 31 31
2672 88 93 27 35
2673 82 83 30 24
2674 80 65 29 37
2675 82 76 28 28
2676 79 72 25 31
2677 96 76 26 28
2678 86 84 17 37
2679 87 76 25 26
2680 62 75 30 32
2681 72 58 25 24
2682 83 64 28 18
2683 60 63 20 27
2684 72 51 24 30
2685 68 71 29 27
2686 70 68 21 20
2687 64 62 24 31
2688 71 65 23 32
2689 65 71 18 26
2690 67 65 23 30
2691 73 62 22 25
2692 59 64 28 22
2693 56 53 24 33
2694 54 57 28 26
2695 59 60 20 30
2696 83 59 24 21
2697 79 76 20 24
2698 79 67 22 28
2699 53 69 24 27
2700 76 49 22 26
2701 68 73 19 37
2702 66 68 21 17
2703 62 57 25 29
2704 52 65 25 29
2705 49 59 13 19
2706 54 51 15 15
2707 64 54 27 25
2708 58 73 9 15
2709 53 47 19 28
2710 46 51 16 23
2711 59 58 18 16
2712 59 73 20 16
2713 53 74 11 18
2714 43 48 20 22
2715 52 45 17 15
2716 59 50 26 19
2717 63 57 22 26
2718 55 59 20 22
2719 57 53 19 22
2720 65 55 16 23
2721 61 66 19 22
2722 64 55 15 16
2723 60 52 10 28
2724 67 45 18 19
2725 52 58 18 30
2726 59 52 19 15
2727 48 59 14 30
2728 41 61 17 7
2729 35 43 15 13
2730 36 38 14 10
2731 51 34 13 20
2732 44 48 15 24
2733 42 41 12 24
2734 53 46 17 9
2735 41 52 16 14
2736 35 42 15 17
2737 34 38 12 15
2738 41 39 19 10
2739 41 43 13 8
2740 41 39 14 20
2741 47 43 16 18
2742 49 52 16 16
2743 63 48 19 18
2744 51 58 12 23
2745 48 50 24 22
2746 59 51 13 21
2747 48 56 19 25
2748 63 56 19 19
2749 50 68 17 13
2750 48 57 16 19
2751 50 56 16 15
2752 36 53 18 28
2753 36 50 16 13
2754 32 51 12 19
2755 26 42 8 18
2756 25 24 12 8
2757 21 22 10 13
2758 27 22 10 9
2759 25 28 12 13
2760 32 22 9 7
2761 33 24 12 23
2762 25 32 14 10
2763 21 23 6 18
2764 32 19 11 8
2765 21 25 14 19
2766 39 24 11 13
2767 42 44 11 10
2768 40 38 16 7
2769 40 35 11 20
2770 40 46 16 10
2771 31 39 7 21
2772 37 32 19 10
2773 42 39 13 6
2774 26 41 15 17
2775 24 37 3 8
2776 31 20 12 18
2777 29 33 11 11
2778 35 32 14 9
2779 37 39 11 12
2780 33 38 9 15
2781 45 31 11 13
2782 41 36 11 11
2783 40 41 9 11
2784 41 31 13 13
2785 32 39 11 15
2786 37 35 13 8
2787 22 40 7 15
2788 19 25 8 13
2789 15 25 6 8
2790 20 22 5 11
2791 28 22 9 11
2792 28 27 14 8
2793 20 28 8 9
2794 28 20 4 7
2795 35 17 9 11
2796 25 24 8 17
2797 21 21 7 12
2798 12 20 5 15
2799 21 15 6 5
2800 28 21 8 5
2801 27 25 10 8
2802 14 31 8 6
2803 14 14 6 9
2804 11 14 7 11
2805 11 15 7 9
2806 20 15 4 3
2807 20 19 7 7
2808 19 18 4 5
2809 14 16 8 2
2810 26 13 6 5
2811 23 20 6 11
2812 16 23 4 6
2813 14 15 5 6
2814 20 14 7 6
2815 22 17 3 2
2816 24 12 3 7
2817 17 13 12 15
2818 22 19 6 6
2819 32 21 5 10
2820 32 28 7 9
2821 31 27 7 7
2822 30 28 7 6
2823 23 28 6 6
2824 27 20 11 6
2825 19 24 9 4
2826 18 17 8 8
2827 20 17 10 6
2828 24 20 9 7
2829 23 22 12 6
2830 18 21 11 6
2831 8 15 4 6
2832 9 7 7 5
2833 16 11 9 11
2834 23 24 7 2
2835 17 22 9 5
2836 29 10 8 8
2837 34 26 6 15
2838 26 36 8 9
2839 30 24 3 6
2840 20 19 11 11
2841 16 18 4 6
2842 26 13 8 6
2843 25 21 3 5
2844 25 20 6 8
2845 17 24 7 5
2846 18 16 4 7
2847 10 17 8 10
2848 14 18 4 5
2849 7 16 5 5
2850 4 8 5 3
2851 10 7 6 7
2852 21 14 3 3
2853 19 16 3 4
2854 10 13 7 9
2855 8 12 5 2
2856 14 8 3 8
2857 14 12 4 8
2858 14 17 3 3
2859 16 13 4 7
2860 9 17 8 4
2861 11 17 2 6
2862 15 19 5 7
2863 9 21 3 4
2864 8 13 2 7
2865 9 12 0 5
2866 3 11 2 3
2867 6 4 1 4
2868 2 7 2 2
2869 1 3 1 1
2870 1 0 1 1
2871 7 0 0 0
2872 11 5 5 3
2873 7 15 3 5
2874 7 12 4 2
2875 9 13 1 2
2876 7 8 3 7
2877 7 9 1 2
2878 9 7 3 3
2879 8 6 6 4
2880 11 9 3 5
2881 8 14 5 4
2882 3 13 2 2
2883 8 5 3 2
2884 7 7 5 3
2885 6 8 4 6
2886 9 9 2 3
2887 13 8 1 7
2888 11 16 6 5
2889 7 14 3 0
2890 16 9 2 5
2891 9 15 4 3
2892 8 10 3 8
2893 3 15 5 1
2894 5 10 0 4
2895 7 12 3 3
2896 8 13 2 4
2897 7 8 2 3
2898 13 7 2 5
2899 8 13 3 5
2900 4 10 1 4
2901 6 6 1 3
2902 5 10 1 1
2903 5 9 0 3
2904 7 10 0 3
2905 9 6 2 2
2906 9 7 5 4
2907 5 11 1 4
2908 8 5 2 2
2909 6 4 5 3
2910 10 6 2 2
2911 8 11 0 4
2912 4 7 2 3
2913 5 4 1 3
2914 6 7 2 2
2915 6 5 5 1
2916 9 8 4 3
2917 8 15 4 1
2918 9 9 5 2
2919 16 13 2 5
2920 9 19 2 1
2921 6 7 1 7
2922 6 5 1 3
2923 5 6 0 2
2924 2 3 0 3
2925 1 2 1 2
2926 2 2 1 1
2927 2 2 1 0
2928 3 2 1 2
2929 5 4 0 2
2930 6 6 0 0
2931 2 2 5 1
2932 1 2 1 0
2933 4 1 1 0
2934 2 3 3 1
2935 9 3 1 2
2936 8 9 1 3
2937 3 9 1 2
2938 0 5 1 2
2939 0 1 0 0
2940 0 0 0 1
2941 4 1 0 1
2942 2 5 1 0
2943 3 2 2 0
2944 2 3 2 1
2945 4 3 2 1
2946 4 5 1 2
2947 2 5 0 2
2948 3 3 0 0
2949 4 2 1 0
2950 2 3 3 0
2951 1 2 0 2
2952 2 0 2 0
2953 1 1 0 2
2954 2 1 0 1
2955 5 1 2 2
2956 3 6 0 1
2957 2 2 1 0
2958 4 1 0 0
2959 6 2 1 2
2960 3 3 2 1
2961 6 2 1 2
2962 5 5 2 2
2963 5 5 0 1
2964 1 5 0 2
2965 3 1 2 0
2966 5 2 0 2
2967 0 4 1 1
2968 4 1 1 0
2969 4 4 1 0
2970 3 5 3 1
2971 3 4 1 1
2972 7 2 1 2
2973 7 4 2 1
2974 7 4 1 2
2975 3 3 0 6
2976 1 4 2 1
2977 1 3 0 0
2978 2 1 0 1
2979 1 1 1 1
2980 2 0 0 0
2981 3 1 0 1
2982 2 2 1 1
2983 2 0 0 1
2984 6 1 0 1
2985 2 4 1 1
2986 1 2 0 1
2987 0 1 0 0
2988 1 0 0 0
2989 1 0 0 0
2990 2 0 0 0
2991 4 1 1 0
2992 3 3 0 0
2993 2 1 1 1
2994 0 1 1 0
2998 0 0 0 1
2999 1 0 1 0
3000 1 1 0 0
3001 0 0 0 2
3002 1 1 0 0
3003 2 2 2 0
3004 3 4 1 0
3005 1 5 0 1
3006 0 1 2 1
3007 0 0 1 1
3008 0 1 0 0
3009 0 0 1 1
3010 0 1 0 1
3011 0 0 0 1
3013 0 0 0 1
3014 1 0 0 0
3015 1 0 0 1
3016 0 1 0 0
