0 1.0 -1.0 13007583
1 -0.06515864409466407 1.3389851134494026 22205680
2 0.07719302266310779 1.7015878374910025 12653825
3 -0.09835401081921341 2.608522322541168 9330438
4 -0.15435913664519937 3.2471275667978454 6737068
5 -0.2245221208002657 3.973795274937976 4928913
6 -0.2752733368702587 4.629644314439293 3656660
7 -0.34115414399303745 5.426557952105425 2762203
8 -0.3980016809611142 6.138093186539217 2123785
9 -0.4594610771926388 7.004326407186962 1653966
10 -0.5076003064819082 7.77151901788975 1303829
11 -0.5654645720572735 8.703317223040928 1037966
12 -0.6086108226827506 9.542482062462026 835948
13 -0.654392757232734 10.436862869883145 677752
14 -0.6941751233490617 11.389341502529518 556956
15 -0.7426411469945284 12.337693252124689 460194
16 -0.7836585774409012 13.268282683352986 382072
17 -0.8294555723550213 14.32247871096612 320116
18 -0.8494616077952811 15.33718893132242 269599
19 -0.8925512632935165 16.36402984021659 228965
20 -0.921058452548136 17.46861384704026 194397
21 -0.9665223164619047 18.5383480124784 167186
22 -0.9942023954174622 19.83193416422521 144025
23 -1.043153174112909 20.636184471210388 124649
24 -1.068571270125885 21.725156103781142 108194
25 -1.059154809848155 22.949530548051023 94109
26 -1.138458549851877 23.889879527389713 82364
27 -1.1507575653511724 25.266677721419022 72799
28 -1.172158666998259 27.098861309498012 64336
29 -1.239044666760603 27.63550393766557 56776
30 -1.1867550450415012 29.2056670015959 50842
31 -1.2855804616928739 30.252165842238945 44835
32 -1.2543716190715812 31.556663878793195 39745
33 -1.3125554815801155 32.84836536778396 36048
34 -1.3732647496281607 32.6083696595211 32272
35 -1.3840425902084277 35.76570666563256 28739
36 -1.3837580229832045 35.83982290945035 26019
37 -1.4025985054347827 37.432197772705564 23552
38 -1.5012797245102145 38.45443853205425 21489
39 -1.482119069576801 39.426812127810756 19518
40 -1.5612343297974927 39.948567421969216 17629
41 -1.5441952916330206 40.93326356295298 16099
42 -1.4882632293080054 43.122316083945464 14740
43 -1.374442462087422 45.66123005032415 13452
44 -1.5400564743848326 48.94705316022048 12395
45 -1.5793371263433578 49.16347012272363 11073
46 -1.4803296379868538 48.87664202735849 10193
47 -1.539380245319561 48.82883297400407 9294
48 -1.602390068453417 50.28747900326692 8619
49 -1.621832850119753 54.36392248843008 7933
50 -1.6295340307023503 54.417127917870744 7361
51 -1.768564719694746 54.487386722322434 6814
52 -1.871919635849945 55.66865058008279 6371
53 -1.8584969532836833 54.686087831057456 5908
54 -1.8416020205664803 60.71186237562733 5543
55 -1.6039663461538463 55.42329385671099 4992
56 -1.7541412380122057 62.59139987640568 4588
57 -1.709090909090909 63.51783695541217 4455
58 -1.762946754194019 60.13633507674921 4113
59 -1.860634425377015 65.30072805616145 3846
60 -1.8413012729844414 63.16858275199152 3535
61 -1.9301470588235294 70.62504505478736 3264
62 -1.8968972204266321 71.28740155999726 3094
63 -1.7642782969885773 67.56038319158847 2889
64 -1.8353798925556408 68.2232371250226 2606
65 -1.6302588996763754 71.89244064264075 2472
66 -1.9918664383561644 70.60132316980193 2336
67 -2.0761467889908256 83.65537581011763 2180
68 -2.1021006350757205 72.7602940569316 2047
69 -2.0141139571353897 73.2003334272423 1913
70 -2.252759381898455 76.77730265241692 1812
71 -1.9182857142857144 85.67750269387719 1750
72 -1.952465834818776 82.89625343646554 1683
73 -1.881979695431472 71.93787845602779 1576
74 -1.9785714285714286 71.37765306122387 1540
75 -2.324858757062147 87.32848159851798 1416
76 -2.237841945288754 90.606467281345 1316
77 -2.2132471728594507 83.73296081803765 1238
78 -2.5639288738357324 75.70266447083029 1181
79 -1.5729632945389436 68.90385584869347 1117
80 -2.5375 75.90584134615399 1040
81 -2.3519607843137256 87.88067858515967 1020
82 -1.93704092339979 99.3540869997973 953
83 -2.414316702819957 93.35733409874842 922
84 -2.140534262485482 85.32286958011477 861
85 -2.572692793931732 79.74227601605308 791
86 -1.1862745098039216 100.63228428626427 714
87 -2.509009009009009 98.79563347130969 666
88 -2.1580547112462005 92.04426234051736 658
89 -3.0015847860538827 102.65292683110576 631
90 -2.385813148788927 92.1400126914189 578
91 -2.3866906474820144 114.94014931939348 556
92 -2.377862595419847 80.9014626187283 524
93 -2.167741935483871 118.8856607700309 465
94 -1.90752688172043 83.44311249855495 465
95 -2.0273972602739727 117.85238005879765 438
96 -2.538812785388128 94.91251224953598 438
97 -2.9698375870069604 108.41117349712792 431
98 -2.675480769230769 99.99370146079845 416
99 -1.8501291989664084 125.36076224051719 387
100 -2.0660919540229883 104.93091887964067 348
101 -3.27217125382263 109.99863460801105 327
102 -2.5080906148867315 97.09210209361001 309
103 -3.1150159744408947 126.43041166083165 313
104 -1.9965870307167235 88.89076168621652 293
105 -3.3443223443223444 104.52112600464234 273
106 -3.5301204819277108 163.3455750713699 249
107 -2.61328125 98.88449096679688 256
108 -3.1372549019607843 101.50153787004993 204
109 -3.0045871559633026 112.26142580590869 218
110 -1.357843137254902 82.94487697039602 204
111 -3.183673469387755 132.054977092878 196
112 -2.0 86.83435582822086 163
113 -3.144578313253012 123.76542313833671 166
114 -2.949367088607595 153.32398654061876 158
115 -3.098360655737705 87.2429454447729 122
116 -3.7768595041322315 94.25578853903413 121
117 -1.4609375 71.3953857421875 128
118 -2.6527777777777777 141.32831790123464 144
119 -2.721311475409836 78.56597688793339 122
120 -3.9775280898876404 143.0551698017927 89
121 -4.2631578947368425 123.32465373961226 95
122 -4.524752475247524 220.52847760023545 101
123 -1.0987654320987654 211.15333028501774 81
124 -3.046875 136.22998046875 64
125 -7.75 183.875 64
126 -1.2380952380952381 132.52154195011346 63
127 -2.6470588235294117 157.6626297577855 68
128 -3.6610169491525424 275.97357081298486 59
129 -4.909090909090909 187.69256198347108 55
130 -5.132075471698113 251.62548949804196 53
131 -3.4081632653061225 142.6668054977093 49
132 -2.106382978723404 82.9773653236759 47
133 -3.69811320754717 178.45923816304742 53
134 -0.5681818181818182 73.19524793388435 44
135 -1.74 209.04480000000012 50
136 -3.2 68.63111111111115 45
137 -4.651162790697675 166.17522985397514 43
138 -2.108108108108108 144.03067932797663 37
139 -1.5454545454545454 62.7685950413223 33
140 -5.658536585365853 245.3765615704938 41
141 -1.2439024390243902 41.807852468768644 41
142 -5.68 214.75520000000012 50
143 -2.2 140.0699999999999 40
144 0.5277777777777778 172.47067901234573 36
145 -3.6 184.14666666666665 30
146 -3.3181818181818183 115.20661157024793 22
147 -0.5384615384615384 231.44575936883626 39
148 -2.4838709677419355 77.82206035379816 31
149 0.7037037037037037 85.93552812071329 27
150 -1.2142857142857142 79.97959183673467 28
151 -3.0 192.8181818181818 22
152 -6.138888888888889 403.71141975308655 36
153 -3.607142857142857 43.298469387755105 28
154 -3.4210526315789473 102.96121883656504 19
155 -3.8125 101.3671875 16
156 -4.392857142857143 138.72704081632654 28
157 -4.28 174.44319999999993 25
158 -4.909090909090909 248.07438016528934 22
159 -1.8888888888888888 98.19753086419755 18
160 -2.8 234.21999999999994 20
161 -2.4444444444444446 85.60493827160492 18
162 -1.0714285714285714 16.346938775510203 14
163 -4.9375 203.3046875 16
164 -11.416666666666666 270.56944444444446 12
165 0.3333333333333333 23.944444444444446 12
166 -1.8571428571428572 73.6734693877551 14
167 2.3636363636363638 11.008264462809915 11
168 -0.5454545454545454 17.950413223140497 11
169 0.6 20.013333333333335 15
170 -1.4210526315789473 27.48753462603878 19
171 -3.1 92.77999999999999 20
172 -0.10526315789473684 5.3462603878116335 19
173 -1.5384615384615385 18.497041420118343 13
174 -1.75 166.375 8
175 -7.125 216.34375 8
176 0.09090909090909091 12.619834710743799 11
177 -10.545454545454545 580.314049586777 11
178 0.4444444444444444 7.604938271604937 9
179 -1.6 12.08 10
180 -4.0 40.22222222222222 9
181 5.444444444444445 95.71604938271606 9
182 -23.75 171.625 4
183 -3.6 33.279999999999994 5
184 -14.5 548.3333333333334 6
185 -1.25 1.625 4
186 0.2 2.1199999999999997 5
188 2.75 1.625 4
189 -28.333333333333332 694.1111111111112 3
190 -12.5 26.0 2
191 0.0 1.0 2
192 -6.0 13.0 2
193 -0.5 2.0 2
194 -0.6666666666666666 29.11111111111111 3
195 -0.2 2.5199999999999996 5
196 -0.2 1.7200000000000002 10
197 -5.428571428571429 148.20408163265304 7
198 1.2857142857142858 22.551020408163264 7
199 0.375 1.09375 8
200 -13.0 551.0 6
201 19.666666666666668 349.44444444444434 3
202 -1.3333333333333333 2.4444444444444446 3
203 0.5 0.5 4
204 -0.5 14.0 6
205 -0.3333333333333333 0.7777777777777779 3
206 3.0 -9.0 1
207 -86.0 -7396.0 1
208 -1.6666666666666667 3.4444444444444433 3
209 -0.5 7.666666666666667 6
210 -0.6 0.28000000000000025 5
211 -0.2 0.9200000000000002 5
212 0.2 0.9200000000000002 5
213 -2.1666666666666665 12.11111111111111 6
214 -19.0 361.66666666666663 3
215 -6.0 -11.0 2
239 1.0 -1.0 1
240 0.0 1.0 2
241 -29.0 -57.0 2
242 -1.0 -1.0 1
259 1.0 -1.0 1
260 5.0 -25.0 1
264 -22.0 -484.0 1
265 1.0 -1.0 2
266 0.0 4.666666666666667 3
267 -1.0 -1.0 1
269 -2.0 -4.0 1
