1 0.3807 0.6193
2 0.482 0.518
3 0.5014 0.4986
4 0.5108 0.4892
5 0.5151 0.4849
6 0.517 0.483
7 0.5181 0.4819
8 0.5182 0.4818
9 0.5185 0.4815
10 0.518 0.482
11 0.5177 0.4823
12 0.5174 0.4826
13 0.5168 0.4832
14 0.5162 0.4838
15 0.5157 0.4843
16 0.5153 0.4847
17 0.5148 0.4852
18 0.5142 0.4858
19 0.5139 0.4861
20 0.5132 0.4868
21 0.5129 0.4871
22 0.5125 0.4875
23 0.5119 0.4881
24 0.5117 0.4883
25 0.5109 0.4891
26 0.511 0.489
27 0.5099 0.4901
28 0.5099 0.4901
29 0.51 0.49
30 0.5094 0.4906
31 0.5088 0.4912
32 0.5088 0.4912
33 0.5082 0.4918
34 0.5076 0.4924
35 0.5078 0.4922
36 0.507 0.493
37 0.507 0.493
38 0.5064 0.4936
39 0.5063 0.4937
40 0.5062 0.4938
41 0.5063 0.4937
42 0.5054 0.4946
43 0.5054 0.4946
44 0.5051 0.4949
45 0.5053 0.4947
46 0.5047 0.4953
47 0.504 0.496
48 0.5039 0.4961
49 0.5036 0.4964
50 0.5033 0.4967
51 0.5034 0.4966
52 0.5035 0.4965
53 0.5032 0.4968
54 0.5023 0.4977
55 0.5026 0.4974
56 0.5027 0.4973
57 0.5027 0.4973
58 0.5021 0.4979
59 0.5014 0.4986
60 0.5018 0.4982
61 0.5008 0.4992
62 0.5009 0.4991
63 0.5015 0.4985
64 0.5013 0.4987
65 0.5011 0.4989
66 0.501 0.499
67 0.4997 0.5003
68 0.5005 0.4995
69 0.5003 0.4997
70 0.5002 0.4998
71 0.4997 0.5003
72 0.5001 0.4999
73 0.4999 0.5001
74 0.4988 0.5012
75 0.4994 0.5006
76 0.4998 0.5002
77 0.4989 0.5011
78 0.499 0.501
79 0.4981 0.5019
80 0.4987 0.5013
81 0.4983 0.5017
82 0.499 0.501
83 0.4983 0.5017
84 0.4981 0.5019
85 0.4979 0.5021
86 0.4978 0.5022
87 0.4974 0.5026
88 0.4981 0.5019
89 0.4979 0.5021
90 0.4968 0.5032
91 0.4968 0.5032
92 0.4968 0.5032
93 0.4972 0.5028
94 0.4968 0.5032
95 0.4972 0.5028
96 0.4963 0.5037
97 0.4967 0.5033
98 0.4952 0.5048
99 0.4962 0.5038
100 0.4963 0.5037
101 0.4961 0.5039
102 0.4955 0.5045
103 0.4966 0.5034
104 0.4962 0.5038
105 0.4965 0.5035
106 0.4958 0.5042
107 0.4957 0.5043
108 0.4952 0.5048
109 0.4956 0.5044
110 0.4952 0.5048
111 0.4949 0.5051
112 0.4947 0.5053
113 0.4941 0.5059
114 0.4951 0.5049
115 0.4949 0.5051
116 0.4957 0.5043
117 0.4939 0.5061
118 0.4945 0.5055
119 0.4947 0.5053
120 0.4938 0.5062
121 0.4949 0.5051
122 0.4934 0.5066
123 0.4937 0.5063
124 0.4944 0.5056
125 0.4939 0.5061
126 0.4952 0.5048
127 0.4949 0.5051
128 0.4935 0.5065
129 0.494 0.506
130 0.4931 0.5069
131 0.4926 0.5074
132 0.494 0.506
133 0.4945 0.5055
134 0.4946 0.5054
135 0.4927 0.5073
136 0.4942 0.5058
137 0.4933 0.5067
138 0.4933 0.5067
139 0.4941 0.5059
140 0.4931 0.5069
141 0.4929 0.5071
142 0.4937 0.5063
143 0.4928 0.5072
144 0.493 0.507
145 0.4924 0.5076
146 0.4936 0.5064
147 0.4922 0.5078
148 0.492 0.508
149 0.4938 0.5062
150 0.4925 0.5075
151 0.4908 0.5092
152 0.4931 0.5069
153 0.4927 0.5073
154 0.492 0.508
155 0.4918 0.5082
156 0.4917 0.5083
157 0.4921 0.5079
158 0.4936 0.5064
159 0.4916 0.5084
160 0.49 0.51
161 0.4928 0.5072
162 0.4924 0.5076
163 0.4909 0.5091
164 0.4917 0.5083
165 0.4917 0.5083
166 0.4923 0.5077
167 0.4923 0.5077
168 0.493 0.507
169 0.49 0.51
170 0.4919 0.5081
171 0.4914 0.5086
172 0.4911 0.5089
173 0.492 0.508
174 0.4892 0.5108
175 0.4915 0.5085
176 0.4912 0.5088
177 0.4901 0.5099
178 0.4921 0.5079
179 0.4906 0.5094
180 0.4898 0.5102
181 0.4905 0.5095
182 0.4895 0.5105
183 0.4896 0.5104
184 0.4918 0.5082
185 0.4897 0.5103
186 0.4888 0.5112
187 0.4898 0.5102
188 0.4914 0.5086
189 0.4919 0.5081
190 0.4896 0.5104
191 0.4919 0.5081
192 0.4911 0.5089
193 0.4912 0.5088
194 0.4914 0.5086
195 0.4927 0.5073
196 0.491 0.509
197 0.4919 0.5081
198 0.49 0.51
199 0.4903 0.5097
200 0.4895 0.5105
201 0.4903 0.5097
202 0.4897 0.5103
203 0.4909 0.5091
204 0.4908 0.5092
205 0.4877 0.5123
206 0.4922 0.5078
207 0.4946 0.5054
208 0.4897 0.5103
209 0.4888 0.5112
210 0.4908 0.5092
211 0.4896 0.5104
212 0.4903 0.5097
213 0.4892 0.5108
214 0.4914 0.5086
215 0.4896 0.5104
216 0.4903 0.5097
217 0.4884 0.5116
218 0.4908 0.5092
219 0.4947 0.5053
220 0.4888 0.5112
221 0.4903 0.5097
222 0.4871 0.5129
223 0.488 0.512
224 0.488 0.512
225 0.4908 0.5092
226 0.4888 0.5112
227 0.4869 0.5131
228 0.49 0.51
229 0.4919 0.5081
230 0.4889 0.5111
231 0.4877 0.5123
232 0.4921 0.5079
233 0.4888 0.5112
234 0.4935 0.5065
235 0.4916 0.5084
236 0.4917 0.5083
237 0.4939 0.5061
238 0.4927 0.5073
239 0.4888 0.5112
240 0.4877 0.5123
241 0.4952 0.5048
242 0.486 0.514
243 0.4885 0.5115
244 0.4873 0.5127
245 0.4857 0.5143
246 0.4868 0.5132
247 0.4882 0.5118
248 0.4866 0.5134
249 0.4868 0.5132
250 0.4857 0.5143
251 0.488 0.512
252 0.4897 0.5103
253 0.4826 0.5174
254 0.4921 0.5079
255 0.4932 0.5068
256 0.4865 0.5135
257 0.4875 0.5125
258 0.4868 0.5132
259 0.487 0.513
260 0.4946 0.5054
261 0.4938 0.5062
262 0.4893 0.5107
263 0.4913 0.5087
264 0.4868 0.5132
265 0.4852 0.5148
266 0.4947 0.5053
267 0.4833 0.5167
268 0.4863 0.5137
269 0.4908 0.5092
270 0.4921 0.5079
271 0.4921 0.5079
272 0.484 0.516
273 0.4905 0.5095
274 0.4947 0.5053
275 0.4881 0.5119
276 0.4866 0.5134
277 0.4843 0.5157
278 0.4862 0.5138
279 0.486 0.514
280 0.4825 0.5175
281 0.4917 0.5083
282 0.4829 0.5171
283 0.4892 0.5108
284 0.4924 0.5076
285 0.4869 0.5131
286 0.4877 0.5123
287 0.4917 0.5083
288 0.4882 0.5118
289 0.4844 0.5156
290 0.4863 0.5137
291 0.4816 0.5184
292 0.4897 0.5103
293 0.4877 0.5123
294 0.4873 0.5127
295 0.4771 0.5229
296 0.4816 0.5184
297 0.4907 0.5093
298 0.5024 0.4976
299 0.4834 0.5166
300 0.4873 0.5127
301 0.492 0.508
302 0.4827 0.5173
303 0.4851 0.5149
304 0.4869 0.5131
305 0.484 0.516
306 0.4831 0.5169
307 0.4829 0.5171
308 0.4819 0.5181
309 0.4907 0.5093
310 0.4977 0.5023
311 0.4896 0.5104
312 0.4862 0.5138
313 0.488 0.512
314 0.4933 0.5067
315 0.4889 0.5111
316 0.4872 0.5128
317 0.4805 0.5195
318 0.5003 0.4997
319 0.4838 0.5162
320 0.4899 0.5101
321 0.4961 0.5039
322 0.4905 0.5095
323 0.4797 0.5203
324 0.4919 0.5081
325 0.4884 0.5116
326 0.4825 0.5175
327 0.4929 0.5071
328 0.4996 0.5004
329 0.4743 0.5257
330 0.4913 0.5087
331 0.4866 0.5134
332 0.4971 0.5029
333 0.4867 0.5133
334 0.4961 0.5039
335 0.5013 0.4987
336 0.4798 0.5202
337 0.494 0.506
338 0.491 0.509
339 0.482 0.518
340 0.4845 0.5155
341 0.4846 0.5154
342 0.5016 0.4984
343 0.4807 0.5193
344 0.4964 0.5036
345 0.4891 0.5109
346 0.4863 0.5137
347 0.5019 0.4981
348 0.4743 0.5257
349 0.4719 0.5281
350 0.4771 0.5229
351 0.4881 0.5119
352 0.4813 0.5187
353 0.4784 0.5216
354 0.474 0.526
355 0.4777 0.5223
356 0.4965 0.5035
357 0.492 0.508
358 0.5 0.5
359 0.4882 0.5118
360 0.4976 0.5024
361 0.4875 0.5125
362 0.5027 0.4973
363 0.4895 0.5105
364 0.4948 0.5052
365 0.4949 0.5051
366 0.4817 0.5183
367 0.4934 0.5066
368 0.4875 0.5125
369 0.4916 0.5084
370 0.5056 0.4944
371 0.4976 0.5024
372 0.4697 0.5303
373 0.472 0.528
374 0.4845 0.5155
375 0.4943 0.5057
376 0.5048 0.4952
377 0.4855 0.5145
378 0.4904 0.5096
379 0.4875 0.5125
380 0.5004 0.4996
381 0.4928 0.5072
382 0.4619 0.5381
383 0.4797 0.5203
384 0.491 0.509
385 0.4658 0.5342
386 0.4682 0.5318
387 0.496 0.504
388 0.4919 0.5081
389 0.4733 0.5267
390 0.5004 0.4996
391 0.4843 0.5157
392 0.4825 0.5175
393 0.5039 0.4961
394 0.4469 0.5531
395 0.4791 0.5209
396 0.4796 0.5204
397 0.4881 0.5119
398 0.4958 0.5042
399 0.4857 0.5143
400 0.4902 0.5098
401 0.4671 0.5329
402 0.4806 0.5194
403 0.4903 0.5097
404 0.4566 0.5434
405 0.4852 0.5148
406 0.4874 0.5126
407 0.4909 0.5091
408 0.4718 0.5282
409 0.4682 0.5318
410 0.5041 0.4959
411 0.4992 0.5008
412 0.5066 0.4934
413 0.4444 0.5556
414 0.4656 0.5344
415 0.5199 0.4801
416 0.4803 0.5197
417 0.5093 0.4907
418 0.515 0.485
419 0.4975 0.5025
420 0.4759 0.5241
421 0.4685 0.5315
422 0.4618 0.5382
423 0.4913 0.5087
424 0.4951 0.5049
425 0.503 0.497
426 0.5041 0.4959
427 0.5047 0.4953
428 0.4255 0.5745
429 0.526 0.474
430 0.504 0.496
431 0.457 0.543
432 0.4717 0.5283
433 0.4989 0.5011
434 0.5 0.5
435 0.5011 0.4989
436 0.472 0.528
437 0.4597 0.5403
438 0.4836 0.5164
439 0.5075 0.4925
440 0.5027 0.4973
441 0.4971 0.5029
442 0.4816 0.5184
443 0.4985 0.5015
444 0.463 0.537
445 0.4816 0.5184
446 0.4113 0.5887
447 0.537 0.463
448 0.4722 0.5278
449 0.4737 0.5263
450 0.4943 0.5057
451 0.498 0.502
452 0.5199 0.4801
453 0.434 0.566
454 0.5314 0.4686
455 0.5292 0.4708
456 0.4895 0.5105
457 0.4683 0.5317
458 0.5079 0.4921
459 0.4523 0.5477
460 0.48 0.52
461 0.4229 0.5771
462 0.5174 0.4826
463 0.4747 0.5253
464 0.5434 0.4566
465 0.4911 0.5089
466 0.52 0.48
467 0.4598 0.5402
468 0.4667 0.5333
469 0.5077 0.4923
470 0.4737 0.5263
471 0.4516 0.5484
472 0.487 0.513
473 0.4014 0.5986
474 0.5517 0.4483
475 0.4551 0.5449
476 0.474 0.526
477 0.4534 0.5466
478 0.5071 0.4929
479 0.4748 0.5252
480 0.5 0.5
481 0.4651 0.5349
482 0.4831 0.5169
483 0.4818 0.5182
484 0.4677 0.5323
485 0.44 0.56
486 0.4309 0.5691
487 0.4706 0.5294
488 0.4455 0.5545
489 0.6275 0.3725
490 0.504 0.496
491 0.4655 0.5345
492 0.466 0.534
493 0.4257 0.5743
494 0.4659 0.5341
495 0.4938 0.5062
496 0.55 0.45
497 0.4894 0.5106
498 0.5253 0.4747
499 0.5607 0.4393
500 0.5096 0.4904
501 0.4557 0.5443
502 0.5625 0.4375
503 0.4744 0.5256
504 0.4875 0.5125
505 0.5545 0.4455
506 0.4653 0.5347
507 0.5119 0.4881
508 0.4458 0.5542
509 0.5111 0.4889
510 0.4096 0.5904
511 0.4638 0.5362
512 0.5152 0.4848
513 0.52 0.48
514 0.4507 0.5493
515 0.4219 0.5781
516 0.5254 0.4746
517 0.5 0.5
518 0.5455 0.4545
519 0.5439 0.4561
520 0.6452 0.3548
521 0.5349 0.4651
522 0.4198 0.5802
523 0.5077 0.4923
524 0.4182 0.5818
525 0.5 0.5
526 0.451 0.549
527 0.6071 0.3929
528 0.386 0.614
529 0.4889 0.5111
530 0.5 0.5
531 0.3333 0.6667
532 0.5385 0.4615
533 0.4643 0.5357
534 0.4688 0.5312
535 0.4444 0.5556
536 0.4545 0.5455
537 0.6071 0.3929
538 0.56 0.44
539 0.4231 0.5769
540 0.5 0.5
541 0.44 0.56
542 0.3529 0.6471
543 0.3571 0.6429
544 0.4375 0.5625
545 0.4 0.6
546 0.625 0.375
547 0.5652 0.4348
548 0.4583 0.5417
549 0.5217 0.4783
550 0.4091 0.5909
551 0.3333 0.6667
552 0.375 0.625
553 0.6667 0.3333
554 0.25 0.75
555 0.7143 0.2857
556 0.5455 0.4545
557 0.4375 0.5625
558 0.6111 0.3889
559 0.4706 0.5294
560 0.4615 0.5385
561 0.5789 0.4211
562 0.4783 0.5217
563 0.5714 0.4286
564 0.36 0.64
565 0.4 0.6
566 0.6364 0.3636
567 0.6923 0.3077
568 0.68 0.32
569 0.4375 0.5625
570 0.4286 0.5714
571 0.2917 0.7083
572 0.44 0.56
573 0.4783 0.5217
574 0.3889 0.6111
575 0.4706 0.5294
576 0.4762 0.5238
577 0.5517 0.4483
578 0.4375 0.5625
579 0.3448 0.6552
580 0.5217 0.4783
581 0.4545 0.5455
582 0.5714 0.4286
583 0.5806 0.4194
584 0.3462 0.6538
585 0.4545 0.5455
586 0.5 0.5
587 0.5333 0.4667
588 0.5 0.5
589 0.3889 0.6111
590 0.6429 0.3571
591 0.4 0.6
592 0.5556 0.4444
593 0.4444 0.5556
594 0.5 0.5
595 0.5833 0.4167
596 0.6667 0.3333
597 0.4167 0.5833
598 0.7 0.3
599 0.7333 0.2667
600 0.4737 0.5263
601 0.5294 0.4706
602 0.5333 0.4667
603 0.5882 0.4118
604 0.55 0.45
605 0.2941 0.7059
606 0.5 0.5
607 0.25 0.75
608 0.5 0.5
609 0.75 0.25
610 0.4286 0.5714
611 0.7 0.3
612 0.6667 0.3333
613 0.6429 0.3571
614 0.5294 0.4706
615 0.5 0.5
616 0.6111 0.3889
617 0.4286 0.5714
618 0.3333 0.6667
619 0.5714 0.4286
620 0.7 0.3
621 0.6 0.4
622 0.4286 0.5714
623 0.375 0.625
624 0.8889 0.1111
625 0.5333 0.4667
626 0.2727 0.7273
627 0.625 0.375
628 0.5 0.5
629 0.3333 0.6667
630 1.0 0.0
631 0.6667 0.3333
632 0.4 0.6
633 0.3333 0.6667
634 0.6667 0.3333
635 0.7143 0.2857
636 0.4286 0.5714
637 1.0 0.0
638 0.625 0.375
639 0.8 0.2
640 0.2 0.8
641 0.0 1.0
642 0.5 0.5
643 0.0 1.0
644 0.3333 0.6667
645 0.6667 0.3333
646 0.2857 0.7143
647 0.6 0.4
648 0.5455 0.4545
649 0.5 0.5
650 0.2727 0.7273
651 0.0 1.0
653 1.0 0.0
656 0.0 1.0
