1 14416948 27968123 2773953 27968123
2 12671143 17224645 3353992 17224645
3 11658223 10625440 3609925 15180897
4 10462765 8956529 3495140 13368843
5 9467964 7769931 3325338 12044347
6 8636813 6958898 3130344 10992295
7 7960448 6341360 2943573 10143550
8 7391860 5875686 2767712 9445276
9 6913355 5488090 2608227 8842534
10 6493953 5169091 2457945 8329847
11 6128386 4891297 2324332 7875587
12 5807019 4649610 2200606 7469866
13 5514165 4432325 2087235 7107810
14 5247238 4236260 1983699 6776121
15 5005183 4054421 1884285 6471093
16 4785869 3887044 1795501 6190643
17 4582464 3734323 1712156 5932835
18 4391829 3593585 1635927 5694377
19 4223888 3460289 1561331 5472194
20 4059818 3344451 1497841 5271446
21 3907033 3224417 1432537 5070854
22 3766975 3116095 1373400 4888896
23 3630631 3013566 1315877 4716675
24 3503511 2914688 1265952 4551874
25 3380414 2821656 1213630 4398150
26 3269859 2728620 1167192 4246142
27 3156159 2647917 1120935 4111598
28 3051892 2561841 1080975 3972426
29 2958355 2484298 1040159 3841723
30 2863119 2409936 1002184 3723057
31 2771301 2338969 965356 3607180
32 2688649 2269590 930705 3493685
33 2603764 2205484 898099 3388989
34 2520714 2140430 866001 3285243
35 2447613 2075833 836381 3183354
36 2375797 2021823 804773 3093073
37 2305486 1963793 779654 2999621
38 2235204 1909255 752915 2912651
39 2170594 1853734 727562 2825855
40 2107237 1802719 703660 2742083
41 2049977 1752208 680314 2662277
42 1989730 1704867 656629 2589682
43 1934697 1656886 635446 2515070
44 1880606 1613461 615541 2445543
45 1829743 1570461 597042 2376265
46 1779023 1529806 577309 2312556
47 1727322 1488965 558821 2250251
48 1680262 1449118 541428 2187038
49 1634297 1412387 524202 2127440
50 1589092 1374343 506683 2068498
51 1547357 1336872 491407 2011559
52 1506472 1301644 477584 1956433
53 1464981 1267710 463056 1903876
54 1424845 1235920 447430 1855033
55 1387603 1202670 433562 1802576
56 1352632 1172256 421729 1755603
57 1316986 1141804 409930 1708425
58 1281841 1112984 396222 1664020
59 1245154 1083709 385130 1620995
60 1213130 1055778 374047 1575580
61 1177986 1028221 362556 1535771
62 1147670 1000847 350797 1493248
63 1119531 974853 341724 1452667
64 1092148 951597 331979 1416943
65 1064768 928188 322567 1381242
66 1038376 906021 313541 1346785
67 1008951 884964 304000 1314328
68 984079 859140 295952 1277527
69 959706 839108 287168 1245305
70 936650 817895 279214 1214822
71 911965 799657 270554 1183999
72 888559 776570 263325 1151320
73 866060 757609 255762 1122171
74 841637 738953 248053 1094758
75 821363 718624 240556 1064331
76 800958 701632 234915 1036770
77 778948 684257 228866 1012061
78 761255 667855 221616 986632
79 741875 654100 215299 964643
80 724025 636739 209458 938291
81 704505 620786 203433 914194
82 688106 602881 198348 890070
83 669819 589576 192595 868362
84 653024 574392 186997 846373
85 637151 561059 182294 826517
86 621626 547539 177413 806186
87 605880 534655 172167 786277
88 591439 520789 167925 765281
89 577553 508219 163582 747340
90 562029 496945 158946 730408
91 548260 484832 154275 711579
92 533394 471824 150799 692929
93 520916 459873 146193 674570
94 508032 449260 141872 658146
95 496598 437394 138365 642152
96 483599 427923 134706 627483
97 472504 417633 131451 612097
98 459981 408011 126798 598159
99 449299 397276 123829 581844
100 438645 388155 121031 567936
101 428189 378933 117564 554340
102 417292 369746 114363 541364
103 407245 360298 112213 526661
104 397192 351878 108416 513402
105 387687 342409 105749 500450
106 378591 335192 103342 490108
107 369652 327382 100314 478145
108 359835 319715 97443 466206
109 351295 311250 95209 454421
110 342114 303809 93027 443587
111 333849 296828 90302 432865
112 325638 289957 87862 422429
113 317531 283093 85243 412381
114 309917 275484 83879 401515
115 302130 268652 81411 391382
116 295428 261881 79454 381403
117 287309 255775 77270 373521
118 280752 249805 75005 363653
119 274378 243697 72598 354455
120 266968 237569 70874 346302
121 260631 230938 69596 337015
122 253677 226596 67284 329611
123 247117 220316 66044 321161
124 241843 215023 64371 313113
125 236717 210863 62122 306249
126 231909 205571 60926 298555
127 226808 200998 59452 292206
128 220867 197097 57861 286075
129 215918 191948 56300 278841
130 209520 187644 55168 272078
131 204134 182567 53268 265133
132 199358 177628 51887 257364
133 194800 173190 50561 250857
134 190615 169349 49429 245307
135 185490 165724 48354 240747
136 181870 161807 46807 234083
137 177127 158170 45946 229177
138 172427 154270 44662 223022
139 168229 150087 44115 217399
140 164341 146687 42245 212382
141 160342 143323 41383 207531
142 156217 139778 40921 202169
143 152878 136306 38847 197317
144 149670 132929 38019 193015
145 145538 130124 37342 188520
146 141847 126832 36909 183367
147 138680 124305 35450 179654
148 135564 121410 34671 175769
149 133090 118923 34187 171494
150 130015 116583 33096 168104
151 126519 114171 31924 164401
152 123901 110367 31251 159498
153 120623 107870 30601 155676
154 118013 105377 29810 152606
155 115283 103145 28906 148995
156 112661 100829 28222 145663
157 109298 98232 27999 141703
158 107166 95452 27009 137656
159 104706 93539 26145 135322
160 101362 91580 25552 132074
161 99812 88746 24818 128281
162 97557 87339 24518 125842
163 95069 85580 23742 123217
164 92635 83197 23175 119708
165 90518 81015 22426 116769
166 88473 79139 21986 113923
167 86224 77336 21726 111334
168 84423 75210 21019 108452
169 81862 73727 20340 106380
170 79760 71416 20070 103120
171 77889 69930 19566 100885
172 75995 68392 18960 98404
173 74612 66626 18419 96048
174 72348 65269 17786 94101
175 70720 63084 17548 91338
176 69113 61912 17043 89253
177 67443 60559 16614 87445
178 65940 59143 16466 85049
179 64065 57909 16031 83149
180 62222 56368 15448 80913
181 61071 54770 14984 78998
182 59586 53708 14533 77289
183 58230 52446 14242 75564
184 57084 51207 14008 73467
185 55505 50191 13678 72092
186 54095 48600 13135 70310
187 52717 47380 12827 68266
188 51449 46099 12642 66333
189 50470 44908 12268 64793
190 49274 44211 11750 63625
191 48420 43174 11632 62018
192 47189 42425 11466 60783
193 45974 41300 11123 59144
194 44741 40109 10791 57484
195 43831 38977 10618 56052
196 42742 38260 10416 55103
197 41821 37452 10183 53706
198 40860 36915 10021 52967
199 39986 36349 9703 51658
200 38820 35161 9355 50232
201 37848 33919 9150 48861
202 36748 32994 8883 47556
203 35825 32130 8830 46315
204 35028 31272 8488 45142
205 33959 30811 8247 44330
206 33433 29934 8168 42911
207 33244 29422 8091 42233
208 32645 29386 7583 41922
209 31651 28768 7590 41035
210 30912 27772 7344 39697
211 30087 27088 7200 38877
212 29480 26388 7091 38016
213 28600 25891 6859 37026
214 27942 25060 6783 35934
215 27195 24591 6410 35037
216 26579 23754 6349 34230
217 25892 23350 6146 33559
218 25378 22654 5974 32527
219 25177 22194 5946 31785
220 24402 22001 5778 31560
221 23797 21553 5676 30643
222 23114 20956 5399 30026
223 22598 20311 5145 29111
224 21787 19824 5198 28307
225 21355 19102 5083 27426
226 20721 18786 5025 26929
227 20201 18391 4902 26449
228 19869 18010 4668 25538
229 19626 17532 4562 24984
230 19089 17125 4394 24546
231 18350 16540 4309 23805
232 18084 16030 4256 23054
233 17666 15828 4105 22766
234 17363 15434 4045 21972
235 16805 15003 4036 21552
236 16403 14561 3957 21047
237 16188 14358 3847 20532
238 16001 14176 3775 20363
239 15501 14102 3698 20081
240 15036 13715 3537 19511
241 14943 13267 3535 18836
242 14331 12991 3354 18702
243 14050 12612 3294 18163
244 13833 12528 3143 17864
245 13348 12378 3179 17499
246 13021 11829 3017 16906
247 12765 11486 2956 16481
248 12348 11226 2887 16073
249 11874 10942 2986 15666
250 11730 10634 2640 15217
251 11484 10388 2720 14902
252 11312 10252 2648 14546
253 10922 10076 2502 14394
254 10748 9677 2481 13654
255 10623 9374 2459 13443
256 10233 9360 2430 13366
257 10040 9128 2309 12982
258 9816 8897 2257 12729
259 9561 8693 2228 12419
260 9594 8374 2197 12047
261 9482 8358 2177 11954
262 9126 8267 2160 11780
263 8906 8017 2099 11394
264 8663 7764 1970 11211
265 8325 7576 1876 10825
266 8270 7232 1897 10386
267 7877 7253 1833 10379
268 7670 7009 1819 10022
269 7727 6904 1699 9781
270 7564 6766 1771 9633
271 7507 6686 1664 9465
272 7191 6555 1587 9358
273 6988 6249 1630 8953
274 6966 6114 1626 8776
275 6692 6175 1590 8686
276 6507 5906 1553 8505
277 6425 5892 1443 8377
278 6310 5776 1435 8184
279 6135 5595 1403 7972
280 5862 5475 1371 7758
281 5914 5236 1256 7412
282 5709 5209 1226 7425
283 5414 4968 1333 7044
284 5369 4721 1197 6770
285 5160 4683 1254 6758
286 5049 4617 1140 6500
287 4980 4499 1222 6411
288 4916 4484 1118 6325
289 4749 4384 1070 6194
290 4626 4183 1058 6005
291 4407 4126 1071 5896
292 4395 3957 998 5619
293 4316 3855 969 5552
294 4214 3829 1006 5493
295 4007 3830 917 5397
296 3879 3602 899 5143
297 3771 3382 874 4821
298 3923 3289 847 4725
299 3740 3359 848 4904
300 3634 3316 822 4689
301 3598 3184 820 4561
302 3428 3161 804 4536
303 3374 3045 734 4361
304 3274 3017 784 4276
305 3239 2980 677 4175
306 3096 2869 749 4114
307 3072 2824 645 3980
308 2938 2713 676 3886
309 2846 2547 674 3653
310 2893 2487 657 3583
311 2834 2518 648 3630
312 2782 2561 606 3581
313 2686 2441 602 3450
314 2727 2336 556 3372
315 2582 2347 607 3334
316 2483 2214 590 3234
317 2379 2219 528 3143
318 2448 2096 544 2988
319 2316 2136 530 3037
320 2281 2050 512 2908
321 2303 2033 540 2888
322 2264 2060 511 2882
323 2140 1996 488 2850
324 2136 1918 469 2691
325 2133 1904 469 2726
326 2066 1880 424 2671
327 2082 1801 421 2575
328 2060 1778 448 2512
329 1820 1733 402 2463
330 1785 1593 407 2270
331 1717 1583 387 2220
332 1700 1525 386 2110
333 1631 1490 386 2127
334 1612 1430 381 2024
335 1660 1425 390 2039
336 1614 1508 358 2138
337 1605 1482 356 2009
338 1542 1396 371 1983
339 1473 1323 326 1933
340 1422 1295 317 1850
341 1357 1250 331 1795
342 1415 1198 316 1720
343 1392 1257 293 1820
344 1417 1232 292 1734
345 1352 1240 311 1737
346 1270 1195 312 1671
347 1316 1140 301 1605
348 1276 1186 249 1690
349 1206 1140 254 1634
350 1137 1116 293 1567
351 1137 1055 252 1457
352 1102 1049 259 1467
353 1053 1025 240 1410
354 1006 962 227 1368
355 1002 942 197 1311
356 965 876 237 1219
357 940 805 199 1176
358 950 802 216 1166
359 925 845 212 1192
360 915 805 215 1141
361 894 793 180 1129
362 925 773 175 1088
363 859 782 213 1118
364 858 770 185 1065
365 833 741 178 1032
366 816 743 171 1062
367 833 733 175 1035
368 787 716 165 1001
369 770 681 162 964
370 760 657 186 925
371 767 652 154 930
372 702 670 144 955
373 653 622 139 886
374 629 575 138 816
375 630 558 146 794
376 647 556 142 774
377 582 542 155 781
378 575 522 142 745
379 577 537 123 736
380 565 483 132 696
381 579 484 110 709
382 528 520 103 735
383 486 453 127 665
384 491 445 106 619
385 450 426 95 625
386 436 423 94 602
387 455 392 103 567
388 457 402 89 564
389 430 395 85 573
390 468 404 100 567
391 452 437 120 609
392 446 430 106 592
393 465 409 115 571
394 420 446 85 625
395 417 391 77 537
396 396 373 85 522
397 390 353 80 493
398 407 339 67 482
399 388 339 71 486
400 385 335 67 470
401 324 334 80 461
402 327 307 69 428
403 331 302 74 421
404 282 304 65 413
405 273 259 72 366
406 270 241 78 366
407 287 255 64 364
408 265 263 61 365
409 243 232 51 334
410 251 209 57 303
411 258 222 64 323
412 280 241 64 335
413 234 254 54 360
414 218 216 53 311
415 237 190 64 278
416 240 199 40 303
417 253 195 47 289
418 251 201 59 292
419 252 216 43 298
420 235 228 51 315
421 224 212 44 304
422 213 208 47 303
423 203 192 52 264
424 210 172 43 258
425 192 176 62 251
426 199 168 49 244
427 209 178 57 261
428 156 187 41 266
429 202 138 31 210
430 213 176 42 251
431 198 198 25 265
432 189 181 36 252
433 175 162 47 223
434 198 165 36 234
435 191 177 44 234
436 157 168 45 226
437 152 153 36 221
438 145 140 32 189
439 138 110 32 165
440 150 116 34 182
441 147 129 27 176
442 134 127 36 183
443 135 118 35 171
444 126 122 24 174
445 127 112 30 169
446 79 122 30 156
447 111 73 27 119
448 118 106 18 152
449 111 105 15 140
450 100 86 29 132
451 100 86 23 124
452 107 97 37 133
453 96 116 19 150
454 120 93 24 127
455 125 96 20 129
456 112 91 28 146
457 100 96 18 134
458 104 76 25 125
459 90 93 19 132
460 90 81 18 117
461 80 90 16 131
462 81 75 23 97
463 76 68 18 104
464 101 71 18 100
465 90 87 20 114
466 101 76 16 108
467 88 89 15 121
468 83 76 15 112
469 82 73 17 96
470 76 66 14 100
471 72 71 12 102
472 64 65 11 79
473 50 56 9 88
474 70 46 10 65
475 63 61 13 91
476 68 59 5 81
477 61 64 12 88
478 59 52 12 69
479 46 55 20 73
480 52 41 12 64
481 48 48 12 69
482 47 48 10 61
483 41 38 12 57
484 50 42 8 66
485 47 55 8 70
486 41 44 12 70
487 44 44 4 54
488 31 41 14 56
489 56 29 8 38
490 54 44 9 62
491 40 45 14 62
492 39 41 9 55
493 40 39 3 58
494 32 35 9 47
495 30 26 10 41
496 35 24 9 36
497 37 30 9 48
498 43 34 9 47
499 51 33 9 47
500 45 36 8 51
501 31 28 5 43
502 31 23 14 35
503 29 27 8 41
504 35 27 4 41
505 49 32 7 45
506 41 39 6 54
507 37 31 6 41
508 36 24 1 46
509 43 32 3 44
510 31 40 3 49
511 30 24 2 37
512 27 20 7 32
513 27 27 12 36
514 28 31 4 39
515 24 28 3 37
516 24 23 7 28
517 23 24 5 28
518 26 19 4 25
519 25 19 6 26
520 33 15 7 22
521 39 23 7 40
522 30 38 4 47
523 24 24 9 32
524 19 16 4 32
525 21 19 5 26
526 18 20 5 28
527 30 17 4 22
528 21 25 1 35
529 18 16 4 23
530 19 13 3 22
531 10 18 1 22
532 10 8 4 12
533 12 9 1 15
534 12 11 3 17
535 14 15 2 20
536 13 13 2 18
537 11 9 6 11
538 13 8 1 11
539 8 8 3 15
540 9 8 3 12
541 7 7 4 14
542 4 9 2 11
543 2 6 3 9
544 7 7 0 9
545 5 8 3 12
546 10 5 0 6
547 11 7 2 10
548 10 8 1 13
549 11 9 1 11
550 8 8 1 13
551 4 6 0 8
552 3 2 0 5
553 5 3 1 3
554 2 5 1 9
555 4 2 1 2
556 6 3 0 5
557 7 6 0 9
558 8 4 3 7
559 6 6 2 9
560 3 4 3 7
561 10 7 1 8
562 11 9 0 12
563 14 6 2 12
564 8 12 1 16
565 4 7 2 9
566 4 2 3 4
567 8 4 1 4
568 13 4 4 8
569 13 12 1 18
570 14 18 1 20
571 6 17 1 17
572 10 9 1 14
573 11 10 0 12
574 6 9 1 11
575 7 6 1 9
576 9 9 1 11
577 13 11 3 13
578 14 15 0 18
579 9 14 1 19
580 10 10 2 11
581 8 10 2 12
582 10 4 2 9
583 18 8 0 13
584 5 15 4 17
585 3 3 2 6
586 5 3 0 5
587 8 3 0 7
588 10 6 0 10
589 7 7 0 11
590 7 3 2 5
591 2 3 2 6
592 4 2 1 4
593 2 5 2 5
594 4 4 0 4
595 6 4 1 5
596 8 2 0 4
597 5 4 0 7
598 6 2 1 3
599 9 3 2 4
600 9 8 0 10
601 6 8 3 8
602 6 5 2 7
603 8 6 2 7
604 10 8 1 9
605 5 10 0 12
606 5 4 1 6
607 2 4 0 6
608 1 1 1 2
609 3 0 0 1
610 2 2 1 4
611 6 3 1 3
612 8 4 0 4
613 8 3 1 5
614 8 5 1 8
615 6 6 1 7
616 10 5 1 7
617 8 10 1 12
618 4 5 0 8
619 2 1 2 3
620 6 2 1 3
621 8 5 1 6
622 5 7 1 8
623 2 3 1 5
624 6 1 2 1
625 6 7 2 7
626 2 7 1 8
627 5 3 0 3
628 2 3 3 5
629 1 1 0 2
630 3 0 1 0
631 2 2 2 2
632 2 3 2 6
633 2 4 0 4
634 1 0 1 1
635 5 0 0 2
636 3 4 0 4
637 5 0 0 0
638 3 2 2 3
639 4 1 0 1
640 0 2 1 4
641 0 1 0 1
642 0 1 1 1
643 0 1 0 2
644 1 1 0 2
645 2 0 0 1
646 1 2 1 5
647 3 2 0 2
648 6 4 0 5
649 8 5 0 8
650 3 8 0 8
651 0 2 0 3
653 0 0 1 0
656 0 0 0 1
