1 2.1033990121678343 0.0
2 2.3149223373222116 0.0
3 2.638472267429379 -0.600156499316213
4 2.9561153487413954 -0.7123804206542033
5 3.248210858565355 -0.830605262369143
6 3.526500601850787 -0.9084472350860308
7 3.783713874260975 -0.9983687170665102
8 4.031513033147958 -1.0591845066253225
9 4.2628571056123565 -1.128913159960708
10 4.49067656111101 -1.1808878362351674
11 4.704980183553812 -1.2400185535376602
12 4.915329686459094 -1.2854713859659597
13 5.11596250541985 -1.338424634310709
14 5.305975352107351 -1.3813137339194503
15 5.495544994520468 -1.4295765800306068
16 5.673266681555733 -1.4702474363325426
17 5.841714773653803 -1.515314685137881
18 6.013938274751869 -1.554555309562398
19 6.175542533902164 -1.5963083545649148
20 6.332661477419833 -1.6306404352809456
21 6.501693848047206 -1.6730284484625273
22 6.6334505606523955 -1.7056662690308815
23 6.780395128116078 -1.7450615104920308
24 6.922012840929198 -1.7783431615198488
25 7.051794204164366 -1.815632481838955
26 7.201329344272407 -1.850950816058436
27 7.311975270644596 -1.8859730450301804
28 7.450211151969287 -1.9198950465030689
29 7.570413754051064 -1.951685220407614
30 7.677975301940561 -1.9849287829866693
31 7.793500014502422 -2.0190187348565916
32 7.920882556771479 -2.0489265632133407
33 8.013799146864656 -2.0793811959849973
34 8.121790852435506 -2.1129511576464814
35 8.231375413836517 -2.1481629124502017
36 8.329848292624131 -2.171734388422129
37 8.42329289659259 -2.2021755415100777
38 8.5223750356946 -2.2322894160680424
39 8.620764965734878 -2.266048328735905
40 8.694993320637808 -2.2942434638192934
41 8.796593925746052 -2.3205301326646324
42 8.855100825580351 -2.3556008034963365
43 8.952189485809967 -2.387912861272251
44 9.028016005432619 -2.4140781822278323
45 9.097788765279494 -2.438816798631466
46 9.188117628514366 -2.467460247449143
47 9.2708255416314 -2.499900677746616
48 9.334262358060537 -2.5271897424736105
49 9.40166767772729 -2.5486721129620578
50 9.466715875606642 -2.5767692306204792
51 9.525924539129479 -2.6060717085603753
52 9.589134058092398 -2.6365523378515903
53 9.644263328841436 -2.6683523506783007
54 9.711168227432225 -2.6875300870658365
55 9.777321351963502 -2.7133319205403823
56 9.789466695437117 -2.7340799713830517
57 9.853767716439393 -2.7621124720136967
58 9.954510350258188 -2.7845386473720266
59 9.97013735621738 -2.8263948994290544
60 10.023844597069353 -2.843635359677071
61 10.085333024415538 -2.8732545412043855
62 10.14199665333512 -2.896325325732899
63 10.138734768409593 -2.920749903453441
64 10.217790884363168 -2.946315412828886
65 10.242312449816627 -2.9733696195163484
66 10.297339103976832 -2.990990395645927
67 10.34435197368421 -3.019610782087881
68 10.374165405200843 -3.063225278213298
69 10.408217489413863 -3.067987360526136
70 10.445643843073771 -3.1067679050922687
71 10.456426443519593 -3.1166732404334803
72 10.529569923098832 -3.1562250286627522
73 10.592871497720537 -3.1735902995176315
74 10.575086775810009 -3.203949183289823
75 10.65495352433529 -3.218210312393419
76 10.615950450162824 -3.239320196379139
77 10.703319846547762 -3.2744459079047608
78 10.776726409645512 -3.292177833275223
79 10.685256317957817 -3.311175222336139
80 10.818144926429165 -3.331050814725922
81 10.758190657366308 -3.354807622889671
82 10.80812511343699 -3.397345152628445
83 10.8522755004024 -3.4112962105665607
84 10.901394140012941 -3.4364884040488057
85 10.854866314854027 -3.4648204453144946
86 10.851217216325749 -3.48290468948853
87 10.88859072876916 -3.505540668237784
88 10.91972011314575 -3.513896202832685
89 10.975522979300901 -3.553889795809136
90 10.977797490971776 -3.568187916890286
91 11.038308215848323 -3.588994335133555
92 11.00659155564692 -3.636724686078949
93 11.099286559547995 -3.632297611811969
94 11.031218281267622 -3.6487238393912595
95 11.057420590467242 -3.711831466693244
96 11.000653274538625 -3.702570428202836
97 11.050041460316011 -3.7237856091436488
98 11.144836669348097 -3.7667108578153967
99 11.004901921197781 -3.784141453722991
100 11.072716907238641 -3.799257310682894
101 11.136096083835188 -3.8113161597575496
102 11.228867728198805 -3.8504499745088334
103 11.181583239018652 -3.8598605174865805
104 11.128818624557262 -3.8725014705825065
105 11.138091140341754 -3.9312378859026875
106 11.227613167927851 -3.9270507724828
107 11.241890463943218 -3.9766765311777807
108 11.222263271861499 -3.9475467926195718
109 11.199939081389365 -4.011660992779823
110 11.134477087297237 -4.006772065006413
111 11.16656330978273 -4.027156272740924
112 11.194885160820377 -4.05573007534994
113 11.224006663303731 -4.064064542255826
114 11.243493603881783 -4.117940799222943
115 11.326098438785914 -4.1205548543366834
116 11.256387343620208 -4.163323308940936
117 11.242668564772874 -4.209206443546681
118 11.227358176121593 -4.2004850778076905
119 11.187181465054135 -4.19883200970504
120 11.288921184073144 -4.229987121067738
121 11.409980458647048 -4.27591353500586
122 11.258263480173593 -4.294277193418909
123 11.347404760462721 -4.347314898135203
124 11.266579670969847 -4.326211303906257
125 11.243504716525546 -4.3397594767656384
126 11.311623937235336 -4.329343002126912
127 11.1687579896387 -4.382411723236347
128 11.36988645201431 -4.396210783885345
129 11.18417406749556 -4.4527634027994445
130 11.217807424593968 -4.435268562691581
131 11.385522264774348 -4.447582911218143
132 11.264247306647137 -4.462617149251644
133 11.139039971519551 -4.486703580127323
134 11.335754314268952 -4.50598637625506
135 11.372523472722008 -4.569884567616627
136 11.146110624479245 -4.553944541038862
137 11.18974448265355 -4.58731897179909
138 11.220388697326586 -4.595743917640412
139 11.32510483962371 -4.6134250847519995
140 11.22009705290567 -4.6738989179874
141 11.235265688809415 -4.675629183109994
142 11.375846142567386 -4.652874575231613
143 11.138080160630164 -4.7154680032637835
144 11.40474499592309 -4.7674066782374425
145 11.229018263617375 -4.781142584341184
146 11.41781137391964 -4.731969220197746
147 11.198730606488011 -4.768950315606666
148 11.29044446367281 -4.872719307727756
149 11.300816099687015 -4.827253431606937
150 11.345510031423737 -4.8270356446009615
151 11.265317629369752 -4.79636376907683
152 11.339253143899395 -4.833709513598917
153 11.270317963465246 -4.809874354428429
154 11.396611875209661 -4.856984653290172
155 11.389953642842316 -4.9498909359374474
156 11.167706044929488 -4.90510973960443
157 11.254401942926533 -4.999887087782192
158 11.207449368728943 -5.010845876678096
159 11.161063300822336 -5.039128892567358
160 11.251487163431435 -5.047783818162546
161 11.13562736723346 -5.074313421317265
162 11.168529243820867 -5.109486498943119
163 11.252843062926459 -5.104401178408823
164 11.23680690399137 -5.090562034283423
165 11.264781949522876 -5.14482439688616
166 11.152551623760575 -5.125900827752078
167 11.194145263739298 -5.144286561158316
168 11.274037775346116 -5.200448124515915
169 10.802605703048181 -5.171272795638278
170 11.2604384653712 -5.313731574864236
171 11.166513339466421 -5.280854438221738
172 11.396888185654008 -5.316531848298849
173 11.308865845051306 -5.301255622188905
174 11.023670302485101 -5.405829906164653
175 11.014132664691132 -5.412533666163043
176 10.949891451035615 -5.304549987115279
177 11.00355122186108 -5.35568643147121
178 11.248755010324304 -5.449870074898
179 11.17434969746117 -5.399391453896018
180 10.959735888140859 -5.472210893181566
181 11.15603310197544 -5.506076103192486
182 11.142090414917773 -5.488982908305192
183 11.170411459064738 -5.640543115769414
184 11.298829240434038 -5.368287802686921
185 10.79083199298143 -5.563876713088831
186 11.100342596117244 -5.621291423695065
187 11.001715132143136 -5.584375823982656
188 11.06423034330011 -5.616435258468636
189 11.27168242582328 -5.658049480653775
190 11.418042553191489 -5.680251473477407
191 11.16893053645117 -5.681140959076397
192 11.200069771498343 -5.580326736093974
193 11.161197518655039 -5.620908291627215
194 11.244833657677693 -5.669960336789368
195 11.434262572989264 -5.75355027474488
196 11.374903993855607 -5.785365588080504
197 11.317686339978396 -5.668547275909582
198 10.847021255363735 -5.803877886231049
199 11.276203236112542 -5.64849587672771
200 10.980010689470872 -5.775003981525721
201 10.829180327868853 -5.838214526923313
202 11.062816616008105 -5.867377407687779
203 11.228652321630804 -6.028759581129224
204 10.995405278039586 -5.903570953878871
205 10.836667879228811 -5.879472140762464
206 10.814275220372185 -5.935168138705693
207 11.265974539611914 -5.884403191816825
208 11.280495845971252 -5.925910023376748
209 10.948353096179183 -5.856366516388449
210 10.931100217864923 -5.965009950374084
211 10.793472222222222 -6.0583892790081535
212 11.173036243125088 -6.131023779461279
213 11.372357486514069 -6.008885647923081
214 11.072239422084623 -6.099432292536316
215 10.721372854914197 -5.9042155435682275
216 10.92896519136872 -6.10496640373941
217 10.64106736088513 -6.1871331088530646
218 10.85554067626381 -6.141267254895933
219 11.259670366633031 -6.190215510460909
220 11.071131879543094 -6.1390050697084915
221 11.054263565891473 -6.018731847403974
222 10.966290053713651 -6.166988609871445
223 11.263168124392614 -6.251039126103535
224 11.127356675644478 -6.1403893029992584
225 10.884320283297265 -6.28750091154379
226 10.972139303482587 -6.338259868543206
227 11.063851489188087 -6.323377065295475
228 11.130462724935732 -6.351515388832328
229 11.719859710653223 -6.1633845661223186
230 10.634956759217115 -6.385398842988674
231 10.644000928289627 -6.421802142407057
232 11.190084586466165 -6.836861282206992
233 11.51863580998782 -6.5341737678994996
234 10.656613102595797 -6.324094301838704
235 10.909811694747274 -6.436850408314774
236 10.43972706595906 -6.624602081056683
237 10.77203015336626 -6.623660627313462
238 10.908079470198675 -6.741197269557531
239 11.001622498647917 -6.52626861212091
240 10.551880124399208 -6.357336886884322
241 10.211598302687412 -6.446485453387131
242 11.094514013118664 -6.55935194096888
243 10.341833636915604 -6.633430600671695
244 11.399618199172766 -6.611677115987461
245 11.556149732620321 -6.1576090062289275
246 10.306264501160094 -6.624334555779013
247 10.510825439783492 -6.73436077907894
248 10.787322480083132 -6.930877869719406
249 10.85833891493637 -6.839397421166858
250 10.426136363636363 -6.880856936321219
251 11.122426470588236 -6.640048315662328
252 10.801737160120846 -6.661350199367524
253 11.14828137490008 -6.821731276920939
254 11.474405481660622 -6.643913871392998
255 10.964213094753966 -7.00223164472216
256 10.806995884773663 -6.901765674098459
257 11.535729753139888 -6.756740101679248
258 10.704918032786885 -7.091758975567601
259 10.30116696588869 -7.060069248731782
260 11.080109239872554 -7.1919149995849585
261 11.116674322462103 -6.940689309017902
262 10.219444444444445 -6.828607809847199
263 10.822772748928061 -6.913112164296998
264 10.253299492385787 -6.985282312014985
265 10.67643923240938 -7.108545034642033
266 10.31681602530311 -6.927979973040632
267 10.571740316421167 -7.016186530494267
268 11.24903793293018 -6.9793454400319295
269 9.710417892878164 -6.751865862386259
270 11.081309994353473 -7.394269697913423
271 10.567908653846153 -6.594823032223983
272 10.455576559546314 -7.183372515494764
273 9.542944785276074 -7.0776276108566964
274 10.157441574415744 -7.512192342752963
275 10.179874213836477 -6.849182592677872
276 11.185447520927237 -7.266901822457378
277 10.740817740817741 -7.163184911066014
278 10.250174216027874 -6.733626588465298
279 10.62295081967213 -7.2383341695935774
280 10.9890590809628 -6.989043567929879
281 10.119426751592357 -7.068132757690232
282 10.747960848287113 -7.376969696969697
283 10.797449362340584 -7.07694491766042
284 10.550543024227235 -7.12437223042836
285 11.007177033492823 -7.440810890796094
286 10.094736842105263 -7.042769230769231
287 11.154664484451718 -7.272656371860864
288 11.067084078711986 -7.53501976284585
289 10.639252336448598 -7.291572489505974
290 9.989603024574668 -7.69225645295587
291 11.869281045751634 -7.311227951153325
292 10.38376753507014 -7.185976152340274
293 9.902992776057792 -7.251801152737752
294 10.499005964214712 -7.174585836519206
295 10.743729552889858 -7.263294422827497
296 10.2146829810901 -7.623760451098581
297 10.827231121281464 -7.481642812694462
298 10.46517119244392 -7.071322751322751
299 10.212264150943396 -8.254078303425775
300 10.279805352798054 -8.022179569204521
301 11.376829268292683 -8.018197763648322
302 9.66542288557214 -7.591049382716049
303 10.600817438692099 -7.662462737904151
304 11.494897959183673 -7.340505144995323
305 10.624815361890695 -7.299401197604791
306 10.994659546061415 -7.768595041322314
307 9.96124031007752 -7.695226130653267
308 10.118343195266272 -7.941070509521358
309 8.93620178041543 -7.501779359430605
310 10.08675799086758 -7.759977672341613
311 10.45679012345679 -7.756473829201102
312 10.458745874587459 -7.215302987992181
313 10.56312292358804 -7.858550724637682
314 11.343525179856115 -7.9970344009489915
315 11.238879736408567 -7.802639472105579
316 11.874576271186442 -9.106369820655535
317 9.837121212121213 -7.975182946229717
318 9.722426470588236 -7.958500669344043
319 10.343396226415095 -7.891998682910767
320 9.818359375 -8.021320495185694
321 10.97037037037037 -7.931786703601108
322 10.305283757338552 -8.011797362942401
323 10.180327868852459 -7.5519298245614035
324 10.74413646055437 -8.65551839464883
325 9.336886993603411 -8.443140132061629
326 10.660377358490566 -8.489704230625234
327 11.038004750593824 -8.380970873786408
328 9.654017857142858 -7.580812101910828
329 8.796019900497512 -8.334145351197726
330 10.57002457002457 -7.898237885462555
331 11.304909560723514 -7.855405405405405
332 11.481865284974093 -7.42132701421801
333 11.160621761658032 -7.564645039962389
334 9.89763779527559 -7.9273715415019765
335 11.056410256410256 -9.033349681216283
336 10.35754189944134 -7.462114125350795
337 10.918539325842696 -7.490293678446989
338 9.816711590296496 -8.473524962178518
339 10.153374233128835 -9.48629073978272
340 10.451104100946372 -8.50918918918919
341 10.483383685800604 -8.474651810584959
342 9.136075949367088 -7.905813953488372
343 9.372013651877133 -8.365384615384615
344 12.188356164383562 -7.133794694348327
345 10.02572347266881 -7.917674150834773
346 11.89423076923077 -8.400957510472772
347 11.843853820598007 -8.059190031152648
348 9.048192771084338 -9.303550295857988
349 11.633858267716535 -8.273561811505507
350 9.610921501706486 -8.238672622846202
351 10.242063492063492 -6.750857927247769
352 10.594594594594595 -8.211315610088617
353 9.491666666666667 -6.829787234042553
354 10.515418502202643 -8.209795321637428
355 8.33502538071066 -7.822273073989321
356 9.544303797468354 -7.985233798195242
357 10.693467336683417 -9.534013605442176
358 10.291666666666666 -9.73327615780446
359 9.683962264150944 -8.554530201342281
360 10.683720930232559 -9.238387379491673
361 9.572222222222223 -8.029229406554473
362 8.102857142857143 -7.765625
363 10.56338028169014 -9.147584973166369
364 9.832432432432432 -7.489201877934272
365 12.398876404494382 -8.704457364341085
366 11.912280701754385 -8.645009416195856
367 8.074285714285715 -9.063768115942029
368 11.266666666666667 -9.401598401598402
369 13.018518518518519 -9.107883817427386
370 8.60752688172043 -8.44972972972973
371 11.025974025974026 -8.213978494623657
372 13.9375 -7.617801047120419
373 11.467625899280575 -9.690744920993229
374 11.159420289855072 -10.731617647058824
375 10.308219178082192 -9.459697732997482
376 11.901408450704226 -9.468992248062015
377 8.503225806451614 -9.072983354673495
378 9.598591549295774 -10.31006711409396
379 10.252032520325203 -8.008152173913043
380 11.803030303030303 -9.304597701149426
381 12.89090909090909 -8.428772919605077
382 12.087378640776699 -7.3238095238095235
383 13.960629921259843 -10.329323308270677
384 11.933962264150944 -8.516962843295637
385 8.326315789473684 -9.1152
386 8.202127659574469 -8.488372093023257
387 9.058252427184467 -10.358024691358025
388 6.52808988764045 -8.345744680851064
389 13.764705882352942 -11.254799301919721
390 8.7 -8.784832451499119
391 9.791666666666666 -8.369458128078819
392 8.60377358490566 -11.638513513513514
393 12.069565217391304 -7.753064798598949
394 8.529411764705882 -9.7024
395 12.181818181818182 -7.391061452513966
396 9.8 -7.676245210727969
397 8.4125 -9.135902636916835
398 14.17910447761194 -9.356846473029046
399 9.732394366197184 -8.681069958847736
400 6.865671641791045 -10.780851063829788
401 7.6125 -11.633405639913232
402 13.753623188405797 -8.780373831775702
403 12.175675675675675 -6.147268408551069
404 12.276923076923078 -8.685230024213075
405 8.555555555555555 -9.10655737704918
406 14.205128205128204 -9.382513661202186
407 9.3125 -11.14010989010989
408 17.934426229508198 -10.632876712328768
409 9.058823529411764 -7.733532934131737
410 13.280701754385966 -9.501650165016502
411 10.9375 -8.256965944272446
412 7.34375 -9.253731343283581
413 10.055555555555555 -9.972222222222221
414 11.11320754716981 -10.47588424437299
415 11.140625 -11.097122302158274
416 9.65 -11.188118811881187
417 4.957446808510638 -9.065743944636678
418 8.728813559322035 -10.349315068493151
419 9.13953488372093 -9.130872483221477
420 9.156862745098039 -7.250793650793651
421 8.613636363636363 -7.519736842105263
422 7.617021276595745 -8.462046204620462
423 11.173076923076923 -10.878787878787879
424 7.046511627906977 -11.542635658914728
425 11.790322580645162 -6.274900398406374
426 8.959183673469388 -10.237704918032787
427 8.263157894736842 -7.704980842911877
428 7.585365853658536 -9.447368421052632
429 8.225806451612904 -9.757142857142858
430 11.095238095238095 -12.697211155378486
431 11.36 -7.815094339622641
432 15.333333333333334 -7.7976190476190474
433 11.361702127659575 -9.269058295964125
434 7.916666666666667 -9.2008547008547
435 5.590909090909091 -4.918803418803419
436 9.177777777777777 -8.610619469026549
437 8.11111111111111 -8.809954751131222
438 18.53125 -11.613756613756614
439 8.375 -11.612121212121211
440 12.617647058823529 -10.032967032967033
441 11.88888888888889 -9.948863636363637
442 7.694444444444445 -11.169398907103826
443 7.742857142857143 -14.239766081871345
444 9.666666666666666 -12.218390804597702
445 10.233333333333333 -8.76923076923077
446 11.466666666666667 -4.544871794871795
447 9.88888888888889 -13.218487394957982
448 12.055555555555555 -12.177631578947368
449 14.2 -6.55
450 7.413793103448276 -14.356060606060606
451 13.869565217391305 -15.362903225806452
452 9.54054054054054 -7.0
453 7.0 -9.38
454 13.0 -9.811023622047244
455 6.1 -6.744186046511628
456 10.75 -12.08904109589041
457 13.555555555555555 -11.395522388059701
458 17.28 -13.416
459 6.157894736842105 -10.575757575757576
460 9.11111111111111 -13.538461538461538
461 11.5625 -12.465648854961833
462 8.652173913043478 -8.391752577319588
463 8.11111111111111 -12.346153846153847
464 9.055555555555555 -10.05
465 11.95 -14.68421052631579
466 18.1875 -6.185185185185185
467 19.533333333333335 -11.942148760330578
468 14.933333333333334 -12.017857142857142
469 4.764705882352941 -7.020833333333333
470 4.928571428571429 -18.25
471 12.583333333333334 -10.284313725490197
472 5.0 -11.670886075949367
473 10.11111111111111 -9.647727272727273
474 10.0 -17.29230769230769
475 18.23076923076923 -7.802197802197802
476 8.6 -6.679012345679013
477 5.25 -9.75
478 4.083333333333333 -8.057971014492754
479 5.35 -11.150684931506849
480 10.25 -13.671875
481 11.0 -14.927536231884059
482 5.1 -14.704918032786885
483 6.25 -9.543859649122806
484 7.0 -5.136363636363637
485 16.75 -6.742857142857143
486 12.666666666666666 -14.957142857142857
487 9.0 -7.574074074074074
488 7.285714285714286 -19.5
489 13.25 -10.18421052631579
490 11.88888888888889 -10.370967741935484
491 6.214285714285714 -9.274193548387096
492 11.222222222222221 -2.6363636363636362
493 3.3333333333333335 -11.982758620689655
494 8.666666666666666 -5.25531914893617
495 8.7 -11.975609756097562
496 19.333333333333332 -4.805555555555555
497 19.0 -11.041666666666666
498 21.88888888888889 -7.680851063829787
499 12.555555555555555 -5.212765957446808
500 15.5 -11.568627450980392
501 6.8 -22.511627906976745
502 9.5 -8.942857142857143
503 17.75 -11.707317073170731
504 6.0 -6.487804878048781
505 14.428571428571429 -6.288888888888889
506 15.666666666666666 -11.703703703703704
507 9.0 -5.2439024390243905
508 13.0 -7.0
509 14.333333333333334 -3.3863636363636362
510 9.666666666666666 -3.2244897959183674
511 19.5 -19.72972972972973
512 3.7142857142857144 -10.4375
513 10.5 -15.444444444444445
514 21.75 -7.384615384615385
515 3.0 -4.54054054054054
516 21.857142857142858 -4.821428571428571
517 6.6 -0.75
518 8.75 -16.76
519 6.166666666666667 -12.653846153846153
520 2.857142857142857 -10.772727272727273
521 11.571428571428571 -14.9
522 3.0 -15.063829787234043
523 7.0 -14.4375
524 2.5 -15.21875
525 11.6 -2.3846153846153846
526 2.2 -11.857142857142858
527 6.25 -1.8181818181818181
528 21.0 -26.62857142857143
529 20.5 -9.478260869565217
530 5.0 -9.818181818181818
531 7.0 -10.909090909090908
532 4.0 -32.5
533 6.0 -28.866666666666667
534 7.0 -15.764705882352942
535 50.0 -16.5
536 3.0 -12.333333333333334
537 3.8333333333333335 -0.5454545454545454
538 23.0 -22.727272727272727
539 13.0 -29.533333333333335
540 18.333333333333332 -22.5
541 4.5 -35.92857142857143
542 5.5 -16.363636363636363
543 36.666666666666664 -1.2222222222222223
544 0 -8.666666666666666
545 24.0 -3.0
546 0 -6.166666666666667
547 21.0 -27.4
548 24.0 -15.846153846153847
549 8.0 -2.8181818181818183
550 5.0 -13.076923076923077
551 0 -0.875
552 0 -21.4
553 3.0 0.0
554 21.0 -27.444444444444443
555 4.0 0.0
556 0 -1.0
557 0 -5.333333333333333
558 13.0 -45.142857142857146
559 7.5 -4.666666666666667
560 4.333333333333333 -27.857142857142858
561 2.0 -24.25
562 0 -26.333333333333332
563 7.0 -22.083333333333332
564 4.0 -2.4375
565 20.5 -0.5555555555555556
566 4.0 -1.0
567 11.0 0.0
568 10.5 -43.25
569 6.0 -12.166666666666666
570 2.0 -1.95
571 10.0 0.0
572 11.0 -16.928571428571427
573 0 -6.583333333333333
574 3.0 -1.1818181818181819
575 3.0 -3.888888888888889
576 2.0 -6.7272727272727275
577 14.0 -3.230769230769231
578 0 -9.0
579 3.0 -5.2105263157894735
580 22.5 -1.6363636363636365
581 5.0 -5.5
582 2.0 -2.888888888888889
583 0 -0.9230769230769231
584 14.25 -5.294117647058823
585 2.5 -37.166666666666664
586 0 -4.4
587 0 -13.857142857142858
588 0 -11.4
589 0 -2.6363636363636362
590 29.5 -0.8
591 14.0 -1.5
592 3.0 -8.75
593 2.0 0.0
594 0 0.0
595 2.0 -1.4
596 0 -4.75
597 0 -5.857142857142857
598 2.0 -2.0
599 3.0 -0.5
600 0 -0.6
601 12.0 0.0
602 2.5 -2.7142857142857144
603 10.5 -11.285714285714286
604 3.0 -0.2222222222222222
605 0 -7.5
606 2.0 -42.166666666666664
607 0 -4.666666666666667
608 2.0 -1.0
609 0 -11.0
610 2.0 -7.75
611 8.0 0.0
612 0 0.0
613 4.0 -21.4
614 3.0 -5.0
615 2.0 -0.42857142857142855
616 2.0 -8.285714285714286
617 12.0 -1.3333333333333333
618 0 -1.625
619 3.0 -3.3333333333333335
620 2.0 -0.6666666666666666
621 4.0 -42.333333333333336
622 6.0 -0.25
623 3.0 -1.0
624 2.5 0.0
625 6.0 0.0
626 2.0 -3.875
627 0 0.0
628 7.666666666666667 -8.0
629 0 -1.0
630 2.0 0
631 2.0 0.0
632 2.5 -1.6666666666666667
633 0 0.0
634 2.0 -2.0
635 0 -35.5
636 0 0.0
637 0 0
638 8.0 -16.333333333333332
639 0 0.0
640 4.0 -1.0
641 0 0.0
642 4.0 0.0
643 0 -110.0
644 0 -4.0
645 0 -249.0
646 2.0 -19.2
647 0 0.0
648 0 -0.4
649 0 -22.25
650 0 0.0
651 0 -1.0
653 3.0 0
656 0 -8.0
