-270 1
-269 0
-268 0
-267 0
-266 0
-265 0
-264 0
-263 0
-262 0
-261 0
-260 0
-259 0
-258 0
-257 1
-256 0
-255 0
-254 1
-253 0
-252 2
-251 0
-250 0
-249 2
-248 1
-247 0
-246 1
-245 1
-244 0
-243 0
-242 1
-241 0
-240 0
-239 1
-238 0
-237 0
-236 0
-235 1
-234 1
-233 0
-232 1
-231 0
-230 0
-229 3
-228 2
-227 2
-226 0
-225 2
-224 1
-223 2
-222 4
-221 4
-220 4
-219 6
-218 1
-217 4
-216 2
-215 2
-214 4
-213 2
-212 4
-211 3
-210 7
-209 4
-208 3
-207 3
-206 4
-205 5
-204 4
-203 3
-202 3
-201 5
-200 5
-199 5
-198 6
-197 5
-196 9
-195 6
-194 9
-193 8
-192 5
-191 12
-190 12
-189 9
-188 6
-187 10
-186 14
-185 15
-184 19
-183 21
-182 8
-181 23
-180 18
-179 22
-178 18
-177 14
-176 18
-175 29
-174 24
-173 29
-172 23
-171 29
-170 31
-169 36
-168 30
-167 29
-166 30
-165 50
-164 32
-163 30
-162 57
-161 40
-160 53
-159 49
-158 49
-157 66
-156 69
-155 65
-154 66
-153 77
-152 82
-151 74
-150 85
-149 86
-148 83
-147 103
-146 113
-145 107
-144 109
-143 128
-142 122
-141 133
-140 142
-139 151
-138 172
-137 187
-136 163
-135 218
-134 194
-133 224
-132 241
-131 238
-130 244
-129 255
-128 296
-127 267
-126 317
-125 339
-124 373
-123 385
-122 388
-121 438
-120 471
-119 450
-118 529
-117 519
-116 573
-115 600
-114 642
-113 676
-112 677
-111 731
-110 734
-109 830
-108 879
-107 919
-106 996
-105 1049
-104 1206
-103 1154
-102 1249
-101 1336
-100 1433
-99 1569
-98 1598
-97 1745
-96 1864
-95 1934
-94 2106
-93 2123
-92 2298
-91 2479
-90 2569
-89 2720
-88 2967
-87 3145
-86 3321
-85 3626
-84 3692
-83 3958
-82 4166
-81 4698
-80 4798
-79 5155
-78 5411
-77 5823
-76 6022
-75 6862
-74 7155
-73 7577
-72 7804
-71 8521
-70 9136
-69 9555
-68 10488
-67 11027
-66 11693
-65 12543
-64 13475
-63 14271
-62 15179
-61 16485
-60 17847
-59 18960
-58 20090
-57 21854
-56 23146
-55 24771
-54 26518
-53 28988
-52 30613
-51 33033
-50 35639
-49 38496
-48 41477
-47 44615
-46 47709
-45 51151
-44 55603
-43 59750
-42 65161
-41 69678
-40 75877
-39 81967
-38 88763
-37 96662
-36 104210
-35 113778
-34 123840
-33 135516
-32 147195
-31 160884
-30 176745
-29 192218
-28 211184
-27 233513
-26 256583
-25 283915
-24 313962
-23 347830
-22 387227
-21 432093
-20 482186
-19 540915
-18 610104
-17 692426
-16 787988
-15 901845
-14 1039865
-13 1207306
-12 1414128
-11 1675700
-10 2009375
-9 2454641
-8 3053019
-7 3900938
-6 5166670
-5 7220613
-4 10991107
-3 19604266
-2 46578160
-1 260737266
0 0
1 283065078
2 32036466
3 15093142
4 9458957
5 6545294
6 4813630
7 3696786
8 2924461
9 2365979
10 1949968
11 1631183
12 1383587
13 1182167
14 1020133
15 887661
16 775282
17 681782
18 602365
19 534431
20 476489
21 425461
22 381690
23 343951
24 310237
25 281331
26 253928
27 231176
28 209176
29 190811
30 174256
31 160313
32 146036
33 134307
34 122565
35 113051
36 103604
37 95486
38 88180
39 81604
40 75481
41 69684
42 64246
43 59249
44 55047
45 51350
46 47542
47 43524
48 40804
49 38064
50 35538
51 32767
52 30524
53 28499
54 26647
55 24714
56 23333
57 21431
58 19885
59 18704
60 17333
61 16400
62 15358
63 14476
64 13312
65 12474
66 11729
67 10847
68 10263
69 9758
70 9058
71 8454
72 7733
73 7465
74 6974
75 6469
76 6200
77 5761
78 5579
79 4999
80 4782
81 4483
82 4211
83 3915
84 3778
85 3622
86 3335
87 3124
88 2823
89 2696
90 2601
91 2439
92 2241
93 2186
94 2059
95 1969
96 1764
97 1676
98 1606
99 1523
100 1414
101 1336
102 1344
103 1213
104 1133
105 1064
106 940
107 994
108 941
109 783
110 821
111 681
112 703
113 662
114 664
115 592
116 542
117 546
118 496
119 478
120 455
121 459
122 387
123 337
124 350
125 317
126 326
127 306
128 299
129 248
130 241
131 238
132 225
133 248
134 224
135 187
136 164
137 150
138 158
139 150
140 111
141 144
142 134
143 117
144 107
145 100
146 107
147 100
148 85
149 89
150 87
151 71
152 99
153 48
154 64
155 62
156 69
157 55
158 48
159 45
160 54
161 42
162 44
163 45
164 50
165 47
166 36
167 23
168 26
169 30
170 34
171 21
172 22
173 26
174 28
175 30
176 16
177 17
178 27
179 21
180 14
181 14
182 16
183 21
184 11
185 18
186 12
187 14
188 14
189 8
190 9
191 10
192 9
193 9
194 9
195 7
196 6
197 8
198 9
199 12
200 7
201 9
202 2
203 10
204 2
205 5
206 3
207 4
208 3
209 1
210 5
211 4
212 3
213 4
214 3
215 6
216 0
217 6
218 3
219 2
220 2
221 3
222 0
223 1
224 1
225 0
226 1
227 3
228 1
229 0
230 3
231 1
232 0
233 1
234 1
235 0
236 0
237 1
238 1
239 1
240 0
241 2
242 0
243 0
244 1
245 1
246 1
247 0
248 1
249 0
250 0
251 0
252 1
253 1
254 0
255 1
256 1
257 0
258 0
259 0
260 0
261 2
262 0
263 0
264 0
265 0
266 0
267 0
268 0
269 0
270 0
271 0
272 0
273 0
274 1
