1 57383
2 20167
3 12396
4 8677
5 6276
6 4809
7 3897
8 3278
9 2740
10 2285
11 2021
12 1763
13 1582
14 1416
15 1300
16 1094
17 1029
18 941
19 839
20 806
21 712
22 667
23 588
24 567
25 492
26 498
27 439
28 435
29 381
30 358
31 305
32 302
33 287
34 277
35 285
36 245
37 245
38 225
39 231
40 183
41 196
42 173
43 169
44 195
45 149
46 162
47 161
48 114
49 136
50 120
51 112
52 114
53 107
54 104
55 84
56 93
57 93
58 79
59 68
60 70
61 81
62 70
63 66
64 57
65 73
66 73
67 70
68 54
69 50
70 56
71 40
72 45
73 45
74 39
75 52
76 35
77 38
78 34
79 31
80 46
81 37
82 42
83 24
84 39
85 31
86 31
87 22
88 23
89 26
90 20
91 24
92 29
93 22
94 19
95 23
96 19
97 14
98 23
99 21
100 20
101 9
102 16
103 18
104 11
105 13
106 12
107 20
108 15
109 7
110 13
111 11
112 12
113 14
114 7
115 12
116 7
117 7
118 9
119 8
120 10
121 7
122 7
123 9
124 6
125 2
126 7
127 6
128 4
129 4
130 4
131 8
132 9
133 6
134 9
135 3
136 4
137 11
138 8
139 1
140 6
141 3
142 5
143 2
144 1
145 2
146 9
147 4
148 2
149 4
150 3
151 6
152 6
153 1
154 3
155 3
156 4
157 2
158 4
159 1
160 5
161 3
162 2
163 1
164 0
165 1
166 0
167 2
168 1
169 1
170 0
171 1
172 0
173 2
174 0
175 1
176 2
177 1
178 1
179 1
180 1
181 3
182 3
183 0
184 1
185 4
186 1
187 3
188 0
189 0
190 4
191 1
192 0
193 0
194 2
195 0
196 2
197 1
198 2
199 0
200 1
201 0
202 0
203 1
204 0
205 1
206 0
207 2
208 0
209 2
210 0
211 0
212 0
213 0
214 0
215 1
216 0
217 0
218 0
219 0
220 0
221 1
222 0
223 0
224 0
225 0
226 2
227 0
228 0
229 0
230 0
231 0
232 0
233 0
234 1
235 0
236 0
237 0
238 2
239 0
240 0
241 1
242 0
243 0
244 0
245 0
246 0
247 0
248 0
249 1
250 0
251 2
252 0
253 0
254 0
255 0
256 0
257 0
258 0
259 0
260 0
261 0
262 0
263 0
264 0
265 1
266 1
267 0
268 0
269 0
270 0
271 0
272 0
273 0
274 0
275 0
276 0
277 0
278 0
279 0
280 0
281 0
282 0
283 0
284 0
285 0
286 0
287 0
288 0
289 0
290 0
291 0
292 1
293 0
294 0
295 0
296 1
297 0
298 0
299 0
300 0
301 0
302 0
303 0
304 0
305 0
306 0
307 0
308 0
309 0
310 0
311 0
312 0
313 0
314 0
315 0
316 0
317 0
318 0
319 0
320 0
321 1
322 0
323 0
324 0
325 0
326 0
327 0
328 1
329 0
330 0
331 0
332 0
333 0
334 0
335 0
336 0
337 0
338 0
339 0
340 0
341 0
342 0
343 0
344 0
345 0
346 0
347 0
348 0
349 0
350 0
351 0
352 1
