1 0.18363871963333137 1.2788634955893314 4681284
2 0.22759330411688136 1.4997660671846902 4457306
3 0.10501006960561267 2.3284441666518463 4196788
4 0.07021138190947222 2.852240110230732 3660247
5 0.019455053566075645 3.430094115779522 3142474
6 -0.023532260162126284 3.9262259283054406 2668167
7 -0.08291022404229484 4.515163092335573 2257297
8 -0.1334411459177258 5.008475924303471 1907013
9 -0.1928693444868755 5.56667344124918 1608099
10 -0.24326015985922822 6.042748961176831 1354817
11 -0.2954749444931423 6.575454310899538 1143102
12 -0.3478958181594017 7.014345008337047 965197
13 -0.40488725721535435 7.5543472496221264 815795
14 -0.4527989549831043 7.988615435369064 687453
15 -0.5017237309773667 8.52982894559894 580427
16 -0.5532140750131159 8.992730778934423 489861
17 -0.6026111593673407 9.474085748317362 413303
18 -0.658654931489234 9.966365139882699 349945
19 -0.7039708986270504 10.574443365845339 294694
20 -0.7347629025187712 10.89877493111653 248653
21 -0.7927725417545731 11.574562507366835 209977
22 -0.8241896033062498 11.918209318938274 177845
23 -0.8883018515055171 12.560294636930767 149716
24 -0.9407553319410163 13.204791759073053 126408
25 -0.9695914228848248 13.646968592687706 106516
26 -0.9975485030338661 14.097931848596996 90149
27 -1.0372477740898793 14.685562711328092 75924
28 -1.088623674800828 15.486735267763953 63764
29 -1.137308523808644 16.375407164943514 54119
30 -1.1921367076529394 16.78753645978781 46113
31 -1.1780266312943217 16.907212696806205 39202
32 -1.2514039007306321 17.73671758102216 33122
33 -1.2974516382325647 19.01659783164287 28018
34 -1.3289946329713054 19.54053910249412 23663
35 -1.4137331810734324 20.349305466566463 20141
36 -1.354740240680951 20.293472540391253 17035
37 -1.4711862030286034 21.709769877274592 14264
38 -1.4830259507099723 21.899295691019066 12254
39 -1.5084911184852625 22.070931219275014 10246
40 -1.5441433058043503 23.26770938879228 8597
41 -1.5003459250034592 24.080911738645018 7227
42 -1.555929487179487 25.040782148874094 6240
43 -1.5410085632730732 25.63214322637767 5255
44 -1.6039363113666518 24.1034166151388 4522
45 -1.5805422647527911 27.396622991435382 3762
46 -1.6134695180338334 27.337667279393226 3133
47 -1.8181818181818181 29.547477795686024 2651
48 -1.7046357615894039 30.199294183003662 2265
49 -1.9472595656670113 33.084085044311294 1934
50 -1.905478627332932 30.594918810650974 1661
51 -2.24468085106383 37.8543156782858 1410
52 -1.7326989619377162 30.595505172351864 1156
53 -1.9910358565737052 34.24195151664259 1004
54 -1.740950226244344 30.777915839151532 884
55 -2.104294478527607 37.84065640407995 815
56 -1.9251908396946564 36.521121146786314 655
57 -2.277972027972028 42.8545497334833 572
58 -1.5284872298624754 32.0330784580884 509
59 -2.048888888888889 38.05094320987654 450
60 -1.985632183908046 33.19806942792972 348
61 -2.257425742574257 48.19775838970036 303
62 -2.665289256198347 53.710282767570526 242
63 -2.8297872340425534 59.71570846536895 188
64 -1.5921787709497206 32.632564526700165 179
65 -1.6415094339622642 24.393497092678288 159
66 -2.0551724137931036 53.76247324613555 145
67 -1.4809160305343512 32.23436862653691 131
68 -3.968421052631579 80.89373961218834 95
69 -3.4430379746835444 64.09485659349465 79
70 -4.253968253968254 73.26883345930966 63
71 -2.3333333333333335 44.01010101010101 66
72 -1.7659574468085106 44.09416025350837 47
73 -2.7666666666666666 81.17888888888889 30
74 -4.2 70.95999999999998 30
75 -2.7916666666666665 49.83159722222222 24
76 0.0 1.2 15
77 -7.083333333333333 106.07638888888891 12
78 -1.2222222222222223 9.061728395061728 9
79 -5.285714285714286 107.06122448979593 7
80 0.0 2.0 6
81 -1.8 22.16 5
82 1.6666666666666667 9.222222222222221 6
83 -3.5 60.05 10
84 -1.25 9.4375 8
85 -2.75 40.6875 8
86 -6.0 182.57142857142858 7
87 -3.6 33.44 5
88 -1.0 0.0 1
89 1.0 0.0 1
90 1.0 0.0 3
91 -1.5 6.25 4
93 -7.0 0.0 1
