1 2128046 2139446 413792 2139446
2 1871002 2067182 519122 2067182
3 1661266 1329957 541076 1994446
4 1394038 1118119 479758 1786451
5 1165059 922163 411667 1565748
6 970682 773046 344951 1352534
7 809332 648073 286734 1161231
8 676063 546588 236850 994100
9 565379 462260 194961 847759
10 473526 390825 159946 721345
11 398700 330293 132966 611436
12 335649 280822 109170 520378
13 281781 239054 90434 443580
14 237297 202443 74661 375495
15 200237 171293 61982 318208
16 168584 145389 51419 269858
17 142370 123450 42326 228607
18 119846 104957 35249 194850
19 100780 89067 29298 164616
20 85089 75522 24469 139095
21 71708 63782 20364 117905
22 61082 53938 17149 99614
23 50989 45854 14050 84677
24 42895 38524 11752 71761
25 36235 32964 9733 60548
26 30864 27767 8303 50982
27 25803 23656 6886 43235
28 21742 19679 5782 36240
29 18449 16610 4863 30807
30 15773 14235 4010 26330
31 13467 12373 3368 22367
32 11169 10487 2908 19045
33 9526 8651 2447 16045
34 8040 7410 2025 13598
35 6831 6197 1680 11630
36 5788 5396 1414 9833
37 4964 4495 1100 8200
38 4127 3900 1033 7094
39 3444 3312 804 5998
40 2929 2774 687 4981
41 2523 2256 602 4102
42 2090 2033 508 3642
43 1820 1673 433 3002
44 1537 1467 339 2646
45 1260 1240 332 2170
46 1059 994 273 1801
47 903 872 186 1562
48 797 698 196 1272
49 637 638 151 1146
50 576 518 124 961
51 442 459 125 843
52 393 366 99 664
53 352 310 78 574
54 324 269 71 489
55 277 255 66 472
56 219 214 54 382
57 195 174 45 332
58 194 159 42 273
59 154 161 29 267
60 103 124 30 215
61 111 86 24 168
62 66 104 15 161
63 60 62 15 113
64 64 64 15 100
65 55 60 6 98
66 65 38 8 72
67 39 53 12 80
68 26 31 8 61
69 26 26 4 49
70 21 25 1 41
71 27 18 2 37
72 11 21 6 30
73 12 7 3 15
74 10 7 2 18
75 8 7 1 15
76 8 6 0 7
77 2 4 0 10
78 5 1 0 4
79 2 2 1 4
80 2 2 1 3
81 1 1 1 3
82 4 0 1 1
83 2 4 1 7
84 3 4 0 5
85 2 3 1 5
86 2 3 0 5
87 1 2 0 4
88 0 1 0 1
89 1 0 0 0
90 3 0 0 0
91 0 1 1 3
93 0 0 0 1
