1 2.1050793635449696 0.0
2 2.3320780086376613 0.0
3 2.658358530040142 -0.6663394245820644
4 2.963846355871085 -0.8065471708991738
5 3.2265933387908188 -0.9644214777856973
6 3.443778971506098 -1.0708484962300393
7 3.632384021427525 -1.196953922173969
8 3.795993244669622 -1.2906448043456393
9 3.9347766989295296 -1.392376842947111
10 4.063871556650369 -1.4726296016469234
11 4.139058105079494 -1.5643812271439692
12 4.22038105706696 -1.6360299628347086
13 4.298858836278391 -1.7173790522566392
14 4.345869999062429 -1.7859066032836655
15 4.4051014810751505 -1.864173747988737
16 4.43007448608491 -1.9342876624002252
17 4.468907999810991 -1.9996413058217815
18 4.489772759510908 -2.0715524762637925
19 4.538569185609939 -2.1391602274384023
20 4.520536188646859 -2.177511772529566
21 4.563199764289924 -2.2672066494211442
22 4.505218963204851 -2.3187704539522556
23 4.551032028469751 -2.3863622943656484
24 4.5908781484002725 -2.4698931174314738
25 4.5790609267440665 -2.495804981171963
26 4.493556545826809 -2.556490526068024
27 4.5440023235550395 -2.594865271192321
28 4.554306468350052 -2.698979028697572
29 4.5975735142915894 -2.783360924465219
30 4.543640897755611 -2.8382453475123435
31 4.565914489311164 -2.8011356015558637
32 4.421251719394773 -2.887266999212392
33 4.594196975888844 -3.0208164537239015
34 4.518518518518518 -3.0319164583026916
35 4.58452380952381 -3.165090283748925
36 4.625884016973126 -3.052069561680057
37 4.5636363636363635 -3.2285365853658536
38 4.443368828654405 -3.2407668452213136
39 4.5049751243781095 -3.2027342447482496
40 4.451237263464337 -3.3101786789801246
41 4.471760797342193 -3.364700146270112
42 4.775590551181103 -3.3476112026359144
43 4.607390300230947 -3.4110592938041306
44 4.398230088495575 -3.3310657596371884
45 4.475903614457831 -3.434101382488479
46 4.523809523809524 -3.5285952248750694
47 4.806451612903226 -3.67797695262484
48 4.683673469387755 -3.8349056603773586
49 4.556291390728477 -3.885689354275742
50 4.201612903225806 -3.8959417273673256
51 4.136 -4.347568208778173
52 4.242424242424242 -3.6897590361445785
53 3.7051282051282053 -4.059233449477352
54 4.183098591549296 -3.867075664621677
55 4.348484848484849 -4.288135593220339
56 4.314814814814815 -3.924083769633508
57 4.711111111111111 -4.626506024096385
58 4.380952380952381 -3.652014652014652
59 4.482758620689655 -3.9138576779026217
60 3.933333333333333 -3.6651162790697676
61 4.458333333333333 -4.857142857142857
62 4.466666666666667 -4.186335403726708
63 4.4 -5.274336283185841
64 4.0 -3.45
65 6.333333333333333 -3.0
66 6.25 -5.208333333333333
67 5.166666666666667 -3.025
68 3.625 -6.573770491803279
69 3.0 -5.795918367346939
70 4.0 -6.536585365853658
71 2.5 -4.54054054054054
72 4.166666666666667 -3.2666666666666666
73 3.6666666666666665 -6.6
74 2.5 -7.444444444444445
75 5.0 -4.866666666666666
76 0 -0.2857142857142857
77 0 -8.3
78 0 -3.75
79 4.0 -10.25
80 2.0 -0.6666666666666666
81 4.0 -4.333333333333333
82 8.0 -2.0
83 4.0 -5.285714285714286
84 0 -1.8
85 2.0 -4.6
86 0 -8.2
87 0 -4.25
88 0 0.0
89 0 0
90 0 0
91 2.0 -2.3333333333333335
93 0 -7.0
