0 0.0049896240234375
1 0.007659912109375
2 0.00341796875
3 0.0060272216796875
4 0.0119171142578125
5 0.0048980712890625
6 0.0098724365234375
7 0.0056304931640625
8 0.0126190185546875
9 0.003570556640625
10 0.004425048828125
11 0.006103515625
12 0.003753662109375
13 0.0068817138671875
14 0.0069122314453125
15 0.008148193359375
16 0.007232666015625
17 0.0113525390625
18 0.00421142578125
19 0.0045166015625
20 0.0076141357421875
21 0.0037384033203125
22 0.0135650634765625
23 0.004058837890625
24 0.0079345703125
25 0.007720947265625
26 0.002044677734375
27 0.0
28 0.0061187744140625
29 0.00555419921875
30 0.009521484375
31 0.004730224609375
32 0.0030670166015625
33 0.005218505859375
34 0.004669189453125
35 0.0034942626953125
36 0.0095672607421875
37 0.0095062255859375
38 0.00225830078125
39 0.0068817138671875
40 0.0072021484375
41 0.0078125
42 0.0063934326171875
43 0.010894775390625
44 0.0022125244140625
45 0.0136871337890625
46 0.0028076171875
47 0.009429931640625
48 0.0051116943359375
49 0.00103759765625
50 0.0028839111328125
51 0.006561279296875
52 0.0104522705078125
53 0.0085906982421875
54 0.004638671875
55 0.0067596435546875
56 0.0127105712890625
57 0.007354736328125
58 0.0084991455078125
59 0.005767822265625
60 0.003509521484375
61 0.00408935546875
62 0.0093536376953125
63 0.00689697265625
