-39 1
-38 0
-37 0
-36 4
-35 2
-34 5
-33 1
-32 4
-31 7
-30 14
-29 22
-28 20
-27 26
-26 39
-25 67
-24 92
-23 119
-22 179
-21 285
-20 400
-19 585
-18 895
-17 1354
-16 1982
-15 2959
-14 4539
-13 6800
-12 10645
-11 16307
-10 25882
-9 41312
-8 66810
-7 111026
-6 187180
-5 332457
-4 631292
-3 1349334
-2 3295069
-1 12577476
0 0
1 14247045
2 2105495
3 991853
4 529072
5 294620
6 170626
7 102606
8 62351
9 38824
10 24384
11 15631
12 10150
13 6492
14 4249
15 2922
16 1858
17 1306
18 865
19 588
20 356
21 256
22 219
23 101
24 75
25 71
26 39
27 34
28 20
29 11
30 7
31 5
32 4
33 4
34 0
35 4
36 1
37 1
38 1
