0 0.4307403564453125
1 0.4300384521484375
2 0.4323577880859375
3 0.429168701171875
4 0.4320220947265625
5 0.4296875
6 0.43145751953125
7 0.430633544921875
8 0.4316253662109375
9 0.4309539794921875
10 0.42730712890625
11 0.429718017578125
12 0.42999267578125
13 0.434326171875
14 0.4325408935546875
15 0.431243896484375
16 0.430633544921875
17 0.4302520751953125
18 0.43212890625
19 0.4327239990234375
20 0.43182373046875
21 0.4310150146484375
22 0.43072509765625
23 0.43353271484375
24 0.4293212890625
25 0.430877685546875
26 0.4292449951171875
27 0.431732177734375
28 0.429901123046875
29 0.430023193359375
30 0.4295196533203125
31 0.4278717041015625
32 0.4308929443359375
33 0.42913818359375
34 0.4318084716796875
35 0.4264373779296875
36 0.431060791015625
37 0.430206298828125
38 0.43023681640625
39 0.4297332763671875
40 0.432281494140625
41 0.4293670654296875
42 0.431365966796875
43 0.428955078125
44 0.4307861328125
45 0.4310760498046875
46 0.428985595703125
47 0.43072509765625
48 0.4309234619140625
49 0.43115234375
50 0.4328460693359375
51 0.431304931640625
52 0.43328857421875
53 0.43017578125
54 0.4317626953125
55 0.4319915771484375
56 0.4298553466796875
57 0.430877685546875
58 0.4321441650390625
59 0.429412841796875
60 0.429656982421875
61 0.430877685546875
62 0.4304656982421875
63 0.43170166015625
