-3119 1
-3118 0
-3117 0
-3116 0
-3115 0
-3114 0
-3113 0
-3112 0
-3111 0
-3110 0
-3109 0
-3108 0
-3107 0
-3106 0
-3105 0
-3104 0
-3103 0
-3102 0
-3101 0
-3100 0
-3099 0
-3098 0
-3097 0
-3096 0
-3095 0
-3094 0
-3093 0
-3092 0
-3091 0
-3090 0
-3089 0
-3088 0
-3087 0
-3086 0
-3085 0
-3084 0
-3083 0
-3082 0
-3081 0
-3080 0
-3079 0
-3078 0
-3077 0
-3076 0
-3075 0
-3074 0
-3073 0
-3072 0
-3071 0
-3070 0
-3069 0
-3068 0
-3067 0
-3066 0
-3065 0
-3064 0
-3063 0
-3062 0
-3061 0
-3060 0
-3059 0
-3058 0
-3057 0
-3056 0
-3055 0
-3054 0
-3053 0
-3052 0
-3051 0
-3050 0
-3049 0
-3048 0
-3047 0
-3046 0
-3045 0
-3044 0
-3043 0
-3042 0
-3041 0
-3040 0
-3039 0
-3038 0
-3037 0
-3036 0
-3035 0
-3034 0
-3033 0
-3032 0
-3031 0
-3030 0
-3029 0
-3028 0
-3027 0
-3026 0
-3025 0
-3024 0
-3023 0
-3022 0
-3021 0
-3020 0
-3019 0
-3018 0
-3017 0
-3016 0
-3015 0
-3014 0
-3013 0
-3012 0
-3011 0
-3010 0
-3009 0
-3008 0
-3007 0
-3006 0
-3005 0
-3004 0
-3003 0
-3002 0
-3001 0
-3000 0
-2999 0
-2998 0
-2997 0
-2996 0
-2995 0
-2994 0
-2993 0
-2992 0
-2991 0
-2990 0
-2989 0
-2988 0
-2987 0
-2986 0
-2985 0
-2984 0
-2983 0
-2982 0
-2981 0
-2980 0
-2979 0
-2978 0
-2977 0
-2976 0
-2975 0
-2974 0
-2973 0
-2972 0
-2971 0
-2970 0
-2969 0
-2968 0
-2967 0
-2966 0
-2965 0
-2964 0
-2963 0
-2962 0
-2961 0
-2960 0
-2959 0
-2958 0
-2957 0
-2956 0
-2955 0
-2954 0
-2953 1
-2952 0
-2951 0
-2950 0
-2949 0
-2948 0
-2947 0
-2946 0
-2945 0
-2944 0
-2943 0
-2942 0
-2941 0
-2940 0
-2939 0
-2938 0
-2937 0
-2936 0
-2935 0
-2934 0
-2933 0
-2932 0
-2931 0
-2930 0
-2929 0
-2928 0
-2927 0
-2926 0
-2925 0
-2924 0
-2923 0
-2922 0
-2921 0
-2920 0
-2919 0
-2918 0
-2917 0
-2916 0
-2915 0
-2914 0
-2913 0
-2912 0
-2911 0
-2910 0
-2909 0
-2908 0
-2907 0
-2906 1
-2905 0
-2904 0
-2903 0
-2902 0
-2901 0
-2900 0
-2899 0
-2898 0
-2897 0
-2896 0
-2895 0
-2894 0
-2893 0
-2892 0
-2891 0
-2890 0
-2889 0
-2888 0
-2887 0
-2886 0
-2885 0
-2884 0
-2883 0
-2882 0
-2881 0
-2880 0
-2879 0
-2878 0
-2877 0
-2876 0
-2875 0
-2874 0
-2873 0
-2872 0
-2871 0
-2870 0
-2869 0
-2868 0
-2867 0
-2866 0
-2865 0
-2864 0
-2863 0
-2862 0
-2861 0
-2860 0
-2859 0
-2858 0
-2857 0
-2856 0
-2855 0
-2854 0
-2853 0
-2852 0
-2851 0
-2850 0
-2849 0
-2848 0
-2847 0
-2846 0
-2845 0
-2844 0
-2843 0
-2842 0
-2841 0
-2840 0
-2839 0
-2838 0
-2837 0
-2836 0
-2835 1
-2834 0
-2833 0
-2832 0
-2831 0
-2830 0
-2829 0
-2828 0
-2827 0
-2826 0
-2825 0
-2824 0
-2823 0
-2822 1
-2821 0
-2820 0
-2819 0
-2818 0
-2817 0
-2816 0
-2815 0
-2814 0
-2813 0
-2812 0
-2811 0
-2810 0
-2809 0
-2808 0
-2807 0
-2806 0
-2805 0
-2804 0
-2803 0
-2802 0
-2801 0
-2800 0
-2799 0
-2798 0
-2797 0
-2796 0
-2795 0
-2794 0
-2793 0
-2792 0
-2791 0
-2790 0
-2789 0
-2788 0
-2787 0
-2786 0
-2785 1
-2784 0
-2783 0
-2782 0
-2781 0
-2780 0
-2779 0
-2778 0
-2777 0
-2776 0
-2775 0
-2774 0
-2773 0
-2772 0
-2771 0
-2770 0
-2769 0
-2768 0
-2767 1
-2766 0
-2765 0
-2764 0
-2763 0
-2762 0
-2761 0
-2760 0
-2759 0
-2758 0
-2757 0
-2756 0
-2755 0
-2754 1
-2753 0
-2752 0
-2751 0
-2750 0
-2749 0
-2748 1
-2747 0
-2746 0
-2745 0
-2744 0
-2743 0
-2742 0
-2741 0
-2740 0
-2739 0
-2738 0
-2737 0
-2736 0
-2735 0
-2734 0
-2733 0
-2732 0
-2731 0
-2730 0
-2729 0
-2728 0
-2727 0
-2726 0
-2725 0
-2724 0
-2723 0
-2722 0
-2721 0
-2720 0
-2719 0
-2718 0
-2717 1
-2716 0
-2715 0
-2714 0
-2713 0
-2712 0
-2711 0
-2710 0
-2709 0
-2708 0
-2707 0
-2706 0
-2705 0
-2704 0
-2703 0
-2702 0
-2701 0
-2700 0
-2699 0
-2698 0
-2697 0
-2696 0
-2695 0
-2694 0
-2693 0
-2692 0
-2691 1
-2690 0
-2689 0
-2688 0
-2687 0
-2686 0
-2685 0
-2684 0
-2683 0
-2682 0
-2681 0
-2680 0
-2679 0
-2678 0
-2677 0
-2676 0
-2675 0
-2674 0
-2673 0
-2672 0
-2671 1
-2670 0
-2669 0
-2668 0
-2667 0
-2666 0
-2665 0
-2664 0
-2663 0
-2662 0
-2661 0
-2660 0
-2659 0
-2658 0
-2657 1
-2656 0
-2655 0
-2654 0
-2653 0
-2652 0
-2651 0
-2650 0
-2649 0
-2648 0
-2647 0
-2646 0
-2645 0
-2644 0
-2643 0
-2642 1
-2641 0
-2640 0
-2639 0
-2638 0
-2637 0
-2636 0
-2635 0
-2634 0
-2633 0
-2632 0
-2631 0
-2630 0
-2629 1
-2628 0
-2627 0
-2626 0
-2625 0
-2624 0
-2623 0
-2622 0
-2621 0
-2620 0
-2619 0
-2618 0
-2617 0
-2616 0
-2615 1
-2614 0
-2613 0
-2612 1
-2611 0
-2610 0
-2609 0
-2608 0
-2607 0
-2606 0
-2605 0
-2604 0
-2603 0
-2602 0
-2601 1
-2600 0
-2599 0
-2598 0
-2597 0
-2596 0
-2595 0
-2594 0
-2593 0
-2592 1
-2591 0
-2590 0
-2589 0
-2588 0
-2587 0
-2586 0
-2585 0
-2584 1
-2583 1
-2582 0
-2581 0
-2580 0
-2579 0
-2578 0
-2577 1
-2576 0
-2575 0
-2574 0
-2573 0
-2572 0
-2571 0
-2570 0
-2569 0
-2568 0
-2567 0
-2566 0
-2565 0
-2564 0
-2563 0
-2562 0
-2561 0
-2560 0
-2559 0
-2558 1
-2557 0
-2556 0
-2555 0
-2554 0
-2553 0
-2552 0
-2551 0
-2550 0
-2549 0
-2548 0
-2547 2
-2546 0
-2545 0
-2544 0
-2543 0
-2542 0
-2541 0
-2540 0
-2539 0
-2538 0
-2537 0
-2536 0
-2535 0
-2534 0
-2533 0
-2532 0
-2531 0
-2530 0
-2529 0
-2528 0
-2527 0
-2526 0
-2525 0
-2524 1
-2523 0
-2522 0
-2521 0
-2520 0
-2519 0
-2518 0
-2517 0
-2516 0
-2515 0
-2514 0
-2513 0
-2512 0
-2511 0
-2510 0
-2509 0
-2508 0
-2507 0
-2506 0
-2505 0
-2504 0
-2503 0
-2502 0
-2501 0
-2500 0
-2499 0
-2498 1
-2497 0
-2496 0
-2495 0
-2494 0
-2493 0
-2492 1
-2491 0
-2490 0
-2489 0
-2488 0
-2487 0
-2486 0
-2485 0
-2484 1
-2483 0
-2482 0
-2481 0
-2480 0
-2479 0
-2478 0
-2477 1
-2476 0
-2475 0
-2474 0
-2473 0
-2472 0
-2471 0
-2470 1
-2469 1
-2468 1
-2467 0
-2466 2
-2465 0
-2464 0
-2463 1
-2462 0
-2461 0
-2460 0
-2459 0
-2458 0
-2457 0
-2456 0
-2455 0
-2454 0
-2453 1
-2452 0
-2451 0
-2450 0
-2449 1
-2448 0
-2447 1
-2446 0
-2445 0
-2444 0
-2443 0
-2442 0
-2441 1
-2440 0
-2439 0
-2438 0
-2437 0
-2436 0
-2435 0
-2434 0
-2433 0
-2432 1
-2431 0
-2430 0
-2429 0
-2428 0
-2427 2
-2426 1
-2425 0
-2424 1
-2423 1
-2422 0
-2421 0
-2420 1
-2419 0
-2418 0
-2417 0
-2416 0
-2415 0
-2414 1
-2413 0
-2412 1
-2411 1
-2410 0
-2409 0
-2408 0
-2407 0
-2406 0
-2405 0
-2404 1
-2403 0
-2402 1
-2401 0
-2400 0
-2399 0
-2398 0
-2397 0
-2396 0
-2395 0
-2394 1
-2393 0
-2392 0
-2391 0
-2390 0
-2389 0
-2388 0
-2387 0
-2386 0
-2385 0
-2384 1
-2383 1
-2382 1
-2381 0
-2380 0
-2379 0
-2378 1
-2377 0
-2376 0
-2375 1
-2374 0
-2373 2
-2372 0
-2371 3
-2370 0
-2369 1
-2368 0
-2367 0
-2366 1
-2365 0
-2364 0
-2363 0
-2362 0
-2361 0
-2360 1
-2359 0
-2358 0
-2357 0
-2356 0
-2355 0
-2354 0
-2353 0
-2352 0
-2351 0
-2350 0
-2349 0
-2348 0
-2347 0
-2346 0
-2345 0
-2344 1
-2343 1
-2342 0
-2341 0
-2340 1
-2339 0
-2338 0
-2337 0
-2336 0
-2335 0
-2334 0
-2333 0
-2332 0
-2331 1
-2330 0
-2329 0
-2328 0
-2327 0
-2326 0
-2325 1
-2324 1
-2323 1
-2322 0
-2321 0
-2320 0
-2319 1
-2318 0
-2317 0
-2316 0
-2315 0
-2314 0
-2313 1
-2312 0
-2311 1
-2310 0
-2309 1
-2308 0
-2307 1
-2306 0
-2305 0
-2304 0
-2303 0
-2302 0
-2301 0
-2300 1
-2299 0
-2298 0
-2297 0
-2296 0
-2295 1
-2294 1
-2293 0
-2292 0
-2291 0
-2290 0
-2289 0
-2288 0
-2287 0
-2286 0
-2285 2
-2284 1
-2283 0
-2282 1
-2281 1
-2280 0
-2279 1
-2278 1
-2277 0
-2276 0
-2275 2
-2274 2
-2273 0
-2272 0
-2271 2
-2270 1
-2269 1
-2268 1
-2267 0
-2266 1
-2265 0
-2264 0
-2263 0
-2262 0
-2261 1
-2260 0
-2259 1
-2258 0
-2257 0
-2256 0
-2255 0
-2254 1
-2253 0
-2252 1
-2251 1
-2250 1
-2249 1
-2248 0
-2247 0
-2246 0
-2245 0
-2244 1
-2243 1
-2242 1
-2241 0
-2240 0
-2239 0
-2238 2
-2237 0
-2236 0
-2235 0
-2234 0
-2233 0
-2232 0
-2231 0
-2230 0
-2229 4
-2228 0
-2227 0
-2226 0
-2225 2
-2224 0
-2223 0
-2222 0
-2221 0
-2220 0
-2219 0
-2218 0
-2217 1
-2216 0
-2215 0
-2214 0
-2213 0
-2212 1
-2211 0
-2210 1
-2209 0
-2208 0
-2207 0
-2206 0
-2205 0
-2204 1
-2203 0
-2202 1
-2201 1
-2200 1
-2199 1
-2198 1
-2197 0
-2196 0
-2195 0
-2194 0
-2193 0
-2192 1
-2191 1
-2190 1
-2189 0
-2188 1
-2187 0
-2186 2
-2185 0
-2184 0
-2183 0
-2182 0
-2181 0
-2180 1
-2179 0
-2178 0
-2177 0
-2176 1
-2175 0
-2174 0
-2173 0
-2172 1
-2171 1
-2170 2
-2169 0
-2168 0
-2167 0
-2166 1
-2165 2
-2164 0
-2163 1
-2162 0
-2161 1
-2160 0
-2159 0
-2158 1
-2157 0
-2156 1
-2155 0
-2154 0
-2153 1
-2152 1
-2151 0
-2150 1
-2149 0
-2148 0
-2147 1
-2146 0
-2145 0
-2144 0
-2143 3
-2142 1
-2141 2
-2140 0
-2139 1
-2138 1
-2137 3
-2136 0
-2135 0
-2134 1
-2133 0
-2132 1
-2131 0
-2130 0
-2129 1
-2128 0
-2127 1
-2126 0
-2125 0
-2124 0
-2123 0
-2122 2
-2121 0
-2120 0
-2119 0
-2118 1
-2117 5
-2116 0
-2115 1
-2114 1
-2113 1
-2112 0
-2111 0
-2110 1
-2109 2
-2108 3
-2107 1
-2106 0
-2105 0
-2104 0
-2103 0
-2102 2
-2101 2
-2100 2
-2099 0
-2098 1
-2097 1
-2096 0
-2095 1
-2094 0
-2093 1
-2092 0
-2091 1
-2090 1
-2089 2
-2088 0
-2087 1
-2086 0
-2085 1
-2084 0
-2083 2
-2082 0
-2081 0
-2080 1
-2079 0
-2078 0
-2077 3
-2076 1
-2075 3
-2074 1
-2073 1
-2072 1
-2071 0
-2070 1
-2069 1
-2068 0
-2067 1
-2066 0
-2065 0
-2064 3
-2063 0
-2062 1
-2061 2
-2060 0
-2059 2
-2058 1
-2057 1
-2056 0
-2055 0
-2054 0
-2053 0
-2052 1
-2051 3
-2050 0
-2049 0
-2048 3
-2047 0
-2046 0
-2045 0
-2044 0
-2043 0
-2042 1
-2041 1
-2040 1
-2039 0
-2038 0
-2037 0
-2036 2
-2035 0
-2034 1
-2033 0
-2032 1
-2031 1
-2030 1
-2029 1
-2028 0
-2027 1
-2026 2
-2025 2
-2024 2
-2023 2
-2022 2
-2021 1
-2020 0
-2019 1
-2018 0
-2017 0
-2016 2
-2015 0
-2014 0
-2013 1
-2012 0
-2011 1
-2010 1
-2009 1
-2008 1
-2007 2
-2006 3
-2005 2
-2004 2
-2003 2
-2002 0
-2001 3
-2000 2
-1999 0
-1998 2
-1997 0
-1996 0
-1995 2
-1994 1
-1993 2
-1992 0
-1991 1
-1990 3
-1989 0
-1988 2
-1987 1
-1986 0
-1985 0
-1984 1
-1983 0
-1982 2
-1981 0
-1980 1
-1979 3
-1978 1
-1977 1
-1976 1
-1975 1
-1974 0
-1973 1
-1972 2
-1971 1
-1970 2
-1969 1
-1968 0
-1967 0
-1966 3
-1965 0
-1964 2
-1963 3
-1962 3
-1961 1
-1960 1
-1959 2
-1958 0
-1957 1
-1956 2
-1955 3
-1954 2
-1953 2
-1952 0
-1951 2
-1950 1
-1949 1
-1948 0
-1947 0
-1946 1
-1945 1
-1944 1
-1943 1
-1942 1
-1941 1
-1940 0
-1939 0
-1938 1
-1937 1
-1936 0
-1935 0
-1934 3
-1933 1
-1932 1
-1931 0
-1930 1
-1929 0
-1928 1
-1927 3
-1926 0
-1925 3
-1924 3
-1923 0
-1922 1
-1921 1
-1920 0
-1919 1
-1918 2
-1917 2
-1916 4
-1915 2
-1914 1
-1913 1
-1912 1
-1911 2
-1910 1
-1909 2
-1908 1
-1907 2
-1906 1
-1905 1
-1904 2
-1903 2
-1902 1
-1901 4
-1900 1
-1899 1
-1898 2
-1897 0
-1896 0
-1895 0
-1894 1
-1893 2
-1892 3
-1891 0
-1890 0
-1889 0
-1888 4
-1887 1
-1886 2
-1885 0
-1884 0
-1883 0
-1882 0
-1881 4
-1880 0
-1879 2
-1878 2
-1877 3
-1876 2
-1875 1
-1874 2
-1873 0
-1872 3
-1871 0
-1870 2
-1869 0
-1868 2
-1867 4
-1866 0
-1865 2
-1864 3
-1863 3
-1862 1
-1861 1
-1860 1
-1859 3
-1858 1
-1857 3
-1856 1
-1855 4
-1854 2
-1853 3
-1852 2
-1851 2
-1850 2
-1849 2
-1848 3
-1847 1
-1846 3
-1845 2
-1844 1
-1843 1
-1842 1
-1841 0
-1840 3
-1839 1
-1838 2
-1837 3
-1836 3
-1835 2
-1834 3
-1833 1
-1832 2
-1831 3
-1830 0
-1829 0
-1828 1
-1827 4
-1826 0
-1825 1
-1824 2
-1823 1
-1822 3
-1821 6
-1820 1
-1819 1
-1818 4
-1817 4
-1816 2
-1815 1
-1814 2
-1813 2
-1812 3
-1811 2
-1810 5
-1809 0
-1808 0
-1807 5
-1806 4
-1805 3
-1804 1
-1803 2
-1802 2
-1801 1
-1800 3
-1799 1
-1798 5
-1797 2
-1796 3
-1795 4
-1794 4
-1793 2
-1792 3
-1791 3
-1790 2
-1789 3
-1788 2
-1787 2
-1786 1
-1785 2
-1784 3
-1783 3
-1782 4
-1781 3
-1780 3
-1779 5
-1778 2
-1777 2
-1776 2
-1775 3
-1774 3
-1773 4
-1772 1
-1771 2
-1770 2
-1769 1
-1768 2
-1767 2
-1766 0
-1765 1
-1764 3
-1763 2
-1762 1
-1761 3
-1760 0
-1759 3
-1758 0
-1757 0
-1756 3
-1755 3
-1754 2
-1753 0
-1752 3
-1751 4
-1750 0
-1749 4
-1748 1
-1747 1
-1746 2
-1745 5
-1744 1
-1743 1
-1742 3
-1741 3
-1740 0
-1739 1
-1738 0
-1737 4
-1736 5
-1735 1
-1734 3
-1733 3
-1732 1
-1731 2
-1730 0
-1729 2
-1728 3
-1727 1
-1726 3
-1725 3
-1724 2
-1723 3
-1722 1
-1721 3
-1720 2
-1719 2
-1718 2
-1717 8
-1716 2
-1715 3
-1714 1
-1713 4
-1712 3
-1711 5
-1710 3
-1709 1
-1708 4
-1707 2
-1706 2
-1705 2
-1704 3
-1703 3
-1702 3
-1701 1
-1700 1
-1699 2
-1698 1
-1697 5
-1696 3
-1695 4
-1694 0
-1693 3
-1692 6
-1691 5
-1690 3
-1689 2
-1688 3
-1687 1
-1686 4
-1685 1
-1684 4
-1683 2
-1682 3
-1681 2
-1680 2
-1679 3
-1678 1
-1677 4
-1676 3
-1675 4
-1674 2
-1673 7
-1672 3
-1671 1
-1670 2
-1669 1
-1668 3
-1667 3
-1666 1
-1665 5
-1664 3
-1663 3
-1662 5
-1661 4
-1660 5
-1659 5
-1658 3
-1657 1
-1656 2
-1655 2
-1654 6
-1653 1
-1652 9
-1651 4
-1650 7
-1649 4
-1648 1
-1647 2
-1646 2
-1645 4
-1644 4
-1643 0
-1642 5
-1641 4
-1640 3
-1639 2
-1638 4
-1637 5
-1636 4
-1635 5
-1634 6
-1633 2
-1632 5
-1631 6
-1630 3
-1629 7
-1628 3
-1627 4
-1626 2
-1625 1
-1624 3
-1623 12
-1622 6
-1621 3
-1620 2
-1619 3
-1618 3
-1617 5
-1616 5
-1615 2
-1614 1
-1613 3
-1612 3
-1611 6
-1610 3
-1609 2
-1608 3
-1607 4
-1606 8
-1605 3
-1604 2
-1603 6
-1602 5
-1601 9
-1600 0
-1599 4
-1598 5
-1597 5
-1596 2
-1595 6
-1594 10
-1593 11
-1592 5
-1591 5
-1590 7
-1589 5
-1588 5
-1587 3
-1586 3
-1585 1
-1584 2
-1583 8
-1582 4
-1581 3
-1580 1
-1579 1
-1578 6
-1577 6
-1576 1
-1575 5
-1574 4
-1573 4
-1572 5
-1571 6
-1570 6
-1569 4
-1568 3
-1567 3
-1566 3
-1565 5
-1564 4
-1563 6
-1562 5
-1561 11
-1560 6
-1559 5
-1558 3
-1557 10
-1556 3
-1555 4
-1554 7
-1553 2
-1552 1
-1551 6
-1550 4
-1549 4
-1548 6
-1547 8
-1546 2
-1545 5
-1544 6
-1543 3
-1542 7
-1541 4
-1540 6
-1539 9
-1538 4
-1537 9
-1536 4
-1535 8
-1534 7
-1533 12
-1532 3
-1531 4
-1530 7
-1529 10
-1528 3
-1527 5
-1526 7
-1525 10
-1524 3
-1523 8
-1522 7
-1521 6
-1520 8
-1519 5
-1518 6
-1517 8
-1516 4
-1515 7
-1514 10
-1513 6
-1512 5
-1511 6
-1510 7
-1509 7
-1508 3
-1507 5
-1506 4
-1505 5
-1504 5
-1503 2
-1502 10
-1501 8
-1500 4
-1499 10
-1498 11
-1497 7
-1496 5
-1495 6
-1494 14
-1493 6
-1492 7
-1491 8
-1490 7
-1489 2
-1488 5
-1487 4
-1486 8
-1485 3
-1484 6
-1483 8
-1482 3
-1481 10
-1480 6
-1479 7
-1478 10
-1477 8
-1476 3
-1475 9
-1474 6
-1473 4
-1472 8
-1471 6
-1470 6
-1469 6
-1468 9
-1467 12
-1466 11
-1465 5
-1464 4
-1463 5
-1462 6
-1461 7
-1460 4
-1459 3
-1458 7
-1457 6
-1456 6
-1455 10
-1454 10
-1453 2
-1452 1
-1451 9
-1450 5
-1449 6
-1448 7
-1447 11
-1446 11
-1445 12
-1444 6
-1443 12
-1442 12
-1441 14
-1440 8
-1439 9
-1438 9
-1437 7
-1436 7
-1435 9
-1434 7
-1433 11
-1432 7
-1431 6
-1430 9
-1429 7
-1428 11
-1427 10
-1426 10
-1425 8
-1424 12
-1423 9
-1422 9
-1421 6
-1420 8
-1419 9
-1418 9
-1417 8
-1416 9
-1415 11
-1414 10
-1413 11
-1412 8
-1411 8
-1410 8
-1409 8
-1408 9
-1407 7
-1406 9
-1405 6
-1404 12
-1403 6
-1402 6
-1401 14
-1400 11
-1399 10
-1398 14
-1397 5
-1396 13
-1395 12
-1394 7
-1393 4
-1392 7
-1391 9
-1390 15
-1389 11
-1388 11
-1387 15
-1386 7
-1385 11
-1384 7
-1383 13
-1382 9
-1381 9
-1380 4
-1379 4
-1378 5
-1377 9
-1376 13
-1375 4
-1374 7
-1373 17
-1372 8
-1371 13
-1370 7
-1369 12
-1368 8
-1367 8
-1366 11
-1365 12
-1364 6
-1363 8
-1362 13
-1361 12
-1360 12
-1359 6
-1358 23
-1357 16
-1356 17
-1355 17
-1354 14
-1353 12
-1352 11
-1351 5
-1350 6
-1349 12
-1348 14
-1347 14
-1346 17
-1345 11
-1344 6
-1343 13
-1342 10
-1341 15
-1340 20
-1339 13
-1338 6
-1337 14
-1336 11
-1335 10
-1334 16
-1333 13
-1332 9
-1331 9
-1330 11
-1329 15
-1328 12
-1327 14
-1326 10
-1325 11
-1324 10
-1323 14
-1322 16
-1321 10
-1320 8
-1319 8
-1318 7
-1317 11
-1316 18
-1315 11
-1314 22
-1313 8
-1312 15
-1311 14
-1310 9
-1309 17
-1308 13
-1307 20
-1306 13
-1305 12
-1304 12
-1303 14
-1302 14
-1301 17
-1300 8
-1299 20
-1298 16
-1297 17
-1296 18
-1295 18
-1294 12
-1293 12
-1292 7
-1291 14
-1290 12
-1289 19
-1288 10
-1287 6
-1286 18
-1285 11
-1284 10
-1283 18
-1282 13
-1281 16
-1280 13
-1279 14
-1278 14
-1277 14
-1276 14
-1275 14
-1274 10
-1273 20
-1272 14
-1271 15
-1270 12
-1269 10
-1268 15
-1267 25
-1266 15
-1265 17
-1264 15
-1263 16
-1262 18
-1261 18
-1260 10
-1259 9
-1258 12
-1257 15
-1256 14
-1255 11
-1254 14
-1253 15
-1252 13
-1251 15
-1250 20
-1249 17
-1248 14
-1247 15
-1246 14
-1245 19
-1244 11
-1243 21
-1242 20
-1241 14
-1240 15
-1239 14
-1238 24
-1237 21
-1236 13
-1235 15
-1234 16
-1233 14
-1232 14
-1231 12
-1230 18
-1229 12
-1228 19
-1227 12
-1226 15
-1225 20
-1224 14
-1223 21
-1222 20
-1221 20
-1220 19
-1219 17
-1218 18
-1217 20
-1216 16
-1215 11
-1214 13
-1213 20
-1212 18
-1211 24
-1210 21
-1209 25
-1208 18
-1207 24
-1206 23
-1205 21
-1204 21
-1203 19
-1202 21
-1201 21
-1200 18
-1199 19
-1198 21
-1197 16
-1196 25
-1195 17
-1194 23
-1193 15
-1192 33
-1191 22
-1190 15
-1189 22
-1188 18
-1187 16
-1186 28
-1185 21
-1184 20
-1183 22
-1182 25
-1181 15
-1180 21
-1179 12
-1178 36
-1177 13
-1176 28
-1175 13
-1174 22
-1173 18
-1172 18
-1171 22
-1170 13
-1169 26
-1168 24
-1167 16
-1166 20
-1165 15
-1164 21
-1163 23
-1162 24
-1161 21
-1160 20
-1159 14
-1158 22
-1157 18
-1156 19
-1155 19
-1154 21
-1153 27
-1152 22
-1151 24
-1150 23
-1149 21
-1148 29
-1147 27
-1146 18
-1145 20
-1144 28
-1143 21
-1142 36
-1141 24
-1140 24
-1139 23
-1138 22
-1137 32
-1136 25
-1135 15
-1134 32
-1133 34
-1132 30
-1131 25
-1130 32
-1129 18
-1128 28
-1127 27
-1126 22
-1125 21
-1124 24
-1123 23
-1122 36
-1121 21
-1120 17
-1119 36
-1118 32
-1117 24
-1116 30
-1115 37
-1114 21
-1113 22
-1112 21
-1111 30
-1110 21
-1109 46
-1108 30
-1107 31
-1106 40
-1105 22
-1104 38
-1103 29
-1102 38
-1101 30
-1100 32
-1099 25
-1098 31
-1097 21
-1096 22
-1095 23
-1094 31
-1093 36
-1092 26
-1091 28
-1090 30
-1089 33
-1088 27
-1087 25
-1086 36
-1085 26
-1084 37
-1083 32
-1082 34
-1081 34
-1080 39
-1079 35
-1078 31
-1077 27
-1076 31
-1075 24
-1074 28
-1073 32
-1072 31
-1071 33
-1070 24
-1069 33
-1068 32
-1067 25
-1066 37
-1065 32
-1064 38
-1063 41
-1062 31
-1061 34
-1060 34
-1059 45
-1058 40
-1057 24
-1056 37
-1055 25
-1054 38
-1053 29
-1052 42
-1051 40
-1050 39
-1049 31
-1048 33
-1047 45
-1046 34
-1045 31
-1044 32
-1043 41
-1042 38
-1041 32
-1040 40
-1039 33
-1038 34
-1037 30
-1036 34
-1035 27
-1034 33
-1033 40
-1032 40
-1031 37
-1030 39
-1029 36
-1028 34
-1027 42
-1026 43
-1025 31
-1024 33
-1023 35
-1022 33
-1021 41
-1020 37
-1019 32
-1018 60
-1017 39
-1016 45
-1015 39
-1014 43
-1013 53
-1012 45
-1011 38
-1010 40
-1009 47
-1008 43
-1007 39
-1006 35
-1005 32
-1004 41
-1003 40
-1002 41
-1001 44
-1000 34
-999 41
-998 48
-997 44
-996 33
-995 35
-994 32
-993 55
-992 33
-991 45
-990 43
-989 54
-988 49
-987 47
-986 48
-985 63
-984 34
-983 61
-982 40
-981 47
-980 57
-979 41
-978 51
-977 48
-976 36
-975 55
-974 54
-973 49
-972 61
-971 50
-970 56
-969 45
-968 51
-967 58
-966 52
-965 48
-964 56
-963 47
-962 65
-961 43
-960 54
-959 55
-958 52
-957 44
-956 51
-955 55
-954 61
-953 49
-952 50
-951 58
-950 42
-949 53
-948 45
-947 53
-946 39
-945 42
-944 59
-943 50
-942 60
-941 60
-940 52
-939 60
-938 48
-937 53
-936 57
-935 49
-934 55
-933 57
-932 65
-931 56
-930 61
-929 45
-928 67
-927 49
-926 68
-925 70
-924 54
-923 44
-922 60
-921 48
-920 67
-919 54
-918 56
-917 58
-916 53
-915 64
-914 58
-913 77
-912 64
-911 65
-910 55
-909 64
-908 51
-907 62
-906 60
-905 64
-904 56
-903 57
-902 66
-901 71
-900 56
-899 62
-898 61
-897 65
-896 70
-895 59
-894 57
-893 47
-892 74
-891 71
-890 66
-889 73
-888 68
-887 62
-886 66
-885 60
-884 69
-883 76
-882 67
-881 63
-880 72
-879 64
-878 65
-877 70
-876 76
-875 68
-874 63
-873 54
-872 91
-871 84
-870 59
-869 64
-868 70
-867 82
-866 67
-865 66
-864 63
-863 80
-862 85
-861 76
-860 85
-859 81
-858 78
-857 79
-856 73
-855 72
-854 73
-853 59
-852 64
-851 96
-850 88
-849 75
-848 82
-847 74
-846 66
-845 67
-844 93
-843 79
-842 86
-841 88
-840 83
-839 83
-838 81
-837 79
-836 71
-835 76
-834 85
-833 73
-832 82
-831 78
-830 100
-829 80
-828 105
-827 96
-826 87
-825 98
-824 102
-823 109
-822 97
-821 101
-820 93
-819 96
-818 73
-817 105
-816 105
-815 96
-814 81
-813 82
-812 101
-811 92
-810 84
-809 101
-808 101
-807 101
-806 83
-805 94
-804 92
-803 97
-802 104
-801 83
-800 105
-799 92
-798 92
-797 97
-796 105
-795 89
-794 96
-793 99
-792 97
-791 90
-790 119
-789 100
-788 111
-787 88
-786 106
-785 117
-784 92
-783 99
-782 103
-781 107
-780 100
-779 99
-778 99
-777 106
-776 118
-775 117
-774 106
-773 122
-772 117
-771 111
-770 99
-769 107
-768 108
-767 110
-766 139
-765 104
-764 95
-763 132
-762 106
-761 104
-760 135
-759 136
-758 113
-757 121
-756 116
-755 121
-754 124
-753 118
-752 121
-751 114
-750 120
-749 113
-748 131
-747 123
-746 119
-745 122
-744 118
-743 111
-742 118
-741 104
-740 117
-739 122
-738 120
-737 124
-736 118
-735 143
-734 131
-733 141
-732 128
-731 126
-730 126
-729 134
-728 131
-727 135
-726 132
-725 148
-724 148
-723 115
-722 149
-721 123
-720 121
-719 139
-718 156
-717 134
-716 127
-715 137
-714 146
-713 145
-712 156
-711 153
-710 145
-709 153
-708 144
-707 153
-706 157
-705 147
-704 163
-703 141
-702 155
-701 155
-700 177
-699 158
-698 140
-697 184
-696 133
-695 163
-694 162
-693 171
-692 165
-691 148
-690 176
-689 172
-688 163
-687 166
-686 158
-685 163
-684 180
-683 177
-682 187
-681 155
-680 165
-679 140
-678 164
-677 161
-676 170
-675 171
-674 182
-673 148
-672 194
-671 188
-670 185
-669 188
-668 189
-667 165
-666 173
-665 183
-664 174
-663 186
-662 157
-661 169
-660 207
-659 188
-658 185
-657 166
-656 201
-655 199
-654 182
-653 185
-652 191
-651 192
-650 197
-649 175
-648 205
-647 191
-646 203
-645 190
-644 201
-643 215
-642 193
-641 212
-640 227
-639 221
-638 207
-637 207
-636 208
-635 210
-634 201
-633 212
-632 208
-631 219
-630 222
-629 230
-628 216
-627 242
-626 227
-625 195
-624 195
-623 259
-622 226
-621 209
-620 264
-619 239
-618 247
-617 236
-616 239
-615 236
-614 227
-613 215
-612 241
-611 228
-610 242
-609 232
-608 225
-607 252
-606 280
-605 238
-604 249
-603 254
-602 269
-601 228
-600 240
-599 239
-598 276
-597 285
-596 237
-595 242
-594 278
-593 242
-592 267
-591 247
-590 267
-589 292
-588 257
-587 291
-586 269
-585 271
-584 301
-583 283
-582 281
-581 281
-580 279
-579 285
-578 266
-577 269
-576 295
-575 264
-574 290
-573 326
-572 300
-571 314
-570 301
-569 304
-568 278
-567 297
-566 319
-565 301
-564 283
-563 308
-562 326
-561 318
-560 295
-559 287
-558 334
-557 341
-556 329
-555 294
-554 310
-553 320
-552 337
-551 310
-550 352
-549 317
-548 327
-547 341
-546 361
-545 353
-544 378
-543 345
-542 347
-541 344
-540 372
-539 324
-538 369
-537 339
-536 330
-535 345
-534 374
-533 396
-532 381
-531 356
-530 353
-529 356
-528 374
-527 372
-526 332
-525 374
-524 355
-523 389
-522 418
-521 430
-520 391
-519 345
-518 378
-517 436
-516 397
-515 393
-514 404
-513 411
-512 389
-511 421
-510 397
-509 410
-508 462
-507 460
-506 446
-505 449
-504 436
-503 421
-502 444
-501 455
-500 388
-499 432
-498 443
-497 449
-496 439
-495 479
-494 459
-493 461
-492 437
-491 458
-490 465
-489 469
-488 500
-487 462
-486 479
-485 476
-484 517
-483 506
-482 478
-481 484
-480 485
-479 487
-478 470
-477 510
-476 542
-475 521
-474 549
-473 506
-472 509
-471 529
-470 540
-469 494
-468 540
-467 570
-466 534
-465 555
-464 634
-463 559
-462 562
-461 546
-460 603
-459 552
-458 564
-457 564
-456 553
-455 590
-454 574
-453 624
-452 615
-451 575
-450 662
-449 601
-448 604
-447 633
-446 605
-445 633
-444 592
-443 621
-442 654
-441 651
-440 637
-439 645
-438 657
-437 627
-436 704
-435 716
-434 655
-433 737
-432 702
-431 723
-430 711
-429 625
-428 715
-427 694
-426 731
-425 667
-424 736
-423 759
-422 740
-421 737
-420 756
-419 788
-418 731
-417 788
-416 791
-415 784
-414 783
-413 759
-412 769
-411 768
-410 807
-409 808
-408 790
-407 788
-406 770
-405 872
-404 843
-403 820
-402 836
-401 802
-400 848
-399 872
-398 884
-397 899
-396 873
-395 900
-394 893
-393 838
-392 934
-391 982
-390 934
-389 1019
-388 905
-387 952
-386 941
-385 919
-384 960
-383 952
-382 983
-381 1002
-380 995
-379 972
-378 1062
-377 1043
-376 1017
-375 1029
-374 1096
-373 1024
-372 1019
-371 1056
-370 1068
-369 1072
-368 1090
-367 1078
-366 1132
-365 1121
-364 1134
-363 1151
-362 1127
-361 1105
-360 1139
-359 1122
-358 1148
-357 1160
-356 1184
-355 1241
-354 1200
-353 1199
-352 1231
-351 1273
-350 1190
-349 1282
-348 1319
-347 1301
-346 1270
-345 1310
-344 1285
-343 1313
-342 1313
-341 1292
-340 1328
-339 1334
-338 1400
-337 1440
-336 1416
-335 1374
-334 1396
-333 1359
-332 1448
-331 1413
-330 1457
-329 1524
-328 1478
-327 1508
-326 1548
-325 1520
-324 1509
-323 1539
-322 1544
-321 1595
-320 1648
-319 1633
-318 1675
-317 1616
-316 1704
-315 1681
-314 1662
-313 1739
-312 1668
-311 1781
-310 1661
-309 1744
-308 1746
-307 1787
-306 1749
-305 1875
-304 1827
-303 1825
-302 1911
-301 1875
-300 1927
-299 1911
-298 1978
-297 1966
-296 2044
-295 2003
-294 2013
-293 2102
-292 1987
-291 2055
-290 2111
-289 2077
-288 2093
-287 2152
-286 2191
-285 2206
-284 2185
-283 2202
-282 2262
-281 2231
-280 2374
-279 2247
-278 2386
-277 2325
-276 2437
-275 2365
-274 2504
-273 2459
-272 2552
-271 2500
-270 2539
-269 2539
-268 2602
-267 2614
-266 2599
-265 2655
-264 2612
-263 2780
-262 2663
-261 2793
-260 2826
-259 2818
-258 2908
-257 2841
-256 2895
-255 2918
-254 2892
-253 3015
-252 3037
-251 2946
-250 3063
-249 3110
-248 3148
-247 3190
-246 3185
-245 3246
-244 3285
-243 3375
-242 3370
-241 3409
-240 3511
-239 3435
-238 3535
-237 3595
-236 3762
-235 3700
-234 3702
-233 3734
-232 3721
-231 3765
-230 3933
-229 3867
-228 4057
-227 4086
-226 4051
-225 3968
-224 4132
-223 4177
-222 4338
-221 4346
-220 4355
-219 4438
-218 4540
-217 4479
-216 4489
-215 4655
-214 4713
-213 4825
-212 4809
-211 4869
-210 4835
-209 5023
-208 5053
-207 5178
-206 5137
-205 5239
-204 5368
-203 5391
-202 5441
-201 5519
-200 5503
-199 5613
-198 5603
-197 5778
-196 5787
-195 5944
-194 5938
-193 6192
-192 6140
-191 6284
-190 6437
-189 6425
-188 6610
-187 6597
-186 6794
-185 6864
-184 7025
-183 7107
-182 7146
-181 7316
-180 7467
-179 7367
-178 7658
-177 7821
-176 7739
-175 7989
-174 8037
-173 8073
-172 8235
-171 8356
-170 8565
-169 8644
-168 9038
-167 8900
-166 9221
-165 9168
-164 9432
-163 9526
-162 9703
-161 9751
-160 9890
-159 10211
-158 10321
-157 10490
-156 10831
-155 10821
-154 10921
-153 11164
-152 11353
-151 11537
-150 11439
-149 11840
-148 12373
-147 12080
-146 12540
-145 12748
-144 13072
-143 13309
-142 13457
-141 13899
-140 14016
-139 14281
-138 14867
-137 14640
-136 15162
-135 15312
-134 15522
-133 15755
-132 16248
-131 16567
-130 16859
-129 17188
-128 17587
-127 17847
-126 17939
-125 18471
-124 18809
-123 19532
-122 19548
-121 20087
-120 20575
-119 21144
-118 21558
-117 21991
-116 22264
-115 22875
-114 23455
-113 24000
-112 24505
-111 24968
-110 25550
-109 26101
-108 26848
-107 27158
-106 28049
-105 28958
-104 29370
-103 29896
-102 30872
-101 31853
-100 32511
-99 33354
-98 34474
-97 34975
-96 35919
-95 36867
-94 37577
-93 39101
-92 39660
-91 41073
-90 42144
-89 43067
-88 44585
-87 46255
-86 46916
-85 48635
-84 50304
-83 51708
-82 53288
-81 54702
-80 56647
-79 58305
-78 60107
-77 61842
-76 64549
-75 66040
-74 67985
-73 70713
-72 73574
-71 75741
-70 78536
-69 80686
-68 84464
-67 87729
-66 90313
-65 93651
-64 98193
-63 101479
-62 105321
-61 109863
-60 114028
-59 119230
-58 123744
-57 129718
-56 135558
-55 141860
-54 147878
-53 154939
-52 162837
-51 169214
-50 177452
-49 186104
-48 196729
-47 206195
-46 217940
-45 228636
-44 242042
-43 254996
-42 270152
-41 286256
-40 303245
-39 321678
-38 343188
-37 365132
-36 388609
-35 414870
-34 444589
-33 475828
-32 512112
-31 551758
-30 594724
-29 645076
-28 698451
-27 756047
-26 823617
-25 901496
-24 989094
-23 1086980
-22 1199881
-21 1330580
-20 1482389
-19 1660699
-18 1864819
-17 2115646
-16 2411846
-15 2773986
-14 3213161
-13 3767711
-12 4462679
-11 5361686
-10 6546036
-9 8140144
-8 10362850
-7 13575149
-6 18432383
-5 26245305
-4 40322911
-3 70883333
-2 142932886
-1 612006099
0 0
1 612011524
2 142918456
3 70885330
4 40324761
5 26239339
6 18436486
7 13576677
8 10369258
9 8141955
10 6549910
11 5363359
12 4464748
13 3766158
14 3211684
15 2769900
16 2411928
17 2112424
18 1865094
19 1659054
20 1481248
21 1328953
22 1199154
23 1087761
24 988616
25 901526
26 826481
27 759031
28 698399
29 644210
30 596182
31 552049
32 511661
33 476283
34 444388
35 415910
36 388536
37 364909
38 342242
39 322031
40 302778
41 286414
42 269058
43 255681
44 240837
45 229337
46 216805
47 205952
48 196501
49 186690
50 177554
51 170275
52 162153
53 153989
54 146685
55 141269
56 135281
57 129558
58 123721
59 118826
60 114682
61 110365
62 105597
63 101442
64 97947
65 94443
66 90293
67 87546
68 84264
69 81550
70 78977
71 76044
72 73495
73 70702
74 68341
75 66546
76 64150
77 62117
78 59965
79 58022
80 56609
81 54698
82 53289
83 51542
84 49925
85 48487
86 47413
87 45931
88 44480
89 43203
90 42165
91 41119
92 39766
93 39048
94 37596
95 37062
96 36020
97 35043
98 34185
99 33374
100 32327
101 31715
102 31147
103 30332
104 29221
105 28447
106 28046
107 27292
108 26753
109 26208
110 25557
111 25077
112 24464
113 24065
114 23647
115 22947
116 22556
117 21865
118 21590
119 20873
120 20498
121 20181
122 19846
123 19405
124 18979
125 18532
126 18031
127 17827
128 17689
129 17021
130 16724
131 16606
132 16103
133 15907
134 15718
135 15227
136 15336
137 14756
138 14665
139 14261
140 13915
141 13620
142 13571
143 13203
144 12926
145 12730
146 12780
147 12331
148 12214
149 11885
150 11598
151 11654
152 11307
153 11059
154 10783
155 10719
156 10728
157 10560
158 10280
159 10026
160 9889
161 9839
162 9594
163 9683
164 9504
165 9337
166 9004
167 8883
168 8758
169 8695
170 8613
171 8144
172 8264
173 8139
174 7904
175 7932
176 7798
177 7710
178 7581
179 7390
180 7404
181 7221
182 7096
183 7008
184 7029
185 6928
186 6851
187 6527
188 6490
189 6587
190 6240
191 6523
192 6126
193 6025
194 6049
195 5855
196 5907
197 5891
198 5659
199 5694
200 5566
201 5606
202 5453
203 5443
204 5271
205 5184
206 5154
207 5172
208 5080
209 5033
210 4907
211 4898
212 4668
213 4692
214 4878
215 4466
216 4662
217 4515
218 4590
219 4472
220 4281
221 4199
222 4154
223 4315
224 4255
225 3942
226 4095
227 4048
228 3902
229 3906
230 3902
231 3871
232 3813
233 3683
234 3745
235 3726
236 3598
237 3449
238 3507
239 3551
240 3479
241 3431
242 3361
243 3361
244 3273
245 3280
246 3297
247 3117
248 3095
249 3148
250 3124
251 3062
252 3019
253 3073
254 2861
255 2944
256 2944
257 2896
258 2889
259 2775
260 2871
261 2734
262 2718
263 2714
264 2710
265 2629
266 2670
267 2591
268 2503
269 2685
270 2519
271 2493
272 2447
273 2476
274 2470
275 2460
276 2266
277 2233
278 2431
279 2394
280 2241
281 2267
282 2231
283 2226
284 2242
285 2206
286 2211
287 2129
288 2185
289 2171
290 2056
291 2041
292 2032
293 2067
294 1952
295 1979
296 1999
297 1928
298 1987
299 1933
300 1949
301 1794
302 1890
303 1860
304 1803
305 1849
306 1793
307 1775
308 1701
309 1717
310 1858
311 1709
312 1676
313 1730
314 1675
315 1654
316 1732
317 1604
318 1620
319 1627
320 1661
321 1537
322 1512
323 1603
324 1613
325 1492
326 1447
327 1563
328 1423
329 1500
330 1391
331 1476
332 1362
333 1424
334 1427
335 1301
336 1465
337 1429
338 1411
339 1398
340 1359
341 1356
342 1346
343 1338
344 1288
345 1261
346 1252
347 1248
348 1242
349 1298
350 1287
351 1253
352 1179
353 1207
354 1173
355 1116
356 1155
357 1171
358 1141
359 1205
360 1133
361 1097
362 1117
363 1106
364 1122
365 1098
366 1112
367 1056
368 1080
369 1093
370 1099
371 1078
372 1032
373 1084
374 1069
375 1055
376 1070
377 1036
378 1009
379 1011
380 942
381 999
382 947
383 1023
384 966
385 903
386 945
387 967
388 942
389 928
390 974
391 862
392 897
393 898
394 943
395 927
396 867
397 818
398 876
399 862
400 880
401 861
402 877
403 849
404 833
405 784
406 785
407 821
408 830
409 810
410 738
411 765
412 758
413 759
414 719
415 783
416 779
417 739
418 733
419 750
420 716
421 716
422 745
423 761
424 727
425 791
426 698
427 710
428 724
429 731
430 688
431 692
432 646
433 694
434 646
435 669
436 635
437 671
438 630
439 666
440 643
441 657
442 646
443 651
444 660
445 637
446 655
447 643
448 582
449 585
450 626
451 601
452 640
453 601
454 574
455 561
456 604
457 583
458 557
459 570
460 545
461 531
462 526
463 549
464 566
465 547
466 559
467 518
468 566
469 503
470 577
471 526
472 508
473 509
474 499
475 533
476 543
477 504
478 489
479 530
480 496
481 514
482 502
483 505
484 484
485 442
486 447
487 476
488 444
489 457
490 458
491 443
492 478
493 459
494 448
495 435
496 485
497 482
498 434
499 488
500 439
501 432
502 459
503 434
504 444
505 429
506 440
507 445
508 426
509 452
510 401
511 409
512 440
513 435
514 390
515 377
516 360
517 364
518 424
519 397
520 411
521 398
522 429
523 388
524 385
525 401
526 381
527 352
528 359
529 389
530 372
531 366
532 377
533 380
534 351
535 384
536 355
537 342
538 350
539 343
540 348
541 309
542 328
543 379
544 353
545 378
546 358
547 331
548 320
549 344
550 369
551 330
552 311
553 326
554 306
555 316
556 298
557 323
558 357
559 336
560 318
561 329
562 327
563 304
564 297
565 316
566 301
567 269
568 306
569 323
570 285
571 299
572 306
573 286
574 277
575 303
576 288
577 293
578 286
579 273
580 270
581 280
582 270
583 260
584 285
585 255
586 264
587 270
588 245
589 252
590 253
591 262
592 264
593 276
594 281
595 230
596 241
597 271
598 255
599 273
600 237
601 222
602 218
603 249
604 254
605 254
606 227
607 259
608 244
609 258
610 263
611 232
612 244
613 216
614 228
615 231
616 246
617 213
618 228
619 237
620 239
621 214
622 228
623 209
624 246
625 207
626 215
627 200
628 209
629 227
630 197
631 220
632 227
633 202
634 213
635 182
636 176
637 169
638 209
639 190
640 228
641 192
642 207
643 193
644 182
645 184
646 204
647 200
648 183
649 181
650 198
651 188
652 186
653 175
654 203
655 182
656 178
657 227
658 168
659 216
660 170
661 185
662 179
663 185
664 189
665 159
666 201
667 164
668 167
669 157
670 169
671 168
672 175
673 181
674 168
675 184
676 162
677 158
678 177
679 161
680 158
681 190
682 174
683 151
684 170
685 165
686 170
687 146
688 161
689 170
690 142
691 148
692 161
693 151
694 150
695 188
696 146
697 152
698 183
699 156
700 144
701 154
702 165
703 150
704 140
705 145
706 131
707 146
708 135
709 145
710 152
711 180
712 151
713 150
714 153
715 156
716 146
717 135
718 134
719 138
720 129
721 161
722 131
723 121
724 147
725 146
726 132
727 121
728 133
729 142
730 130
731 139
732 133
733 112
734 129
735 150
736 133
737 129
738 109
739 134
740 118
741 134
742 107
743 146
744 139
745 129
746 135
747 115
748 126
749 111
750 119
751 117
752 142
753 119
754 123
755 95
756 125
757 132
758 124
759 108
760 107
761 124
762 117
763 122
764 130
765 106
766 109
767 127
768 129
769 128
770 107
771 94
772 105
773 103
774 120
775 99
776 115
777 97
778 100
779 102
780 89
781 104
782 92
783 110
784 112
785 118
786 92
787 105
788 108
789 120
790 103
791 94
792 88
793 94
794 93
795 91
796 100
797 110
798 89
799 109
800 103
801 90
802 99
803 79
804 92
805 106
806 84
807 90
808 107
809 111
810 72
811 85
812 99
813 75
814 92
815 83
816 95
817 110
818 91
819 83
820 80
821 80
822 89
823 77
824 89
825 89
826 100
827 95
828 80
829 85
830 88
831 77
832 82
833 71
834 78
835 79
836 68
837 91
838 62
839 86
840 83
841 89
842 88
843 81
844 71
845 87
846 89
847 77
848 87
849 79
850 77
851 66
852 92
853 82
854 72
855 76
856 83
857 65
858 83
859 81
860 84
861 76
862 84
863 93
864 56
865 72
866 79
867 53
868 73
869 76
870 79
871 85
872 62
873 67
874 72
875 69
876 73
877 76
878 74
879 76
880 51
881 77
882 65
883 57
884 60
885 58
886 61
887 89
888 79
889 65
890 74
891 72
892 67
893 69
894 72
895 57
896 60
897 49
898 74
899 58
900 64
901 68
902 68
903 66
904 56
905 57
906 54
907 72
908 67
909 52
910 62
911 57
912 64
913 58
914 72
915 77
916 53
917 38
918 64
919 58
920 60
921 40
922 59
923 63
924 47
925 75
926 54
927 55
928 51
929 60
930 51
931 57
932 53
933 55
934 52
935 55
936 59
937 59
938 62
939 57
940 42
941 52
942 45
943 46
944 57
945 45
946 48
947 63
948 40
949 53
950 53
951 57
952 66
953 67
954 60
955 51
956 55
957 63
958 58
959 46
960 56
961 38
962 49
963 34
964 49
965 53
966 53
967 47
968 56
969 44
970 51
971 46
972 37
973 45
974 62
975 46
976 49
977 62
978 49
979 44
980 58
981 52
982 41
983 54
984 39
985 61
986 49
987 38
988 40
989 49
990 39
991 39
992 51
993 43
994 44
995 43
996 46
997 56
998 42
999 43
1000 39
1001 50
1002 53
1003 40
1004 47
1005 41
1006 36
1007 27
1008 39
1009 47
1010 36
1011 39
1012 39
1013 25
1014 35
1015 47
1016 39
1017 43
1018 37
1019 42
1020 39
1021 38
1022 39
1023 36
1024 39
1025 51
1026 47
1027 25
1028 38
1029 44
1030 30
1031 35
1032 51
1033 32
1034 39
1035 30
1036 32
1037 41
1038 36
1039 38
1040 39
1041 46
1042 42
1043 37
1044 36
1045 27
1046 40
1047 27
1048 37
1049 46
1050 38
1051 40
1052 32
1053 52
1054 40
1055 35
1056 44
1057 29
1058 35
1059 21
1060 42
1061 35
1062 39
1063 35
1064 29
1065 34
1066 39
1067 33
1068 30
1069 32
1070 29
1071 26
1072 31
1073 31
1074 33
1075 35
1076 43
1077 27
1078 32
1079 30
1080 32
1081 30
1082 21
1083 23
1084 28
1085 20
1086 22
1087 32
1088 38
1089 25
1090 25
1091 37
1092 29
1093 24
1094 27
1095 24
1096 32
1097 31
1098 27
1099 32
1100 20
1101 29
1102 28
1103 25
1104 31
1105 20
1106 26
1107 36
1108 44
1109 31
1110 36
1111 29
1112 35
1113 42
1114 24
1115 34
1116 33
1117 26
1118 33
1119 26
1120 23
1121 31
1122 25
1123 20
1124 28
1125 32
1126 29
1127 29
1128 31
1129 27
1130 17
1131 29
1132 32
1133 32
1134 28
1135 26
1136 26
1137 24
1138 27
1139 29
1140 24
1141 26
1142 27
1143 31
1144 20
1145 21
1146 21
1147 29
1148 17
1149 25
1150 22
1151 19
1152 27
1153 28
1154 32
1155 27
1156 15
1157 19
1158 21
1159 21
1160 25
1161 23
1162 29
1163 26
1164 21
1165 20
1166 26
1167 21
1168 20
1169 30
1170 31
1171 25
1172 19
1173 21
1174 32
1175 28
1176 24
1177 20
1178 21
1179 19
1180 28
1181 24
1182 16
1183 27
1184 22
1185 15
1186 19
1187 16
1188 16
1189 20
1190 17
1191 18
1192 15
1193 25
1194 19
1195 16
1196 16
1197 25
1198 20
1199 14
1200 16
1201 17
1202 29
1203 27
1204 24
1205 13
1206 19
1207 17
1208 24
1209 22
1210 18
1211 24
1212 20
1213 19
1214 17
1215 21
1216 21
1217 19
1218 16
1219 27
1220 22
1221 17
1222 24
1223 17
1224 26
1225 17
1226 15
1227 14
1228 19
1229 16
1230 20
1231 17
1232 21
1233 13
1234 14
1235 29
1236 20
1237 19
1238 10
1239 19
1240 17
1241 15
1242 13
1243 16
1244 17
1245 21
1246 16
1247 21
1248 17
1249 8
1250 17
1251 14
1252 18
1253 15
1254 19
1255 18
1256 17
1257 8
1258 10
1259 22
1260 19
1261 22
1262 16
1263 12
1264 14
1265 21
1266 20
1267 14
1268 11
1269 13
1270 12
1271 14
1272 20
1273 18
1274 14
1275 12
1276 12
1277 9
1278 14
1279 7
1280 13
1281 16
1282 10
1283 11
1284 19
1285 16
1286 14
1287 8
1288 18
1289 16
1290 16
1291 14
1292 10
1293 17
1294 15
1295 17
1296 11
1297 19
1298 14
1299 8
1300 11
1301 12
1302 15
1303 13
1304 15
1305 9
1306 11
1307 10
1308 16
1309 8
1310 16
1311 14
1312 16
1313 7
1314 12
1315 13
1316 10
1317 13
1318 11
1319 9
1320 8
1321 16
1322 12
1323 9
1324 11
1325 13
1326 11
1327 10
1328 17
1329 12
1330 16
1331 18
1332 10
1333 12
1334 12
1335 12
1336 16
1337 16
1338 9
1339 12
1340 11
1341 7
1342 11
1343 16
1344 11
1345 11
1346 12
1347 6
1348 10
1349 16
1350 9
1351 16
1352 15
1353 14
1354 10
1355 16
1356 10
1357 14
1358 12
1359 13
1360 14
1361 12
1362 5
1363 13
1364 8
1365 11
1366 8
1367 10
1368 13
1369 7
1370 15
1371 9
1372 10
1373 5
1374 11
1375 7
1376 11
1377 11
1378 7
1379 10
1380 13
1381 8
1382 8
1383 9
1384 6
1385 8
1386 14
1387 11
1388 9
1389 7
1390 12
1391 7
1392 11
1393 13
1394 10
1395 13
1396 8
1397 7
1398 6
1399 9
1400 10
1401 5
1402 11
1403 13
1404 9
1405 10
1406 7
1407 15
1408 4
1409 8
1410 7
1411 9
1412 8
1413 8
1414 15
1415 7
1416 5
1417 9
1418 10
1419 8
1420 11
1421 10
1422 10
1423 12
1424 10
1425 10
1426 5
1427 8
1428 10
1429 6
1430 12
1431 5
1432 7
1433 11
1434 7
1435 10
1436 6
1437 5
1438 8
1439 13
1440 6
1441 7
1442 5
1443 5
1444 6
1445 9
1446 11
1447 6
1448 9
1449 6
1450 9
1451 8
1452 5
1453 10
1454 7
1455 8
1456 9
1457 5
1458 6
1459 7
1460 8
1461 4
1462 8
1463 9
1464 5
1465 11
1466 6
1467 9
1468 8
1469 6
1470 8
1471 9
1472 6
1473 9
1474 6
1475 6
1476 4
1477 7
1478 12
1479 3
1480 8
1481 7
1482 5
1483 6
1484 6
1485 2
1486 2
1487 2
1488 8
1489 4
1490 6
1491 4
1492 6
1493 9
1494 9
1495 8
1496 9
1497 7
1498 9
1499 6
1500 6
1501 3
1502 4
1503 3
1504 7
1505 8
1506 5
1507 8
1508 9
1509 3
1510 8
1511 6
1512 4
1513 8
1514 4
1515 7
1516 6
1517 8
1518 6
1519 5
1520 7
1521 3
1522 7
1523 6
1524 4
1525 10
1526 4
1527 3
1528 11
1529 10
1530 2
1531 5
1532 8
1533 8
1534 4
1535 3
1536 6
1537 4
1538 2
1539 5
1540 6
1541 9
1542 7
1543 5
1544 5
1545 5
1546 8
1547 5
1548 3
1549 5
1550 7
1551 7
1552 6
1553 4
1554 5
1555 11
1556 12
1557 6
1558 4
1559 4
1560 7
1561 3
1562 4
1563 5
1564 6
1565 1
1566 7
1567 4
1568 6
1569 3
1570 6
1571 2
1572 3
1573 9
1574 6
1575 2
1576 3
1577 1
1578 8
1579 7
1580 5
1581 1
1582 3
1583 3
1584 3
1585 1
1586 8
1587 4
1588 6
1589 3
1590 6
1591 1
1592 5
1593 5
1594 8
1595 7
1596 3
1597 2
1598 5
1599 5
1600 9
1601 8
1602 1
1603 6
1604 7
1605 2
1606 8
1607 3
1608 1
1609 2
1610 2
1611 3
1612 5
1613 0
1614 3
1615 4
1616 3
1617 1
1618 1
1619 3
1620 6
1621 3
1622 4
1623 9
1624 4
1625 2
1626 4
1627 3
1628 3
1629 2
1630 3
1631 3
1632 1
1633 5
1634 4
1635 6
1636 6
1637 6
1638 3
1639 0
1640 4
1641 1
1642 5
1643 1
1644 1
1645 4
1646 6
1647 4
1648 3
1649 3
1650 3
1651 4
1652 1
1653 3
1654 4
1655 4
1656 5
1657 4
1658 5
1659 3
1660 7
1661 2
1662 4
1663 3
1664 5
1665 2
1666 2
1667 4
1668 6
1669 2
1670 6
1671 3
1672 2
1673 3
1674 3
1675 8
1676 2
1677 4
1678 4
1679 1
1680 3
1681 5
1682 3
1683 0
1684 5
1685 1
1686 2
1687 3
1688 1
1689 2
1690 6
1691 2
1692 2
1693 0
1694 3
1695 3
1696 5
1697 7
1698 1
1699 1
1700 2
1701 4
1702 3
1703 4
1704 2
1705 1
1706 2
1707 3
1708 2
1709 2
1710 2
1711 4
1712 2
1713 3
1714 1
1715 1
1716 6
1717 3
1718 2
1719 3
1720 2
1721 4
1722 5
1723 2
1724 5
1725 3
1726 1
1727 4
1728 1
1729 4
1730 3
1731 7
1732 4
1733 1
1734 2
1735 0
1736 3
1737 2
1738 6
1739 2
1740 4
1741 5
1742 4
1743 3
1744 4
1745 1
1746 2
1747 6
1748 2
1749 2
1750 6
1751 3
1752 5
1753 1
1754 6
1755 1
1756 2
1757 1
1758 4
1759 6
1760 4
1761 2
1762 2
1763 3
1764 3
1765 1
1766 0
1767 0
1768 1
1769 2
1770 4
1771 4
1772 1
1773 2
1774 4
1775 2
1776 3
1777 4
1778 2
1779 3
1780 1
1781 4
1782 2
1783 2
1784 2
1785 1
1786 4
1787 2
1788 1
1789 2
1790 1
1791 0
1792 2
1793 4
1794 1
1795 1
1796 3
1797 3
1798 1
1799 3
1800 2
1801 1
1802 2
1803 1
1804 2
1805 3
1806 2
1807 1
1808 3
1809 2
1810 1
1811 0
1812 0
1813 1
1814 2
1815 2
1816 3
1817 1
1818 0
1819 2
1820 1
1821 6
1822 1
1823 1
1824 2
1825 6
1826 0
1827 3
1828 3
1829 3
1830 2
1831 2
1832 4
1833 4
1834 4
1835 0
1836 1
1837 0
1838 4
1839 0
1840 3
1841 0
1842 1
1843 3
1844 3
1845 3
1846 5
1847 2
1848 1
1849 1
1850 0
1851 1
1852 0
1853 3
1854 1
1855 2
1856 5
1857 0
1858 0
1859 2
1860 2
1861 3
1862 2
1863 2
1864 0
1865 2
1866 0
1867 1
1868 0
1869 1
1870 2
1871 1
1872 1
1873 3
1874 1
1875 1
1876 3
1877 2
1878 2
1879 0
1880 0
1881 4
1882 3
1883 3
1884 1
1885 1
1886 2
1887 3
1888 0
1889 5
1890 0
1891 1
1892 1
1893 1
1894 0
1895 0
1896 0
1897 1
1898 1
1899 1
1900 3
1901 0
1902 1
1903 0
1904 0
1905 0
1906 2
1907 1
1908 1
1909 2
1910 2
1911 2
1912 1
1913 1
1914 2
1915 0
1916 0
1917 0
1918 0
1919 2
1920 1
1921 0
1922 3
1923 0
1924 3
1925 1
1926 2
1927 1
1928 1
1929 0
1930 2
1931 2
1932 1
1933 0
1934 2
1935 1
1936 0
1937 0
1938 2
1939 1
1940 2
1941 1
1942 3
1943 0
1944 3
1945 0
1946 1
1947 1
1948 1
1949 1
1950 3
1951 6
1952 4
1953 3
1954 1
1955 1
1956 1
1957 3
1958 2
1959 0
1960 1
1961 0
1962 5
1963 0
1964 0
1965 2
1966 0
1967 1
1968 0
1969 1
1970 0
1971 1
1972 0
1973 4
1974 1
1975 1
1976 1
1977 2
1978 0
1979 0
1980 3
1981 2
1982 2
1983 2
1984 0
1985 1
1986 3
1987 1
1988 1
1989 0
1990 2
1991 1
1992 1
1993 2
1994 0
1995 2
1996 0
1997 1
1998 0
1999 2
2000 4
2001 2
2002 3
2003 0
2004 0
2005 0
2006 0
2007 1
2008 0
2009 1
2010 2
2011 2
2012 3
2013 1
2014 1
2015 0
2016 0
2017 4
2018 1
2019 1
2020 2
2021 2
2022 0
2023 0
2024 0
2025 1
2026 2
2027 0
2028 1
2029 3
2030 2
2031 2
2032 1
2033 3
2034 2
2035 1
2036 0
2037 0
2038 0
2039 1
2040 0
2041 1
2042 2
2043 3
2044 0
2045 2
2046 3
2047 0
2048 2
2049 1
2050 1
2051 1
2052 1
2053 1
2054 0
2055 0
2056 0
2057 1
2058 3
2059 1
2060 0
2061 1
2062 0
2063 0
2064 1
2065 0
2066 0
2067 0
2068 0
2069 1
2070 1
2071 1
2072 1
2073 2
2074 0
2075 0
2076 0
2077 1
2078 0
2079 1
2080 1
2081 0
2082 0
2083 0
2084 0
2085 0
2086 0
2087 0
2088 1
2089 0
2090 1
2091 1
2092 0
2093 1
2094 0
2095 1
2096 1
2097 0
2098 0
2099 2
2100 1
2101 2
2102 1
2103 0
2104 2
2105 0
2106 2
2107 2
2108 0
2109 1
2110 2
2111 1
2112 1
2113 2
2114 0
2115 3
2116 2
2117 1
2118 0
2119 0
2120 1
2121 1
2122 0
2123 1
2124 0
2125 0
2126 0
2127 0
2128 0
2129 0
2130 0
2131 1
2132 0
2133 1
2134 0
2135 1
2136 1
2137 0
2138 2
2139 0
2140 0
2141 1
2142 2
2143 2
2144 2
2145 0
2146 0
2147 1
2148 0
2149 0
2150 0
2151 1
2152 0
2153 0
2154 0
2155 0
2156 0
2157 0
2158 1
2159 0
2160 0
2161 0
2162 1
2163 0
2164 0
2165 0
2166 0
2167 1
2168 2
2169 0
2170 1
2171 0
2172 2
2173 0
2174 1
2175 0
2176 0
2177 0
2178 0
2179 0
2180 0
2181 0
2182 0
2183 1
2184 0
2185 0
2186 1
2187 0
2188 0
2189 0
2190 0
2191 0
2192 1
2193 0
2194 1
2195 1
2196 0
2197 1
2198 0
2199 1
2200 0
2201 0
2202 0
2203 1
2204 0
2205 1
2206 1
2207 1
2208 1
2209 0
2210 0
2211 0
2212 1
2213 1
2214 0
2215 1
2216 0
2217 1
2218 0
2219 1
2220 0
2221 1
2222 0
2223 1
2224 0
2225 0
2226 0
2227 0
2228 0
2229 0
2230 1
2231 0
2232 0
2233 0
2234 2
2235 0
2236 0
2237 1
2238 0
2239 0
2240 1
2241 2
2242 0
2243 0
2244 0
2245 0
2246 0
2247 0
2248 0
2249 0
2250 0
2251 0
2252 1
2253 0
2254 0
2255 0
2256 0
2257 0
2258 0
2259 0
2260 0
2261 1
2262 0
2263 1
2264 0
2265 1
2266 1
2267 0
2268 0
2269 0
2270 0
2271 0
2272 0
2273 0
2274 1
2275 0
2276 0
2277 1
2278 0
2279 0
2280 0
2281 0
2282 0
2283 0
2284 0
2285 0
2286 0
2287 0
2288 0
2289 0
2290 0
2291 0
2292 0
2293 0
2294 0
2295 1
2296 0
2297 0
2298 0
2299 0
2300 0
2301 1
2302 1
2303 2
2304 0
2305 1
2306 0
2307 1
2308 0
2309 1
2310 1
2311 1
2312 0
2313 0
2314 0
2315 1
2316 1
2317 1
2318 0
2319 2
2320 1
2321 0
2322 0
2323 0
2324 0
2325 1
2326 1
2327 0
2328 0
2329 0
2330 0
2331 0
2332 0
2333 0
2334 0
2335 0
2336 0
2337 0
2338 0
2339 0
2340 1
2341 0
2342 1
2343 2
2344 0
2345 1
2346 0
2347 0
2348 0
2349 0
2350 0
2351 1
2352 0
2353 0
2354 0
2355 1
2356 0
2357 0
2358 0
2359 0
2360 0
2361 0
2362 0
2363 0
2364 0
2365 2
2366 0
2367 0
2368 0
2369 0
2370 0
2371 0
2372 0
2373 0
2374 0
2375 0
2376 0
2377 1
2378 1
2379 1
2380 0
2381 0
2382 0
2383 0
2384 0
2385 0
2386 1
2387 0
2388 0
2389 0
2390 0
2391 0
2392 0
2393 0
2394 0
2395 0
2396 0
2397 0
2398 0
2399 1
2400 1
2401 1
2402 0
2403 0
2404 0
2405 0
2406 0
2407 0
2408 0
2409 0
2410 0
2411 0
2412 0
2413 0
2414 0
2415 0
2416 0
2417 0
2418 0
2419 0
2420 0
2421 0
2422 0
2423 0
2424 0
2425 0
2426 0
2427 0
2428 0
2429 1
2430 0
2431 0
2432 0
2433 0
2434 0
2435 1
2436 0
2437 0
2438 0
2439 1
2440 0
2441 0
2442 2
2443 0
2444 0
2445 0
2446 0
2447 0
2448 0
2449 0
2450 0
2451 0
2452 0
2453 0
2454 0
2455 0
2456 0
2457 0
2458 0
2459 0
2460 0
2461 0
2462 2
2463 0
2464 1
2465 0
2466 0
2467 0
2468 0
2469 1
2470 0
2471 0
2472 1
2473 0
2474 0
2475 0
2476 0
2477 1
2478 0
2479 0
2480 0
2481 0
2482 1
2483 0
2484 0
2485 0
2486 0
2487 0
2488 1
2489 0
2490 0
2491 0
2492 0
2493 0
2494 0
2495 0
2496 0
2497 0
2498 1
2499 1
2500 3
2501 0
2502 0
2503 0
2504 0
2505 0
2506 0
2507 0
2508 0
2509 0
2510 0
2511 0
2512 0
2513 0
2514 1
2515 0
2516 0
2517 0
2518 0
2519 0
2520 0
2521 0
2522 0
2523 0
2524 0
2525 0
2526 0
2527 0
2528 0
2529 0
2530 0
2531 0
2532 0
2533 0
2534 0
2535 0
2536 0
2537 1
2538 0
2539 0
2540 1
2541 0
2542 1
2543 0
2544 0
2545 0
2546 0
2547 0
2548 0
2549 0
2550 0
2551 0
2552 0
2553 0
2554 0
2555 0
2556 0
2557 0
2558 0
2559 1
2560 0
2561 0
2562 0
2563 0
2564 0
2565 0
2566 0
2567 1
2568 0
2569 0
2570 0
2571 0
2572 0
2573 1
2574 0
2575 0
2576 1
2577 0
2578 0
2579 0
2580 0
2581 0
2582 0
2583 0
2584 0
2585 0
2586 0
2587 0
2588 0
2589 0
2590 0
2591 0
2592 1
2593 1
2594 0
2595 0
2596 0
2597 0
2598 0
2599 2
2600 0
2601 0
2602 0
2603 0
2604 0
2605 0
2606 0
2607 1
2608 0
2609 0
2610 0
2611 0
2612 0
2613 0
2614 0
2615 0
2616 0
2617 0
2618 0
2619 0
2620 0
2621 0
2622 1
2623 0
2624 0
2625 0
2626 0
2627 0
2628 0
2629 0
2630 1
2631 0
2632 0
2633 1
2634 0
2635 0
2636 0
2637 0
2638 0
2639 0
2640 0
2641 0
2642 0
2643 0
2644 0
2645 0
2646 0
2647 0
2648 0
2649 0
2650 0
2651 0
2652 0
2653 0
2654 0
2655 0
2656 0
2657 0
2658 0
2659 0
2660 0
2661 0
2662 0
2663 0
2664 0
2665 0
2666 0
2667 0
2668 0
2669 0
2670 0
2671 0
2672 0
2673 0
2674 0
2675 0
2676 0
2677 1
2678 0
2679 0
2680 0
2681 0
2682 0
2683 0
2684 0
2685 0
2686 0
2687 0
2688 0
2689 0
2690 0
2691 0
2692 0
2693 0
2694 0
2695 0
2696 0
2697 0
2698 0
2699 2
2700 0
2701 0
2702 0
2703 0
2704 0
2705 0
2706 0
2707 0
2708 0
2709 0
2710 0
2711 0
2712 0
2713 0
2714 0
2715 0
2716 0
2717 0
2718 0
2719 0
2720 0
2721 0
2722 0
2723 0
2724 0
2725 0
2726 0
2727 1
2728 0
2729 0
2730 0
2731 1
2732 0
2733 0
2734 0
2735 0
2736 1
2737 0
2738 0
2739 0
2740 0
2741 0
2742 0
2743 0
2744 0
2745 0
2746 0
2747 1
2748 0
2749 0
2750 0
2751 0
2752 0
2753 0
2754 0
2755 0
2756 0
2757 0
2758 0
2759 1
2760 0
2761 0
2762 1
2763 0
2764 0
2765 0
2766 0
2767 0
2768 0
2769 0
2770 0
2771 1
2772 0
2773 0
2774 0
2775 0
2776 0
2777 0
2778 0
2779 0
2780 0
2781 0
2782 0
2783 0
2784 0
2785 0
2786 0
2787 0
2788 0
2789 0
2790 0
2791 0
2792 0
2793 0
2794 0
2795 0
2796 0
2797 0
2798 0
2799 0
2800 0
2801 0
2802 0
2803 0
2804 0
2805 0
2806 0
2807 0
2808 0
2809 0
2810 0
2811 0
2812 0
2813 0
2814 0
2815 0
2816 0
2817 0
2818 0
2819 0
2820 0
2821 0
2822 0
2823 0
2824 0
2825 0
2826 0
2827 0
2828 0
2829 0
2830 0
2831 0
2832 0
2833 0
2834 0
2835 0
2836 0
2837 0
2838 0
2839 0
2840 0
2841 0
2842 0
2843 0
2844 0
2845 0
2846 0
2847 0
2848 0
2849 1
2850 0
2851 0
2852 0
2853 0
2854 0
2855 0
2856 0
2857 0
2858 0
2859 0
2860 0
2861 0
2862 0
2863 0
2864 0
2865 0
2866 0
2867 0
2868 0
2869 0
2870 0
2871 0
2872 0
2873 0
2874 0
2875 0
2876 0
2877 0
2878 0
2879 0
2880 0
2881 0
2882 0
2883 0
2884 0
2885 0
2886 1
2887 0
2888 0
2889 0
2890 0
2891 0
2892 0
2893 0
2894 1
2895 0
2896 0
2897 0
2898 0
2899 0
2900 0
2901 0
2902 0
2903 0
2904 0
2905 0
2906 0
2907 0
2908 0
2909 0
2910 0
2911 0
2912 0
2913 0
2914 0
2915 0
2916 0
2917 0
2918 0
2919 0
2920 0
2921 0
2922 0
2923 0
2924 0
2925 0
2926 0
2927 0
2928 0
2929 0
2930 0
2931 0
2932 0
2933 0
2934 0
2935 0
2936 0
2937 0
2938 0
2939 0
2940 0
2941 0
2942 0
2943 0
2944 0
2945 0
2946 0
2947 0
2948 0
2949 0
2950 0
2951 0
2952 0
2953 0
2954 0
2955 0
2956 0
2957 0
2958 0
2959 0
2960 0
2961 0
2962 0
2963 0
2964 0
2965 0
2966 0
2967 0
2968 0
2969 0
2970 0
2971 0
2972 0
2973 0
2974 0
2975 0
2976 0
2977 0
2978 0
2979 0
2980 0
2981 0
2982 0
2983 0
2984 0
2985 0
2986 0
2987 0
2988 0
2989 0
2990 0
2991 0
2992 0
2993 0
2994 0
2995 0
2996 0
2997 0
2998 0
2999 0
3000 0
3001 0
3002 0
3003 0
3004 0
3005 0
3006 0
3007 0
3008 0
3009 0
3010 0
3011 0
3012 0
3013 0
3014 0
3015 0
3016 0
3017 0
3018 0
3019 0
3020 0
3021 0
3022 0
3023 0
3024 0
3025 0
3026 0
3027 0
3028 0
3029 0
3030 0
3031 0
3032 0
3033 0
3034 0
3035 0
3036 0
3037 0
3038 0
3039 0
3040 0
3041 0
3042 0
3043 0
3044 0
3045 0
3046 0
3047 0
3048 0
3049 0
3050 0
3051 0
3052 0
3053 0
3054 0
3055 0
3056 0
3057 0
3058 0
3059 0
3060 0
3061 0
3062 0
3063 0
3064 0
3065 0
3066 0
3067 0
3068 0
3069 0
3070 0
3071 0
3072 0
3073 0
3074 0
3075 0
3076 0
3077 0
3078 0
3079 0
3080 1
3081 0
3082 0
3083 0
3084 0
3085 0
3086 0
3087 0
3088 0
3089 0
3090 0
3091 0
3092 0
3093 0
3094 0
3095 0
3096 0
3097 0
3098 0
3099 0
3100 0
3101 0
3102 0
3103 0
3104 0
3105 0
3106 0
3107 0
3108 0
3109 0
3110 0
3111 0
3112 0
3113 0
3114 0
3115 0
3116 0
3117 0
3118 0
3119 0
3120 0
3121 0
3122 0
3123 0
3124 0
3125 0
3126 0
3127 0
3128 0
3129 0
3130 0
3131 0
3132 0
3133 0
3134 0
3135 0
3136 0
3137 0
3138 0
3139 0
3140 0
3141 0
3142 0
3143 0
3144 0
3145 0
3146 0
3147 0
3148 0
3149 0
3150 0
3151 0
3152 0
3153 0
3154 0
3155 0
3156 0
3157 0
3158 0
3159 0
3160 0
3161 0
3162 0
3163 0
3164 0
3165 0
3166 0
3167 0
3168 0
3169 0
3170 0
3171 0
3172 0
3173 0
3174 0
3175 0
3176 0
3177 0
3178 0
3179 0
3180 0
3181 0
3182 0
3183 0
3184 0
3185 0
3186 0
3187 0
3188 0
3189 0
3190 0
3191 0
3192 0
3193 0
3194 0
3195 0
3196 0
3197 0
3198 0
3199 0
3200 0
3201 0
3202 0
3203 0
3204 0
3205 0
3206 0
3207 0
3208 0
3209 0
3210 0
3211 0
3212 0
3213 0
3214 0
3215 0
3216 0
3217 0
3218 0
3219 0
3220 0
3221 0
3222 0
3223 0
3224 0
3225 0
3226 0
3227 0
3228 0
3229 0
3230 0
3231 0
3232 0
3233 0
3234 0
3235 0
3236 0
3237 0
3238 0
3239 0
3240 0
3241 0
3242 0
3243 0
3244 0
3245 0
3246 0
3247 0
3248 0
3249 0
3250 0
3251 0
3252 0
3253 0
3254 0
3255 0
3256 0
3257 0
3258 0
3259 0
3260 0
3261 0
3262 0
3263 0
3264 0
3265 0
3266 0
3267 0
3268 0
3269 0
3270 0
3271 0
3272 0
3273 0
3274 0
3275 0
3276 0
3277 0
3278 0
3279 0
3280 0
3281 0
3282 0
3283 0
3284 0
3285 0
3286 0
3287 0
3288 0
3289 0
3290 0
3291 0
3292 0
3293 0
3294 0
3295 0
3296 0
3297 0
3298 0
3299 0
3300 0
3301 0
3302 0
3303 0
3304 0
3305 0
3306 0
3307 0
3308 0
3309 0
3310 0
3311 0
3312 0
3313 0
3314 0
3315 0
3316 0
3317 0
3318 0
3319 0
3320 0
3321 0
3322 0
3323 0
3324 0
3325 0
3326 0
3327 0
3328 0
3329 0
3330 0
3331 0
3332 0
3333 0
3334 0
3335 0
3336 0
3337 0
3338 0
3339 0
3340 0
3341 0
3342 0
3343 0
3344 0
3345 0
3346 0
3347 0
3348 0
3349 0
3350 0
3351 0
3352 0
3353 0
3354 0
3355 0
3356 0
3357 0
3358 0
3359 0
3360 0
3361 0
3362 0
3363 0
3364 0
3365 0
3366 0
3367 0
3368 0
3369 0
3370 0
3371 0
3372 0
3373 0
3374 0
3375 0
3376 0
3377 0
3378 0
3379 0
3380 0
3381 0
3382 0
3383 0
3384 0
3385 0
3386 0
3387 0
3388 0
3389 0
3390 0
3391 0
3392 0
3393 0
3394 0
3395 0
3396 0
3397 0
3398 0
3399 0
3400 0
3401 0
3402 0
3403 0
3404 0
3405 0
3406 0
3407 0
3408 0
3409 0
3410 0
3411 0
3412 0
3413 0
3414 0
3415 0
3416 0
3417 0
3418 0
3419 0
3420 0
3421 0
3422 0
3423 0
3424 0
3425 0
3426 0
3427 0
3428 0
3429 0
3430 0
3431 0
3432 0
3433 0
3434 0
3435 0
3436 0
3437 0
3438 0
3439 0
3440 0
3441 0
3442 0
3443 0
3444 0
3445 0
3446 0
3447 0
3448 0
3449 0
3450 0
3451 0
3452 0
3453 0
3454 0
3455 0
3456 0
3457 0
3458 0
3459 0
3460 0
3461 0
3462 0
3463 0
3464 0
3465 0
3466 0
3467 0
3468 0
3469 0
3470 0
3471 0
3472 0
3473 0
3474 0
3475 0
3476 0
3477 0
3478 0
3479 0
3480 0
3481 0
3482 0
3483 0
3484 0
3485 0
3486 0
3487 0
3488 0
3489 0
3490 0
3491 0
3492 0
3493 0
3494 0
3495 0
3496 0
3497 0
3498 0
3499 0
3500 0
3501 0
3502 0
3503 0
3504 0
3505 0
3506 0
3507 0
3508 0
3509 0
3510 0
3511 0
3512 0
3513 0
3514 0
3515 0
3516 0
3517 0
3518 0
3519 0
3520 0
3521 0
3522 0
3523 0
3524 0
3525 0
3526 0
3527 0
3528 0
3529 0
3530 0
3531 0
3532 0
3533 1
