0 0 0
1 2.1371228148313106 0
2 2.3236593297547508 0
3 2.6087965805117026 -2.0
4 2.874500068297333 -2.155903849638261
5 3.117274711529126 -2.382094422251668
6 3.3358208710104416 -2.5457000518291237
7 3.5332791096070815 -2.7753600237292653
8 3.720873070494543 -2.9543076250880462
9 3.904039805320109 -3.1713292596189877
10 4.073752317254916 -3.3518525415995457
11 4.232029815169396 -3.552342244786027
12 4.394870743917791 -3.723922929228282
13 4.553137746123108 -3.9176177705083646
14 4.7052834498343605 -4.078006377701665
15 4.824090154032015 -4.260771918150058
16 4.982982950204117 -4.415710724798238
17 5.096610424449069 -4.593501778304683
18 5.23913571255159 -4.745552615683038
19 5.407794172070347 -4.922568360413304
20 5.44517896274653 -5.065497024368161
21 5.572369500984898 -5.19832294982474
22 5.679053745779725 -5.371457673471096
23 5.803991464792268 -5.512257683398884
24 5.84616254736723 -5.663164453983695
25 5.948245886370692 -5.808826923076923
26 6.09618812559989 -5.926059725102071
27 6.167698113207547 -6.055147058823529
28 6.287996671520699 -6.148871717197649
29 6.349366178189338 -6.353533075904056
30 6.452156498803302 -6.45752943352031
31 6.564892328752698 -6.631250632228479
32 6.611994469408918 -6.704388921453693
33 6.633147341958428 -6.804520269462271
34 6.7179571881606766 -6.942356867334113
35 6.8372242910340875 -7.026577294459548
36 6.95234417239515 -7.146941693046053
37 6.8258866123590884 -7.347262169642373
38 6.996497844827586 -7.499391621762559
39 7.071543636880508 -7.521131137352393
40 7.235623562356236 -7.63656990323657
41 7.231011626643486 -7.739788732394366
42 7.194327372138057 -7.916634740632902
43 7.311888638073739 -7.93057037340993
44 7.483486595000648 -7.959568965517241
45 7.569214033179223 -8.151364996260284
46 7.459913169319826 -8.194829450506242
47 7.50296758484249 -8.26770074918223
48 7.703429399452584 -8.537197423939595
49 7.759046330740616 -8.436811254396249
50 7.808646350106308 -8.652557968347441
51 7.70876926003424 -8.617753623188406
52 7.64114263043047 -8.611043933897623
53 7.70552016985138 -8.746067082220243
54 7.981526819496995 -8.851322590453025
55 7.998385981092921 -9.047702897390748
56 7.82396449704142 -9.078140960163433
57 7.926157046281851 -9.143646408839778
58 8.229127262901919 -9.191038620172478
59 7.920527941589441 -9.436561264822135
60 7.898223426678711 -9.381050889532478
61 8.145500156788962 -9.51268155213527
62 8.269677847891066 -9.59630727148393
63 8.194200944032367 -9.537050274005242
64 8.035353535353535 -9.957940351771603
65 7.940721649484536 -10.106806282722513
66 8.497929996236357 -9.813299944351698
67 8.574425969912905 -9.890898483080514
68 8.619991383024558 -9.83737646001797
69 8.726741573033708 -10.280358859339955
70 8.52518315018315 -10.272963323596235
71 7.79448003942829 -10.222453945081682
72 8.533333333333333 -10.358637814827953
73 8.063239074550129 -10.219557195571955
74 8.322788203753351 -10.784074074074073
75 8.775767543859649 -10.328025477707007
76 8.751289398280802 -10.481466227347612
77 8.955124317768345 -10.661317567567568
78 8.505739795918368 -10.339165545087484
79 8.80125 -10.792051756007394
80 8.463230240549828 -10.927098321342926
81 8.526967930029155 -11.34521384928717
82 8.970676691729324 -10.777489626556017
83 8.730268199233716 -11.100611450806003
84 8.858049167327518 -11.074375363160954
85 8.924757281553399 -11.01378896882494
86 8.68696397941681 -10.984542211652794
87 8.845238095238095 -11.172932330827068
88 9.048214285714286 -11.367716008037508
89 8.85060690943044 -11.367046215673142
90 8.73469387755102 -11.088011088011088
91 8.13113113113113 -11.449367088607595
92 8.417112299465241 -11.346637102734663
93 9.376940133037694 -11.648985959438377
94 9.366812227074236 -11.428338762214985
95 9.034368070953438 -10.867155664221679
96 9.184397163120567 -11.44493006993007
97 9.27363184079602 -12.175883952855848
98 8.743436754176612 -11.401662049861496
99 8.66360052562418 -11.334677419354838
100 8.19413407821229 -12.486333647502356
101 8.73542600896861 -12.161567877629063
102 8.862686567164179 -12.582291666666666
103 9.361233480176212 -12.230240549828178
104 9.22884012539185 -12.154816513761467
105 8.409230769230769 -12.391358024691359
106 9.744186046511627 -12.172695449241541
107 9.392739273927393 -12.897269180754225
108 9.40597539543058 -11.465994962216625
109 9.16 -12.118987341772153
110 10.142589118198874 -12.347368421052632
111 9.143897996357012 -11.951704545454545
112 9.723790322580646 -12.287157287157287
113 8.450943396226416 -12.454545454545455
114 10.18816067653277 -12.252782193958664
115 9.6875 -12.937799043062201
116 10.006756756756756 -12.900943396226415
117 9.71788990825688 -12.037996545768566
118 10.058165548098435 -12.067615658362989
119 8.87015945330296 -13.118043844856661
120 9.94559585492228 -12.910946196660483
121 9.604534005037783 -11.992380952380952
122 9.961259079903147 -11.965442764578833
123 9.334224598930481 -12.871541501976285
124 8.84873949579832 -12.92461197339246
125 10.683333333333334 -13.418467583497053
126 8.912121212121212 -12.331018518518519
127 9.482758620689655 -12.13347921225383
128 9.044910179640718 -12.870246085011185
129 8.970967741935484 -14.04578313253012
130 9.388724035608309 -13.488833746898264
131 8.009230769230768 -12.117359413202934
132 10.249230769230769 -12.504854368932039
133 9.689655172413794 -14.093150684931507
134 10.02027027027027 -14.368571428571428
135 10.363013698630137 -13.946666666666667
136 9.543554006968641 -13.28370786516854
137 9.264214046822742 -13.251989389920425
138 10.062937062937063 -13.595988538681949
139 9.295275590551181 -13.098930481283423
140 7.668161434977579 -12.08359133126935
141 10.968036529680365 -12.981538461538461
142 9.362869198312236 -13.353474320241691
143 10.022935779816514 -13.544520547945206
144 9.60180995475113 -13.809364548494983
145 9.716346153846153 -14.202702702702704
146 8.216748768472906 -14.238970588235293
147 9.79816513761468 -13.121771217712178
148 8.47 -13.558394160583942
149 10.785714285714286 -13.018796992481203
150 8.727272727272727 -13.37885462555066
151 7.9646464646464645 -13.951327433628318
152 10.126373626373626 -14.75
153 8.467336683417086 -12.73913043478261
154 10.459302325581396 -14.10548523206751
155 8.696969696969697 -15.071729957805907
156 9.87709497206704 -14.15725806451613
157 9.880239520958083 -14.309322033898304
158 10.075 -14.117647058823529
159 10.746835443037975 -12.462222222222222
160 10.915151515151516 -12.444444444444445
161 9.116279069767442 -13.44
162 10.26751592356688 -14.304093567251462
163 9.537414965986395 -15.096446700507615
164 9.073770491803279 -12.905027932960893
165 8.73943661971831 -13.790322580645162
166 7.9147286821705425 -12.275862068965518
167 9.747899159663865 -15.070967741935483
168 9.791304347826086 -15.580645161290322
169 9.336134453781513 -14.265432098765432
170 8.992 -16.330985915492956
171 10.88135593220339 -12.481012658227849
172 11.774193548387096 -13.424460431654676
173 8.75 -17.85483870967742
174 9.747747747747749 -16.1937984496124
175 10.631147540983607 -15.542857142857143
176 9.944444444444445 -12.719178082191782
177 8.647058823529411 -13.864
178 10.591397849462366 -17.42105263157895
179 9.857142857142858 -15.100840336134453
180 7.948979591836735 -15.474820143884893
181 11.293478260869565 -12.798387096774194
182 9.988636363636363 -16.424778761061948
183 9.232558139534884 -18.86111111111111
184 9.720930232558139 -13.553398058252426
185 9.267605633802816 -15.211538461538462
186 8.734939759036145 -19.197802197802197
187 9.513513513513514 -17.197674418604652
188 8.910112359550562 -12.962025316455696
189 9.356164383561644 -13.865168539325843
190 10.512820512820513 -14.770833333333334
191 8.53623188405797 -16.923076923076923
192 10.859154929577464 -13.116504854368932
193 7.792207792207792 -14.785714285714286
194 11.092105263157896 -12.55952380952381
195 9.367647058823529 -17.36046511627907
196 7.35064935064935 -13.710144927536232
197 10.46774193548387 -13.333333333333334
198 13.835616438356164 -15.417582417582418
199 11.365384615384615 -21.56338028169014
200 8.317460317460318 -13.243589743589743
201 11.60377358490566 -13.987341772151899
202 10.648148148148149 -16.402298850574713
203 9.540983606557377 -19.693181818181817
204 10.327272727272728 -15.241379310344827
205 9.212765957446809 -14.62295081967213
206 8.74074074074074 -15.386666666666667
207 10.296296296296296 -13.736842105263158
208 7.8 -22.147540983606557
209 12.19672131147541 -13.81081081081081
210 7.3584905660377355 -13.545454545454545
211 10.391304347826088 -18.098360655737704
212 10.145454545454545 -17.921875
213 7.23404255319149 -14.825396825396826
214 10.540983606557377 -16.533333333333335
215 10.347826086956522 -15.757575757575758
216 8.772727272727273 -13.963636363636363
217 6.8604651162790695 -11.387096774193548
218 15.517857142857142 -13.638297872340425
219 9.704545454545455 -11.48076923076923
220 8.181818181818182 -15.083333333333334
221 8.37037037037037 -18.733333333333334
222 9.055555555555555 -13.0
223 9.489795918367347 -13.4
224 6.791666666666667 -15.958333333333334
225 15.075 -15.673913043478262
226 10.627906976744185 -17.098360655737704
227 9.064516129032258 -12.651162790697674
228 12.488888888888889 -15.62
229 9.885714285714286 -22.826923076923077
230 13.897435897435898 -14.372093023255815
231 14.35135135135135 -16.130434782608695
232 6.53125 -18.470588235294116
233 9.333333333333334 -14.159090909090908
234 10.793103448275861 -15.385964912280702
235 11.666666666666666 -12.125
236 14.8 -20.65909090909091
237 11.357142857142858 -12.853658536585366
238 10.11111111111111 -23.862068965517242
239 7.689655172413793 -22.484848484848484
240 9.708333333333334 -22.08823529411765
241 5.363636363636363 -25.63888888888889
242 13.576923076923077 -19.05
243 5.818181818181818 -16.21276595744681
244 8.206896551724139 -17.515151515151516
245 11.307692307692308 -18.877551020408163
246 12.481481481481481 -17.488372093023255
247 11.03448275862069 -15.073170731707316
248 5.619047619047619 -13.386363636363637
249 10.0 -14.4375
250 14.619047619047619 -11.91891891891892
251 7.2272727272727275 -13.6875
252 9.0 -21.533333333333335
253 7.826086956521739 -14.620689655172415
254 8.290322580645162 -12.2
255 7.571428571428571 -11.192307692307692
256 5.481481481481482 -8.125
257 8.071428571428571 -19.90625
258 9.0 -8.956521739130435
259 6.9411764705882355 -15.178571428571429
260 14.473684210526315 -7.857142857142857
261 8.956521739130435 -13.761904761904763
262 8.2 -27.73913043478261
263 6.0 -21.565217391304348
264 9.894736842105264 -21.379310344827587
265 8.814814814814815 -15.137931034482758
266 10.0 -15.571428571428571
267 9.45 -20.46875
268 11.464285714285714 -10.607142857142858
269 13.5 -12.444444444444445
270 19.642857142857142 -14.8125
271 11.31578947368421 -14.481481481481481
272 8.5625 -13.26086956521739
273 18.944444444444443 -15.31578947368421
274 13.789473684210526 -20.51851851851852
275 15.357142857142858 -9.666666666666666
276 13.88888888888889 -24.428571428571427
277 5.636363636363637 -20.26086956521739
278 13.8 -19.095238095238095
279 10.25 -13.761904761904763
280 7.0 -10.25
281 8.636363636363637 -15.176470588235293
282 6.333333333333333 -10.61111111111111
283 11.904761904761905 -32.8421052631579
284 11.8 -7.411764705882353
285 10.615384615384615 -18.565217391304348
286 10.1875 -17.066666666666666
287 3.125 -17.57894736842105
288 6.25 -30.0
289 6.615384615384615 -18.68421052631579
290 11.23076923076923 -7.0
291 7.6 -14.333333333333334
292 4.875 -7.9411764705882355
293 7.529411764705882 -20.454545454545453
294 7.545454545454546 -16.666666666666668
295 9.0 -11.722222222222221
296 5.777777777777778 -9.416666666666666
297 5.944444444444445 -17.357142857142858
298 9.692307692307692 -14.722222222222221
299 4.818181818181818 -22.666666666666668
300 10.529411764705882 -23.727272727272727
301 8.5 -5.9
302 6.5625 -7.714285714285714
303 7.666666666666667 -16.25
304 5.8 -10.333333333333334
305 3.8 -10.866666666666667
306 20.23076923076923 -16.75
307 7.666666666666667 -17.1
308 2.3333333333333335 -7.833333333333333
309 8.666666666666666 -8.222222222222221
310 6.571428571428571 -18.45
311 3.25 -18.25
312 13.875 -14.090909090909092
313 10.416666666666666 -31.0
314 8.6 -11.153846153846153
315 10.125 -8.0
316 7.5 -10.636363636363637
317 11.2 -19.75
318 12.0 -29.444444444444443
319 9.166666666666666 -45.625
320 4.875 -21.4
321 8.142857142857142 -24.333333333333332
322 3.5 -20.857142857142858
323 7.0 -19.4
324 11.333333333333334 -8.909090909090908
325 3.5 -16.272727272727273
326 6.0 -19.333333333333332
327 10.666666666666666 -35.22222222222222
328 15.333333333333334 -3.5
329 9.0 -17.0
330 11.5 -18.5
331 13.5 -13.0
332 3.6666666666666665 -16.25
333 3.5714285714285716 -22.4
334 3.0 -26.5
335 6.666666666666667 -16.0
336 3.3333333333333335 -15.0
337 6.818181818181818 -9.4
338 5.333333333333333 -3.8
339 7.0 -12.333333333333334
340 4.5 -5.0
341 5.5 -9.166666666666666
342 10.25 -13.0
343 5.4 -42.0
344 11.6 -18.0
345 9.0 -20.833333333333332
346 5.333333333333333 -8.5
347 11.5 -16.0
348 5.2 -8.0
349 7.0 -24.25
350 2.5 -4.0
351 11.0 -7.285714285714286
352 2.0 -12.571428571428571
353 3.3333333333333335 -13.5
354 8.0 -8.833333333333334
355 3.25 -4.5
356 2.0 -23.4
357 6.666666666666667 -4.5
358 19.6 -2.0
359 13.25 -3.0
360 27.0 -5.0
361 8.0 -26.5
362 10.0 0
363 8.75 -36.25
364 3.5 -7.5
365 8.666666666666666 -26.666666666666668
366 14.6 -10.375
367 4.5 -2.0
368 43.5 -10.285714285714286
369 16.5 -8.75
370 42.5 -19.571428571428573
371 9.0 -2.0
372 0 -87.0
373 3.0 0
374 14.0 -4.0
375 2.5 0
376 13.0 -158.0
377 5.0 -22.0
378 20.0 -33.75
379 39.5 -2.0
380 0 -3.0
381 2.0 0
382 3.6666666666666665 0
383 3.0 -19.5
384 23.0 -2.0
385 29.0 -3.0
386 16.0 -16.25
387 4.0 -7.0
388 13.0 0
389 5.0 -73.0
390 0 -27.2
391 6.2 -10.25
392 5.0 -3.5
393 0 -14.333333333333334
394 10.333333333333334 -5.0
395 2.0 -116.0
396 4.5 -11.5
397 6.75 0
398 6.0 -23.833333333333332
399 2.6 -4.0
400 7.5 -2.0
401 2.4 0
402 18.75 -7.25
403 2.5 -7.0
404 2.0 -3.0
405 3.5 -7.2
406 12.0 -6.6
407 9.0 0
408 0 -32.0
409 11.0 0
410 4.0 -8.0
411 2.0 -31.5
412 0 0
413 0 -21.0
414 15.0 -2.0
415 6.0 -13.0
416 7.333333333333333 -4.0
417 19.0 0
418 3.6666666666666665 -9.0
419 0 0
420 0 -8.0
421 54.5 0
422 3.0 -20.0
423 11.0 0
424 0 -13.0
425 0 -8.0
426 0 -12.0
427 0 0
428 0 -45.0
429 5.666666666666667 -61.0
430 2.0 -12.0
431 0 -3.0
432 10.0 -3.0
433 0 0
434 0 0
435 5.0 0
436 11.5 -5.0
437 0 -10.0
438 2.0 -43.0
439 0 -2.0
440 0 -11.0
441 2.0 -75.0
442 6.333333333333333 0
443 5.666666666666667 0
444 0 -5.0
445 0 0
446 3.0 -42.0
447 7.0 0
448 0 -3.0
449 0 -6.0
450 5.5 -35.0
451 3.5 -61.0
452 9.0 -10.0
453 3.0 -9.5
454 14.75 -17.0
455 7.333333333333333 0
456 2.5 -36.75
457 0 -47.0
458 0 -12.5
459 2.0 -3.0
460 4.0 -5.0
461 13.0 -8.0
462 4.0 0
463 9.0 -5.0
464 0 -10.5
465 6.0 0
466 0 0
467 0 -4.333333333333333
469 7.0 -6.0
470 5.0 0
471 2.0 -6.5
472 0 0
473 4.0 -2.0
474 20.0 0
475 6.0 -4.0
476 0 0
477 9.0 0
478 2.0 -13.0
479 0 -27.0
480 2.0 -20.0
481 0 0
482 6.0 0
483 5.0 0
484 0 -3.0
485 0 -165.0
486 0 0
487 0 -2.0
488 0 -4.0
489 0 0
490 0 0
491 0 0
492 0 -16.0
494 0 -15.0
500 0 -84.0
512 0 -83.0
513 0 0
520 0 0
521 0 -8.0
