-165 2
-164 0
-163 0
-162 1
-161 0
-160 0
-159 0
-158 1
-157 0
-156 0
-155 0
-154 1
-153 2
-152 0
-151 0
-150 0
-149 0
-148 0
-147 0
-146 0
-145 0
-144 0
-143 0
-142 0
-141 0
-140 0
-139 1
-138 0
-137 0
-136 1
-135 1
-134 0
-133 1
-132 0
-131 1
-130 0
-129 1
-128 1
-127 2
-126 2
-125 1
-124 3
-123 3
-122 1
-121 0
-120 2
-119 2
-118 2
-117 1
-116 3
-115 3
-114 3
-113 0
-112 1
-111 1
-110 3
-109 2
-108 6
-107 2
-106 3
-105 2
-104 7
-103 4
-102 1
-101 4
-100 8
-99 7
-98 9
-97 2
-96 6
-95 6
-94 6
-93 6
-92 3
-91 8
-90 8
-89 8
-88 9
-87 15
-86 7
-85 11
-84 18
-83 14
-82 16
-81 15
-80 19
-79 18
-78 22
-77 17
-76 25
-75 19
-74 25
-73 24
-72 31
-71 35
-70 27
-69 24
-68 32
-67 30
-66 39
-65 38
-64 45
-63 58
-62 59
-61 53
-60 70
-59 68
-58 68
-57 93
-56 86
-55 82
-54 105
-53 111
-52 119
-51 133
-50 153
-49 160
-48 185
-47 198
-46 212
-45 243
-44 253
-43 288
-42 305
-41 348
-40 402
-39 445
-38 472
-37 574
-36 613
-35 626
-34 762
-33 899
-32 922
-31 1022
-30 1217
-29 1395
-28 1634
-27 1841
-26 2216
-25 2486
-24 2993
-23 3407
-22 4164
-21 4944
-20 5787
-19 6921
-18 8340
-17 10008
-16 12806
-15 15976
-14 20154
-13 25392
-12 33807
-11 45003
-10 60834
-9 85562
-8 123576
-7 187459
-6 300274
-5 517812
-4 997043
-3 2303496
-2 5899178
-1 31953624
0 0
1 31954993
2 5896441
3 2302240
4 999736
5 518441
6 300428
7 186487
8 123021
9 85848
10 61093
11 45014
12 33641
13 25809
14 20104
15 15869
16 12683
17 10333
18 8464
19 7014
20 5759
21 4949
22 4099
23 3382
24 2815
25 2534
26 2246
27 1877
28 1632
29 1353
30 1166
31 1042
32 957
33 854
34 678
35 653
36 575
37 550
38 477
39 410
40 418
41 355
42 290
43 251
44 255
45 203
46 240
47 199
48 201
49 141
50 147
51 147
52 102
53 112
54 117
55 102
56 94
57 80
58 75
59 58
60 79
61 56
62 63
63 53
64 38
65 48
66 32
67 35
68 34
69 26
70 33
71 21
72 29
73 27
74 23
75 18
76 20
77 21
78 18
79 16
80 9
81 27
82 19
83 14
84 7
85 10
86 11
87 13
88 11
89 3
90 11
91 4
92 7
93 6
94 4
95 7
96 11
97 5
98 4
99 7
100 9
101 6
102 3
103 2
104 3
105 7
106 5
107 5
108 3
109 1
110 3
111 4
112 3
113 3
114 4
115 1
116 4
117 2
118 2
119 3
120 1
121 3
122 3
123 3
124 3
125 0
126 2
127 2
128 1
129 0
130 0
131 0
132 2
133 0
134 1
135 0
136 1
137 1
138 0
139 0
140 0
141 0
142 1
143 0
144 0
145 0
146 0
147 2
148 1
149 1
150 0
151 0
152 0
153 0
154 0
155 0
156 0
157 0
158 0
159 0
160 0
161 0
162 0
163 1
