-624 1
-623 0
-622 0
-621 0
-620 0
-619 0
-618 0
-617 0
-616 0
-615 0
-614 0
-613 0
-612 0
-611 0
-610 0
-609 1
-608 0
-607 1
-606 0
-605 0
-604 0
-603 0
-602 0
-601 0
-600 2
-599 0
-598 0
-597 0
-596 1
-595 0
-594 0
-593 0
-592 0
-591 1
-590 0
-589 0
-588 0
-587 0
-586 0
-585 0
-584 1
-583 1
-582 0
-581 1
-580 0
-579 0
-578 0
-577 0
-576 2
-575 0
-574 0
-573 1
-572 0
-571 0
-570 0
-569 0
-568 0
-567 0
-566 0
-565 0
-564 0
-563 2
-562 0
-561 0
-560 0
-559 0
-558 0
-557 0
-556 0
-555 0
-554 0
-553 2
-552 0
-551 0
-550 1
-549 0
-548 0
-547 0
-546 0
-545 0
-544 0
-543 0
-542 0
-541 0
-540 1
-539 1
-538 0
-537 1
-536 0
-535 2
-534 0
-533 0
-532 1
-531 0
-530 0
-529 0
-528 1
-527 1
-526 0
-525 0
-524 2
-523 0
-522 1
-521 0
-520 0
-519 1
-518 1
-517 0
-516 0
-515 0
-514 1
-513 3
-512 1
-511 0
-510 0
-509 0
-508 0
-507 1
-506 0
-505 0
-504 1
-503 0
-502 0
-501 2
-500 0
-499 1
-498 1
-497 2
-496 0
-495 2
-494 0
-493 0
-492 0
-491 0
-490 1
-489 1
-488 0
-487 0
-486 2
-485 0
-484 0
-483 0
-482 0
-481 2
-480 0
-479 0
-478 1
-477 2
-476 0
-475 1
-474 0
-473 1
-472 2
-471 1
-470 1
-469 1
-468 4
-467 1
-466 2
-465 0
-464 1
-463 0
-462 2
-461 3
-460 3
-459 1
-458 3
-457 1
-456 1
-455 1
-454 2
-453 3
-452 0
-451 1
-450 2
-449 1
-448 2
-447 2
-446 0
-445 6
-444 0
-443 0
-442 2
-441 1
-440 3
-439 3
-438 4
-437 3
-436 2
-435 1
-434 4
-433 1
-432 1
-431 1
-430 3
-429 3
-428 2
-427 1
-426 2
-425 4
-424 3
-423 3
-422 5
-421 1
-420 3
-419 3
-418 2
-417 3
-416 2
-415 0
-414 4
-413 3
-412 3
-411 5
-410 0
-409 0
-408 6
-407 3
-406 5
-405 1
-404 3
-403 6
-402 5
-401 4
-400 3
-399 1
-398 3
-397 7
-396 3
-395 2
-394 0
-393 3
-392 5
-391 3
-390 3
-389 8
-388 8
-387 4
-386 7
-385 5
-384 1
-383 5
-382 5
-381 2
-380 4
-379 4
-378 4
-377 0
-376 3
-375 2
-374 7
-373 5
-372 3
-371 5
-370 2
-369 6
-368 5
-367 8
-366 5
-365 6
-364 5
-363 5
-362 1
-361 3
-360 10
-359 13
-358 5
-357 6
-356 4
-355 8
-354 11
-353 2
-352 7
-351 4
-350 14
-349 5
-348 4
-347 13
-346 10
-345 8
-344 10
-343 8
-342 13
-341 6
-340 7
-339 5
-338 8
-337 9
-336 7
-335 12
-334 8
-333 5
-332 8
-331 7
-330 11
-329 13
-328 9
-327 13
-326 6
-325 10
-324 21
-323 5
-322 5
-321 12
-320 15
-319 16
-318 12
-317 11
-316 6
-315 9
-314 9
-313 14
-312 16
-311 6
-310 11
-309 8
-308 7
-307 10
-306 9
-305 18
-304 13
-303 11
-302 15
-301 16
-300 10
-299 13
-298 7
-297 21
-296 7
-295 15
-294 18
-293 18
-292 9
-291 19
-290 15
-289 14
-288 23
-287 19
-286 13
-285 23
-284 18
-283 20
-282 18
-281 12
-280 15
-279 13
-278 18
-277 16
-276 16
-275 22
-274 17
-273 18
-272 19
-271 19
-270 17
-269 22
-268 20
-267 27
-266 26
-265 22
-264 24
-263 20
-262 31
-261 15
-260 22
-259 19
-258 27
-257 29
-256 26
-255 26
-254 18
-253 25
-252 21
-251 30
-250 29
-249 26
-248 28
-247 23
-246 28
-245 20
-244 31
-243 26
-242 38
-241 22
-240 35
-239 40
-238 38
-237 29
-236 42
-235 30
-234 33
-233 39
-232 48
-231 34
-230 40
-229 42
-228 41
-227 38
-226 40
-225 42
-224 39
-223 41
-222 51
-221 27
-220 43
-219 35
-218 65
-217 43
-216 58
-215 48
-214 40
-213 59
-212 50
-211 52
-210 60
-209 58
-208 59
-207 62
-206 44
-205 67
-204 61
-203 52
-202 73
-201 77
-200 51
-199 67
-198 60
-197 82
-196 66
-195 86
-194 60
-193 73
-192 66
-191 79
-190 65
-189 66
-188 70
-187 68
-186 92
-185 84
-184 80
-183 82
-182 83
-181 83
-180 87
-179 84
-178 88
-177 99
-176 98
-175 103
-174 100
-173 115
-172 103
-171 118
-170 116
-169 96
-168 119
-167 113
-166 116
-165 100
-164 116
-163 126
-162 114
-161 121
-160 138
-159 112
-158 137
-157 99
-156 140
-155 118
-154 141
-153 127
-152 151
-151 139
-150 146
-149 151
-148 161
-147 161
-146 165
-145 161
-144 163
-143 181
-142 170
-141 177
-140 188
-139 180
-138 199
-137 206
-136 206
-135 202
-134 188
-133 239
-132 212
-131 217
-130 244
-129 230
-128 225
-127 220
-126 240
-125 246
-124 248
-123 267
-122 256
-121 253
-120 276
-119 264
-118 271
-117 316
-116 284
-115 338
-114 328
-113 338
-112 332
-111 336
-110 311
-109 358
-108 370
-107 371
-106 371
-105 369
-104 425
-103 384
-102 405
-101 473
-100 447
-99 452
-98 463
-97 483
-96 498
-95 536
-94 507
-93 548
-92 542
-91 538
-90 596
-89 610
-88 606
-87 588
-86 642
-85 649
-84 642
-83 735
-82 711
-81 714
-80 799
-79 749
-78 800
-77 838
-76 921
-75 894
-74 888
-73 993
-72 1019
-71 1029
-70 1049
-69 1144
-68 1155
-67 1226
-66 1208
-65 1320
-64 1304
-63 1344
-62 1404
-61 1472
-60 1503
-59 1563
-58 1641
-57 1689
-56 1802
-55 1849
-54 1980
-53 2123
-52 2059
-51 2300
-50 2363
-49 2582
-48 2508
-47 2785
-46 2889
-45 3041
-44 3160
-43 3302
-42 3408
-41 3717
-40 3896
-39 4126
-38 4349
-37 4740
-36 5148
-35 5329
-34 5577
-33 6112
-32 6653
-31 7105
-30 7578
-29 8227
-28 9060
-27 9609
-26 10649
-25 11562
-24 12973
-23 14013
-22 15674
-21 17041
-20 19431
-19 21741
-18 24644
-17 28217
-16 32332
-15 37515
-14 44475
-13 52214
-12 63364
-11 78191
-10 97677
-9 126995
-8 168812
-7 232434
-6 338878
-5 524281
-4 914778
-3 1805170
-2 4138859
-1 24800272
0 0
1 24795434
2 4150636
3 1812538
4 914031
5 521105
6 336018
7 231280
8 166064
9 125961
10 97331
11 77284
12 63425
13 52386
14 43664
15 37380
16 32309
17 28099
18 24453
19 21665
20 19679
21 17262
22 15484
23 14029
24 12787
25 11475
26 10750
27 9644
28 8902
29 8278
30 7695
31 6926
32 6408
33 6164
34 5654
35 5370
36 5109
37 4675
38 4366
39 3995
40 3937
41 3709
42 3583
43 3475
44 3194
45 3051
46 2835
47 2704
48 2618
49 2424
50 2399
51 2346
52 2163
53 2037
54 2000
55 1823
56 1833
57 1725
58 1618
59 1656
60 1507
61 1462
62 1358
63 1344
64 1361
65 1240
66 1248
67 1146
68 1104
69 1052
70 1103
71 994
72 1009
73 980
74 911
75 930
76 874
77 797
78 794
79 756
80 794
81 745
82 721
83 680
84 688
85 690
86 627
87 613
88 621
89 612
90 596
91 504
92 548
93 550
94 505
95 522
96 489
97 475
98 458
99 477
100 464
101 425
102 438
103 410
104 431
105 390
106 339
107 418
108 354
109 313
110 335
111 333
112 323
113 320
114 298
115 328
116 311
117 286
118 273
119 324
120 293
121 264
122 259
123 261
124 231
125 266
126 237
127 221
128 234
129 212
130 226
131 217
132 217
133 207
134 188
135 198
136 188
137 207
138 199
139 201
140 201
141 159
142 156
143 169
144 172
145 162
146 161
147 147
148 156
149 132
150 122
151 128
152 135
153 128
154 121
155 148
156 156
157 121
158 140
159 110
160 127
161 93
162 133
163 123
164 118
165 104
166 112
167 95
168 102
169 121
170 107
171 133
172 86
173 112
174 102
175 105
176 92
177 90
178 96
179 93
180 98
181 83
182 88
183 90
184 71
185 73
186 83
187 79
188 82
189 76
190 80
191 81
192 72
193 73
194 61
195 78
196 64
197 58
198 80
199 71
200 63
201 68
202 64
203 74
204 66
205 50
206 48
207 59
208 74
209 59
210 60
211 49
212 54
213 43
214 55
215 52
216 59
217 42
218 41
219 50
220 45
221 44
222 40
223 34
224 34
225 44
226 43
227 40
228 34
229 34
230 48
231 39
232 35
233 34
234 39
235 26
236 29
237 38
238 34
239 30
240 40
241 28
242 32
243 37
244 34
245 32
246 22
247 31
248 24
249 29
250 30
251 26
252 22
253 29
254 22
255 35
256 31
257 16
258 30
259 23
260 26
261 20
262 24
263 24
264 20
265 22
266 33
267 22
268 16
269 17
270 23
271 24
272 19
273 11
274 14
275 22
276 23
277 19
278 22
279 17
280 18
281 16
282 11
283 16
284 12
285 18
286 13
287 19
288 10
289 17
290 14
291 17
292 16
293 14
294 16
295 10
296 18
297 11
298 16
299 8
300 9
301 13
302 14
303 13
304 12
305 13
306 15
307 10
308 11
309 10
310 16
311 12
312 12
313 16
314 13
315 3
316 5
317 7
318 14
319 9
320 12
321 13
322 13
323 14
324 16
325 7
326 11
327 12
328 8
329 9
330 10
331 7
332 9
333 9
334 7
335 7
336 12
337 9
338 6
339 3
340 9
341 8
342 10
343 10
344 7
345 10
346 7
347 11
348 11
349 6
350 8
351 9
352 13
353 8
354 12
355 5
356 8
357 7
358 10
359 9
360 8
361 11
362 6
363 3
364 3
365 3
366 5
367 6
368 3
369 4
370 2
371 4
372 3
373 5
374 4
375 5
376 3
377 2
378 4
379 4
380 2
381 4
382 5
383 3
384 6
385 6
386 2
387 1
388 2
389 3
390 3
391 4
392 6
393 0
394 3
395 1
396 3
397 3
398 1
399 2
400 7
401 5
402 3
403 7
404 3
405 4
406 4
407 4
408 1
409 1
410 0
411 4
412 2
413 0
414 8
415 0
416 4
417 8
418 4
419 2
420 1
421 4
422 3
423 2
424 3
425 4
426 3
427 0
428 1
429 4
430 5
431 1
432 2
433 2
434 2
435 1
436 3
437 1
438 2
439 1
440 3
441 0
442 2
443 2
444 2
445 4
446 3
447 4
448 3
449 2
450 0
451 3
452 1
453 1
454 2
455 0
456 2
457 3
458 2
459 3
460 1
461 1
462 0
463 1
464 1
465 2
466 1
467 1
468 0
469 1
470 0
471 0
472 2
473 5
474 0
475 4
476 1
477 2
478 0
479 0
480 0
481 2
482 0
483 1
484 0
485 0
486 0
487 0
488 1
489 1
490 0
491 2
492 1
493 0
494 1
495 0
496 0
497 0
498 4
499 1
500 0
501 0
502 0
503 0
504 0
505 2
506 1
507 1
508 0
509 0
510 2
511 0
512 0
513 0
514 0
515 0
516 1
517 0
518 1
519 0
520 1
521 0
522 0
523 0
524 0
525 1
526 2
527 1
528 0
529 0
530 2
531 0
532 1
533 0
534 0
535 1
536 0
537 0
538 0
539 1
540 1
541 0
542 0
543 0
544 0
545 0
546 0
547 0
548 0
549 0
550 0
551 0
552 0
553 0
554 0
555 0
556 0
557 1
558 0
559 0
560 0
561 0
562 1
563 2
564 0
565 0
566 0
567 2
568 0
569 0
570 0
571 0
572 0
573 0
574 1
575 0
576 0
577 0
578 0
579 1
580 0
581 0
582 0
583 1
584 0
585 0
586 0
587 0
588 0
589 0
590 0
591 2
592 0
593 1
594 0
595 0
596 0
597 0
598 1
599 0
600 0
601 0
602 0
603 1
604 1
605 0
606 0
607 0
608 0
609 0
610 1
611 0
612 0
613 0
614 0
615 0
616 0
617 0
618 0
619 0
620 0
621 0
622 0
623 0
624 0
625 0
626 0
627 0
628 0
629 0
630 0
631 0
632 0
633 0
634 0
635 0
636 0
637 0
638 1
