0 1.0 0.0
1 0.3474 0.6526
2 0.3875 0.6125
3 0.3906 0.6094
4 0.4046 0.5954
5 0.4144 0.5856
6 0.4217 0.5783
7 0.4282 0.5718
8 0.4351 0.5649
9 0.4395 0.5605
10 0.4451 0.5549
11 0.4469 0.5531
12 0.4515 0.5485
13 0.4532 0.5468
14 0.4568 0.5432
15 0.4584 0.5416
16 0.4616 0.5384
17 0.4616 0.5384
18 0.4638 0.5362
19 0.465 0.535
20 0.4661 0.5339
21 0.4688 0.5312
22 0.4704 0.5296
23 0.4695 0.5305
24 0.4709 0.5291
25 0.4712 0.5288
26 0.4721 0.5279
27 0.4742 0.5258
28 0.4737 0.5263
29 0.4763 0.5237
30 0.4757 0.5243
31 0.4774 0.5226
32 0.4789 0.5211
33 0.4787 0.5213
34 0.4764 0.5236
35 0.4804 0.5196
36 0.479 0.521
37 0.48 0.52
38 0.4824 0.5176
39 0.4804 0.5196
40 0.4826 0.5174
41 0.4808 0.5192
42 0.482 0.518
43 0.4823 0.5177
44 0.4816 0.5184
45 0.4836 0.5164
46 0.482 0.518
47 0.4849 0.5151
48 0.4838 0.5162
49 0.4856 0.5144
50 0.4852 0.5148
51 0.4841 0.5159
52 0.4832 0.5168
53 0.4829 0.5171
54 0.4878 0.5122
55 0.4854 0.5146
56 0.4848 0.5152
57 0.4821 0.5179
58 0.485 0.515
59 0.4855 0.5145
60 0.4852 0.5148
61 0.4839 0.5161
62 0.4884 0.5116
63 0.4881 0.5119
64 0.4863 0.5137
65 0.4861 0.5139
66 0.4866 0.5134
67 0.4866 0.5134
68 0.4856 0.5144
69 0.4845 0.5155
70 0.4894 0.5106
71 0.4924 0.5076
72 0.4858 0.5142
73 0.49 0.51
74 0.4882 0.5118
75 0.4878 0.5122
76 0.4888 0.5112
77 0.4888 0.5112
78 0.4916 0.5084
79 0.4914 0.5086
80 0.4881 0.5119
81 0.4872 0.5128
82 0.4885 0.5115
83 0.49 0.51
84 0.4903 0.5097
85 0.4874 0.5126
86 0.4923 0.5077
87 0.4916 0.5084
88 0.491 0.509
89 0.492 0.508
90 0.492 0.508
91 0.4946 0.5054
92 0.4902 0.5098
93 0.4864 0.5136
94 0.4918 0.5082
95 0.4944 0.5056
96 0.4951 0.5049
97 0.4934 0.5066
98 0.4913 0.5087
99 0.49 0.51
100 0.4901 0.5099
101 0.4929 0.5071
102 0.4895 0.5105
103 0.4894 0.5106
104 0.4938 0.5062
105 0.4896 0.5104
106 0.4919 0.5081
107 0.4883 0.5117
108 0.4875 0.5125
109 0.4935 0.5065
110 0.4928 0.5072
111 0.4978 0.5022
112 0.495 0.505
113 0.4899 0.5101
114 0.4951 0.5049
115 0.4864 0.5136
116 0.498 0.502
117 0.4937 0.5063
118 0.4896 0.5104
119 0.4908 0.5092
120 0.4959 0.5041
121 0.4902 0.5098
122 0.4918 0.5082
123 0.4906 0.5094
124 0.4925 0.5075
125 0.494 0.506
126 0.493 0.507
127 0.4896 0.5104
128 0.4902 0.5098
129 0.4905 0.5095
130 0.4932 0.5068
131 0.4895 0.5105
132 0.4911 0.5089
133 0.4865 0.5135
134 0.4951 0.5049
135 0.4925 0.5075
136 0.4998 0.5002
137 0.4968 0.5032
138 0.4946 0.5054
139 0.4928 0.5072
140 0.4917 0.5083
141 0.4997 0.5003
142 0.4941 0.5059
143 0.4992 0.5008
144 0.4938 0.5062
145 0.4962 0.5038
146 0.4909 0.5091
147 0.4981 0.5019
148 0.494 0.506
149 0.4965 0.5035
150 0.4933 0.5067
151 0.4944 0.5056
152 0.4902 0.5098
153 0.4942 0.5058
154 0.4965 0.5035
155 0.4929 0.5071
156 0.4949 0.5051
157 0.4915 0.5085
158 0.495 0.505
159 0.4895 0.5105
160 0.4949 0.5051
161 0.4919 0.5081
162 0.4958 0.5042
163 0.4956 0.5044
164 0.4941 0.5059
165 0.4945 0.5055
166 0.496 0.504
167 0.4971 0.5029
168 0.4923 0.5077
169 0.4938 0.5062
170 0.4889 0.5111
171 0.4932 0.5068
172 0.49 0.51
173 0.4948 0.5052
174 0.4958 0.5042
175 0.4983 0.5017
176 0.4893 0.5107
177 0.4947 0.5053
178 0.5008 0.4992
179 0.495 0.505
180 0.491 0.509
181 0.4952 0.5048
182 0.4889 0.5111
183 0.4958 0.5042
184 0.4976 0.5024
185 0.4947 0.5053
186 0.4936 0.5064
187 0.4907 0.5093
188 0.4881 0.5119
189 0.4934 0.5066
190 0.4977 0.5023
191 0.4947 0.5053
192 0.49 0.51
193 0.4928 0.5072
194 0.4947 0.5053
195 0.4954 0.5046
196 0.4902 0.5098
197 0.4943 0.5057
198 0.5006 0.4994
199 0.492 0.508
200 0.4881 0.5119
201 0.4934 0.5066
202 0.4962 0.5038
203 0.4928 0.5072
204 0.4936 0.5064
205 0.4907 0.5093
206 0.4944 0.5056
207 0.4969 0.5031
208 0.4952 0.5048
209 0.4867 0.5133
210 0.4951 0.5049
211 0.4944 0.5056
212 0.4923 0.5077
213 0.496 0.504
214 0.5023 0.4977
215 0.4952 0.5048
216 0.4981 0.5019
217 0.4965 0.5035
218 0.4942 0.5058
219 0.4985 0.5015
220 0.4904 0.5096
221 0.4945 0.5055
222 0.497 0.503
223 0.4939 0.5061
224 0.499 0.501
225 0.4929 0.5071
226 0.494 0.506
227 0.4911 0.5089
228 0.4998 0.5002
229 0.502 0.498
230 0.4905 0.5095
231 0.4952 0.5048
232 0.4965 0.5035
233 0.5024 0.4976
234 0.5022 0.4978
235 0.4917 0.5083
236 0.4969 0.5031
237 0.4912 0.5088
238 0.4917 0.5083
239 0.4919 0.5081
240 0.4958 0.5042
241 0.4936 0.5064
242 0.5032 0.4968
243 0.4931 0.5069
244 0.5012 0.4988
245 0.5014 0.4986
246 0.4959 0.5041
247 0.5011 0.4989
248 0.4967 0.5033
249 0.4942 0.5058
250 0.4921 0.5079
251 0.4942 0.5058
252 0.5011 0.4989
253 0.4941 0.5059
254 0.4938 0.5062
255 0.4938 0.5062
256 0.4978 0.5022
257 0.5005 0.4995
258 0.5011 0.4989
259 0.4971 0.5029
260 0.4904 0.5096
261 0.4965 0.5035
262 0.4961 0.5039
263 0.4971 0.5029
264 0.5011 0.4989
265 0.4924 0.5076
266 0.4931 0.5069
267 0.4916 0.5084
268 0.4962 0.5038
269 0.498 0.502
270 0.4981 0.5019
271 0.4956 0.5044
272 0.4898 0.5102
273 0.4922 0.5078
274 0.4947 0.5053
275 0.4982 0.5018
276 0.4978 0.5022
277 0.4911 0.5089
278 0.4962 0.5038
279 0.498 0.502
280 0.4972 0.5028
281 0.4924 0.5076
282 0.4995 0.5005
283 0.4941 0.5059
284 0.4959 0.5041
285 0.4927 0.5073
286 0.4931 0.5069
287 0.4956 0.5044
288 0.4943 0.5057
289 0.4918 0.5082
290 0.4951 0.5049
291 0.4979 0.5021
292 0.4979 0.5021
293 0.4984 0.5016
294 0.4978 0.5022
295 0.4938 0.5062
296 0.5031 0.4969
297 0.4918 0.5082
298 0.4924 0.5076
299 0.4898 0.5102
300 0.4945 0.5055
301 0.4883 0.5117
302 0.4981 0.5019
303 0.492 0.508
304 0.502 0.498
305 0.4965 0.5035
306 0.4954 0.5046
307 0.5028 0.4972
308 0.4994 0.5006
309 0.494 0.506
310 0.4995 0.5005
311 0.4948 0.5052
312 0.4951 0.5049
313 0.4904 0.5096
314 0.5004 0.4996
315 0.4967 0.5033
316 0.503 0.497
317 0.495 0.505
318 0.4966 0.5034
319 0.4923 0.5077
320 0.4997 0.5003
321 0.5043 0.4957
322 0.4985 0.5015
323 0.4979 0.5021
324 0.5079 0.4921
325 0.4938 0.5062
326 0.4953 0.5047
327 0.4853 0.5147
328 0.4908 0.5092
329 0.4959 0.5041
330 0.4966 0.5034
331 0.4968 0.5032
332 0.4939 0.5061
333 0.4986 0.5014
334 0.5046 0.4954
335 0.4961 0.5039
336 0.4937 0.5063
337 0.499 0.501
338 0.5002 0.4998
339 0.504 0.496
340 0.4972 0.5028
341 0.4922 0.5078
342 0.4887 0.5113
343 0.4943 0.5057
344 0.499 0.501
345 0.5033 0.4967
346 0.4872 0.5128
347 0.4927 0.5073
348 0.5046 0.4954
349 0.4914 0.5086
350 0.5 0.5
351 0.4979 0.5021
352 0.4968 0.5032
353 0.4897 0.5103
354 0.4966 0.5034
355 0.495 0.505
356 0.4921 0.5079
357 0.4869 0.5131
358 0.4836 0.5164
359 0.4955 0.5045
360 0.498 0.502
361 0.4927 0.5073
362 0.4945 0.5055
363 0.4929 0.5071
364 0.5017 0.4983
365 0.5033 0.4967
366 0.5057 0.4943
367 0.4939 0.5061
368 0.4976 0.5024
369 0.4967 0.5033
370 0.4911 0.5089
371 0.4961 0.5039
372 0.4983 0.5017
373 0.5007 0.4993
374 0.4871 0.5129
375 0.4972 0.5028
376 0.4846 0.5154
377 0.4917 0.5083
378 0.4848 0.5152
379 0.4935 0.5065
380 0.4952 0.5048
381 0.4992 0.5008
382 0.4956 0.5044
383 0.5032 0.4968
384 0.5007 0.4993
385 0.4929 0.5071
386 0.4918 0.5082
387 0.4935 0.5065
388 0.4899 0.5101
389 0.4975 0.5025
390 0.4966 0.5034
391 0.4959 0.5041
392 0.5 0.5
393 0.4993 0.5007
394 0.4995 0.5005
395 0.4967 0.5033
396 0.5085 0.4915
397 0.4988 0.5012
398 0.5015 0.4985
399 0.5036 0.4964
400 0.5018 0.4982
401 0.502 0.498
402 0.5027 0.4973
403 0.4999 0.5001
404 0.4986 0.5014
405 0.4929 0.5071
406 0.4922 0.5078
407 0.4998 0.5002
408 0.5032 0.4968
409 0.4965 0.5035
410 0.4946 0.5054
411 0.497 0.503
412 0.5006 0.4994
413 0.4875 0.5125
414 0.4987 0.5013
415 0.4965 0.5035
416 0.4936 0.5064
417 0.4958 0.5042
418 0.4921 0.5079
419 0.4982 0.5018
420 0.501 0.499
421 0.4882 0.5118
422 0.5028 0.4972
423 0.5019 0.4981
424 0.4951 0.5049
425 0.4947 0.5053
426 0.4981 0.5019
427 0.501 0.499
428 0.4953 0.5047
429 0.4989 0.5011
430 0.4979 0.5021
431 0.4941 0.5059
432 0.4898 0.5102
433 0.4904 0.5096
434 0.4961 0.5039
435 0.4873 0.5127
436 0.4958 0.5042
437 0.495 0.505
438 0.5018 0.4982
439 0.5047 0.4953
440 0.4941 0.5059
441 0.489 0.511
442 0.498 0.502
443 0.4997 0.5003
444 0.4953 0.5047
445 0.499 0.501
446 0.4981 0.5019
447 0.4993 0.5007
448 0.4934 0.5066
449 0.4993 0.5007
450 0.4954 0.5046
451 0.4908 0.5092
452 0.5018 0.4982
453 0.4956 0.5044
454 0.4932 0.5068
455 0.4928 0.5072
456 0.5042 0.4958
457 0.4888 0.5112
458 0.4909 0.5091
459 0.4988 0.5012
460 0.507 0.493
461 0.4989 0.5011
462 0.4948 0.5052
463 0.498 0.502
464 0.4982 0.5018
465 0.5101 0.4899
466 0.4899 0.5101
467 0.4912 0.5088
468 0.4957 0.5043
469 0.4842 0.5158
470 0.4932 0.5068
471 0.4831 0.5169
472 0.4983 0.5017
473 0.4973 0.5027
474 0.4961 0.5039
475 0.4827 0.5173
476 0.4957 0.5043
477 0.4996 0.5004
478 0.4944 0.5056
479 0.4921 0.5079
480 0.4985 0.5015
481 0.4959 0.5041
482 0.4955 0.5045
483 0.4951 0.5049
484 0.4973 0.5027
485 0.498 0.502
486 0.4953 0.5047
487 0.4875 0.5125
488 0.491 0.509
489 0.4983 0.5017
490 0.4906 0.5094
491 0.4991 0.5009
492 0.49 0.51
493 0.4916 0.5084
494 0.5045 0.4955
495 0.4959 0.5041
496 0.4977 0.5023
497 0.5039 0.4961
498 0.5046 0.4954
499 0.4943 0.5057
500 0.4944 0.5056
501 0.5037 0.4963
502 0.4857 0.5143
503 0.4937 0.5063
504 0.4901 0.5099
505 0.498 0.502
506 0.4943 0.5057
507 0.4901 0.5099
508 0.4968 0.5032
509 0.5046 0.4954
510 0.4943 0.5057
511 0.4949 0.5051
512 0.4954 0.5046
513 0.4989 0.5011
514 0.4913 0.5087
515 0.4978 0.5022
516 0.5035 0.4965
517 0.5022 0.4978
518 0.4974 0.5026
519 0.495 0.505
520 0.4955 0.5045
521 0.4923 0.5077
522 0.502 0.498
523 0.4946 0.5054
524 0.4968 0.5032
525 0.4842 0.5158
526 0.4961 0.5039
527 0.4994 0.5006
528 0.4974 0.5026
529 0.4965 0.5035
530 0.4906 0.5094
531 0.5035 0.4965
532 0.4929 0.5071
533 0.5003 0.4997
534 0.4911 0.5089
535 0.4973 0.5027
536 0.4881 0.5119
537 0.4924 0.5076
538 0.4912 0.5088
539 0.4977 0.5023
540 0.4969 0.5031
541 0.4904 0.5096
542 0.4892 0.5108
543 0.4932 0.5068
544 0.4879 0.5121
545 0.4928 0.5072
546 0.4987 0.5013
547 0.4895 0.5105
548 0.4877 0.5123
549 0.5 0.5
550 0.5007 0.4993
551 0.4874 0.5126
552 0.5071 0.4929
553 0.4974 0.5026
554 0.4988 0.5012
555 0.4928 0.5072
556 0.4915 0.5085
557 0.4998 0.5002
558 0.4956 0.5044
559 0.489 0.511
560 0.4857 0.5143
561 0.4896 0.5104
562 0.4795 0.5205
563 0.4902 0.5098
564 0.4901 0.5099
565 0.4944 0.5056
566 0.493 0.507
567 0.4848 0.5152
568 0.4982 0.5018
569 0.4937 0.5063
570 0.4988 0.5012
571 0.5002 0.4998
572 0.5063 0.4937
573 0.4967 0.5033
574 0.5058 0.4942
575 0.4969 0.5031
576 0.4987 0.5013
577 0.4946 0.5054
578 0.4924 0.5076
579 0.4853 0.5147
580 0.5133 0.4867
581 0.4896 0.5104
582 0.4938 0.5062
583 0.5104 0.4896
584 0.5083 0.4917
585 0.4962 0.5038
586 0.5002 0.4998
587 0.501 0.499
588 0.4896 0.5104
589 0.4966 0.5034
590 0.5008 0.4992
591 0.4916 0.5084
592 0.5048 0.4952
593 0.5065 0.4935
594 0.5071 0.4929
595 0.5025 0.4975
596 0.4952 0.5048
597 0.506 0.494
598 0.4901 0.5099
599 0.4849 0.5151
600 0.4904 0.5096
601 0.5039 0.4961
602 0.4917 0.5083
603 0.4903 0.5097
604 0.4951 0.5049
605 0.4824 0.5176
606 0.5061 0.4939
607 0.4958 0.5042
608 0.4963 0.5037
609 0.492 0.508
610 0.4916 0.5084
611 0.4947 0.5053
612 0.4896 0.5104
613 0.4928 0.5072
614 0.4771 0.5229
615 0.4954 0.5046
616 0.498 0.502
617 0.5044 0.4956
618 0.494 0.506
619 0.4888 0.5112
620 0.4904 0.5096
621 0.4885 0.5115
622 0.4996 0.5004
623 0.4955 0.5045
624 0.4853 0.5147
625 0.4944 0.5056
626 0.497 0.503
627 0.5026 0.4974
628 0.5097 0.4903
629 0.4992 0.5008
630 0.4924 0.5076
631 0.4977 0.5023
632 0.4989 0.5011
633 0.493 0.507
634 0.5011 0.4989
635 0.5054 0.4946
636 0.4963 0.5037
637 0.5028 0.4972
638 0.5093 0.4907
639 0.4875 0.5125
640 0.5117 0.4883
641 0.4936 0.5064
642 0.5119 0.4881
643 0.4905 0.5095
644 0.4964 0.5036
645 0.485 0.515
646 0.4965 0.5035
647 0.4932 0.5068
648 0.503 0.497
649 0.4776 0.5224
650 0.5064 0.4936
651 0.5001 0.4999
652 0.4916 0.5084
653 0.4869 0.5131
654 0.5062 0.4938
655 0.509 0.491
656 0.496 0.504
657 0.4953 0.5047
658 0.4889 0.5111
659 0.4908 0.5092
660 0.4963 0.5037
661 0.5022 0.4978
662 0.5 0.5
663 0.4791 0.5209
664 0.4877 0.5123
665 0.5122 0.4878
666 0.4882 0.5118
667 0.5097 0.4903
668 0.4989 0.5011
669 0.4955 0.5045
670 0.5057 0.4943
671 0.5079 0.4921
672 0.4926 0.5074
673 0.5127 0.4873
674 0.5075 0.4925
675 0.4982 0.5018
676 0.4905 0.5095
677 0.5051 0.4949
678 0.4966 0.5034
679 0.5061 0.4939
680 0.5031 0.4969
681 0.5018 0.4982
682 0.4885 0.5115
683 0.5022 0.4978
684 0.5077 0.4923
685 0.4841 0.5159
686 0.5027 0.4973
687 0.4967 0.5033
688 0.5013 0.4987
689 0.5053 0.4947
690 0.5069 0.4931
691 0.4887 0.5113
692 0.4924 0.5076
693 0.5091 0.4909
694 0.4818 0.5182
695 0.4981 0.5019
696 0.4995 0.5005
697 0.4796 0.5204
698 0.5105 0.4895
699 0.5023 0.4977
700 0.4928 0.5072
701 0.478 0.522
702 0.4883 0.5117
703 0.4942 0.5058
704 0.4963 0.5037
705 0.4891 0.5109
706 0.4904 0.5096
707 0.4872 0.5128
708 0.4922 0.5078
709 0.4884 0.5116
710 0.4947 0.5053
711 0.4874 0.5126
712 0.5023 0.4977
713 0.4916 0.5084
714 0.4966 0.5034
715 0.5108 0.4892
716 0.4856 0.5144
717 0.4979 0.5021
718 0.4896 0.5104
719 0.5058 0.4942
720 0.4937 0.5063
721 0.4887 0.5113
722 0.4904 0.5096
723 0.4779 0.5221
724 0.5163 0.4837
725 0.4849 0.5151
726 0.4927 0.5073
727 0.4889 0.5111
728 0.5039 0.4961
729 0.4981 0.5019
730 0.4878 0.5122
731 0.4941 0.5059
732 0.5024 0.4976
733 0.4877 0.5123
734 0.5131 0.4869
735 0.5027 0.4973
736 0.4849 0.5151
737 0.5034 0.4966
738 0.4716 0.5284
739 0.5088 0.4912
740 0.4934 0.5066
741 0.481 0.519
742 0.489 0.511
743 0.5103 0.4897
744 0.5026 0.4974
745 0.4836 0.5164
746 0.4929 0.5071
747 0.4868 0.5132
748 0.5108 0.4892
749 0.4971 0.5029
750 0.4969 0.5031
751 0.487 0.513
752 0.508 0.492
753 0.4957 0.5043
754 0.5018 0.4982
755 0.4855 0.5145
756 0.4933 0.5067
757 0.485 0.515
758 0.4782 0.5218
759 0.4888 0.5112
760 0.4945 0.5055
761 0.5018 0.4982
762 0.492 0.508
763 0.5061 0.4939
764 0.4895 0.5105
765 0.5089 0.4911
766 0.4878 0.5122
767 0.4794 0.5206
768 0.487 0.513
769 0.4736 0.5264
770 0.4951 0.5049
771 0.4772 0.5228
772 0.487 0.513
773 0.4939 0.5061
774 0.4632 0.5368
775 0.4892 0.5108
776 0.4948 0.5052
777 0.4861 0.5139
778 0.5188 0.4812
779 0.4924 0.5076
780 0.4836 0.5164
781 0.4882 0.5118
782 0.4791 0.5209
783 0.4926 0.5074
784 0.5013 0.4987
785 0.4917 0.5083
786 0.48 0.52
787 0.5116 0.4884
788 0.5034 0.4966
789 0.4839 0.5161
790 0.4936 0.5064
791 0.4852 0.5148
792 0.4941 0.5059
793 0.4798 0.5202
794 0.4908 0.5092
795 0.4966 0.5034
796 0.4783 0.5217
797 0.4933 0.5067
798 0.5116 0.4884
799 0.5086 0.4914
800 0.4801 0.5199
801 0.4814 0.5186
802 0.5017 0.4983
803 0.4856 0.5144
804 0.4981 0.5019
805 0.4847 0.5153
806 0.4871 0.5129
807 0.471 0.529
808 0.5003 0.4997
809 0.5194 0.4806
810 0.5123 0.4877
811 0.4997 0.5003
812 0.5036 0.4964
813 0.4986 0.5014
814 0.4989 0.5011
815 0.5032 0.4968
816 0.501 0.499
817 0.5046 0.4954
818 0.4979 0.5021
819 0.4884 0.5116
820 0.482 0.518
821 0.4725 0.5275
822 0.5129 0.4871
823 0.4989 0.5011
824 0.4873 0.5127
825 0.4814 0.5186
826 0.4818 0.5182
827 0.5042 0.4958
828 0.4885 0.5115
829 0.5074 0.4926
830 0.4886 0.5114
831 0.4827 0.5173
832 0.5038 0.4962
833 0.5108 0.4892
834 0.5138 0.4862
835 0.5079 0.4921
836 0.4958 0.5042
837 0.5006 0.4994
838 0.4932 0.5068
839 0.5034 0.4966
840 0.5086 0.4914
841 0.4849 0.5151
842 0.4975 0.5025
843 0.4924 0.5076
844 0.508 0.492
845 0.4888 0.5112
846 0.5089 0.4911
847 0.4906 0.5094
848 0.51 0.49
849 0.4961 0.5039
850 0.4863 0.5137
851 0.4934 0.5066
852 0.5054 0.4946
853 0.4889 0.5111
854 0.5123 0.4877
855 0.4751 0.5249
856 0.4854 0.5146
857 0.5137 0.4863
858 0.4731 0.5269
859 0.4967 0.5033
860 0.5059 0.4941
861 0.5016 0.4984
862 0.4815 0.5185
863 0.4908 0.5092
864 0.4924 0.5076
865 0.4886 0.5114
866 0.5013 0.4987
867 0.5024 0.4976
868 0.4862 0.5138
869 0.5028 0.4972
870 0.5017 0.4983
871 0.5191 0.4809
872 0.4715 0.5285
873 0.5024 0.4976
874 0.4936 0.5064
875 0.4996 0.5004
876 0.5075 0.4925
877 0.4833 0.5167
878 0.5053 0.4947
879 0.4916 0.5084
880 0.4723 0.5277
881 0.486 0.514
882 0.4862 0.5138
883 0.4765 0.5235
884 0.5102 0.4898
885 0.4824 0.5176
886 0.4798 0.5202
887 0.5141 0.4859
888 0.4873 0.5127
889 0.4751 0.5249
890 0.4814 0.5186
891 0.5115 0.4885
892 0.4727 0.5273
893 0.4941 0.5059
894 0.4996 0.5004
895 0.5089 0.4911
896 0.4707 0.5293
897 0.4847 0.5153
898 0.5008 0.4992
899 0.4932 0.5068
900 0.497 0.503
901 0.503 0.497
902 0.4725 0.5275
903 0.5103 0.4897
904 0.5021 0.4979
905 0.4896 0.5104
906 0.5102 0.4898
907 0.4673 0.5327
908 0.5162 0.4838
909 0.4784 0.5216
910 0.4679 0.5321
911 0.4933 0.5067
912 0.4873 0.5127
913 0.5139 0.4861
914 0.4934 0.5066
915 0.5066 0.4934
916 0.5084 0.4916
917 0.489 0.511
918 0.5111 0.4889
919 0.5022 0.4978
920 0.5373 0.4627
921 0.505 0.495
922 0.5124 0.4876
923 0.4685 0.5315
924 0.4884 0.5116
925 0.4849 0.5151
926 0.5052 0.4948
927 0.4982 0.5018
928 0.4849 0.5151
929 0.5187 0.4813
930 0.49 0.51
931 0.5026 0.4974
932 0.5129 0.4871
933 0.516 0.484
934 0.502 0.498
935 0.485 0.515
936 0.4872 0.5128
937 0.4869 0.5131
938 0.4971 0.5029
939 0.5004 0.4996
940 0.4942 0.5058
941 0.5186 0.4814
942 0.4718 0.5282
943 0.5145 0.4855
944 0.4902 0.5098
945 0.4862 0.5138
946 0.4793 0.5207
947 0.5031 0.4969
948 0.4934 0.5066
949 0.4589 0.5411
950 0.5171 0.4829
951 0.5018 0.4982
952 0.5036 0.4964
953 0.4964 0.5036
954 0.5 0.5
955 0.4568 0.5432
956 0.5061 0.4939
957 0.5031 0.4969
958 0.494 0.506
959 0.4816 0.5184
960 0.4874 0.5126
961 0.5142 0.4858
962 0.4838 0.5162
963 0.5051 0.4949
964 0.4806 0.5194
965 0.4854 0.5146
966 0.4745 0.5255
967 0.5075 0.4925
968 0.5087 0.4913
969 0.494 0.506
970 0.4863 0.5137
971 0.5039 0.4961
972 0.513 0.487
973 0.5099 0.4901
974 0.5018 0.4982
975 0.5054 0.4946
976 0.5126 0.4874
977 0.4864 0.5136
978 0.5206 0.4794
979 0.4862 0.5138
980 0.4863 0.5137
981 0.5143 0.4857
982 0.504 0.496
983 0.4965 0.5035
984 0.481 0.519
985 0.5179 0.4821
986 0.5061 0.4939
987 0.5378 0.4622
988 0.451 0.549
989 0.4873 0.5127
990 0.4828 0.5172
991 0.5126 0.4874
992 0.4933 0.5067
993 0.4796 0.5204
994 0.5169 0.4831
995 0.5124 0.4876
996 0.4936 0.5064
997 0.501 0.499
998 0.4788 0.5212
999 0.5186 0.4814
1000 0.5045 0.4955
1001 0.504 0.496
1002 0.4893 0.5107
1003 0.4735 0.5265
1004 0.4532 0.5468
1005 0.4994 0.5006
1006 0.5103 0.4897
1007 0.4831 0.5169
1008 0.4961 0.5039
1009 0.4995 0.5005
1010 0.4989 0.5011
1011 0.5132 0.4868
1012 0.4817 0.5183
1013 0.5212 0.4788
1014 0.5148 0.4852
1015 0.5045 0.4955
1016 0.4875 0.5125
1017 0.4924 0.5076
1018 0.5028 0.4972
1019 0.4811 0.5189
1020 0.5232 0.4768
1021 0.4989 0.5011
1022 0.491 0.509
1023 0.4885 0.5115
1024 0.5281 0.4719
1025 0.505 0.495
1026 0.503 0.497
1027 0.511 0.489
1028 0.5153 0.4847
1029 0.4592 0.5408
1030 0.4825 0.5175
1031 0.5059 0.4941
1032 0.486 0.514
1033 0.4756 0.5244
1034 0.5115 0.4885
1035 0.4655 0.5345
1036 0.5467 0.4533
1037 0.521 0.479
1038 0.4699 0.5301
1039 0.5304 0.4696
1040 0.4982 0.5018
1041 0.4959 0.5041
1042 0.4775 0.5225
1043 0.4669 0.5331
1044 0.509 0.491
1045 0.5192 0.4808
1046 0.4942 0.5058
1047 0.4848 0.5152
1048 0.5051 0.4949
1049 0.4896 0.5104
1050 0.4976 0.5024
1051 0.4908 0.5092
1052 0.526 0.474
1053 0.5069 0.4931
1054 0.5341 0.4659
1055 0.4906 0.5094
1056 0.4708 0.5292
1057 0.5053 0.4947
1058 0.5052 0.4948
1059 0.5023 0.4977
1060 0.477 0.523
1061 0.4916 0.5084
1062 0.4911 0.5089
1063 0.5095 0.4905
1064 0.5322 0.4678
1065 0.5076 0.4924
1066 0.5 0.5
1067 0.4898 0.5102
1068 0.4796 0.5204
1069 0.5309 0.4691
1070 0.5222 0.4778
1071 0.485 0.515
1072 0.507 0.493
1073 0.4848 0.5152
1074 0.4815 0.5185
1075 0.4833 0.5167
1076 0.4916 0.5084
1077 0.5191 0.4809
1078 0.5171 0.4829
1079 0.5166 0.4834
1080 0.5072 0.4928
1081 0.4852 0.5148
1082 0.4922 0.5078
1083 0.4814 0.5186
1084 0.4979 0.5021
1085 0.4761 0.5239
1086 0.4884 0.5116
1087 0.4907 0.5093
1088 0.4501 0.5499
1089 0.4992 0.5008
1090 0.4985 0.5015
1091 0.4904 0.5096
1092 0.4885 0.5115
1093 0.5152 0.4848
1094 0.4789 0.5211
1095 0.4907 0.5093
1096 0.4937 0.5063
1097 0.4692 0.5308
1098 0.5144 0.4856
1099 0.4893 0.5107
1100 0.4857 0.5143
1101 0.4594 0.5406
1102 0.5028 0.4972
1103 0.5091 0.4909
1104 0.4754 0.5246
1105 0.4907 0.5093
1106 0.506 0.494
1107 0.481 0.519
1108 0.4937 0.5063
1109 0.4946 0.5054
1110 0.4991 0.5009
1111 0.4947 0.5053
1112 0.4762 0.5238
1113 0.475 0.525
1114 0.4932 0.5068
1115 0.4952 0.5048
1116 0.5067 0.4933
1117 0.5055 0.4945
1118 0.4921 0.5079
1119 0.4511 0.5489
1120 0.4489 0.5511
1121 0.5292 0.4708
1122 0.4429 0.5571
1123 0.4571 0.5429
1124 0.4832 0.5168
1125 0.5032 0.4968
1126 0.4764 0.5236
1127 0.4472 0.5528
1128 0.5252 0.4748
1129 0.4926 0.5074
1130 0.4458 0.5542
1131 0.4654 0.5346
1132 0.5197 0.4803
1133 0.4818 0.5182
1134 0.5246 0.4754
1135 0.4419 0.5581
1136 0.4543 0.5457
1137 0.456 0.544
1138 0.4251 0.5749
1139 0.4644 0.5356
1140 0.4814 0.5186
1141 0.4932 0.5068
1142 0.5428 0.4572
1143 0.436 0.564
1144 0.5344 0.4656
1145 0.4672 0.5328
1146 0.4831 0.5169
1147 0.5073 0.4927
1148 0.5513 0.4487
1149 0.4774 0.5226
1150 0.5052 0.4948
1151 0.5332 0.4668
1152 0.5013 0.4987
1153 0.5 0.5
1154 0.4841 0.5159
1155 0.4709 0.5291
1156 0.4719 0.5281
1157 0.4759 0.5241
1158 0.5016 0.4984
1159 0.5204 0.4796
1160 0.4401 0.5599
1161 0.5121 0.4879
1162 0.4847 0.5153
1163 0.4936 0.5064
1164 0.4788 0.5212
1165 0.4679 0.5321
1166 0.4677 0.5323
1167 0.5118 0.4882
1168 0.4894 0.5106
1169 0.5414 0.4586
1170 0.4672 0.5328
1171 0.4561 0.5439
1172 0.4467 0.5533
1173 0.4964 0.5036
1174 0.4774 0.5226
1175 0.5 0.5
1176 0.4952 0.5048
1177 0.4812 0.5188
1178 0.4873 0.5127
1179 0.4678 0.5322
1180 0.4917 0.5083
1181 0.5018 0.4982
1182 0.4492 0.5508
1183 0.4771 0.5229
1184 0.5044 0.4956
1185 0.5021 0.4979
1186 0.5072 0.4928
1187 0.4921 0.5079
1188 0.4883 0.5117
1189 0.5163 0.4837
1190 0.512 0.488
1191 0.4858 0.5142
1192 0.4601 0.5399
1193 0.4792 0.5208
1194 0.4153 0.5847
1195 0.4645 0.5355
1196 0.51 0.49
1197 0.5094 0.4906
1198 0.4796 0.5204
1199 0.5054 0.4946
1200 0.5543 0.4457
1201 0.5408 0.4592
1202 0.4952 0.5048
1203 0.4778 0.5222
1204 0.4894 0.5106
1205 0.4647 0.5353
1206 0.497 0.503
1207 0.4557 0.5443
1208 0.5031 0.4969
1209 0.4679 0.5321
1210 0.5353 0.4647
1211 0.4286 0.5714
1212 0.4725 0.5275
1213 0.4945 0.5055
1214 0.4922 0.5078
1215 0.5025 0.4975
1216 0.4914 0.5086
1217 0.5269 0.4731
1218 0.5204 0.4796
1219 0.4419 0.5581
1220 0.5161 0.4839
1221 0.4656 0.5344
1222 0.495 0.505
1223 0.5868 0.4132
1224 0.5753 0.4247
1225 0.4962 0.5038
1226 0.475 0.525
1227 0.5764 0.4236
1228 0.5203 0.4797
1229 0.4902 0.5098
1230 0.4771 0.5229
1231 0.4823 0.5177
1232 0.4581 0.5419
1233 0.4444 0.5556
1234 0.4752 0.5248
1235 0.5102 0.4898
1236 0.4702 0.5298
1237 0.4969 0.5031
1238 0.4453 0.5547
1239 0.4646 0.5354
1240 0.5323 0.4677
1241 0.5462 0.4538
1242 0.425 0.575
1243 0.4 0.6
1244 0.4835 0.5165
1245 0.4854 0.5146
1246 0.4141 0.5859
1247 0.505 0.495
1248 0.4667 0.5333
1249 0.4245 0.5755
1250 0.4766 0.5234
1251 0.4804 0.5196
1252 0.5114 0.4886
1253 0.5354 0.4646
1254 0.4681 0.5319
1255 0.5714 0.4286
1256 0.4862 0.5138
1257 0.4898 0.5102
1258 0.4651 0.5349
1259 0.4943 0.5057
1260 0.5631 0.4369
1261 0.5045 0.4955
1262 0.4894 0.5106
1263 0.56 0.44
1264 0.5614 0.4386
1265 0.5204 0.4796
1266 0.4787 0.5213
1267 0.5213 0.4787
1268 0.5238 0.4762
1269 0.5048 0.4952
1270 0.5 0.5
1271 0.575 0.425
1272 0.4841 0.5159
1273 0.5203 0.4797
1274 0.4673 0.5327
1275 0.5657 0.4343
1276 0.5614 0.4386
1277 0.5333 0.4667
1278 0.3879 0.6121
1279 0.5 0.5
1280 0.486 0.514
1281 0.4839 0.5161
1282 0.598 0.402
1283 0.4312 0.5688
1284 0.4194 0.5806
1285 0.4886 0.5114
1286 0.5149 0.4851
1287 0.4368 0.5632
1288 0.4198 0.5802
1289 0.4744 0.5256
1290 0.4853 0.5147
1291 0.5217 0.4783
1292 0.4688 0.5312
1293 0.5147 0.4853
1294 0.493 0.507
1295 0.4688 0.5312
1296 0.5283 0.4717
1297 0.4603 0.5397
1298 0.5161 0.4839
1299 0.4861 0.5139
1300 0.4545 0.5455
1301 0.4821 0.5179
1302 0.4746 0.5254
1303 0.5106 0.4894
1304 0.5319 0.4681
1305 0.4103 0.5897
1306 0.4848 0.5152
1307 0.4167 0.5833
1308 0.5312 0.4688
1309 0.5122 0.4878
1310 0.4211 0.5789
1311 0.5814 0.4186
1312 0.5208 0.4792
1313 0.5652 0.4348
1314 0.5 0.5
1315 0.4468 0.5532
1316 0.4082 0.5918
1317 0.5 0.5
1318 0.4808 0.5192
1319 0.3673 0.6327
1320 0.5238 0.4762
1321 0.42 0.58
1322 0.5476 0.4524
1323 0.4894 0.5106
1324 0.5455 0.4545
1325 0.3902 0.6098
1326 0.7021 0.2979
1327 0.5167 0.4833
1328 0.3261 0.6739
1329 0.4828 0.5172
1330 0.4333 0.5667
1331 0.3871 0.6129
1332 0.5 0.5
1333 0.625 0.375
1334 0.5238 0.4762
1335 0.5806 0.4194
1336 0.5128 0.4872
1337 0.4483 0.5517
1338 0.4412 0.5588
1339 0.3793 0.6207
1340 0.2105 0.7895
1341 0.125 0.875
1342 0.75 0.25
1343 0.75 0.25
1344 0.619 0.381
1345 0.619 0.381
1346 0.5769 0.4231
1347 0.4211 0.5789
1348 0.5517 0.4483
1349 0.5143 0.4857
1350 0.5641 0.4359
1351 0.4359 0.5641
1352 0.4688 0.5312
1353 0.4615 0.5385
1354 0.5 0.5
1355 0.4545 0.5455
1356 0.619 0.381
1357 0.5 0.5
1358 0.5385 0.4615
1359 0.44 0.56
1360 0.5357 0.4643
1361 0.4074 0.5926
1362 0.5 0.5
1363 0.3333 0.6667
1364 0.5217 0.4783
1365 0.3704 0.6296
1366 0.3478 0.6522
1367 0.64 0.36
1368 0.4333 0.5667
1369 0.1875 0.8125
1370 0.5217 0.4783
1371 0.1667 0.8333
1372 0.6364 0.3636
1373 0.5 0.5
1374 0.5294 0.4706
1375 0.45 0.55
1376 0.2353 0.7647
1377 0.1667 0.8333
1378 0.2 0.8
1379 0.5 0.5
1380 0.375 0.625
1381 0.25 0.75
1382 0.2 0.8
1383 0.0 1.0
1385 1.0 0.0
1386 1.0 0.0
1387 0.3333 0.6667
1388 1.0 0.0
1391 0.0 1.0
1392 0.0 1.0
1394 0.0 1.0
