0 0 0
1 2.1209438980639574 0.0
2 2.326145989344202 0.0
3 2.635001122502432 -0.6848352056182823
4 2.9204876380437006 -0.8979236625973036
5 3.164479428998089 -1.141841053130245
6 3.3738039020753074 -1.2880925164380654
7 3.5595410073500044 -1.4475919498479835
8 3.7357316708099595 -1.5584668779138475
9 3.894016486213079 -1.6704389404226834
10 4.029056062314236 -1.7521212764358134
11 4.166790599879485 -1.8415286585915662
12 4.295148286373608 -1.9039836625550388
13 4.42121321453222 -1.9725684538781938
14 4.544281012137421 -2.0262403177206036
15 4.6455143871082525 -2.082253002183406
16 4.754029510764005 -2.125555303483408
17 4.850031443418396 -2.175684741319946
18 4.948912493677289 -2.216334644220707
19 5.047898609151381 -2.2488678278688523
20 5.132341110217216 -2.283480217104042
21 5.216912026171681 -2.2991312651388114
22 5.313598074608905 -2.34661597990632
23 5.372495620321708 -2.3720301357930795
24 5.456931966200194 -2.3906616386698665
25 5.574791555792088 -2.4090252916041113
26 5.635228098957848 -2.464153889297327
27 5.712934917676297 -2.4798232648325627
28 5.751481969372633 -2.5037033961637465
29 5.828425041813986 -2.5313955104593786
30 5.901124544403947 -2.538517882172085
31 5.982450453787738 -2.556079817281212
32 6.019044630572787 -2.573545575881291
33 6.1417287180519216 -2.61056654266049
34 6.103264016846539 -2.6299404836749236
35 6.242466600360205 -2.6333438854261044
36 6.304501742160279 -2.6572632907683116
37 6.316695652173913 -2.662505416261667
38 6.439481573448808 -2.696830550776612
39 6.4022424017790955 -2.716866425635184
40 6.484037826859609 -2.744232569472051
41 6.569291364644358 -2.7310420936465394
42 6.71988458764126 -2.7424523323003642
43 6.6980764548332115 -2.766873034999515
44 6.705348425125664 -2.80499001996008
45 6.754324115897323 -2.8323786864058276
46 6.796092050528565 -2.837628672326997
47 6.841009414430252 -2.8506119177533216
48 6.843250973226344 -2.8057801290403606
49 7.038684403819473 -2.8446816045328696
50 6.922893081761006 -2.870618573634243
51 7.108196862982327 -2.862681202022408
52 7.107366736317966 -2.8881158621639775
53 7.10457906581546 -2.870604906562749
54 7.171319560766797 -2.9115997881317237
55 7.355218216318786 -2.882572313857914
56 7.323158914728682 -2.9301610208111804
57 7.371712864250178 -2.9226916755293435
58 7.368464261891323 -2.9629680861574945
59 7.358887381275441 -3.012432279453384
60 7.486501050816403 -2.9329350230510016
61 7.4906877189081005 -3.010287373248622
62 7.4043869516310465 -3.0472956951001313
63 7.635363211312578 -2.9756718777445985
64 7.676562139727922 -3.0172448232239164
65 7.471214721022425 -2.973333333333333
66 7.675350460261115 -2.994263686843192
67 7.7259222883800875 -3.0654659138630955
68 7.8669141706519 -3.015246658103801
69 7.765002260835863 -3.0389978213507627
70 7.810119979134064 -3.1057720990354976
71 7.993635588215996 -3.0894780867405136
72 7.970224832894471 -3.1277756629869304
73 7.798487452732898 -3.1158771473191047
74 7.931348850058706 -3.1262222689517403
75 7.9303143390268405 -3.042760065536784
76 7.903365280680262 -3.1233881300945994
77 8.052069425901202 -3.0980555787365436
78 8.071637976396302 -3.1149193548387095
79 8.167699048194592 -3.1357447906216858
80 8.137991734272157 -3.1671422395157802
81 8.192505743484116 -3.1359616910014982
82 8.159336233285002 -3.1858045668634114
83 8.331907682375727 -3.2120873478510377
84 8.294474504017051 -3.205384094129243
85 8.293683415820821 -3.193453682303704
86 8.374945966975016 -3.139179068496673
87 8.29731595753862 -3.2760851284041657
88 8.232811675751714 -3.258480524992654
89 8.448614521220625 -3.2538392945605867
90 8.272363150867823 -3.331653259454588
91 8.266654581709417 -3.274208329090724
92 8.674771480804388 -3.2159929878973808
93 8.648806166572664 -3.2259983588621446
94 8.346390970312056 -3.2353625436215587
95 8.688791124713083 -3.1858151476251604
96 8.639756944444445 -3.2129702615549984
97 8.58238663947956 -3.3344974078341014
98 8.494139849026618 -3.264181818181818
99 8.587351220496268 -3.313034891375905
100 8.804645927138763 -3.3398381195254463
101 9.056180935660436 -3.309898102200841
102 8.941887347625052 -3.2672746003281317
103 8.902331578381864 -3.244322145570111
104 8.868897122929381 -3.2778766662711125
105 9.006864481842339 -3.387394525214911
106 8.431429529451213 -3.3272225113076894
107 9.375296108291032 -3.2618703302000482
108 9.035677173536543 -3.2765905283373513
109 8.6556483414521 -3.4357857711151123
110 8.960752811567593 -3.448558804965285
111 8.767558139534884 -3.277612711535977
112 9.077586206896552 -3.3134526460010276
113 8.83552865788537 -3.3635586701991285
114 9.173033169680277 -3.277826353064615
115 8.994305521168606 -3.4107766143106457
116 9.359663241302464 -3.334176072234763
117 9.187764764515325 -3.3487987853889436
118 9.07553820974443 -3.321169517327841
119 9.347564102564103 -3.353416205426005
120 9.201100166304208 -3.305350938151494
121 9.23997378768021 -3.401619245894055
122 9.304837640821736 -3.355222337125129
123 9.329333333333333 -3.4291067786158154
124 9.331179321486267 -3.421341287404984
125 9.180983252296055 -3.4395604395604398
126 9.598669020779573 -3.291340115854549
127 9.690027322404372 -3.559473940574769
128 9.303004891684138 -3.393964794635373
129 9.37129775361282 -3.334906133922297
130 9.183442951100943 -3.3911504424778762
131 9.03223949337939 -3.39305916526525
132 9.70827819438318 -3.4917032825019385
133 9.631736976429966 -3.478145901384352
134 9.271289714202814 -3.3958731169106726
135 9.533792048929664 -3.3914463119580343
136 9.303238322638412 -3.5070787852588348
137 9.659205455084495 -3.5370550161812297
138 9.331914893617022 -3.515949918345128
139 9.867118853090798 -3.5444070007609523
140 9.54265000771248 -3.4227277698785956
141 9.347805933250926 -3.355787476280835
142 9.562122656498252 -3.4480270825240025
143 9.67359413202934 -3.46450452475971
144 9.984955028618153 -3.493951956385939
145 9.888362545397126 -3.6036976124312368
146 10.009199934286183 -3.4878034814475494
147 9.693976683937823 -3.494650686933645
148 9.420674682698731 -3.567606527129101
149 9.965753424657533 -3.4354022453609447
150 9.839300722810556 -3.4006353688669253
151 9.30462658118177 -3.52467779295599
152 9.711882229232387 -3.530070930440484
153 10.059468723221936 -3.6080941690431407
154 9.95298468040148 -3.5746053197370844
155 9.989851268591426 -3.679911969678445
156 9.877958968963704 -3.5501517873737685
157 9.97084917617237 -3.5326742523161103
158 9.697077690662866 -3.482797447766796
159 9.918442321822189 -3.487631184407796
160 9.519661889011394 -3.499904912836767
161 9.64996328928047 -3.6128909471547295
162 9.97093451066961 -3.525314414704934
163 10.172807181597157 -3.5256426735218507
164 9.649478672985781 -3.5155086446933885
165 9.690754716981132 -3.503506127531293
166 10.84361275539431 -3.4507135745104547
167 9.812978560490047 -3.450544313096908
168 10.140939597315436 -3.5899939803357634
169 10.086837473107764 -3.4602372287370264
170 10.018422106527833 -3.5547554347826087
171 9.726396143029328 -3.560841401406979
172 10.056543837357053 -3.553963372011743
173 10.239055182243941 -3.55800792303339
174 9.962576687116565 -3.5814582739960126
175 9.82131079967024 -3.641117222658761
176 11.098377922898672 -3.682677387501763
177 10.46422558922559 -3.4950708786068936
178 10.333542058025465 -3.4619755244755246
179 10.301715011645141 -3.508699434536755
180 10.356013001083424 -3.6627729812087355
181 10.022037966397557 -3.607837360047142
182 10.139529724933452 -3.66115460598522
183 10.59157667386609 -3.749944382647386
184 10.672019357677078 -3.751454138702461
185 10.314105354810623 -3.5712069729649873
186 10.008133655748516 -3.663545199823035
187 10.105170517051706 -3.5505377928392514
188 9.807960422756915 -3.568064972803815
189 9.688468550592525 -3.5932360435487607
190 10.055965972688606 -3.5310140866993542
191 10.445833333333333 -3.580461562451271
192 9.874738067520372 -3.7196759259259258
193 10.299201503053077 -3.748924184336124
194 10.038318625174176 -3.561782738563119
195 10.614077088819727 -3.6876188966391883
196 10.517216642754663 -3.5886255924170616
197 10.865019011406844 -3.6879329788947963
198 10.527093596059114 -3.5476661718621143
199 10.931979447027159 -3.699697737112981
200 10.345829195630586 -3.7123220821472143
201 10.66010337189269 -3.608590289964068
202 10.9784515159108 -3.743211334120425
203 10.520278676287633 -3.861252822614368
204 10.948324379636736 -3.6025012675342234
205 10.251737451737451 -3.765980865295064
206 9.83409669211196 -3.671987641606591
207 10.38479262672811 -3.8128383604021656
208 10.425650088361525 -3.6228418508287294
209 10.500646495991726 -3.7491005653589173
210 11.031746031746032 -3.574103237095363
211 10.752042160737814 -3.6846053205407765
212 10.920335429769391 -3.681122448979592
213 10.456856911008925 -3.719866474197041
214 11.232843791722296 -3.8393311523082514
215 10.388193688792166 -3.828528207866168
216 10.938598863943739 -3.612195558739255
217 10.682745314222712 -3.7181456714259897
218 11.00804936946606 -3.6699699972724793
219 10.436919716002185 -3.8411214953271027
220 10.54295435214063 -3.8036383581680226
221 11.410920349000845 -3.646823922734027
222 10.81922760887428 -3.6693563520360293
223 11.261103253182462 -3.743437204910293
224 10.129325014180374 -3.631553677741502
225 10.93435070544198 -3.625153200716508
226 11.177620396600567 -3.629934840935224
227 11.436326291079812 -3.9546110202904123
228 10.633431952662722 -3.732035780988892
229 10.776110790536642 -3.687450670876085
230 11.61620029455081 -3.8048685491723466
231 10.900241837968561 -3.7329211129949136
232 10.780346820809248 -3.7941146522757356
233 10.892824977484239 -3.802696582955949
234 10.884275618374557 -3.9513229650575643
235 10.725425754406931 -3.527606139126968
236 10.803191489361701 -3.826784445121332
237 11.280326838466374 -3.8255370407548686
238 10.829275905118601 -3.8626039342932468
239 10.790398493881392 -3.5886686728234927
240 10.760246533127889 -3.9274134504758917
241 11.387634936211972 -3.787110187110187
242 10.945877109200891 -3.9390911003576687
243 10.213742875237491 -3.689352473407002
244 10.63018989378822 -3.724594042370147
245 11.406617192331478 -3.8425727739726026
246 10.770630279402209 -3.83905488450943
247 11.06204495093384 -3.6068987612131567
248 10.82540656643142 -3.815264435764805
249 10.96141160949868 -3.9082774049217
250 11.093106827834042 -3.83
251 11.119897139183543 -3.7749462365591397
252 10.37023653088042 -3.7265409637225715
253 11.137144745538665 -3.858391797085807
254 10.243332235758972 -3.695475955745427
255 10.962594371997255 -3.5550908090258666
256 10.254941373534338 -3.683876811594203
257 11.698879551820728 -3.7210369350768526
258 11.815426069383632 -3.8480525362318843
259 10.97882103776915 -3.774678111587983
260 11.23719298245614 -3.715810765254523
261 11.490017513134852 -3.7999541704857926
262 10.240474478792235 -3.6261380661518956
263 11.602227811713977 -3.753783939919122
264 10.966386554621849 -3.8581246359930113
265 10.944025834230356 -3.843699608385165
266 11.770917062477166 -3.7878116989046844
267 11.90588676415448 -4.072273480009463
268 10.209611829944548 -3.9670276774969917
269 10.916203188728216 -3.752618273745034
270 10.527658045977011 -3.814962052764727
271 11.133017492711371 -3.766344993968637
272 11.086284853051996 -4.023727196852271
273 11.35857461024499 -3.7780878427566127
274 10.34944968553459 -3.855063600782779
275 12.027966742252456 -3.7382153846153847
276 10.88868411352746 -3.9346365302382407
277 11.501515151515152 -3.724302496328928
278 11.81838819523269 -4.043603558451322
279 11.10110644792064 -3.8564089713068537
280 11.401617250673855 -3.909090909090909
281 11.119518820333722 -3.882483370288248
282 10.446171341925702 -3.7915087187263077
283 11.535353535353535 -3.9016167439528764
284 11.406262079628913 -4.052439178116727
285 12.240843949044587 -3.82798833819242
286 11.345573235414117 -3.9402284263959393
287 11.93859992178334 -4.085057175896184
288 11.550019928258271 -3.870782208588957
289 12.026950925181014 -3.5781068898905346
290 10.463192721257238 -3.642648619957537
291 11.413518052057094 -3.7670122275385434
292 11.877796188898094 -3.9374915983331094
293 10.860066833751045 -4.1413394298009685
294 10.497542997542997 -4.107119095143047
295 12.006105538595726 -3.7087845968712396
296 11.205646860514117 -3.857181498512307
297 10.935204292199753 -3.6869449966865475
298 11.555882352941177 -4.10172460253301
299 11.635985006247397 -3.8268972914990615
300 11.089308716187205 -3.954607789358201
301 11.318866253321524 -3.6686648501362398
302 12.165094339622641 -3.8633627327453453
303 11.510167992926613 -3.9158694428812604
304 10.656170212765957 -3.7924827188940093
305 11.267857142857142 -3.8196837051680315
306 10.895667550839965 -4.106781091727631
307 11.80236634531113 -3.7473041997729855
308 10.480204342273307 -3.9849958321756045
309 10.413577489950871 -4.053879612740284
310 11.453537936913897 -3.970537757437071
311 11.926218708827404 -4.002282128084439
312 10.900880037054192 -3.7922433679354093
313 10.79177837354781 -4.082103453216793
314 10.844020009095043 -4.4128160418483
315 11.030839002267573 -3.748448549574253
316 11.00634632819583 -4.021072796934866
317 11.343028624192058 -4.230212704384315
318 12.464350180505415 -3.586570884034599
319 11.266203703703704 -3.9196520713548577
320 10.78082808280828 -3.79903947170944
321 11.642727272727273 -3.9045611922324253
322 10.9945970283656 -3.9838875054928957
323 10.84243295019157 -4.165813715455476
324 12.5 -3.8377264025916653
325 11.866369710467707 -3.6686921296296298
326 10.767148856742883 -3.654175272941871
327 11.251386321626617 -4.265566174341153
328 11.157484154071184 -3.90655737704918
329 11.2796410014171 -3.908580106302202
330 11.30776214253291 -4.1414693381906496
331 11.00381861575179 -3.895997574287447
332 10.687349687349688 -3.790616985970735
333 10.171990171990172 -4.3567476175837685
334 11.876399253731343 -3.66348669026004
335 11.560157790927022 -4.049537948795637
336 11.374236013164081 -4.0744600513517595
337 11.946902654867257 -4.233979829325058
338 11.532423208191126 -3.900659205886862
339 11.628506787330316 -3.91869545245751
340 11.687946641257742 -3.7998787143723467
341 10.268426294820717 -3.894267130540009
342 12.688988095238095 -3.761203098891083
343 11.371087928464977 -3.8828687754462887
344 9.811881188118813 -4.040682833439694
345 10.46243066061523 -3.92475689462777
346 12.125902992776059 -4.406288156288157
347 11.233316352521651 -4.012501978161102
348 11.62300796812749 -4.038963156178676
349 12.129429892141756 -3.999202806122449
350 10.937405350832913 -4.3777522182057185
351 10.70123203285421 -4.2921691590287825
352 11.403739262253664 -3.9360576923076924
353 11.81048805815161 -3.789858528055953
354 11.124676668391102 -4.245893641242478
355 11.176168464304057 -4.015713591446622
356 11.81619937694704 -3.8483319772172497
357 12.334401709401709 -4.145986594735982
358 11.666114790286976 -3.9552583787353477
359 10.242440901594282 -3.7831964407939767
360 10.82654768544339 -4.060232717316906
361 11.686147186147187 -4.098830310222072
362 10.97888888888889 -3.63869181519294
363 11.13428728673638 -4.221003134796239
364 11.571109871723369 -3.8646000356315695
365 11.347486033519553 -4.051372896368468
366 11.4484425349087 -4.207998602864128
367 11.144870349492672 -4.02865032792544
368 11.534453781512605 -3.860902910929057
369 11.102406267487408 -4.260385885624891
370 11.731638418079097 -4.196480938416422
371 10.938189845474614 -4.118381706244503
372 11.946643717728055 -4.237506716818914
373 11.19439775910364 -4.05078125
374 12.412186379928315 -4.618466898954704
375 11.283437677859988 -4.227240143369175
376 11.128423615337796 -3.8497262934840193
377 10.801938219261054 -4.216933139534884
378 11.040581465778317 -4.12563359884142
379 11.187461585740627 -4.182633053221289
380 12.737132352941176 -3.831899775617053
381 11.574239713774597 -4.207957957957958
382 10.464153275648949 -3.542615239887112
383 12.020531400966183 -4.024422820072505
384 10.379618593563766 -4.100630131754821
385 10.57888349514563 -4.16338880484115
386 11.877615726062142 -3.9836003051106026
387 10.552089831565814 -4.203842459173871
388 11.259950248756219 -4.042920955525345
389 11.620261437908496 -4.456500295916355
390 11.35813953488372 -4.02031340684852
391 11.538895859473024 -4.251540832049306
392 9.850331925165962 -4.0054783799647815
393 10.701120797011209 -3.7034849379799173
394 12.484460694698354 -3.899003711662434
395 10.238125 -4.004730928444707
396 10.254745866503368 -3.79073482428115
397 10.372005044136191 -3.913664839467502
398 10.599269183922047 -4.167226061204343
399 10.972826086956522 -4.109469181411628
400 10.635041113219481 -3.6944552909019914
401 10.819419775014802 -4.438712179984484
402 11.521846153846154 -4.196294151708164
403 9.671060891399874 -3.5872554716250242
404 11.131529263687854 -3.746025591314463
405 12.289620882535736 -4.367700905762189
406 12.925546448087431 -3.800780487804878
407 9.838185511171293 -4.023538799122282
408 12.372647427854455 -4.347573204973927
409 10.805555555555555 -4.001202163895011
410 10.924873737373737 -3.9920271078333665
411 10.103038309114927 -3.9681515823422697
412 10.041875 -4.37657405556666
413 10.293279022403258 -3.7976947535771064
414 12.032701111837802 -4.262538699690403
415 10.8 -4.2197646103896105
416 10.67828418230563 -4.448710136095876
417 10.80497646267653 -3.799959505972869
418 11.304432855280313 -4.587699777463079
419 12.20052596975674 -3.9477919933966157
420 10.031413612565444 -3.507883817427386
421 10.034458993797381 -3.9635427394438723
422 9.734822051639917 -4.471993236102304
423 12.071947194719472 -4.186114596403178
424 9.097425191370911 -4.027225130890052
425 12.214335910049192 -4.029853906415414
426 11.277428371767995 -3.9143960523492813
427 11.073569482288828 -3.8334053586862575
428 11.796143250688706 -4.061171925305859
429 10.159106296547055 -3.8102921936327956
430 11.536585365853659 -4.414927941492794
431 12.35025017869907 -4.152113280411929
432 10.531227566403446 -4.27087749046206
433 10.871039056742815 -4.014645703209132
434 10.473423104181432 -4.432780445220428
435 9.97684515195369 -4.352851545494123
436 10.72039942938659 -4.352954442940911
437 10.628972653362897 -3.8194161575016974
438 10.151689432063264 -3.6959197629359473
439 11.479411764705882 -3.9465614430665164
440 11.025946704067321 -4.481764577418651
441 10.781557067271352 -4.007755373365832
442 11.857449856733524 -3.9688848512377923
443 9.9587786259542 -4.187772925764192
444 10.050520059435364 -4.5278406518786785
445 10.31306990881459 -4.073703366696997
446 12.867786705624544 -4.025727826675694
447 10.81425485961123 -4.079837618403247
448 10.684328358208955 -4.064937993235626
449 10.3598166539343 -4.319374137137598
450 9.94912559618442 -4.194110985277463
451 10.64359351988218 -3.698694869486949
452 13.151400454201363 -4.035933806146572
453 10.247946228528752 -4.4515019490942445
454 10.503416856492027 -3.855266190366444
455 11.390262751159197 -4.4868329060824985
456 9.134950720242609 -4.352856457033125
457 13.214463840399002 -4.224360478760854
458 11.231967213114753 -4.223565670934092
459 10.202229299363058 -4.014669926650367
460 10.884430176565008 -4.481753612539799
461 9.81733746130031 -4.023255813953488
462 10.956487956487956 -4.649657453342783
463 11.830364058869094 -3.8802867383512543
464 10.034134988363071 -4.134504331087585
465 10.259701492537314 -4.69396235639208
466 10.06418383518225 -4.158115671641791
467 10.803953871499177 -3.862102217936355
468 11.52006552006552 -3.819514539774093
469 11.644956314535346 -4.333956531899976
470 10.779935275080906 -4.424095214962351
471 10.349708576186512 -3.9378151260504204
472 11.096882898062342 -4.0458167330677295
473 11.900404858299595 -3.9773343187977335
474 11.221604447974583 -4.220588235294118
475 10.443092962641181 -4.056669141301658
476 9.801364023870418 -3.721119592875318
477 12.447873227689742 -4.355544252288912
478 11.821612349914236 -4.2250755287009065
479 11.767364016736401 -3.9353631145495385
480 10.552238805970148 -3.6470888661899896
481 10.925831202046036 -4.21878198567042
482 11.608238387379492 -4.743829566121071
483 8.726075504828797 -4.801750772399588
484 10.426470588235293 -4.511580030880082
485 10.215789473684211 -3.553617907339927
486 10.289241622574956 -3.9246361746361744
487 9.61686526122823 -4.173336798336798
488 11.273229070837166 -4.301112288135593
489 9.460035523978686 -3.800531208499336
490 10.199652777777779 -4.458927183208085
491 10.97411561691113 -4.3110162710056015
492 10.45131086142322 -4.240883683790258
493 10.485013623978201 -3.995987158908507
494 10.384823848238483 -4.737813274580006
495 10.47739602169982 -3.7911324786324787
496 12.307622504537205 -3.963241212771666
497 9.832269826800365 -4.080357142857143
498 12.952122854561878 -4.193451568894952
499 8.599268069533395 -4.199524312896406
500 10.436580882352942 -4.117015566290928
501 11.589160839160838 -3.574235807860262
502 9.79870729455217 -4.044623655913979
503 10.823472356935014 -4.308864265927978
504 8.6875 -3.938530315730651
505 11.028790786948177 -3.9936544563022784
506 11.334586466165414 -4.888507718696398
507 11.301775147928995 -4.53121387283237
508 11.856358645928637 -3.7552693208430914
509 11.702675916749257 -3.7396484956806675
510 11.022504892367905 -4.389825664475564
511 9.567134268537075 -3.9349078341013826
512 9.604719764011799 -4.164527421236873
513 12.483743842364532 -4.426872770511296
514 11.113821138211382 -4.297797356828194
515 11.099252934898612 -4.655718124813377
516 9.393203883495145 -4.033272837265578
517 9.793036750483559 -4.1203076923076924
518 10.605731225296443 -4.65158924205379
519 11.758264462809917 -3.937116564417178
520 10.249201277955272 -4.332020599818237
521 11.247357293868921 -4.245265729993891
522 10.624113475177305 -4.126201550387597
523 10.505040322580646 -4.26322188449848
524 10.994017946161515 -4.571165644171779
525 10.757575757575758 -3.8477865372953306
526 11.807810894141829 -3.7378219050574
527 10.645981688708037 -4.45457289465741
528 10.439957492029755 -3.6816681668166815
529 10.296650717703349 -3.486810551558753
530 12.646761133603238 -4.13122872175797
531 10.609473684210526 -4.5742038216560506
532 10.722698072805139 -4.419092331768388
533 10.316950852557673 -4.14794952681388
534 9.78387458006719 -4.081336696090794
535 10.646170442286946 -4.56390977443609
536 11.005518763796909 -4.249768447051559
537 11.109151047409041 -4.895503483217226
538 11.591549295774648 -4.057326892109501
539 9.22654462242563 -4.0403467822607535
540 10.970954356846473 -4.0255829015544045
541 11.947368421052632 -3.609961190168176
542 9.918108419838523 -4.203428201811126
543 10.069239500567537 -4.231997393287716
544 8.938728323699422 -4.211916264090177
545 10.349492671927846 -3.626565589980224
546 10.347874720357941 -4.205093833780161
547 10.075280898876404 -4.2942923127680634
548 11.329425556858148 -4.028127068166777
549 9.475750577367206 -4.491919191919192
550 10.191539365452408 -3.706809795370681
551 12.339556592765462 -3.864676616915423
552 11.112268518518519 -4.226266952177016
553 10.434628975265017 -4.274199104374785
554 10.349573690621193 -4.145127850725639
555 9.90188679245283 -3.6277949776401788
556 10.365735115431349 -4.0451232211037835
557 11.225030084235861 -4.215007215007215
558 11.84108527131783 -4.471032745591939
559 9.891891891891891 -4.637433155080214
560 12.51904090267983 -4.210992253780892
561 11.368357487922705 -4.455777460770328
562 11.482939632545932 -4.28433820906172
563 9.270676691729323 -4.5991173225450535
564 11.247765006385697 -3.8512123438648054
565 10.891165172855313 -4.196826596146581
566 10.547169811320755 -4.213163799551234
567 10.375165125495377 -4.386866791744841
568 12.046753246753246 -3.9861823924200555
569 10.917105263157895 -3.7459584295612007
570 9.34156378600823 -3.9150726855394034
571 12.716145833333334 -3.740530303030303
572 8.25452196382429 -4.628452516080212
573 10.098873591989987 -4.201208003020008
574 10.221804511278195 -4.149514563106796
575 12.375647668393782 -4.182611996962795
576 9.923177083333334 -4.550402453047145
577 11.499334221038616 -4.853911042944786
578 11.91095890410959 -4.577668059248006
579 10.201342281879194 -4.74317570165321
580 9.559840425531915 -3.793117574764441
581 8.722857142857142 -3.6507009345794392
582 9.814111261872457 -4.609455701231625
583 9.903924221921516 -3.3646616541353382
584 10.339425587467362 -4.813925570228092
585 8.272727272727273 -3.9510188087774294
586 9.283898305084746 -4.905915045653037
587 10.398362892223737 -4.289285714285715
588 9.02808988764045 -4.17718541748334
589 9.721691678035471 -4.193195625759417
590 10.407967032967033 -4.303193695562007
591 10.334281650071123 -4.639425051334702
592 9.940209267563528 -3.568006843455945
593 10.58600583090379 -4.907744392721117
594 11.553412462908012 -4.613271344040575
595 10.34873949579832 -4.687711864406779
596 11.177777777777777 -4.434488588334742
597 10.787323943661972 -4.278067885117493
598 11.068759342301943 -4.451397580308719
599 9.901470588235295 -4.380193033990768
600 9.378980891719745 -3.9051191526919684
601 9.516936671575847 -4.440951953300404
602 9.87062404870624 -2.900537634408602
603 10.189627228525122 -4.246800731261426
604 10.374587458745875 -3.9300184162062615
605 10.024778761061947 -3.8381344307270235
606 10.665610142630745 -4.737541528239203
607 11.43944099378882 -3.5836829836829835
608 10.753225806451614 -4.281120808451998
609 9.376190476190477 -4.709057639524246
610 9.31647634584013 -4.382433668801464
611 9.601895734597157 -3.892824287028519
612 8.73920265780731 -4.755073800738008
613 8.274247491638796 -4.266542404473439
614 9.337641357027463 -4.488758992805756
615 9.71169686985173 -3.9036144578313254
616 10.370247933884297 -3.2708638360175697
617 11.422885572139304 -3.724616858237548
618 9.716535433070867 -3.8969465648854964
619 9.71556350626118 -4.623414634146341
620 8.915194346289752 -4.214807598636142
621 9.73162393162393 -4.614583333333333
622 10.957555178268251 -4.691636736788096
623 10.927927927927929 -3.189452124935996
624 10.78268876611418 -4.829094608341811
625 11.460194174757282 -3.494376004284949
626 8.593001841620627 -4.175747863247863
627 10.539622641509434 -3.550574084199016
628 8.96027633851468 -4.611745513866231
629 10.403441682600382 -4.641053197205803
630 9.07635009310987 -4.380073800738008
631 9.809688581314878 -5.280874316939891
632 11.498207885304659 -4.393657736468016
633 9.146153846153846 -4.411320754716981
634 9.2756052141527 -3.7153203342618384
635 11.620386643233743 -4.427130044843049
636 11.048417132216015 -4.238042880703683
637 10.159784560143626 -4.34135422495803
638 11.877917414721724 -4.1735537190082646
639 11.532467532467532 -4.921589127025614
640 8.01067615658363 -3.7524752475247523
641 10.211091234347048 -4.6852146263910965
642 9.603508771929825 -4.026359143327842
643 12.67262969588551 -3.954081632653061
644 9.090405904059041 -4.978534031413613
645 11.868274582560296 -4.039583333333334
646 12.03183520599251 -3.7159404302261447
647 11.414396887159533 -4.981927710843373
648 9.717948717948717 -5.109322974472808
649 9.947145877378436 -4.030530262453134
650 9.817504655493483 -4.519977490151941
651 9.942028985507246 -4.058856191004997
652 9.802707930367506 -4.42995444191344
653 11.96701030927835 -4.929258630447086
654 9.790927021696252 -5.186549707602339
655 10.510714285714286 -3.4485927627800117
656 8.784786641929498 -4.980360065466448
657 8.51129363449692 -4.534686971235194
658 9.14468085106383 -4.602114635503617
659 8.632734530938123 -3.567552289429056
660 10.0 -3.9994089834515365
661 8.5 -5.013698630136986
662 11.524850894632207 -4.279557367501456
663 7.503225806451613 -4.197013210798391
664 9.59041394335512 -4.194594594594594
665 10.819301848049282 -4.146783260462211
666 11.008474576271187 -4.421800947867299
667 8.335305719921104 -5.208438287153652
668 10.708423326133909 -3.874924104432301
669 10.481707317073171 -3.776315789473684
670 9.419491525423728 -4.171341463414634
671 9.902489626556017 -4.589850746268657
672 10.227083333333333 -4.872727272727273
673 8.632380952380952 -4.313749242883101
674 11.529166666666667 -4.659307875894988
675 10.7396449704142 -4.847467608951708
676 11.652977412731007 -4.044083526682135
677 9.6417004048583 -5.149908592321755
678 10.249466950959489 -3.860280658938377
679 10.518 -4.731176104542626
680 10.083870967741936 -3.8755261575466027
681 11.10546875 -3.7819053325344516
682 8.245454545454546 -3.805521472392638
683 9.84763948497854 -3.3014566181127294
684 8.17827868852459 -4.069604086845466
685 9.911111111111111 -3.9011592434411226
686 9.158351409978309 -3.958730158730159
687 8.578366445916116 -4.859128237523689
688 10.284671532846716 -3.5552699228791775
689 9.686147186147187 -4.207766990291262
690 9.96103896103896 -4.16775884665793
691 9.233644859813085 -3.159695817490494
692 10.965277777777779 -4.211402946828956
693 9.245412844036696 -4.587044534412955
694 9.19675925925926 -4.351333767078724
695 11.081927710843374 -4.926662097326936
696 10.666666666666666 -4.538666666666667
697 8.196473551637279 -3.8138297872340425
698 8.673031026252984 -4.444982698961938
699 7.675862068965517 -4.868951612903226
700 7.598591549295775 -5.097496706192358
701 13.039260969976905 -5.158544509421702
702 7.711055276381909 -4.162049861495845
703 10.70976253298153 -4.285024154589372
704 8.208232445520581 -5.415567282321899
705 7.817073170731708 -3.5216548157724628
706 9.133501259445843 -5.437912813738441
707 8.973039215686274 -5.107215104517869
708 11.253164556962025 -4.461807988787666
709 9.075425790754258 -3.7948360083740407
710 7.862944162436548 -4.809045226130653
711 14.360613810741688 -4.342329545454546
712 9.046296296296296 -5.1582002902757615
713 10.488664987405542 -4.206921944035346
714 11.752659574468085 -5.4601503759398495
715 10.095354523227384 -5.46067415730337
716 10.341346153846153 -3.7681686046511627
717 9.839473684210526 -6.87917933130699
718 10.871508379888269 -5.320978502594515
719 8.850961538461538 -4.544837980406933
720 12.680851063829786 -4.5701425356339085
721 9.639798488664987 -5.192248062015504
722 8.946927374301676 -4.8140625
723 8.685878962536023 -5.2116679132385935
724 8.137566137566138 -3.8035714285714284
725 7.2088772845953 -4.576754385964913
726 8.94638069705094 -4.454686289697909
727 9.562857142857142 -5.141634241245137
728 7.805013927576602 -4.9358372456964
729 9.965333333333334 -3.9534706331045
730 11.279778393351801 -5.006051437216339
731 10.862857142857143 -4.424882629107981
732 10.558904109589042 -5.325099601593625
733 9.50395778364116 -4.6004636785162285
734 10.66576819407008 -5.097643097643098
735 7.979695431472082 -5.178039215686274
736 11.31830985915493 -4.529275808936826
737 8.37797619047619 -4.0986949429037525
738 8.935779816513762 -4.954014029618083
739 7.476712328767123 -4.820425531914894
740 10.634615384615385 -4.558177379983727
741 9.566091954022989 -4.266141732283464
742 10.55056179775281 -4.0485282418456645
743 9.230994152046783 -4.0873866446826055
744 8.636871508379889 -4.189873417721519
745 10.183183183183184 -4.108643933386201
746 6.95625 -3.8102866779089375
747 9.492836676217765 -5.019933554817276
748 7.383040935672515 -5.208297320656871
749 9.954802259887005 -4.0471464019851116
750 8.471698113207546 -3.468982630272953
751 10.667664670658683 -4.933774834437086
752 8.029649595687331 -5.288944723618091
753 9.229166666666666 -4.209415584415584
754 10.456284153005464 -4.0703557312252965
755 11.562130177514794 -4.642471042471042
756 12.553008595988539 -2.936833470057424
757 11.124620060790274 -4.574835526315789
758 7.793201133144476 -5.541835905767669
759 8.879154078549849 -5.572289156626506
760 8.804034582132564 -3.3118466898954706
761 10.194267515923567 -5.198028673835125
762 6.3615160349854225 -3.69777397260274
763 10.012195121951219 -4.927000879507476
764 7.142465753424657 -4.170875420875421
765 10.606811145510836 -3.466666666666667
766 8.259475218658892 -5.884141331142152
767 10.615384615384615 -3.6816666666666666
768 8.710280373831775 -6.978441127694859
769 10.0359477124183 -3.696223316912972
770 8.662420382165605 -5.907079646017699
771 9.597269624573379 -6.065573770491803
772 9.305369127516778 -4.243682310469314
773 8.470394736842104 -6.1458910433979685
774 9.421052631578947 -4.552727272727273
775 9.264492753623188 -4.222660098522168
776 7.832764505119454 -4.997050147492625
777 10.098360655737705 -4.7032967032967035
778 9.7679180887372 -5.373983739837398
779 9.26923076923077 -5.603174603174603
780 8.056666666666667 -5.183348924228251
781 7.986348122866894 -5.4526315789473685
782 9.492063492063492 -4.051356589147287
783 9.365019011406844 -3.614688128772636
784 8.222222222222221 -4.59026369168357
785 10.651408450704226 -4.030549898167006
786 8.099630996309964 -7.068181818181818
787 9.106382978723405 -3.840414507772021
788 7.304054054054054 -3.6514851485148516
789 8.467391304347826 -4.1934552454282965
790 9.623134328358208 -6.295845997973657
791 10.946666666666667 -6.136769078295342
792 14.143382352941176 -3.5454545454545454
793 11.484251968503937 -5.118525896414343
794 10.438818565400844 -5.306418219461698
795 10.537313432835822 -4.536485097636176
796 10.148148148148149 -4.314491264131552
797 7.680327868852459 -4.001106194690266
798 9.68 -3.208149779735683
799 8.56060606060606 -3.190580503833516
800 9.69758064516129 -4.003058103975535
801 10.971311475409836 -4.643459915611814
802 8.390438247011952 -5.58803611738149
803 7.15234375 -5.135932560590095
804 8.725352112676056 -4.952840300107181
805 6.976 -3.372651356993737
806 9.526530612244898 -4.731550802139037
807 7.912280701754386 -3.8674698795180724
808 10.134920634920634 -4.925058548009368
809 10.4031007751938 -4.888493475682088
810 8.585454545454546 -5.1388577827547595
811 9.840148698884759 -3.962222222222222
812 8.430711610486892 -3.996625421822272
813 12.381481481481481 -3.7027624309392264
814 8.731958762886597 -4.609460946094609
815 9.609958506224066 -5.359223300970874
816 7.410358565737051 -5.404298874104401
817 8.585034013605442 -3.872670807453416
818 9.52962962962963 -3.978125
819 8.59274193548387 -6.22703818369453
820 6.482625482625482 -4.740273396424816
821 9.991769547325102 -4.110871905274489
822 9.916058394160585 -4.824940047961631
823 8.216117216117215 -4.522083805209513
824 8.885826771653543 -5.520971302428256
825 8.125 -2.9815016322089227
826 10.751131221719458 -4.557142857142857
827 8.438818565400844 -5.070056497175141
828 9.851851851851851 -3.3176064441887227
829 9.627615062761507 -3.968905472636816
830 6.705314009661835 -3.351920693928129
831 9.570048309178745 -6.0657568238213395
832 6.8493150684931505 -5.753164556962025
833 9.787755102040816 -3.5967130214917824
834 10.612068965517242 -5.732673267326732
835 11.3625 -4.494649227110583
836 10.664 -4.9951923076923075
837 6.719827586206897 -4.9696233292831105
838 8.302752293577981 -3.6514619883040935
839 10.181132075471698 -4.697594501718213
840 8.380165289256198 -5.84696261682243
841 7.739910313901345 -4.446137105549511
842 6.340163934426229 -6.23404255319149
843 11.16078431372549 -4.082039911308204
844 7.736170212765957 -3.5725534308211473
845 7.943181818181818 -3.7636363636363637
846 9.508 -4.015276145710929
847 8.415966386554622 -5.279955207166854
848 8.69915254237288 -5.1578313253012045
849 9.523255813953488 -3.726769911504425
850 8.495327102803738 -4.433526011560693
851 9.0 -4.066749072929543
852 9.75 -5.894329896907217
853 8.13953488372093 -4.147058823529412
854 7.5951417004048585 -4.80794701986755
855 6.611940298507463 -4.648101265822785
856 10.173708920187794 -5.354533152909337
857 7.473118279569892 -4.676712328767123
858 9.066964285714286 -4.678966789667896
859 7.475555555555555 -6.313157894736842
860 7.492537313432836 -5.105333333333333
861 7.591666666666667 -4.091603053435114
862 9.427884615384615 -4.210653753026635
863 8.77450980392157 -5.10397946084724
864 7.43778801843318 -3.430051813471503
865 8.813186813186814 -4.217847769028872
866 8.14691943127962 -4.699067909454061
867 8.742105263157894 -5.001367989056088
868 8.87793427230047 -4.705488621151272
869 8.694690265486726 -6.689944134078212
870 7.597014925373134 -3.958904109589041
871 11.51980198019802 -5.706896551724138
872 8.698979591836734 -5.663473053892216
873 8.490825688073395 -5.168918918918919
874 8.821256038647343 -5.132022471910112
875 11.76923076923077 -6.320809248554913
876 11.03448275862069 -7.842485549132948
877 9.972826086956522 -4.349862258953168
878 7.569060773480663 -3.572741194486983
879 9.096618357487923 -5.142651296829971
880 10.434782608695652 -3.9747899159663866
881 7.918478260869565 -3.735249621785174
882 9.22289156626506 -5.16
883 10.726256983240223 -4.661094224924012
884 6.994413407821229 -5.143540669856459
885 9.175324675324676 -3.5526315789473686
886 9.672043010752688 -5.0823170731707314
887 6.882022471910112 -4.013698630136986
888 10.32596685082873 -4.749601275917065
889 7.081871345029239 -5.054574638844302
890 6.607361963190184 -4.591503267973856
891 8.464516129032258 -4.107563025210084
892 7.592814371257485 -5.317577548005908
893 6.147208121827411 -6.17527386541471
894 9.676646706586826 -2.313880126182965
895 7.866666666666666 -4.643423137876387
896 8.71165644171779 -2.9484848484848483
897 12.43558282208589 -5.980263157894737
898 8.292817679558011 -3.9480737018425462
899 10.479289940828401 -5.3929173693086
900 12.20496894409938 -6.482173174872665
901 7.714285714285714 -5.863013698630137
902 7.90625 -5.208264462809917
903 8.971098265895954 -4.129326047358834
904 9.22543352601156 -3.56551724137931
905 6.424242424242424 -5.056027164685909
906 6.69060773480663 -5.115916955017301
907 8.745341614906833 -5.4270186335403725
908 8.859550561797754 -2.3741610738255035
909 10.508571428571429 -5.0515625
910 8.895061728395062 -3.943048576214405
911 8.144654088050315 -5.128544423440454
912 6.872727272727273 -4.872340425531915
913 6.202898550724638 -3.621072088724584
914 11.006896551724138 -5.642622950819672
915 10.517241379310345 -4.797513321492007
916 7.105882352941176 -4.355595667870036
917 8.550335570469798 -7.270689655172414
918 9.812903225806451 -3.8763636363636365
919 9.29192546583851 -6.643478260869565
920 8.035087719298245 -3.4465290806754223
921 8.486772486772487 -4.6661016949152545
922 8.734104046242775 -5.97027972027972
923 7.75796178343949 -5.7055921052631575
924 9.746753246753247 -4.7443478260869565
925 8.993548387096775 -5.94314381270903
926 9.647798742138365 -4.272251308900524
927 6.833333333333333 -3.3818827708703374
928 8.606451612903227 -4.678507992895204
929 8.095808383233534 -2.6240740740740742
930 7.213836477987422 -3.636672325976231
931 8.56547619047619 -7.197231833910035
932 7.876344086021505 -3.8593481989708405
933 6.747126436781609 -2.8940972222222223
934 9.78804347826087 -4.919672131147541
935 7.9728260869565215 -5.1228346456692915
936 10.171779141104295 -4.42512077294686
937 10.152046783625732 -5.9952
938 6.255434782608695 -4.659504132231405
939 8.726708074534162 -6.218057921635435
940 8.460122699386503 -3.5667215815485998
941 10.734567901234568 -4.52741935483871
942 10.062068965517241 -4.995555555555556
943 11.68452380952381 -2.948805460750853
944 7.906832298136646 -4.667736757624398
945 8.473118279569892 -5.851030110935024
946 7.821656050955414 -4.234797297297297
947 9.208333333333334 -3.304270462633452
948 8.348066298342541 -6.457391304347826
949 7.304964539007092 -1.7409326424870466
950 8.104477611940299 -3.4255725190839694
951 6.549382716049383 -4.956063268892795
952 9.13375796178344 -3.3363970588235294
953 7.212903225806452 -6.35650623885918
954 6.115853658536586 -2.4982014388489207
955 7.9655172413793105 -3.648424543946932
956 8.487804878048781 -4.0588235294117645
957 8.059880239520957 -5.629173989455184
958 5.824817518248175 -3.1260647359454854
959 8.242647058823529 -4.677908937605396
960 6.916083916083916 -6.687840290381125
961 7.097142857142857 -3.37109375
962 9.860294117647058 -5.987060998151571
963 9.725925925925926 -3.9646840148698885
964 8.528169014084508 -5.050434782608695
965 6.1838235294117645 -3.9761467889908255
966 8.26027397260274 -3.3047619047619046
967 7.919354838709677 -3.491304347826087
968 7.732876712328767 -4.110416666666667
969 6.3175675675675675 -4.132411067193676
970 8.575539568345324 -5.174257425742574
971 7.802919708029197 -3.3526785714285716
972 7.905511811023622 -2.810267857142857
973 10.040322580645162 -4.800766283524904
974 5.156028368794326 -2.917117117117117
975 7.558441558441558 -3.938517179023508
976 8.368421052631579 -4.029629629629629
977 8.427586206896551 -3.292504570383912
978 6.743421052631579 -3.6939571150097468
979 7.172413793103448 -4.097053726169844
980 8.823529411764707 -3.9981617647058822
981 9.372549019607844 -3.4457142857142857
982 7.884057971014493 -3.775
983 6.917293233082707 -3.630849220103986
984 8.985074626865671 -3.5494880546075085
985 7.441558441558442 -4.30078125
986 7.14 -3.153256704980843
987 9.767295597484276 -2.4688715953307394
988 6.712328767123288 -5.202003338898163
989 5.321678321678322 -3.5850860420650097
990 10.83969465648855 -3.820952380952381
991 6.965034965034965 -4.317460317460317
992 8.31081081081081 -5.928571428571429
993 10.81294964028777 -3.037254901960784
994 6.007407407407407 -4.417695473251029
995 6.960264900662252 -4.506122448979592
996 8.18796992481203 -4.205825242718447
997 10.251851851851852 -4.682261208576998
998 7.955882352941177 -6.191287878787879
999 6.57037037037037 -3.225321888412017
1000 8.659420289855072 -4.567073170731708
1001 10.169230769230769 -4.189134808853119
1002 10.046875 -3.726577437858509
1003 6.358778625954199 -5.220149253731344
1004 7.198412698412699 -2.906614785992218
1005 7.672 -3.646532438478747
1006 7.868217054263566 -6.008830022075055
1007 6.056910569105691 -4.187763713080169
1008 7.977443609022556 -3.7817371937639197
1009 6.191666666666666 -5.440604751619871
1010 6.836065573770492 -4.036093418259023
1011 10.256578947368421 -5.297180043383948
1012 8.73049645390071 -3.814516129032258
1013 5.696969696969697 -1.6585365853658536
1014 6.814285714285714 -2.9915611814345993
1015 5.7407407407407405 -4.315789473684211
1016 8.191304347826087 -2.9127789046653145
1017 5.681818181818182 -4.129787234042553
1018 5.968253968253968 -6.990909090909091
1019 6.741071428571429 -3.2795454545454548
1020 6.4950495049504955 -6.295
1021 8.147540983606557 -3.094808126410835
1022 8.58 -2.642352941176471
1023 8.033333333333333 -5.699763593380615
1024 5.37984496124031 -3.3739837398373984
1025 10.495798319327731 -3.954198473282443
1026 5.38135593220339 -4.30562347188264
1027 6.54054054054054 -6.820448877805486
1028 6.153225806451613 -2.2632911392405064
1029 5.221153846153846 -5.5157657657657655
1030 7.990909090909091 -3.43855421686747
1031 5.758064516129032 -4.396634615384615
1032 9.30841121495327 -6.276643990929705
1033 9.10909090909091 -3.5088495575221237
1034 7.245762711864407 -2.9851116625310175
1035 7.057142857142857 -4.9366515837104075
1036 7.991666666666666 -4.5588235294117645
1037 6.730434782608696 -3.1587677725118484
1038 7.121495327102804 -3.3697104677060135
1039 7.373015873015873 -2.984126984126984
1040 6.637795275590551 -5.219626168224299
1041 6.262711864406779 -2.687793427230047
1042 7.93859649122807 -4.701357466063349
1043 11.122448979591837 -4.06430155210643
1044 5.700934579439252 -4.223039215686274
1045 5.937007874015748 -3.2004830917874396
1046 8.18918918918919 -5.460829493087558
1047 8.725663716814159 -4.943488943488943
1048 5.48314606741573 -5.723785166240409
1049 8.836538461538462 -4.98090692124105
1050 4.660194174757281 -4.326034063260341
1051 7.97196261682243 -2.675480769230769
1052 7.069230769230769 -4.377551020408164
1053 7.627118644067797 -1.421994884910486
1054 6.253846153846154 -2.845959595959596
1055 7.225225225225225 -3.9935205183585314
1056 6.041666666666667 -3.0849256900212314
1057 8.793478260869565 -3.382775119617225
1058 6.284403669724771 -2.0372960372960374
1059 7.060869565217391 -3.8419811320754715
1060 7.511111111111111 -3.1140142517814726
1061 8.631067961165048 -4.762025316455696
1062 7.278350515463917 -3.6864864864864866
1063 6.643564356435643 -2.6914600550964187
1064 6.391666666666667 -2.75
1065 8.701923076923077 -5.025773195876289
1066 7.4950495049504955 -2.570694087403599
1067 7.505263157894737 -2.6888297872340425
1068 6.222222222222222 -3.0648648648648646
1069 6.545454545454546 -4.766871165644171
1070 6.73469387755102 -3.723943661971831
1071 6.531531531531532 -4.83080808080808
1072 9.212765957446809 -3.850515463917526
1073 5.656565656565657 -7.012285012285012
1074 6.614457831325301 -4.320610687022901
1075 5.397849462365591 -3.5483870967741935
1076 5.9156626506024095 -4.6353591160221
1077 5.679611650485437 -3.8442622950819674
1078 6.53932584269663 -3.2016348773841963
1079 5.032520325203252 -3.1029023746701845
1080 6.747663551401869 -3.328042328042328
1081 7.717391304347826 -5.209424083769633
1082 8.270833333333334 -3.156010230179028
1083 6.4485981308411215 -3.071794871794872
1084 5.2 -5.943977591036415
1085 5.6 -2.977900552486188
1086 8.307692307692308 -2.778409090909091
1087 6.2631578947368425 -4.695121951219512
1088 5.114285714285714 -4.667597765363128
1089 5.461538461538462 -4.845201238390093
1090 6.139784946236559 -5.325443786982248
1091 7.681818181818182 -3.0318840579710145
1092 4.987654320987654 -3.6066066066066065
1093 7.511904761904762 -2.40625
1094 6.906976744186046 -2.459537572254335
1095 7.197368421052632 -3.529051987767584
1096 5.578313253012048 -2.660436137071651
1097 8.324675324675324 -4.287461773700306
1098 7.258823529411765 -4.131578947368421
1099 6.0588235294117645 -2.3323353293413174
1100 5.064935064935065 -2.51702786377709
1101 7.774647887323944 -6.441717791411043
1102 6.069767441860465 -2.640449438202247
1103 6.619047619047619 -3.5925925925925926
1104 10.0 -3.2248322147651005
1105 5.695121951219512 -4.74750830564784
1106 4.507246376811594 -1.7909407665505226
1107 6.027777777777778 -2.203333333333333
1108 6.9480519480519485 -10.640569395017794
1109 5.715909090909091 -5.614285714285714
1110 6.32051282051282 -2.873134328358209
1111 7.823529411764706 -3.5035211267605635
1112 9.372093023255815 -3.367003367003367
1113 5.447761194029851 -2.711026615969582
1114 5.712328767123288 -5.196911196911197
1115 7.3088235294117645 -5.856603773584905
1116 6.625 -4.552123552123552
1117 5.831460674157303 -2.7814814814814817
1118 6.987804878048781 -4.030927835051546
1119 7.232876712328767 -4.1716171617161715
1120 5.836065573770492 -4.930909090909091
1121 6.413333333333333 -1.7435897435897436
1122 5.636363636363637 -6.684027777777778
1123 5.875 -5.181818181818182
1124 9.209677419354838 -2.6097560975609757
1125 7.411764705882353 -2.282608695652174
1126 9.514705882352942 -2.888412017167382
1127 5.64 -4.265560165975104
1128 5.75 -2.04040404040404
1129 6.634615384615385 -5.302439024390244
1130 7.195652173913044 -3.323404255319149
1131 8.346938775510203 -4.803571428571429
1132 4.763636363636364 -3.6102564102564103
1133 10.0 -2.7850467289719627
1134 6.142857142857143 -3.5586854460093895
1135 5.0 -2.158333333333333
1136 9.142857142857142 -2.562790697674419
1137 5.071428571428571 -3.9393939393939394
1138 8.363636363636363 -3.0677083333333335
1139 6.978260869565218 -8.063583815028903
1140 10.411764705882353 -4.532934131736527
1141 6.484848484848484 -2.96
1142 5.886792452830188 -2.606451612903226
1143 5.795454545454546 -3.9405405405405407
1144 4.466666666666667 -2.8120805369127515
1145 5.212121212121212 -2.556149732620321
1146 6.163265306122449 -5.4316939890710385
1147 5.384615384615385 -4.088757396449704
1148 7.9245283018867925 -3.6
1149 7.6938775510204085 -6.543269230769231
1150 4.090909090909091 -2.0833333333333335
1151 5.653846153846154 -3.8210526315789473
1152 6.065217391304348 -2.43979057591623
1153 8.245283018867925 -1.5869565217391304
1154 6.923076923076923 -5.798882681564246
1155 7.026315789473684 -2.6647398843930636
1156 4.25 -2.485207100591716
1157 7.045454545454546 -1.736842105263158
1158 8.568965517241379 -4.703947368421052
1159 8.191489361702128 -2.69281045751634
1160 9.970588235294118 -4.3468208092485545
1161 6.869565217391305 -1.198581560283688
1162 6.6 -2.3026315789473686
1163 4.869565217391305 -5.493670886075949
1164 3.8048780487804876 -5.0
1165 5.288888888888889 -7.068965517241379
1166 4.897435897435898 -5.242774566473988
1167 5.215686274509804 -6.240963855421687
1168 5.404255319148936 -6.869047619047619
1169 4.551020408163265 -2.4387096774193546
1170 8.428571428571429 -2.887179487179487
1171 7.0 -1.8440860215053763
1172 6.722222222222222 -3.1265060240963853
1173 6.8 -1.9857142857142858
1174 4.7105263157894735 -1.9
1175 10.941176470588236 -3.6458333333333335
1176 5.846153846153846 -6.114649681528663
1177 7.375 -2.7590361445783134
1178 6.122448979591836 -1.2592592592592593
1179 5.305555555555555 -2.8980891719745223
1180 6.487179487179487 -2.0
1181 7.434782608695652 -1.9703703703703703
1182 5.264705882352941 -3.230769230769231
1183 4.724137931034483 -5.421052631578948
1184 6.309523809523809 -7.080357142857143
1185 4.44 -5.491379310344827
1186 8.025 -3.72992700729927
1187 10.13888888888889 -6.209302325581396
1188 4.771428571428571 -7.190839694656488
1189 7.475 -3.235294117647059
1190 3.7222222222222223 -2.0245901639344264
1191 3.8518518518518516 -5.8
1192 6.923076923076923 -4.6644295302013425
1193 14.238095238095237 -2.0869565217391304
1194 4.9655172413793105 -4.655172413793103
1195 5.6 -2.061946902654867
1196 5.111111111111111 -3.5918367346938775
1197 5.413793103448276 -6.278846153846154
1198 4.173913043478261 -1.3823529411764706
1199 6.458333333333333 -2.4945054945054945
1200 6.517241379310345 -1.1951219512195121
1201 4.758620689655173 -10.5
1202 3.388888888888889 -5.876190476190477
1203 8.625 -6.933962264150943
1204 6.0625 -2.96875
1205 3.3333333333333335 -2.967032967032967
1206 12.166666666666666 -2.1882352941176473
1207 12.555555555555555 -10.383720930232558
1208 4.578947368421052 -4.7974683544303796
1209 7.166666666666667 -2.9397590361445785
1210 4.851851851851852 -8.784810126582279
1211 6.304347826086956 -6.855769230769231
1212 3.4347826086956523 -1.1770833333333333
1213 5.913043478260869 -5.336956521739131
1214 5.956521739130435 -2.663265306122449
1215 5.448275862068965 -2.1122448979591835
1216 4.5 -2.146067415730337
1217 5.045454545454546 -1.8522727272727273
1218 6.76 -1.553191489361702
1219 6.8125 -1.4166666666666667
1220 8.529411764705882 -1.4
1221 4.470588235294118 -5.257142857142857
1222 7.0 -5.666666666666667
1223 4.866666666666666 -15.6
1224 6.517241379310345 -2.6451612903225805
1225 5.625 -1.2272727272727273
1226 5.8 -6.9523809523809526
1227 8.583333333333334 -13.39344262295082
1228 8.8 -2.3098591549295775
1229 4.136363636363637 -5.67948717948718
1230 4.0 -5.65
1231 7.928571428571429 -5.013698630136986
1232 7.470588235294118 -9.654761904761905
1233 10.125 -7.423529411764706
1234 7.7894736842105265 -1.0945945945945945
1235 5.055555555555555 -4.5
1236 3.727272727272727 -3.6875
1237 4.230769230769231 -3.0125
1238 18.2 -0.8028169014084507
1239 3.388888888888889 -4.220588235294118
1240 4.888888888888889 -3.7586206896551726
1241 7.954545454545454 -3.5
1242 18.071428571428573 -3.130434782608696
1243 8.307692307692308 -2.4761904761904763
1244 4.666666666666667 -3.0638297872340425
1245 2.769230769230769 -2.0
1246 5.1875 -2.293103448275862
1247 4.8 -3.48
1248 3.3333333333333335 -0.875
1249 5.818181818181818 -3.360655737704918
1250 3.6666666666666665 -4.785714285714286
1251 2.7 -2.4150943396226414
1252 8.8 -1.7674418604651163
1253 5.0 -1.0
1254 2.7142857142857144 -1.96
1255 3.7 -6.071428571428571
1256 9.705882352941176 -2.1607142857142856
1257 6.6 -17.6
1258 4.6 -3.282608695652174
1259 5.461538461538462 -2.6136363636363638
1260 3.6923076923076925 -2.7111111111111112
1261 3.0 -6.054545454545455
1262 3.2 -1.8541666666666667
1263 9.23076923076923 -1.6818181818181819
1264 10.133333333333333 -12.5
1265 6.214285714285714 -2.148936170212766
1266 3.1818181818181817 -1.7142857142857142
1267 7.8 -23.244444444444444
1268 4.428571428571429 -1.56
1269 9.384615384615385 -1.5769230769230769
1270 6.615384615384615 -1.4545454545454546
1271 4.857142857142857 -1.3137254901960784
1272 9.090909090909092 -2.6615384615384614
1273 4.2105263157894735 -1.4915254237288136
1274 4.647058823529412 -2.0
1275 3.0 -15.55813953488372
1276 5.1 -1.12
1277 3.3157894736842106 -2.142857142857143
1278 3.272727272727273 -8.0
1279 7.0 -1.0408163265306123
1280 5.5 -10.290909090909091
1281 5.866666666666666 -1.1041666666666667
1282 6.625 -7.585365853658536
1283 4.875 -1.7580645161290323
1284 5.6 -1.5925925925925926
1285 5.6 -0.7777777777777778
1286 9.857142857142858 -1.5714285714285714
1287 3.4444444444444446 -2.4081632653061225
1288 8.0 -1.5957446808510638
1289 6.0 -2.6341463414634148
1290 7.818181818181818 -2.4571428571428573
1291 8.857142857142858 -2.606060606060606
1292 3.0 -3.676470588235294
1293 3.75 -2.393939393939394
1294 4.555555555555555 -2.388888888888889
1295 4.0 -3.3529411764705883
1296 3.25 -1.32
1297 7.888888888888889 -22.11764705882353
1298 6.5 -1.3666666666666667
1299 4.666666666666667 -1.4594594594594594
1300 15.571428571428571 -2.8055555555555554
1301 8.0 -0.7931034482758621
1302 6.0 -1.2580645161290323
1303 3.3333333333333335 -16.82608695652174
1304 3.3333333333333335 -3.409090909090909
1305 3.4285714285714284 -6.260869565217392
1306 6.0 -0.4117647058823529
1307 3.7142857142857144 -5.476190476190476
1308 2.0 -2.0
1309 4.666666666666667 -1.5
1310 13.25 -0.45454545454545453
1311 3.0 -1.5
1312 8.333333333333334 -2.4782608695652173
1313 3.3333333333333335 -25.6
1314 6.333333333333333 -2.064516129032258
1315 5.0 -1.4615384615384615
1316 5.714285714285714 -1.1724137931034482
1317 3.6666666666666665 -1.3333333333333333
1318 9.0 -2.4444444444444446
1319 2.7142857142857144 -0.9354838709677419
1320 4.0 -4.8
1321 6.5 -0.4482758620689655
1322 6.166666666666667 -0.2631578947368421
1323 9.0 -3.75
1324 4.8 -0.9
1325 3.3333333333333335 -6.16
1326 3.2857142857142856 -4.285714285714286
1327 6.571428571428571 -2.4827586206896552
1328 3.0 -0.5161290322580645
1329 11.75 -0.7333333333333333
1330 8.666666666666666 -3.588235294117647
1331 2.75 -28.42105263157895
1332 6.0 -11.142857142857142
1333 7.333333333333333 0.0
1334 5.571428571428571 -1.55
1335 3.0 0.0
1336 2.6 -2.473684210526316
1337 5.5 -0.5625
1338 8.0 -7.105263157894737
1339 15.0 -1.0555555555555556
1340 0 -2.533333333333333
1341 0 -0.2857142857142857
1342 3.0 0.0
1343 7.666666666666667 -3.0
1344 6.25 -2.625
1345 3.0 0.0
1346 4.0 -4.363636363636363
1347 0 -1.9090909090909092
1348 3.5 -3.1538461538461537
1349 3.8 -4.117647058823529
1350 6.0 -1.411764705882353
1351 2.0 -0.4090909090909091
1352 4.625 -1.2941176470588236
1353 7.666666666666667 -1.1428571428571428
1354 6.0 -2.6153846153846154
1355 4.0 -0.5833333333333334
1356 5.0 -0.375
1357 3.0 -0.8
1358 3.3333333333333335 -5.0
1359 2.8 -1.5714285714285714
1360 5.666666666666667 -4.3076923076923075
1361 3.0 -0.1875
1362 3.4 -3.5714285714285716
1363 5.0 -38.92857142857143
1364 2.0 -1.0
1365 10.0 -11.764705882352942
1366 2.0 -6.733333333333333
1367 2.5 -23.0
1368 3.75 -1.8235294117647058
1369 0 -2.4615384615384617
1370 4.333333333333333 -1.6363636363636365
1371 0 -1.8
1372 11.0 0.0
1373 3.0 -1.4
1374 5.0 -2.375
1375 3.0 -0.7272727272727273
1376 2.5 -0.5384615384615384
1377 0 0.0
1378 0 0.0
1379 3.0 -3.25
1380 0 0.0
1381 0 -1.1666666666666667
1382 0 -0.5
1383 0 -1.0
1385 0 0
1386 0 0
1387 0 0.0
1388 6.0 0
1391 0 -16.0
1392 0 0.0
1394 0 -2.0
