0 1.0 0.0
1 0.4109 0.5891
2 0.4232 0.5768
3 0.3939 0.6061
4 0.3743 0.6257
5 0.3593 0.6407
6 0.3474 0.6526
7 0.3375 0.6625
8 0.3294 0.6706
9 0.3226 0.6774
10 0.3165 0.6835
11 0.3113 0.6887
12 0.3073 0.6927
13 0.3029 0.6971
14 0.2999 0.7001
15 0.297 0.703
16 0.2942 0.7058
17 0.2924 0.7076
18 0.289 0.711
19 0.2891 0.7109
20 0.2858 0.7142
21 0.2837 0.7163
22 0.2805 0.7195
23 0.2806 0.7194
24 0.2778 0.7222
25 0.2764 0.7236
26 0.2759 0.7241
27 0.2738 0.7262
28 0.2766 0.7234
29 0.2771 0.7229
30 0.2754 0.7246
31 0.2717 0.7283
32 0.2763 0.7237
33 0.2731 0.7269
34 0.2755 0.7245
35 0.2826 0.7174
36 0.2732 0.7268
37 0.2848 0.7152
38 0.2878 0.7122
39 0.2738 0.7262
40 0.2571 0.7429
41 0.3065 0.6935
42 0.2895 0.7105
43 0.2909 0.7091
44 0.175 0.825
45 0.2759 0.7241
46 0.1818 0.8182
47 0.2353 0.7647
48 0.2222 0.7778
49 0.1667 0.8333
50 0.8 0.2
51 0.5 0.5
52 0.5 0.5
53 0.0 1.0
57 0.0 1.0
