0 1.0 0.0 261101640
1 -0.07755039670384252 1.3198041050761447 443178339
2 0.02877763332058573 1.6408262419797819 246914363
3 -0.19079600165763316 2.444281943263093 172942969
4 -0.2971823756086204 2.934300571892691 116715202
5 -0.42624116532318473 3.4671757957065505 78527915
6 -0.5373572552201862 3.8889357197282983 52940640
7 -0.6708550239919255 4.429460365105758 35863941
8 -0.7853783021479821 4.8662650064539275 24405743
9 -0.9122829482466447 5.422614009103461 16657548
10 -1.022686643177802 5.8836015312212675 11388375
11 -1.14166499467634 6.47719035402148 7800085
12 -1.2442733626285403 6.9865663443722426 5351046
13 -1.3579801601009676 7.617603830094111 3676430
14 -1.4578397105011391 8.202810660192627 2527402
15 -1.5603429330185217 8.892368181688969 1738182
16 -1.65785930677141 9.512957922916907 1196575
17 -1.7514119439506355 10.273867256229432 826343
18 -1.8453256431267904 10.926956224894578 571116
19 -1.9311528869157977 11.70318556937922 393742
20 -2.023971911699423 12.424455339855065 272569
21 -2.1247658179340885 13.363723280337167 187888
22 -2.211293863872732 14.111196357579157 129805
23 -2.291122349432041 15.00586328131113 89179
24 -2.4123020114663296 16.12738663868251 61746
25 -2.4878656172912015 17.017619701429126 42565
26 -2.5671097477845946 17.90425565462209 29340
27 -2.6676384839650145 19.168480330244044 20237
28 -2.680213672128781 19.800284889015416 13853
29 -2.776589049716803 20.88358870105903 9534
30 -2.844276841171251 21.641677538265807 6762
31 -2.968987204510952 23.367721789252887 4611
32 -3.0006345177664975 24.621827008554714 3152
33 -3.204627949183303 27.743517602050062 2204
34 -3.1330182309250505 26.74732978292219 1481
35 -3.2463199214916583 29.027648380476545 1019
36 -3.3287101248266295 29.532726352865588 721
37 -3.4033264033264032 33.79158976664174 481
38 -3.4593023255813953 34.736715792320176 344
39 -3.7870722433460076 34.707513481472915 263
40 -3.7085714285714286 37.01792653061224 175
41 -3.379032258064516 35.21923777315297 124
42 -3.4473684210526314 33.85249307479224 76
43 -2.9454545454545453 33.65157024793389 55
44 -5.9 43.739999999999995 40
45 -4.379310344827586 48.028537455410216 29
46 -5.5 49.79545454545455 22
47 -5.647058823529412 51.87543252595156 17
48 -3.6666666666666665 69.33333333333333 9
49 -7.5 97.25 6
50 0.8 20.16 5
51 0.0 1.0 2
52 -2.5 14.25 4
53 -12.333333333333334 70.22222222222221 3
57 -10.0 0.0 1
