0 0 0
1 2.1255944453105777 0.0
2 2.300964760447768 0.0
3 2.550148588693388 -0.6665846546066768
4 2.7571555765639313 -0.8775819486494242
5 2.911828156912722 -1.0916278390065186
6 3.0252728938341744 -1.2553214028538713
7 3.1059462580814854 -1.4398819382332824
8 3.1650799479909506 -1.588763374331207
9 3.203291297599098 -1.750975874591796
10 3.229959717476502 -1.885871515885228
11 3.2472166288822866 -2.03375889735442
12 3.256899334221507 -2.1600391915977615
13 3.2620726346590954 -2.2978295043666255
14 3.2621841843015416 -2.423706734559511
15 3.2647665893379383 -2.550385763379364
16 3.25568578145587 -2.669953725412185
17 3.2673600528294218 -2.790941928598549
18 3.253911446720006 -2.8966741777794196
19 3.238404349755881 -3.01198289382956
20 3.2343330894903684 -3.1188491115597405
21 3.257020091987412 -3.2450832522234028
22 3.1884981237455277 -3.336488526731698
23 3.222395833333333 -3.4490912491816568
24 3.1777777777777776 -3.5928866164334408
25 3.221853388658368 -3.6960064935064936
26 3.16626213592233 -3.7932592732065524
27 3.1875 -3.9242022181397562
28 3.1632124352331608 -3.9490070851212455
29 3.1391752577319587 -4.081543818920488
30 3.1916817359855334 -4.1814285714285715
31 3.3043478260869565 -4.3296605122096485
32 3.2768595041322315 -4.390618149934239
33 3.47 -4.735955056179775
34 3.2941176470588234 -4.592730661696179
35 3.2045454545454546 -4.805745554035568
36 3.096774193548387 -4.8320610687022905
37 3.2264150943396226 -5.133720930232558
38 3.7586206896551726 -5.224489795918367
39 2.9411764705882355 -5.397905759162303
40 3.25 -5.053846153846154
41 2.9285714285714284 -5.267441860465116
42 2.25 -5.0
43 3.5 -4.6923076923076925
44 3.5 -7.424242424242424
45 2.0 -6.0476190476190474
46 4.0 -6.722222222222222
47 2.0 -7.384615384615385
48 0 -4.285714285714286
49 0 -8.8
50 4.5 -7.0
51 0 0.0
52 0 -6.0
53 0 -12.0
57 0 -10.0
