0 0.2301025390625
1 0.228485107421875
2 0.23077392578125
3 0.23138427734375
4 0.2318572998046875
5 0.22906494140625
6 0.2310638427734375
7 0.230224609375
8 0.2263336181640625
9 0.230133056640625
10 0.229156494140625
11 0.2316436767578125
12 0.231689453125
13 0.230133056640625
14 0.22900390625
15 0.2316131591796875
16 0.2282257080078125
17 0.2306365966796875
18 0.229827880859375
19 0.230926513671875
20 0.2343292236328125
21 0.2321929931640625
22 0.2304534912109375
23 0.2289886474609375
24 0.2308349609375
25 0.2284698486328125
26 0.2331085205078125
27 0.2297821044921875
28 0.2281646728515625
29 0.2283477783203125
30 0.2286834716796875
31 0.2326507568359375
32 0.2290802001953125
33 0.2306671142578125
34 0.231109619140625
35 0.2273101806640625
36 0.2318115234375
37 0.2315673828125
38 0.23052978515625
39 0.228668212890625
40 0.2303009033203125
41 0.2321014404296875
42 0.2287445068359375
43 0.2305755615234375
44 0.22930908203125
45 0.230804443359375
46 0.22967529296875
47 0.2291412353515625
48 0.231414794921875
49 0.23028564453125
50 0.2288970947265625
51 0.227081298828125
52 0.22772216796875
53 0.2295989990234375
54 0.23052978515625
55 0.22882080078125
56 0.22857666015625
57 0.2309417724609375
58 0.2313385009765625
59 0.23040771484375
60 0.22918701171875
61 0.230682373046875
62 0.2291107177734375
63 0.22589111328125
