0 261101640 0 0 0
1 142425818 261093490 39659031 261093490
2 69873720 142422723 34617920 142422723
3 43214367 69880200 24914749 104813853
4 27218213 43218034 16467506 73029483
5 17508746 27219422 10703020 50316149
6 11457037 17510741 6933832 34549771
7 7592252 11458908 4512939 23758750
8 5087897 7596518 2951794 16366052
9 3430660 5090239 1942395 11284493
10 2321531 3430124 1282442 7784402
11 1575638 2322166 852204 5372243
12 1075922 1577593 568207 3706917
13 733786 1075600 379681 2562963
14 502062 732713 255885 1769455
15 344326 501781 171993 1221863
16 235928 342901 116123 844524
17 162905 235610 78744 584694
18 111682 162997 53369 406065
19 77795 111858 36048 279899
20 53296 77415 24606 194667
21 36773 53051 16524 134591
22 24955 36931 11459 93391
23 17345 25140 7680 64154
24 11889 17356 5265 44592
25 8150 11856 3615 30800
26 5624 8186 2472 21244
27 3828 5596 1712 14697
28 2674 3893 1158 10021
29 1866 2644 776 6892
30 1309 1818 553 4900
31 885 1252 368 3358
32 629 865 242 2281
33 402 572 200 1602
34 289 393 119 1073
35 200 277 88 731
36 135 195 62 524
37 84 126 53 344
38 70 89 29 245
39 55 70 17 191
40 37 55 8 130
41 24 31 14 86
42 18 19 4 54
43 8 15 8 39
44 3 8 4 33
45 5 11 3 21
46 3 7 1 18
47 3 5 1 13
48 2 5 0 7
49 1 2 0 5
50 2 0 2 1
51 1 1 0 1
52 2 0 0 2
53 0 1 0 3
57 0 0 0 1
